frequency (GHz), flux (Jy/beam)
   3.43899310e+02  -2.84238416e-03
   3.43899798e+02   7.03640166e-04
   3.43900286e+02   1.20415213e-03
   3.43900774e+02  -5.75323706e-04
   3.43901263e+02  -4.45413170e-04
   3.43901751e+02   1.63448486e-03
   3.43902239e+02   2.58437078e-03
   3.43902728e+02   2.17135414e-03
   3.43903216e+02   1.63708057e-03
   3.43903704e+02  -1.14900630e-03
   3.43904193e+02  -3.97631340e-03
   3.43904681e+02  -2.03246786e-03
   3.43905169e+02   7.19849137e-04
   3.43905658e+02   7.85316399e-04
   3.43906146e+02   1.25471372e-04
   3.43906634e+02  -1.38812722e-03
   3.43907122e+02  -3.34297610e-03
   3.43907611e+02  -2.74371263e-03
   3.43908099e+02  -6.02473796e-04
   3.43908587e+02  -7.66902755e-04
   3.43909076e+02  -2.22861418e-03
   3.43909564e+02  -2.88753188e-03
   3.43910052e+02  -2.77014798e-03
   3.43910541e+02  -9.43694264e-04
   3.43911029e+02   1.93158316e-03
   3.43911517e+02   2.99053942e-03
   3.43912006e+02   3.03103123e-03
   3.43912494e+02   2.62935436e-03
   3.43912982e+02   1.13097392e-03
   3.43913470e+02  -1.09047338e-03
   3.43913959e+02  -3.18541680e-03
   3.43914447e+02  -3.75196198e-03
   3.43914935e+02  -2.91549461e-03
   3.43915424e+02  -2.25144392e-03
   3.43915912e+02  -2.31200131e-03
   3.43916400e+02  -2.39463639e-03
   3.43916889e+02  -6.05156063e-04
   3.43917377e+02   7.66525452e-04
   3.43917865e+02  -1.07237871e-03
   3.43918354e+02  -1.35892164e-03
   3.43918842e+02   5.53063292e-04
   3.43919330e+02   3.67838889e-04
   3.43919818e+02  -5.05047967e-04
   3.43920307e+02   3.82979517e-04
   3.43920795e+02   1.14876567e-03
   3.43921283e+02   6.87585969e-04
   3.43921772e+02   4.41575576e-05
   3.43922260e+02  -6.55309181e-04
   3.43922748e+02  -1.08487508e-03
   3.43923237e+02  -1.04496325e-03
   3.43923725e+02  -1.22360128e-03
   3.43924213e+02  -1.50061434e-03
   3.43924702e+02  -1.89763634e-03
   3.43925190e+02  -1.34239602e-03
   3.43925678e+02   9.02679982e-04
   3.43926166e+02   2.02236651e-03
   3.43926655e+02   3.15168116e-04
   3.43927143e+02  -1.70542556e-03
   3.43927631e+02  -1.51736673e-03
   3.43928120e+02   6.72590919e-04
   3.43928608e+02   1.85088988e-03
   3.43929096e+02   1.72433240e-04
   3.43929585e+02  -1.34539604e-03
   3.43930073e+02  -6.72625087e-04
   3.43930561e+02   1.03734958e-04
   3.43931050e+02   3.69498623e-04
   3.43931538e+02   7.28070736e-04
   3.43932026e+02   1.30095475e-04
   3.43932514e+02  -1.32118387e-03
   3.43933003e+02  -3.38232634e-03
   3.43933491e+02  -5.64799132e-03
   3.43933979e+02  -5.27102733e-03
   3.43934468e+02  -2.08091387e-03
   3.43934956e+02   1.75927402e-04
   3.43935444e+02   2.30830701e-05
   3.43935933e+02  -2.43728064e-05
   3.43936421e+02   5.24163304e-04
   3.43936909e+02   4.42718389e-04
   3.43937398e+02   9.04677203e-04
   3.43937886e+02   1.78743899e-03
   3.43938374e+02   1.91127113e-03
   3.43938863e+02   1.01819390e-03
   3.43939351e+02  -3.09063355e-04
   3.43939839e+02  -6.85224833e-04
   3.43940327e+02   6.88998771e-05
   3.43940816e+02   1.17109925e-03
   3.43941304e+02   3.18222167e-03
   3.43941792e+02   4.45124693e-03
   3.43942281e+02   1.86870899e-03
   3.43942769e+02  -2.02891626e-03
   3.43943257e+02  -3.17017036e-03
   3.43943746e+02  -2.25803046e-03
   3.43944234e+02  -1.72171043e-03
   3.43944722e+02  -1.44710485e-03
   3.43945211e+02  -4.17519113e-05
   3.43945699e+02   1.33737945e-03
   3.43946187e+02   2.65321636e-04
   3.43946675e+02  -1.52874039e-03
   3.43947164e+02  -1.63834577e-03
   3.43947652e+02  -7.03112921e-04
   3.43948140e+02   1.18723931e-03
   3.43948629e+02   2.85688811e-03
   3.43949117e+02   2.76028528e-03
   3.43949605e+02   2.64646113e-03
   3.43950094e+02   3.56324064e-03
   3.43950582e+02   3.15667177e-03
   3.43951070e+02   8.82677632e-05
   3.43951559e+02  -1.51176623e-03
   3.43952047e+02   3.12835327e-04
   3.43952535e+02   2.21647881e-03
   3.43953023e+02   1.93875155e-03
   3.43953512e+02   6.61085418e-04
   3.43954000e+02  -7.39786075e-04
   3.43954488e+02  -2.25051912e-03
   3.43954977e+02  -2.46136589e-03
   3.43955465e+02  -9.70807218e-04
   3.43955953e+02   5.24352305e-04
   3.43956442e+02   1.08747662e-03
   3.43956930e+02   3.03675566e-04
   3.43957418e+02  -1.40271022e-03
   3.43957907e+02  -2.07587355e-03
   3.43958395e+02  -1.63003185e-03
   3.43958883e+02  -1.42021407e-03
   3.43959371e+02  -1.81056152e-03
   3.43959860e+02  -1.09058840e-03
   3.43960348e+02  -2.79393105e-04
   3.43960836e+02  -1.08146318e-03
   3.43961325e+02  -1.24182925e-03
   3.43961813e+02  -1.18859299e-03
   3.43962301e+02  -1.93927181e-03
   3.43962790e+02  -1.77098310e-03
   3.43963278e+02  -1.19005679e-03
   3.43963766e+02  -1.71654345e-03
   3.43964255e+02  -2.52818945e-03
   3.43964743e+02  -2.84725428e-03
   3.43965231e+02  -2.03664345e-03
   3.43965719e+02  -6.30701950e-04
   3.43966208e+02   1.16205563e-04
   3.43966696e+02  -5.19273512e-04
   3.43967184e+02  -1.79021584e-03
   3.43967673e+02  -2.38385424e-03
   3.43968161e+02  -2.18809606e-03
   3.43968649e+02  -1.91753916e-03
   3.43969138e+02  -1.71865569e-03
   3.43969626e+02  -2.06320733e-03
   3.43970114e+02  -3.28499661e-03
   3.43970603e+02  -4.10645083e-03
   3.43971091e+02  -3.08233639e-03
   3.43971579e+02  -7.99886824e-04
   3.43972067e+02   1.33563026e-05
   3.43972556e+02  -1.47932456e-04
   3.43973044e+02   1.27977424e-03
   3.43973532e+02   1.59709039e-03
   3.43974021e+02  -5.05537202e-04
   3.43974509e+02  -2.05032597e-03
   3.43974997e+02  -1.95530476e-03
   3.43975486e+02  -3.90828820e-04
   3.43975974e+02   1.90852722e-03
   3.43976462e+02   4.34135972e-03
   3.43976951e+02   4.38412419e-03
   3.43977439e+02   1.15160435e-03
   3.43977927e+02  -1.22074049e-03
   3.43978416e+02  -3.43966065e-04
   3.43978904e+02   7.93771003e-04
   3.43979392e+02   6.83620805e-04
   3.43979880e+02   4.51997737e-04
   3.43980369e+02   6.49347785e-05
   3.43980857e+02  -5.81011816e-04
   3.43981345e+02  -1.16238615e-03
   3.43981834e+02  -1.04478968e-03
   3.43982322e+02  -1.09056849e-03
   3.43982810e+02  -3.29964590e-04
   3.43983299e+02   1.30289712e-03
   3.43983787e+02   2.08033645e-03
   3.43984275e+02   2.06517940e-03
   3.43984764e+02   1.79816876e-03
   3.43985252e+02   1.55938067e-03
   3.43985740e+02   1.44272204e-03
   3.43986228e+02   1.80863892e-03
   3.43986717e+02   1.54428603e-03
   3.43987205e+02   4.04831022e-04
   3.43987693e+02  -9.80617478e-05
   3.43988182e+02  -8.42560316e-04
   3.43988670e+02  -1.60865032e-03
   3.43989158e+02  -6.87109830e-04
   3.43989647e+02   8.49106989e-04
   3.43990135e+02   1.78496772e-03
   3.43990623e+02   1.77735661e-03
   3.43991112e+02   7.48561812e-04
   3.43991600e+02  -1.12400635e-03
   3.43992088e+02  -1.82418223e-03
   3.43992576e+02  -1.18521601e-03
   3.43993065e+02  -3.41711938e-03
   3.43993553e+02  -6.62769005e-03
   3.43994041e+02  -5.04648313e-03
   3.43994530e+02  -1.17987243e-03
   3.43995018e+02   5.52448269e-04
   3.43995506e+02   5.62559755e-04
   3.43995995e+02   9.40781902e-04
   3.43996483e+02   2.19061039e-03
   3.43996971e+02   2.16092658e-03
   3.43997460e+02   3.96796357e-04
   3.43997948e+02  -8.49522243e-04
   3.43998436e+02  -1.10829528e-03
   3.43998924e+02  -1.17237482e-03
   3.43999413e+02  -9.66406020e-04
   3.43999901e+02  -2.04285796e-04
   3.44000389e+02   6.10141607e-04
   3.44000878e+02   1.15313719e-03
   3.44001366e+02   9.28185822e-04
   3.44001854e+02   4.71652857e-05
   3.44002343e+02   7.43256460e-05
   3.44002831e+02   6.49130787e-04
   3.44003319e+02   4.65664954e-04
   3.44003808e+02  -8.70273070e-05
   3.44004296e+02  -1.42283586e-03
   3.44004784e+02  -3.58734000e-03
   3.44005272e+02  -4.63090884e-03
   3.44005761e+02  -2.82580755e-03
   3.44006249e+02   2.31561389e-05
   3.44006737e+02  -1.89882576e-05
   3.44007226e+02  -1.39608956e-03
   3.44007714e+02  -9.19014681e-04
   3.44008202e+02   2.61290406e-04
   3.44008691e+02   1.11284130e-03
   3.44009179e+02   1.73882116e-03
   3.44009667e+02   1.28403225e-03
   3.44010156e+02   9.83213424e-04
   3.44010644e+02   9.20062361e-04
   3.44011132e+02  -6.14486416e-05
   3.44011620e+02  -1.59229641e-03
   3.44012109e+02  -3.77970259e-03
   3.44012597e+02  -4.74804034e-03
   3.44013085e+02  -2.90119997e-03
   3.44013574e+02  -1.37837662e-03
   3.44014062e+02  -1.23326271e-03
   3.44014550e+02  -1.37942354e-03
   3.44015039e+02  -2.84017972e-03
   3.44015527e+02  -3.21876630e-03
   3.44016015e+02  -1.35182752e-03
   3.44016504e+02  -2.26945180e-04
   3.44016992e+02  -3.93506867e-04
   3.44017480e+02  -4.61248361e-04
   3.44017969e+02  -7.00150442e-04
   3.44018457e+02  -7.63063494e-04
   3.44018945e+02  -2.24885898e-05
   3.44019433e+02   8.51420569e-04
   3.44019922e+02   5.89105010e-04
   3.44020410e+02  -1.33054482e-03
   3.44020898e+02  -3.07602366e-03
   3.44021387e+02  -2.40638712e-03
   3.44021875e+02  -6.13963406e-04
   3.44022363e+02   4.00456513e-04
   3.44022852e+02  -5.41046538e-05
   3.44023340e+02  -1.32996682e-03
   3.44023828e+02  -1.43814075e-03
   3.44024317e+02  -5.24785835e-04
   3.44024805e+02   7.63970966e-05
   3.44025293e+02   2.84590933e-04
   3.44025781e+02  -6.48345798e-04
   3.44026270e+02  -1.70543091e-03
   3.44026758e+02  -8.28082993e-05
   3.44027246e+02   2.58635217e-03
   3.44027735e+02   3.12254182e-03
   3.44028223e+02   3.98575189e-03
   3.44028711e+02   6.99446816e-03
   3.44029200e+02   7.99257122e-03
   3.44029688e+02   5.56199485e-03
   3.44030176e+02   4.16772068e-03
   3.44030665e+02   4.81559709e-03
   3.44031153e+02   4.43698885e-03
   3.44031641e+02   2.68158689e-03
   3.44032129e+02  -7.04633785e-05
   3.44032618e+02  -2.56108353e-03
   3.44033106e+02  -1.44795363e-03
   3.44033594e+02   6.06541289e-04
   3.44034083e+02   6.99982687e-04
   3.44034571e+02   1.53616362e-03
   3.44035059e+02   3.36998119e-03
   3.44035548e+02   4.05366858e-03
   3.44036036e+02   2.40469235e-03
   3.44036524e+02  -3.03651759e-04
   3.44037013e+02  -1.22254482e-03
   3.44037501e+02  -1.52373035e-03
   3.44037989e+02  -2.43434636e-03
   3.44038477e+02  -1.99387013e-03
   3.44038966e+02  -9.35797230e-04
   3.44039454e+02  -2.10686680e-03
   3.44039942e+02  -3.53659154e-03
   3.44040431e+02  -2.23725080e-03
   3.44040919e+02   5.45996707e-04
   3.44041407e+02   1.75177271e-03
   3.44041896e+02   1.58924330e-03
   3.44042384e+02   2.44190660e-03
   3.44042872e+02   3.35195614e-03
   3.44043361e+02   2.23833462e-03
   3.44043849e+02   4.67341539e-04
   3.44044337e+02  -5.84752066e-04
   3.44044825e+02  -7.99890258e-04
   3.44045314e+02   5.03146621e-05
   3.44045802e+02   1.23514025e-03
   3.44046290e+02   1.83578231e-03
   3.44046779e+02   1.12670043e-03
   3.44047267e+02  -4.06735053e-04
   3.44047755e+02  -1.50962139e-03
   3.44048244e+02  -1.23023440e-03
   3.44048732e+02  -6.48811983e-04
   3.44049220e+02  -6.22803811e-04
   3.44049709e+02  -3.48655303e-04
   3.44050197e+02   1.25495339e-04
   3.44050685e+02   3.71051603e-04
   3.44051173e+02  -4.42168763e-04
   3.44051662e+02  -1.67740928e-03
   3.44052150e+02  -1.05308101e-03
   3.44052638e+02   1.04321101e-04
   3.44053127e+02   4.82054602e-04
   3.44053615e+02   1.08410977e-03
   3.44054103e+02   1.79837272e-03
   3.44054592e+02   1.59653567e-03
   3.44055080e+02   1.13980938e-03
   3.44055568e+02   1.52516644e-03
   3.44056057e+02   1.47758215e-03
   3.44056545e+02   5.96777245e-04
   3.44057033e+02  -2.10365411e-04
   3.44057522e+02  -1.62517314e-03
   3.44058010e+02  -2.96726194e-03
   3.44058498e+02  -2.75464077e-03
   3.44058986e+02  -1.98322115e-03
   3.44059475e+02  -6.97517709e-04
   3.44059963e+02   4.12565918e-04
   3.44060451e+02  -1.65467936e-04
   3.44060940e+02  -2.61841167e-04
   3.44061428e+02   5.88533760e-04
   3.44061916e+02   5.24372794e-04
   3.44062405e+02  -3.17023048e-04
   3.44062893e+02  -1.47071399e-03
   3.44063381e+02  -1.64612394e-03
   3.44063870e+02  -1.31668302e-03
   3.44064358e+02  -8.18528701e-04
   3.44064846e+02   2.42728565e-04
   3.44065334e+02  -8.39899876e-04
   3.44065823e+02  -2.96763075e-03
   3.44066311e+02  -1.69471046e-03
   3.44066799e+02   1.15062750e-03
   3.44067288e+02   1.21709646e-03
   3.44067776e+02   3.44320957e-04
   3.44068264e+02   7.79322756e-04
   3.44068753e+02   1.32385595e-03
   3.44069241e+02   1.45612448e-03
   3.44069729e+02   1.32566458e-03
   3.44070218e+02   3.03929352e-04
   3.44070706e+02   2.54866842e-04
   3.44071194e+02   1.96673418e-03
   3.44071682e+02   2.65507377e-03
   3.44072171e+02   1.19014084e-03
   3.44072659e+02  -1.46568241e-03
   3.44073147e+02  -2.06212141e-03
   3.44073636e+02  -1.78561977e-03
   3.44074124e+02  -3.10412142e-04
   3.44074612e+02   1.44712976e-03
   3.44075101e+02   1.43429823e-03
   3.44075589e+02   1.08972006e-03
   3.44076077e+02   7.18497962e-04
   3.44076566e+02  -3.07658484e-04
   3.44077054e+02  -4.82144387e-04
   3.44077542e+02   1.05628720e-03
   3.44078030e+02   2.93690641e-03
   3.44078519e+02   2.79787811e-03
   3.44079007e+02   1.52364431e-03
   3.44079495e+02   1.49585202e-03
   3.44079984e+02   1.47660123e-03
   3.44080472e+02   4.17341595e-04
   3.44080960e+02  -8.94015713e-04
   3.44081449e+02  -1.44760520e-03
   3.44081937e+02  -1.68956106e-03
   3.44082425e+02  -2.15642084e-03
   3.44082914e+02  -1.43918907e-03
   3.44083402e+02   3.52037518e-04
   3.44083890e+02   1.50966505e-03
   3.44084378e+02   1.65269396e-03
   3.44084867e+02   3.81457648e-04
   3.44085355e+02  -7.26823870e-04
   3.44085843e+02  -6.15607889e-04
   3.44086332e+02  -7.14547990e-04
   3.44086820e+02  -4.08672116e-04
   3.44087308e+02   8.18029730e-05
   3.44087797e+02  -9.32179973e-04
   3.44088285e+02  -1.67946261e-03
   3.44088773e+02  -7.86764314e-04
   3.44089262e+02   4.36622155e-04
   3.44089750e+02   5.06056880e-04
   3.44090238e+02  -6.99631230e-04
   3.44090726e+02  -1.20122754e-03
   3.44091215e+02  -6.58857287e-04
   3.44091703e+02  -9.31498362e-04
   3.44092191e+02  -8.75925878e-04
   3.44092680e+02   1.14666007e-03
   3.44093168e+02   1.65112538e-03
   3.44093656e+02  -8.07417848e-04
   3.44094145e+02  -2.00759317e-03
   3.44094633e+02  -1.10802404e-03
   3.44095121e+02  -4.86888021e-04
   3.44095610e+02  -2.09249178e-04
   3.44096098e+02   1.86172183e-05
   3.44096586e+02  -2.58991640e-05
   3.44097075e+02  -1.25568360e-04
   3.44097563e+02   6.34604876e-05
   3.44098051e+02   5.42261754e-04
   3.44098539e+02   2.53415620e-03
   3.44099028e+02   4.44886135e-03
   3.44099516e+02   2.93562096e-03
   3.44100004e+02   8.75923375e-04
   3.44100493e+02   1.30984175e-03
   3.44100981e+02   2.36465223e-03
   3.44101469e+02   2.72140256e-03
   3.44101958e+02   1.98193616e-03
   3.44102446e+02  -7.32226647e-04
   3.44102934e+02  -3.24424962e-03
   3.44103423e+02  -2.77700066e-03
   3.44103911e+02  -1.27832266e-03
   3.44104399e+02  -1.23154954e-03
   3.44104887e+02  -1.19651295e-03
   3.44105376e+02  -8.63454770e-04
   3.44105864e+02  -5.58619387e-04
   3.44106352e+02  -5.57436506e-05
   3.44106841e+02  -5.39087283e-04
   3.44107329e+02  -5.81625209e-04
   3.44107817e+02   8.45615286e-04
   3.44108306e+02   1.24988658e-03
   3.44108794e+02  -1.08709683e-04
   3.44109282e+02  -6.03980094e-04
   3.44109771e+02   1.08304856e-04
   3.44110259e+02   6.33585732e-04
   3.44110747e+02   4.04343096e-04
   3.44111235e+02  -1.10925408e-03
   3.44111724e+02  -2.70014280e-03
   3.44112212e+02  -2.28031259e-03
   3.44112700e+02   8.03484116e-04
   3.44113189e+02   2.54922942e-03
   3.44113677e+02   8.76325648e-04
   3.44114165e+02   5.68856649e-06
   3.44114654e+02   4.63354809e-04
   3.44115142e+02   9.29436646e-04
   3.44115630e+02   1.69789291e-03
   3.44116119e+02   1.24110421e-03
   3.44116607e+02   1.10021079e-04
   3.44117095e+02   2.14450658e-04
   3.44117583e+02   1.00590580e-03
   3.44118072e+02   1.73375302e-03
   3.44118560e+02   2.25274451e-03
   3.44119048e+02   3.12142330e-03
   3.44119537e+02   3.24987830e-03
   3.44120025e+02   1.93133252e-03
   3.44120513e+02   1.35811989e-03
   3.44121002e+02   8.44349386e-04
   3.44121490e+02  -7.89051410e-04
   3.44121978e+02  -1.80538790e-03
   3.44122467e+02  -2.13964842e-03
   3.44122955e+02  -1.94217684e-03
   3.44123443e+02  -1.09195895e-03
   3.44123931e+02  -8.20677669e-04
   3.44124420e+02  -1.86394900e-03
   3.44124908e+02  -3.13716335e-03
   3.44125396e+02  -3.37857939e-03
   3.44125885e+02  -2.26224866e-03
   3.44126373e+02  -2.44496186e-04
   3.44126861e+02   2.02125357e-03
   3.44127350e+02   3.46136978e-03
   3.44127838e+02   3.49095301e-03
   3.44128326e+02   1.72412640e-03
   3.44128815e+02  -8.52257013e-04
   3.44129303e+02  -2.34510959e-03
   3.44129791e+02  -2.32788152e-03
   3.44130279e+02  -1.12280587e-03
   3.44130768e+02   1.99299218e-04
   3.44131256e+02   1.35566879e-04
   3.44131744e+02   6.21105137e-04
   3.44132233e+02   7.14041598e-05
   3.44132721e+02  -1.49360218e-03
   3.44133209e+02  -1.04886317e-03
   3.44133698e+02   1.20361196e-03
   3.44134186e+02   3.36767989e-03
   3.44134674e+02   3.20303254e-03
   3.44135163e+02   9.92035959e-04
   3.44135651e+02  -6.05086447e-04
   3.44136139e+02  -5.76235063e-04
   3.44136628e+02  -7.40905525e-05
   3.44137116e+02  -3.13716562e-04
   3.44137604e+02  -4.41023905e-04
   3.44138092e+02   3.49111389e-04
   3.44138581e+02   1.20579265e-03
   3.44139069e+02   1.04192237e-03
   3.44139557e+02  -3.15057434e-04
   3.44140046e+02  -1.90104794e-04
   3.44140534e+02   1.76369958e-03
   3.44141022e+02   1.82813278e-03
   3.44141511e+02   1.95178756e-04
   3.44141999e+02  -4.46270511e-04
   3.44142487e+02   6.51762413e-04
   3.44142976e+02   1.70938880e-03
   3.44143464e+02   9.18426143e-04
   3.44143952e+02  -7.34170084e-04
   3.44144440e+02  -1.48462283e-03
   3.44144929e+02  -8.51536926e-04
   3.44145417e+02   1.50511958e-04
   3.44145905e+02   1.18271397e-04
   3.44146394e+02  -4.18917014e-04
   3.44146882e+02  -4.69781207e-06
   3.44147370e+02   5.37603046e-04
   3.44147859e+02  -3.08842049e-04
   3.44148347e+02  -2.80356413e-04
   3.44148835e+02   1.05947314e-03
   3.44149324e+02   4.16662224e-04
   3.44149812e+02  -9.50130576e-04
   3.44150300e+02  -5.10794553e-06
   3.44150788e+02   1.86661538e-03
   3.44151277e+02   1.91725837e-03
   3.44151765e+02  -7.52833585e-05
   3.44152253e+02  -1.74811494e-03
   3.44152742e+02  -1.40810257e-03
   3.44153230e+02  -5.02647425e-04
   3.44153718e+02  -1.63152043e-04
   3.44154207e+02   1.77426889e-04
   3.44154695e+02   2.74659658e-04
   3.44155183e+02  -2.66079180e-04
   3.44155672e+02  -4.95994173e-04
   3.44156160e+02  -6.56553893e-04
   3.44156648e+02  -1.01973373e-03
   3.44157136e+02  -5.11280086e-05
   3.44157625e+02   1.63952901e-03
   3.44158113e+02   2.46877363e-03
   3.44158601e+02   2.24794797e-03
   3.44159090e+02   7.83623545e-04
   3.44159578e+02  -5.21629641e-04
   3.44160066e+02  -2.15959619e-04
   3.44160555e+02   1.34266762e-03
   3.44161043e+02   2.24403478e-03
   3.44161531e+02   1.71269628e-03
   3.44162020e+02   2.09393539e-03
   3.44162508e+02   3.91020020e-03
   3.44162996e+02   4.98943496e-03
   3.44163484e+02   3.72695341e-03
   3.44163973e+02   1.86399056e-03
   3.44164461e+02   2.11094436e-03
   3.44164949e+02   2.73681059e-03
   3.44165438e+02   1.61199295e-03
   3.44165926e+02   1.37400744e-03
   3.44166414e+02   2.68769916e-03
   3.44166903e+02   2.43640342e-03
   3.44167391e+02   1.26940606e-03
   3.44167879e+02   1.05558860e-03
   3.44168368e+02   3.73092422e-04
   3.44168856e+02  -2.89658987e-04
   3.44169344e+02  -3.97745869e-04
   3.44169832e+02  -9.99546028e-04
   3.44170321e+02  -1.93628320e-03
   3.44170809e+02  -1.84932246e-03
   3.44171297e+02  -1.21959439e-03
   3.44171786e+02  -1.44811650e-03
   3.44172274e+02  -2.09171930e-03
   3.44172762e+02  -3.13881901e-03
   3.44173251e+02  -4.77781333e-03
   3.44173739e+02  -4.45681065e-03
   3.44174227e+02  -1.38369040e-03
   3.44174716e+02   6.01157779e-04
   3.44175204e+02   2.78198677e-05
   3.44175692e+02   9.02177882e-04
   3.44176181e+02   2.57262471e-03
   3.44176669e+02   1.51923753e-03
   3.44177157e+02   3.03528184e-04
   3.44177645e+02   7.01944518e-05
   3.44178134e+02   2.84022972e-04
   3.44178622e+02   1.54622586e-03
   3.44179110e+02   2.41464330e-03
   3.44179599e+02   1.93539402e-03
   3.44180087e+02   1.49744342e-03
   3.44180575e+02   1.89639092e-03
   3.44181064e+02   2.10294640e-03
   3.44181552e+02   1.10618724e-03
   3.44182040e+02  -6.65437605e-04
   3.44182529e+02  -9.22191655e-04
   3.44183017e+02   1.20211596e-04
   3.44183505e+02   1.22529501e-03
   3.44183993e+02   2.37381808e-03
   3.44184482e+02   3.43057560e-03
   3.44184970e+02   4.88842744e-03
   3.44185458e+02   5.84348291e-03
   3.44185947e+02   5.28272754e-03
   3.44186435e+02   4.21023089e-03
   3.44186923e+02   3.28725250e-03
   3.44187412e+02   1.78490789e-03
   3.44187900e+02  -4.44899255e-04
   3.44188388e+02  -2.03520921e-03
   3.44188877e+02  -1.98229356e-03
   3.44189365e+02  -1.20955729e-03
   3.44189853e+02  -1.20367412e-03
   3.44190341e+02  -1.04491890e-03
   3.44190830e+02  -7.99451314e-04
   3.44191318e+02  -4.56739304e-04
   3.44191806e+02   6.37961566e-05
   3.44192295e+02   1.79838412e-03
   3.44192783e+02   4.59653139e-03
   3.44193271e+02   5.17554348e-03
   3.44193760e+02   3.62611399e-03
   3.44194248e+02   1.88005657e-03
   3.44194736e+02   8.49376083e-04
   3.44195225e+02   6.85889681e-04
   3.44195713e+02   6.13440759e-04
   3.44196201e+02   6.20034349e-04
   3.44196689e+02   9.04153683e-04
   3.44197178e+02   1.77657430e-03
   3.44197666e+02   2.81970389e-03
   3.44198154e+02   2.43454287e-03
   3.44198643e+02   2.71651172e-03
   3.44199131e+02   4.17558476e-03
   3.44199619e+02   2.12067552e-03
   3.44200108e+02  -2.04127515e-03
   3.44200596e+02  -3.85565241e-03
   3.44201084e+02  -3.77440220e-03
   3.44201573e+02  -1.35978451e-03
   3.44202061e+02   3.12860729e-03
   3.44202549e+02   4.27081622e-03
   3.44203037e+02   1.13388663e-03
   3.44203526e+02   1.03920966e-03
   3.44204014e+02   4.09897650e-03
   3.44204502e+02   3.51931155e-03
   3.44204991e+02  -3.27325775e-04
   3.44205479e+02  -1.75004546e-03
   3.44205967e+02  -4.73485154e-04
   3.44206456e+02   8.00924259e-04
   3.44206944e+02   1.55630568e-03
   3.44207432e+02   1.69726228e-03
   3.44207921e+02   1.10836548e-03
   3.44208409e+02   2.21767987e-04
   3.44208897e+02  -3.84146668e-04
   3.44209385e+02  -1.55087502e-03
   3.44209874e+02  -3.00476351e-03
   3.44210362e+02  -2.87032290e-03
   3.44210850e+02  -2.78425723e-04
   3.44211339e+02   1.96227804e-03
   3.44211827e+02   1.41332217e-03
   3.44212315e+02   4.41393058e-04
   3.44212804e+02   2.49119439e-05
   3.44213292e+02  -1.58431020e-03
   3.44213780e+02  -3.17469775e-03
   3.44214269e+02  -3.04757827e-03
   3.44214757e+02  -1.98636181e-03
   3.44215245e+02  -1.08478009e-03
   3.44215734e+02  -1.19278417e-03
   3.44216222e+02  -1.61250099e-03
   3.44216710e+02   3.22602515e-04
   3.44217198e+02   2.02402472e-03
   3.44217687e+02   9.08234739e-04
   3.44218175e+02   1.75711844e-04
   3.44218663e+02   3.67712608e-04
   3.44219152e+02   1.08717801e-03
   3.44219640e+02   1.32800371e-03
   3.44220128e+02   2.87476025e-04
   3.44220617e+02  -1.39385884e-04
   3.44221105e+02  -3.90331290e-04
   3.44221593e+02   6.80340803e-04
   3.44222082e+02   2.35384773e-03
   3.44222570e+02   1.36540155e-03
   3.44223058e+02  -7.17636431e-04
   3.44223546e+02  -2.06569629e-03
   3.44224035e+02  -1.52888976e-03
   3.44224523e+02   7.22853991e-04
   3.44225011e+02   2.42730533e-03
   3.44225500e+02   2.28991942e-03
   3.44225988e+02   1.46190880e-03
   3.44226476e+02   7.41510245e-04
   3.44226965e+02  -1.50535270e-04
   3.44227453e+02  -9.16730496e-04
   3.44227941e+02  -1.28354016e-03
   3.44228430e+02  -1.63423654e-03
   3.44228918e+02  -1.14407716e-03
   3.44229406e+02   6.69881352e-04
   3.44229894e+02   1.44430844e-03
   3.44230383e+02   4.22276760e-04
   3.44230871e+02  -1.66403048e-03
   3.44231359e+02  -3.55892931e-03
   3.44231848e+02  -4.81489114e-03
   3.44232336e+02  -4.57477430e-03
   3.44232824e+02  -1.35644618e-03
   3.44233313e+02   1.76883396e-03
   3.44233801e+02   1.41113705e-03
   3.44234289e+02  -5.73428406e-04
   3.44234778e+02  -2.20602285e-03
   3.44235266e+02  -3.06318467e-03
   3.44235754e+02  -1.80156773e-03
   3.44236242e+02  -9.17489524e-04
   3.44236731e+02  -1.91770669e-03
   3.44237219e+02  -1.40387996e-03
   3.44237707e+02   1.05654390e-03
   3.44238196e+02   2.02441169e-03
   3.44238684e+02   6.76646712e-04
   3.44239172e+02  -4.35443246e-04
   3.44239661e+02   3.01374763e-04
   3.44240149e+02   2.19237222e-03
   3.44240637e+02   2.82325177e-03
   3.44241126e+02   1.81797671e-03
   3.44241614e+02   8.96868820e-04
   3.44242102e+02  -2.48992146e-04
   3.44242590e+02  -2.40733661e-03
   3.44243079e+02  -3.20693525e-03
   3.44243567e+02  -1.49301626e-03
   3.44244055e+02   3.41976236e-04
   3.44244544e+02   1.10982091e-03
   3.44245032e+02   1.61697343e-03
   3.44245520e+02   2.19569029e-03
   3.44246009e+02   1.02167763e-03
   3.44246497e+02  -1.29492243e-03
   3.44246985e+02  -1.06811151e-03
   3.44247474e+02  -2.80030799e-04
   3.44247962e+02   1.27953434e-04
   3.44248450e+02   1.89588743e-03
   3.44248938e+02   1.29701931e-03
   3.44249427e+02  -6.83725637e-04
   3.44249915e+02  -2.58287095e-04
   3.44250403e+02   6.95680443e-04
   3.44250892e+02  -8.89375922e-04
   3.44251380e+02  -2.15760479e-03
   3.44251868e+02  -9.00055573e-04
   3.44252357e+02   9.06471745e-04
   3.44252845e+02   3.10604251e-03
   3.44253333e+02   4.04352974e-03
   3.44253822e+02   2.36620614e-03
   3.44254310e+02   1.51649921e-03
   3.44254798e+02   1.96320703e-03
   3.44255286e+02   1.29819359e-03
   3.44255775e+02  -9.37569246e-04
   3.44256263e+02  -3.10292863e-03
   3.44256751e+02  -1.70581788e-03
   3.44257240e+02   2.69627315e-03
   3.44257728e+02   4.57127579e-03
   3.44258216e+02   1.91092782e-03
   3.44258705e+02   9.90873436e-04
   3.44259193e+02   2.56765564e-03
   3.44259681e+02   1.34735124e-03
   3.44260170e+02  -4.10942215e-04
   3.44260658e+02  -2.67509924e-04
   3.44261146e+02  -1.49144876e-06
   3.44261635e+02   1.43278972e-04
   3.44262123e+02  -2.14290194e-05
   3.44262611e+02   1.77914510e-04
   3.44263099e+02   1.38415067e-04
   3.44263588e+02  -5.13564504e-04
   3.44264076e+02  -8.55037477e-04
   3.44264564e+02  -1.82427198e-03
   3.44265053e+02  -2.75708362e-03
   3.44265541e+02  -1.17155048e-03
   3.44266029e+02   9.87741048e-04
   3.44266518e+02   1.62724941e-03
   3.44267006e+02   2.75635207e-03
   3.44267494e+02   3.63758416e-03
   3.44267983e+02   1.58350228e-03
   3.44268471e+02  -7.36375630e-04
   3.44268959e+02  -3.22874897e-04
   3.44269447e+02  -5.75826212e-04
   3.44269936e+02  -2.64005130e-03
   3.44270424e+02  -3.33651272e-03
   3.44270912e+02  -1.86064409e-03
   3.44271401e+02   4.99079935e-04
   3.44271889e+02   6.59102632e-04
   3.44272377e+02  -7.93743413e-04
   3.44272866e+02  -6.29387039e-04
   3.44273354e+02   5.73002444e-06
   3.44273842e+02  -2.04799420e-04
   3.44274331e+02  -8.17025546e-04
   3.44274819e+02  -1.53240841e-03
   3.44275307e+02  -8.52636760e-04
   3.44275795e+02   1.18149503e-03
   3.44276284e+02   1.92603213e-03
   3.44276772e+02   1.30754116e-03
   3.44277260e+02  -1.17199357e-04
   3.44277749e+02  -1.58997858e-03
   3.44278237e+02  -5.71843353e-04
   3.44278725e+02   1.36838877e-03
   3.44279214e+02   1.46581349e-03
   3.44279702e+02   9.26203153e-04
   3.44280190e+02   9.58627905e-04
   3.44280679e+02   9.38657555e-04
   3.44281167e+02  -2.73945887e-04
   3.44281655e+02  -1.54753297e-03
   3.44282143e+02  -2.07534549e-03
   3.44282632e+02  -1.81127049e-03
   3.44283120e+02  -3.68303678e-04
   3.44283608e+02   1.22909038e-03
   3.44284097e+02   2.67590932e-03
   3.44284585e+02   2.77930545e-03
   3.44285073e+02   1.24261412e-03
   3.44285562e+02   1.18092017e-03
   3.44286050e+02   1.78951258e-03
   3.44286538e+02   7.37502240e-04
   3.44287027e+02   1.74069661e-04
   3.44287515e+02   9.83178965e-04
   3.44288003e+02   7.81762879e-04
   3.44288491e+02  -7.76629779e-04
   3.44288980e+02  -1.09047419e-03
   3.44289468e+02   3.13227822e-04
   3.44289956e+02   4.82750067e-04
   3.44290445e+02  -5.44903218e-04
   3.44290933e+02  -4.64501994e-04
   3.44291421e+02  -5.88978466e-04
   3.44291910e+02  -1.91364065e-03
   3.44292398e+02  -2.69201491e-03
   3.44292886e+02  -2.32851203e-03
   3.44293375e+02  -1.52745238e-03
   3.44293863e+02  -7.49877363e-04
   3.44294351e+02  -1.17923005e-03
   3.44294839e+02  -2.83816527e-03
   3.44295328e+02  -3.75074963e-03
   3.44295816e+02  -3.63688497e-03
   3.44296304e+02  -2.58130534e-03
   3.44296793e+02  -1.47131190e-03
   3.44297281e+02  -9.12858290e-04
   3.44297769e+02   3.49367561e-04
   3.44298258e+02   1.79665955e-03
   3.44298746e+02   1.37453957e-03
   3.44299234e+02  -1.43561772e-06
   3.44299723e+02  -1.69220520e-03
   3.44300211e+02  -2.38356064e-03
   3.44300699e+02  -1.03165046e-03
   3.44301188e+02   4.58245311e-04
   3.44301676e+02   1.05333305e-03
   3.44302164e+02   1.00633944e-03
   3.44302652e+02   8.75685189e-04
   3.44303141e+02   9.82667203e-04
   3.44303629e+02   6.59896526e-04
   3.44304117e+02   8.68963194e-04
   3.44304606e+02   1.23163965e-03
   3.44305094e+02   7.27034756e-04
   3.44305582e+02   7.45607656e-04
   3.44306071e+02   1.13440270e-03
   3.44306559e+02   2.78152875e-04
   3.44307047e+02  -1.41402055e-03
   3.44307536e+02  -2.05295347e-03
   3.44308024e+02  -1.47877506e-03
   3.44308512e+02  -7.58410140e-04
   3.44309000e+02  -3.95839044e-04
   3.44309489e+02  -8.90139781e-04
   3.44309977e+02  -1.64355128e-03
   3.44310465e+02  -8.24801158e-04
   3.44310954e+02   9.11564799e-04
   3.44311442e+02   9.78299649e-04
   3.44311930e+02  -2.75986589e-04
   3.44312419e+02   1.03822960e-04
   3.44312907e+02   2.26462819e-03
   3.44313395e+02   2.72247195e-03
   3.44313884e+02   4.74215223e-04
   3.44314372e+02  -1.26625411e-03
   3.44314860e+02  -1.06512429e-03
   3.44315348e+02  -4.91046580e-04
   3.44315837e+02  -4.07497399e-04
   3.44316325e+02   3.42175743e-04
   3.44316813e+02   1.47379725e-03
   3.44317302e+02   2.67883934e-06
   3.44317790e+02  -2.21458962e-03
   3.44318278e+02  -1.99437025e-03
   3.44318767e+02  -6.94347778e-04
   3.44319255e+02   1.57120157e-04
   3.44319743e+02   8.64435337e-04
   3.44320232e+02   1.26876624e-03
   3.44320720e+02   1.30945689e-03
   3.44321208e+02   6.56203774e-04
   3.44321696e+02  -8.29941942e-04
   3.44322185e+02  -2.15975917e-03
   3.44322673e+02  -5.54236991e-04
   3.44323161e+02   2.94784480e-03
   3.44323650e+02   3.92332906e-03
   3.44324138e+02   2.33759638e-03
   3.44324626e+02   1.16284902e-03
   3.44325115e+02   1.58357713e-03
   3.44325603e+02   3.10440455e-03
   3.44326091e+02   3.41158896e-03
   3.44326580e+02   3.70982598e-04
   3.44327068e+02  -2.43319338e-03
   3.44327556e+02  -6.68547815e-04
   3.44328044e+02   2.88113393e-03
   3.44328533e+02   4.09848429e-03
   3.44329021e+02   3.25607765e-03
   3.44329509e+02   9.93057853e-04
   3.44329998e+02  -4.92222665e-04
   3.44330486e+02   1.19270361e-03
   3.44330974e+02   2.53701839e-03
   3.44331463e+02   2.31311278e-04
   3.44331951e+02  -3.24665289e-03
   3.44332439e+02  -4.06583631e-03
   3.44332928e+02  -2.34240969e-03
   3.44333416e+02  -6.87909254e-04
   3.44333904e+02   3.04565852e-04
   3.44334392e+02  -6.52151139e-05
   3.44334881e+02  -1.67295674e-03
   3.44335369e+02  -2.04237131e-03
   3.44335857e+02  -8.93614106e-06
   3.44336346e+02   2.48799915e-03
   3.44336834e+02   3.16047599e-03
   3.44337322e+02   3.15375975e-03
   3.44337811e+02   3.60793737e-03
   3.44338299e+02   2.98523507e-03
   3.44338787e+02   1.46756740e-03
   3.44339276e+02   1.09491579e-03
   3.44339764e+02   1.28819328e-03
   3.44340252e+02   7.73213804e-04
   3.44340741e+02   8.58091400e-04
   3.44341229e+02   1.35177735e-03
   3.44341717e+02   1.66058016e-04
   3.44342205e+02  -2.02780822e-03
   3.44342694e+02  -2.61176843e-03
   3.44343182e+02  -1.47019769e-03
   3.44343670e+02   2.47952528e-04
   3.44344159e+02   2.18964787e-03
   3.44344647e+02   1.95123930e-03
   3.44345135e+02   2.49367091e-04
   3.44345624e+02   7.66770216e-04
   3.44346112e+02   1.29867590e-03
   3.44346600e+02   4.53570974e-04
   3.44347089e+02  -1.03469261e-04
   3.44347577e+02  -1.11146108e-03
   3.44348065e+02  -2.06346344e-03
   3.44348553e+02  -2.43011396e-03
   3.44349042e+02  -1.79252529e-03
   3.44349530e+02  -4.76560555e-04
   3.44350018e+02  -3.32653981e-05
   3.44350507e+02   1.12728460e-03
   3.44350995e+02   3.05619580e-03
   3.44351483e+02   2.13078712e-03
   3.44351972e+02  -2.87213887e-04
   3.44352460e+02  -4.93939093e-04
   3.44352948e+02   1.12093985e-03
   3.44353437e+02   2.23518559e-03
   3.44353925e+02   1.46646006e-03
   3.44354413e+02  -9.23750282e-04
   3.44354901e+02  -3.42024746e-03
   3.44355390e+02  -3.71748768e-03
   3.44355878e+02  -2.67887395e-03
   3.44356366e+02  -1.97171234e-03
   3.44356855e+02  -1.79542345e-03
   3.44357343e+02  -1.48872251e-03
   3.44357831e+02  -6.67325687e-04
   3.44358320e+02   5.71676297e-04
   3.44358808e+02   1.23346038e-03
   3.44359296e+02  -2.28003613e-04
   3.44359785e+02  -2.98433378e-03
   3.44360273e+02  -3.83178866e-03
   3.44360761e+02  -3.41531844e-03
   3.44361249e+02  -3.47362203e-03
   3.44361738e+02  -1.51291525e-03
   3.44362226e+02   8.42349604e-04
   3.44362714e+02  -3.74151103e-04
   3.44363203e+02  -1.12424465e-03
   3.44363691e+02  -5.65627124e-05
   3.44364179e+02  -1.18693139e-03
   3.44364668e+02  -3.47036333e-03
   3.44365156e+02  -3.65438522e-03
   3.44365644e+02  -2.65579112e-03
   3.44366133e+02  -3.97141092e-03
   3.44366621e+02  -4.79676528e-03
   3.44367109e+02  -1.98457879e-03
   3.44367597e+02   1.33628061e-03
   3.44368086e+02   2.16883910e-03
   3.44368574e+02   7.57460948e-04
   3.44369062e+02  -4.32953180e-04
   3.44369551e+02   5.85750327e-04
   3.44370039e+02   2.36680871e-03
   3.44370527e+02   2.46360875e-03
   3.44371016e+02   1.14892668e-03
   3.44371504e+02   8.15219209e-06
   3.44371992e+02  -3.63216590e-04
   3.44372481e+02   3.94795672e-04
   3.44372969e+02   9.76766110e-04
   3.44373457e+02  -5.78103587e-04
   3.44373945e+02  -2.75865826e-03
   3.44374434e+02  -3.23603605e-03
   3.44374922e+02  -2.91945133e-03
   3.44375410e+02  -2.92440108e-03
   3.44375899e+02  -4.45494865e-04
   3.44376387e+02   3.84209328e-03
   3.44376875e+02   5.88412536e-03
   3.44377364e+02   5.23263169e-03
   3.44377852e+02   3.21163167e-03
   3.44378340e+02   1.22225389e-03
   3.44378829e+02   1.66015612e-04
   3.44379317e+02  -2.47302552e-04
   3.44379805e+02  -1.36477186e-03
   3.44380294e+02  -1.87181355e-03
   3.44380782e+02  -1.02181418e-03
   3.44381270e+02  -1.59036100e-03
   3.44381758e+02  -1.97403203e-03
   3.44382247e+02   5.70062897e-04
   3.44382735e+02   1.10259827e-03
   3.44383223e+02  -2.64998642e-03
   3.44383712e+02  -4.54679923e-03
   3.44384200e+02  -2.73297005e-03
   3.44384688e+02   4.29161482e-05
   3.44385177e+02   2.29131826e-03
   3.44385665e+02   1.84331113e-03
   3.44386153e+02  -6.88942382e-04
   3.44386642e+02  -1.64161052e-03
   3.44387130e+02  -5.78794163e-04
   3.44387618e+02  -8.06867669e-04
   3.44388106e+02  -2.37412751e-03
   3.44388595e+02  -2.79061287e-03
   3.44389083e+02  -2.13683303e-03
   3.44389571e+02  -1.15053984e-03
   3.44390060e+02   3.55222619e-05
   3.44390548e+02   1.45485124e-03
   3.44391036e+02   2.27743806e-03
   3.44391525e+02   2.32732575e-03
   3.44392013e+02   1.34464749e-03
   3.44392501e+02  -4.34185611e-04
   3.44392990e+02  -1.85880798e-03
   3.44393478e+02  -2.67831772e-03
   3.44393966e+02  -1.94716628e-03
   3.44394454e+02   2.26964126e-04
   3.44394943e+02   8.93498596e-04
   3.44395431e+02  -3.58639925e-04
   3.44395919e+02  -1.05780934e-03
   3.44396408e+02   1.07116059e-04
   3.44396896e+02   1.16126228e-03
   3.44397384e+02   1.00971828e-03
   3.44397873e+02  -1.39835043e-04
   3.44398361e+02  -2.20702169e-03
   3.44398849e+02  -3.45589151e-03
   3.44399338e+02  -2.47977697e-03
   3.44399826e+02  -1.27744628e-04
   3.44400314e+02   1.57898734e-03
   3.44400802e+02   2.68547749e-03
   3.44401291e+02   2.68713897e-03
   3.44401779e+02   4.10492095e-04
   3.44402267e+02  -5.86624898e-04
   3.44402756e+02   7.05380298e-05
   3.44403244e+02  -2.26550474e-04
   3.44403732e+02  -2.83515052e-04
   3.44404221e+02  -1.45225425e-03
   3.44404709e+02  -2.06881412e-03
   3.44405197e+02   7.55195972e-04
   3.44405686e+02   2.16982607e-03
   3.44406174e+02   2.85970978e-04
   3.44406662e+02  -9.04546876e-04
   3.44407150e+02  -6.44716143e-04
   3.44407639e+02  -2.79367378e-04
   3.44408127e+02  -3.93433234e-04
   3.44408615e+02  -1.24908448e-03
   3.44409104e+02   2.10563434e-04
   3.44409592e+02   3.17365397e-03
   3.44410080e+02   3.04004690e-03
   3.44410569e+02   1.38201169e-03
   3.44411057e+02   1.75397599e-03
   3.44411545e+02   2.60002259e-03
   3.44412034e+02   4.02571488e-04
   3.44412522e+02  -1.39892509e-03
   3.44413010e+02   8.32638063e-04
   3.44413498e+02   3.30028404e-03
   3.44413987e+02   4.29773331e-03
   3.44414475e+02   4.39105881e-03
   3.44414963e+02   2.57254299e-03
   3.44415452e+02   5.70405857e-04
   3.44415940e+02   5.63350157e-04
   3.44416428e+02   1.10134447e-03
   3.44416917e+02   1.03995786e-04
   3.44417405e+02  -1.92461547e-03
   3.44417893e+02  -1.95585075e-03
   3.44418382e+02   5.53726917e-04
   3.44418870e+02   2.55567324e-03
   3.44419358e+02   2.52981135e-03
   3.44419847e+02   9.65952990e-04
   3.44420335e+02   9.34070122e-05
   3.44420823e+02   1.38827332e-03
   3.44421311e+02   2.33634515e-03
   3.44421800e+02   1.36262726e-03
   3.44422288e+02   8.26656469e-05
   3.44422776e+02  -6.29630755e-04
   3.44423265e+02  -2.24511931e-03
   3.44423753e+02  -4.13554069e-03
   3.44424241e+02  -3.22227855e-03
   3.44424730e+02  -1.19169694e-04
   3.44425218e+02   1.12269341e-03
   3.44425706e+02   9.59112251e-04
   3.44426195e+02   8.02708324e-04
   3.44426683e+02   3.35434626e-04
   3.44427171e+02   2.39787129e-04
   3.44427659e+02  -1.16252084e-03
   3.44428148e+02  -3.69157922e-03
   3.44428636e+02  -3.36193573e-03
   3.44429124e+02  -2.09876010e-03
   3.44429613e+02  -3.38463089e-03
   3.44430101e+02  -3.17719276e-03
   3.44430589e+02  -5.36203006e-05
   3.44431078e+02   1.69814657e-03
   3.44431566e+02   2.25881720e-03
   3.44432054e+02   2.20251130e-03
   3.44432543e+02   3.81364836e-04
   3.44433031e+02  -1.02792471e-03
   3.44433519e+02  -1.12825073e-03
   3.44434007e+02  -1.95882167e-03
   3.44434496e+02  -2.61271675e-03
   3.44434984e+02  -2.12958152e-03
   3.44435472e+02  -6.90049492e-04
   3.44435961e+02   1.14545214e-03
   3.44436449e+02   1.30829343e-03
   3.44436937e+02  -2.09361606e-04
   3.44437426e+02  -1.34941435e-03
   3.44437914e+02  -2.35532504e-03
   3.44438402e+02  -3.04908352e-03
   3.44438891e+02  -1.89938326e-03
   3.44439379e+02   1.08917702e-04
   3.44439867e+02  -8.83385146e-05
   3.44440355e+02  -8.99507198e-04
   3.44440844e+02   1.45866722e-03
   3.44441332e+02   4.59006801e-03
   3.44441820e+02   3.59595427e-03
   3.44442309e+02  -6.78613607e-04
   3.44442797e+02  -2.05140933e-03
   3.44443285e+02   5.37411019e-04
   3.44443774e+02   1.76387967e-03
   3.44444262e+02   6.92413538e-04
   3.44444750e+02   6.59329875e-04
   3.44445239e+02   2.08035158e-03
   3.44445727e+02   2.48202146e-03
   3.44446215e+02   4.83640761e-04
   3.44446703e+02  -9.20427381e-04
   3.44447192e+02  -2.62269547e-04
   3.44447680e+02  -3.59553262e-04
   3.44448168e+02  -4.57874034e-04
   3.44448657e+02   1.34009507e-03
   3.44449145e+02   3.34789837e-03
   3.44449633e+02   3.96135729e-03
   3.44450122e+02   1.89526530e-03
   3.44450610e+02  -4.70548955e-04
   3.44451098e+02   7.97863642e-04
   3.44451587e+02   2.68166396e-03
   3.44452075e+02   1.02698675e-03
   3.44452563e+02  -1.05399720e-03
   3.44453051e+02  -5.59306587e-04
   3.44453540e+02   5.36868349e-04
   3.44454028e+02   8.21470283e-04
   3.44454516e+02   2.44907016e-04
   3.44455005e+02  -8.48422118e-04
   3.44455493e+02  -1.62910076e-03
   3.44455981e+02  -1.02797896e-03
   3.44456470e+02   3.87246080e-04
   3.44456958e+02   6.52598799e-04
   3.44457446e+02   2.52258411e-04
   3.44457935e+02  -3.45905282e-04
   3.44458423e+02  -2.57408572e-03
   3.44458911e+02  -4.66739712e-03
   3.44459400e+02  -4.26959060e-03
   3.44459888e+02  -2.61087110e-03
   3.44460376e+02  -1.30251446e-03
   3.44460864e+02  -2.09431775e-04
   3.44461353e+02   1.33384217e-03
   3.44461841e+02   1.47903268e-03
   3.44462329e+02   7.59895833e-04
   3.44462818e+02   1.10197568e-03
   3.44463306e+02   1.97596871e-03
   3.44463794e+02   1.93666399e-03
   3.44464283e+02   1.32436061e-03
   3.44464771e+02   5.96457685e-04
   3.44465259e+02  -4.89452039e-04
   3.44465748e+02  -3.27235175e-04
   3.44466236e+02   7.60898227e-04
   3.44466724e+02   7.72399246e-04
   3.44467212e+02   1.68815764e-04
   3.44467701e+02   3.97992175e-04
   3.44468189e+02   2.05169711e-03
   3.44468677e+02   3.42111569e-03
   3.44469166e+02   2.98034679e-03
   3.44469654e+02   1.13149313e-03
   3.44470142e+02  -1.87984057e-04
   3.44470631e+02  -8.15565290e-04
   3.44471119e+02  -2.40709563e-03
   3.44471607e+02  -2.30147294e-03
   3.44472096e+02  -9.65345534e-05
   3.44472584e+02   1.25294644e-03
   3.44473072e+02   1.24638167e-03
   3.44473560e+02  -1.33453650e-04
   3.44474049e+02  -1.33165054e-03
   3.44474537e+02  -6.99135242e-04
   3.44475025e+02   7.27781211e-04
   3.44475514e+02   2.51802453e-03
   3.44476002e+02   3.42639978e-03
   3.44476490e+02   1.30500819e-03
   3.44476979e+02  -8.71769909e-04
   3.44477467e+02  -2.66686868e-04
   3.44477955e+02   1.45434495e-03
   3.44478444e+02   2.52368976e-03
   3.44478932e+02   1.23181159e-03
   3.44479420e+02  -1.96104683e-03
   3.44479908e+02  -2.26085912e-03
   3.44480397e+02   1.61971082e-04
   3.44480885e+02   9.40332771e-04
   3.44481373e+02   1.83074642e-03
   3.44481862e+02   2.93691480e-03
   3.44482350e+02   1.79959927e-03
   3.44482838e+02   6.09158131e-04
   3.44483327e+02   1.59091281e-03
   3.44483815e+02   4.94278152e-04
   3.44484303e+02  -4.45713435e-04
   3.44484792e+02   4.86646983e-04
   3.44485280e+02  -9.57565935e-05
   3.44485768e+02  -7.23494986e-06
   3.44486256e+02   1.69465737e-03
   3.44486745e+02   1.09202997e-03
   3.44487233e+02  -9.78197670e-04
   3.44487721e+02  -1.49431278e-03
   3.44488210e+02  -2.37581553e-03
   3.44488698e+02  -4.30315733e-03
   3.44489186e+02  -4.53390973e-03
   3.44489675e+02  -2.64780805e-03
   3.44490163e+02  -1.15820789e-03
   3.44490651e+02  -6.79900695e-04
   3.44491140e+02  -2.15794338e-04
   3.44491628e+02   1.23544392e-04
   3.44492116e+02  -1.60724577e-03
   3.44492604e+02  -2.79064639e-03
   3.44493093e+02   1.59652500e-05
   3.44493581e+02   2.52968515e-03
   3.44494069e+02   1.85063854e-03
   3.44494558e+02   1.55646156e-03
   3.44495046e+02   2.64037447e-03
   3.44495534e+02   2.87130871e-03
   3.44496023e+02   1.09192182e-03
   3.44496511e+02  -5.98004379e-04
   3.44496999e+02  -1.38078374e-03
   3.44497488e+02  -2.16182368e-03
   3.44497976e+02  -1.68595428e-03
   3.44498464e+02  -5.37275337e-04
   3.44498953e+02  -8.91341188e-04
   3.44499441e+02  -1.82905863e-03
   3.44499929e+02  -1.88745174e-03
   3.44500417e+02  -2.07849010e-03
   3.44500906e+02  -2.84307287e-03
   3.44501394e+02  -2.97807879e-03
   3.44501882e+02  -1.97278452e-03
   3.44502371e+02  -1.87861791e-03
   3.44502859e+02  -3.28831165e-03
   3.44503347e+02  -3.66180320e-03
   3.44503836e+02  -2.07612128e-03
   3.44504324e+02  -5.95212099e-04
   3.44504812e+02  -2.55112507e-04
   3.44505301e+02  -3.28105758e-04
   3.44505789e+02   1.27292878e-04
   3.44506277e+02   3.96854215e-04
   3.44506765e+02   6.05156471e-04
   3.44507254e+02   7.65898265e-04
   3.44507742e+02  -9.19545011e-04
   3.44508230e+02  -2.25343788e-03
   3.44508719e+02  -5.16826345e-04
   3.44509207e+02   1.67472311e-03
   3.44509695e+02   1.21250632e-03
   3.44510184e+02  -1.13889822e-04
   3.44510672e+02  -6.65057509e-04
   3.44511160e+02  -1.01929717e-03
   3.44511649e+02  -7.11657398e-04
   3.44512137e+02  -4.43326535e-05
   3.44512625e+02   6.41824212e-04
   3.44513113e+02   3.30784416e-04
   3.44513602e+02  -1.01949170e-03
   3.44514090e+02  -5.45572606e-04
   3.44514578e+02   9.37014702e-05
   3.44515067e+02  -1.28746952e-03
   3.44515555e+02  -2.42574606e-03
   3.44516043e+02  -2.85545620e-03
   3.44516532e+02  -3.17675970e-03
   3.44517020e+02  -2.25849543e-03
   3.44517508e+02  -1.43628079e-03
   3.44517997e+02  -1.72914879e-03
   3.44518485e+02  -1.60703354e-03
   3.44518973e+02  -1.03174348e-03
   3.44519461e+02  -1.21002994e-03
   3.44519950e+02  -1.55495829e-03
   3.44520438e+02  -9.33371892e-04
   3.44520926e+02   1.33073816e-04
   3.44521415e+02  -6.31171933e-05
   3.44521903e+02  -7.11711473e-04
   3.44522391e+02  -3.29697941e-04
   3.44522880e+02  -4.51495143e-05
   3.44523368e+02   8.48748605e-04
   3.44523856e+02   1.82283670e-03
   3.44524345e+02   1.33590284e-03
   3.44524833e+02   9.41972656e-04
   3.44525321e+02  -3.13056189e-05
   3.44525809e+02  -1.50750706e-03
   3.44526298e+02  -1.37939025e-03
   3.44526786e+02  -1.77480644e-04
   3.44527274e+02   1.15488365e-03
   3.44527763e+02   2.16277339e-03
   3.44528251e+02   1.84702850e-03
   3.44528739e+02   4.50355496e-04
   3.44529228e+02  -8.96162703e-04
   3.44529716e+02  -1.28803519e-03
   3.44530204e+02  -1.10701437e-03
   3.44530693e+02  -7.65132252e-04
   3.44531181e+02  -3.09630472e-04
   3.44531669e+02  -7.91586062e-04
   3.44532157e+02  -1.36170676e-03
   3.44532646e+02  -8.45162547e-04
   3.44533134e+02  -1.68674160e-03
   3.44533622e+02  -2.41107820e-03
   3.44534111e+02  -3.12521704e-04
   3.44534599e+02   1.31048297e-03
   3.44535087e+02   1.15236593e-03
   3.44535576e+02   1.87524594e-03
   3.44536064e+02   3.02694365e-03
   3.44536552e+02   1.37771538e-03
   3.44537041e+02  -1.66144653e-03
   3.44537529e+02  -3.15089803e-03
   3.44538017e+02  -2.81401793e-03
   3.44538506e+02  -2.17472715e-03
   3.44538994e+02  -1.53907156e-03
   3.44539482e+02  -3.35705525e-04
   3.44539970e+02   4.68086218e-04
   3.44540459e+02   1.40916731e-03
   3.44540947e+02   2.28234613e-03
   3.44541435e+02   6.89419569e-04
   3.44541924e+02  -8.61752313e-04
   3.44542412e+02   1.56975468e-04
   3.44542900e+02   7.32516171e-04
   3.44543389e+02  -6.06182613e-04
   3.44543877e+02  -5.03596384e-04
   3.44544365e+02   1.48646635e-04
   3.44544854e+02  -1.43581687e-03
   3.44545342e+02  -2.77186790e-03
   3.44545830e+02  -2.19977787e-03
   3.44546318e+02  -1.32439542e-03
   3.44546807e+02  -8.84870940e-04
   3.44547295e+02  -4.14353912e-04
   3.44547783e+02   6.53786061e-04
   3.44548272e+02   1.49195851e-03
   3.44548760e+02   1.18680065e-03
   3.44549248e+02   1.40628882e-03
   3.44549737e+02   2.19297805e-03
   3.44550225e+02   2.05820031e-03
   3.44550713e+02   1.59243296e-03
   3.44551202e+02   1.42256333e-03
   3.44551690e+02   1.55411579e-03
   3.44552178e+02   8.09048768e-04
   3.44552666e+02  -8.43796413e-04
   3.44553155e+02  -1.27625931e-03
   3.44553643e+02  -7.09301909e-04
   3.44554131e+02  -6.32428681e-04
   3.44554620e+02  -5.09208185e-04
   3.44555108e+02   2.32821076e-05
   3.44555596e+02  -7.08045482e-05
   3.44556085e+02  -5.43655362e-04
   3.44556573e+02  -9.18718579e-04
   3.44557061e+02  -9.59265511e-04
   3.44557550e+02  -1.02168473e-03
   3.44558038e+02  -1.03153090e-03
   3.44558526e+02   1.34267507e-03
   3.44559014e+02   4.01522266e-03
   3.44559503e+02   3.29450564e-03
   3.44559991e+02   1.69639580e-03
   3.44560479e+02   7.92912440e-04
   3.44560968e+02   3.74269322e-04
   3.44561456e+02   8.00637295e-04
   3.44561944e+02   4.30674612e-04
   3.44562433e+02  -9.77118500e-04
   3.44562921e+02  -5.41569025e-04
   3.44563409e+02   1.34748872e-03
   3.44563898e+02   1.34332385e-03
   3.44564386e+02  -6.35225500e-04
   3.44564874e+02  -1.47217629e-03
   3.44565362e+02  -9.92527348e-04
   3.44565851e+02  -1.33271868e-04
   3.44566339e+02   8.30636709e-04
   3.44566827e+02  -5.12024017e-05
   3.44567316e+02  -1.51011313e-03
   3.44567804e+02  -1.34549371e-03
   3.44568292e+02  -1.37511524e-03
   3.44568781e+02  -1.17200089e-03
   3.44569269e+02   2.77011841e-05
   3.44569757e+02   1.08437287e-03
   3.44570246e+02   1.50952325e-03
   3.44570734e+02   1.35795644e-03
   3.44571222e+02   4.20445111e-04
   3.44571710e+02   8.77894519e-04
   3.44572199e+02   2.03597941e-03
   3.44572687e+02   2.29652203e-03
   3.44573175e+02   3.24972300e-03
   3.44573664e+02   2.73853424e-03
   3.44574152e+02   1.99547125e-04
   3.44574640e+02  -1.94793905e-03
   3.44575129e+02  -2.81573809e-03
   3.44575617e+02  -2.25435686e-03
   3.44576105e+02  -1.59312680e-03
   3.44576594e+02  -1.31350083e-04
   3.44577082e+02   1.11693621e-03
   3.44577570e+02   1.15235081e-04
   3.44578059e+02  -1.02131604e-03
   3.44578547e+02  -2.33507087e-03
   3.44579035e+02  -3.54094733e-03
   3.44579523e+02  -2.78957002e-03
   3.44580012e+02  -2.03252421e-03
   3.44580500e+02  -1.63006457e-03
   3.44580988e+02  -6.81522768e-04
   3.44581477e+02  -6.34583412e-04
   3.44581965e+02  -1.98255712e-03
   3.44582453e+02  -2.55078031e-03
   3.44582942e+02  -1.70670194e-03
   3.44583430e+02  -2.68662174e-04
   3.44583918e+02   7.01996963e-04
   3.44584407e+02   2.80791457e-04
   3.44584895e+02   1.04790619e-04
   3.44585383e+02   8.37236526e-04
   3.44585871e+02   5.69474592e-04
   3.44586360e+02  -3.18714854e-04
   3.44586848e+02  -5.55938692e-04
   3.44587336e+02   2.99298321e-04
   3.44587825e+02   1.53483346e-03
   3.44588313e+02   1.64583977e-03
   3.44588801e+02   1.77599804e-03
   3.44589290e+02   2.29124352e-03
   3.44589778e+02   1.63665786e-03
   3.44590266e+02   6.28412599e-05
   3.44590755e+02  -4.69027844e-04
   3.44591243e+02  -1.22486730e-04
   3.44591731e+02  -1.25099992e-04
   3.44592219e+02  -1.78895541e-04
   3.44592708e+02   2.76670005e-04
   3.44593196e+02   2.68493022e-04
   3.44593684e+02  -4.32703644e-04
   3.44594173e+02  -7.82395437e-05
   3.44594661e+02   4.90327540e-04
   3.44595149e+02  -2.55061223e-05
   3.44595638e+02   3.55649245e-04
   3.44596126e+02   4.77878668e-04
   3.44596614e+02  -1.69181766e-03
   3.44597103e+02  -3.09658749e-03
   3.44597591e+02  -2.24053324e-03
   3.44598079e+02  -5.75238897e-04
   3.44598567e+02  -1.79997387e-05
   3.44599056e+02  -7.78981601e-04
   3.44599544e+02  -1.02400151e-03
   3.44600032e+02  -1.64414072e-04
   3.44600521e+02   3.43201100e-04
   3.44601009e+02  -1.44095917e-04
   3.44601497e+02  -3.97896802e-04
   3.44601986e+02   4.25800099e-05
   3.44602474e+02  -6.32225070e-04
   3.44602962e+02  -1.84299028e-03
   3.44603451e+02  -1.58083811e-03
   3.44603939e+02   5.86701935e-05
   3.44604427e+02   7.88147678e-04
   3.44604915e+02  -2.48677301e-04
   3.44605404e+02  -1.01054111e-03
   3.44605892e+02  -8.34834005e-04
   3.44606380e+02  -8.04840354e-04
   3.44606869e+02  -1.47652091e-03
   3.44607357e+02  -2.76405690e-03
   3.44607845e+02  -2.24829512e-03
   3.44608334e+02  -6.18972117e-05
   3.44608822e+02   5.94806916e-04
   3.44609310e+02  -2.08375932e-04
   3.44609799e+02  -1.21235347e-03
   3.44610287e+02  -1.75937510e-03
   3.44610775e+02  -9.33370204e-04
   3.44611263e+02   1.31631864e-03
   3.44611752e+02   2.81948014e-03
   3.44612240e+02   1.58600404e-03
   3.44612728e+02  -9.45323962e-04
   3.44613217e+02  -1.61927752e-03
   3.44613705e+02  -1.47049184e-04
   3.44614193e+02  -2.05459233e-04
   3.44614682e+02  -5.65462920e-04
   3.44615170e+02   8.76108010e-04
   3.44615658e+02   1.78332790e-03
   3.44616147e+02   1.30968366e-03
   3.44616635e+02   2.31576851e-04
   3.44617123e+02  -6.18639344e-04
   3.44617612e+02  -1.32986810e-03
   3.44618100e+02  -3.69210355e-03
   3.44618588e+02  -5.85084176e-03
   3.44619076e+02  -3.65661969e-03
   3.44619565e+02  -3.99471057e-04
   3.44620053e+02  -1.58842781e-03
   3.44620541e+02  -3.70656420e-03
   3.44621030e+02  -1.95342628e-03
   3.44621518e+02   1.80159710e-04
   3.44622006e+02   7.05645434e-05
   3.44622495e+02  -1.49407133e-04
   3.44622983e+02  -8.75859230e-04
   3.44623471e+02  -2.75777746e-03
   3.44623960e+02  -3.64037021e-03
   3.44624448e+02  -2.42104754e-03
   3.44624936e+02  -5.15302345e-05
   3.44625424e+02   2.18203827e-03
   3.44625913e+02   2.54384056e-03
   3.44626401e+02   6.87096617e-04
   3.44626889e+02  -1.00914168e-03
   3.44627378e+02  -1.36024738e-03
   3.44627866e+02  -5.59289008e-04
   3.44628354e+02   8.90449213e-04
   3.44628843e+02   1.42301840e-03
   3.44629331e+02   1.59351958e-03
   3.44629819e+02   3.02393129e-03
   3.44630308e+02   3.46459472e-03
   3.44630796e+02   2.00710120e-03
   3.44631284e+02   9.85578168e-04
   3.44631772e+02  -1.11108602e-05
   3.44632261e+02  -1.57652586e-03
   3.44632749e+02  -2.86025344e-03
   3.44633237e+02  -4.33399482e-03
   3.44633726e+02  -5.75938588e-03
   3.44634214e+02  -4.33763769e-03
   3.44634702e+02  -1.14088773e-03
   3.44635191e+02  -2.59940891e-04
   3.44635679e+02  -4.87723009e-04
   3.44636167e+02  -2.38505178e-04
   3.44636656e+02   4.14725364e-04
   3.44637144e+02   1.49953016e-03
   3.44637632e+02   2.16801232e-03
   3.44638120e+02   1.68584764e-03
   3.44638609e+02  -9.23764950e-04
   3.44639097e+02  -3.50468908e-03
   3.44639585e+02  -4.04711906e-03
   3.44640074e+02  -3.54863238e-03
   3.44640562e+02  -1.22467650e-03
   3.44641050e+02   1.08471117e-03
   3.44641539e+02   2.27184646e-04
   3.44642027e+02  -7.76539382e-04
   3.44642515e+02   6.40369690e-05
   3.44643004e+02   5.93738339e-04
   3.44643492e+02  -2.26698670e-04
   3.44643980e+02  -1.26928405e-03
   3.44644468e+02  -1.07321865e-03
   3.44644957e+02   3.94527888e-04
   3.44645445e+02   1.66367146e-03
   3.44645933e+02   1.12190016e-03
   3.44646422e+02  -9.73213988e-04
   3.44646910e+02  -2.37266789e-03
   3.44647398e+02  -1.97143620e-03
   3.44647887e+02  -1.39450061e-03
   3.44648375e+02  -1.80655392e-03
   3.44648863e+02  -9.90935485e-04
   3.44649352e+02   1.45315123e-03
   3.44649840e+02   9.45261330e-04
   3.44650328e+02  -1.51770213e-03
   3.44650816e+02  -8.15933396e-04
   3.44651305e+02   8.33797851e-04
   3.44651793e+02   8.16837011e-04
   3.44652281e+02   2.07591074e-04
   3.44652770e+02   4.06083593e-04
   3.44653258e+02   1.28235365e-03
   3.44653746e+02  -5.83740257e-06
   3.44654235e+02  -2.27116002e-03
   3.44654723e+02  -2.07762537e-03
   3.44655211e+02  -8.54178739e-04
   3.44655700e+02   2.43766524e-04
   3.44656188e+02   1.29590370e-03
   3.44656676e+02   1.42096821e-03
   3.44657165e+02   8.96640879e-04
   3.44657653e+02   2.64271803e-04
   3.44658141e+02  -7.70875078e-04
   3.44658629e+02  -1.51676754e-03
   3.44659118e+02  -2.65627424e-03
   3.44659606e+02  -2.15457776e-03
   3.44660094e+02   4.69637569e-04
   3.44660583e+02   1.50230818e-03
   3.44661071e+02   1.28665983e-04
   3.44661559e+02  -7.04956125e-04
   3.44662048e+02  -4.84866207e-04
   3.44662536e+02  -7.60288211e-04
   3.44663024e+02  -1.15518563e-03
   3.44663513e+02  -1.59127451e-03
   3.44664001e+02  -1.75906764e-03
   3.44664489e+02   8.29717683e-05
   3.44664977e+02   2.23904988e-03
   3.44665466e+02   1.98285980e-03
   3.44665954e+02   1.02478247e-04
   3.44666442e+02  -8.68350733e-04
   3.44666931e+02  -1.13122200e-03
   3.44667419e+02  -1.93715515e-03
   3.44667907e+02  -2.39873934e-03
   3.44668396e+02  -3.12543893e-03
   3.44668884e+02  -3.53792985e-03
   3.44669372e+02  -2.01390730e-03
   3.44669861e+02  -4.66966640e-06
   3.44670349e+02   7.62862212e-04
   3.44670837e+02  -4.61443541e-08
   3.44671325e+02  -5.85560279e-04
   3.44671814e+02   7.57609028e-04
   3.44672302e+02   1.55255466e-03
   3.44672790e+02  -4.69013205e-04
   3.44673279e+02  -1.81076059e-03
   3.44673767e+02  -1.14363246e-03
   3.44674255e+02  -1.18521880e-03
   3.44674744e+02  -2.21996289e-03
   3.44675232e+02  -2.09077750e-03
   3.44675720e+02  -6.23497399e-05
   3.44676209e+02   1.06253009e-03
   3.44676697e+02  -6.92989852e-04
   3.44677185e+02  -1.63336820e-03
   3.44677673e+02  -3.29122471e-04
   3.44678162e+02   5.82241453e-04
   3.44678650e+02   1.04676781e-03
   3.44679138e+02   8.61885143e-04
   3.44679627e+02   3.59742844e-04
   3.44680115e+02   1.56708201e-03
   3.44680603e+02   2.86976434e-03
   3.44681092e+02   2.12150835e-03
   3.44681580e+02  -1.04538340e-03
   3.44682068e+02  -3.49391997e-03
   3.44682557e+02  -1.46166177e-03
   3.44683045e+02   4.66447091e-04
   3.44683533e+02  -1.07703661e-03
   3.44684021e+02  -1.48924266e-03
   3.44684510e+02  -5.93401666e-04
   3.44684998e+02  -8.48850235e-04
   3.44685486e+02  -7.38769711e-04
   3.44685975e+02   1.10329431e-03
   3.44686463e+02   2.85571907e-03
   3.44686951e+02   2.03464786e-03
   3.44687440e+02   1.09628578e-04
   3.44687928e+02   1.09136407e-03
   3.44688416e+02   3.67665780e-03
   3.44688905e+02   3.56050231e-03
   3.44689393e+02   2.67202943e-03
   3.44689881e+02   3.11858300e-03
   3.44690369e+02   2.99796159e-03
   3.44690858e+02   1.75435480e-03
   3.44691346e+02   1.09449407e-04
   3.44691834e+02  -1.41372520e-03
   3.44692323e+02  -1.69226970e-03
   3.44692811e+02   5.46092633e-04
   3.44693299e+02   2.69852765e-03
   3.44693788e+02   1.72784482e-03
   3.44694276e+02  -4.89505997e-04
   3.44694764e+02  -1.18591543e-03
   3.44695253e+02  -1.27575040e-05
   3.44695741e+02   7.95400876e-04
   3.44696229e+02  -1.02083653e-03
   3.44696718e+02  -2.68769986e-03
   3.44697206e+02  -2.03901925e-03
   3.44697694e+02  -1.33830076e-03
   3.44698182e+02  -1.02523156e-03
   3.44698671e+02  -3.42780026e-04
   3.44699159e+02   6.01954758e-04
   3.44699647e+02   1.75665470e-03
   3.44700136e+02   1.72492315e-03
   3.44700624e+02   3.41422333e-06
   3.44701112e+02  -5.71001554e-04
   3.44701601e+02   7.64196520e-05
   3.44702089e+02  -1.66637579e-03
   3.44702577e+02  -3.87122878e-03
   3.44703066e+02  -3.99259245e-03
   3.44703554e+02  -2.79626669e-03
   3.44704042e+02   4.91339073e-04
   3.44704530e+02   3.58204334e-03
   3.44705019e+02   2.85452232e-03
   3.44705507e+02   1.03102229e-03
   3.44705995e+02   5.30418707e-04
   3.44706484e+02  -8.08615296e-04
   3.44706972e+02  -1.50760356e-03
   3.44707460e+02   4.24588885e-04
   3.44707949e+02   2.70582177e-03
   3.44708437e+02   2.92458944e-03
   3.44708925e+02   9.97369993e-04
   3.44709414e+02  -1.16627465e-03
   3.44709902e+02  -2.73859384e-03
   3.44710390e+02  -3.55798402e-03
   3.44710878e+02  -2.22460926e-03
   3.44711367e+02   1.22344776e-04
   3.44711855e+02   1.02247205e-03
   3.44712343e+02   1.33065099e-03
   3.44712832e+02   1.55363488e-03
   3.44713320e+02   1.11418986e-03
   3.44713808e+02   3.23933840e-04
   3.44714297e+02   2.48071708e-04
   3.44714785e+02   9.61610873e-04
   3.44715273e+02   6.85621635e-04
   3.44715762e+02  -2.56965104e-05
   3.44716250e+02   3.35121935e-04
   3.44716738e+02   1.12097582e-03
   3.44717226e+02   1.71370967e-03
   3.44717715e+02   2.04328005e-03
   3.44718203e+02   2.93865893e-03
   3.44718691e+02   4.35052626e-03
   3.44719180e+02   4.92134551e-03
   3.44719668e+02   5.01231058e-03
   3.44720156e+02   4.03344026e-03
   3.44720645e+02   1.05362036e-03
   3.44721133e+02  -1.74556847e-03
   3.44721621e+02  -3.76308220e-03
   3.44722110e+02  -5.02254860e-03
   3.44722598e+02  -3.39011382e-03
   3.44723086e+02  -8.03957519e-04
   3.44723574e+02  -4.10122360e-04
   3.44724063e+02  -1.50188303e-03
   3.44724551e+02  -2.07437109e-03
   3.44725039e+02  -9.10596456e-04
   3.44725528e+02   1.30111570e-04
   3.44726016e+02  -5.14294370e-04
   3.44726504e+02   1.91386571e-04
   3.44726993e+02   1.69902318e-03
   3.44727481e+02   1.10857945e-03
   3.44727969e+02   1.02920365e-03
   3.44728458e+02   3.73798283e-03
   3.44728946e+02   5.92481019e-03
   3.44729434e+02   4.97778086e-03
   3.44729922e+02   3.34820803e-03
   3.44730411e+02   2.52047856e-03
   3.44730899e+02   1.38601998e-03
   3.44731387e+02   7.19611184e-04
   3.44731876e+02   3.56543285e-04
   3.44732364e+02  -5.81122411e-04
   3.44732852e+02  -1.11605972e-03
   3.44733341e+02  -5.94210345e-04
   3.44733829e+02   2.70376506e-04
   3.44734317e+02   1.30263786e-03
   3.44734806e+02   1.66864577e-03
   3.44735294e+02   7.27811363e-04
   3.44735782e+02   4.94418549e-04
   3.44736271e+02   2.46141339e-03
   3.44736759e+02   3.41832521e-03
   3.44737247e+02   1.81309576e-03
   3.44737735e+02   1.43006770e-03
   3.44738224e+02   2.01089657e-03
   3.44738712e+02  -1.92893611e-04
   3.44739200e+02  -2.99355318e-03
   3.44739689e+02  -3.32594104e-03
   3.44740177e+02  -3.02334316e-03
   3.44740665e+02  -3.64701659e-03
   3.44741154e+02  -2.80785421e-03
   3.44741642e+02  -4.05449508e-04
   3.44742130e+02   9.44807194e-04
   3.44742619e+02   3.15624311e-05
   3.44743107e+02  -2.04420486e-03
   3.44743595e+02  -2.89210677e-03
   3.44744083e+02  -1.01304136e-03
   3.44744572e+02   1.99263683e-03
   3.44745060e+02   2.56516808e-03
   3.44745548e+02   4.94531065e-04
   3.44746037e+02  -1.73890206e-03
   3.44746525e+02  -2.63966201e-03
   3.44747013e+02  -1.92512188e-03
   3.44747502e+02  -3.27098591e-04
   3.44747990e+02   6.91956433e-04
   3.44748478e+02   6.74962939e-04
   3.44748967e+02  -1.63893405e-04
   3.44749455e+02  -9.98521806e-04
   3.44749943e+02  -5.89054311e-04
   3.44750431e+02  -1.08937507e-04
   3.44750920e+02  -3.25754692e-04
   3.44751408e+02  -4.20453980e-05
   3.44751896e+02   1.23715412e-03
   3.44752385e+02   2.55223131e-03
   3.44752873e+02   2.57030129e-03
   3.44753361e+02   1.99632486e-03
   3.44753850e+02   2.08211225e-03
   3.44754338e+02   1.37230393e-03
   3.44754826e+02   1.53322791e-04
   3.44755315e+02   3.25100147e-04
   3.44755803e+02   5.84831287e-04
   3.44756291e+02  -4.60288167e-04
   3.44756779e+02  -1.96153927e-03
   3.44757268e+02  -3.06819589e-03
   3.44757756e+02  -3.44705000e-03
   3.44758244e+02  -2.84882938e-03
   3.44758733e+02  -1.52091403e-03
   3.44759221e+02   8.05862073e-05
   3.44759709e+02   1.25683250e-03
   3.44760198e+02   1.46791630e-03
   3.44760686e+02   1.41736132e-03
   3.44761174e+02   1.24864548e-03
   3.44761663e+02   9.28319641e-05
   3.44762151e+02  -4.31041408e-04
   3.44762639e+02   5.11134800e-04
   3.44763127e+02   1.25578057e-03
   3.44763616e+02   1.17668463e-03
   3.44764104e+02  -1.30105077e-03
   3.44764592e+02  -4.55527613e-03
   3.44765081e+02  -4.31506196e-03
   3.44765569e+02  -2.58433796e-03
   3.44766057e+02  -1.80611038e-03
   3.44766546e+02  -1.40365737e-04
   3.44767034e+02   1.29888533e-03
   3.44767522e+02  -4.61415293e-05
   3.44768011e+02  -2.02762801e-03
   3.44768499e+02  -1.12315232e-03
   3.44768987e+02   3.50544084e-04
   3.44769475e+02   7.74509797e-04
   3.44769964e+02   1.76912523e-03
   3.44770452e+02   1.42934045e-03
   3.44770940e+02   8.84285488e-04
   3.44771429e+02   2.10774411e-03
   3.44771917e+02   1.84439297e-03
   3.44772405e+02   1.55441565e-04
   3.44772894e+02  -3.36692727e-04
   3.44773382e+02   6.11155192e-05
   3.44773870e+02   1.03398215e-03
   3.44774359e+02   2.12349859e-03
   3.44774847e+02   2.42940756e-03
   3.44775335e+02   1.11578265e-03
   3.44775824e+02  -7.81046183e-05
   3.44776312e+02   2.65587005e-04
   3.44776800e+02  -7.88577367e-04
   3.44777288e+02  -1.39650598e-03
   3.44777777e+02  -1.53038441e-03
   3.44778265e+02  -2.08868226e-03
   3.44778753e+02  -4.45077894e-04
   3.44779242e+02   9.42980929e-04
   3.44779730e+02  -7.74508109e-04
   3.44780218e+02  -2.21242220e-03
   3.44780707e+02  -1.31070975e-03
   3.44781195e+02  -2.42148351e-04
   3.44781683e+02  -3.19100423e-06
   3.44782172e+02   9.28088120e-05
   3.44782660e+02   4.16380906e-04
   3.44783148e+02   4.11139190e-04
   3.44783636e+02  -6.67423883e-04
   3.44784125e+02  -5.00155729e-04
   3.44784613e+02   1.71982974e-03
   3.44785101e+02   2.23516067e-03
   3.44785590e+02   1.16376928e-03
   3.44786078e+02   1.00925638e-04
   3.44786566e+02  -1.15070317e-03
   3.44787055e+02  -9.96598508e-04
   3.44787543e+02   7.39506853e-04
   3.44788031e+02   5.98397921e-04
   3.44788520e+02  -1.51007448e-03
   3.44789008e+02  -1.37898210e-03
   3.44789496e+02   5.96755766e-04
   3.44789984e+02   1.36146875e-04
   3.44790473e+02  -2.12034094e-03
   3.44790961e+02  -2.05103913e-03
   3.44791449e+02  -2.84182548e-04
   3.44791938e+02  -3.62169172e-04
   3.44792426e+02  -1.01538049e-03
   3.44792914e+02  -4.93714935e-04
   3.44793403e+02  -5.89727752e-05
   3.44793891e+02   5.94314770e-04
   3.44794379e+02   3.02926172e-04
   3.44794868e+02  -2.37006601e-03
   3.44795356e+02  -4.55073779e-03
   3.44795844e+02  -4.13769251e-03
   3.44796332e+02  -3.07111442e-03
   3.44796821e+02  -3.14179459e-03
   3.44797309e+02  -2.93941237e-03
   3.44797797e+02  -1.45329593e-03
   3.44798286e+02  -7.13880756e-04
   3.44798774e+02  -8.77849117e-04
   3.44799262e+02  -1.07788190e-03
   3.44799751e+02  -1.65120710e-03
   3.44800239e+02  -1.68350199e-03
   3.44800727e+02   8.06222437e-04
   3.44801216e+02   3.68644181e-03
   3.44801704e+02   2.63776723e-03
   3.44802192e+02  -7.38632109e-04
   3.44802680e+02  -2.00843764e-03
   3.44803169e+02  -2.20187567e-03
   3.44803657e+02  -2.16212659e-03
   3.44804145e+02   3.79126490e-04
   3.44804634e+02   3.04896035e-03
   3.44805122e+02   2.27386877e-03
   3.44805610e+02  -3.63251864e-04
   3.44806099e+02  -1.53677515e-03
   3.44806587e+02  -6.77175645e-04
   3.44807075e+02   4.50309803e-04
   3.44807564e+02  -1.67933031e-04
   3.44808052e+02  -1.33482064e-03
   3.44808540e+02  -1.10778527e-03
   3.44809028e+02  -2.71659752e-04
   3.44809517e+02  -1.43491561e-04
   3.44810005e+02   3.33525357e-04
   3.44810493e+02   1.33123598e-03
   3.44810982e+02   1.41604594e-03
   3.44811470e+02   8.12373823e-04
   3.44811958e+02   3.92174436e-04
   3.44812447e+02  -2.96399579e-04
   3.44812935e+02  -1.14563236e-03
   3.44813423e+02  -5.60341286e-04
   3.44813912e+02   3.95365758e-04
   3.44814400e+02  -7.01312034e-04
   3.44814888e+02  -2.66976678e-03
   3.44815377e+02  -2.79629813e-03
   3.44815865e+02  -1.28361827e-03
   3.44816353e+02  -4.08515014e-04
   3.44816841e+02  -2.31976112e-04
   3.44817330e+02  -2.86815892e-04
   3.44817818e+02  -2.97309998e-05
   3.44818306e+02  -6.89985682e-05
   3.44818795e+02  -1.11150229e-03
   3.44819283e+02  -1.75846915e-03
   3.44819771e+02  -6.63785497e-04
   3.44820260e+02   1.06797321e-03
   3.44820748e+02   1.91717804e-03
   3.44821236e+02   1.34850992e-03
   3.44821725e+02   3.71569418e-04
   3.44822213e+02   4.86163335e-04
   3.44822701e+02  -5.11132122e-04
   3.44823189e+02  -2.50286330e-03
   3.44823678e+02  -2.88450578e-03
   3.44824166e+02  -1.48125621e-03
   3.44824654e+02   1.25833007e-03
   3.44825143e+02   3.10581503e-03
   3.44825631e+02   2.70930817e-03
   3.44826119e+02   2.68291030e-03
   3.44826608e+02   2.50080228e-03
   3.44827096e+02   2.92291697e-05
   3.44827584e+02  -2.13104836e-03
   3.44828073e+02  -1.91449700e-03
   3.44828561e+02  -1.61732582e-03
   3.44829049e+02  -1.04899087e-03
   3.44829537e+02   1.80049581e-04
   3.44830026e+02   6.66743261e-04
   3.44830514e+02   1.03228120e-03
   3.44831002e+02   8.10824626e-04
   3.44831491e+02  -2.92494718e-04
   3.44831979e+02  -8.29127443e-04
   3.44832467e+02  -2.30925347e-04
   3.44832956e+02  -1.08342525e-03
   3.44833444e+02  -3.11206141e-03
