frequency (GHz), flux (Jy/beam)
   3.43899310e+02  -7.93435785e-04
   3.43899798e+02  -3.34779266e-04
   3.43900286e+02  -3.69793590e-04
   3.43900774e+02  -2.21845636e-04
   3.43901263e+02   1.48706267e-05
   3.43901751e+02  -2.34758612e-04
   3.43902239e+02  -6.22286461e-04
   3.43902728e+02  -5.90059848e-04
   3.43903216e+02  -2.72865000e-04
   3.43903704e+02   3.07450769e-04
   3.43904193e+02   7.29775813e-04
   3.43904681e+02   6.25674846e-04
   3.43905169e+02   5.46930009e-04
   3.43905658e+02   6.49916648e-04
   3.43906146e+02   4.73539374e-04
   3.43906634e+02   1.43206940e-04
   3.43907122e+02   3.38723243e-04
   3.43907611e+02   5.81939181e-04
   3.43908099e+02   2.11410152e-04
   3.43908587e+02  -3.29795730e-05
   3.43909076e+02   2.02329931e-04
   3.43909564e+02   3.25754954e-04
   3.43910052e+02  -6.49601407e-06
   3.43910541e+02  -5.44911250e-04
   3.43911029e+02  -7.26700237e-04
   3.43911517e+02  -7.39351904e-04
   3.43912006e+02  -7.61052535e-04
   3.43912494e+02  -5.60912129e-04
   3.43912982e+02  -4.65936144e-04
   3.43913470e+02  -3.12386255e-04
   3.43913959e+02  -1.50658307e-04
   3.43914447e+02   3.57336467e-05
   3.43914935e+02   9.08887159e-05
   3.43915424e+02  -6.86678250e-05
   3.43915912e+02   1.67446851e-04
   3.43916400e+02   5.43773989e-04
   3.43916889e+02   3.11359268e-04
   3.43917377e+02  -3.12027754e-04
   3.43917865e+02  -7.08148349e-04
   3.43918354e+02  -7.06921215e-04
   3.43918842e+02  -3.48872651e-04
   3.43919330e+02   8.01814258e-06
   3.43919818e+02  -3.34035460e-04
   3.43920307e+02  -6.61184196e-04
   3.43920795e+02  -2.40768786e-04
   3.43921283e+02  -8.07591787e-05
   3.43921772e+02  -1.82866730e-04
   3.43922260e+02  -8.54340906e-05
   3.43922748e+02  -2.09916587e-04
   3.43923237e+02  -3.65630112e-04
   3.43923725e+02  -4.24841215e-04
   3.43924213e+02  -2.43566683e-04
   3.43924702e+02   3.79830599e-04
   3.43925190e+02   7.55454530e-04
   3.43925678e+02   7.77843932e-04
   3.43926166e+02   6.07652997e-04
   3.43926655e+02   2.95458885e-04
   3.43927143e+02   2.07041958e-04
   3.43927631e+02   2.41477799e-04
   3.43928120e+02   1.86109392e-04
   3.43928608e+02  -1.84250050e-04
   3.43929096e+02  -7.04120030e-04
   3.43929585e+02  -1.14663946e-03
   3.43930073e+02  -9.12597752e-04
   3.43930561e+02  -1.68704719e-04
   3.43931050e+02   2.37010750e-06
   3.43931538e+02  -2.94933008e-04
   3.43932026e+02  -2.31837694e-04
   3.43932514e+02   5.60035223e-05
   3.43933003e+02   1.70158106e-04
   3.43933491e+02  -8.14105879e-05
   3.43933979e+02  -5.20856469e-04
   3.43934468e+02  -6.09442650e-04
   3.43934956e+02  -3.46374494e-04
   3.43935444e+02  -3.12367163e-04
   3.43935933e+02  -1.04783670e-04
   3.43936421e+02   3.51319060e-04
   3.43936909e+02   3.79304343e-04
   3.43937398e+02   3.23795801e-04
   3.43937886e+02   1.78626273e-04
   3.43938374e+02  -3.57142038e-04
   3.43938863e+02  -7.07343745e-04
   3.43939351e+02  -6.08394097e-04
   3.43939839e+02  -3.67969071e-04
   3.43940327e+02  -1.57051618e-04
   3.43940816e+02  -1.77213253e-04
   3.43941304e+02  -2.19577123e-04
   3.43941792e+02  -9.32753173e-05
   3.43942281e+02  -1.46081307e-04
   3.43942769e+02   4.61432064e-05
   3.43943257e+02   3.42259736e-04
   3.43943746e+02   3.58497113e-04
   3.43944234e+02   4.16712428e-04
   3.43944722e+02   6.66364736e-04
   3.43945211e+02   7.05592334e-04
   3.43945699e+02   2.54052255e-04
   3.43946187e+02  -1.19900913e-04
   3.43946675e+02  -1.83213797e-05
   3.43947164e+02   1.52269713e-04
   3.43947652e+02   2.02516298e-04
   3.43948140e+02  -9.76475058e-05
   3.43948629e+02  -3.06151516e-04
   3.43949117e+02  -7.73063075e-05
   3.43949605e+02   4.35914772e-05
   3.43950094e+02   2.73757498e-04
   3.43950582e+02   6.39545498e-04
   3.43951070e+02   6.94561226e-04
   3.43951559e+02   4.56898852e-04
   3.43952047e+02   3.95373703e-04
   3.43952535e+02   1.99714515e-04
   3.43953023e+02  -7.89528785e-05
   3.43953512e+02  -2.50722078e-04
   3.43954000e+02  -7.22541648e-04
   3.43954488e+02  -5.76721795e-04
   3.43954977e+02  -1.08804539e-04
   3.43955465e+02  -2.54919316e-04
   3.43955953e+02  -3.42735526e-04
   3.43956442e+02  -2.42746482e-05
   3.43956930e+02   9.97672032e-05
   3.43957418e+02   4.72201355e-05
   3.43957907e+02  -2.22864299e-04
   3.43958395e+02  -7.19065138e-05
   3.43958883e+02   3.30560724e-04
   3.43959371e+02   2.25898402e-04
   3.43959860e+02  -2.53304333e-05
   3.43960348e+02  -3.06338043e-04
   3.43960836e+02  -5.21774520e-04
   3.43961325e+02  -3.19221203e-04
   3.43961813e+02   1.21459685e-04
   3.43962301e+02   4.19867923e-04
   3.43962790e+02   4.19495540e-04
   3.43963278e+02   2.02935917e-04
   3.43963766e+02  -1.89587256e-04
   3.43964255e+02  -3.50209797e-04
   3.43964743e+02   2.35371292e-04
   3.43965231e+02   1.01435662e-03
   3.43965719e+02   6.92821806e-04
   3.43966208e+02  -2.40623500e-04
   3.43966696e+02  -5.33264072e-04
   3.43967184e+02  -2.49515608e-04
   3.43967673e+02  -2.02136536e-04
   3.43968161e+02  -4.48642415e-04
   3.43968649e+02  -3.05119349e-04
   3.43969138e+02  -3.57323479e-05
   3.43969626e+02   8.68755887e-05
   3.43970114e+02   2.81068002e-04
   3.43970603e+02   5.80323802e-04
   3.43971091e+02   5.27829689e-04
   3.43971579e+02   2.85422466e-05
   3.43972067e+02  -2.16066139e-04
   3.43972556e+02  -1.91412502e-04
   3.43973044e+02  -9.75190342e-05
   3.43973532e+02   1.84838082e-05
   3.43974021e+02  -3.95828160e-04
   3.43974509e+02  -5.67928946e-04
   3.43974997e+02  -8.22982547e-05
   3.43975486e+02   1.89632044e-06
   3.43975974e+02  -3.11283307e-04
   3.43976462e+02  -3.55695782e-04
   3.43976951e+02  -1.22646365e-04
   3.43977439e+02   1.97668312e-04
   3.43977927e+02   3.16059188e-04
   3.43978416e+02   2.17966488e-04
   3.43978904e+02  -7.92900464e-05
   3.43979392e+02  -2.99246050e-04
   3.43979880e+02  -1.08807086e-04
   3.43980369e+02   3.56594654e-04
   3.43980857e+02   4.86680219e-04
   3.43981345e+02   3.51752096e-04
   3.43981834e+02   2.78047606e-04
   3.43982322e+02   2.45136209e-04
   3.43982810e+02   5.25332231e-04
   3.43983299e+02   7.94224732e-04
   3.43983787e+02   5.08967380e-04
   3.43984275e+02   2.45616015e-04
   3.43984764e+02   3.66756693e-04
   3.43985252e+02   2.25982934e-04
   3.43985740e+02  -7.47008162e-05
   3.43986228e+02   1.13154510e-05
   3.43986717e+02   1.49109226e-04
   3.43987205e+02   1.76671601e-04
   3.43987693e+02   1.93736007e-04
   3.43988182e+02   7.91045313e-05
   3.43988670e+02   1.07110020e-04
   3.43989158e+02   3.30536044e-04
   3.43989647e+02   2.45342671e-04
   3.43990135e+02   6.01997999e-05
   3.43990623e+02  -1.14970280e-04
   3.43991112e+02  -4.89356054e-04
   3.43991600e+02  -6.39919657e-04
   3.43992088e+02  -4.58611496e-04
   3.43992576e+02  -4.18796029e-04
   3.43993065e+02  -3.57902260e-04
   3.43993553e+02  -1.04364794e-04
   3.43994041e+02   2.82314839e-04
   3.43994530e+02   6.55623036e-04
   3.43995018e+02   5.90003561e-04
   3.43995506e+02  -7.39859479e-06
   3.43995995e+02  -7.34699250e-04
   3.43996483e+02  -8.17643828e-04
   3.43996971e+02  -5.02730836e-04
   3.43997460e+02  -4.14591013e-05
   3.43997948e+02   2.67987052e-04
   3.43998436e+02   2.55089981e-04
   3.43998924e+02   3.55944241e-04
   3.43999413e+02   1.33950685e-04
   3.43999901e+02  -3.14640813e-04
   3.44000389e+02  -2.37430286e-04
   3.44000878e+02   6.24369786e-05
   3.44001366e+02   2.76571460e-04
   3.44001854e+02   4.07695887e-04
   3.44002343e+02   4.98652807e-04
   3.44002831e+02   5.81015251e-04
   3.44003319e+02   5.29256882e-04
   3.44003808e+02   3.02772387e-04
   3.44004296e+02   4.61552059e-04
   3.44004784e+02   8.69489391e-04
   3.44005272e+02   1.04807119e-03
   3.44005761e+02   1.54214271e-03
   3.44006249e+02   1.77080475e-03
   3.44006737e+02   1.07065914e-03
   3.44007226e+02   5.30595134e-04
   3.44007714e+02   6.08769536e-04
   3.44008202e+02   1.09184533e-03
   3.44008691e+02   1.05176831e-03
   3.44009179e+02   2.53718987e-04
   3.44009667e+02  -2.89903528e-05
   3.44010156e+02   3.17772996e-04
   3.44010644e+02   6.76980999e-04
   3.44011132e+02   4.14316775e-04
   3.44011620e+02  -1.57777919e-04
   3.44012109e+02  -2.83842528e-04
   3.44012597e+02  -3.80882790e-04
   3.44013085e+02  -2.27994577e-04
   3.44013574e+02   5.31673686e-05
   3.44014062e+02  -1.09690976e-04
   3.44014550e+02  -4.17657051e-04
   3.44015039e+02  -3.69783520e-04
   3.44015527e+02  -4.38627845e-04
   3.44016015e+02  -7.23542835e-05
   3.44016504e+02   3.78581288e-04
   3.44016992e+02   4.37690323e-04
   3.44017480e+02   5.21215552e-04
   3.44017969e+02   5.74206060e-04
   3.44018457e+02   4.22118028e-04
   3.44018945e+02   1.81663963e-05
   3.44019433e+02  -5.17001317e-04
   3.44019922e+02  -5.66281378e-04
   3.44020410e+02  -7.98909168e-05
   3.44020898e+02   1.24797458e-04
   3.44021387e+02  -2.21579437e-04
   3.44021875e+02  -4.65253368e-04
   3.44022363e+02  -4.29372332e-04
   3.44022852e+02  -2.20981106e-04
   3.44023340e+02  -6.75914707e-05
   3.44023828e+02  -2.86877126e-04
   3.44024317e+02  -2.65949202e-04
   3.44024805e+02   1.15307477e-04
   3.44025293e+02   1.61667238e-04
   3.44025781e+02   1.53730125e-05
   3.44026270e+02   2.60101806e-04
   3.44026758e+02   1.48924300e-04
   3.44027246e+02  -2.95703619e-04
   3.44027735e+02   1.06236366e-04
   3.44028223e+02   5.92355267e-04
   3.44028711e+02   3.87870590e-04
   3.44029200e+02   1.60279105e-05
   3.44029688e+02  -1.69337669e-04
   3.44030176e+02  -2.08342084e-04
   3.44030665e+02  -3.87801527e-04
   3.44031153e+02  -6.08955568e-04
   3.44031641e+02  -2.69111129e-04
   3.44032129e+02   2.17086825e-04
   3.44032618e+02   1.83125303e-04
   3.44033106e+02   2.03416406e-04
   3.44033594e+02   5.81581146e-04
   3.44034083e+02   6.88375789e-04
   3.44034571e+02   4.71494597e-04
   3.44035059e+02   3.00425483e-04
   3.44035548e+02   4.51179163e-04
   3.44036036e+02   5.34396153e-04
   3.44036524e+02   2.42361377e-04
   3.44037013e+02  -7.33222114e-05
   3.44037501e+02  -2.57618609e-04
   3.44037989e+02  -2.51867488e-04
   3.44038477e+02  -2.20852700e-04
   3.44038966e+02  -2.06015524e-04
   3.44039454e+02  -2.13159408e-04
   3.44039942e+02  -1.18746153e-04
   3.44040431e+02   1.16503950e-04
   3.44040919e+02   3.20340652e-04
   3.44041407e+02   3.49506678e-04
   3.44041896e+02   1.27960651e-04
   3.44042384e+02   2.04733842e-05
   3.44042872e+02   1.19531005e-05
   3.44043361e+02  -1.98000387e-04
   3.44043849e+02  -1.36350558e-04
   3.44044337e+02  -1.10034831e-04
   3.44044825e+02  -6.21998508e-04
   3.44045314e+02  -6.42252038e-04
   3.44045802e+02  -4.27138439e-05
   3.44046290e+02   4.08223013e-06
   3.44046779e+02  -1.26544968e-04
   3.44047267e+02  -2.74194463e-05
   3.44047755e+02  -3.67809524e-04
   3.44048244e+02  -2.04086915e-04
   3.44048732e+02   5.39046770e-04
   3.44049220e+02   5.55654871e-04
   3.44049709e+02  -3.30016178e-06
   3.44050197e+02  -2.69177428e-04
   3.44050685e+02  -1.43411657e-04
   3.44051173e+02   3.16566031e-04
   3.44051662e+02   7.57928006e-04
   3.44052150e+02   4.84187709e-04
   3.44052638e+02   5.05300850e-05
   3.44053127e+02   3.60530030e-05
   3.44053615e+02  -1.27138934e-04
   3.44054103e+02  -3.17984581e-04
   3.44054592e+02  -3.73414252e-04
   3.44055080e+02  -5.12263563e-04
   3.44055568e+02  -3.18459584e-04
   3.44056057e+02  -3.05561960e-04
   3.44056545e+02  -6.85872277e-04
   3.44057033e+02  -4.80993185e-04
   3.44057522e+02  -2.49858946e-04
   3.44058010e+02  -1.55525559e-04
   3.44058498e+02   1.82159958e-04
   3.44058986e+02   1.82753909e-04
   3.44059475e+02  -6.86047570e-05
   3.44059963e+02   3.34767756e-05
   3.44060451e+02  -6.52419430e-06
   3.44060940e+02  -2.00135168e-04
   3.44061428e+02  -2.04185085e-06
   3.44061916e+02   4.03518730e-04
   3.44062405e+02   6.38228375e-04
   3.44062893e+02   4.00103192e-04
   3.44063381e+02  -1.10411362e-04
   3.44063870e+02  -2.55653489e-04
   3.44064358e+02  -1.50732289e-04
   3.44064846e+02   6.79322184e-05
   3.44065334e+02   1.89716724e-04
   3.44065823e+02  -7.51072002e-05
   3.44066311e+02  -4.51112312e-04
   3.44066799e+02  -3.55202064e-04
   3.44067288e+02  -1.45690690e-04
   3.44067776e+02  -4.20994766e-04
   3.44068264e+02  -3.07690847e-04
   3.44068753e+02   7.22049663e-05
   3.44069241e+02   7.02397156e-05
   3.44069729e+02  -1.07145723e-04
   3.44070218e+02  -1.16582007e-04
   3.44070706e+02   2.58379063e-04
   3.44071194e+02   2.32622420e-04
   3.44071682e+02  -1.60829048e-04
   3.44072171e+02  -3.10717151e-04
   3.44072659e+02  -1.97533562e-04
   3.44073147e+02  -1.78103684e-04
   3.44073636e+02  -3.23300803e-04
   3.44074124e+02  -1.60642798e-04
   3.44074612e+02   5.28104196e-04
   3.44075101e+02   6.68395369e-04
   3.44075589e+02   6.34052185e-06
   3.44076077e+02   1.06374224e-04
   3.44076566e+02   4.34670539e-04
   3.44077054e+02   2.56163068e-04
   3.44077542e+02   2.79728760e-04
   3.44078030e+02   3.60317674e-04
   3.44078519e+02   2.90586002e-04
   3.44079007e+02   2.36687905e-04
   3.44079495e+02  -1.39340773e-05
   3.44079984e+02  -3.19912797e-04
   3.44080472e+02  -3.84834653e-04
   3.44080960e+02  -2.81443092e-04
   3.44081449e+02   1.69113977e-04
   3.44081937e+02   5.58687898e-04
   3.44082425e+02   4.27434366e-04
   3.44082914e+02   3.29319919e-05
   3.44083402e+02  -1.59987940e-05
   3.44083890e+02  -2.93479734e-05
   3.44084378e+02  -4.38363873e-04
   3.44084867e+02  -4.13837464e-04
   3.44085355e+02   3.58964644e-05
   3.44085843e+02  -1.05139799e-04
   3.44086332e+02  -3.80698824e-04
   3.44086820e+02  -3.96011892e-04
   3.44087308e+02  -2.48747296e-04
   3.44087797e+02   1.56853945e-04
   3.44088285e+02   3.17366677e-04
   3.44088773e+02  -1.50870677e-04
   3.44089262e+02  -6.63845742e-04
   3.44089750e+02  -6.89674926e-04
   3.44090238e+02  -1.41172437e-04
   3.44090726e+02   2.59414694e-04
   3.44091215e+02   1.47438332e-04
   3.44091703e+02   1.81799987e-05
   3.44092191e+02  -6.96461211e-05
   3.44092680e+02  -3.97113436e-05
   3.44093168e+02  -5.58045722e-05
   3.44093656e+02  -2.75025435e-04
   3.44094145e+02  -2.91356206e-04
   3.44094633e+02  -2.52762547e-04
   3.44095121e+02  -2.94164667e-04
   3.44095610e+02   6.51102391e-06
   3.44096098e+02   2.74796243e-04
   3.44096586e+02   3.88802728e-04
   3.44097075e+02   3.80033336e-04
   3.44097563e+02   1.74866771e-04
   3.44098051e+02  -7.64509593e-07
   3.44098539e+02  -3.43655003e-04
   3.44099028e+02  -4.06537089e-04
   3.44099516e+02  -1.43860758e-04
   3.44100004e+02  -9.04599001e-05
   3.44100493e+02   6.59309371e-05
   3.44100981e+02   2.11885097e-04
   3.44101469e+02   1.60142023e-04
   3.44101958e+02   4.94323613e-05
   3.44102446e+02  -2.85261285e-06
   3.44102934e+02   9.56854024e-07
   3.44103423e+02   5.01722570e-05
   3.44103911e+02   7.96899185e-05
   3.44104399e+02  -1.08814107e-04
   3.44104887e+02  -2.71444704e-04
   3.44105376e+02  -1.24983620e-04
   3.44105864e+02   1.76287067e-04
   3.44106352e+02   1.78528266e-04
   3.44106841e+02   9.22591353e-05
   3.44107329e+02   2.62130401e-04
   3.44107817e+02   3.10992793e-04
   3.44108306e+02   1.06265223e-04
   3.44108794e+02   2.14393163e-04
   3.44109282e+02  -1.18549287e-04
   3.44109771e+02  -1.22646487e-03
   3.44110259e+02  -1.34861830e-03
   3.44110747e+02  -4.83573531e-04
   3.44111235e+02   2.17413151e-04
   3.44111724e+02   3.36256839e-04
   3.44112212e+02   1.20581935e-04
   3.44112700e+02   3.72012670e-04
   3.44113189e+02   9.79970675e-04
   3.44113677e+02   9.69766290e-04
   3.44114165e+02   5.05827600e-04
   3.44114654e+02   2.65844719e-04
   3.44115142e+02   4.53638117e-04
   3.44115630e+02   4.99254616e-04
   3.44116119e+02   1.25504594e-05
   3.44116607e+02  -3.80702375e-04
   3.44117095e+02  -2.25903015e-04
   3.44117583e+02   7.14918569e-05
   3.44118072e+02   1.84519726e-04
   3.44118560e+02   1.97708578e-04
   3.44119048e+02  -4.36184491e-05
   3.44119537e+02  -3.79962032e-04
   3.44120025e+02  -4.16526076e-04
   3.44120513e+02  -2.05986391e-04
   3.44121002e+02   1.80421863e-04
   3.44121490e+02   2.00001828e-04
   3.44121978e+02   2.30368241e-05
   3.44122467e+02   3.00331769e-04
   3.44122955e+02   3.42459738e-04
   3.44123443e+02  -1.52526845e-04
   3.44123931e+02  -1.89392915e-04
   3.44124420e+02  -1.98432812e-04
   3.44124908e+02  -5.29429293e-04
   3.44125396e+02  -4.51979839e-04
   3.44125885e+02  -1.85832163e-04
   3.44126373e+02  -2.65767041e-04
   3.44126861e+02  -1.86269797e-04
   3.44127350e+02   1.98512687e-04
   3.44127838e+02   1.88334845e-04
   3.44128326e+02   1.02546312e-06
   3.44128815e+02  -4.18606287e-05
   3.44129303e+02  -2.23316485e-04
   3.44129791e+02  -3.48718080e-04
   3.44130279e+02  -9.14398988e-05
   3.44130768e+02   3.06801434e-04
   3.44131256e+02   4.35179973e-04
   3.44131744e+02   3.79359437e-04
   3.44132233e+02   2.36530643e-04
   3.44132721e+02  -2.82669498e-04
   3.44133209e+02  -7.98352645e-04
   3.44133698e+02  -6.92338799e-04
   3.44134186e+02  -3.85951600e-04
   3.44134674e+02  -6.07182563e-04
   3.44135163e+02  -7.44103803e-04
   3.44135651e+02  -3.78113531e-04
   3.44136139e+02   8.42981899e-05
   3.44136628e+02   1.52281398e-04
   3.44137116e+02  -1.20850782e-04
   3.44137604e+02  -2.78574385e-04
   3.44138092e+02  -2.57669541e-04
   3.44138581e+02  -4.39532421e-04
   3.44139069e+02  -5.78062318e-04
   3.44139557e+02  -3.26969574e-04
   3.44140046e+02   6.91184832e-05
   3.44140534e+02   3.23780085e-04
   3.44141022e+02   3.40931797e-06
   3.44141511e+02  -4.56622365e-04
   3.44141999e+02  -1.09798042e-04
   3.44142487e+02   1.58172115e-04
   3.44142976e+02  -1.92778913e-04
   3.44143464e+02  -4.51691070e-04
   3.44143952e+02  -4.30890796e-04
   3.44144440e+02  -3.04233370e-04
   3.44144929e+02  -2.75606755e-04
   3.44145417e+02  -7.81041599e-05
   3.44145905e+02   2.28683799e-04
   3.44146394e+02   6.51746377e-05
   3.44146882e+02   4.37569724e-05
   3.44147370e+02   3.72472889e-04
   3.44147859e+02   7.99630827e-04
   3.44148347e+02   9.60969774e-04
   3.44148835e+02   5.21219452e-04
   3.44149324e+02   1.41850658e-04
   3.44149812e+02   2.24575284e-04
   3.44150300e+02   3.51939496e-04
   3.44150788e+02   6.14453820e-05
   3.44151277e+02  -2.51640216e-04
   3.44151765e+02  -4.09499989e-05
   3.44152253e+02   4.17111994e-04
   3.44152742e+02   5.16367436e-04
   3.44153230e+02   1.36046743e-04
   3.44153718e+02  -2.11705672e-04
   3.44154207e+02  -2.58208893e-04
   3.44154695e+02   3.55462180e-05
   3.44155183e+02   3.45304055e-04
   3.44155672e+02   6.01659762e-04
   3.44156160e+02   4.95157496e-04
   3.44156648e+02   2.26606280e-04
   3.44157136e+02   4.98605426e-04
   3.44157625e+02   6.57292025e-04
   3.44158113e+02   2.74786784e-04
   3.44158601e+02   4.63256620e-05
   3.44159090e+02   1.77076421e-04
   3.44159578e+02   2.29606274e-04
   3.44160066e+02   3.43843800e-04
   3.44160555e+02   3.78638040e-04
   3.44161043e+02  -1.12810503e-05
   3.44161531e+02  -1.23193531e-04
   3.44162020e+02   2.09597158e-04
   3.44162508e+02   5.54520695e-04
   3.44162996e+02   4.53649613e-04
   3.44163484e+02  -1.12235408e-04
   3.44163973e+02  -1.33221925e-04
   3.44164461e+02   2.25656171e-04
   3.44164949e+02  -3.84728519e-05
   3.44165438e+02  -3.55890515e-04
   3.44165926e+02  -5.21654845e-04
   3.44166414e+02  -6.78075128e-04
   3.44166903e+02  -1.11131463e-04
   3.44167391e+02   5.62573434e-04
   3.44167879e+02   3.02965462e-04
   3.44168368e+02  -3.16011632e-04
   3.44168856e+02  -6.41466177e-04
   3.44169344e+02  -4.96511930e-04
   3.44169832e+02  -1.81974625e-04
   3.44170321e+02   1.12144939e-04
   3.44170809e+02   2.43795424e-04
   3.44171297e+02   2.16842542e-04
   3.44171786e+02   4.00886056e-04
   3.44172274e+02   4.24606143e-04
   3.44172762e+02  -1.14055947e-04
   3.44173251e+02  -5.27862518e-04
   3.44173739e+02  -5.11176360e-04
   3.44174227e+02  -4.30933607e-04
   3.44174716e+02  -2.85236281e-04
   3.44175204e+02  -2.06584227e-04
   3.44175692e+02  -1.35378272e-04
   3.44176181e+02  -9.35365642e-06
   3.44176669e+02   2.61234181e-05
   3.44177157e+02  -5.25870928e-05
   3.44177645e+02  -1.11084039e-04
   3.44178134e+02  -2.97446040e-05
   3.44178622e+02   1.29831260e-05
   3.44179110e+02   1.22869766e-04
   3.44179599e+02   2.08357989e-04
   3.44180087e+02  -2.25286749e-05
   3.44180575e+02  -1.48668303e-04
   3.44181064e+02  -1.26847139e-04
   3.44181552e+02  -3.04942805e-04
   3.44182040e+02  -1.06813633e-04
   3.44182529e+02   2.63555674e-04
   3.44183017e+02   2.06176817e-04
   3.44183505e+02  -1.55658359e-04
   3.44183993e+02  -6.70451089e-04
   3.44184482e+02  -7.70704064e-04
   3.44184970e+02  -4.39158845e-04
   3.44185458e+02  -1.08297594e-04
   3.44185947e+02   1.22029742e-04
   3.44186435e+02   5.32744103e-04
   3.44186923e+02   1.02328812e-03
   3.44187412e+02   8.44320748e-04
   3.44187900e+02   2.25396827e-04
   3.44188388e+02  -2.52541140e-05
   3.44188877e+02  -8.34718885e-05
   3.44189365e+02  -1.23469799e-04
   3.44189853e+02   1.26341780e-04
   3.44190341e+02   2.30491089e-04
   3.44190830e+02   1.56266819e-04
   3.44191318e+02   1.64753175e-04
   3.44191806e+02   3.49968868e-05
   3.44192295e+02  -9.11484094e-05
   3.44192783e+02  -1.84857254e-06
   3.44193271e+02  -1.91066028e-05
   3.44193760e+02  -5.10050813e-05
   3.44194248e+02  -7.21575634e-05
   3.44194736e+02   4.35918264e-05
   3.44195225e+02   3.44617059e-04
   3.44195713e+02   1.67039208e-04
   3.44196201e+02  -9.19675513e-05
   3.44196689e+02  -2.77345360e-04
   3.44197178e+02  -7.99093570e-04
   3.44197666e+02  -8.25035037e-04
   3.44198154e+02  -1.53536108e-04
   3.44198643e+02   1.15855932e-04
   3.44199131e+02  -7.95179076e-05
   3.44199619e+02  -1.97968358e-04
   3.44200108e+02  -1.86893987e-04
   3.44200596e+02  -4.97170804e-05
   3.44201084e+02  -5.54514445e-05
   3.44201573e+02  -6.84493789e-05
   3.44202061e+02   2.64071074e-04
   3.44202549e+02   6.27583184e-04
   3.44203037e+02   5.31611149e-04
   3.44203526e+02   2.46084557e-04
   3.44204014e+02   1.87057987e-04
   3.44204502e+02   3.23899410e-04
   3.44204991e+02   5.08474768e-04
   3.44205479e+02   2.67552357e-04
   3.44205967e+02  -3.35091841e-04
   3.44206456e+02  -2.99932755e-04
   3.44206944e+02   4.80140297e-05
   3.44207432e+02   8.33187951e-05
   3.44207921e+02   1.89710423e-04
   3.44208409e+02   3.85936903e-04
   3.44208897e+02   2.99421663e-04
   3.44209385e+02   1.11914691e-04
   3.44209874e+02   1.45285303e-04
   3.44210362e+02   2.41843838e-04
   3.44210850e+02  -6.14270175e-06
   3.44211339e+02  -3.34822864e-04
   3.44211827e+02  -1.31224806e-04
   3.44212315e+02   2.69588316e-04
   3.44212804e+02   1.49868851e-04
   3.44213292e+02  -2.60595087e-04
   3.44213780e+02   1.35840837e-05
   3.44214269e+02   5.31208992e-04
   3.44214757e+02   3.99487733e-04
   3.44215245e+02   2.01548064e-05
   3.44215734e+02  -1.01698670e-05
   3.44216222e+02   1.81203635e-04
   3.44216710e+02   9.15173368e-05
   3.44217198e+02  -1.38982519e-04
   3.44217687e+02  -2.41498114e-04
   3.44218175e+02  -1.76396425e-04
   3.44218663e+02  -2.35204516e-05
   3.44219152e+02   1.61926757e-04
   3.44219640e+02   2.37564032e-04
   3.44220128e+02   4.33705536e-05
   3.44220617e+02  -1.64348356e-04
   3.44221105e+02  -2.68793287e-04
   3.44221593e+02  -3.41339677e-04
   3.44222082e+02  -1.81633426e-04
   3.44222570e+02   1.59826639e-04
   3.44223058e+02   6.09308481e-04
   3.44223546e+02   5.42817696e-04
   3.44224035e+02   7.04894701e-05
   3.44224523e+02  -1.38612988e-04
   3.44225011e+02  -5.13275270e-04
   3.44225500e+02  -9.14146891e-04
   3.44225988e+02  -7.70648126e-04
   3.44226476e+02  -5.24689851e-04
   3.44226965e+02  -5.28336212e-04
   3.44227453e+02  -6.21722487e-04
   3.44227941e+02  -6.68687222e-04
   3.44228430e+02  -3.33498610e-04
   3.44228918e+02   2.03630829e-04
   3.44229406e+02   2.21041628e-04
   3.44229894e+02   1.03241815e-04
   3.44230383e+02  -1.01363903e-05
   3.44230871e+02  -4.29319858e-04
   3.44231359e+02  -6.74521376e-04
   3.44231848e+02  -3.16029473e-04
   3.44232336e+02   9.99895856e-05
   3.44232824e+02   8.95889825e-05
   3.44233313e+02  -1.07494925e-04
   3.44233801e+02  -2.28653400e-04
   3.44234289e+02  -1.64920886e-04
   3.44234778e+02   1.04364764e-04
   3.44235266e+02   1.91695741e-04
   3.44235754e+02   3.05261965e-05
   3.44236242e+02   2.01472194e-05
   3.44236731e+02  -2.65246519e-04
   3.44237219e+02  -5.01869537e-04
   3.44237707e+02  -2.82782508e-04
   3.44238196e+02   2.54266324e-05
   3.44238684e+02   4.51657310e-04
   3.44239172e+02   6.49368041e-04
   3.44239661e+02   3.21568630e-04
   3.44240149e+02   5.08587225e-04
   3.44240637e+02   8.55543534e-04
   3.44241126e+02   3.80317419e-04
   3.44241614e+02  -1.41611701e-04
   3.44242102e+02  -9.47430963e-05
   3.44242590e+02   1.40158983e-04
   3.44243079e+02   1.12266782e-04
   3.44243567e+02   8.85195695e-05
   3.44244055e+02   2.40723355e-04
   3.44244544e+02   2.27478915e-04
   3.44245032e+02   2.91808974e-04
   3.44245520e+02   4.60463081e-04
   3.44246009e+02   3.85751133e-04
   3.44246497e+02   2.56571890e-04
   3.44246985e+02  -8.91344534e-05
   3.44247474e+02  -1.15773037e-04
   3.44247962e+02   1.76691072e-04
   3.44248450e+02   1.11623296e-04
   3.44248938e+02   1.29079446e-04
   3.44249427e+02   7.78878340e-04
   3.44249915e+02   7.27118284e-04
   3.44250403e+02   4.18834301e-04
   3.44250892e+02   5.35405648e-04
   3.44251380e+02   2.70081422e-04
   3.44251868e+02  -2.01376504e-04
   3.44252357e+02  -2.26401717e-05
   3.44252845e+02   2.06804049e-04
   3.44253333e+02   1.37338517e-04
   3.44253822e+02   1.62317316e-04
   3.44254310e+02   2.18005618e-04
   3.44254798e+02   2.29959944e-04
   3.44255286e+02   4.50010302e-05
   3.44255775e+02  -1.14807604e-04
   3.44256263e+02  -1.00761834e-04
   3.44256751e+02  -1.96355075e-04
   3.44257240e+02  -8.62956003e-05
   3.44257728e+02   1.84231412e-05
   3.44258216e+02  -4.48914507e-04
   3.44258705e+02  -5.85305970e-04
   3.44259193e+02  -1.64860656e-04
   3.44259681e+02  -1.47292201e-04
   3.44260170e+02  -1.79315932e-04
   3.44260658e+02   5.11860671e-05
   3.44261146e+02  -9.26672947e-05
   3.44261635e+02  -3.59768630e-04
   3.44262123e+02  -1.35607188e-04
   3.44262611e+02  -2.71027329e-05
   3.44263099e+02  -4.36237111e-04
   3.44263588e+02  -4.88021265e-04
   3.44264076e+02  -2.58914602e-04
   3.44264564e+02  -1.02011894e-04
   3.44265053e+02  -1.65214398e-04
   3.44265541e+02  -2.57899490e-04
   3.44266029e+02   1.97315647e-04
   3.44266518e+02   4.74719302e-04
   3.44267006e+02   1.70824424e-04
   3.44267494e+02   3.33335280e-04
   3.44267983e+02   5.66381612e-04
   3.44268471e+02   4.29108884e-04
   3.44268959e+02   1.03373743e-04
   3.44269447e+02  -2.13673979e-04
   3.44269936e+02  -1.35465612e-04
   3.44270424e+02   1.00357356e-04
   3.44270912e+02   7.91963248e-05
   3.44271401e+02  -8.55366579e-06
   3.44271889e+02  -1.46479884e-04
   3.44272377e+02  -3.02033732e-04
   3.44272866e+02  -1.97308953e-04
   3.44273354e+02  -1.14049915e-04
   3.44273842e+02  -2.21916387e-04
   3.44274331e+02  -2.00246897e-04
   3.44274819e+02  -1.27943596e-04
   3.44275307e+02  -1.33656475e-04
   3.44275795e+02   1.41159166e-04
   3.44276284e+02   5.29207464e-04
   3.44276772e+02   4.77186200e-04
   3.44277260e+02   2.23845636e-04
   3.44277749e+02  -5.25837422e-05
   3.44278237e+02  -1.22224752e-04
   3.44278725e+02  -8.79862855e-05
   3.44279214e+02  -2.83405767e-04
   3.44279702e+02  -4.52478882e-04
   3.44280190e+02  -2.67419324e-04
   3.44280679e+02  -1.80560557e-04
   3.44281167e+02  -6.75582909e-04
   3.44281655e+02  -1.08566671e-03
   3.44282143e+02  -7.56733993e-04
   3.44282632e+02  -1.37095403e-05
   3.44283120e+02   3.01702617e-04
   3.44283608e+02   3.16462276e-04
   3.44284097e+02   1.90753475e-04
   3.44284585e+02   1.02266313e-04
   3.44285073e+02   4.63968201e-04
   3.44285562e+02   5.20330388e-04
   3.44286050e+02   2.03732678e-04
   3.44286538e+02  -1.92327898e-05
   3.44287027e+02  -4.55554837e-04
   3.44287515e+02  -5.62511210e-04
   3.44288003e+02   3.21491680e-05
   3.44288491e+02   3.19833169e-04
   3.44288980e+02  -2.37313332e-04
   3.44289468e+02  -6.45728724e-04
   3.44289956e+02  -3.94313043e-04
   3.44290445e+02  -3.03951034e-04
   3.44290933e+02  -3.23789223e-04
   3.44291421e+02   1.34269838e-04
   3.44291910e+02   4.69691731e-04
   3.44292398e+02   3.33944103e-04
   3.44292886e+02   6.98341828e-05
   3.44293375e+02  -3.25477740e-05
   3.44293863e+02   1.03633130e-04
   3.44294351e+02   4.44135549e-05
   3.44294839e+02  -2.07462581e-04
   3.44295328e+02   3.43450192e-05
   3.44295816e+02   2.97130056e-04
   3.44296304e+02   3.72173788e-04
   3.44296793e+02   3.25175555e-04
   3.44297281e+02  -1.90938255e-04
   3.44297769e+02  -4.72749758e-04
   3.44298258e+02  -3.71459828e-05
   3.44298746e+02   3.50348157e-04
   3.44299234e+02   4.85645432e-05
   3.44299723e+02  -2.06617871e-04
   3.44300211e+02  -3.10834439e-04
   3.44300699e+02  -4.46781574e-04
   3.44301188e+02  -3.47092340e-04
   3.44301676e+02  -3.27934744e-04
   3.44302164e+02  -6.03011285e-04
   3.44302652e+02  -4.55515692e-04
   3.44303141e+02   1.02501166e-04
   3.44303629e+02   3.66254098e-04
   3.44304117e+02   3.24936467e-04
   3.44304606e+02   1.53355824e-04
   3.44305094e+02   4.83423501e-05
   3.44305582e+02   6.96854186e-05
   3.44306071e+02  -1.17644231e-04
   3.44306559e+02  -3.01652501e-04
   3.44307047e+02  -1.75466106e-04
   3.44307536e+02   1.86701218e-04
   3.44308024e+02   4.91868064e-04
   3.44308512e+02   2.70163204e-04
   3.44309000e+02   3.87754808e-05
   3.44309489e+02   4.00270888e-04
   3.44309977e+02   7.60042283e-04
   3.44310465e+02   6.14060380e-04
   3.44310954e+02   3.13142838e-04
   3.44311442e+02   9.50372778e-05
   3.44311930e+02  -1.88822378e-04
   3.44312419e+02  -1.93478729e-04
   3.44312907e+02  -8.15899548e-05
   3.44313395e+02  -1.44566045e-04
   3.44313884e+02   1.36962874e-04
   3.44314372e+02   2.83696252e-04
   3.44314860e+02  -1.51758111e-04
   3.44315348e+02  -4.07975313e-04
   3.44315837e+02  -3.00060870e-04
   3.44316325e+02  -8.49930948e-05
   3.44316813e+02  -2.10194321e-05
   3.44317302e+02  -2.56139087e-04
   3.44317790e+02  -3.42770567e-04
   3.44318278e+02  -5.89529009e-05
   3.44318767e+02  -1.00669400e-04
   3.44319255e+02  -4.76875546e-04
   3.44319743e+02  -3.69832414e-04
   3.44320232e+02  -1.50638589e-04
   3.44320720e+02  -1.11756475e-04
   3.44321208e+02  -1.82554708e-04
   3.44321696e+02  -5.29107812e-04
   3.44322185e+02  -6.48613030e-04
   3.44322673e+02  -2.87992094e-04
   3.44323161e+02  -1.55048328e-05
   3.44323650e+02  -2.58309999e-04
   3.44324138e+02  -5.80667984e-04
   3.44324626e+02  -5.91472490e-04
   3.44325115e+02  -4.83722222e-04
   3.44325603e+02  -1.08363958e-04
   3.44326091e+02   1.89900296e-04
   3.44326580e+02   3.05598864e-04
   3.44327068e+02   4.81108553e-04
   3.44327556e+02   1.39115378e-04
   3.44328044e+02  -5.02144510e-04
   3.44328533e+02  -4.78654954e-04
   3.44329021e+02   2.53695252e-05
   3.44329509e+02   9.70845431e-05
   3.44329998e+02   1.41545155e-04
   3.44330486e+02   3.24390363e-04
   3.44330974e+02   2.19189256e-04
   3.44331463e+02  -3.85123894e-05
   3.44331951e+02  -1.77766487e-04
   3.44332439e+02   1.62821772e-04
   3.44332928e+02   6.98829535e-04
   3.44333416e+02   7.11295463e-04
   3.44333904e+02   3.70962603e-04
   3.44334392e+02   1.23937469e-04
   3.44334881e+02   1.48728679e-04
   3.44335369e+02  -8.60571890e-05
   3.44335857e+02  -7.28241983e-04
   3.44336346e+02  -9.48850065e-04
   3.44336834e+02  -3.32732510e-04
   3.44337322e+02   3.69539339e-04
   3.44337811e+02   7.05090351e-04
   3.44338299e+02   5.31523372e-04
   3.44338787e+02  -1.50026259e-04
   3.44339276e+02  -4.65651450e-04
   3.44339764e+02  -4.63181495e-04
   3.44340252e+02  -4.25361475e-04
   3.44340741e+02  -1.07482840e-04
   3.44341229e+02   1.37728512e-05
   3.44341717e+02   4.54428737e-05
   3.44342205e+02   1.82911346e-04
   3.44342694e+02   2.61561683e-04
   3.44343182e+02   1.70376166e-04
   3.44343670e+02  -2.63882946e-04
   3.44344159e+02  -2.64428149e-04
   3.44344647e+02   2.57286942e-04
   3.44345135e+02   5.99833322e-04
   3.44345624e+02   6.39240490e-04
   3.44346112e+02   4.05368133e-04
   3.44346600e+02   1.03515544e-04
   3.44347089e+02   1.08421722e-04
   3.44347577e+02   3.72991752e-04
   3.44348065e+02   1.00909609e-04
   3.44348553e+02  -1.20063247e-04
   3.44349042e+02   1.02933205e-04
   3.44349530e+02  -4.46044171e-04
   3.44350018e+02  -1.06249633e-03
   3.44350507e+02  -8.04567477e-04
   3.44350995e+02  -2.77173211e-04
   3.44351483e+02   7.67680031e-05
   3.44351972e+02   4.49693107e-06
   3.44352460e+02  -1.72267202e-04
   3.44352948e+02  -1.98539987e-04
   3.44353437e+02  -2.23609924e-04
   3.44353925e+02  -2.04462092e-04
   3.44354413e+02  -1.11631343e-04
   3.44354901e+02  -8.00919952e-05
   3.44355390e+02  -5.29152785e-05
   3.44355878e+02   1.16186129e-04
   3.44356366e+02  -6.86936764e-05
   3.44356855e+02  -3.07678682e-04
   3.44357343e+02  -6.95641138e-05
   3.44357831e+02  -1.01955004e-04
   3.44358320e+02  -3.98789765e-04
   3.44358808e+02  -4.41718352e-04
   3.44359296e+02  -3.51583032e-04
   3.44359785e+02  -2.82226276e-04
   3.44360273e+02  -3.51612107e-04
   3.44360761e+02  -2.83692614e-04
   3.44361249e+02  -1.12997541e-05
   3.44361738e+02  -1.24515296e-04
   3.44362226e+02  -4.09182016e-04
   3.44362714e+02  -3.43101332e-04
   3.44363203e+02  -1.77677750e-04
   3.44363691e+02  -1.33354970e-05
   3.44364179e+02   1.62147859e-04
   3.44364668e+02   1.62240962e-04
   3.44365156e+02  -1.65384787e-04
   3.44365644e+02  -3.41890700e-04
   3.44366133e+02  -4.39295000e-05
   3.44366621e+02   1.01391088e-04
   3.44367109e+02   3.37174948e-04
   3.44367597e+02   4.45889687e-04
   3.44368086e+02   2.81073619e-04
   3.44368574e+02   3.55497381e-04
   3.44369062e+02   2.68108997e-04
   3.44369551e+02  -1.07493528e-04
   3.44370039e+02  -1.42042962e-04
   3.44370527e+02   9.33305564e-05
   3.44371016e+02  -2.41235626e-04
   3.44371504e+02  -7.97978835e-04
   3.44371992e+02  -7.00309465e-04
   3.44372481e+02  -3.82358441e-04
   3.44372969e+02  -1.14878894e-04
   3.44373457e+02   2.22796043e-05
   3.44373945e+02   3.89343222e-06
   3.44374434e+02   2.09815029e-04
   3.44374922e+02   2.74466671e-04
   3.44375410e+02  -1.24241313e-04
   3.44375899e+02  -2.65040551e-04
   3.44376387e+02  -9.77011005e-05
   3.44376875e+02   9.73314891e-05
   3.44377364e+02   1.13579983e-04
   3.44377852e+02  -1.00045625e-04
   3.44378340e+02  -3.23202490e-04
   3.44378829e+02  -4.83954471e-04
   3.44379317e+02  -3.72926530e-04
   3.44379805e+02  -6.14595483e-05
   3.44380294e+02   3.33247735e-05
   3.44380782e+02   2.42206920e-06
   3.44381270e+02  -8.64060567e-05
   3.44381758e+02  -4.21408331e-05
   3.44382247e+02   8.54062819e-05
   3.44382735e+02   2.65958515e-04
   3.44383223e+02   6.11636846e-04
   3.44383712e+02   8.46616284e-04
   3.44384200e+02   6.76855328e-04
   3.44384688e+02   8.15155072e-05
   3.44385177e+02  -3.20495281e-04
   3.44385665e+02   5.91885037e-05
   3.44386153e+02   5.86116919e-04
   3.44386642e+02   4.61452670e-04
   3.44387130e+02   2.11882492e-04
   3.44387618e+02   4.44516307e-04
   3.44388106e+02   6.00242522e-04
   3.44388595e+02   2.04745826e-04
   3.44389083e+02  -3.72233510e-04
   3.44389571e+02  -5.19440917e-04
   3.44390060e+02  -2.32238715e-04
   3.44390548e+02  -5.91464304e-05
   3.44391036e+02  -1.09548819e-04
   3.44391525e+02  -1.97173547e-04
   3.44392013e+02  -1.54953398e-06
   3.44392501e+02   3.22639942e-04
   3.44392990e+02   6.28332127e-05
   3.44393478e+02  -6.59269863e-04
   3.44393966e+02  -8.95966543e-04
   3.44394454e+02  -6.31764240e-04
   3.44394943e+02  -3.10667063e-04
   3.44395431e+02   1.16844767e-05
   3.44395919e+02  -9.09571681e-05
   3.44396408e+02  -3.51461436e-04
   3.44396896e+02  -4.60443727e-04
   3.44397384e+02  -4.38200834e-04
   3.44397873e+02  -2.84552138e-04
   3.44398361e+02   1.29311316e-04
   3.44398849e+02   2.92224111e-04
   3.44399338e+02  -3.16868798e-04
   3.44399826e+02  -6.42742321e-04
   3.44400314e+02  -2.36158288e-04
   3.44400802e+02   4.19538119e-04
   3.44401291e+02   6.14980992e-04
   3.44401779e+02   1.84899865e-04
   3.44402267e+02   4.06364634e-05
   3.44402756e+02   2.23307245e-04
   3.44403244e+02   3.77254240e-04
   3.44403732e+02   2.13207357e-04
   3.44404221e+02  -1.99673072e-04
   3.44404709e+02  -5.05775388e-04
   3.44405197e+02  -3.26968351e-04
   3.44405686e+02  -3.00845441e-05
   3.44406174e+02  -2.24026826e-05
   3.44406662e+02   1.45764643e-04
   3.44407150e+02   1.32324552e-04
   3.44407639e+02  -4.00695106e-04
   3.44408127e+02  -5.55593171e-04
   3.44408615e+02  -3.87946988e-04
   3.44409104e+02  -3.49499256e-04
   3.44409592e+02  -1.61048185e-04
   3.44410080e+02   3.41052946e-04
   3.44410569e+02   4.50685620e-04
   3.44411057e+02   2.04605356e-04
   3.44411545e+02   2.15409746e-05
   3.44412034e+02  -2.26426782e-04
   3.44412522e+02  -3.71285103e-04
   3.44413010e+02  -1.61443837e-04
   3.44413498e+02  -1.79403345e-04
   3.44413987e+02  -7.44128891e-04
   3.44414475e+02  -1.09394954e-03
   3.44414963e+02  -1.00439473e-03
   3.44415452e+02  -5.73944650e-04
   3.44415940e+02  -2.41100875e-04
   3.44416428e+02  -2.51289748e-04
   3.44416917e+02  -6.98227450e-05
   3.44417405e+02   2.17519540e-04
   3.44417893e+02   2.95200240e-04
   3.44418382e+02  -3.94987146e-05
   3.44418870e+02  -4.11666726e-04
   3.44419358e+02  -1.96630965e-04
   3.44419847e+02   4.46296726e-05
   3.44420335e+02  -9.01354433e-05
   3.44420823e+02  -1.34333357e-04
   3.44421311e+02  -1.46967213e-05
   3.44421800e+02   5.75582199e-05
   3.44422288e+02  -3.22076259e-04
   3.44422776e+02  -7.66307116e-04
   3.44423265e+02  -4.93891712e-04
   3.44423753e+02   8.64146350e-05
   3.44424241e+02   9.80390614e-05
   3.44424730e+02  -9.22445543e-05
   3.44425218e+02   9.78232274e-05
   3.44425706e+02   1.92177511e-04
   3.44426195e+02   1.36301082e-04
   3.44426683e+02   1.00596793e-04
   3.44427171e+02   5.87204268e-05
   3.44427659e+02   2.17269298e-05
   3.44428148e+02  -2.37053158e-04
   3.44428636e+02  -4.49920713e-04
   3.44429124e+02  -6.23162370e-04
   3.44429613e+02  -6.13994082e-04
   3.44430101e+02  -2.26960648e-04
   3.44430589e+02  -1.80643183e-05
   3.44431078e+02  -3.00065411e-04
   3.44431566e+02  -4.15223214e-04
   3.44432054e+02  -2.34390653e-04
   3.44432543e+02  -3.05781141e-04
   3.44433031e+02  -2.61747016e-04
   3.44433519e+02  -8.68936258e-05
   3.44434007e+02  -1.29912063e-04
   3.44434496e+02  -2.54515144e-05
   3.44434984e+02   1.28705695e-04
   3.44435472e+02   1.97666054e-06
   3.44435961e+02   7.79700986e-06
   3.44436449e+02   8.61637382e-05
   3.44436937e+02  -1.92065112e-04
   3.44437426e+02  -3.98305245e-04
   3.44437914e+02  -3.38164537e-04
   3.44438402e+02  -3.43624153e-04
   3.44438891e+02  -5.06353274e-04
   3.44439379e+02  -5.34084102e-04
   3.44439867e+02  -4.03625832e-04
   3.44440355e+02  -2.40772191e-04
   3.44440844e+02  -1.16122930e-04
   3.44441332e+02  -1.28173619e-04
   3.44441820e+02   9.36159631e-06
   3.44442309e+02   3.08802264e-04
   3.44442797e+02   2.36313892e-04
   3.44443285e+02  -1.99911083e-04
   3.44443774e+02  -2.89673015e-04
   3.44444262e+02  -5.27278426e-05
   3.44444750e+02   1.57279996e-04
   3.44445239e+02   2.64141650e-04
   3.44445727e+02   1.10134708e-04
   3.44446215e+02  -8.07740289e-05
   3.44446703e+02  -1.64274141e-04
   3.44447192e+02  -1.65189995e-04
   3.44447680e+02  -2.05061166e-04
   3.44448168e+02  -1.54467692e-04
   3.44448657e+02   1.15034090e-04
   3.44449145e+02  -1.60007592e-04
   3.44449633e+02  -5.77308470e-04
   3.44450122e+02  -3.20211810e-04
   3.44450610e+02  -4.08061242e-05
   3.44451098e+02  -3.90309360e-05
   3.44451587e+02   8.94082041e-05
   3.44452075e+02   4.04045393e-04
   3.44452563e+02   3.91851907e-04
   3.44453051e+02   1.55352027e-04
   3.44453540e+02   2.10409871e-05
   3.44454028e+02   4.89488884e-05
   3.44454516e+02   5.67836969e-06
   3.44455005e+02  -7.03625192e-05
   3.44455493e+02   7.70685074e-05
   3.44455981e+02   2.03579053e-04
   3.44456470e+02  -3.52638854e-05
   3.44456958e+02  -2.83305417e-04
   3.44457446e+02  -3.25753441e-04
   3.44457935e+02  -3.79738573e-04
   3.44458423e+02  -4.07159096e-04
   3.44458911e+02  -2.45486968e-04
   3.44459400e+02   1.55889284e-04
   3.44459888e+02   2.67217518e-04
   3.44460376e+02  -1.96288180e-04
   3.44460864e+02  -3.25365050e-04
   3.44461353e+02   1.96830861e-05
   3.44461841e+02   3.45463981e-04
   3.44462329e+02   3.63644707e-04
   3.44462818e+02  -1.50408101e-04
   3.44463306e+02  -2.79377127e-04
   3.44463794e+02   3.96303585e-05
   3.44464283e+02   7.26293074e-05
   3.44464771e+02   1.85092998e-04
   3.44465259e+02   3.44698346e-04
   3.44465748e+02   2.06586075e-04
   3.44466236e+02   2.59963485e-06
   3.44466724e+02  -3.60657461e-04
   3.44467212e+02  -8.34276841e-04
   3.44467701e+02  -7.33819907e-04
   3.44468189e+02  -3.85469757e-04
   3.44468677e+02  -3.72846378e-04
   3.44469166e+02  -3.13240220e-04
   3.44469654e+02   1.42505509e-04
   3.44470142e+02   4.95127693e-04
   3.44470631e+02   1.03879065e-04
   3.44471119e+02  -2.10588070e-04
   3.44471607e+02   5.97969483e-05
   3.44472096e+02   7.43442433e-05
   3.44472584e+02  -2.30015794e-04
   3.44473072e+02  -1.97426692e-04
   3.44473560e+02   4.43168683e-05
   3.44474049e+02  -2.18582209e-04
   3.44474537e+02  -4.98902926e-04
   3.44475025e+02  -5.00976515e-04
   3.44475514e+02  -6.01804466e-04
   3.44476002e+02  -4.19198012e-04
   3.44476490e+02  -3.85577951e-05
   3.44476979e+02  -1.87784699e-05
   3.44477467e+02  -1.68420287e-04
   3.44477955e+02  -4.40814794e-04
   3.44478444e+02  -6.79951860e-04
   3.44478932e+02  -4.45591751e-04
   3.44479420e+02   1.98468217e-04
   3.44479908e+02   8.72946170e-04
   3.44480397e+02   7.32933288e-04
   3.44480885e+02   4.39372787e-04
   3.44481373e+02   4.38108225e-04
   3.44481862e+02   1.42793375e-04
   3.44482350e+02   4.00792051e-05
   3.44482838e+02  -3.19958485e-06
   3.44483327e+02   9.12467840e-06
   3.44483815e+02  -3.91188541e-06
   3.44484303e+02   2.24830568e-04
   3.44484792e+02   6.60743972e-04
   3.44485280e+02   7.24208599e-04
   3.44485768e+02   2.96445447e-04
   3.44486256e+02  -2.46853615e-05
   3.44486745e+02   9.63003913e-06
   3.44487233e+02   1.91282030e-04
   3.44487721e+02   2.67793162e-04
   3.44488210e+02   3.53765572e-05
   3.44488698e+02  -1.70686602e-04
   3.44489186e+02  -2.54616112e-04
   3.44489675e+02  -4.08850872e-04
   3.44490163e+02  -2.42976021e-04
   3.44490651e+02  -2.99926440e-04
   3.44491140e+02  -4.90825740e-04
   3.44491628e+02  -3.15005309e-04
   3.44492116e+02  -2.09680380e-04
   3.44492604e+02  -1.44375575e-04
   3.44493093e+02  -1.32974965e-04
   3.44493581e+02  -1.07509783e-04
   3.44494069e+02  -9.71552799e-05
   3.44494558e+02  -2.55779742e-04
   3.44495046e+02  -1.12407455e-04
   3.44495534e+02   6.12152144e-05
   3.44496023e+02  -1.49856951e-05
   3.44496511e+02   1.03888873e-04
   3.44496999e+02   2.58047658e-04
   3.44497488e+02   1.98676484e-04
   3.44497976e+02   1.43858182e-04
   3.44498464e+02   5.07233744e-05
   3.44498953e+02  -1.31436653e-04
   3.44499441e+02  -1.44988720e-04
   3.44499929e+02   6.72481110e-05
   3.44500417e+02   1.34462141e-04
   3.44500906e+02  -9.69515459e-05
   3.44501394e+02  -2.24461837e-04
   3.44501882e+02   7.51060361e-06
   3.44502371e+02   1.33044698e-04
   3.44502859e+02   5.34467727e-05
   3.44503347e+02   1.77794820e-04
   3.44503836e+02   1.93751708e-04
   3.44504324e+02  -3.39348509e-04
   3.44504812e+02  -6.72901573e-04
   3.44505301e+02  -4.17602394e-04
   3.44505789e+02  -2.22898307e-04
   3.44506277e+02  -1.34642891e-04
   3.44506765e+02   1.83276443e-05
   3.44507254e+02   2.06238867e-04
   3.44507742e+02   1.98760506e-04
   3.44508230e+02   1.70715604e-04
   3.44508719e+02   1.64591896e-04
   3.44509207e+02   7.75512162e-05
   3.44509695e+02   3.41446663e-04
   3.44510184e+02   5.59399137e-04
   3.44510672e+02   2.30829304e-04
   3.44511160e+02   2.27817422e-04
   3.44511649e+02   5.75414218e-04
   3.44512137e+02   7.85096781e-04
   3.44512625e+02   4.86527802e-04
   3.44513113e+02  -2.35333777e-04
   3.44513602e+02  -3.46754503e-04
   3.44514090e+02   1.29386070e-04
   3.44514578e+02   4.16981318e-04
   3.44515067e+02   3.58207646e-04
   3.44515555e+02   1.96949972e-04
   3.44516043e+02  -5.51526027e-05
   3.44516532e+02   2.62850081e-05
   3.44517020e+02   4.55111440e-04
   3.44517508e+02   1.11025613e-04
   3.44517997e+02  -3.23608139e-04
   3.44518485e+02  -1.93185449e-04
   3.44518973e+02   4.67096725e-05
   3.44519461e+02   4.32149711e-04
   3.44519950e+02   5.41538815e-04
   3.44520438e+02   2.29768106e-04
   3.44520926e+02   6.75114497e-05
   3.44521415e+02   6.26297697e-06
   3.44521903e+02  -1.07984204e-04
   3.44522391e+02   2.53779726e-04
   3.44522880e+02   8.16911517e-04
   3.44523368e+02   6.99330354e-04
   3.44523856e+02   3.46577464e-04
   3.44524345e+02   3.00310698e-04
   3.44524833e+02   3.81750579e-04
   3.44525321e+02  -6.23796666e-07
   3.44525809e+02  -4.95014829e-04
   3.44526298e+02  -5.40823501e-04
   3.44526786e+02  -2.97293911e-04
   3.44527274e+02   1.02445309e-04
   3.44527763e+02   4.10375098e-04
   3.44528251e+02   2.99191510e-04
   3.44528739e+02  -2.82354758e-05
   3.44529228e+02  -1.58374154e-04
   3.44529716e+02   3.02135122e-05
   3.44530204e+02   2.04105949e-04
   3.44530693e+02  -8.26816358e-06
   3.44531181e+02  -2.24209361e-04
   3.44531669e+02   5.55468469e-05
   3.44532157e+02   4.28883912e-04
   3.44532646e+02   1.83222306e-04
   3.44533134e+02  -2.05761549e-04
   3.44533622e+02  -8.93110046e-05
   3.44534111e+02   1.02089398e-04
   3.44534599e+02  -3.67423272e-05
   3.44535087e+02  -7.23047997e-05
   3.44535576e+02   2.60369648e-04
   3.44536064e+02   4.23211051e-04
   3.44536552e+02  -2.70599157e-05
   3.44537041e+02  -4.57783026e-04
   3.44537529e+02  -1.24804588e-04
   3.44538017e+02   2.96189624e-04
   3.44538506e+02   2.62363348e-04
   3.44538994e+02   3.32678959e-04
   3.44539482e+02   4.54040593e-04
   3.44539970e+02   3.01507243e-04
   3.44540459e+02  -1.64203433e-04
   3.44540947e+02  -3.64420557e-04
   3.44541435e+02  -2.16701192e-05
   3.44541924e+02  -2.45162810e-04
   3.44542412e+02  -7.59466260e-04
   3.44542900e+02  -5.45430463e-04
   3.44543389e+02   3.78492841e-04
   3.44543877e+02   1.10754929e-03
   3.44544365e+02   9.61249461e-04
   3.44544854e+02   4.88555932e-04
   3.44545342e+02   1.98455469e-04
   3.44545830e+02   9.71792761e-05
   3.44546318e+02   6.39862992e-05
   3.44546807e+02  -3.74034804e-04
   3.44547295e+02  -5.89492323e-04
   3.44547783e+02  -2.90617580e-04
   3.44548272e+02  -4.53842658e-04
   3.44548760e+02  -5.99013059e-04
   3.44549248e+02  -1.84532502e-04
   3.44549737e+02   1.55994814e-04
   3.44550225e+02  -5.26104996e-05
   3.44550713e+02  -4.40431264e-04
   3.44551202e+02  -8.02746727e-05
   3.44551690e+02   6.00172265e-04
   3.44552178e+02   5.14309912e-04
   3.44552666e+02   2.60740926e-04
   3.44553155e+02   6.06022135e-04
   3.44553643e+02   9.21869767e-04
   3.44554131e+02   6.84277155e-04
   3.44554620e+02   3.53132578e-04
   3.44555108e+02   2.91935576e-04
   3.44555596e+02   6.87808715e-05
   3.44556085e+02  -2.18539881e-05
   3.44556573e+02   2.80914945e-04
   3.44557061e+02   6.06851012e-04
   3.44557550e+02   4.04743507e-04
   3.44558038e+02  -2.30272286e-04
   3.44558526e+02  -6.14986871e-04
   3.44559014e+02  -4.88515769e-04
   3.44559503e+02  -4.95146669e-04
   3.44559991e+02  -6.98487100e-04
   3.44560479e+02  -5.24816685e-04
   3.44560968e+02   8.90129013e-05
   3.44561456e+02   5.32565697e-04
   3.44561944e+02   5.11562219e-04
   3.44562433e+02   4.08088730e-04
   3.44562921e+02   3.30575771e-04
   3.44563409e+02   3.70726979e-04
   3.44563898e+02   4.71891195e-04
   3.44564386e+02   3.03043576e-04
   3.44564874e+02   2.00444512e-04
   3.44565362e+02   2.76322771e-05
   3.44565851e+02  -1.16259413e-04
   3.44566339e+02   5.13576815e-05
   3.44566827e+02   2.66914809e-04
   3.44567316e+02   5.65913448e-04
   3.44567804e+02   5.40511101e-04
   3.44568292e+02   3.83088249e-04
   3.44568781e+02   5.12915140e-04
   3.44569269e+02   6.86196086e-04
   3.44569757e+02   4.36110247e-04
   3.44570246e+02   1.13510876e-04
   3.44570734e+02   2.73779413e-04
   3.44571222e+02   2.35661239e-04
   3.44571710e+02  -2.45830423e-04
   3.44572199e+02  -9.05168941e-04
   3.44572687e+02  -7.83378026e-04
   3.44573175e+02   1.16003481e-04
   3.44573664e+02   4.11599060e-04
   3.44574152e+02   4.13680187e-04
   3.44574640e+02   5.28825389e-04
   3.44575129e+02   2.68878939e-04
   3.44575617e+02  -8.96148413e-06
   3.44576105e+02   4.36302435e-05
   3.44576594e+02   1.02918384e-04
   3.44577082e+02  -1.48587991e-04
   3.44577570e+02  -3.59138940e-04
   3.44578059e+02  -7.72641724e-05
   3.44578547e+02   2.30686084e-04
   3.44579035e+02   1.84019475e-04
   3.44579523e+02   9.48581001e-05
   3.44580012e+02   5.27798584e-05
   3.44580500e+02   1.17276926e-04
   3.44580988e+02   7.90774175e-06
   3.44581477e+02  -1.91779691e-04
   3.44581965e+02   1.85962606e-04
   3.44582453e+02   5.04175609e-04
   3.44582942e+02   1.46982115e-04
   3.44583430e+02  -2.75592203e-04
   3.44583918e+02  -3.47057387e-04
   3.44584407e+02  -2.06663259e-04
   3.44584895e+02   2.31630711e-05
   3.44585383e+02   1.89736544e-04
   3.44585871e+02   2.36410615e-05
   3.44586360e+02  -2.75979255e-05
   3.44586848e+02   2.72850128e-04
   3.44587336e+02   6.17586542e-04
   3.44587825e+02   7.21247343e-04
   3.44588313e+02   5.36818232e-04
   3.44588801e+02   6.32386145e-05
   3.44589290e+02  -3.47466877e-04
   3.44589778e+02  -3.34709301e-04
   3.44590266e+02   8.39059285e-05
   3.44590755e+02   5.35353669e-04
   3.44591243e+02   5.42401860e-04
   3.44591731e+02   4.20075899e-04
   3.44592219e+02   4.95202432e-04
   3.44592708e+02   6.65931322e-04
   3.44593196e+02   6.14674413e-04
   3.44593684e+02   3.20106992e-05
   3.44594173e+02  -7.15074711e-04
   3.44594661e+02  -7.04385340e-04
   3.44595149e+02  -1.36481380e-04
   3.44595638e+02   1.98923794e-04
   3.44596126e+02   3.09818512e-04
   3.44596614e+02  -3.66887871e-05
   3.44597103e+02  -5.24267496e-04
   3.44597591e+02  -7.48837192e-04
   3.44598079e+02  -6.76893047e-04
   3.44598567e+02  -3.44850559e-04
   3.44599056e+02  -2.83656467e-04
   3.44599544e+02  -4.54116060e-04
   3.44600032e+02  -4.31478809e-04
   3.44600521e+02  -1.99443879e-04
   3.44601009e+02   1.93298620e-04
   3.44601497e+02   2.09539343e-04
   3.44601986e+02  -2.93986450e-05
   3.44602474e+02   1.55210000e-04
   3.44602962e+02   5.43388654e-04
   3.44603451e+02   5.81835979e-04
   3.44603939e+02   4.63774777e-04
   3.44604427e+02   2.88287585e-04
   3.44604915e+02  -1.14823379e-04
   3.44605404e+02  -1.75678957e-04
   3.44605892e+02   8.51180885e-05
   3.44606380e+02   1.89519007e-04
   3.44606869e+02   3.74785945e-04
   3.44607357e+02   5.42128691e-04
   3.44607845e+02   5.98686049e-04
   3.44608334e+02   6.61474885e-04
   3.44608822e+02   3.27453803e-04
   3.44609310e+02  -1.70934902e-04
   3.44609799e+02  -3.00896736e-05
   3.44610287e+02   2.46331707e-04
   3.44610775e+02   9.61957485e-05
   3.44611263e+02  -1.16829520e-04
   3.44611752e+02  -1.87658065e-04
   3.44612240e+02  -2.68939824e-04
   3.44612728e+02  -2.42556853e-04
   3.44613217e+02  -5.16697073e-05
   3.44613705e+02   4.38964416e-05
   3.44614193e+02   2.46889576e-05
   3.44614682e+02  -1.04806844e-04
   3.44615170e+02  -1.93487911e-04
   3.44615658e+02   1.66600919e-04
   3.44616147e+02   4.58841183e-04
   3.44616635e+02   5.17940032e-04
   3.44617123e+02   2.17948997e-04
   3.44617612e+02  -3.49697104e-04
   3.44618100e+02  -4.03512735e-04
   3.44618588e+02   7.32448316e-05
   3.44619076e+02   2.29440702e-04
   3.44619565e+02   1.57994491e-05
   3.44620053e+02   1.17335818e-04
   3.44620541e+02   3.38598154e-04
   3.44621030e+02   4.42067249e-04
   3.44621518e+02   5.35270898e-04
   3.44622006e+02   3.91070062e-04
   3.44622495e+02   1.76796471e-04
   3.44622983e+02  -2.25314376e-04
   3.44623471e+02  -6.18901220e-04
   3.44623960e+02  -4.31615132e-04
   3.44624448e+02  -5.53761420e-05
   3.44624936e+02  -1.16633266e-04
   3.44625424e+02  -2.45667354e-04
   3.44625913e+02  -1.03397368e-04
   3.44626401e+02  -2.92684621e-04
   3.44626889e+02  -1.51634900e-04
   3.44627378e+02   2.87534029e-04
   3.44627866e+02  -5.20605172e-05
   3.44628354e+02  -2.98615603e-04
   3.44628843e+02  -2.10007973e-04
   3.44629331e+02   4.26214592e-06
   3.44629819e+02   1.76827729e-04
   3.44630308e+02  -5.75552403e-04
   3.44630796e+02  -9.79591394e-04
   3.44631284e+02  -1.28798798e-04
   3.44631772e+02   4.57859773e-04
   3.44632261e+02  -5.15190368e-06
   3.44632749e+02  -5.13711071e-04
   3.44633237e+02  -6.30410505e-05
   3.44633726e+02   3.19509127e-04
   3.44634214e+02  -1.51215718e-05
   3.44634702e+02  -1.22147176e-04
   3.44635191e+02   3.29653936e-04
   3.44635679e+02   5.89603500e-04
   3.44636167e+02   6.54336618e-05
   3.44636656e+02  -6.62752893e-04
   3.44637144e+02  -8.09118093e-04
   3.44637632e+02  -5.27956581e-04
   3.44638120e+02  -3.04596440e-04
   3.44638609e+02  -2.27115073e-04
   3.44639097e+02   1.07456595e-04
   3.44639585e+02   3.51632363e-04
   3.44640074e+02  -8.19840207e-05
   3.44640562e+02  -2.56640196e-04
   3.44641050e+02  -2.11296472e-04
   3.44641539e+02  -4.30406042e-04
   3.44642027e+02  -3.71347269e-04
   3.44642515e+02  -9.66823791e-05
   3.44643004e+02  -1.11225767e-04
   3.44643492e+02   1.60413892e-05
   3.44643980e+02   1.91368032e-04
   3.44644468e+02   2.87777748e-05
   3.44644957e+02  -1.63397170e-04
   3.44645445e+02  -1.93266278e-05
   3.44645933e+02   2.50124576e-04
   3.44646422e+02   3.57696816e-04
   3.44646910e+02   1.66396858e-04
   3.44647398e+02  -3.69554939e-04
   3.44647887e+02  -4.64243931e-04
   3.44648375e+02  -1.91838757e-04
   3.44648863e+02  -4.56476642e-04
   3.44649352e+02  -8.00363428e-04
   3.44649840e+02  -7.83418131e-04
   3.44650328e+02  -4.90842329e-04
   3.44650816e+02  -1.51520610e-04
   3.44651305e+02  -3.03937195e-05
   3.44651793e+02  -3.00656247e-04
   3.44652281e+02  -4.71220759e-04
   3.44652770e+02  -2.52626982e-04
   3.44653258e+02  -1.41359807e-04
   3.44653746e+02   2.13697291e-04
   3.44654235e+02   4.01286728e-04
   3.44654723e+02   2.24868127e-04
   3.44655211e+02   1.74291301e-04
   3.44655700e+02   1.32617031e-04
   3.44656188e+02   2.70804594e-04
   3.44656676e+02   1.44744219e-04
   3.44657165e+02  -1.05114435e-04
   3.44657653e+02   1.24735743e-05
   3.44658141e+02  -9.25736822e-05
   3.44658629e+02  -3.81567370e-04
   3.44659118e+02  -1.62682685e-04
   3.44659606e+02  -1.13826645e-04
   3.44660094e+02  -1.51789922e-04
   3.44660583e+02   1.39168842e-05
   3.44661071e+02   2.80565873e-04
   3.44661559e+02   3.93293740e-04
   3.44662048e+02   1.86691992e-04
   3.44662536e+02  -9.59347744e-05
   3.44663024e+02  -1.27182830e-05
   3.44663513e+02   1.02716876e-04
   3.44664001e+02  -1.06025167e-04
   3.44664489e+02  -1.65195626e-04
   3.44664977e+02  -9.43936539e-05
   3.44665466e+02  -3.22942942e-04
   3.44665954e+02  -2.14366009e-04
   3.44666442e+02   1.70408341e-04
   3.44666931e+02   3.11338430e-04
   3.44667419e+02   4.66996658e-04
   3.44667907e+02   4.39645461e-04
   3.44668396e+02   2.03254822e-04
   3.44668884e+02   3.47973459e-04
   3.44669372e+02   5.44771377e-04
   3.44669861e+02   2.92199809e-04
   3.44670349e+02  -2.46497482e-04
   3.44670837e+02  -3.13449418e-04
   3.44671325e+02   2.68476942e-05
   3.44671814e+02   2.96386657e-04
   3.44672302e+02   6.79932593e-04
   3.44672790e+02   9.90848057e-04
   3.44673279e+02   4.59425966e-04
   3.44673767e+02  -4.90935112e-04
   3.44674255e+02  -8.05852120e-04
   3.44674744e+02  -6.02747896e-04
   3.44675232e+02  -2.90357071e-04
   3.44675720e+02  -1.92804364e-05
   3.44676209e+02   2.78614662e-05
   3.44676697e+02   3.01093532e-04
   3.44677185e+02   7.31579261e-04
   3.44677673e+02   1.08255527e-03
   3.44678162e+02   6.27174508e-04
   3.44678650e+02  -3.14402510e-04
   3.44679138e+02  -3.62858031e-04
   3.44679627e+02   1.20654759e-05
   3.44680115e+02   4.63654869e-05
   3.44680603e+02  -5.59503642e-05
   3.44681092e+02   3.48427238e-05
   3.44681580e+02   3.15205602e-04
   3.44682068e+02   1.28111307e-04
   3.44682557e+02  -2.11955048e-04
   3.44683045e+02  -2.47256219e-04
   3.44683533e+02  -6.22762236e-05
   3.44684021e+02  -2.58307642e-04
   3.44684510e+02  -6.65392377e-04
   3.44684998e+02  -4.54264547e-04
   3.44685486e+02   2.87345574e-05
   3.44685975e+02   2.93484190e-04
   3.44686463e+02   3.50393238e-04
   3.44686951e+02   2.52840953e-04
   3.44687440e+02   1.11794390e-04
   3.44687928e+02   1.84811563e-06
   3.44688416e+02   5.59383188e-05
   3.44688905e+02   2.85093643e-04
   3.44689393e+02   2.14540909e-04
   3.44689881e+02  -1.19877950e-04
   3.44690369e+02  -1.77992217e-04
   3.44690858e+02   3.08431518e-05
   3.44691346e+02  -1.26232198e-05
   3.44691834e+02  -4.69486185e-05
   3.44692323e+02   6.74644252e-05
   3.44692811e+02  -1.66181533e-04
   3.44693299e+02  -5.30222547e-04
   3.44693788e+02  -1.88185804e-04
   3.44694276e+02   2.99465988e-04
   3.44694764e+02   1.91147512e-04
   3.44695253e+02   1.90354753e-04
   3.44695741e+02   5.60184882e-04
   3.44696229e+02   8.46311217e-04
   3.44696718e+02   4.99883841e-04
   3.44697206e+02  -1.66269470e-04
   3.44697694e+02  -3.02408182e-04
   3.44698182e+02  -1.76547328e-04
   3.44698671e+02   5.22033624e-05
   3.44699159e+02   4.37656447e-04
   3.44699647e+02   8.15576233e-04
   3.44700136e+02   1.20683247e-03
   3.44700624e+02   1.23372686e-03
   3.44701112e+02   8.62268033e-04
   3.44701601e+02   3.78638739e-04
   3.44702089e+02  -3.82463222e-05
   3.44702577e+02   2.70810997e-05
   3.44703066e+02   1.44338410e-04
   3.44703554e+02   7.53266504e-05
   3.44704042e+02   1.49582731e-04
   3.44704530e+02   2.61584588e-04
   3.44705019e+02   2.06074910e-04
   3.44705507e+02   1.34247515e-04
   3.44705995e+02   2.18383138e-04
   3.44706484e+02   2.86080147e-04
   3.44706972e+02  -7.46546266e-06
   3.44707460e+02  -4.05701692e-04
   3.44707949e+02  -6.11855939e-04
   3.44708437e+02  -4.53335524e-04
   3.44708925e+02   8.72427918e-05
   3.44709414e+02   6.11151743e-04
   3.44709902e+02   5.81762812e-04
   3.44710390e+02   2.92437489e-05
   3.44710878e+02  -3.28054273e-04
   3.44711367e+02  -8.63994646e-05
   3.44711855e+02   2.31149636e-04
   3.44712343e+02   1.46004808e-04
   3.44712832e+02  -3.36212470e-05
   3.44713320e+02  -3.97763756e-07
   3.44713808e+02   2.29996571e-04
   3.44714297e+02   3.43494437e-04
   3.44714785e+02   3.52025119e-04
   3.44715273e+02   1.82023490e-04
   3.44715762e+02  -1.13343624e-04
   3.44716250e+02  -3.72725888e-04
   3.44716738e+02  -5.33270650e-04
   3.44717226e+02  -6.56248885e-04
   3.44717715e+02  -1.25844759e-04
   3.44718203e+02   3.63234722e-04
   3.44718691e+02   5.02194045e-04
   3.44719180e+02   2.75937869e-04
   3.44719668e+02   1.97290850e-04
   3.44720156e+02   1.62225537e-04
   3.44720645e+02   7.86695164e-05
   3.44721133e+02  -2.04532014e-04
   3.44721621e+02  -2.88237905e-04
   3.44722110e+02   1.71921594e-04
   3.44722598e+02   3.11129639e-04
   3.44723086e+02  -7.50221225e-05
   3.44723574e+02  -5.78547952e-05
   3.44724063e+02   2.56457279e-04
   3.44724551e+02   1.91718180e-04
   3.44725039e+02  -1.39573705e-04
   3.44725528e+02  -4.80861316e-04
   3.44726016e+02  -5.85683447e-04
   3.44726504e+02  -3.36420024e-04
   3.44726993e+02  -6.47455308e-05
   3.44727481e+02   2.47675016e-05
   3.44727969e+02   9.90151893e-05
   3.44728458e+02  -2.27445867e-04
   3.44728946e+02  -8.45090894e-04
   3.44729434e+02  -8.19894834e-04
   3.44729922e+02  -1.16565920e-04
   3.44730411e+02   2.36277585e-04
   3.44730899e+02   2.66082643e-04
   3.44731387e+02   3.84160987e-04
   3.44731876e+02   3.21653584e-04
   3.44732364e+02   1.20934288e-04
   3.44732852e+02   1.57237431e-04
   3.44733341e+02   2.42154230e-04
   3.44733829e+02  -4.21920504e-06
   3.44734317e+02  -2.85255082e-05
   3.44734806e+02   1.92519481e-04
   3.44735294e+02   1.06602507e-04
   3.44735782e+02   3.47087985e-06
   3.44736271e+02  -2.19568872e-04
   3.44736759e+02  -2.97562714e-04
   3.44737247e+02  -1.64560945e-04
   3.44737735e+02  -3.41818049e-05
   3.44738224e+02   6.29411661e-05
   3.44738712e+02   2.71592999e-05
   3.44739200e+02  -2.18382396e-04
   3.44739689e+02  -3.87732143e-04
   3.44740177e+02  -1.73099790e-04
   3.44740665e+02   2.30589663e-04
   3.44741154e+02   4.63304517e-04
   3.44741642e+02   3.85837076e-04
   3.44742130e+02  -5.41127738e-05
   3.44742619e+02  -4.11063433e-04
   3.44743107e+02  -2.83579284e-04
   3.44743595e+02   9.17636280e-05
   3.44744083e+02   2.11075690e-04
   3.44744572e+02   2.19481255e-04
   3.44745060e+02   3.13666329e-04
   3.44745548e+02   3.02405562e-04
   3.44746037e+02   1.60119032e-06
   3.44746525e+02  -3.74446448e-04
   3.44747013e+02  -5.15189662e-04
   3.44747502e+02  -2.72746431e-04
   3.44747990e+02  -1.85122233e-04
   3.44748478e+02  -2.18819259e-04
   3.44748967e+02  -7.03219775e-05
   3.44749455e+02  -2.73953105e-04
   3.44749943e+02  -6.75786461e-04
   3.44750431e+02  -6.41316059e-04
   3.44750920e+02  -2.62388319e-04
   3.44751408e+02   9.96666204e-05
   3.44751896e+02   2.05568227e-04
   3.44752385e+02   4.42943747e-05
   3.44752873e+02  -1.68147846e-04
   3.44753361e+02  -3.52220115e-04
   3.44753850e+02  -2.00340059e-04
   3.44754338e+02   4.10156963e-06
   3.44754826e+02  -7.49146930e-05
   3.44755315e+02  -5.95260281e-05
   3.44755803e+02  -2.70064083e-05
   3.44756291e+02  -1.31526365e-04
   3.44756779e+02  -8.16255488e-05
   3.44757268e+02  -2.35268308e-05
   3.44757756e+02  -1.05990948e-04
   3.44758244e+02  -7.73537613e-05
   3.44758733e+02   5.54274993e-05
   3.44759221e+02   1.72357511e-04
   3.44759709e+02   2.72003981e-05
   3.44760198e+02  -1.84639532e-04
   3.44760686e+02   1.36415969e-04
   3.44761174e+02   2.89075484e-04
   3.44761663e+02  -4.54361347e-04
   3.44762151e+02  -6.34716649e-04
   3.44762639e+02  -2.35085230e-04
   3.44763127e+02  -1.29805021e-05
   3.44763616e+02   2.81184213e-04
   3.44764104e+02   2.03746138e-04
   3.44764592e+02   3.80281825e-04
   3.44765081e+02   8.74024350e-04
   3.44765569e+02   5.90942509e-04
   3.44766057e+02   6.49296271e-05
   3.44766546e+02  -2.52589307e-05
   3.44767034e+02  -1.02772246e-04
   3.44767522e+02   1.86113495e-04
   3.44768011e+02   5.82041044e-04
   3.44768499e+02   5.39346947e-04
   3.44768987e+02   5.47467673e-04
   3.44769475e+02   6.23047876e-04
   3.44769964e+02   1.86272242e-04
   3.44770452e+02  -1.89652725e-04
   3.44770940e+02  -1.89304279e-04
   3.44771429e+02  -2.50805228e-04
   3.44771917e+02  -2.25649768e-04
   3.44772405e+02  -2.25295553e-05
   3.44772894e+02  -1.35244438e-04
   3.44773382e+02  -3.42154846e-04
   3.44773870e+02   1.18805263e-04
   3.44774359e+02   6.78014534e-04
   3.44774847e+02   4.71572828e-04
   3.44775335e+02   2.40987574e-04
   3.44775824e+02   5.32358594e-04
   3.44776312e+02   4.30213084e-04
   3.44776800e+02   1.84856661e-04
   3.44777288e+02   1.44116420e-04
   3.44777777e+02   2.84370108e-05
   3.44778265e+02  -1.46115897e-04
   3.44778753e+02  -2.50166515e-04
   3.44779242e+02  -1.57529430e-04
   3.44779730e+02  -1.34622664e-04
   3.44780218e+02  -2.10247206e-04
   3.44780707e+02  -3.72888608e-05
   3.44781195e+02  -1.42477838e-05
   3.44781683e+02  -4.53970977e-04
   3.44782172e+02  -6.12680567e-04
   3.44782660e+02  -4.64963756e-04
   3.44783148e+02  -2.35964006e-04
   3.44783636e+02  -3.04846744e-05
   3.44784125e+02   2.56133735e-05
   3.44784613e+02   5.82797256e-05
   3.44785101e+02   1.75600770e-04
   3.44785590e+02   1.51200156e-05
   3.44786078e+02  -5.27400058e-04
   3.44786566e+02  -6.98743563e-04
   3.44787055e+02  -2.31246755e-04
   3.44787543e+02   3.23794113e-04
   3.44788031e+02   2.85639457e-04
   3.44788520e+02   7.12194451e-05
   3.44789008e+02  -4.99860762e-05
   3.44789496e+02  -1.93849599e-04
   3.44789984e+02  -5.29553981e-05
   3.44790473e+02   1.52455745e-04
   3.44790961e+02   2.73158017e-04
   3.44791449e+02   7.96471140e-05
   3.44791938e+02  -8.67830095e-05
   3.44792426e+02   2.48557801e-04
   3.44792914e+02   5.06523938e-04
   3.44793403e+02   3.99384357e-04
   3.44793891e+02   3.10432632e-04
   3.44794379e+02   2.55513645e-04
   3.44794868e+02   1.61093980e-04
   3.44795356e+02   1.41799401e-05
   3.44795844e+02   4.88145415e-05
   3.44796332e+02   2.81228422e-04
   3.44796821e+02   5.36451582e-04
   3.44797309e+02   5.36413165e-04
   3.44797797e+02   1.48883582e-05
   3.44798286e+02  -1.85202138e-04
   3.44798774e+02   1.67630511e-04
   3.44799262e+02   2.40259629e-04
   3.44799751e+02  -2.68024269e-05
   3.44800239e+02  -1.35532784e-04
   3.44800727e+02  -1.64988829e-04
   3.44801216e+02  -3.49614013e-04
   3.44801704e+02  -2.99787614e-04
   3.44802192e+02  -3.53399155e-05
   3.44802680e+02   9.32431431e-05
   3.44803169e+02   1.07735272e-04
   3.44803657e+02   3.69609654e-04
   3.44804145e+02   3.06370028e-04
   3.44804634e+02  -1.18371179e-04
   3.44805122e+02  -5.93689838e-05
   3.44805610e+02   2.19371330e-04
   3.44806099e+02   2.09223552e-04
   3.44806587e+02  -1.89762126e-04
   3.44807075e+02  -5.06421609e-04
   3.44807564e+02  -5.53666032e-05
   3.44808052e+02   4.88104764e-04
   3.44808540e+02   4.10351233e-04
   3.44809028e+02   2.03572912e-04
   3.44809517e+02   8.65319744e-05
   3.44810005e+02  -2.94910104e-04
   3.44810493e+02  -2.11614752e-04
   3.44810982e+02   2.45692529e-04
   3.44811470e+02   1.62926852e-04
   3.44811958e+02  -2.84626585e-04
   3.44812447e+02  -5.15174412e-04
   3.44812935e+02  -5.11132646e-04
   3.44813423e+02  -1.28788466e-04
   3.44813912e+02   5.81902219e-04
   3.44814400e+02   6.04414905e-04
   3.44814888e+02  -1.76369485e-05
   3.44815377e+02  -5.08002937e-04
   3.44815865e+02  -6.27067231e-04
   3.44816353e+02  -2.74169957e-04
   3.44816841e+02  -2.41844100e-04
   3.44817330e+02  -6.38189435e-04
   3.44817818e+02  -5.91140997e-04
   3.44818306e+02  -3.11673444e-04
   3.44818795e+02  -2.96129409e-04
   3.44819283e+02  -1.01946047e-04
   3.44819771e+02   4.12245317e-05
   3.44820260e+02  -2.83660484e-04
   3.44820748e+02  -6.30049617e-04
   3.44821236e+02  -4.49223240e-04
   3.44821725e+02  -5.76881612e-05
   3.44822213e+02  -3.30727489e-04
   3.44822701e+02  -3.55095661e-04
   3.44823189e+02  -7.86777964e-05
   3.44823678e+02  -3.60309670e-04
   3.44824166e+02  -5.73762751e-04
   3.44824654e+02  -2.37599757e-04
   3.44825143e+02   2.67731986e-04
   3.44825631e+02   3.20274383e-04
   3.44826119e+02  -4.46265949e-05
   3.44826608e+02  -2.70284218e-04
   3.44827096e+02  -3.05773465e-05
   3.44827584e+02   1.90277220e-04
   3.44828073e+02   1.50009597e-04
   3.44828561e+02   3.25644913e-04
   3.44829049e+02   5.86427108e-04
   3.44829537e+02   3.31190997e-04
   3.44830026e+02  -2.21384777e-04
   3.44830514e+02  -3.22953245e-04
   3.44831002e+02  -2.15739492e-04
   3.44831491e+02  -5.68761840e-04
   3.44831979e+02  -7.20656011e-04
   3.44832467e+02  -1.60613563e-04
   3.44832956e+02   1.31042674e-04
   3.44833444e+02  -1.84275428e-04
