frequency (GHz), flux (Jy/beam)
   3.45010009e+02  -1.33327354e-04
   3.45010497e+02   8.69734067e-05
   3.45010985e+02   6.66854758e-05
   3.45011474e+02   1.26581275e-04
   3.45011962e+02   3.07763519e-04
   3.45012450e+02   4.00952122e-04
   3.45012939e+02   4.26003506e-04
   3.45013427e+02   2.47246295e-04
   3.45013915e+02  -3.63305153e-05
   3.45014403e+02  -8.73042154e-05
   3.45014892e+02  -1.28038533e-04
   3.45015380e+02  -2.34632331e-04
   3.45015868e+02  -2.39943693e-04
   3.45016357e+02  -1.48545223e-04
   3.45016845e+02   2.40931884e-04
   3.45017333e+02   3.41426436e-04
   3.45017822e+02  -1.64331694e-04
   3.45018310e+02  -5.17442240e-04
   3.45018798e+02  -4.59307746e-04
   3.45019287e+02  -2.74594495e-04
   3.45019775e+02  -9.51210386e-05
   3.45020263e+02   3.58731049e-04
   3.45020752e+02   5.98168874e-04
   3.45021240e+02   2.89152260e-04
   3.45021728e+02   1.65020556e-05
   3.45022217e+02   3.96945434e-05
   3.45022705e+02   2.89874093e-04
   3.45023193e+02   3.20217689e-04
   3.45023682e+02   2.09376041e-04
   3.45024170e+02   2.68293254e-04
   3.45024658e+02   1.52704379e-04
   3.45025147e+02  -9.32093390e-05
   3.45025635e+02  -6.34657554e-05
   3.45026123e+02   2.48073793e-05
   3.45026611e+02   2.62141693e-04
   3.45027100e+02   4.31325636e-04
   3.45027588e+02   1.28721644e-04
   3.45028076e+02  -2.04590193e-04
   3.45028565e+02  -3.30379495e-04
   3.45029053e+02  -1.58074981e-04
   3.45029541e+02   1.78831571e-04
   3.45030030e+02   1.42834528e-04
   3.45030518e+02  -4.73846285e-06
   3.45031006e+02   3.37317470e-04
   3.45031495e+02   5.52389538e-04
   3.45031983e+02   2.79023428e-04
   3.45032471e+02   1.65936508e-04
   3.45032960e+02   1.61639298e-04
   3.45033448e+02  -4.39903088e-05
   3.45033936e+02  -2.28214267e-04
   3.45034425e+02  -2.92148266e-04
   3.45034913e+02  -1.86504883e-04
   3.45035401e+02   2.07554094e-05
   3.45035890e+02   9.36438664e-05
   3.45036378e+02   3.09797761e-04
   3.45036866e+02   6.99313416e-04
   3.45037354e+02   4.89166065e-04
   3.45037843e+02  -2.98790401e-04
   3.45038331e+02  -4.89762926e-04
   3.45038819e+02  -1.84789693e-04
   3.45039308e+02  -1.53406188e-04
   3.45039796e+02  -2.52807018e-04
   3.45040284e+02  -1.05490268e-04
   3.45040773e+02   1.28624786e-04
   3.45041261e+02   2.10988765e-05
   3.45041749e+02  -1.39072421e-04
   3.45042238e+02  -2.03907053e-04
   3.45042726e+02  -1.42174074e-04
   3.45043214e+02   1.94056323e-04
   3.45043703e+02   1.67184611e-04
   3.45044191e+02  -2.48850210e-05
   3.45044679e+02  -8.82522800e-05
   3.45045168e+02  -3.08765448e-04
   3.45045656e+02  -3.43152962e-04
   3.45046144e+02  -2.76918523e-04
   3.45046633e+02  -3.50441056e-04
   3.45047121e+02  -3.24467546e-04
   3.45047609e+02  -1.24225815e-04
   3.45048097e+02  -2.10780941e-04
   3.45048586e+02  -5.64129674e-04
   3.45049074e+02  -2.64195813e-04
   3.45049562e+02   2.66114424e-04
   3.45050051e+02   1.13489346e-04
   3.45050539e+02  -1.13167378e-04
   3.45051027e+02   4.54850051e-05
   3.45051516e+02   3.44922824e-04
   3.45052004e+02   3.30555165e-04
   3.45052492e+02   1.51510583e-04
   3.45052981e+02   1.10526162e-04
   3.45053469e+02   2.96095386e-05
   3.45053957e+02   5.85128828e-06
   3.45054446e+02   1.36197748e-04
   3.45054934e+02   2.18410947e-04
   3.45055422e+02   1.56631868e-04
   3.45055911e+02   1.64003679e-04
   3.45056399e+02   9.97913812e-05
   3.45056887e+02   7.46333171e-05
   3.45057376e+02  -1.67791601e-04
   3.45057864e+02  -2.17439170e-04
   3.45058352e+02   6.24307359e-05
   3.45058841e+02   6.59064899e-05
   3.45059329e+02   1.54839683e-04
   3.45059817e+02   2.85369286e-04
   3.45060305e+02   9.89648106e-05
   3.45060794e+02  -1.11423062e-04
   3.45061282e+02  -1.72213156e-04
   3.45061770e+02  -2.98559346e-04
   3.45062259e+02  -9.27912406e-05
   3.45062747e+02   1.41628771e-04
   3.45063235e+02  -1.50346197e-04
   3.45063724e+02  -3.38224490e-04
   3.45064212e+02   1.40267497e-04
   3.45064700e+02   8.00107955e-04
   3.45065189e+02   4.39362047e-04
   3.45065677e+02  -1.25352744e-04
   3.45066165e+02  -9.23078114e-05
   3.45066654e+02   4.09985660e-06
   3.45067142e+02  -1.94404449e-04
   3.45067630e+02  -2.07775971e-04
   3.45068119e+02  -1.72874032e-04
   3.45068607e+02   1.81513078e-05
   3.45069095e+02   1.97330679e-04
   3.45069584e+02   1.90279548e-04
   3.45070072e+02  -1.26483734e-04
   3.45070560e+02  -2.28996549e-04
   3.45071048e+02   3.46657936e-04
   3.45071537e+02   6.83376100e-04
   3.45072025e+02   5.02729032e-04
   3.45072513e+02  -5.61079723e-05
   3.45073002e+02  -3.64915060e-04
   3.45073490e+02  -1.03695755e-04
   3.45073978e+02   2.24616724e-06
   3.45074467e+02  -3.63927575e-05
   3.45074955e+02   6.87048814e-05
   3.45075443e+02   2.35897562e-04
   3.45075932e+02   7.27160732e-05
   3.45076420e+02  -3.19183193e-04
   3.45076908e+02  -3.54457501e-04
   3.45077397e+02  -2.15735010e-04
   3.45077885e+02  -2.23164083e-04
   3.45078373e+02  -9.08269285e-05
   3.45078862e+02   1.03479120e-04
   3.45079350e+02  -3.80003257e-05
   3.45079838e+02  -4.50273801e-04
   3.45080327e+02  -4.97843837e-04
   3.45080815e+02  -1.92180116e-04
   3.45081303e+02  -2.55933573e-05
   3.45081791e+02   1.64123965e-04
   3.45082280e+02   2.31315615e-04
   3.45082768e+02  -1.03050050e-04
   3.45083256e+02  -4.23995400e-04
   3.45083745e+02  -3.62809922e-04
   3.45084233e+02  -1.41656055e-04
   3.45084721e+02  -4.54226029e-05
   3.45085210e+02  -2.72321806e-04
   3.45085698e+02  -3.31286428e-04
   3.45086186e+02   1.18706113e-04
   3.45086675e+02   1.63663513e-04
   3.45087163e+02  -1.29230932e-04
   3.45087651e+02   5.27465927e-05
   3.45088140e+02   1.97302899e-04
   3.45088628e+02   1.33628069e-04
   3.45089116e+02   1.22499594e-04
   3.45089605e+02   9.15602868e-05
   3.45090093e+02   4.71000967e-05
   3.45090581e+02  -1.57320304e-04
   3.45091070e+02  -3.13800323e-04
   3.45091558e+02  -2.64456266e-05
   3.45092046e+02   3.15478392e-04
   3.45092535e+02   1.78224145e-04
   3.45093023e+02  -2.72556645e-04
   3.45093511e+02  -5.16359694e-04
   3.45093999e+02  -3.32195283e-04
   3.45094488e+02   1.13176739e-05
   3.45094976e+02   1.12246416e-04
   3.45095464e+02  -1.32189773e-04
   3.45095953e+02  -3.08332907e-04
   3.45096441e+02  -5.37298874e-05
   3.45096929e+02   1.24666345e-04
   3.45097418e+02  -3.69579720e-05
   3.45097906e+02  -9.79599063e-05
   3.45098394e+02   1.25068418e-05
   3.45098883e+02   7.50229301e-05
   3.45099371e+02   3.29052782e-05
   3.45099859e+02  -5.52839902e-06
   3.45100348e+02   5.49336037e-05
   3.45100836e+02   1.05613326e-04
   3.45101324e+02   2.92094919e-04
   3.45101813e+02   3.57803190e-04
   3.45102301e+02   6.34984244e-05
   3.45102789e+02  -1.45064332e-04
   3.45103278e+02  -1.62273413e-04
   3.45103766e+02  -1.40317890e-04
   3.45104254e+02   7.00785968e-05
   3.45104742e+02   2.03820629e-04
   3.45105231e+02   8.00979033e-05
   3.45105719e+02  -4.58918657e-05
   3.45106207e+02  -7.36890570e-06
   3.45106696e+02   2.53293692e-04
   3.45107184e+02   5.44863928e-04
   3.45107672e+02   2.03840318e-04
   3.45108161e+02  -2.51294405e-04
   3.45108649e+02  -3.82280414e-04
   3.45109137e+02  -3.12832301e-04
   3.45109626e+02  -5.67106545e-05
   3.45110114e+02   5.46487718e-05
   3.45110602e+02  -3.97106196e-05
   3.45111091e+02  -1.66453916e-04
   3.45111579e+02  -2.40492212e-04
   3.45112067e+02   6.01452848e-05
   3.45112556e+02   3.38379177e-04
   3.45113044e+02   1.50471678e-04
   3.45113532e+02  -9.65576182e-05
   3.45114021e+02  -2.63952708e-04
   3.45114509e+02  -2.82652647e-04
   3.45114997e+02  -3.70779344e-05
   3.45115485e+02   1.44539285e-04
   3.45115974e+02   2.72387522e-04
   3.45116462e+02   2.90409400e-04
   3.45116950e+02   1.35003967e-04
   3.45117439e+02   1.31454362e-04
   3.45117927e+02   1.67876700e-04
   3.45118415e+02   1.14050417e-04
   3.45118904e+02   1.61702759e-04
   3.45119392e+02  -5.69664517e-05
   3.45119880e+02  -3.01483640e-04
   3.45120369e+02  -1.87781217e-04
   3.45120857e+02  -3.98290213e-05
   3.45121345e+02   1.04466330e-04
   3.45121834e+02   2.71847122e-04
   3.45122322e+02   2.61749170e-04
   3.45122810e+02   2.73238606e-04
   3.45123299e+02   9.87931635e-05
   3.45123787e+02  -1.81759227e-04
   3.45124275e+02  -1.17281517e-04
   3.45124764e+02  -7.72635685e-05
   3.45125252e+02  -1.38264528e-04
   3.45125740e+02  -1.85879820e-04
   3.45126229e+02  -7.76601955e-05
   3.45126717e+02   7.52671986e-05
   3.45127205e+02   5.83793917e-05
   3.45127693e+02  -1.75618028e-04
   3.45128182e+02  -8.86017879e-05
   3.45128670e+02   4.82626747e-05
   3.45129158e+02   6.71408197e-05
   3.45129647e+02   1.85743440e-04
   3.45130135e+02   4.85930941e-05
   3.45130623e+02  -1.10929119e-04
   3.45131112e+02  -2.43862771e-04
   3.45131600e+02  -4.57477057e-04
   3.45132088e+02  -3.89371708e-04
   3.45132577e+02  -2.26772783e-04
   3.45133065e+02  -3.31900315e-04
   3.45133553e+02  -2.43075978e-04
   3.45134042e+02   1.95991437e-04
   3.45134530e+02   3.18606268e-04
   3.45135018e+02   2.16207307e-04
   3.45135507e+02   2.23307376e-04
   3.45135995e+02   1.88392209e-04
   3.45136483e+02   5.57863423e-05
   3.45136972e+02  -2.73358921e-04
   3.45137460e+02  -4.21404926e-04
   3.45137948e+02  -2.20538204e-04
   3.45138436e+02   8.19932902e-05
   3.45138925e+02   2.18584828e-04
   3.45139413e+02  -1.44483347e-05
   3.45139901e+02  -2.32518272e-04
   3.45140390e+02  -2.03462638e-04
   3.45140878e+02  -1.51517816e-04
   3.45141366e+02  -1.27620876e-06
   3.45141855e+02   3.31939460e-04
   3.45142343e+02   3.43258464e-04
   3.45142831e+02   7.39264942e-06
   3.45143320e+02  -1.04539162e-04
   3.45143808e+02  -5.54328872e-05
   3.45144296e+02  -2.57850625e-04
   3.45144785e+02  -4.75236098e-04
   3.45145273e+02  -3.16412421e-04
   3.45145761e+02   2.29296547e-05
   3.45146250e+02  -1.02971673e-04
   3.45146738e+02  -2.47619522e-04
   3.45147226e+02  -2.16091648e-04
   3.45147715e+02  -4.13097761e-04
   3.45148203e+02  -9.83079226e-05
   3.45148691e+02   4.52693814e-04
   3.45149179e+02   4.58240043e-04
   3.45149668e+02   2.09462989e-04
   3.45150156e+02  -2.66489078e-05
   3.45150644e+02  -1.29550419e-04
   3.45151133e+02  -2.85602786e-04
   3.45151621e+02  -2.10674712e-04
   3.45152109e+02   1.14802446e-04
   3.45152598e+02   1.29505890e-04
   3.45153086e+02   4.11341607e-05
   3.45153574e+02  -2.71944918e-06
   3.45154063e+02  -1.50263368e-04
   3.45154551e+02  -1.23278573e-04
   3.45155039e+02  -1.09137494e-04
   3.45155528e+02  -1.85465891e-04
   3.45156016e+02   1.87931964e-05
   3.45156504e+02   3.67576234e-07
   3.45156993e+02  -2.38440160e-04
   3.45157481e+02   1.05167073e-05
   3.45157969e+02   4.74454602e-04
   3.45158458e+02   4.14458220e-04
   3.45158946e+02  -8.16724933e-05
   3.45159434e+02  -2.37588087e-04
   3.45159923e+02   3.02544831e-05
   3.45160411e+02   1.76605725e-04
   3.45160899e+02   1.78645540e-04
   3.45161387e+02   1.53388974e-04
   3.45161876e+02   1.05689702e-04
   3.45162364e+02   2.56545918e-05
   3.45162852e+02  -7.85341254e-05
   3.45163341e+02  -2.66543939e-04
   3.45163829e+02  -2.99315609e-04
   3.45164317e+02  -1.56566995e-04
   3.45164806e+02   1.15601606e-05
   3.45165294e+02   1.24869344e-04
   3.45165782e+02   7.06848732e-05
   3.45166271e+02   9.86357772e-05
   3.45166759e+02   1.24251936e-04
   3.45167247e+02  -9.63875791e-05
   3.45167736e+02  -2.46688171e-04
   3.45168224e+02   3.32396085e-05
   3.45168712e+02   3.63748841e-04
   3.45169201e+02   2.94560101e-04
   3.45169689e+02   6.34115568e-05
   3.45170177e+02  -7.22218101e-06
   3.45170666e+02   1.09158049e-04
   3.45171154e+02  -3.73385810e-05
   3.45171642e+02  -1.38304909e-04
   3.45172130e+02   6.41238657e-05
   3.45172619e+02   1.45042446e-04
   3.45173107e+02   1.28064232e-04
   3.45173595e+02   6.22402367e-05
   3.45174084e+02   5.36975094e-05
   3.45174572e+02   4.65271187e-05
   3.45175060e+02   9.73175629e-05
   3.45175549e+02  -8.17831969e-05
   3.45176037e+02  -3.50449904e-04
   3.45176525e+02  -4.28342988e-04
   3.45177014e+02  -3.44366330e-04
   3.45177502e+02  -2.03312142e-04
   3.45177990e+02  -9.33597621e-05
   3.45178479e+02   1.09458801e-04
   3.45178967e+02   1.49049258e-04
   3.45179455e+02  -1.26278159e-04
   3.45179944e+02  -5.43509901e-04
   3.45180432e+02  -6.77108997e-04
   3.45180920e+02  -5.98319049e-04
   3.45181409e+02  -5.59328590e-04
   3.45181897e+02  -3.34366341e-04
   3.45182385e+02  -3.05481895e-04
   3.45182874e+02  -5.82987792e-04
   3.45183362e+02  -5.27433178e-04
   3.45183850e+02   2.23769439e-05
   3.45184338e+02   1.30208282e-04
   3.45184827e+02  -1.73622917e-04
   3.45185315e+02  -1.68664090e-04
   3.45185803e+02  -1.12746129e-04
   3.45186292e+02  -3.46080895e-04
   3.45186780e+02  -3.18201870e-04
   3.45187268e+02  -7.31762339e-05
   3.45187757e+02  -5.62875539e-05
   3.45188245e+02  -1.16117924e-04
   3.45188733e+02   8.55735780e-05
   3.45189222e+02   3.10344447e-04
   3.45189710e+02   2.29663259e-04
   3.45190198e+02  -1.21189041e-04
   3.45190687e+02  -2.30661433e-04
   3.45191175e+02  -6.41786537e-05
   3.45191663e+02  -1.12556127e-05
   3.45192152e+02  -3.74879201e-05
   3.45192640e+02  -2.09442223e-05
   3.45193128e+02   1.78538248e-05
   3.45193617e+02   4.50391162e-05
   3.45194105e+02   1.18566910e-04
   3.45194593e+02   4.56142676e-04
   3.45195081e+02   8.35079700e-04
   3.45195570e+02   7.34249712e-04
   3.45196058e+02   4.39820840e-04
   3.45196546e+02   1.85183526e-04
   3.45197035e+02  -8.80693042e-05
   3.45197523e+02  -2.22153583e-04
   3.45198011e+02   2.96599883e-05
   3.45198500e+02   2.43024842e-04
   3.45198988e+02   2.02626543e-04
   3.45199476e+02   2.62590271e-04
   3.45199965e+02   1.55547212e-04
   3.45200453e+02  -1.25294930e-04
   3.45200941e+02  -2.40288369e-04
   3.45201430e+02   9.28506997e-05
   3.45201918e+02   4.80415329e-04
   3.45202406e+02   3.93808237e-04
   3.45202895e+02   9.92300629e-05
   3.45203383e+02  -1.19177057e-04
   3.45203871e+02  -1.58992596e-04
   3.45204360e+02  -7.72663225e-06
   3.45204848e+02   1.63001008e-04
   3.45205336e+02   2.15816559e-04
   3.45205824e+02   1.02207858e-04
   3.45206313e+02   1.13634997e-05
   3.45206801e+02   1.00760109e-04
   3.45207289e+02   7.01455792e-05
   3.45207778e+02  -1.31895766e-04
   3.45208266e+02  -1.65259582e-04
   3.45208754e+02  -7.13121408e-05
   3.45209243e+02  -1.76726651e-04
   3.45209731e+02  -3.96797433e-04
   3.45210219e+02  -3.50601535e-04
   3.45210708e+02  -2.41237896e-04
   3.45211196e+02   6.93890543e-05
   3.45211684e+02   3.98375530e-04
   3.45212173e+02   3.72451905e-04
   3.45212661e+02   2.71251833e-04
   3.45213149e+02   1.21708272e-05
   3.45213638e+02  -3.37567093e-04
   3.45214126e+02  -3.04515008e-04
   3.45214614e+02  -1.17762538e-04
   3.45215103e+02   4.69674669e-05
   3.45215591e+02   1.18857788e-04
   3.45216079e+02   8.97162245e-05
   3.45216568e+02   1.80369025e-04
   3.45217056e+02   1.81734664e-04
   3.45217544e+02  -6.75723713e-05
   3.45218032e+02  -1.04974599e-04
   3.45218521e+02   2.12745090e-05
   3.45219009e+02   9.21866013e-05
   3.45219497e+02  -9.73223650e-05
   3.45219986e+02  -1.06025611e-04
   3.45220474e+02   1.93307453e-04
   3.45220962e+02   3.26828158e-04
   3.45221451e+02   3.08190851e-04
   3.45221939e+02   1.44379679e-04
   3.45222427e+02  -2.44904932e-05
   3.45222916e+02  -4.98446170e-05
   3.45223404e+02  -2.55247753e-04
   3.45223892e+02  -3.31683230e-04
   3.45224381e+02  -1.86573932e-04
   3.45224869e+02  -1.11915309e-04
   3.45225357e+02  -4.19346798e-05
   3.45225846e+02   1.21881916e-04
   3.45226334e+02   3.29236827e-05
   3.45226822e+02  -2.17442910e-04
   3.45227311e+02  -1.06906016e-04
   3.45227799e+02   1.78579590e-04
   3.45228287e+02   1.65408128e-04
   3.45228775e+02   5.38822751e-05
   3.45229264e+02  -3.43663196e-05
   3.45229752e+02  -1.42290228e-04
   3.45230240e+02  -2.04261858e-04
   3.45230729e+02  -1.76556685e-04
   3.45231217e+02  -2.96196085e-04
   3.45231705e+02  -2.15686174e-04
   3.45232194e+02   3.73351759e-05
   3.45232682e+02  -2.94723304e-05
   3.45233170e+02  -1.84763376e-05
   3.45233659e+02   2.83856294e-04
   3.45234147e+02   3.35725490e-04
   3.45234635e+02   4.96476277e-05
   3.45235124e+02  -3.65542146e-05
   3.45235612e+02   1.48236781e-04
   3.45236100e+02   7.31573600e-05
   3.45236589e+02  -2.27065175e-04
   3.45237077e+02  -3.17218073e-04
   3.45237565e+02  -4.26782673e-04
   3.45238054e+02  -3.38672951e-04
   3.45238542e+02   1.38085699e-04
   3.45239030e+02   1.09002409e-04
   3.45239518e+02  -3.58223217e-04
   3.45240007e+02  -3.73469113e-04
   3.45240495e+02   3.32322634e-05
   3.45240983e+02   3.59162688e-04
   3.45241472e+02   2.26641743e-04
   3.45241960e+02  -1.62587414e-04
   3.45242448e+02  -2.04235068e-04
   3.45242937e+02   3.37273705e-05
   3.45243425e+02   1.66697384e-04
   3.45243913e+02   3.11712683e-05
   3.45244402e+02  -1.32545014e-04
   3.45244890e+02   2.38972225e-05
   3.45245378e+02   3.76833486e-04
   3.45245867e+02   2.71427649e-04
   3.45246355e+02   8.26883261e-05
   3.45246843e+02   2.72085221e-04
   3.45247332e+02   2.17250461e-04
   3.45247820e+02  -2.02711453e-04
   3.45248308e+02  -5.40841604e-04
   3.45248797e+02  -5.53064514e-04
   3.45249285e+02  -2.35804124e-04
   3.45249773e+02  -1.51657978e-05
   3.45250262e+02  -9.60659600e-05
   3.45250750e+02  -3.26135196e-04
   3.45251238e+02  -9.12926953e-06
   3.45251726e+02   4.24153259e-04
   3.45252215e+02   3.15004552e-04
   3.45252703e+02  -4.42898781e-05
   3.45253191e+02  -3.04449815e-04
   3.45253680e+02  -2.04269149e-04
   3.45254168e+02  -8.76028353e-05
   3.45254656e+02  -1.88152102e-04
   3.45255145e+02  -1.75710848e-05
   3.45255633e+02   3.20877589e-04
   3.45256121e+02   1.80708288e-04
   3.45256610e+02  -1.52354769e-04
   3.45257098e+02  -3.05549729e-05
   3.45257586e+02   2.27449695e-04
   3.45258075e+02   2.24035233e-04
   3.45258563e+02   1.60411917e-04
   3.45259051e+02   1.77379785e-04
   3.45259540e+02  -2.14537231e-05
   3.45260028e+02  -1.74125875e-04
   3.45260516e+02  -1.32752029e-04
   3.45261005e+02  -1.03593506e-04
   3.45261493e+02   5.03280535e-05
   3.45261981e+02   2.31712009e-04
   3.45262469e+02   9.33482079e-05
   3.45262958e+02  -2.67142110e-04
   3.45263446e+02  -3.45444743e-04
   3.45263934e+02  -8.17186956e-05
   3.45264423e+02   3.64372099e-05
   3.45264911e+02   2.52556692e-05
   3.45265399e+02  -4.27515770e-05
   3.45265888e+02  -1.87326384e-06
   3.45266376e+02   7.30461470e-05
   3.45266864e+02   1.11815052e-05
   3.45267353e+02  -4.32581328e-06
   3.45267841e+02   7.04884042e-06
   3.45268329e+02  -8.52246230e-05
   3.45268818e+02  -8.96617785e-05
   3.45269306e+02   3.25874826e-05
   3.45269794e+02   1.42974808e-04
   3.45270283e+02   1.06214065e-04
   3.45270771e+02  -1.90486899e-04
   3.45271259e+02  -2.91069620e-04
   3.45271748e+02  -2.41833513e-05
   3.45272236e+02   2.00792274e-04
   3.45272724e+02   8.05605741e-05
   3.45273212e+02   2.76800597e-06
   3.45273701e+02   7.71275372e-05
   3.45274189e+02  -1.37932177e-04
   3.45274677e+02  -3.15475016e-04
   3.45275166e+02  -2.35547137e-04
   3.45275654e+02  -1.73967986e-04
   3.45276142e+02  -1.99431961e-05
   3.45276631e+02   1.50823631e-04
   3.45277119e+02   8.64390313e-05
   3.45277607e+02   1.00934558e-04
   3.45278096e+02   1.63899560e-04
   3.45278584e+02   6.84166880e-05
   3.45279072e+02  -5.23843073e-06
   3.45279561e+02  -2.17467154e-04
   3.45280049e+02  -3.68966226e-04
   3.45280537e+02  -5.87460643e-04
   3.45281026e+02  -6.59430400e-04
   3.45281514e+02  -7.16663417e-05
   3.45282002e+02   3.00587388e-04
   3.45282491e+02   4.96334142e-05
   3.45282979e+02  -1.85850135e-04
   3.45283467e+02  -5.43325259e-05
   3.45283956e+02   1.96429901e-04
   3.45284444e+02   2.08825732e-04
   3.45284932e+02  -9.83748978e-05
   3.45285420e+02  -2.35319327e-04
   3.45285909e+02  -1.79262162e-04
   3.45286397e+02  -1.10635003e-04
   3.45286885e+02   3.15734942e-05
   3.45287374e+02  -6.98193026e-06
   3.45287862e+02  -1.79134455e-04
   3.45288350e+02  -1.56393071e-04
   3.45288839e+02  -1.93183063e-04
   3.45289327e+02  -1.20701894e-04
   3.45289815e+02   4.58059258e-05
   3.45290304e+02   8.25943644e-05
   3.45290792e+02   2.46873242e-06
   3.45291280e+02  -3.63109211e-05
   3.45291769e+02   1.04747951e-05
   3.45292257e+02   2.43182021e-05
   3.45292745e+02   5.52740894e-05
   3.45293234e+02   4.50437547e-05
   3.45293722e+02   5.30596408e-05
   3.45294210e+02   1.57616741e-04
   3.45294699e+02   1.90771374e-04
   3.45295187e+02   1.53141766e-04
   3.45295675e+02   4.75174420e-05
   3.45296163e+02   2.20849597e-05
   3.45296652e+02   1.16694064e-04
   3.45297140e+02   1.95292057e-04
   3.45297628e+02   2.99036445e-04
   3.45298117e+02   3.40228027e-04
   3.45298605e+02   2.19522466e-04
   3.45299093e+02   9.51924085e-05
   3.45299582e+02  -4.80128583e-05
   3.45300070e+02   3.40232764e-05
   3.45300558e+02   2.08462996e-04
   3.45301047e+02   1.39942262e-04
   3.45301535e+02   2.38854409e-04
   3.45302023e+02   5.67574134e-05
   3.45302512e+02  -2.87471030e-05
   3.45303000e+02   3.29879957e-04
   3.45303488e+02   3.72651732e-04
   3.45303977e+02   2.50699319e-04
   3.45304465e+02   1.66969359e-04
   3.45304953e+02  -1.57865343e-05
   3.45305442e+02   6.45632754e-05
   3.45305930e+02   1.73573921e-04
   3.45306418e+02  -1.02367027e-04
   3.45306906e+02  -2.72278528e-04
   3.45307395e+02  -7.88805773e-05
   3.45307883e+02   1.46895210e-04
   3.45308371e+02   1.70265339e-04
   3.45308860e+02  -1.16741365e-04
   3.45309348e+02  -4.31711873e-04
   3.45309836e+02  -3.18876060e-04
   3.45310325e+02   1.92503830e-05
   3.45310813e+02  -6.18764898e-05
   3.45311301e+02  -2.17201057e-04
   3.45311790e+02  -2.76532883e-05
   3.45312278e+02  -6.17589467e-06
   3.45312766e+02  -1.26436673e-04
   3.45313255e+02  -1.00568708e-04
   3.45313743e+02  -7.11669782e-05
   3.45314231e+02  -1.76281363e-04
   3.45314720e+02  -6.23008746e-05
   3.45315208e+02   4.69976105e-04
   3.45315696e+02   5.75080630e-04
   3.45316185e+02   1.84547025e-04
   3.45316673e+02   2.76770952e-05
   3.45317161e+02   6.35654942e-05
   3.45317650e+02   1.46052174e-04
   3.45318138e+02   1.10062087e-04
   3.45318626e+02   1.07999113e-04
   3.45319114e+02   1.65335819e-04
   3.45319603e+02   1.02572092e-04
   3.45320091e+02  -1.50957139e-05
   3.45320579e+02  -3.37832389e-05
   3.45321068e+02  -3.08319984e-04
   3.45321556e+02  -6.24266744e-04
   3.45322044e+02  -3.30781477e-04
   3.45322533e+02   1.62921453e-04
   3.45323021e+02   2.97092542e-04
   3.45323509e+02   3.90879257e-04
   3.45323998e+02   6.27196452e-04
   3.45324486e+02   4.07248212e-04
   3.45324974e+02  -2.02550218e-04
   3.45325463e+02  -4.27696243e-04
   3.45325951e+02  -2.37583808e-04
   3.45326439e+02  -1.14701317e-04
   3.45326928e+02  -1.94415392e-04
   3.45327416e+02  -1.93774773e-04
   3.45327904e+02   2.06602999e-05
   3.45328393e+02   8.68805873e-05
   3.45328881e+02  -2.19461886e-04
   3.45329369e+02  -4.95770539e-04
   3.45329857e+02  -6.24342123e-04
   3.45330346e+02  -3.80848447e-04
   3.45330834e+02  -7.97694665e-05
   3.45331322e+02  -7.79031179e-05
   3.45331811e+02  -2.40242356e-04
   3.45332299e+02  -1.45060636e-04
   3.45332787e+02   2.72813952e-04
   3.45333276e+02   2.58165208e-04
   3.45333764e+02  -1.31421533e-04
   3.45334252e+02  -1.34796675e-04
   3.45334741e+02   2.28208781e-04
   3.45335229e+02   1.14334529e-04
   3.45335717e+02  -1.99728674e-04
   3.45336206e+02  -1.20030847e-04
   3.45336694e+02  -3.58840829e-04
   3.45337182e+02  -4.87165147e-04
   3.45337671e+02  -1.31911220e-04
   3.45338159e+02   6.52134186e-05
   3.45338647e+02   6.13041379e-07
   3.45339136e+02   8.56365659e-05
   3.45339624e+02   3.92474380e-04
   3.45340112e+02   4.42666002e-04
   3.45340601e+02   2.47795484e-04
   3.45341089e+02   1.72469256e-04
   3.45341577e+02   7.69550570e-06
   3.45342065e+02  -1.58680064e-04
   3.45342554e+02  -1.59439485e-04
   3.45343042e+02  -2.74619844e-04
   3.45343530e+02  -3.36526457e-04
   3.45344019e+02  -4.03209502e-04
   3.45344507e+02  -3.06627655e-04
   3.45344995e+02  -5.46397459e-05
   3.45345484e+02  -1.96214853e-04
   3.45345972e+02  -3.83844366e-04
   3.45346460e+02  -1.62269731e-04
   3.45346949e+02   1.06249368e-04
   3.45347437e+02   1.83985016e-04
   3.45347925e+02   1.86924270e-04
   3.45348414e+02   1.22162441e-04
   3.45348902e+02  -2.36348031e-04
   3.45349390e+02  -6.53450610e-04
   3.45349879e+02  -5.73480793e-04
   3.45350367e+02  -2.41877729e-04
   3.45350855e+02  -1.77988448e-04
   3.45351344e+02   5.04229502e-05
   3.45351832e+02   1.10980654e-04
   3.45352320e+02  -1.23363818e-04
   3.45352808e+02  -2.65692343e-05
   3.45353297e+02   1.53584351e-05
   3.45353785e+02  -1.93854270e-04
   3.45354273e+02  -1.12393151e-04
   3.45354762e+02  -1.82832537e-05
   3.45355250e+02  -2.15006017e-04
   3.45355738e+02  -1.33302077e-04
   3.45356227e+02   1.04696745e-04
   3.45356715e+02   8.84337132e-05
   3.45357203e+02   1.20285018e-04
   3.45357692e+02   3.80794547e-04
   3.45358180e+02   3.42781044e-04
   3.45358668e+02   5.59326945e-05
   3.45359157e+02  -1.59290394e-05
   3.45359645e+02   6.24602326e-05
   3.45360133e+02   1.25054547e-04
   3.45360622e+02   2.70399236e-04
   3.45361110e+02   1.44365564e-04
   3.45361598e+02  -7.89147525e-05
   3.45362087e+02   1.67172766e-05
   3.45362575e+02   2.97457373e-05
   3.45363063e+02   6.43906533e-05
   3.45363551e+02   1.35954819e-04
   3.45364040e+02  -1.57559189e-04
   3.45364528e+02  -3.20772058e-04
   3.45365016e+02  -1.95961577e-04
   3.45365505e+02  -9.16364952e-05
   3.45365993e+02   3.99993696e-05
   3.45366481e+02   2.39078727e-05
   3.45366970e+02  -2.97256338e-04
   3.45367458e+02  -3.64001520e-04
   3.45367946e+02  -4.93632178e-05
   3.45368435e+02   1.70708940e-04
   3.45368923e+02   2.78905063e-04
   3.45369411e+02   2.42213209e-04
   3.45369900e+02   1.37196985e-04
   3.45370388e+02   1.06205167e-04
   3.45370876e+02  -8.87448732e-06
   3.45371365e+02  -5.07242366e-05
   3.45371853e+02  -8.87421356e-06
   3.45372341e+02  -7.27749866e-05
   3.45372830e+02  -1.17028874e-04
   3.45373318e+02   5.11482503e-05
   3.45373806e+02   1.86787336e-04
   3.45374295e+02   3.32417461e-04
   3.45374783e+02   2.77119514e-04
   3.45375271e+02   6.24829918e-05
   3.45375759e+02   4.65552512e-05
   3.45376248e+02  -3.44989785e-05
   3.45376736e+02  -8.86394191e-05
   3.45377224e+02  -3.47810674e-05
   3.45377713e+02   5.07032200e-06
   3.45378201e+02  -6.63981555e-05
   3.45378689e+02   1.64493777e-05
   3.45379178e+02   1.59770789e-04
   3.45379666e+02   2.16260698e-04
   3.45380154e+02   3.25062720e-04
   3.45380643e+02   9.33564297e-05
   3.45381131e+02  -1.71523905e-04
   3.45381619e+02   1.09621011e-04
   3.45382108e+02   4.34069516e-04
   3.45382596e+02   3.43911554e-04
   3.45383084e+02   2.78789899e-04
   3.45383573e+02   2.66322168e-04
   3.45384061e+02   1.31152425e-04
   3.45384549e+02  -1.02043719e-04
   3.45385038e+02  -5.46670752e-04
   3.45385526e+02  -5.80292777e-04
   3.45386014e+02  -2.68184260e-04
   3.45386502e+02  -3.03654262e-04
   3.45386991e+02  -3.40337458e-04
   3.45387479e+02  -2.01432122e-04
   3.45387967e+02  -9.98376199e-05
   3.45388456e+02   8.22782386e-05
   3.45388944e+02   1.17675780e-04
   3.45389432e+02   1.22442565e-04
   3.45389921e+02   2.60865520e-04
   3.45390409e+02   1.13307404e-04
   3.45390897e+02  -1.03432627e-04
   3.45391386e+02  -1.40777600e-04
   3.45391874e+02  -1.22128360e-04
   3.45392362e+02  -1.45506438e-05
   3.45392851e+02   4.61126947e-05
   3.45393339e+02   9.37476216e-05
   3.45393827e+02   2.74106977e-04
   3.45394316e+02   2.16980596e-04
   3.45394804e+02  -1.39960848e-05
   3.45395292e+02  -1.00384997e-04
   3.45395781e+02  -2.52716913e-04
   3.45396269e+02  -6.23679836e-04
   3.45396757e+02  -6.68804219e-04
   3.45397245e+02  -4.51086409e-04
   3.45397734e+02  -1.60329088e-04
   3.45398222e+02   2.59566848e-04
   3.45398710e+02   2.29806858e-04
   3.45399199e+02  -1.94649227e-04
   3.45399687e+02  -3.54321208e-04
   3.45400175e+02  -2.45857518e-04
   3.45400664e+02  -2.25331285e-04
   3.45401152e+02  -3.73972289e-04
   3.45401640e+02  -4.50576976e-04
   3.45402129e+02  -2.38189663e-04
   3.45402617e+02  -3.81646623e-06
   3.45403105e+02   1.38517193e-04
   3.45403594e+02   2.21110953e-04
   3.45404082e+02   1.65052974e-04
   3.45404570e+02   7.84716831e-05
   3.45405059e+02  -4.61374402e-05
   3.45405547e+02  -2.78418127e-04
   3.45406035e+02  -2.50337500e-04
   3.45406524e+02  -1.28538697e-04
   3.45407012e+02  -1.73858847e-04
   3.45407500e+02  -1.69527033e-04
   3.45407989e+02   9.32951443e-05
   3.45408477e+02   3.06660630e-04
   3.45408965e+02   1.37892457e-05
   3.45409453e+02  -1.52342225e-04
   3.45409942e+02   3.48923604e-05
   3.45410430e+02   1.53044326e-04
   3.45410918e+02   2.37733650e-04
   3.45411407e+02   2.94272148e-04
   3.45411895e+02   2.22636547e-04
   3.45412383e+02   2.42589478e-04
   3.45412872e+02   1.30640983e-04
   3.45413360e+02  -1.00375000e-04
   3.45413848e+02  -1.91933053e-04
   3.45414337e+02  -2.94319267e-04
   3.45414825e+02  -3.94733390e-04
   3.45415313e+02  -2.71169411e-04
   3.45415802e+02  -4.15021786e-05
   3.45416290e+02   3.62163002e-04
   3.45416778e+02   5.06718410e-04
   3.45417267e+02   2.40737383e-04
   3.45417755e+02   6.82592072e-05
   3.45418243e+02   1.38038216e-04
   3.45418732e+02  -1.42858889e-05
   3.45419220e+02  -1.94276785e-04
   3.45419708e+02  -1.78429502e-04
   3.45420196e+02  -2.72611156e-04
   3.45420685e+02  -4.36162256e-04
   3.45421173e+02  -1.65504331e-04
   3.45421661e+02   2.75148748e-04
   3.45422150e+02   3.33742966e-04
   3.45422638e+02   1.01087135e-04
   3.45423126e+02   1.89666462e-04
   3.45423615e+02   1.65033067e-04
   3.45424103e+02  -2.94223631e-04
   3.45424591e+02  -3.07281822e-04
   3.45425080e+02  -2.33217550e-04
   3.45425568e+02  -2.33533006e-04
   3.45426056e+02  -7.36140864e-05
   3.45426545e+02  -4.56122470e-05
   3.45427033e+02  -1.03181374e-04
   3.45427521e+02  -3.13567522e-04
   3.45428010e+02  -2.85778951e-04
   3.45428498e+02   9.53696581e-05
   3.45428986e+02   1.62154058e-04
   3.45429475e+02   1.14283102e-04
   3.45429963e+02   9.54179777e-05
   3.45430451e+02  -9.22179024e-05
   3.45430939e+02  -1.15011127e-04
   3.45431428e+02  -3.87506589e-05
   3.45431916e+02   4.90118691e-05
   3.45432404e+02   8.93879915e-05
   3.45432893e+02   4.01165926e-05
   3.45433381e+02  -5.03905903e-06
   3.45433869e+02  -7.26472717e-06
   3.45434358e+02   7.26919388e-05
   3.45434846e+02   1.77951268e-04
   3.45435334e+02   1.61431992e-04
   3.45435823e+02   1.01342164e-04
   3.45436311e+02  -1.14352879e-05
   3.45436799e+02  -6.83237886e-05
   3.45437288e+02   7.33565612e-05
   3.45437776e+02   2.72309408e-04
   3.45438264e+02   3.87294218e-04
   3.45438753e+02   3.16457474e-04
   3.45439241e+02   3.98918455e-05
   3.45439729e+02  -1.74759873e-04
   3.45440218e+02  -1.04765277e-04
   3.45440706e+02  -3.64243933e-05
   3.45441194e+02   2.32572602e-05
   3.45441683e+02   9.93136273e-05
   3.45442171e+02   4.95084096e-05
   3.45442659e+02  -2.55798841e-05
   3.45443147e+02  -1.46206803e-04
   3.45443636e+02  -2.34070190e-04
   3.45444124e+02  -9.66467924e-05
   3.45444612e+02   1.33185618e-04
   3.45445101e+02   1.45472004e-04
   3.45445589e+02  -8.57813502e-05
   3.45446077e+02  -2.30210426e-04
   3.45446566e+02  -1.74210974e-04
   3.45447054e+02   6.18316844e-05
   3.45447542e+02   2.28957491e-04
   3.45448031e+02   2.72729492e-04
   3.45448519e+02   1.47406725e-04
   3.45449007e+02  -1.33502428e-04
   3.45449496e+02  -1.77167676e-04
   3.45449984e+02   1.49230153e-04
   3.45450472e+02   2.38680514e-04
   3.45450961e+02  -3.65762958e-06
   3.45451449e+02  -1.90812556e-04
   3.45451937e+02  -9.67664528e-05
   3.45452426e+02  -2.12931936e-05
   3.45452914e+02  -1.42457884e-05
   3.45453402e+02  -8.67330455e-05
   3.45453890e+02  -2.82022927e-04
   3.45454379e+02  -1.44796184e-04
   3.45454867e+02   1.07456726e-04
   3.45455355e+02   1.53860543e-04
   3.45455844e+02   1.72343498e-04
   3.45456332e+02   5.01643226e-05
   3.45456820e+02  -7.03231417e-05
   3.45457309e+02  -1.03946091e-04
   3.45457797e+02   3.70212620e-05
   3.45458285e+02   1.77519978e-04
   3.45458774e+02   2.75807597e-05
   3.45459262e+02  -2.12852210e-05
   3.45459750e+02   1.63753153e-04
   3.45460239e+02   2.43245770e-04
   3.45460727e+02   8.85020927e-05
   3.45461215e+02   3.05234280e-05
   3.45461704e+02   1.54976326e-04
   3.45462192e+02   6.77671342e-05
   3.45462680e+02  -1.46286140e-04
   3.45463169e+02  -1.68961647e-04
   3.45463657e+02   2.07145399e-06
   3.45464145e+02   2.93535384e-04
   3.45464633e+02   4.17390576e-04
   3.45465122e+02   3.82470025e-04
   3.45465610e+02   1.70960586e-04
   3.45466098e+02  -2.17341818e-04
   3.45466587e+02  -2.44778697e-04
   3.45467075e+02  -1.39973445e-05
   3.45467563e+02   2.43076007e-04
   3.45468052e+02   3.44392960e-04
   3.45468540e+02   1.42548903e-04
   3.45469028e+02   8.90243973e-05
   3.45469517e+02   4.54590845e-05
   3.45470005e+02  -1.13168389e-04
   3.45470493e+02  -3.13535274e-05
   3.45470982e+02   1.45104996e-05
   3.45471470e+02  -8.86608104e-05
   3.45471958e+02  -1.30009532e-04
   3.45472447e+02   8.54992904e-05
   3.45472935e+02   5.52179641e-04
   3.45473423e+02   6.45253866e-04
   3.45473912e+02   2.80859065e-04
   3.45474400e+02   3.51306298e-05
   3.45474888e+02   9.12351315e-05
   3.45475377e+02   4.96266039e-05
   3.45475865e+02  -2.41597198e-04
   3.45476353e+02  -1.22947429e-04
   3.45476841e+02   1.31874272e-04
   3.45477330e+02   3.79281497e-04
   3.45477818e+02   3.77136021e-04
   3.45478306e+02   2.02178548e-04
   3.45478795e+02   2.35418862e-04
   3.45479283e+02   5.62484667e-04
   3.45479771e+02   5.61911089e-04
   3.45480260e+02   7.10680179e-05
   3.45480748e+02  -1.79752256e-04
   3.45481236e+02  -1.40225849e-04
   3.45481725e+02  -1.53794012e-04
   3.45482213e+02  -1.20225428e-04
   3.45482701e+02   1.36056493e-04
   3.45483190e+02   4.47137689e-04
   3.45483678e+02   4.59407718e-04
   3.45484166e+02   3.32932192e-04
   3.45484655e+02   1.25095146e-04
   3.45485143e+02  -1.47916799e-04
   3.45485631e+02  -1.41352211e-04
   3.45486120e+02   1.08143904e-04
   3.45486608e+02   2.26500473e-04
   3.45487096e+02   1.81699157e-04
   3.45487584e+02   8.64732137e-05
   3.45488073e+02  -5.29268073e-05
   3.45488561e+02  -5.08835365e-05
   3.45489049e+02   5.99828054e-05
   3.45489538e+02  -8.82214881e-05
   3.45490026e+02  -1.73728025e-04
   3.45490514e+02  -9.01946696e-05
   3.45491003e+02  -4.85318596e-05
   3.45491491e+02  -1.72154556e-04
   3.45491979e+02  -4.76061658e-04
   3.45492468e+02  -5.47516393e-04
   3.45492956e+02  -4.12291236e-04
   3.45493444e+02  -4.12139343e-04
   3.45493933e+02  -4.48934297e-04
   3.45494421e+02  -2.67356489e-04
   3.45494909e+02  -5.68504765e-06
   3.45495398e+02  -4.59978328e-05
   3.45495886e+02  -9.58160308e-05
   3.45496374e+02   2.22778443e-04
   3.45496863e+02   3.07251787e-04
   3.45497351e+02   1.20074612e-04
   3.45497839e+02   3.67277273e-04
   3.45498328e+02   4.78920498e-04
   3.45498816e+02   1.13761707e-04
   3.45499304e+02   9.63413040e-05
   3.45499792e+02   3.21865547e-04
   3.45500281e+02   2.50678509e-04
   3.45500769e+02   3.71875212e-05
   3.45501257e+02  -7.59582181e-05
   3.45501746e+02  -1.89884449e-04
   3.45502234e+02  -2.51354737e-04
   3.45502722e+02   9.12367250e-05
   3.45503211e+02   5.39291417e-04
   3.45503699e+02   5.58135798e-04
   3.45504187e+02   8.98044982e-06
   3.45504676e+02  -3.51437484e-04
   3.45505164e+02  -6.59475991e-05
   3.45505652e+02   3.66915454e-04
   3.45506141e+02   3.72715644e-04
   3.45506629e+02  -1.57533417e-04
   3.45507117e+02  -4.66721162e-04
   3.45507606e+02  -3.83932551e-04
   3.45508094e+02  -1.49686384e-04
   3.45508582e+02   8.02643699e-05
   3.45509071e+02   2.35084481e-05
   3.45509559e+02  -2.34374325e-04
   3.45510047e+02  -3.48886620e-04
   3.45510535e+02  -2.85168848e-04
   3.45511024e+02  -5.61290180e-05
   3.45511512e+02   1.72580723e-04
   3.45512000e+02   6.50901493e-05
   3.45512489e+02  -1.32018267e-05
   3.45512977e+02   9.47709850e-05
   3.45513465e+02   2.08825601e-04
   3.45513954e+02   2.41398404e-04
   3.45514442e+02   1.19373617e-04
   3.45514930e+02   1.59425967e-04
   3.45515419e+02   2.18789122e-04
   3.45515907e+02   1.72406959e-04
   3.45516395e+02   1.25982013e-04
   3.45516884e+02   3.69871341e-05
   3.45517372e+02  -1.87725193e-04
   3.45517860e+02  -4.25560691e-04
   3.45518349e+02  -2.89028772e-04
   3.45518837e+02  -1.01889651e-04
   3.45519325e+02  -1.14096038e-04
   3.45519814e+02  -1.19107674e-04
   3.45520302e+02  -2.19738271e-04
   3.45520790e+02  -3.32383352e-04
   3.45521278e+02  -1.88879363e-04
   3.45521767e+02   4.13075686e-05
   3.45522255e+02   5.07604273e-06
   3.45522743e+02   5.40705987e-05
   3.45523232e+02   2.91165925e-04
   3.45523720e+02   2.65782670e-04
   3.45524208e+02   8.47050760e-05
   3.45524697e+02  -3.20563704e-05
   3.45525185e+02  -1.85622077e-04
   3.45525673e+02  -2.43989925e-04
   3.45526162e+02  -1.84119213e-04
   3.45526650e+02  -2.65698414e-04
   3.45527138e+02  -1.64005993e-04
   3.45527627e+02   1.09859888e-04
   3.45528115e+02  -8.87595525e-05
   3.45528603e+02  -3.03206500e-04
   3.45529092e+02  -1.70280066e-04
   3.45529580e+02  -1.46725157e-04
   3.45530068e+02  -1.17717551e-04
   3.45530557e+02  -9.02050306e-06
   3.45531045e+02  -1.63625053e-04
   3.45531533e+02  -2.28794859e-04
   3.45532022e+02   4.17493247e-05
   3.45532510e+02   9.06145851e-06
   3.45532998e+02  -2.63251277e-04
   3.45533486e+02  -2.05563163e-04
   3.45533975e+02  -2.62058111e-05
   3.45534463e+02  -5.70756929e-05
   3.45534951e+02   2.98680116e-05
   3.45535440e+02   2.44212250e-04
   3.45535928e+02   7.43290220e-05
   3.45536416e+02   1.55857342e-05
   3.45536905e+02   1.30022570e-04
   3.45537393e+02   1.15655632e-04
   3.45537881e+02   1.14289920e-04
   3.45538370e+02   3.45082663e-05
   3.45538858e+02  -1.80331976e-04
   3.45539346e+02  -1.32188754e-04
   3.45539835e+02   6.17875776e-05
   3.45540323e+02   1.40977092e-04
   3.45540811e+02  -1.84867051e-04
   3.45541300e+02  -3.87669977e-04
   3.45541788e+02  -3.72337090e-05
   3.45542276e+02   1.87898360e-04
   3.45542765e+02  -6.29015994e-05
   3.45543253e+02  -2.51113786e-04
   3.45543741e+02  -2.62461428e-04
   3.45544229e+02  -4.27856314e-04
   3.45544718e+02  -4.29311796e-04
   3.45545206e+02  -3.87630644e-05
   3.45545694e+02   9.42319530e-05
   3.45546183e+02   1.82497388e-05
   3.45546671e+02   1.04524799e-04
   3.45547159e+02   3.20308231e-04
   3.45547648e+02   2.23579511e-04
   3.45548136e+02  -2.25098833e-04
   3.45548624e+02  -3.06955219e-04
   3.45549113e+02  -7.17641087e-05
   3.45549601e+02   4.28189742e-05
   3.45550089e+02  -2.00126306e-05
   3.45550578e+02  -1.54667345e-04
   3.45551066e+02  -1.77163995e-04
   3.45551554e+02  -1.74738714e-04
   3.45552043e+02  -2.20234608e-04
   3.45552531e+02  -2.17172259e-04
   3.45553019e+02  -8.52399316e-05
   3.45553508e+02  -3.49070001e-06
   3.45553996e+02  -7.69034450e-05
   3.45554484e+02   1.61884163e-05
   3.45554972e+02   2.88182346e-04
   3.45555461e+02   4.17109142e-04
   3.45555949e+02   2.18295812e-04
   3.45556437e+02   7.87381359e-05
   3.45556926e+02   1.77152688e-04
   3.45557414e+02   1.30782835e-04
   3.45557902e+02  -5.06161414e-05
   3.45558391e+02  -2.85563205e-04
   3.45558879e+02  -2.64424132e-04
   3.45559367e+02   3.78989098e-05
   3.45559856e+02   1.14687478e-04
   3.45560344e+02  -6.26714291e-06
   3.45560832e+02  -5.38908462e-05
   3.45561321e+02  -2.67741393e-06
   3.45561809e+02   6.22870866e-05
   3.45562297e+02   2.33780622e-04
   3.45562786e+02   3.84720246e-04
   3.45563274e+02   6.92481408e-05
   3.45563762e+02  -2.31770973e-04
   3.45564251e+02  -1.84658304e-04
   3.45564739e+02  -1.94252949e-04
   3.45565227e+02  -1.63668461e-04
   3.45565716e+02   8.33076410e-05
   3.45566204e+02   1.67546154e-04
   3.45566692e+02   4.47367784e-05
   3.45567180e+02  -7.24702550e-05
   3.45567669e+02  -8.70609074e-05
   3.45568157e+02   1.25776598e-04
   3.45568645e+02   4.88978578e-04
   3.45569134e+02   9.05266381e-04
   3.45569622e+02   1.13852951e-03
   3.45570110e+02   1.27214717e-03
   3.45570599e+02   1.78732106e-03
   3.45571087e+02   3.15070734e-03
   3.45571575e+02   5.94194699e-03
   3.45572064e+02   1.11761419e-02
   3.45572552e+02   2.07179654e-02
   3.45573040e+02   3.52193303e-02
   3.45573529e+02   5.09148352e-02
   3.45574017e+02   5.95237277e-02
   3.45574505e+02   6.35202155e-02
   3.45574994e+02   6.81198910e-02
   3.45575482e+02   7.65691251e-02
   3.45575970e+02   9.43555236e-02
   3.45576459e+02   1.15255706e-01
   3.45576947e+02   1.34258196e-01
   3.45577435e+02   1.47880122e-01
   3.45577923e+02   1.55333087e-01
   3.45578412e+02   1.55637696e-01
   3.45578900e+02   1.32958651e-01
   3.45579388e+02   9.69022363e-02
   3.45579877e+02   6.13710359e-02
   3.45580365e+02   3.38090882e-02
   3.45580853e+02   1.56712886e-02
   3.45581342e+02   6.72017131e-03
   3.45581830e+02   3.17386398e-03
   3.45582318e+02   1.93223159e-03
   3.45582807e+02   1.43229659e-03
   3.45583295e+02   1.07685546e-03
   3.45583783e+02   7.96383189e-04
   3.45584272e+02   6.27154892e-04
   3.45584760e+02   4.12054942e-04
   3.45585248e+02   1.50698892e-04
   3.45585737e+02   1.16241092e-04
   3.45586225e+02   3.36522644e-04
   3.45586713e+02   1.93993343e-04
   3.45587202e+02  -1.53073153e-04
   3.45587690e+02  -1.79603085e-04
   3.45588178e+02   1.33212045e-04
   3.45588666e+02   5.49821649e-04
   3.45589155e+02   3.32767144e-04
   3.45589643e+02   5.34043465e-05
   3.45590131e+02   2.44110735e-04
   3.45590620e+02   1.85399942e-04
   3.45591108e+02   3.08362905e-05
   3.45591596e+02   1.93887376e-04
   3.45592085e+02   4.05510975e-04
   3.45592573e+02   4.02699166e-04
   3.45593061e+02   1.14721202e-04
   3.45593550e+02  -7.53569402e-05
   3.45594038e+02   6.59713478e-05
   3.45594526e+02   1.75118883e-04
   3.45595015e+02  -3.76481444e-06
   3.45595503e+02   2.66430070e-05
   3.45595991e+02   1.05930827e-04
   3.45596480e+02  -3.05136258e-04
   3.45596968e+02  -4.55261266e-04
   3.45597456e+02  -8.33624217e-05
   3.45597945e+02   3.51204071e-05
   3.45598433e+02  -5.86262286e-05
   3.45598921e+02  -2.57051637e-04
   3.45599410e+02  -4.06161125e-04
   3.45599898e+02  -8.84702531e-05
   3.45600386e+02   2.59859837e-04
   3.45600874e+02   2.68093543e-04
   3.45601363e+02   3.33947683e-04
   3.45601851e+02   4.05884493e-04
   3.45602339e+02   2.90367869e-04
   3.45602828e+02   1.07607448e-04
   3.45603316e+02  -1.99348447e-04
   3.45603804e+02  -3.98783159e-04
   3.45604293e+02  -1.56531954e-04
   3.45604781e+02   1.54544934e-04
   3.45605269e+02   1.71044187e-04
   3.45605758e+02  -9.05102638e-07
   3.45606246e+02  -2.05923698e-05
   3.45606734e+02  -5.03285582e-06
   3.45607223e+02  -1.11635403e-04
   3.45607711e+02  -2.04716504e-04
   3.45608199e+02  -1.49273008e-04
   3.45608688e+02   1.80726092e-05
   3.45609176e+02   6.51008377e-05
   3.45609664e+02   1.88482609e-05
   3.45610153e+02  -7.71950581e-05
   3.45610641e+02   1.20954093e-04
   3.45611129e+02   2.04825847e-04
   3.45611617e+02  -1.56175854e-04
   3.45612106e+02  -2.28473000e-04
   3.45612594e+02  -1.25936524e-04
   3.45613082e+02  -2.50075274e-04
   3.45613571e+02  -3.19300336e-04
   3.45614059e+02  -7.24884376e-05
   3.45614547e+02   1.02852115e-04
   3.45615036e+02   7.14066919e-05
   3.45615524e+02   1.82004136e-04
   3.45616012e+02   2.32424587e-04
   3.45616501e+02   2.56975236e-05
   3.45616989e+02  -2.23235184e-04
   3.45617477e+02  -7.21832330e-05
   3.45617966e+02   1.99125105e-04
   3.45618454e+02   1.73591980e-04
   3.45618942e+02   2.09424092e-04
   3.45619431e+02   2.19207534e-04
   3.45619919e+02   7.04025442e-05
   3.45620407e+02   6.51880191e-06
   3.45620896e+02  -5.98686674e-05
   3.45621384e+02  -3.94391718e-05
   3.45621872e+02  -2.77567633e-05
   3.45622360e+02  -1.72051314e-05
   3.45622849e+02   1.27813546e-04
   3.45623337e+02   1.50430744e-04
   3.45623825e+02  -1.35666880e-04
   3.45624314e+02  -2.99515668e-04
   3.45624802e+02   6.71908638e-05
   3.45625290e+02   5.21947921e-04
   3.45625779e+02   5.96789119e-04
   3.45626267e+02   1.42351913e-04
   3.45626755e+02  -2.72430567e-04
   3.45627244e+02  -1.26398474e-04
   3.45627732e+02  -3.45809967e-05
   3.45628220e+02  -2.14974003e-04
   3.45628709e+02  -1.55881673e-04
   3.45629197e+02  -4.74954431e-05
   3.45629685e+02  -1.23406833e-04
   3.45630174e+02   1.30205080e-05
   3.45630662e+02   3.45789536e-04
   3.45631150e+02   4.56001901e-04
   3.45631639e+02   5.17748471e-04
   3.45632127e+02   5.30373189e-04
   3.45632615e+02   2.24141913e-04
   3.45633104e+02   7.42707198e-05
   3.45633592e+02   2.15793829e-04
   3.45634080e+02   1.70345244e-04
   3.45634568e+02   4.82173818e-05
   3.45635057e+02  -4.59495059e-05
   3.45635545e+02  -1.54804977e-04
   3.45636033e+02  -1.21440549e-04
   3.45636522e+02   1.52156435e-05
   3.45637010e+02   1.04786384e-04
   3.45637498e+02  -2.01186864e-04
   3.45637987e+02  -3.78657947e-04
   3.45638475e+02  -1.15109528e-04
   3.45638963e+02  -4.51973574e-05
   3.45639452e+02  -1.06985397e-04
   3.45639940e+02  -1.20753342e-04
   3.45640428e+02   2.75346679e-06
   3.45640917e+02   1.19620963e-04
   3.45641405e+02   1.00747558e-04
   3.45641893e+02  -1.02804421e-04
   3.45642382e+02  -2.62334914e-04
   3.45642870e+02  -2.58028485e-05
   3.45643358e+02   1.46205653e-04
   3.45643847e+02   5.50335462e-05
   3.45644335e+02   9.07776339e-05
   3.45644823e+02   2.38504712e-04
   3.45645311e+02   2.13134335e-04
   3.45645800e+02   1.54891473e-04
   3.45646288e+02  -2.69440875e-06
   3.45646776e+02  -2.16784741e-04
   3.45647265e+02  -2.24762494e-04
   3.45647753e+02  -3.21692118e-04
   3.45648241e+02  -2.88375828e-04
   3.45648730e+02  -3.89131274e-05
   3.45649218e+02   1.64108002e-04
   3.45649706e+02   7.85023367e-05
   3.45650195e+02  -4.42260498e-05
   3.45650683e+02   1.81492014e-05
   3.45651171e+02  -5.60058761e-05
   3.45651660e+02  -1.98636510e-04
   3.45652148e+02  -8.24117378e-05
   3.45652636e+02   1.04206219e-05
   3.45653125e+02   2.39628978e-04
   3.45653613e+02   1.10935551e-04
   3.45654101e+02   9.45752981e-05
   3.45654590e+02   1.84242541e-04
   3.45655078e+02   8.52715966e-05
   3.45655566e+02  -1.05628795e-04
   3.45656055e+02  -2.19002235e-04
   3.45656543e+02  -1.66095531e-04
   3.45657031e+02  -1.40538941e-05
   3.45657519e+02   1.44617108e-04
   3.45658008e+02   3.81042453e-04
   3.45658496e+02   6.59007230e-04
   3.45658984e+02   8.39265937e-04
   3.45659473e+02   6.68904861e-04
   3.45659961e+02   1.77703827e-04
   3.45660449e+02  -1.42508230e-04
   3.45660938e+02   8.83120374e-05
   3.45661426e+02   2.91971402e-04
   3.45661914e+02  -1.09705516e-05
   3.45662403e+02  -2.87808856e-04
   3.45662891e+02  -3.27872636e-04
   3.45663379e+02  -1.96723850e-04
   3.45663868e+02   5.20980684e-05
   3.45664356e+02   1.76099093e-05
   3.45664844e+02  -3.98305041e-04
   3.45665333e+02  -4.77138441e-04
   3.45665821e+02   3.30332368e-05
   3.45666309e+02   2.39393557e-04
   3.45666798e+02   1.97278860e-04
   3.45667286e+02   1.11919733e-04
   3.45667774e+02  -8.39215718e-05
   3.45668262e+02   5.88823559e-06
   3.45668751e+02   5.86314200e-05
   3.45669239e+02  -1.26623301e-04
   3.45669727e+02  -1.51796994e-04
   3.45670216e+02   5.46540687e-05
   3.45670704e+02   1.90051345e-04
   3.45671192e+02   2.29130572e-04
   3.45671681e+02   1.48348860e-04
   3.45672169e+02  -1.18425756e-04
   3.45672657e+02  -4.53006825e-04
   3.45673146e+02  -4.92562132e-04
   3.45673634e+02  -3.88350491e-05
   3.45674122e+02   4.06760490e-04
   3.45674611e+02   4.29790380e-04
   3.45675099e+02   2.39753543e-04
   3.45675587e+02  -1.95375251e-05
   3.45676076e+02  -2.56389612e-04
   3.45676564e+02  -2.05415039e-04
   3.45677052e+02  -4.35669517e-06
   3.45677541e+02   1.05036990e-04
   3.45678029e+02   2.13445936e-04
   3.45678517e+02   2.27028140e-04
   3.45679005e+02   1.29578679e-04
   3.45679494e+02  -6.30337890e-05
   3.45679982e+02  -9.56763906e-05
   3.45680470e+02   3.33991047e-05
   3.45680959e+02  -1.91681786e-04
   3.45681447e+02  -4.37660667e-04
   3.45681935e+02  -9.63467028e-06
   3.45682424e+02   3.59456375e-04
   3.45682912e+02   2.28219462e-04
   3.45683400e+02   2.52531900e-04
   3.45683889e+02   1.47749219e-04
   3.45684377e+02  -8.04699957e-05
   3.45684865e+02   3.34383622e-05
   3.45685354e+02   1.51450877e-04
   3.45685842e+02   3.59433106e-05
   3.45686330e+02  -5.76866441e-05
   3.45686819e+02  -2.38221037e-05
   3.45687307e+02   4.66988931e-05
   3.45687795e+02   1.61215867e-04
   3.45688284e+02   2.88894207e-05
   3.45688772e+02  -2.34507257e-04
   3.45689260e+02  -3.71970818e-04
   3.45689749e+02  -3.75590927e-04
   3.45690237e+02  -2.10177532e-04
   3.45690725e+02  -3.84402483e-05
   3.45691213e+02   1.72006214e-04
   3.45691702e+02   2.03386982e-04
   3.45692190e+02  -1.25704901e-04
   3.45692678e+02  -1.26101368e-04
   3.45693167e+02   1.71895212e-04
   3.45693655e+02  -5.52657775e-06
   3.45694143e+02  -3.71334376e-04
   3.45694632e+02  -1.86457575e-04
   3.45695120e+02   1.11491638e-04
   3.45695608e+02   8.79870931e-05
   3.45696097e+02  -1.14267837e-04
   3.45696585e+02  -1.91740284e-04
   3.45697073e+02  -6.82534446e-05
   3.45697562e+02  -7.94356856e-06
   3.45698050e+02   1.01045145e-04
   3.45698538e+02   1.15024392e-04
   3.45699027e+02   8.38015148e-06
   3.45699515e+02  -1.26136947e-04
   3.45700003e+02  -3.17624334e-04
   3.45700492e+02  -3.86687228e-04
   3.45700980e+02  -1.91005820e-04
   3.45701468e+02  -4.31244262e-05
   3.45701956e+02  -2.59991590e-04
   3.45702445e+02  -3.02295695e-04
   3.45702933e+02   7.88702819e-05
   3.45703421e+02   2.32296021e-04
   3.45703910e+02   1.83365082e-05
   3.45704398e+02  -1.81897311e-04
   3.45704886e+02  -2.92008510e-04
   3.45705375e+02  -2.56331550e-04
   3.45705863e+02  -6.58577410e-05
   3.45706351e+02   2.07519534e-07
   3.45706840e+02  -3.97876778e-04
   3.45707328e+02  -5.44050417e-04
   3.45707816e+02  -9.59729659e-05
   3.45708305e+02   1.92056614e-04
   3.45708793e+02   1.67195671e-04
   3.45709281e+02   8.56398983e-05
   3.45709770e+02   1.34468442e-04
   3.45710258e+02   2.45803036e-04
   3.45710746e+02   1.20173689e-04
   3.45711235e+02  -4.95390886e-05
   3.45711723e+02  -1.74228277e-04
   3.45712211e+02  -4.03356651e-04
   3.45712699e+02  -3.48529837e-04
   3.45713188e+02  -2.86701077e-04
   3.45713676e+02  -2.84979877e-04
   3.45714164e+02  -7.18025040e-05
   3.45714653e+02   1.30439774e-04
   3.45715141e+02   9.16174904e-05
   3.45715629e+02   1.33568628e-05
   3.45716118e+02   1.95354631e-04
   3.45716606e+02   2.07609351e-04
   3.45717094e+02  -1.07981716e-04
   3.45717583e+02  -1.68727929e-04
   3.45718071e+02  -5.95533493e-05
   3.45718559e+02  -3.19484316e-05
   3.45719048e+02   3.66841450e-05
   3.45719536e+02   4.58536706e-05
   3.45720024e+02   1.07393767e-04
   3.45720513e+02   1.33149806e-04
   3.45721001e+02  -6.42260420e-05
   3.45721489e+02  -1.40631950e-04
   3.45721978e+02  -7.72484927e-05
   3.45722466e+02  -1.68719969e-04
   3.45722954e+02  -3.41683655e-04
   3.45723443e+02  -4.55489673e-04
   3.45723931e+02  -1.75906505e-04
   3.45724419e+02   2.48329423e-04
   3.45724907e+02   3.11485201e-04
   3.45725396e+02   2.98139174e-04
   3.45725884e+02   5.16053813e-04
   3.45726372e+02   6.46799803e-04
   3.45726861e+02   3.73073708e-04
   3.45727349e+02   5.16684631e-05
   3.45727837e+02  -4.46908962e-05
   3.45728326e+02   9.60502366e-05
   3.45728814e+02   1.39034048e-04
   3.45729302e+02  -1.71224849e-04
   3.45729791e+02  -1.37720839e-04
   3.45730279e+02   1.13968286e-04
   3.45730767e+02   1.28916086e-04
   3.45731256e+02   2.70748656e-04
   3.45731744e+02   4.13681613e-04
   3.45732232e+02   3.06205562e-04
   3.45732721e+02   1.66853570e-04
   3.45733209e+02   9.54928983e-05
   3.45733697e+02   2.15941065e-04
   3.45734186e+02   4.15862654e-04
   3.45734674e+02   3.57288343e-04
   3.45735162e+02   9.24720443e-05
   3.45735650e+02  -6.96888819e-05
   3.45736139e+02   1.44563837e-05
   3.45736627e+02   1.04630730e-04
   3.45737115e+02   1.48562263e-04
   3.45737604e+02  -8.25573534e-06
   3.45738092e+02  -1.37273426e-04
   3.45738580e+02   8.43972430e-06
   3.45739069e+02  -6.28706621e-05
   3.45739557e+02  -2.21009483e-04
   3.45740045e+02   1.82772601e-05
   3.45740534e+02   1.26222774e-04
   3.45741022e+02  -3.25647008e-04
   3.45741510e+02  -2.91268196e-04
   3.45741999e+02   2.50125537e-04
   3.45742487e+02   2.31938495e-04
   3.45742975e+02  -1.14158873e-04
   3.45743464e+02  -3.14206496e-04
   3.45743952e+02  -3.69214104e-04
   3.45744440e+02  -2.45783187e-04
   3.45744929e+02  -2.38915614e-04
   3.45745417e+02  -2.91622855e-04
   3.45745905e+02  -2.09620674e-04
   3.45746393e+02  -6.50485890e-05
   3.45746882e+02   3.94605158e-05
   3.45747370e+02  -4.30193249e-05
   3.45747858e+02  -4.23312478e-04
   3.45748347e+02  -7.16730254e-04
   3.45748835e+02  -4.88634454e-04
   3.45749323e+02  -1.39593307e-04
   3.45749812e+02  -7.72664644e-05
   3.45750300e+02  -1.49176922e-04
   3.45750788e+02  -1.35035662e-04
   3.45751277e+02   1.75662099e-05
   3.45751765e+02   2.79994041e-04
   3.45752253e+02   3.59679892e-04
   3.45752742e+02   3.88622400e-04
   3.45753230e+02   4.02791949e-04
   3.45753718e+02   6.99776865e-05
   3.45754207e+02  -7.61158444e-05
   3.45754695e+02   1.62258671e-04
   3.45755183e+02   2.19928625e-04
   3.45755672e+02   7.62439377e-05
   3.45756160e+02   1.92893393e-04
   3.45756648e+02   2.83169065e-04
   3.45757137e+02   1.94887354e-04
   3.45757625e+02   2.53758451e-04
   3.45758113e+02   3.59459082e-04
   3.45758601e+02   2.24612537e-04
   3.45759090e+02   4.60306474e-05
   3.45759578e+02  -7.58005917e-05
   3.45760066e+02  -1.65567035e-04
   3.45760555e+02  -3.19869764e-06
   3.45761043e+02   1.27388397e-04
   3.45761531e+02  -7.94835214e-05
   3.45762020e+02  -1.78906470e-04
   3.45762508e+02   1.42101690e-05
   3.45762996e+02   2.27853903e-04
   3.45763485e+02   2.52062600e-04
   3.45763973e+02   2.50136392e-04
   3.45764461e+02   2.15748936e-04
   3.45764950e+02   8.72913515e-05
   3.45765438e+02   1.01374448e-04
   3.45765926e+02  -7.13757618e-05
   3.45766415e+02  -3.28827678e-04
   3.45766903e+02  -1.37182113e-04
   3.45767391e+02   2.13189254e-04
   3.45767880e+02   3.91088164e-04
   3.45768368e+02   2.48708704e-04
   3.45768856e+02   1.41389974e-04
   3.45769344e+02   8.27768818e-05
   3.45769833e+02  -1.20721896e-04
   3.45770321e+02  -3.19851359e-04
   3.45770809e+02  -1.02130907e-04
   3.45771298e+02  -9.13777767e-05
   3.45771786e+02  -4.28442654e-05
   3.45772274e+02   4.25561084e-05
   3.45772763e+02   9.98794349e-05
   3.45773251e+02   1.48195948e-04
   3.45773739e+02  -1.48384031e-04
   3.45774228e+02  -2.84014852e-04
   3.45774716e+02   5.82575594e-05
   3.45775204e+02   2.00210226e-04
   3.45775693e+02   1.43941128e-04
   3.45776181e+02   9.40735044e-05
   3.45776669e+02   4.77402409e-06
   3.45777158e+02  -9.20071543e-05
   3.45777646e+02  -2.96180457e-04
   3.45778134e+02  -2.73320038e-04
   3.45778623e+02  -1.38435717e-04
   3.45779111e+02  -1.80344650e-04
   3.45779599e+02  -2.08881000e-04
   3.45780087e+02  -1.37072639e-04
   3.45780576e+02  -3.34504934e-04
   3.45781064e+02  -5.39667089e-04
   3.45781552e+02  -3.17717175e-04
   3.45782041e+02  -1.72949978e-04
   3.45782529e+02  -2.06796569e-04
   3.45783017e+02  -8.32410151e-05
   3.45783506e+02  -8.64560498e-05
   3.45783994e+02  -4.52195891e-05
   3.45784482e+02  -1.43603584e-05
   3.45784971e+02  -1.41545810e-04
   3.45785459e+02  -2.33857994e-04
   3.45785947e+02  -1.85420664e-04
   3.45786436e+02  -1.14455870e-04
   3.45786924e+02  -1.13004775e-04
   3.45787412e+02  -9.03168693e-05
   3.45787901e+02   2.52361860e-05
   3.45788389e+02  -3.67311950e-05
   3.45788877e+02  -3.80048696e-05
   3.45789366e+02   2.37049346e-04
   3.45789854e+02   2.28701683e-04
   3.45790342e+02  -3.34560718e-05
   3.45790831e+02  -1.01788544e-04
   3.45791319e+02  -2.94872007e-04
   3.45791807e+02  -5.12136205e-04
   3.45792295e+02  -2.69541866e-04
   3.45792784e+02   1.19093194e-04
   3.45793272e+02   9.60399921e-05
   3.45793760e+02   9.35987628e-05
   3.45794249e+02   2.12280152e-04
   3.45794737e+02   3.83380866e-05
   3.45795225e+02   8.26313553e-05
   3.45795714e+02   4.21910867e-04
   3.45796202e+02   2.66692019e-04
   3.45796690e+02   1.32369032e-05
   3.45797179e+02   1.46715829e-04
   3.45797667e+02   2.09930542e-04
   3.45798155e+02   6.27562331e-05
   3.45798644e+02   6.87380161e-05
   3.45799132e+02   1.58832714e-04
   3.45799620e+02   1.06850399e-04
   3.45800109e+02   1.75799825e-04
   3.45800597e+02   2.71903904e-04
   3.45801085e+02   1.37186391e-04
   3.45801574e+02  -7.18686642e-05
   3.45802062e+02  -2.36878477e-04
   3.45802550e+02  -3.32050287e-04
   3.45803038e+02  -1.68190687e-04
   3.45803527e+02   2.63873197e-04
   3.45804015e+02   3.92184418e-04
   3.45804503e+02   2.68772448e-04
   3.45804992e+02   2.49153672e-04
   3.45805480e+02   2.79361237e-04
   3.45805968e+02   1.71389474e-04
   3.45806457e+02   2.00247450e-05
   3.45806945e+02   1.32860412e-04
   3.45807433e+02   1.44111473e-04
   3.45807922e+02   3.23984350e-05
   3.45808410e+02  -2.91601864e-05
   3.45808898e+02  -1.10612884e-04
   3.45809387e+02  -2.75541261e-05
   3.45809875e+02   2.86268070e-04
   3.45810363e+02   4.79928538e-04
   3.45810852e+02   4.20281751e-04
   3.45811340e+02   4.76160814e-04
   3.45811828e+02   3.32034542e-04
   3.45812317e+02   2.35987682e-05
   3.45812805e+02  -1.15938761e-04
   3.45813293e+02  -1.23009202e-04
   3.45813781e+02   8.75812293e-06
   3.45814270e+02   9.81167032e-05
   3.45814758e+02   1.07999207e-04
   3.45815246e+02   4.97187721e-05
   3.45815735e+02   1.47409693e-04
   3.45816223e+02   2.84385984e-04
   3.45816711e+02   1.08701706e-05
   3.45817200e+02  -2.52922036e-04
   3.45817688e+02  -1.87484125e-04
   3.45818176e+02   3.89688967e-06
   3.45818665e+02   1.28029424e-04
   3.45819153e+02   2.29351281e-04
   3.45819641e+02   3.51443829e-04
   3.45820130e+02   6.33008385e-05
   3.45820618e+02  -3.41736915e-04
   3.45821106e+02  -3.04320798e-04
   3.45821595e+02  -2.89962773e-04
   3.45822083e+02  -3.92603746e-04
   3.45822571e+02  -3.85771185e-04
   3.45823060e+02  -3.59853555e-04
   3.45823548e+02  -1.92459687e-04
   3.45824036e+02  -4.32133093e-05
   3.45824525e+02   1.39005526e-04
   3.45825013e+02   2.95971869e-04
   3.45825501e+02   3.18489736e-04
   3.45825989e+02   2.61444220e-04
   3.45826478e+02  -5.75496415e-05
   3.45826966e+02  -2.69989570e-04
   3.45827454e+02  -1.94787703e-04
   3.45827943e+02  -1.60575277e-04
   3.45828431e+02  -1.98107489e-04
   3.45828919e+02  -3.42758227e-04
   3.45829408e+02  -3.99517332e-04
   3.45829896e+02  -4.79954178e-04
   3.45830384e+02  -4.34649904e-04
   3.45830873e+02  -2.13299543e-04
   3.45831361e+02  -1.50294451e-04
   3.45831849e+02  -2.30657475e-04
   3.45832338e+02  -3.19556741e-04
   3.45832826e+02  -1.62862329e-04
   3.45833314e+02   2.03637217e-04
   3.45833803e+02   2.62160756e-04
   3.45834291e+02   1.33733833e-04
   3.45834779e+02   5.63065369e-05
   3.45835268e+02  -1.44459380e-04
   3.45835756e+02  -3.11623618e-04
   3.45836244e+02  -1.76213609e-04
   3.45836732e+02  -1.01748228e-04
   3.45837221e+02  -7.13407571e-05
   3.45837709e+02  -6.31718576e-05
   3.45838197e+02  -1.87970465e-04
   3.45838686e+02  -9.68513050e-05
   3.45839174e+02   8.38889537e-05
   3.45839662e+02   1.92892956e-04
   3.45840151e+02   6.62474486e-05
   3.45840639e+02  -1.78347444e-04
   3.45841127e+02  -8.53950260e-05
   3.45841616e+02  -3.28574679e-05
   3.45842104e+02  -6.53548341e-05
   3.45842592e+02  -1.86215344e-04
   3.45843081e+02  -3.88377288e-04
   3.45843569e+02  -2.03729956e-04
   3.45844057e+02   1.18158867e-04
   3.45844546e+02   7.06037317e-05
   3.45845034e+02  -1.25440682e-04
   3.45845522e+02  -2.60082335e-04
   3.45846011e+02  -9.38081357e-05
   3.45846499e+02   4.24614700e-05
   3.45846987e+02  -4.11309338e-05
   3.45847476e+02  -2.68995191e-05
   3.45847964e+02  -8.65204638e-05
   3.45848452e+02  -4.25995204e-05
   3.45848940e+02  -9.42342522e-05
   3.45849429e+02  -2.72671372e-04
   3.45849917e+02  -2.01903385e-04
   3.45850405e+02  -1.07607499e-04
   3.45850894e+02  -9.24820779e-05
   3.45851382e+02   1.13312890e-04
   3.45851870e+02   4.46785038e-04
   3.45852359e+02   5.21970447e-04
   3.45852847e+02   1.70726154e-04
   3.45853335e+02  -9.93799476e-05
   3.45853824e+02   7.52105479e-05
   3.45854312e+02   2.76958919e-04
   3.45854800e+02   2.78484251e-04
   3.45855289e+02   2.07115809e-04
   3.45855777e+02   1.01304926e-04
   3.45856265e+02   1.02583042e-04
   3.45856754e+02   1.99366536e-04
   3.45857242e+02   3.46865650e-04
   3.45857730e+02   4.14223818e-04
   3.45858219e+02   2.90004507e-04
   3.45858707e+02   3.91931972e-05
   3.45859195e+02   2.36432868e-04
   3.45859683e+02   5.71345387e-04
   3.45860172e+02   2.72731530e-04
   3.45860660e+02  -9.27198653e-06
   3.45861148e+02  -1.65654110e-05
   3.45861637e+02   7.02246398e-05
   3.45862125e+02   2.44072653e-04
   3.45862613e+02   1.13195922e-04
   3.45863102e+02   4.94141614e-06
   3.45863590e+02   2.52685742e-04
   3.45864078e+02   2.31391736e-04
   3.45864567e+02  -2.42268783e-04
   3.45865055e+02  -5.48255397e-04
   3.45865543e+02  -2.82199122e-04
   3.45866032e+02   1.88872000e-04
   3.45866520e+02   3.98562377e-04
   3.45867008e+02   2.79569882e-04
   3.45867497e+02   1.92073712e-04
   3.45867985e+02   1.55669593e-04
   3.45868473e+02   1.39727170e-04
   3.45868962e+02   1.24836282e-04
   3.45869450e+02  -2.87345392e-05
   3.45869938e+02  -1.58956725e-04
   3.45870426e+02  -3.54166870e-04
   3.45870915e+02  -5.23445720e-04
   3.45871403e+02  -3.78218509e-04
   3.45871891e+02  -4.28176172e-05
   3.45872380e+02   2.03341056e-04
   3.45872868e+02   2.91272823e-04
   3.45873356e+02   1.49958796e-04
   3.45873845e+02  -1.44083038e-04
   3.45874333e+02  -1.50079679e-04
   3.45874821e+02   1.00312835e-04
   3.45875310e+02   9.32536786e-05
   3.45875798e+02  -1.06004387e-04
   3.45876286e+02  -7.34177520e-05
   3.45876775e+02   4.21122932e-05
   3.45877263e+02   7.73773572e-05
   3.45877751e+02   1.49244923e-04
   3.45878240e+02   1.07474734e-04
   3.45878728e+02   2.22009927e-04
   3.45879216e+02   5.06435987e-04
   3.45879705e+02   5.49967575e-04
   3.45880193e+02   2.63698661e-04
   3.45880681e+02   1.64400321e-04
   3.45881170e+02   3.07294540e-04
   3.45881658e+02   2.72353995e-04
   3.45882146e+02   5.32956437e-05
   3.45882634e+02  -2.80928682e-04
   3.45883123e+02  -4.36846312e-04
   3.45883611e+02  -2.59204826e-04
   3.45884099e+02  -5.67838870e-05
   3.45884588e+02   6.83196849e-05
   3.45885076e+02   1.62547949e-04
   3.45885564e+02   1.56894719e-04
   3.45886053e+02   1.00208767e-04
   3.45886541e+02  -4.85167402e-06
   3.45887029e+02   4.46900813e-05
   3.45887518e+02   1.73486071e-04
   3.45888006e+02   1.26495015e-05
   3.45888494e+02  -1.48029096e-04
   3.45888983e+02   4.00863391e-05
   3.45889471e+02   2.67848955e-04
   3.45889959e+02   4.34678979e-04
   3.45890448e+02   3.07608250e-04
   3.45890936e+02   1.37781564e-04
   3.45891424e+02   3.30523646e-04
   3.45891913e+02   5.56192186e-04
   3.45892401e+02   5.46800555e-04
   3.45892889e+02   2.46805430e-04
   3.45893377e+02   5.19734604e-05
   3.45893866e+02   2.50814501e-05
   3.45894354e+02  -2.67580472e-04
   3.45894842e+02  -5.42582013e-04
   3.45895331e+02  -5.14094369e-04
   3.45895819e+02  -2.02184630e-04
   3.45896307e+02   2.91247066e-04
   3.45896796e+02   4.15530521e-04
   3.45897284e+02   3.05257883e-04
   3.45897772e+02   1.66206752e-04
   3.45898261e+02   1.66717538e-04
   3.45898749e+02   2.39560424e-04
   3.45899237e+02   2.89809512e-04
   3.45899726e+02   3.20606719e-04
   3.45900214e+02   2.46530486e-04
   3.45900702e+02   2.62510235e-04
   3.45901191e+02   1.65054909e-04
   3.45901679e+02  -1.02908598e-04
   3.45902167e+02  -6.55495605e-05
   3.45902656e+02   3.24364919e-05
   3.45903144e+02  -2.76610826e-05
   3.45903632e+02  -1.68556391e-04
   3.45904120e+02  -9.42772240e-05
   3.45904609e+02   1.60539901e-04
   3.45905097e+02   1.72559579e-04
   3.45905585e+02   2.14396554e-04
   3.45906074e+02   3.36250989e-04
   3.45906562e+02   4.07883344e-04
   3.45907050e+02   2.77139625e-04
   3.45907539e+02  -2.18588975e-04
   3.45908027e+02  -3.55581375e-04
   3.45908515e+02   5.03040537e-05
   3.45909004e+02   3.31939955e-04
   3.45909492e+02   5.77232313e-05
   3.45909980e+02  -1.84393211e-04
   3.45910469e+02  -1.56439579e-04
   3.45910957e+02  -1.70558371e-04
   3.45911445e+02  -1.56327718e-04
   3.45911934e+02  -6.47595007e-05
   3.45912422e+02   1.19458135e-04
   3.45912910e+02   2.67798721e-04
   3.45913399e+02   2.46686046e-04
   3.45913887e+02   1.69068968e-04
   3.45914375e+02   3.43860374e-05
   3.45914864e+02  -5.91247917e-05
   3.45915352e+02  -1.30043467e-04
   3.45915840e+02  -1.04986255e-04
   3.45916328e+02  -3.11704935e-06
   3.45916817e+02  -1.11490292e-04
   3.45917305e+02  -1.48947991e-04
   3.45917793e+02   1.72432628e-05
   3.45918282e+02   2.47595835e-05
   3.45918770e+02  -3.83055849e-05
   3.45919258e+02   2.34707513e-05
   3.45919747e+02   2.14963438e-04
   3.45920235e+02   6.02987653e-04
   3.45920723e+02   5.76057355e-04
   3.45921212e+02   1.16382209e-04
   3.45921700e+02  -5.85459056e-05
   3.45922188e+02  -3.56683522e-05
   3.45922677e+02   3.44322179e-05
   3.45923165e+02   1.96256937e-04
   3.45923653e+02   3.06277216e-04
   3.45924142e+02   1.64173573e-04
   3.45924630e+02  -2.53195962e-04
   3.45925118e+02  -5.01823670e-04
   3.45925607e+02  -2.41260190e-04
   3.45926095e+02   1.55220740e-04
   3.45926583e+02  -3.55137054e-05
   3.45927071e+02  -3.23574146e-04
   3.45927560e+02  -9.91364359e-05
   3.45928048e+02   8.07666656e-05
   3.45928536e+02   1.44521095e-04
   3.45929025e+02   2.45244475e-04
   3.45929513e+02   1.40619712e-04
   3.45930001e+02  -2.09899939e-04
   3.45930490e+02  -4.95788932e-04
   3.45930978e+02  -4.48360835e-04
   3.45931466e+02  -2.57060339e-04
   3.45931955e+02  -1.64109777e-04
   3.45932443e+02   1.75764217e-05
   3.45932931e+02   2.49193865e-04
   3.45933420e+02   4.66875877e-04
   3.45933908e+02   3.46551562e-04
   3.45934396e+02  -1.43155039e-05
   3.45934885e+02  -3.19195300e-04
   3.45935373e+02  -3.30351875e-04
   3.45935861e+02   3.67689281e-05
   3.45936350e+02   3.65650514e-04
   3.45936838e+02   2.68747943e-04
   3.45937326e+02   3.66086101e-06
   3.45937814e+02   4.79238879e-05
   3.45938303e+02   1.09352521e-04
   3.45938791e+02   7.22813202e-05
   3.45939279e+02   2.63044640e-04
   3.45939768e+02   1.73230670e-04
   3.45940256e+02  -3.15696874e-04
   3.45940744e+02  -3.68372683e-04
   3.45941233e+02  -2.17000896e-04
   3.45941721e+02  -2.26832024e-04
   3.45942209e+02  -1.69239342e-04
   3.45942698e+02  -3.66416643e-05
   3.45943186e+02   4.46220438e-05
   3.45943674e+02  -2.39414767e-05
   3.45944163e+02  -8.34169477e-05
