frequency (GHz), flux (Jy/beam)
   3.45010009e+02  -1.46055754e-04
   3.45010497e+02  -8.35975807e-05
   3.45010985e+02   2.22924093e-04
   3.45011474e+02   1.65471472e-04
   3.45011962e+02  -2.86745490e-04
   3.45012450e+02  -4.46536171e-04
   3.45012939e+02  -1.28039042e-04
   3.45013427e+02  -8.73384561e-05
   3.45013915e+02  -1.62403623e-04
   3.45014403e+02   3.78229670e-05
   3.45014892e+02   3.23181712e-06
   3.45015380e+02  -1.58299095e-04
   3.45015868e+02  -1.08085740e-04
   3.45016357e+02  -6.54111354e-05
   3.45016845e+02  -2.45435280e-04
   3.45017333e+02  -3.63424275e-04
   3.45017822e+02  -2.03089468e-04
   3.45018310e+02   2.95844511e-05
   3.45018798e+02   1.96696361e-04
   3.45019287e+02   1.49968473e-04
   3.45019775e+02  -2.52378632e-05
   3.45020263e+02   7.68965328e-05
   3.45020752e+02   2.75251397e-04
   3.45021240e+02   3.78212309e-04
   3.45021728e+02   3.94773757e-04
   3.45022217e+02   5.91271164e-05
   3.45022705e+02  -2.02361014e-04
   3.45023193e+02  -5.02692601e-05
   3.45023682e+02   6.80620724e-05
   3.45024170e+02   1.40995355e-04
   3.45024658e+02   2.11108636e-04
   3.45025147e+02   8.08977973e-07
   3.45025635e+02  -8.92064927e-05
   3.45026123e+02  -1.01613965e-04
   3.45026611e+02  -7.92069841e-05
   3.45027100e+02   2.15926542e-04
   3.45027588e+02   2.12062412e-04
   3.45028076e+02  -6.75211559e-05
   3.45028565e+02  -2.12269777e-04
   3.45029053e+02  -2.41784132e-04
   3.45029541e+02  -3.65036103e-04
   3.45030030e+02  -3.19536019e-04
   3.45030518e+02   1.37566123e-04
   3.45031006e+02   3.54065531e-04
   3.45031495e+02   2.32815073e-04
   3.45031983e+02   2.89471820e-04
   3.45032471e+02   2.72197853e-04
   3.45032960e+02   6.25118191e-05
   3.45033448e+02  -2.10188169e-04
   3.45033936e+02  -5.85308531e-04
   3.45034425e+02  -5.48271637e-04
   3.45034913e+02  -1.45082275e-04
   3.45035401e+02  -1.57736631e-05
   3.45035890e+02  -6.64429026e-05
   3.45036378e+02   7.88836041e-05
   3.45036866e+02   1.79242328e-04
   3.45037354e+02  -8.03439343e-06
   3.45037843e+02  -2.39137822e-04
   3.45038331e+02  -1.25497521e-04
   3.45038819e+02   4.23684905e-05
   3.45039308e+02   1.03086450e-06
   3.45039796e+02   8.30287536e-06
   3.45040284e+02   8.67914205e-05
   3.45040773e+02   1.36079339e-04
   3.45041261e+02  -9.16411591e-05
   3.45041749e+02  -7.24486308e-04
   3.45042238e+02  -9.18734760e-04
   3.45042726e+02  -4.26967832e-04
   3.45043214e+02   8.78978153e-06
   3.45043703e+02   2.39367524e-04
   3.45044191e+02   2.50673969e-04
   3.45044679e+02  -3.05942740e-05
   3.45045168e+02  -2.60157103e-04
   3.45045656e+02  -3.01611668e-04
   3.45046144e+02  -1.05225954e-04
   3.45046633e+02   1.55919814e-04
   3.45047121e+02   1.77365015e-04
   3.45047609e+02   8.99831794e-05
   3.45048097e+02  -1.27374195e-04
   3.45048586e+02  -8.97097852e-05
   3.45049074e+02   1.20324796e-04
   3.45049562e+02   1.74629677e-05
   3.45050051e+02   9.79518663e-05
   3.45050539e+02   4.26693819e-04
   3.45051027e+02   5.36625448e-04
   3.45051516e+02   3.90114117e-04
   3.45052004e+02   2.07000659e-04
   3.45052492e+02   1.66806622e-05
   3.45052981e+02   5.46086776e-05
   3.45053469e+02   2.02415773e-04
   3.45053957e+02  -1.79753977e-06
   3.45054446e+02  -2.08348603e-04
   3.45054934e+02   8.79490617e-05
   3.45055422e+02   2.77328072e-04
   3.45055911e+02   9.74808518e-06
   3.45056399e+02  -2.36914362e-04
   3.45056887e+02  -4.74311091e-05
   3.45057376e+02   2.14080996e-04
   3.45057864e+02   1.17068485e-04
   3.45058352e+02   2.58069831e-05
   3.45058841e+02   4.13512498e-05
   3.45059329e+02   8.52134908e-05
   3.45059817e+02   2.69387558e-04
   3.45060305e+02   5.30383782e-04
   3.45060794e+02   4.57143411e-04
   3.45061282e+02  -1.25697596e-04
   3.45061770e+02  -4.92149964e-04
   3.45062259e+02  -2.27308337e-04
   3.45062747e+02  -8.54668251e-05
   3.45063235e+02  -2.73583486e-04
   3.45063724e+02  -3.56645411e-04
   3.45064212e+02  -2.79703963e-04
   3.45064700e+02  -8.73798854e-05
   3.45065189e+02  -1.12522379e-04
   3.45065677e+02  -3.20337102e-04
   3.45066165e+02  -1.89805651e-04
   3.45066654e+02   2.03424948e-04
   3.45067142e+02   2.82678899e-04
   3.45067630e+02   2.54675379e-05
   3.45068119e+02  -4.03468257e-05
   3.45068607e+02  -4.03235390e-05
   3.45069095e+02  -2.54447252e-04
   3.45069584e+02  -5.04983531e-04
   3.45070072e+02  -6.28730631e-04
   3.45070560e+02  -4.33768990e-04
   3.45071048e+02   6.59830266e-06
   3.45071537e+02   3.22389969e-04
   3.45072025e+02   2.35849147e-04
   3.45072513e+02   2.58544333e-05
   3.45073002e+02   9.73423448e-05
   3.45073490e+02   3.88441258e-04
   3.45073978e+02   2.42373339e-04
   3.45074467e+02  -2.36848122e-04
   3.45074955e+02  -2.48869357e-04
   3.45075443e+02  -8.70552540e-05
   3.45075932e+02   7.68003010e-05
   3.45076420e+02   4.22475627e-04
   3.45076908e+02   3.79885663e-04
   3.45077397e+02   7.08798252e-05
   3.45077885e+02   1.49057378e-04
   3.45078373e+02   3.99933313e-04
   3.45078862e+02   2.42794194e-04
   3.45079350e+02  -6.31798539e-05
   3.45079838e+02  -1.41286670e-04
   3.45080327e+02   9.73156943e-07
   3.45080815e+02   1.25155027e-04
   3.45081303e+02   1.22554004e-04
   3.45081791e+02  -9.99132681e-05
   3.45082280e+02  -3.82176921e-04
   3.45082768e+02  -3.10554431e-04
   3.45083256e+02  -1.26667073e-04
   3.45083745e+02  -2.29104277e-04
   3.45084233e+02  -3.30301060e-04
   3.45084721e+02  -2.89746589e-04
   3.45085210e+02  -1.62103534e-04
   3.45085698e+02  -2.43741408e-04
   3.45086186e+02  -5.46866562e-04
   3.45086675e+02  -3.33349017e-04
   3.45087163e+02   1.88962978e-04
   3.45087651e+02   2.11454972e-04
   3.45088140e+02   3.72097602e-05
   3.45088628e+02  -6.59348152e-05
   3.45089116e+02  -2.13649429e-04
   3.45089605e+02  -1.52393986e-04
   3.45090093e+02  -7.68883983e-05
   3.45090581e+02  -3.01983731e-04
   3.45091070e+02  -3.31522780e-04
   3.45091558e+02  -7.93927247e-05
   3.45092046e+02  -5.22174014e-05
   3.45092535e+02  -3.91098671e-04
   3.45093023e+02  -2.71770201e-04
   3.45093511e+02   1.28768035e-04
   3.45093999e+02  -1.70171248e-07
   3.45094488e+02  -1.74072193e-04
   3.45094976e+02  -2.20100017e-04
   3.45095464e+02  -8.58714047e-05
   3.45095953e+02   2.48766999e-04
   3.45096441e+02   2.32905368e-04
   3.45096929e+02  -2.01561124e-04
   3.45097418e+02  -4.54759283e-04
   3.45097906e+02  -2.72288133e-04
   3.45098394e+02  -3.23158310e-04
   3.45098883e+02  -3.41415114e-04
   3.45099371e+02  -1.01896578e-04
   3.45099859e+02  -1.75474139e-04
   3.45100348e+02  -1.81417010e-04
   3.45100836e+02  -2.33999854e-05
   3.45101324e+02   7.14673151e-05
   3.45101813e+02   9.74207360e-05
   3.45102301e+02   1.42030141e-04
   3.45102789e+02   2.96425453e-04
   3.45103278e+02   2.36729640e-04
   3.45103766e+02   1.44674210e-04
   3.45104254e+02   1.68628685e-04
   3.45104742e+02   5.95928532e-06
   3.45105231e+02  -8.48280251e-05
   3.45105719e+02   1.28031779e-05
   3.45106207e+02  -5.44743989e-06
   3.45106696e+02  -3.10893665e-04
   3.45107184e+02  -4.72098240e-04
   3.45107672e+02  -2.48236407e-04
   3.45108161e+02   1.93875268e-04
   3.45108649e+02   4.39387222e-04
   3.45109137e+02   3.13756842e-04
   3.45109626e+02   1.37621551e-04
   3.45110114e+02   1.07253240e-04
   3.45110602e+02   6.04288289e-05
   3.45111091e+02  -2.67928874e-04
   3.45111579e+02  -3.67071421e-04
   3.45112067e+02  -2.75761093e-04
   3.45112556e+02  -2.87996838e-04
   3.45113044e+02  -5.27878183e-05
   3.45113532e+02   1.45359343e-04
   3.45114021e+02   2.78868712e-04
   3.45114509e+02   2.20662114e-04
   3.45114997e+02  -3.01092155e-06
   3.45115485e+02  -1.54467998e-07
   3.45115974e+02  -1.39002615e-04
   3.45116462e+02  -1.71514679e-04
   3.45116950e+02  -9.58574601e-05
   3.45117439e+02  -2.84319121e-05
   3.45117927e+02   9.60175457e-05
   3.45118415e+02   8.69792857e-05
   3.45118904e+02   2.62727204e-04
   3.45119392e+02   3.37683974e-04
   3.45119880e+02   1.48639869e-04
   3.45120369e+02  -4.05948958e-05
   3.45120857e+02  -1.92378066e-04
   3.45121345e+02  -9.44763378e-05
   3.45121834e+02   1.70996122e-04
   3.45122322e+02   1.19453049e-04
   3.45122810e+02  -2.32621314e-05
   3.45123299e+02  -7.28692394e-05
   3.45123787e+02  -3.34358250e-04
   3.45124275e+02  -4.66171245e-04
   3.45124764e+02  -2.41572081e-04
   3.45125252e+02   8.93250763e-05
   3.45125740e+02   1.57970862e-04
   3.45126229e+02   3.36409605e-04
   3.45126717e+02   3.81023885e-04
   3.45127205e+02   2.01160568e-04
   3.45127693e+02  -5.90436030e-05
   3.45128182e+02  -3.12534758e-05
   3.45128670e+02   2.11430102e-04
   3.45129158e+02   2.36296080e-04
   3.45129647e+02   1.07204112e-04
   3.45130135e+02   1.49892061e-04
   3.45130623e+02   2.12400133e-04
   3.45131112e+02   1.36506525e-04
   3.45131600e+02  -6.07998118e-05
   3.45132088e+02  -6.68053253e-05
   3.45132577e+02   5.87503491e-05
   3.45133065e+02   8.79104336e-05
   3.45133553e+02  -8.00330872e-06
   3.45134042e+02  -7.79048642e-05
   3.45134530e+02   5.11462786e-05
   3.45135018e+02   2.66529882e-04
   3.45135507e+02   3.53842566e-04
   3.45135995e+02   7.98141627e-05
   3.45136483e+02  -2.53889244e-04
   3.45136972e+02  -1.20021214e-04
   3.45137460e+02   2.54870218e-04
   3.45137948e+02   5.17446024e-04
   3.45138436e+02   5.80301858e-04
   3.45138925e+02   3.52034287e-04
   3.45139413e+02  -3.26886834e-06
   3.45139901e+02  -1.53723377e-04
   3.45140390e+02  -2.91440258e-04
   3.45140878e+02  -4.15117451e-04
   3.45141366e+02  -3.34507844e-04
   3.45141855e+02  -2.59322813e-04
   3.45142343e+02  -1.38204523e-05
   3.45142831e+02   4.24278551e-04
   3.45143320e+02   3.72719835e-04
   3.45143808e+02   6.71323069e-05
   3.45144296e+02   9.02913380e-05
   3.45144785e+02   6.00443091e-05
   3.45145273e+02  -7.53470304e-05
   3.45145761e+02   8.99166334e-05
   3.45146250e+02   3.59095604e-04
   3.45146738e+02   2.32005608e-04
   3.45147226e+02  -9.54192219e-05
   3.45147715e+02   9.33078045e-05
   3.45148203e+02   3.52903880e-04
   3.45148691e+02  -3.18453276e-05
   3.45149179e+02  -3.31499992e-04
   3.45149668e+02  -6.27121190e-05
   3.45150156e+02   2.24775344e-04
   3.45150644e+02   8.50516662e-05
   3.45151133e+02  -1.13890092e-04
   3.45151621e+02   3.13952442e-05
   3.45152109e+02   1.68242957e-04
   3.45152598e+02   1.04436898e-04
   3.45153086e+02  -1.74211920e-04
   3.45153574e+02  -5.51942969e-04
   3.45154063e+02  -5.88699069e-04
   3.45154551e+02  -2.60609901e-04
   3.45155039e+02  -1.43352852e-04
   3.45155528e+02  -1.09828798e-05
   3.45156016e+02   3.61876795e-04
   3.45156504e+02   2.08739220e-04
   3.45156993e+02  -1.59831063e-04
   3.45157481e+02  -1.70425294e-04
   3.45157969e+02  -1.88262246e-04
   3.45158458e+02  -3.86906526e-04
   3.45158946e+02  -3.25141678e-04
   3.45159434e+02   1.13791248e-04
   3.45159923e+02   4.84942808e-04
   3.45160411e+02   4.75310197e-04
   3.45160899e+02   2.26733449e-04
   3.45161387e+02  -6.00139756e-05
   3.45161876e+02  -1.62765136e-04
   3.45162364e+02   8.21900176e-05
   3.45162852e+02   1.02705832e-04
   3.45163341e+02   3.15183279e-05
   3.45163829e+02   1.57965900e-04
   3.45164317e+02   9.77408927e-05
   3.45164806e+02  -3.47935429e-06
   3.45165294e+02   5.19240530e-05
   3.45165782e+02  -1.57750183e-04
   3.45166271e+02  -2.66515766e-04
   3.45166759e+02  -1.42171615e-04
   3.45167247e+02  -3.47211026e-04
   3.45167736e+02  -3.54949210e-04
   3.45168224e+02  -6.09571180e-05
   3.45168712e+02   9.05173438e-05
   3.45169201e+02  -2.85928763e-05
   3.45169689e+02  -2.05044969e-04
   3.45170177e+02  -4.84247903e-05
   3.45170666e+02   1.38602118e-04
   3.45171154e+02   5.39605935e-05
   3.45171642e+02  -2.55219929e-05
   3.45172130e+02  -1.13185102e-04
   3.45172619e+02  -3.37837555e-05
   3.45173107e+02   1.26557934e-04
   3.45173595e+02   1.54667185e-04
   3.45174084e+02   1.11147245e-04
   3.45174572e+02   1.95306711e-04
   3.45175060e+02   2.40501904e-04
   3.45175549e+02  -3.90986279e-05
   3.45176037e+02  -1.11368108e-05
   3.45176525e+02   3.54332704e-04
   3.45177014e+02   2.47973920e-04
   3.45177502e+02  -1.64430312e-04
   3.45177990e+02  -3.58590711e-04
   3.45178479e+02  -1.77286522e-04
   3.45178967e+02   1.18825410e-04
   3.45179455e+02   2.06167286e-04
   3.45179944e+02   3.93261616e-05
   3.45180432e+02  -1.40200020e-04
   3.45180920e+02  -3.85444495e-04
   3.45181409e+02  -4.79685579e-04
   3.45181897e+02  -2.34370615e-04
   3.45182385e+02  -2.23732728e-04
   3.45182874e+02  -6.04308501e-04
   3.45183362e+02  -9.94701055e-04
   3.45183850e+02  -5.23068768e-04
   3.45184338e+02  -1.48624109e-04
   3.45184827e+02   4.55049703e-05
   3.45185315e+02   6.31480652e-05
   3.45185803e+02   1.38868432e-04
   3.45186292e+02   1.58102324e-04
   3.45186780e+02   1.17128628e-04
   3.45187268e+02   2.81255634e-04
   3.45187757e+02   3.50310089e-04
   3.45188245e+02   7.39192037e-05
   3.45188733e+02  -1.54359514e-04
   3.45189222e+02  -1.92095526e-04
   3.45189710e+02  -2.21428956e-04
   3.45190198e+02  -1.11033827e-04
   3.45190687e+02   3.44133994e-04
   3.45191175e+02   4.40528675e-04
   3.45191663e+02  -1.64011668e-04
   3.45192152e+02  -4.82385134e-04
   3.45192640e+02  -1.74371336e-04
   3.45193128e+02   1.65492092e-04
   3.45193617e+02   2.19341804e-04
   3.45194105e+02   1.97865331e-04
   3.45194593e+02   1.94835869e-04
   3.45195081e+02   9.08020302e-05
   3.45195570e+02   6.93437978e-05
   3.45196058e+02   1.72294764e-04
   3.45196546e+02   6.21801519e-05
   3.45197035e+02   2.07252197e-05
   3.45197523e+02   3.27998336e-04
   3.45198011e+02   3.93502007e-04
   3.45198500e+02   1.28030893e-04
   3.45198988e+02  -2.92131772e-05
   3.45199476e+02  -2.12365281e-04
   3.45199965e+02  -4.07678483e-04
   3.45200453e+02  -2.63458234e-04
   3.45200941e+02   5.85757043e-05
   3.45201430e+02   1.60135780e-04
   3.45201918e+02   3.20143627e-05
   3.45202406e+02   1.26368805e-05
   3.45202895e+02  -2.21480732e-05
   3.45203383e+02  -2.42280410e-04
   3.45203871e+02  -2.34185980e-04
   3.45204360e+02  -1.55713060e-05
   3.45204848e+02   1.13802547e-04
   3.45205336e+02   2.39022091e-04
   3.45205824e+02   9.51653492e-05
   3.45206313e+02  -1.57213726e-04
   3.45206801e+02  -1.42030040e-04
   3.45207289e+02  -8.12158614e-05
   3.45207778e+02  -1.87712125e-04
   3.45208266e+02  -2.57406180e-04
   3.45208754e+02   7.60905750e-05
   3.45209243e+02   4.16551979e-04
   3.45209731e+02   2.75622297e-04
   3.45210219e+02  -8.47288102e-05
   3.45210708e+02   1.85077351e-05
   3.45211196e+02   2.71766534e-04
   3.45211684e+02  -1.68726219e-05
   3.45212173e+02  -9.07401627e-05
   3.45212661e+02   2.17608525e-04
   3.45213149e+02   6.58130812e-05
   3.45213638e+02   9.17695143e-05
   3.45214126e+02   2.67123163e-04
   3.45214614e+02   2.18720816e-05
   3.45215103e+02  -9.12425166e-05
   3.45215591e+02  -1.21226491e-04
   3.45216079e+02  -2.70904828e-04
   3.45216568e+02  -2.77968444e-04
   3.45217056e+02  -2.34222156e-04
   3.45217544e+02  -1.00432968e-04
   3.45218032e+02   4.71412786e-05
   3.45218521e+02   1.94725406e-04
   3.45219009e+02   1.38734045e-04
   3.45219497e+02  -4.72763641e-05
   3.45219986e+02  -9.29646485e-05
   3.45220474e+02   5.32948179e-05
   3.45220962e+02   1.59486008e-04
   3.45221451e+02   1.24981161e-04
   3.45221939e+02   8.31612761e-06
   3.45222427e+02  -2.88355310e-04
   3.45222916e+02  -3.82256520e-04
   3.45223404e+02  -8.63696914e-06
   3.45223892e+02   3.13727389e-04
   3.45224381e+02   3.71679926e-04
   3.45224869e+02   2.13564272e-04
   3.45225357e+02   3.78571203e-05
   3.45225846e+02  -1.67838225e-05
   3.45226334e+02  -1.16118451e-06
   3.45226822e+02   1.37439914e-04
   3.45227311e+02   2.18082041e-05
   3.45227799e+02  -3.15909274e-04
   3.45228287e+02  -2.27458469e-04
   3.45228775e+02  -1.49279103e-05
   3.45229264e+02   2.54466402e-04
   3.45229752e+02   4.22344281e-04
   3.45230240e+02   2.04383570e-04
   3.45230729e+02  -1.25602528e-04
   3.45231217e+02  -2.88552139e-04
   3.45231705e+02  -2.75798695e-04
   3.45232194e+02  -1.69857900e-04
   3.45232682e+02  -5.62967070e-05
   3.45233170e+02   1.45810511e-04
   3.45233659e+02   2.22370058e-04
   3.45234147e+02  -5.79698099e-05
   3.45234635e+02  -2.48772063e-04
   3.45235124e+02  -2.89096846e-04
   3.45235612e+02  -3.99731915e-04
   3.45236100e+02  -1.64429599e-04
   3.45236589e+02   1.39483644e-04
   3.45237077e+02   1.82881777e-04
   3.45237565e+02   1.82521559e-04
   3.45238054e+02  -1.86608722e-05
   3.45238542e+02  -1.09462431e-04
   3.45239030e+02   2.96543993e-04
   3.45239518e+02   5.30989142e-04
   3.45240007e+02   3.63315514e-04
   3.45240495e+02   2.18239860e-04
   3.45240983e+02   1.25141683e-04
   3.45241472e+02   8.50760698e-05
   3.45241960e+02   1.12883485e-04
   3.45242448e+02  -9.28033696e-05
   3.45242937e+02  -2.67342373e-04
   3.45243425e+02   9.35449862e-05
   3.45243913e+02   3.77561169e-04
   3.45244402e+02   1.82774791e-04
   3.45244890e+02  -4.40907534e-05
   3.45245378e+02   6.16843899e-05
   3.45245867e+02   3.11243726e-04
   3.45246355e+02   2.24215488e-04
   3.45246843e+02  -1.28263244e-04
   3.45247332e+02  -3.22932668e-04
   3.45247820e+02  -2.89795164e-04
   3.45248308e+02  -3.12442717e-04
   3.45248797e+02  -2.17816400e-04
   3.45249285e+02  -1.52942201e-04
   3.45249773e+02  -1.27768115e-04
   3.45250262e+02   1.88906590e-04
   3.45250750e+02   2.67471827e-04
   3.45251238e+02  -2.37940360e-04
   3.45251726e+02  -6.24240900e-04
   3.45252215e+02  -4.98307461e-04
   3.45252703e+02  -2.31626167e-04
   3.45253191e+02  -2.23224619e-04
   3.45253680e+02  -3.79657606e-04
   3.45254168e+02  -2.30060206e-04
   3.45254656e+02  -1.57296410e-04
   3.45255145e+02  -4.72115586e-04
   3.45255633e+02  -4.28699335e-04
   3.45256121e+02   4.70998166e-05
   3.45256610e+02   2.17510242e-04
   3.45257098e+02   8.74879115e-05
   3.45257586e+02   5.44053983e-05
   3.45258075e+02   2.29154786e-04
   3.45258563e+02   2.94276047e-04
   3.45259051e+02   1.32600253e-04
   3.45259540e+02   9.71513728e-05
   3.45260028e+02   2.28982699e-05
   3.45260516e+02  -5.72108511e-05
   3.45261005e+02  -5.07166660e-05
   3.45261493e+02   1.15782268e-05
   3.45261981e+02   2.29352503e-04
   3.45262469e+02   3.56373959e-04
   3.45262958e+02   2.95466685e-04
   3.45263446e+02   2.24926145e-04
   3.45263934e+02   3.75764503e-04
   3.45264423e+02   3.99328681e-04
   3.45264911e+02   1.68236642e-04
   3.45265399e+02   7.23642370e-05
   3.45265888e+02   3.43402644e-05
   3.45266376e+02   2.20814618e-05
   3.45266864e+02   1.20422883e-04
   3.45267353e+02  -3.30066860e-06
   3.45267841e+02  -3.20095132e-05
   3.45268329e+02   2.08181635e-04
   3.45268818e+02  -5.03323872e-06
   3.45269306e+02  -1.29407956e-04
   3.45269794e+02   1.21654564e-04
   3.45270283e+02  -1.59529247e-06
   3.45270771e+02  -2.06775003e-04
   3.45271259e+02  -6.54610485e-05
   3.45271748e+02   1.49763524e-04
   3.45272236e+02   2.03637042e-04
   3.45272724e+02   1.64653553e-04
   3.45273212e+02   2.20225862e-04
   3.45273701e+02   4.63579345e-04
   3.45274189e+02   3.88890039e-04
   3.45274677e+02   9.64883075e-05
   3.45275166e+02   5.68437754e-05
   3.45275654e+02   1.90407853e-04
   3.45276142e+02   4.14700073e-04
   3.45276631e+02   5.27481141e-04
   3.45277119e+02   3.95390758e-04
   3.45277607e+02   3.07068229e-04
   3.45278096e+02   2.08331126e-04
   3.45278584e+02  -4.77139911e-05
   3.45279072e+02  -1.98135429e-04
   3.45279561e+02  -5.58329266e-05
   3.45280049e+02   3.08746785e-05
   3.45280537e+02  -1.20541095e-04
   3.45281026e+02  -3.02337372e-04
   3.45281514e+02  -3.65149812e-04
   3.45282002e+02  -2.56156578e-04
   3.45282491e+02  -1.67233957e-04
   3.45282979e+02  -1.67045830e-04
   3.45283467e+02   1.57219783e-05
   3.45283956e+02   1.75314723e-04
   3.45284444e+02   1.28239233e-04
   3.45284932e+02  -6.52264862e-05
   3.45285420e+02   3.19812134e-05
   3.45285909e+02   3.25452245e-04
   3.45286397e+02   3.33212782e-04
   3.45286885e+02   1.59909236e-04
   3.45287374e+02  -8.97523641e-05
   3.45287862e+02  -1.96720328e-04
   3.45288350e+02  -1.12703798e-04
   3.45288839e+02  -1.62315700e-05
   3.45289327e+02   8.26979885e-05
   3.45289815e+02   5.52316560e-05
   3.45290304e+02  -8.29802593e-05
   3.45290792e+02  -8.72191886e-05
   3.45291280e+02  -8.60362197e-05
   3.45291769e+02  -2.50969577e-04
   3.45292257e+02  -2.13083214e-04
   3.45292745e+02   1.84424964e-04
   3.45293234e+02   1.26902785e-04
   3.45293722e+02  -2.93744233e-04
   3.45294210e+02  -1.02271879e-04
   3.45294699e+02   3.14219564e-04
   3.45295187e+02   3.01444350e-04
   3.45295675e+02   1.04613064e-04
   3.45296163e+02  -5.47493037e-05
   3.45296652e+02   8.63176538e-05
   3.45297140e+02   1.90306891e-04
   3.45297628e+02   1.23476537e-04
   3.45298117e+02   7.67647871e-05
   3.45298605e+02   1.73348584e-04
   3.45299093e+02   5.76825230e-04
   3.45299582e+02   8.40000866e-04
   3.45300070e+02   7.06984778e-04
   3.45300558e+02   3.06972302e-04
   3.45301047e+02   2.04189273e-04
   3.45301535e+02   2.35985921e-04
   3.45302023e+02   3.39614126e-05
   3.45302512e+02  -1.77437149e-04
   3.45303000e+02  -7.51221960e-05
   3.45303488e+02  -1.71445263e-05
   3.45303977e+02  -2.33802566e-04
   3.45304465e+02  -2.87620147e-04
   3.45304953e+02  -2.07426216e-04
   3.45305442e+02  -2.50624085e-04
   3.45305930e+02  -1.80524250e-04
   3.45306418e+02   1.12450187e-04
   3.45306906e+02   9.36886136e-05
   3.45307395e+02  -1.99940376e-04
   3.45307883e+02  -1.97279849e-04
   3.45308371e+02  -5.43609058e-05
   3.45308860e+02  -5.35023246e-05
   3.45309348e+02  -1.37278286e-04
   3.45309836e+02  -3.52540228e-05
   3.45310325e+02   9.83136852e-05
   3.45310813e+02   7.64109645e-05
   3.45311301e+02   1.96395195e-04
   3.45311790e+02   2.36256048e-04
   3.45312278e+02   1.19261960e-04
   3.45312766e+02   5.98495062e-05
   3.45313255e+02   1.06438885e-04
   3.45313743e+02   1.04204504e-04
   3.45314231e+02   7.34437053e-05
   3.45314720e+02   3.01957298e-05
   3.45315208e+02  -2.01486007e-04
   3.45315696e+02  -3.12094489e-04
   3.45316185e+02  -2.48735945e-04
   3.45316673e+02   1.26476853e-05
   3.45317161e+02   3.12668562e-04
   3.45317650e+02   2.39577144e-04
   3.45318138e+02  -2.34235704e-04
   3.45318626e+02  -2.92994053e-04
   3.45319114e+02   1.03257305e-04
   3.45319603e+02   1.87057158e-04
   3.45320091e+02   3.05458489e-05
   3.45320579e+02   1.79587696e-05
   3.45321068e+02   1.32881381e-04
   3.45321556e+02  -9.53576091e-06
   3.45322044e+02  -8.87011192e-05
   3.45322533e+02  -1.66730475e-04
   3.45323021e+02  -2.97212449e-04
   3.45323509e+02  -1.28993443e-05
   3.45323998e+02   1.66805679e-04
   3.45324486e+02  -6.44365282e-05
   3.45324974e+02  -2.34784748e-04
   3.45325463e+02  -2.58254702e-04
   3.45325951e+02  -2.52155500e-04
   3.45326439e+02  -2.26594202e-04
   3.45326928e+02  -1.18336764e-04
   3.45327416e+02  -1.44211910e-04
   3.45327904e+02  -3.26187845e-04
   3.45328393e+02  -2.48407479e-04
   3.45328881e+02  -7.00869568e-05
   3.45329369e+02  -5.27698357e-05
   3.45329857e+02  -7.90226331e-05
   3.45330346e+02  -1.76277026e-04
   3.45330834e+02   2.72863726e-05
   3.45331322e+02   1.77866386e-04
   3.45331811e+02  -2.55078281e-04
   3.45332299e+02  -4.13209171e-04
   3.45332787e+02  -1.33803493e-04
   3.45333276e+02   8.76148079e-06
   3.45333764e+02   1.80564639e-05
   3.45334252e+02   5.53606333e-05
   3.45334741e+02   2.23112424e-04
   3.45335229e+02   2.14212356e-04
   3.45335717e+02   9.16880963e-05
   3.45336206e+02   9.06538626e-05
   3.45336694e+02   1.20644916e-04
   3.45337182e+02   3.56022152e-04
   3.45337671e+02   4.26514744e-04
   3.45338159e+02   1.59500662e-04
   3.45338647e+02  -1.92477426e-04
   3.45339136e+02  -3.97232419e-04
   3.45339624e+02  -2.79113272e-04
   3.45340112e+02  -2.58958898e-04
   3.45340601e+02  -1.90667241e-04
   3.45341089e+02   1.80646515e-04
   3.45341577e+02   1.99035378e-04
   3.45342065e+02  -4.64976256e-05
   3.45342554e+02  -3.30097173e-05
   3.45343042e+02  -1.91876206e-05
   3.45343530e+02  -8.91440650e-05
   3.45344019e+02  -6.89677290e-06
   3.45344507e+02   2.62470712e-04
   3.45344995e+02   3.03449633e-04
   3.45345484e+02   6.50787042e-05
   3.45345972e+02  -9.07857902e-05
   3.45346460e+02  -6.17134938e-05
   3.45346949e+02  -2.75074472e-05
   3.45347437e+02   1.46872611e-04
   3.45347925e+02   2.99269042e-04
   3.45348414e+02   1.38218049e-04
   3.45348902e+02  -3.45039807e-05
   3.45349390e+02  -2.03424584e-04
   3.45349879e+02  -1.32879853e-04
   3.45350367e+02   1.10390167e-04
   3.45350855e+02   3.68355577e-05
   3.45351344e+02  -4.15862487e-05
   3.45351832e+02   1.49115600e-04
   3.45352320e+02   3.11356736e-04
   3.45352808e+02   2.16650893e-04
   3.45353297e+02   1.27344087e-04
   3.45353785e+02   5.29508252e-05
   3.45354273e+02   6.91069945e-05
   3.45354762e+02   2.08760412e-05
   3.45355250e+02  -1.58897135e-04
   3.45355738e+02  -1.81692492e-04
   3.45356227e+02   3.89859561e-05
   3.45356715e+02   2.81473272e-04
   3.45357203e+02  -2.55201012e-05
   3.45357692e+02  -2.38574605e-04
   3.45358180e+02   1.03782695e-04
   3.45358668e+02   2.30607140e-04
   3.45359157e+02   2.66124873e-04
   3.45359645e+02  -5.34958453e-05
   3.45360133e+02  -1.58208859e-04
   3.45360622e+02  -1.32607121e-04
   3.45361110e+02  -1.79190523e-04
   3.45361598e+02   6.97035284e-05
   3.45362087e+02   3.17936065e-04
   3.45362575e+02   6.80968005e-05
   3.45363063e+02  -7.68517275e-05
   3.45363551e+02  -5.70680604e-05
   3.45364040e+02  -1.98666370e-04
   3.45364528e+02  -2.10109531e-04
   3.45365016e+02  -2.88445463e-05
   3.45365505e+02   1.32424801e-04
   3.45365993e+02   1.25303355e-04
   3.45366481e+02   2.10283361e-05
   3.45366970e+02   2.61643669e-04
   3.45367458e+02   3.90576228e-04
   3.45367946e+02   1.47387051e-04
   3.45368435e+02   1.31546904e-06
   3.45368923e+02  -5.77391511e-05
   3.45369411e+02  -1.59330284e-05
   3.45369900e+02  -2.18684538e-04
   3.45370388e+02  -2.91451259e-04
   3.45370876e+02   5.45801122e-05
   3.45371365e+02   6.42349960e-06
   3.45371853e+02  -2.64305825e-04
   3.45372341e+02  -2.91731820e-04
   3.45372830e+02  -2.41438363e-04
   3.45373318e+02  -2.11402585e-04
   3.45373806e+02  -1.02931161e-04
   3.45374295e+02   1.04898885e-04
   3.45374783e+02   2.77665938e-04
   3.45375271e+02   2.66488816e-04
   3.45375759e+02   2.31510436e-04
   3.45376248e+02   1.99836708e-04
   3.45376736e+02   9.37205841e-05
   3.45377224e+02   1.04995990e-04
   3.45377713e+02  -7.78697176e-06
   3.45378201e+02  -1.27978987e-04
   3.45378689e+02  -7.37926312e-05
   3.45379178e+02  -1.09538836e-04
   3.45379666e+02  -2.75750121e-04
   3.45380154e+02  -3.12218734e-04
   3.45380643e+02  -1.24118204e-04
   3.45381131e+02  -9.91304696e-05
   3.45381619e+02   9.49753667e-05
   3.45382108e+02   1.93096421e-04
   3.45382596e+02  -5.64309958e-05
   3.45383084e+02  -1.03574283e-04
   3.45383573e+02   7.15051574e-05
   3.45384061e+02  -5.76222337e-05
   3.45384549e+02  -3.68308625e-04
   3.45385038e+02  -2.38606022e-04
   3.45385526e+02   5.22242008e-05
   3.45386014e+02   8.77113562e-05
   3.45386502e+02   3.39953476e-05
   3.45386991e+02  -1.20355144e-04
   3.45387479e+02  -2.68821139e-04
   3.45387967e+02  -1.61860225e-04
   3.45388456e+02  -9.00244340e-05
   3.45388944e+02  -1.72392101e-04
   3.45389432e+02  -1.89640312e-04
   3.45389921e+02  -1.79988419e-04
   3.45390409e+02  -2.25704585e-04
   3.45390897e+02   1.36343833e-05
   3.45391386e+02   2.51626858e-04
   3.45391874e+02  -1.09941837e-04
   3.45392362e+02  -5.86831011e-04
   3.45392851e+02  -6.07867783e-04
   3.45393339e+02  -2.91340315e-04
   3.45393827e+02  -5.38519344e-05
   3.45394316e+02   5.99367268e-05
   3.45394804e+02   1.48712847e-04
   3.45395292e+02   8.07377655e-05
   3.45395781e+02   5.83967085e-05
   3.45396269e+02   1.43211553e-04
   3.45396757e+02   1.13180118e-04
   3.45397245e+02  -1.08592452e-04
   3.45397734e+02  -4.56547539e-04
   3.45398222e+02  -5.73142897e-04
   3.45398710e+02  -3.14285600e-04
   3.45399199e+02  -1.51342669e-04
   3.45399687e+02  -2.78193271e-04
   3.45400175e+02  -2.55333172e-04
   3.45400664e+02   9.58263408e-05
   3.45401152e+02   2.99082545e-04
   3.45401640e+02   1.56620808e-04
   3.45402129e+02  -6.38145357e-05
   3.45402617e+02  -1.86102014e-04
   3.45403105e+02  -1.45490209e-04
   3.45403594e+02  -1.48865394e-04
   3.45404082e+02  -7.59318864e-05
   3.45404570e+02   6.93211987e-05
   3.45405059e+02  -2.69037737e-05
   3.45405547e+02  -1.29002961e-04
   3.45406035e+02   1.56194757e-04
   3.45406524e+02   2.31925675e-04
   3.45407012e+02  -9.06549903e-05
   3.45407500e+02  -3.50239512e-04
   3.45407989e+02  -4.68983635e-04
   3.45408477e+02  -4.16872033e-04
   3.45408965e+02  -3.24378751e-04
   3.45409453e+02  -1.79668248e-04
   3.45409942e+02  -1.44065016e-05
   3.45410430e+02   1.15653835e-04
   3.45410918e+02   2.62459420e-04
   3.45411407e+02   2.03315052e-04
   3.45411895e+02  -5.61734269e-05
   3.45412383e+02  -2.08069236e-04
   3.45412872e+02  -3.40612052e-04
   3.45413360e+02  -4.78780072e-04
   3.45413848e+02  -2.27886121e-04
   3.45414337e+02   1.55401431e-04
   3.45414825e+02   2.06527839e-04
   3.45415313e+02   1.76587229e-04
   3.45415802e+02   1.26498882e-04
   3.45416290e+02  -7.31721884e-05
   3.45416778e+02  -9.10797753e-05
   3.45417267e+02   2.73897658e-05
   3.45417755e+02   8.16939501e-05
   3.45418243e+02   2.93158490e-04
   3.45418732e+02   1.38194227e-04
   3.45419220e+02  -9.66790467e-05
   3.45419708e+02  -1.55645495e-04
   3.45420196e+02  -4.06987929e-05
   3.45420685e+02   2.60598637e-04
   3.45421173e+02   4.87219862e-04
   3.45421661e+02   4.00824036e-04
   3.45422150e+02   1.99507194e-04
   3.45422638e+02   6.44427055e-05
   3.45423126e+02   1.35113514e-04
   3.45423615e+02   1.79996168e-05
   3.45424103e+02  -2.12913044e-04
   3.45424591e+02  -1.87293044e-04
   3.45425080e+02   1.92434836e-05
   3.45425568e+02   2.53036269e-04
   3.45426056e+02   2.71128549e-04
   3.45426545e+02   1.14922310e-04
   3.45427033e+02   6.84751649e-05
   3.45427521e+02  -3.23491076e-05
   3.45428010e+02  -9.33412521e-05
   3.45428498e+02  -8.12429571e-05
   3.45428986e+02  -5.96741302e-05
   3.45429475e+02  -1.17666066e-04
   3.45429963e+02  -1.78960661e-04
   3.45430451e+02  -1.03705868e-04
   3.45430939e+02  -4.95313543e-05
   3.45431428e+02  -1.19687997e-04
   3.45431916e+02  -1.04372710e-04
   3.45432404e+02   4.99809576e-05
   3.45432893e+02   4.36756090e-04
   3.45433381e+02   5.18755347e-04
   3.45433869e+02   8.24359813e-05
   3.45434358e+02  -2.79086147e-04
   3.45434846e+02  -2.38995257e-04
   3.45435334e+02  -9.88725296e-05
   3.45435823e+02  -1.00537538e-04
   3.45436311e+02  -1.52972818e-04
   3.45436799e+02  -1.46539911e-04
   3.45437288e+02  -3.04834521e-05
   3.45437776e+02  -2.72034995e-05
   3.45438264e+02  -1.60929427e-04
   3.45438753e+02  -1.82404779e-04
   3.45439241e+02  -1.02805156e-04
   3.45439729e+02   1.70206375e-04
   3.45440218e+02   3.09521303e-04
   3.45440706e+02   8.10524652e-05
   3.45441194e+02  -3.01194959e-04
   3.45441683e+02  -4.00806835e-04
   3.45442171e+02  -1.45922786e-05
   3.45442659e+02   2.18458343e-04
   3.45443147e+02   1.57423463e-04
   3.45443636e+02   1.53446046e-04
   3.45444124e+02   1.34731081e-05
   3.45444612e+02  -1.96526336e-04
   3.45445101e+02  -2.49401986e-04
   3.45445589e+02  -6.73960458e-05
   3.45446077e+02   2.49247878e-05
   3.45446566e+02  -1.38488613e-04
   3.45447054e+02  -2.55662831e-04
   3.45447542e+02  -3.21456435e-04
   3.45448031e+02  -2.41677655e-04
   3.45448519e+02  -7.43821074e-05
   3.45449007e+02   1.33467940e-04
   3.45449496e+02   4.14457667e-04
   3.45449984e+02   4.38705640e-04
   3.45450472e+02   1.55474045e-04
   3.45450961e+02  -1.27148724e-05
   3.45451449e+02  -1.00225545e-04
   3.45451937e+02  -1.60631796e-04
   3.45452426e+02  -7.47930899e-05
   3.45452914e+02  -1.18656651e-04
   3.45453402e+02  -1.77856593e-04
   3.45453890e+02  -1.50500971e-04
   3.45454379e+02   1.94415970e-05
   3.45454867e+02   2.31285740e-04
   3.45455355e+02   2.59958644e-04
   3.45455844e+02  -6.93170296e-06
   3.45456332e+02  -1.99491158e-04
   3.45456820e+02   6.38699712e-05
   3.45457309e+02   3.44595406e-04
   3.45457797e+02   3.42016370e-04
   3.45458285e+02   1.69654348e-04
   3.45458774e+02   3.10956166e-05
   3.45459262e+02   6.54406467e-05
   3.45459750e+02   4.63110482e-05
   3.45460239e+02   1.02415499e-04
   3.45460727e+02   1.68641593e-04
   3.45461215e+02  -3.82999242e-05
   3.45461704e+02  -1.04503073e-04
   3.45462192e+02   9.40783357e-05
   3.45462680e+02   8.41918245e-06
   3.45463169e+02   1.72873872e-04
   3.45463657e+02   3.76592157e-04
   3.45464145e+02  -5.62262467e-05
   3.45464633e+02  -2.73204321e-04
   3.45465122e+02  -1.27682681e-04
   3.45465610e+02   6.50589718e-05
   3.45466098e+02  -2.96265498e-05
   3.45466587e+02  -1.68346975e-04
   3.45467075e+02  -4.01091893e-05
   3.45467563e+02  -8.29730925e-05
   3.45468052e+02  -2.90299969e-04
   3.45468540e+02  -2.53175764e-04
   3.45469028e+02  -1.30861954e-04
   3.45469517e+02  -1.14103233e-04
   3.45470005e+02  -1.95121887e-04
   3.45470493e+02  -1.08587272e-04
   3.45470982e+02   2.67386407e-04
   3.45471470e+02   4.21682955e-04
   3.45471958e+02   1.86735720e-04
   3.45472447e+02   1.46355887e-05
   3.45472935e+02  -1.65111574e-04
   3.45473423e+02  -2.22600866e-04
   3.45473912e+02  -2.02639258e-05
   3.45474400e+02   2.44318217e-05
   3.45474888e+02   1.33386318e-04
   3.45475377e+02   3.26232839e-04
   3.45475865e+02   3.38857761e-04
   3.45476353e+02   1.23698395e-04
   3.45476841e+02   1.13665817e-04
   3.45477330e+02   1.00302932e-04
   3.45477818e+02  -7.57443049e-05
   3.45478306e+02  -3.09965515e-04
   3.45478795e+02  -2.76244740e-04
   3.45479283e+02   5.77717447e-06
   3.45479771e+02   6.78415308e-05
   3.45480260e+02  -2.67376163e-04
   3.45480748e+02  -7.34201574e-04
   3.45481236e+02  -6.05562294e-04
   3.45481725e+02  -4.34646063e-06
   3.45482213e+02   8.33992744e-05
   3.45482701e+02  -1.07287204e-04
   3.45483190e+02  -2.48335027e-06
   3.45483678e+02   7.07705913e-05
   3.45484166e+02  -1.58161871e-04
   3.45484655e+02  -3.41115054e-04
   3.45485143e+02  -3.71929753e-04
   3.45485631e+02  -1.45631289e-04
   3.45486120e+02   2.04827724e-04
   3.45486608e+02   2.17495661e-04
   3.45487096e+02   6.42847808e-05
   3.45487584e+02   1.20126773e-04
   3.45488073e+02   2.81623099e-04
   3.45488561e+02   2.18535337e-04
   3.45489049e+02   1.23052407e-04
   3.45489538e+02   1.35909329e-04
   3.45490026e+02   5.50495461e-05
   3.45490514e+02   1.26925706e-05
   3.45491003e+02  -3.78754448e-05
   3.45491491e+02  -8.77958082e-05
   3.45491979e+02  -4.27581399e-05
   3.45492468e+02   7.48299499e-05
   3.45492956e+02   3.18919716e-04
   3.45493444e+02   4.82649339e-04
   3.45493933e+02   3.26440088e-04
   3.45494421e+02   1.20437922e-04
   3.45494909e+02  -6.17573241e-05
   3.45495398e+02  -1.03500766e-04
   3.45495886e+02  -1.60880409e-05
   3.45496374e+02  -1.36656919e-04
   3.45496863e+02  -2.68390810e-04
   3.45497351e+02  -1.94248481e-04
   3.45497839e+02  -2.42342435e-06
   3.45498328e+02  -4.34460308e-05
   3.45498816e+02  -3.62440041e-04
   3.45499304e+02  -3.66073858e-04
   3.45499792e+02  -1.28175030e-04
   3.45500281e+02  -1.22957144e-05
   3.45500769e+02  -7.84596559e-05
   3.45501257e+02  -7.48573948e-05
   3.45501746e+02   4.37531780e-05
   3.45502234e+02   1.23517719e-04
   3.45502722e+02   1.95570450e-04
   3.45503211e+02   2.33825151e-04
   3.45503699e+02   1.76584115e-04
   3.45504187e+02   6.68216080e-06
   3.45504676e+02  -4.57684910e-05
   3.45505164e+02   2.15404114e-04
   3.45505652e+02   1.83134180e-04
   3.45506141e+02   4.06655272e-05
   3.45506629e+02   1.15995121e-04
   3.45507117e+02  -7.96895329e-05
   3.45507606e+02  -1.59487303e-04
   3.45508094e+02   1.98586087e-04
   3.45508582e+02   3.27733258e-04
   3.45509071e+02   1.99873917e-04
   3.45509559e+02   1.09824599e-04
   3.45510047e+02  -2.12222676e-05
   3.45510535e+02  -9.10285016e-05
   3.45511024e+02  -6.19920174e-05
   3.45511512e+02  -8.98895305e-05
   3.45512000e+02  -5.83893452e-05
   3.45512489e+02   2.10258004e-04
   3.45512977e+02   2.90578755e-04
   3.45513465e+02   1.45497601e-04
   3.45513954e+02  -5.19725727e-05
   3.45514442e+02  -1.00076802e-04
   3.45514930e+02  -1.74138859e-05
   3.45515419e+02  -2.52700847e-04
   3.45515907e+02  -3.93610506e-04
   3.45516395e+02  -2.82691763e-04
   3.45516884e+02  -2.65241222e-04
   3.45517372e+02  -9.22107356e-05
   3.45517860e+02   1.76509711e-04
   3.45518349e+02   3.86505853e-04
   3.45518837e+02   4.11986490e-04
   3.45519325e+02   2.14792963e-04
   3.45519814e+02  -4.55780755e-05
   3.45520302e+02  -3.65034037e-04
   3.45520790e+02  -5.56740037e-04
   3.45521278e+02  -3.11077951e-04
   3.45521767e+02   1.36440634e-04
   3.45522255e+02   4.09141998e-04
   3.45522743e+02   3.60945327e-04
   3.45523232e+02   1.93123517e-04
   3.45523720e+02   1.50084597e-04
   3.45524208e+02   1.30742628e-04
   3.45524697e+02   1.81480922e-04
   3.45525185e+02   1.04685321e-04
   3.45525673e+02  -3.34802353e-05
   3.45526162e+02   6.91951209e-05
   3.45526650e+02   1.43563855e-04
   3.45527138e+02   1.08883462e-04
   3.45527627e+02  -1.17351956e-05
   3.45528115e+02  -2.02758511e-05
   3.45528603e+02   2.05584831e-04
   3.45529092e+02   4.12601366e-04
   3.45529580e+02   3.19487590e-04
   3.45530068e+02   1.38356918e-04
   3.45530557e+02   1.78571776e-04
   3.45531045e+02   1.39572076e-04
   3.45531533e+02   7.95824235e-05
   3.45532022e+02   1.55271919e-05
   3.45532510e+02  -2.41393602e-04
   3.45532998e+02  -3.44538275e-04
   3.45533486e+02  -1.61828837e-04
   3.45533975e+02   3.54738841e-05
   3.45534463e+02   4.52157947e-05
   3.45534951e+02   6.79496452e-06
   3.45535440e+02  -3.08033050e-04
   3.45535928e+02  -2.80478096e-04
   3.45536416e+02  -2.57702137e-04
   3.45536905e+02  -3.61056271e-04
   3.45537393e+02  -4.10392473e-04
   3.45537881e+02  -1.06829051e-04
   3.45538370e+02   9.97326424e-05
   3.45538858e+02  -6.79533041e-05
   3.45539346e+02  -2.61994312e-04
   3.45539835e+02  -3.45324574e-04
   3.45540323e+02  -3.25964764e-04
   3.45540811e+02  -2.22101473e-04
   3.45541300e+02  -1.32277273e-04
   3.45541788e+02   1.51523374e-04
   3.45542276e+02   4.50722029e-04
   3.45542765e+02   3.70696798e-04
   3.45543253e+02   2.22896226e-04
   3.45543741e+02   1.65774065e-04
   3.45544229e+02   1.00124438e-04
   3.45544718e+02   1.92013777e-05
   3.45545206e+02  -8.86546768e-05
   3.45545694e+02   1.03062930e-05
   3.45546183e+02   3.13566270e-04
   3.45546671e+02   1.92068357e-04
   3.45547159e+02  -1.16855234e-04
   3.45547648e+02  -4.53204957e-05
   3.45548136e+02  -1.76419107e-05
   3.45548624e+02  -9.40036898e-06
   3.45549113e+02   2.41825881e-04
   3.45549601e+02   3.18263279e-04
   3.45550089e+02  -8.14574232e-05
   3.45550578e+02  -4.22656158e-04
   3.45551066e+02  -3.90276255e-04
   3.45551554e+02  -1.88155274e-04
   3.45552043e+02  -1.04589444e-05
   3.45552531e+02  -5.75295635e-05
   3.45553019e+02  -2.75438797e-04
   3.45553508e+02  -1.43313984e-04
   3.45553996e+02   1.09432716e-04
   3.45554484e+02   1.60236435e-04
   3.45554972e+02   1.40462362e-04
   3.45555461e+02   1.23289850e-04
   3.45555949e+02   2.04261509e-04
   3.45556437e+02   9.82770507e-05
   3.45556926e+02  -2.80864158e-04
   3.45557414e+02  -1.81619063e-04
   3.45557902e+02   2.36614971e-04
   3.45558391e+02   1.13125214e-04
   3.45558879e+02  -6.87956708e-05
   3.45559367e+02   1.21227196e-04
   3.45559856e+02   1.64791898e-04
   3.45560344e+02  -1.42227262e-04
   3.45560832e+02  -3.98875418e-04
   3.45561321e+02  -1.80518706e-04
   3.45561809e+02  -1.20962077e-05
   3.45562297e+02   6.53101324e-06
   3.45562786e+02   1.58446637e-04
   3.45563274e+02   3.30347166e-06
   3.45563762e+02  -2.46775686e-04
   3.45564251e+02   7.84003987e-06
   3.45564739e+02   2.36388980e-04
   3.45565227e+02  -4.67436330e-05
   3.45565716e+02  -2.05257486e-04
   3.45566204e+02  -3.19648389e-05
   3.45566692e+02   9.62531340e-05
   3.45567180e+02   1.42830380e-04
   3.45567669e+02   2.96079699e-04
   3.45568157e+02   3.88069486e-04
   3.45568645e+02   1.36905786e-04
   3.45569134e+02  -8.58837448e-05
   3.45569622e+02  -3.86848042e-05
   3.45570110e+02   3.00748507e-05
   3.45570599e+02   5.21757174e-05
   3.45571087e+02   9.28983427e-05
   3.45571575e+02   5.29007702e-05
   3.45572064e+02  -1.45337690e-04
   3.45572552e+02  -1.83864671e-04
   3.45573040e+02  -7.18262672e-05
   3.45573529e+02   6.81752135e-05
   3.45574017e+02   4.68794402e-04
   3.45574505e+02   6.79509831e-04
   3.45574994e+02   2.63695692e-04
   3.45575482e+02   7.55488800e-05
   3.45575970e+02   1.91117651e-04
   3.45576459e+02   8.31512170e-06
   3.45576947e+02  -1.25139908e-04
   3.45577435e+02   1.13442176e-04
   3.45577923e+02   1.70555868e-04
   3.45578412e+02   8.40102657e-05
   3.45578900e+02   1.59464853e-05
   3.45579388e+02  -1.80263742e-04
   3.45579877e+02  -1.29374079e-04
   3.45580365e+02   5.79159241e-05
   3.45580853e+02  -2.81191187e-05
   3.45581342e+02  -7.78325193e-05
   3.45581830e+02  -1.40306831e-04
   3.45582318e+02  -3.66061693e-04
   3.45582807e+02  -3.46651883e-04
   3.45583295e+02  -1.55365487e-04
   3.45583783e+02  -1.47983170e-04
   3.45584272e+02  -2.30061734e-04
   3.45584760e+02  -2.24014759e-04
   3.45585248e+02   5.47884883e-06
   3.45585737e+02   1.19218334e-04
   3.45586225e+02  -1.81757918e-04
   3.45586713e+02  -2.61856563e-04
   3.45587202e+02  -1.00093806e-04
   3.45587690e+02  -1.70798558e-05
   3.45588178e+02   1.10153473e-04
   3.45588666e+02   1.27891704e-04
   3.45589155e+02  -1.58848543e-05
   3.45589643e+02  -1.00011595e-04
   3.45590131e+02  -3.92999646e-05
   3.45590620e+02   1.28032902e-04
   3.45591108e+02   3.09191993e-04
   3.45591596e+02   4.00371064e-04
   3.45592085e+02   2.65311508e-04
   3.45592573e+02   2.55538325e-04
   3.45593061e+02   3.26635432e-04
   3.45593550e+02   1.83642871e-04
   3.45594038e+02   2.60653935e-04
   3.45594526e+02   3.14903766e-04
   3.45595015e+02   1.28474276e-04
   3.45595503e+02  -1.68543571e-04
   3.45595991e+02  -2.87956558e-04
   3.45596480e+02  -1.24857455e-04
   3.45596968e+02  -1.77579113e-05
   3.45597456e+02  -8.99111765e-05
   3.45597945e+02  -9.42381012e-05
   3.45598433e+02   4.80048875e-05
   3.45598921e+02   7.54065186e-05
   3.45599410e+02   1.38129384e-04
   3.45599898e+02   5.28926357e-05
   3.45600386e+02  -9.05282141e-05
   3.45600874e+02  -5.32685044e-05
   3.45601363e+02  -2.48778029e-04
   3.45601851e+02  -4.45260899e-04
   3.45602339e+02  -2.61894602e-04
   3.45602828e+02  -2.30453137e-04
   3.45603316e+02  -2.06869285e-04
   3.45603804e+02   4.42457276e-05
   3.45604293e+02   1.28502550e-04
   3.45604781e+02   8.98959261e-05
   3.45605269e+02   1.23760285e-04
   3.45605758e+02   8.19516063e-05
   3.45606246e+02   5.33749117e-05
   3.45606734e+02   3.12389282e-04
   3.45607223e+02   4.66252473e-04
   3.45607711e+02   3.71899194e-04
   3.45608199e+02   1.43133424e-04
   3.45608688e+02   9.09665978e-05
   3.45609176e+02   2.69947166e-04
   3.45609664e+02   1.44606485e-04
   3.45610153e+02  -2.19031746e-04
   3.45610641e+02  -3.21869476e-04
   3.45611129e+02  -2.97189690e-05
   3.45611617e+02   2.57688138e-04
   3.45612106e+02   1.51541186e-04
   3.45612594e+02  -8.25217139e-05
   3.45613082e+02  -1.67386403e-04
   3.45613571e+02  -4.93692532e-05
   3.45614059e+02   2.21522700e-04
   3.45614547e+02   2.33161569e-04
   3.45615036e+02   4.84795492e-05
   3.45615524e+02   1.11146270e-04
   3.45616012e+02   5.95361271e-05
   3.45616501e+02  -1.03777478e-04
   3.45616989e+02   2.50581306e-05
   3.45617477e+02   1.53940768e-04
   3.45617966e+02   1.93196276e-04
   3.45618454e+02   7.60802141e-05
   3.45618942e+02  -2.11468447e-04
   3.45619431e+02  -3.82973201e-04
   3.45619919e+02  -2.36178719e-04
   3.45620407e+02   1.23412072e-04
   3.45620896e+02   3.37460166e-04
   3.45621384e+02   4.63457283e-04
   3.45621872e+02   6.36922196e-04
   3.45622360e+02   6.70550042e-04
   3.45622849e+02   1.06929534e-03
   3.45623337e+02   1.55593059e-03
   3.45623825e+02   2.31035985e-03
   3.45624314e+02   3.53583507e-03
   3.45624802e+02   5.16273221e-03
   3.45625290e+02   7.69097311e-03
   3.45625779e+02   1.16369016e-02
   3.45626267e+02   1.81149151e-02
   3.45626755e+02   2.72500589e-02
   3.45627244e+02   3.80299799e-02
   3.45627732e+02   4.79624569e-02
   3.45628220e+02   5.73538803e-02
   3.45628709e+02   6.52482137e-02
   3.45629197e+02   6.95831031e-02
   3.45629685e+02   7.11726546e-02
   3.45630174e+02   7.44758472e-02
   3.45630662e+02   8.10433030e-02
   3.45631150e+02   8.92429724e-02
   3.45631639e+02   9.75377709e-02
   3.45632127e+02   1.02975868e-01
   3.45632615e+02   1.03208572e-01
   3.45633104e+02   9.89183858e-02
   3.45633592e+02   9.23390761e-02
   3.45634080e+02   8.20203498e-02
   3.45634568e+02   6.95561767e-02
   3.45635057e+02   5.57217337e-02
   3.45635545e+02   4.07819077e-02
   3.45636033e+02   2.65996084e-02
   3.45636522e+02   1.58763025e-02
   3.45637010e+02   8.71882122e-03
   3.45637498e+02   4.82567400e-03
   3.45637987e+02   3.09516792e-03
   3.45638475e+02   2.31209630e-03
   3.45638963e+02   1.65694486e-03
   3.45639452e+02   1.07443042e-03
   3.45639940e+02   5.69554162e-04
   3.45640428e+02   2.16874294e-04
   3.45640917e+02   2.88121810e-04
   3.45641405e+02   5.47768432e-04
   3.45641893e+02   6.31510979e-04
   3.45642382e+02   5.06316603e-04
   3.45642870e+02   1.98185968e-04
   3.45643358e+02   1.97968824e-04
   3.45643847e+02   3.80165176e-04
   3.45644335e+02   5.23378432e-04
   3.45644823e+02   5.46291878e-04
   3.45645311e+02   4.00429853e-04
   3.45645800e+02   3.01679160e-04
   3.45646288e+02   2.64572969e-04
   3.45646776e+02   2.61769776e-04
   3.45647265e+02   3.16053629e-04
   3.45647753e+02   3.50191345e-04
   3.45648241e+02   3.19574552e-04
   3.45648730e+02   3.04063549e-04
   3.45649218e+02   4.08329710e-04
   3.45649706e+02   3.03420646e-04
   3.45650195e+02  -1.46190787e-05
   3.45650683e+02  -1.85302008e-04
   3.45651171e+02  -2.26875854e-04
   3.45651660e+02  -1.19852011e-05
   3.45652148e+02   3.99929733e-04
   3.45652636e+02   5.37418178e-04
   3.45653125e+02   2.60231143e-04
   3.45653613e+02   1.01049336e-05
   3.45654101e+02  -1.17990594e-05
   3.45654590e+02   1.33194131e-04
   3.45655078e+02   2.81946355e-04
   3.45655566e+02   2.80236854e-04
   3.45656055e+02   3.21824737e-05
   3.45656543e+02  -1.33838344e-04
   3.45657031e+02  -1.02781305e-04
   3.45657519e+02  -1.02853308e-04
   3.45658008e+02  -3.45631670e-05
   3.45658496e+02   7.22370387e-05
   3.45658984e+02  -5.04159107e-05
   3.45659473e+02  -1.82269636e-04
   3.45659961e+02  -1.96069799e-04
   3.45660449e+02  -2.13313397e-05
   3.45660938e+02   1.86220466e-04
   3.45661426e+02   2.09853679e-04
   3.45661914e+02   8.04602751e-05
   3.45662403e+02  -1.70091327e-04
   3.45662891e+02   7.97522898e-06
   3.45663379e+02   3.97461205e-04
   3.45663868e+02   3.14233359e-04
   3.45664356e+02   8.26235046e-05
   3.45664844e+02  -2.24298237e-05
   3.45665333e+02  -2.62334681e-04
   3.45665821e+02  -4.60287556e-04
   3.45666309e+02  -4.62305936e-04
   3.45666798e+02  -3.70384951e-04
   3.45667286e+02  -1.89249942e-04
   3.45667774e+02  -2.53134494e-04
   3.45668262e+02  -3.83870472e-04
   3.45668751e+02  -3.66344175e-04
   3.45669239e+02  -2.50741519e-04
   3.45669727e+02  -6.08053051e-05
   3.45670216e+02   1.95352870e-04
   3.45670704e+02   2.14130705e-04
   3.45671192e+02  -7.46113728e-05
   3.45671681e+02  -2.16030705e-04
   3.45672169e+02  -5.78600520e-05
   3.45672657e+02   1.35540395e-04
   3.45673146e+02   5.84402260e-05
   3.45673634e+02  -7.90445665e-06
   3.45674122e+02   1.69852181e-04
   3.45674611e+02   3.00677435e-04
   3.45675099e+02   9.69740358e-05
   3.45675587e+02  -1.75253474e-04
   3.45676076e+02  -2.51865480e-04
   3.45676564e+02  -1.30395856e-04
   3.45677052e+02   1.64568439e-04
   3.45677541e+02   3.47586873e-04
   3.45678029e+02   3.05156689e-04
   3.45678517e+02  -1.77833226e-05
   3.45679005e+02  -1.85676021e-04
   3.45679494e+02  -1.77889495e-04
   3.45679982e+02  -3.07874056e-04
   3.45680470e+02  -1.30100598e-04
   3.45680959e+02   1.48267063e-04
   3.45681447e+02   1.31979206e-04
   3.45681935e+02  -1.18838589e-05
   3.45682424e+02   2.75251546e-06
   3.45682912e+02   7.60804369e-06
   3.45683400e+02  -1.39373864e-04
   3.45683889e+02  -5.91687531e-05
   3.45684377e+02   9.31044051e-05
   3.45684865e+02  -1.73012154e-06
   3.45685354e+02  -1.07533400e-04
   3.45685842e+02  -7.61392221e-05
   3.45686330e+02   1.30344473e-04
   3.45686819e+02   2.82938388e-04
   3.45687307e+02   2.49899167e-04
   3.45687795e+02  -6.23313535e-05
   3.45688284e+02  -3.83955747e-04
   3.45688772e+02  -2.20696456e-04
   3.45689260e+02   8.56447077e-05
   3.45689749e+02   3.89805282e-05
   3.45690237e+02  -7.51828193e-05
   3.45690725e+02  -6.78116703e-05
   3.45691213e+02  -9.43619161e-05
   3.45691702e+02  -1.57039482e-04
   3.45692190e+02  -1.64672514e-04
   3.45692678e+02  -7.43701967e-05
   3.45693167e+02   4.76517343e-05
   3.45693655e+02   8.23587470e-05
   3.45694143e+02   6.64963227e-05
   3.45694632e+02   1.00297832e-04
   3.45695120e+02   1.35406182e-04
   3.45695608e+02  -1.09044486e-05
   3.45696097e+02  -2.15578228e-04
   3.45696585e+02  -3.55811877e-04
   3.45697073e+02  -4.15440998e-04
   3.45697562e+02  -1.27279491e-04
   3.45698050e+02   1.70199404e-04
   3.45698538e+02   1.00719786e-04
   3.45699027e+02  -6.08429291e-05
   3.45699515e+02  -4.86569443e-05
   3.45700003e+02  -1.90841631e-04
   3.45700492e+02  -3.67338769e-04
   3.45700980e+02  -2.34844483e-04
   3.45701468e+02  -1.28680069e-04
   3.45701956e+02  -2.02016545e-05
   3.45702445e+02   3.56377044e-04
   3.45702933e+02   4.95338871e-04
   3.45703421e+02   3.23855405e-04
   3.45703910e+02   1.34042872e-04
   3.45704398e+02  -1.07975597e-04
   3.45704886e+02  -2.71206052e-04
   3.45705375e+02  -1.30526008e-04
   3.45705863e+02   1.37904586e-04
   3.45706351e+02   1.62697354e-04
   3.45706840e+02  -8.57860941e-05
   3.45707328e+02  -9.11425013e-05
   3.45707816e+02  -1.46220817e-04
   3.45708305e+02  -1.56040798e-04
   3.45708793e+02   1.42882142e-04
   3.45709281e+02   7.05630227e-05
   3.45709770e+02  -1.95670786e-04
   3.45710258e+02  -5.18280176e-05
   3.45710746e+02   1.81951633e-04
   3.45711235e+02   1.16412768e-04
   3.45711723e+02   2.57426029e-04
   3.45712211e+02   2.04229829e-04
   3.45712699e+02  -2.77400341e-05
   3.45713188e+02   6.59661091e-05
   3.45713676e+02   2.23984447e-04
   3.45714164e+02   1.02874801e-04
   3.45714653e+02  -8.02398281e-05
   3.45715141e+02  -3.80166130e-05
   3.45715629e+02  -6.92051035e-05
   3.45716118e+02  -1.21669807e-04
   3.45716606e+02  -1.18167678e-04
   3.45717094e+02  -1.46588209e-04
   3.45717583e+02  -2.09023885e-04
   3.45718071e+02  -2.73503916e-04
   3.45718559e+02  -1.31317080e-04
   3.45719048e+02  -7.86653691e-05
   3.45719536e+02  -1.47362167e-04
   3.45720024e+02   8.90504816e-05
   3.45720513e+02   3.14671604e-04
   3.45721001e+02   1.90807215e-04
   3.45721489e+02   9.23923435e-05
   3.45721978e+02   1.35419788e-04
   3.45722466e+02   1.42475881e-04
   3.45722954e+02   1.92491992e-04
   3.45723443e+02   2.82345805e-04
   3.45723931e+02   2.52635073e-04
   3.45724419e+02  -7.23369740e-05
   3.45724907e+02  -3.22437292e-04
   3.45725396e+02  -1.51441491e-04
   3.45725884e+02  -9.97734696e-06
   3.45726372e+02  -1.43000711e-04
   3.45726861e+02  -2.10803002e-04
   3.45727349e+02  -1.49198177e-05
   3.45727837e+02   1.64814832e-04
   3.45728326e+02   1.44977472e-04
   3.45728814e+02   3.11942094e-05
   3.45729302e+02  -1.20327873e-04
   3.45729791e+02  -2.12773099e-04
   3.45730279e+02  -2.53467035e-04
   3.45730767e+02  -2.99795269e-04
   3.45731256e+02  -3.14382167e-04
   3.45731744e+02  -2.67293130e-04
   3.45732232e+02  -2.58038606e-04
   3.45732721e+02  -1.94375971e-04
   3.45733209e+02  -1.59717514e-04
   3.45733697e+02  -4.42996272e-04
   3.45734186e+02  -4.08848398e-04
   3.45734674e+02  -4.50514453e-05
   3.45735162e+02   2.54363025e-04
   3.45735650e+02   3.68700334e-04
   3.45736139e+02   1.21033358e-04
   3.45736627e+02  -2.73123471e-04
   3.45737115e+02  -3.16697406e-04
   3.45737604e+02  -2.52865080e-04
   3.45738092e+02  -2.73716956e-04
   3.45738580e+02  -1.86508711e-04
   3.45739069e+02  -1.48523313e-05
   3.45739557e+02   5.59704058e-05
   3.45740045e+02   7.66536396e-05
   3.45740534e+02   3.64060870e-05
   3.45741022e+02  -2.94808502e-04
   3.45741510e+02  -3.76509415e-04
   3.45741999e+02  -9.33136107e-07
   3.45742487e+02   1.08182096e-04
   3.45742975e+02  -7.97793327e-05
   3.45743464e+02  -2.32678882e-04
   3.45743952e+02  -3.05030204e-04
   3.45744440e+02  -1.44918071e-04
   3.45744929e+02   2.97807746e-05
   3.45745417e+02  -1.49702479e-04
   3.45745905e+02  -1.39724580e-04
   3.45746393e+02  -7.76914821e-05
   3.45746882e+02  -1.47759099e-04
   3.45747370e+02  -6.87392967e-05
   3.45747858e+02  -8.12726939e-05
   3.45748347e+02  -9.12424821e-06
   3.45748835e+02   7.93680738e-05
   3.45749323e+02  -5.58797656e-05
   3.45749812e+02   4.34251015e-05
   3.45750300e+02   3.95081588e-04
   3.45750788e+02   5.14154206e-04
   3.45751277e+02   2.77987099e-04
   3.45751765e+02  -3.30968433e-05
   3.45752253e+02  -3.06070491e-04
   3.45752742e+02  -3.29966482e-04
   3.45753230e+02  -1.95669767e-04
   3.45753718e+02  -8.10869315e-05
   3.45754207e+02   3.50807422e-05
   3.45754695e+02   5.40744259e-05
   3.45755183e+02   1.33201420e-05
   3.45755672e+02  -5.41217241e-06
   3.45756160e+02  -4.26729821e-05
   3.45756648e+02   1.31883600e-04
   3.45757137e+02   4.12741938e-04
   3.45757625e+02   3.74388124e-04
   3.45758113e+02   3.29386530e-04
   3.45758601e+02   5.19544526e-04
   3.45759090e+02   4.48455685e-04
   3.45759578e+02   1.21060752e-04
   3.45760066e+02  -7.77740934e-05
   3.45760555e+02  -2.96863698e-04
   3.45761043e+02  -3.41737788e-04
   3.45761531e+02  -1.09572007e-04
   3.45762020e+02   8.61385197e-05
   3.45762508e+02   1.03102691e-04
   3.45762996e+02  -8.51423611e-05
   3.45763485e+02  -1.07315005e-04
   3.45763973e+02   2.61325418e-04
   3.45764461e+02   5.73713856e-04
   3.45764950e+02   4.40685457e-04
   3.45765438e+02   1.01280260e-04
   3.45765926e+02  -1.31872584e-04
   3.45766415e+02  -1.85121098e-04
   3.45766903e+02  -1.27656807e-04
   3.45767391e+02   3.62475039e-05
   3.45767880e+02   3.83547071e-04
   3.45768368e+02   2.91155506e-04
   3.45768856e+02  -1.23789971e-04
   3.45769344e+02  -1.39869924e-04
   3.45769833e+02  -1.95987493e-04
   3.45770321e+02  -2.60978035e-04
   3.45770809e+02  -1.14432834e-04
   3.45771298e+02  -1.14895134e-04
   3.45771786e+02  -2.18523579e-04
   3.45772274e+02  -6.68894791e-05
   3.45772763e+02  -6.71441230e-05
   3.45773251e+02  -3.35550285e-04
   3.45773739e+02  -4.35865397e-04
   3.45774228e+02  -2.14219923e-04
   3.45774716e+02   1.04023136e-04
   3.45775204e+02   1.88493708e-04
   3.45775693e+02  -8.06140306e-05
   3.45776181e+02  -4.20412573e-04
   3.45776669e+02  -3.40942905e-04
   3.45777158e+02  -1.27092499e-04
   3.45777646e+02   8.05968302e-05
   3.45778134e+02   3.30567156e-04
   3.45778623e+02   4.13936534e-04
   3.45779111e+02   2.06935860e-04
   3.45779599e+02  -4.80156814e-05
   3.45780087e+02   3.66935310e-05
   3.45780576e+02   2.78044812e-04
   3.45781064e+02   2.79990723e-04
   3.45781552e+02   1.37772833e-04
   3.45782041e+02   2.12541781e-04
   3.45782529e+02   4.03425278e-04
   3.45783017e+02   3.62605468e-04
   3.45783506e+02  -1.05842000e-05
   3.45783994e+02  -2.26426680e-04
   3.45784482e+02  -3.02826975e-05
   3.45784971e+02   1.20703429e-04
   3.45785459e+02   1.00051810e-04
   3.45785947e+02   1.94876702e-05
   3.45786436e+02   1.63886616e-05
   3.45786924e+02   2.14852826e-05
   3.45787412e+02  -2.25685471e-05
   3.45787901e+02   4.61945274e-06
   3.45788389e+02  -6.30246723e-05
   3.45788877e+02  -1.54982263e-04
   3.45789366e+02  -3.82554899e-05
   3.45789854e+02   4.11805304e-05
   3.45790342e+02  -9.15789224e-06
   3.45790831e+02   1.59599440e-04
   3.45791319e+02   3.43518914e-04
   3.45791807e+02   2.04569311e-04
   3.45792295e+02  -1.55259431e-06
   3.45792784e+02  -9.76526717e-05
   3.45793272e+02  -2.26296761e-05
   3.45793760e+02   1.50088366e-04
   3.45794249e+02   1.34319125e-04
   3.45794737e+02   4.73797263e-05
   3.45795225e+02   1.03107586e-05
   3.45795714e+02  -3.75042036e-05
   3.45796202e+02   1.70141102e-05
   3.45796690e+02   2.19473513e-04
   3.45797179e+02   4.12258407e-04
   3.45797667e+02   3.43423657e-04
   3.45798155e+02   9.98921096e-05
   3.45798644e+02  -8.64866306e-05
   3.45799132e+02  -1.67090402e-04
   3.45799620e+02  -1.45360085e-04
   3.45800109e+02   8.55226244e-06
   3.45800597e+02   1.26967352e-04
   3.45801085e+02   1.92965425e-04
   3.45801574e+02   1.45931845e-04
   3.45802062e+02  -7.56221270e-05
   3.45802550e+02  -2.46096926e-04
   3.45803038e+02  -1.29529086e-04
   3.45803527e+02   5.81485510e-05
   3.45804015e+02   1.13376904e-04
   3.45804503e+02   1.07897329e-04
   3.45804992e+02   1.05475352e-04
   3.45805480e+02   1.66611189e-05
   3.45805968e+02  -2.76184495e-04
   3.45806457e+02  -5.07029705e-04
   3.45806945e+02  -3.74302734e-04
   3.45807433e+02  -2.45549832e-04
   3.45807922e+02  -1.38705509e-04
   3.45808410e+02  -3.83611914e-05
   3.45808898e+02  -4.33524510e-05
   3.45809387e+02  -4.55338850e-05
   3.45809875e+02  -1.15540330e-04
   3.45810363e+02  -8.47415067e-05
   3.45810852e+02   1.25123202e-04
   3.45811340e+02   1.05997635e-04
   3.45811828e+02  -4.26041697e-05
   3.45812317e+02   8.71768934e-05
   3.45812805e+02   2.01745759e-04
   3.45813293e+02  -1.67632170e-04
   3.45813781e+02  -5.44622191e-04
   3.45814270e+02  -3.33802134e-04
   3.45814758e+02  -1.26234911e-04
   3.45815246e+02  -6.93106849e-05
   3.45815735e+02   1.11105997e-04
   3.45816223e+02   1.26369123e-04
   3.45816711e+02  -1.12695583e-04
   3.45817200e+02  -2.80143227e-04
   3.45817688e+02  -2.87986419e-04
   3.45818176e+02  -8.79021609e-05
   3.45818665e+02   2.42840673e-04
   3.45819153e+02   3.09672265e-04
   3.45819641e+02   3.29156144e-04
   3.45820130e+02   3.96548334e-04
   3.45820618e+02   1.99230723e-04
   3.45821106e+02  -2.98222385e-05
   3.45821595e+02   1.44205012e-04
   3.45822083e+02   4.69434162e-04
   3.45822571e+02   3.01102235e-04
   3.45823060e+02  -4.54333640e-05
   3.45823548e+02  -1.90340979e-05
   3.45824036e+02   1.30049579e-04
   3.45824525e+02   2.30673788e-04
   3.45825013e+02   2.93809309e-04
   3.45825501e+02   1.46105507e-04
   3.45825989e+02  -6.63852334e-05
   3.45826478e+02  -7.03977930e-05
   3.45826966e+02   4.82208543e-06
   3.45827454e+02  -4.45673504e-05
   3.45827943e+02  -6.33204181e-05
   3.45828431e+02  -1.53334287e-04
   3.45828919e+02  -1.63146804e-04
   3.45829408e+02  -5.80418691e-06
   3.45829896e+02   1.10875844e-04
   3.45830384e+02   2.95460904e-06
   3.45830873e+02  -1.33024383e-04
   3.45831361e+02  -1.84707693e-04
   3.45831849e+02   5.21660695e-05
   3.45832338e+02   1.14272705e-04
   3.45832826e+02   5.13876012e-06
   3.45833314e+02   3.48852445e-05
   3.45833803e+02  -4.60570591e-05
   3.45834291e+02  -9.87822859e-05
   3.45834779e+02  -8.20265195e-05
   3.45835268e+02  -3.62881401e-05
   3.45835756e+02  -1.80412215e-04
   3.45836244e+02  -4.53701447e-04
   3.45836732e+02  -3.59286409e-04
   3.45837221e+02  -2.34451611e-04
   3.45837709e+02  -2.46959768e-04
   3.45838197e+02  -9.07393332e-05
   3.45838686e+02   1.24680926e-04
   3.45839174e+02   2.04752199e-04
   3.45839662e+02   1.24030819e-04
   3.45840151e+02  -9.58334131e-05
   3.45840639e+02  -2.32086721e-04
   3.45841127e+02  -2.95229431e-04
   3.45841616e+02  -4.37747774e-04
   3.45842104e+02  -4.78986738e-04
   3.45842592e+02  -1.74113200e-04
   3.45843081e+02   3.37129546e-04
   3.45843569e+02   4.39859723e-04
   3.45844057e+02   4.34939029e-05
   3.45844546e+02  -2.46727956e-04
   3.45845034e+02  -2.16260814e-04
   3.45845522e+02  -1.15145667e-04
   3.45846011e+02  -1.55996255e-04
   3.45846499e+02  -2.10078579e-04
   3.45846987e+02  -1.15761024e-04
   3.45847476e+02  -2.61468027e-04
   3.45847964e+02  -3.57029203e-04
   3.45848452e+02  -2.46021809e-04
   3.45848940e+02  -1.53854722e-04
   3.45849429e+02   3.40364822e-05
   3.45849917e+02   1.46643273e-04
   3.45850405e+02  -2.93330122e-05
   3.45850894e+02  -2.79259839e-04
   3.45851382e+02  -2.71244178e-04
   3.45851870e+02  -4.97851834e-05
   3.45852359e+02   1.25056133e-04
   3.45852847e+02   2.38230554e-04
   3.45853335e+02   1.87290629e-04
   3.45853824e+02   1.32002133e-05
   3.45854312e+02   8.40872508e-06
   3.45854800e+02   1.63639110e-04
   3.45855289e+02   2.27443277e-04
   3.45855777e+02   2.47614691e-04
   3.45856265e+02   1.76716290e-04
   3.45856754e+02   6.55007534e-05
   3.45857242e+02  -3.46912839e-06
   3.45857730e+02  -2.49750738e-04
   3.45858219e+02  -3.52239265e-04
   3.45858707e+02  -2.60734494e-04
   3.45859195e+02  -3.16955528e-04
   3.45859683e+02  -3.07164242e-04
   3.45860172e+02  -3.43443498e-05
   3.45860660e+02   4.85264936e-05
   3.45861148e+02   5.97301841e-05
   3.45861637e+02   9.58399178e-05
   3.45862125e+02  -4.68819089e-05
   3.45862613e+02  -1.48550404e-04
   3.45863102e+02   2.63816146e-05
   3.45863590e+02   6.71373127e-05
   3.45864078e+02  -2.86625145e-05
   3.45864567e+02  -4.94770138e-05
   3.45865055e+02  -1.41205295e-04
   3.45865543e+02  -1.27796215e-04
   3.45866032e+02  -1.61257722e-05
   3.45866520e+02  -2.43858285e-05
   3.45867008e+02   1.48526733e-05
   3.45867497e+02   1.29711902e-04
   3.45867985e+02   1.82590680e-04
   3.45868473e+02   1.55399393e-04
   3.45868962e+02   4.02545156e-05
   3.45869450e+02  -7.93178260e-05
   3.45869938e+02  -3.14060089e-05
   3.45870426e+02  -1.47521918e-04
   3.45870915e+02  -2.63053080e-04
   3.45871403e+02  -1.44714784e-06
   3.45871891e+02   2.16976230e-04
   3.45872380e+02   7.67636666e-05
   3.45872868e+02  -8.66402115e-05
   3.45873356e+02  -1.99949369e-04
   3.45873845e+02  -2.30968988e-04
   3.45874333e+02  -1.05070329e-04
   3.45874821e+02  -1.67261624e-05
   3.45875310e+02   7.48930033e-05
   3.45875798e+02   2.24180782e-04
   3.45876286e+02   2.70553981e-04
   3.45876775e+02   2.12277053e-04
   3.45877263e+02   1.44580816e-04
   3.45877751e+02   2.13094667e-04
   3.45878240e+02   1.54772613e-04
   3.45878728e+02  -6.92538233e-05
   3.45879216e+02  -1.08538279e-06
   3.45879705e+02   2.69126962e-04
   3.45880193e+02   2.45420029e-04
   3.45880681e+02   1.76335248e-04
   3.45881170e+02   8.24748859e-05
   3.45881658e+02  -1.66854625e-05
   3.45882146e+02   1.73061009e-04
   3.45882634e+02   2.25694472e-04
   3.45883123e+02  -3.44735163e-05
   3.45883611e+02  -1.91265208e-04
   3.45884099e+02  -1.33659880e-04
   3.45884588e+02  -3.06055968e-04
   3.45885076e+02  -4.91775107e-04
   3.45885564e+02  -4.26840328e-04
   3.45886053e+02  -2.44579918e-04
   3.45886541e+02   5.47570489e-05
   3.45887029e+02   1.60888871e-04
   3.45887518e+02  -7.91579878e-05
   3.45888006e+02  -8.38875203e-05
   3.45888494e+02  -9.43235209e-05
   3.45888983e+02  -4.02058395e-05
   3.45889471e+02   1.80149480e-04
   3.45889959e+02   2.98060651e-04
   3.45890448e+02   2.60013563e-04
   3.45890936e+02   2.89327843e-04
   3.45891424e+02   2.28974313e-04
   3.45891913e+02   2.68031563e-05
   3.45892401e+02   1.09434914e-04
   3.45892889e+02   3.54954216e-04
   3.45893377e+02   2.50111189e-04
   3.45893866e+02  -1.39274329e-04
   3.45894354e+02  -2.63009686e-04
   3.45894842e+02  -4.92569197e-05
   3.45895331e+02   1.27458014e-04
   3.45895819e+02   7.52666165e-05
   3.45896307e+02   6.46144190e-06
   3.45896796e+02  -1.87250043e-05
   3.45897284e+02   3.99139863e-05
   3.45897772e+02   8.68067436e-05
   3.45898261e+02  -1.12601061e-04
   3.45898749e+02  -2.54015467e-04
   3.45899237e+02  -1.99234801e-05
   3.45899726e+02   2.43789822e-04
   3.45900214e+02   9.75988296e-05
   3.45900702e+02  -2.40559690e-04
   3.45901191e+02  -1.96869310e-04
   3.45901679e+02   6.39273203e-05
   3.45902167e+02   2.29733778e-04
   3.45902656e+02   2.05344710e-04
   3.45903144e+02   3.90961904e-05
   3.45903632e+02   1.36026511e-05
   3.45904120e+02   6.09104900e-05
   3.45904609e+02   8.17908003e-05
   3.45905097e+02  -5.28292330e-05
   3.45905585e+02  -1.08817774e-04
   3.45906074e+02  -7.85113734e-05
   3.45906562e+02  -1.52940265e-04
   3.45907050e+02   9.73648785e-05
   3.45907539e+02   4.29284060e-04
   3.45908027e+02   2.76706007e-04
   3.45908515e+02   1.96015768e-04
   3.45909004e+02   2.06167126e-04
   3.45909492e+02  -4.66104248e-05
   3.45909980e+02  -1.60243377e-04
   3.45910469e+02  -1.06277839e-04
   3.45910957e+02  -1.23280857e-04
   3.45911445e+02  -1.07134445e-04
   3.45911934e+02   7.93063737e-05
   3.45912422e+02   2.44006558e-04
   3.45912910e+02   1.97765359e-04
   3.45913399e+02  -5.27238662e-05
   3.45913887e+02  -1.37825395e-04
   3.45914375e+02   1.47149054e-04
   3.45914864e+02   3.32825643e-04
   3.45915352e+02   2.12123239e-04
   3.45915840e+02   2.28397766e-04
   3.45916328e+02   1.74043642e-04
   3.45916817e+02  -1.44218764e-04
   3.45917305e+02  -1.87297701e-04
   3.45917793e+02   8.21726426e-05
   3.45918282e+02   2.43970338e-04
   3.45918770e+02   1.88068618e-04
   3.45919258e+02   9.33503761e-05
   3.45919747e+02   1.62772325e-04
   3.45920235e+02   2.28496108e-04
   3.45920723e+02   9.48446614e-05
   3.45921212e+02  -2.17010631e-04
   3.45921700e+02  -2.81078421e-04
   3.45922188e+02   4.45391051e-05
   3.45922677e+02   1.02923877e-04
   3.45923165e+02  -1.21064928e-04
   3.45923653e+02  -2.53670703e-04
   3.45924142e+02  -3.78059282e-04
   3.45924630e+02  -1.68970771e-04
   3.45925118e+02   6.64010004e-05
   3.45925607e+02  -3.48557442e-05
   3.45926095e+02  -2.63348978e-04
   3.45926583e+02  -3.29574832e-04
   3.45927071e+02  -1.76515605e-04
   3.45927560e+02  -4.93160987e-05
   3.45928048e+02  -1.91531199e-05
   3.45928536e+02   1.47572471e-04
   3.45929025e+02   2.50078883e-04
   3.45929513e+02   1.62449447e-04
   3.45930001e+02   2.52124184e-04
   3.45930490e+02   3.56710807e-04
   3.45930978e+02   1.91372674e-04
   3.45931466e+02   1.16211311e-04
   3.45931955e+02  -6.90587549e-05
   3.45932443e+02  -3.29821138e-04
   3.45932931e+02  -6.64953113e-05
   3.45933420e+02   1.83422977e-04
   3.45933908e+02   9.15737473e-05
   3.45934396e+02  -3.93442633e-06
   3.45934885e+02  -1.62948709e-04
   3.45935373e+02  -3.12486984e-04
   3.45935861e+02  -1.36376213e-04
   3.45936350e+02   3.73346993e-05
   3.45936838e+02   6.79418517e-05
   3.45937326e+02  -9.88844295e-06
   3.45937814e+02  -2.75270926e-04
   3.45938303e+02  -3.01351363e-04
   3.45938791e+02   8.16152460e-05
   3.45939279e+02   2.63620459e-04
   3.45939768e+02   1.74972272e-04
   3.45940256e+02   2.44619121e-04
   3.45940744e+02   2.73330224e-04
   3.45941233e+02   9.75658259e-05
   3.45941721e+02  -6.41248625e-05
   3.45942209e+02   9.51230468e-05
   3.45942698e+02   2.08201614e-04
   3.45943186e+02  -2.27143573e-05
   3.45943674e+02  -1.85014011e-04
   3.45944163e+02  -1.96777750e-04
