frequency (GHz), flux (Jy/beam)
   3.45010009e+02   6.05238834e-04
   3.45010497e+02   5.86192880e-04
   3.45010985e+02   4.13821312e-04
   3.45011474e+02   2.89090734e-04
   3.45011962e+02   1.32857080e-04
   3.45012450e+02   1.31840152e-05
   3.45012939e+02  -8.58249332e-05
   3.45013427e+02  -1.91761443e-04
   3.45013915e+02  -1.51622124e-04
   3.45014403e+02  -1.79985087e-04
   3.45014892e+02  -6.67832210e-05
   3.45015380e+02   4.43568752e-05
   3.45015868e+02  -8.54591053e-05
   3.45016357e+02  -1.21494573e-04
   3.45016845e+02  -1.64241806e-04
   3.45017333e+02  -3.61923972e-04
   3.45017822e+02  -4.88053396e-04
   3.45018310e+02  -3.86942673e-04
   3.45018798e+02  -2.29160942e-04
   3.45019287e+02  -1.60318537e-04
   3.45019775e+02  -2.17127483e-04
   3.45020263e+02  -1.33562397e-04
   3.45020752e+02  -1.38422591e-04
   3.45021240e+02  -2.31880040e-04
   3.45021728e+02  -1.44746489e-04
   3.45022217e+02   9.42315546e-06
   3.45022705e+02   2.10436483e-05
   3.45023193e+02  -1.74893969e-04
   3.45023682e+02  -1.21771984e-04
   3.45024170e+02  -5.65547161e-05
   3.45024658e+02  -1.45133352e-04
   3.45025147e+02  -6.03943445e-05
   3.45025635e+02  -6.95070994e-05
   3.45026123e+02  -1.41632190e-04
   3.45026611e+02  -5.56742052e-05
   3.45027100e+02  -9.35027056e-05
   3.45027588e+02  -3.15582234e-04
   3.45028076e+02  -2.64957314e-04
   3.45028565e+02   2.33817227e-05
   3.45029053e+02   7.12782348e-05
   3.45029541e+02   1.23536665e-04
   3.45030030e+02   1.18967437e-04
   3.45030518e+02  -4.52012464e-05
   3.45031006e+02  -8.63302994e-05
   3.45031495e+02  -1.60686759e-04
   3.45031983e+02  -2.69822835e-04
   3.45032471e+02  -1.23817023e-04
   3.45032960e+02   8.88411523e-05
   3.45033448e+02   1.33537978e-04
   3.45033936e+02   9.24362103e-05
   3.45034425e+02  -9.34914569e-05
   3.45034913e+02  -3.03865352e-04
   3.45035401e+02  -1.55374189e-04
   3.45035890e+02  -5.13532941e-05
   3.45036378e+02  -1.91651750e-04
   3.45036866e+02  -3.54427175e-04
   3.45037354e+02  -3.61291051e-04
   3.45037843e+02  -2.16406072e-04
   3.45038331e+02  -3.28232651e-04
   3.45038819e+02  -3.33784119e-04
   3.45039308e+02   4.11149413e-05
   3.45039796e+02   1.07460161e-04
   3.45040284e+02   7.42890115e-05
   3.45040773e+02   2.95479636e-04
   3.45041261e+02   1.32972113e-04
   3.45041749e+02  -9.57765587e-05
   3.45042238e+02   1.67754377e-04
   3.45042726e+02   2.43466115e-04
   3.45043214e+02   1.60715121e-04
   3.45043703e+02   2.10998012e-04
   3.45044191e+02   2.21162001e-04
   3.45044679e+02   1.87053447e-04
   3.45045168e+02   3.71730130e-04
   3.45045656e+02   4.94559878e-04
   3.45046144e+02   3.33891541e-04
   3.45046633e+02  -7.74953969e-06
   3.45047121e+02  -2.62922898e-04
   3.45047609e+02  -1.19515600e-04
   3.45048097e+02   6.46665876e-06
   3.45048586e+02  -1.62928409e-04
   3.45049074e+02  -1.72465268e-04
   3.45049562e+02   1.19215438e-04
   3.45050051e+02   1.28459593e-04
   3.45050539e+02   3.14544886e-05
   3.45051027e+02   2.73114420e-04
   3.45051516e+02   2.78286694e-04
   3.45052004e+02   5.95099991e-05
   3.45052492e+02   6.21065337e-05
   3.45052981e+02   1.36160874e-04
   3.45053469e+02   2.32921055e-04
   3.45053957e+02   2.65922252e-04
   3.45054446e+02   1.31823093e-04
   3.45054934e+02   1.43261437e-04
   3.45055422e+02   2.14926462e-04
   3.45055911e+02   2.95932605e-05
   3.45056399e+02  -3.09286930e-04
   3.45056887e+02  -1.92525884e-04
   3.45057376e+02   1.60569543e-04
   3.45057864e+02   1.64269106e-04
   3.45058352e+02   2.29200319e-04
   3.45058841e+02   2.19590205e-04
   3.45059329e+02  -1.44532329e-04
   3.45059817e+02  -2.47967168e-04
   3.45060305e+02   8.81001870e-06
   3.45060794e+02   1.84334393e-04
   3.45061282e+02  -5.55158185e-05
   3.45061770e+02  -3.46106244e-04
   3.45062259e+02  -1.95131419e-04
   3.45062747e+02  -5.72545432e-05
   3.45063235e+02  -8.84262918e-05
   3.45063724e+02   1.63281205e-04
   3.45064212e+02   3.90258880e-04
   3.45064700e+02   3.53959389e-04
   3.45065189e+02   1.31020308e-04
   3.45065677e+02  -2.01127754e-04
   3.45066165e+02  -3.97341122e-04
   3.45066654e+02  -3.60039470e-04
   3.45067142e+02  -9.63584826e-05
   3.45067630e+02   2.49400851e-04
   3.45068119e+02   2.59268796e-04
   3.45068607e+02  -2.02143114e-04
   3.45069095e+02  -3.65687243e-04
   3.45069584e+02  -1.88422142e-04
   3.45070072e+02  -9.88095780e-05
   3.45070560e+02   7.70602492e-05
   3.45071048e+02   1.02948201e-04
   3.45071537e+02  -3.44092882e-06
   3.45072025e+02   1.07813423e-04
   3.45072513e+02   1.33436552e-04
   3.45073002e+02  -5.92294055e-05
   3.45073490e+02  -4.72446518e-05
   3.45073978e+02   1.04254614e-04
   3.45074467e+02   3.87498148e-04
   3.45074955e+02   4.18141572e-04
   3.45075443e+02  -1.07302163e-04
   3.45075932e+02  -2.60479166e-04
   3.45076420e+02  -1.34016998e-04
   3.45076908e+02  -3.45090550e-04
   3.45077397e+02  -6.12237258e-04
   3.45077885e+02  -4.99040529e-04
   3.45078373e+02  -2.50719953e-04
   3.45078862e+02  -2.65543436e-04
   3.45079350e+02  -3.16727004e-04
   3.45079838e+02  -1.31418070e-04
   3.45080327e+02   2.02521755e-04
   3.45080815e+02   3.95582232e-04
   3.45081303e+02   4.98404610e-04
   3.45081791e+02   3.53305979e-04
   3.45082280e+02  -4.68815233e-05
   3.45082768e+02  -1.91881933e-04
   3.45083256e+02  -1.34467817e-04
   3.45083745e+02  -1.29129054e-04
   3.45084233e+02  -4.71431267e-05
   3.45084721e+02   2.12596569e-04
   3.45085210e+02   4.76735033e-04
   3.45085698e+02   3.76641139e-04
   3.45086186e+02  -9.07062640e-05
   3.45086675e+02  -3.83868406e-04
   3.45087163e+02  -2.40677298e-04
   3.45087651e+02   1.53192887e-04
   3.45088140e+02   3.13040393e-04
   3.45088628e+02   1.44799124e-04
   3.45089116e+02   1.76764552e-05
   3.45089605e+02   2.25040149e-05
   3.45090093e+02  -5.88642288e-05
   3.45090581e+02  -1.81187832e-04
   3.45091070e+02  -2.15353473e-04
   3.45091558e+02  -1.81338022e-04
   3.45092046e+02   7.02366015e-06
   3.45092535e+02   1.97865593e-04
   3.45093023e+02   1.32528381e-04
   3.45093511e+02   4.86750032e-05
   3.45093999e+02  -6.57147611e-05
   3.45094488e+02  -2.29321187e-04
   3.45094976e+02  -5.65931950e-05
   3.45095464e+02   1.19838085e-04
   3.45095953e+02  -1.63021298e-06
   3.45096441e+02   2.73641635e-05
   3.45096929e+02  -5.56175910e-05
   3.45097418e+02  -1.03380968e-04
   3.45097906e+02   1.69105799e-04
   3.45098394e+02  -5.60622866e-05
   3.45098883e+02  -4.50048159e-04
   3.45099371e+02  -3.17308557e-04
   3.45099859e+02  -1.00667101e-04
   3.45100348e+02   2.75408907e-04
   3.45100836e+02   5.38215099e-04
   3.45101324e+02   1.25070830e-04
   3.45101813e+02   2.45930710e-06
   3.45102301e+02   2.76956300e-04
   3.45102789e+02   2.23165669e-04
   3.45103278e+02   4.49593572e-05
   3.45103766e+02   4.51544474e-05
   3.45104254e+02   4.24412647e-05
   3.45104742e+02  -1.06365669e-05
   3.45105231e+02  -1.02659244e-04
   3.45105719e+02  -8.85631453e-05
   3.45106207e+02  -6.15297831e-05
   3.45106696e+02  -3.16783844e-04
   3.45107184e+02  -5.19621186e-04
   3.45107672e+02  -1.90963983e-04
   3.45108161e+02   3.65967397e-04
   3.45108649e+02   5.61169116e-04
   3.45109137e+02   4.09060944e-04
   3.45109626e+02   3.70783928e-05
   3.45110114e+02  -3.54528602e-04
   3.45110602e+02  -1.50473978e-04
   3.45111091e+02   6.67301501e-05
   3.45111579e+02  -1.53890651e-04
   3.45112067e+02  -1.23537335e-04
   3.45112556e+02  -3.03159741e-05
   3.45113044e+02  -2.23123061e-04
   3.45113532e+02  -1.81049603e-04
   3.45114021e+02  -1.37599591e-05
   3.45114509e+02  -1.31199791e-04
   3.45114997e+02  -2.58050131e-04
   3.45115485e+02  -8.44163733e-05
   3.45115974e+02   7.01261160e-05
   3.45116462e+02  -4.05715582e-05
   3.45116950e+02  -4.43294193e-05
   3.45117439e+02   5.39791756e-07
   3.45117927e+02  -9.40440368e-05
   3.45118415e+02  -1.38979754e-04
   3.45118904e+02   6.02499967e-05
   3.45119392e+02   3.06770322e-04
   3.45119880e+02   2.29447134e-04
   3.45120369e+02   1.17652162e-04
   3.45120857e+02   1.30250963e-04
   3.45121345e+02   6.50297516e-05
   3.45121834e+02   1.08191780e-04
   3.45122322e+02   5.79245570e-05
   3.45122810e+02  -1.72763961e-04
   3.45123299e+02  -4.52404929e-05
   3.45123787e+02   1.56418886e-04
   3.45124275e+02   8.31986035e-05
   3.45124764e+02  -2.53094622e-04
   3.45125252e+02  -4.46648221e-04
   3.45125740e+02  -1.57343529e-05
   3.45126229e+02   1.01119236e-04
   3.45126717e+02  -5.84055215e-07
   3.45127205e+02   8.16019601e-05
   3.45127693e+02   1.32415371e-04
   3.45128182e+02   8.82286186e-05
   3.45128670e+02  -3.93230985e-05
   3.45129158e+02  -1.76392728e-04
   3.45129647e+02  -1.61197808e-04
   3.45130135e+02  -4.44416798e-07
   3.45130623e+02   1.24761835e-04
   3.45131112e+02   1.41509663e-04
   3.45131600e+02  -2.59507433e-05
   3.45132088e+02  -2.71673431e-04
   3.45132577e+02  -1.02045524e-04
   3.45133065e+02   6.01945358e-05
   3.45133553e+02  -8.82352615e-05
   3.45134042e+02  -1.26211395e-04
   3.45134530e+02  -8.30789068e-05
   3.45135018e+02  -1.70542808e-05
   3.45135507e+02   2.01359708e-05
   3.45135995e+02   1.30589484e-04
   3.45136483e+02   3.44023429e-04
   3.45136972e+02   2.75704486e-04
   3.45137460e+02   4.07306252e-05
   3.45137948e+02  -8.74172911e-05
   3.45138436e+02  -7.29306266e-05
   3.45138925e+02  -7.40018004e-05
   3.45139413e+02  -1.16222756e-04
   3.45139901e+02   4.31176195e-05
   3.45140390e+02   2.25827403e-04
   3.45140878e+02  -1.55624730e-05
   3.45141366e+02  -5.59651344e-05
   3.45141855e+02   2.59475986e-04
   3.45142343e+02   1.75973997e-04
   3.45142831e+02   1.62233424e-04
   3.45143320e+02   3.43038468e-04
   3.45143808e+02   3.42874118e-04
   3.45144296e+02   6.39607315e-05
   3.45144785e+02  -2.78727704e-04
   3.45145273e+02  -1.85396129e-04
   3.45145761e+02   1.47267507e-04
   3.45146250e+02   2.48499942e-04
   3.45146738e+02   1.33019566e-04
   3.45147226e+02   8.37013704e-06
   3.45147715e+02   5.51832891e-05
   3.45148203e+02   1.78673828e-04
   3.45148691e+02   2.20823094e-05
   3.45149179e+02  -2.15063323e-04
   3.45149668e+02  -2.88355281e-04
   3.45150156e+02  -2.74712103e-04
   3.45150644e+02  -3.19337123e-04
   3.45151133e+02  -1.88079517e-04
   3.45151621e+02   1.23003119e-04
   3.45152109e+02   2.10298094e-04
   3.45152598e+02   1.88619408e-04
   3.45153086e+02   1.30244603e-04
   3.45153574e+02   9.30547976e-05
   3.45154063e+02   8.15542517e-05
   3.45154551e+02   5.28416649e-06
   3.45155039e+02   1.70499825e-05
   3.45155528e+02   2.90486991e-04
   3.45156016e+02   4.91240178e-04
   3.45156504e+02   3.23333836e-04
   3.45156993e+02   2.06430723e-05
   3.45157481e+02  -5.82182874e-05
   3.45157969e+02  -1.13057686e-04
   3.45158458e+02  -1.50237494e-04
   3.45158946e+02   4.27041459e-06
   3.45159434e+02   2.57653533e-04
   3.45159923e+02   3.37842212e-04
   3.45160411e+02   2.51453574e-04
   3.45160899e+02   1.61670891e-04
   3.45161387e+02  -1.48658928e-05
   3.45161876e+02  -1.62165798e-05
   3.45162364e+02   1.05155174e-04
   3.45162852e+02  -5.60401313e-05
   3.45163341e+02  -6.85057967e-05
   3.45163829e+02   1.73075459e-04
   3.45164317e+02   3.28616035e-04
   3.45164806e+02   4.55770903e-04
   3.45165294e+02   4.92155086e-04
   3.45165782e+02   2.78803578e-04
   3.45166271e+02   3.42448708e-04
   3.45166759e+02   6.06458983e-04
   3.45167247e+02   4.77049587e-04
   3.45167736e+02   2.85138958e-04
   3.45168224e+02   8.35949031e-05
   3.45168712e+02  -1.43899364e-04
   3.45169201e+02  -2.24762611e-04
   3.45169689e+02   5.94696212e-05
   3.45170177e+02   4.33746172e-04
   3.45170666e+02   2.61244859e-04
   3.45171154e+02  -6.26231194e-05
   3.45171642e+02  -8.25064635e-05
   3.45172130e+02  -9.91440538e-05
   3.45172619e+02   4.48460596e-05
   3.45173107e+02   1.84496850e-04
   3.45173595e+02   2.50976911e-04
   3.45174084e+02   4.69308608e-04
   3.45174572e+02   3.64229258e-04
   3.45175060e+02   6.71384551e-05
   3.45175549e+02   1.04830928e-04
   3.45176037e+02   1.34218626e-05
   3.45176525e+02  -2.72712379e-04
   3.45177014e+02  -2.84155336e-04
   3.45177502e+02  -1.40460674e-04
   3.45177990e+02  -3.06180125e-04
   3.45178479e+02  -3.72514274e-04
   3.45178967e+02  -1.63388104e-04
   3.45179455e+02  -1.20781602e-04
   3.45179944e+02  -7.20344469e-05
   3.45180432e+02   4.54285728e-05
   3.45180920e+02   1.27469815e-04
   3.45181409e+02   7.57059752e-05
   3.45181897e+02  -1.93973829e-04
   3.45182385e+02  -2.22016301e-04
   3.45182874e+02   2.70664259e-05
   3.45183362e+02   7.77948881e-05
   3.45183850e+02  -9.44332569e-05
   3.45184338e+02  -1.56602706e-04
   3.45184827e+02  -1.19245933e-05
   3.45185315e+02   2.60291508e-05
   3.45185803e+02  -6.81428428e-05
   3.45186292e+02  -4.23997517e-05
   3.45186780e+02   2.14082684e-05
   3.45187268e+02  -1.67821025e-04
   3.45187757e+02  -3.98817036e-04
   3.45188245e+02  -3.06805479e-04
   3.45188733e+02  -6.15427271e-05
   3.45189222e+02  -2.26193606e-06
   3.45189710e+02  -3.45683773e-04
   3.45190198e+02  -5.25476178e-04
   3.45190687e+02  -2.08555153e-04
   3.45191175e+02  -1.69699651e-05
   3.45191663e+02   2.62074227e-05
   3.45192152e+02   2.48105702e-04
   3.45192640e+02   3.45687586e-04
   3.45193128e+02   2.04398311e-04
   3.45193617e+02   4.65350531e-05
   3.45194105e+02   3.18892817e-05
   3.45194593e+02   1.09004031e-04
   3.45195081e+02   6.29999849e-05
   3.45195570e+02   9.46605724e-05
   3.45196058e+02   1.36168368e-04
   3.45196546e+02   8.37491607e-05
   3.45197035e+02   1.18420954e-04
   3.45197523e+02   3.72872928e-05
   3.45198011e+02   2.97424449e-05
   3.45198500e+02   7.93900181e-05
   3.45198988e+02  -9.83887658e-05
   3.45199476e+02  -2.79781991e-04
   3.45199965e+02  -3.66293752e-05
   3.45200453e+02   1.01794816e-04
   3.45200941e+02  -5.88072726e-05
   3.45201430e+02  -3.47303430e-05
   3.45201918e+02   1.36841292e-04
   3.45202406e+02   4.10164095e-04
   3.45202895e+02   4.22248180e-04
   3.45203383e+02   1.89746657e-04
   3.45203871e+02   2.76850100e-04
   3.45204360e+02   3.15466197e-04
   3.45204848e+02   1.36900737e-04
   3.45205336e+02   4.04504935e-05
   3.45205824e+02  -1.30024855e-05
   3.45206313e+02   3.58846119e-05
   3.45206801e+02   7.62434647e-05
   3.45207289e+02  -1.39568641e-04
   3.45207778e+02  -3.05093738e-04
   3.45208266e+02  -2.95887905e-04
   3.45208754e+02  -2.02327326e-04
   3.45209243e+02  -1.02507649e-04
   3.45209731e+02  -2.34643347e-04
   3.45210219e+02  -3.21752974e-04
   3.45210708e+02  -2.93295830e-04
   3.45211196e+02  -2.80691485e-04
   3.45211684e+02  -1.32279543e-04
   3.45212173e+02  -7.18370120e-06
   3.45212661e+02  -6.82334066e-05
   3.45213149e+02  -5.74823353e-05
   3.45213638e+02   5.44098693e-05
   3.45214126e+02  -3.68563124e-05
   3.45214614e+02   6.23145243e-05
   3.45215103e+02   3.16052930e-04
   3.45215591e+02   2.62212910e-04
   3.45216079e+02  -3.74787778e-05
   3.45216568e+02  -3.75702330e-05
   3.45217056e+02   1.27927837e-04
   3.45217544e+02   1.85743193e-04
   3.45218032e+02   2.46868905e-04
   3.45218521e+02   1.44575852e-05
   3.45219009e+02  -5.94084377e-05
   3.45219497e+02   1.13380673e-04
   3.45219986e+02   5.61010274e-05
   3.45220474e+02   1.22955142e-04
   3.45220962e+02   2.51270365e-04
   3.45221451e+02   2.82198362e-05
   3.45221939e+02  -1.29783060e-04
   3.45222427e+02   9.15801065e-05
   3.45222916e+02   3.43051302e-04
   3.45223404e+02   2.89891817e-04
   3.45223892e+02   1.54136709e-04
   3.45224381e+02   1.22346217e-04
   3.45224869e+02   1.25950726e-04
   3.45225357e+02   5.82688954e-05
   3.45225846e+02  -1.80632996e-05
   3.45226334e+02  -2.19182737e-04
   3.45226822e+02  -4.54749883e-04
   3.45227311e+02  -2.60324538e-04
   3.45227799e+02   8.47455667e-05
   3.45228287e+02   8.11755308e-05
   3.45228775e+02  -1.73726105e-04
   3.45229264e+02  -2.04616023e-04
   3.45229752e+02  -4.66564743e-05
   3.45230240e+02  -1.42576508e-04
   3.45230729e+02  -1.99625269e-04
   3.45231217e+02  -1.42182864e-04
   3.45231705e+02  -1.23983846e-04
   3.45232194e+02   3.41078921e-05
   3.45232682e+02   3.02608358e-04
   3.45233170e+02   2.84887501e-04
   3.45233659e+02  -9.91494526e-05
   3.45234147e+02  -2.28685472e-04
   3.45234635e+02  -6.61081867e-05
   3.45235124e+02   9.32162584e-05
   3.45235612e+02   1.41073600e-04
   3.45236100e+02   1.79839626e-05
   3.45236589e+02  -1.88973747e-04
   3.45237077e+02   1.16350784e-05
   3.45237565e+02   4.89773694e-04
   3.45238054e+02   4.95645858e-04
   3.45238542e+02   1.66188795e-04
   3.45239030e+02  -1.45736078e-04
   3.45239518e+02  -9.53191848e-05
   3.45240007e+02   9.10478120e-05
   3.45240495e+02   1.64856698e-04
   3.45240983e+02   2.60806497e-04
   3.45241472e+02   1.95174696e-04
   3.45241960e+02   1.69875948e-05
   3.45242448e+02   7.04368504e-05
   3.45242937e+02   3.17461556e-04
   3.45243425e+02   3.05355643e-04
   3.45243913e+02   4.39725882e-05
   3.45244402e+02   1.58292823e-05
   3.45244890e+02   1.23393722e-04
   3.45245378e+02   2.23729385e-05
   3.45245867e+02  -9.82923157e-05
   3.45246355e+02  -2.10941609e-04
   3.45246843e+02  -2.27114113e-04
   3.45247332e+02  -6.01344391e-06
   3.45247820e+02   9.57209413e-05
   3.45248308e+02   1.23643258e-04
   3.45248797e+02   1.21786798e-04
   3.45249285e+02   2.62706046e-04
   3.45249773e+02   3.97411612e-04
   3.45250262e+02   2.52520433e-04
   3.45250750e+02   2.32786624e-05
   3.45251238e+02  -1.35645489e-04
   3.45251726e+02  -1.93712884e-04
   3.45252215e+02  -2.69991811e-04
   3.45252703e+02  -1.31029185e-04
   3.45253191e+02   8.67778726e-05
   3.45253680e+02   4.28099629e-05
   3.45254168e+02  -2.57280597e-04
   3.45254656e+02  -3.53299460e-04
   3.45255145e+02  -9.50957256e-05
   3.45255633e+02   3.03866182e-05
   3.45256121e+02   2.66509105e-05
   3.45256610e+02  -9.50321628e-05
   3.45257098e+02  -2.69410928e-04
   3.45257586e+02  -2.19290785e-04
   3.45258075e+02   6.92709509e-05
   3.45258563e+02  -4.16518697e-06
   3.45259051e+02  -5.01470604e-05
   3.45259540e+02   2.90828029e-04
   3.45260028e+02   3.54018237e-04
   3.45260516e+02   1.86297220e-05
   3.45261005e+02  -1.14825758e-04
   3.45261493e+02   8.14570521e-05
   3.45261981e+02  -1.45985287e-05
   3.45262469e+02  -2.75232625e-04
   3.45262958e+02  -3.35634249e-04
   3.45263446e+02  -2.83491390e-04
   3.45263934e+02  -1.03029917e-04
   3.45264423e+02   2.00817914e-04
   3.45264911e+02   4.23267862e-04
   3.45265399e+02   4.61788761e-04
   3.45265888e+02   1.08993372e-04
   3.45266376e+02  -3.18878301e-04
   3.45266864e+02  -2.53494858e-04
   3.45267353e+02   7.97452412e-06
   3.45267841e+02   1.37529598e-04
   3.45268329e+02   1.50853637e-04
   3.45268818e+02  -9.07050053e-05
   3.45269306e+02  -7.14171256e-05
   3.45269794e+02   1.67849255e-04
   3.45270283e+02   1.73846784e-05
   3.45270771e+02  -4.77512629e-04
   3.45271259e+02  -8.15245323e-04
   3.45271748e+02  -5.17217733e-04
   3.45272236e+02  -1.07979278e-04
   3.45272724e+02  -1.32261857e-05
   3.45273212e+02   1.39434760e-05
   3.45273701e+02   1.42377859e-04
   3.45274189e+02   2.84266789e-05
   3.45274677e+02  -4.07998341e-05
   3.45275166e+02   5.60176704e-05
   3.45275654e+02   7.32568806e-05
   3.45276142e+02   2.25871001e-04
   3.45276631e+02   2.79034808e-04
   3.45277119e+02  -8.26524993e-05
   3.45277607e+02  -4.56207868e-04
   3.45278096e+02  -2.78480438e-04
   3.45278584e+02   4.89659542e-05
   3.45279072e+02   4.20739671e-05
   3.45279561e+02  -5.06375945e-05
   3.45280049e+02  -8.45842806e-05
   3.45280537e+02  -4.55341942e-05
   3.45281026e+02   9.78164389e-05
   3.45281514e+02   3.45758745e-04
   3.45282002e+02   2.61667039e-04
   3.45282491e+02  -1.40097720e-04
   3.45282979e+02  -3.15091573e-04
   3.45283467e+02  -1.32360801e-04
   3.45283956e+02   1.19946635e-04
   3.45284444e+02   1.46864753e-04
   3.45284932e+02  -4.85715645e-05
   3.45285420e+02  -7.43468263e-05
   3.45285909e+02   1.24999235e-04
   3.45286397e+02   2.32593506e-04
   3.45286885e+02   2.67780211e-04
   3.45287374e+02   2.77641258e-04
   3.45287862e+02   6.37445264e-05
   3.45288350e+02  -2.20742713e-05
   3.45288839e+02   2.90246069e-04
   3.45289327e+02   4.50184190e-04
   3.45289815e+02   2.61336332e-04
   3.45290304e+02   9.80932091e-05
   3.45290792e+02   8.20746136e-05
   3.45291280e+02   1.44612670e-04
   3.45291769e+02   1.98629961e-04
   3.45292257e+02   3.22433305e-04
   3.45292745e+02   2.65242677e-04
   3.45293234e+02  -4.62161406e-05
   3.45293722e+02  -1.58023162e-04
   3.45294210e+02  -1.54578258e-04
   3.45294699e+02  -2.25346797e-04
   3.45295187e+02  -1.61270174e-04
   3.45295675e+02   3.45355438e-05
   3.45296163e+02  -1.76415808e-04
   3.45296652e+02  -6.03971770e-04
   3.45297140e+02  -4.56323614e-04
   3.45297628e+02  -1.74902467e-04
   3.45298117e+02   4.80225426e-05
   3.45298605e+02   2.70751741e-04
   3.45299093e+02  -5.53888967e-05
   3.45299582e+02  -1.70634812e-04
   3.45300070e+02   1.22263227e-04
   3.45300558e+02   3.72813927e-04
   3.45301047e+02   5.15287044e-04
   3.45301535e+02   4.35752649e-04
   3.45302023e+02   1.11898029e-04
   3.45302512e+02  -7.17996299e-05
   3.45303000e+02   1.09230394e-04
   3.45303488e+02   3.09423631e-05
   3.45303977e+02  -2.00165930e-04
   3.45304465e+02  -1.03147533e-04
   3.45304953e+02   2.02119321e-04
   3.45305442e+02   3.85744555e-04
   3.45305930e+02   3.27264948e-04
   3.45306418e+02   2.98914732e-04
   3.45306906e+02   4.92917243e-05
   3.45307395e+02  -2.74417776e-04
   3.45307883e+02  -5.68914620e-05
   3.45308371e+02   2.53950275e-04
   3.45308860e+02   1.52532215e-04
   3.45309348e+02   1.07536271e-05
   3.45309836e+02   9.72604394e-05
   3.45310325e+02   1.89806495e-04
   3.45310813e+02   1.51334418e-04
   3.45311301e+02   2.56171887e-04
   3.45311790e+02   2.12669125e-04
   3.45312278e+02  -4.81162606e-05
   3.45312766e+02  -1.03068698e-04
   3.45313255e+02   1.80912539e-04
   3.45313743e+02   4.90560895e-04
   3.45314231e+02   2.94887664e-04
   3.45314720e+02   4.45333390e-05
   3.45315208e+02   1.76980266e-05
   3.45315696e+02  -1.02350306e-04
   3.45316185e+02  -1.30938279e-04
   3.45316673e+02  -1.71008782e-04
   3.45317161e+02  -3.23714426e-04
   3.45317650e+02  -1.35240509e-04
   3.45318138e+02   1.23066216e-04
   3.45318626e+02   9.66781517e-05
   3.45319114e+02   2.00965718e-04
   3.45319603e+02   2.58113665e-04
   3.45320091e+02  -7.34772993e-06
   3.45320579e+02  -3.04920366e-04
   3.45321068e+02  -2.37421453e-04
   3.45321556e+02   1.03385668e-04
   3.45322044e+02   2.91033124e-04
   3.45322533e+02   3.99264914e-04
   3.45323021e+02   4.56229434e-04
   3.45323509e+02   8.67743984e-06
   3.45323998e+02  -2.77585961e-04
   3.45324486e+02   1.20255085e-04
   3.45324974e+02   3.03515641e-04
   3.45325463e+02  -6.38942074e-05
   3.45325951e+02  -1.25974271e-04
   3.45326439e+02   2.60540342e-04
   3.45326928e+02   2.88366282e-04
   3.45327416e+02  -1.12109432e-04
   3.45327904e+02  -2.78220599e-04
   3.45328393e+02  -2.17743232e-04
   3.45328881e+02  -5.53655664e-05
   3.45329369e+02   1.30507760e-04
   3.45329857e+02   1.00029894e-04
   3.45330346e+02   4.12605841e-05
   3.45330834e+02   6.55575132e-05
   3.45331322e+02   1.61701919e-05
   3.45331811e+02   1.49913845e-04
   3.45332299e+02   3.27751535e-04
   3.45332787e+02   1.16120631e-04
   3.45333276e+02  -2.17796096e-05
   3.45333764e+02   1.68170081e-05
   3.45334252e+02  -1.21678720e-04
   3.45334741e+02  -2.28170364e-04
   3.45335229e+02  -1.70782761e-04
   3.45335717e+02  -1.53149653e-04
   3.45336206e+02  -1.87644619e-04
   3.45336694e+02  -1.39421347e-04
   3.45337182e+02   1.37408337e-04
   3.45337671e+02   3.53593816e-04
   3.45338159e+02   2.83183646e-04
   3.45338647e+02   3.05741676e-04
   3.45339136e+02   2.57946755e-04
   3.45339624e+02   9.28605587e-05
   3.45340112e+02   7.91274506e-05
   3.45340601e+02   1.35434966e-04
   3.45341089e+02   2.96210812e-04
   3.45341577e+02   1.38372605e-04
   3.45342065e+02  -3.23435524e-04
   3.45342554e+02  -3.06133472e-04
   3.45343042e+02  -8.38695196e-05
   3.45343530e+02  -9.35580465e-05
   3.45344019e+02  -7.09150554e-05
   3.45344507e+02  -3.74734759e-06
   3.45344995e+02  -5.19080313e-05
   3.45345484e+02  -2.35812535e-04
   3.45345972e+02  -1.56734081e-04
   3.45346460e+02   3.37756137e-05
   3.45346949e+02   4.68035360e-05
   3.45347437e+02   7.89687110e-05
   3.45347925e+02   5.34763021e-05
   3.45348414e+02   1.35346181e-05
   3.45348902e+02   9.93741123e-05
   3.45349390e+02   5.97114413e-05
   3.45349879e+02  -1.57208444e-04
   3.45350367e+02  -9.00281302e-05
   3.45350855e+02   1.93088257e-04
   3.45351344e+02   1.48149033e-04
   3.45351832e+02  -1.89651291e-05
   3.45352320e+02  -3.65207670e-05
   3.45352808e+02  -2.72233137e-05
   3.45353297e+02  -5.74645492e-05
   3.45353785e+02  -4.54998481e-05
   3.45354273e+02  -2.16109387e-04
   3.45354762e+02  -3.74225318e-04
   3.45355250e+02  -1.35786046e-04
   3.45355738e+02   1.96971276e-04
   3.45356227e+02   2.30047342e-04
   3.45356715e+02   9.67785309e-05
   3.45357203e+02   1.37101903e-04
   3.45357692e+02   3.13376280e-04
   3.45358180e+02   1.22130703e-04
   3.45358668e+02  -1.04389452e-04
   3.45359157e+02  -1.14014350e-04
   3.45359645e+02  -1.92448148e-04
   3.45360133e+02  -1.40940101e-04
   3.45360622e+02   1.29357271e-04
   3.45361110e+02   2.10517828e-04
   3.45361598e+02  -4.99346449e-08
   3.45362087e+02   1.46256461e-05
   3.45362575e+02   7.14597190e-05
   3.45363063e+02   3.35344157e-05
   3.45363551e+02   1.09988769e-05
   3.45364040e+02  -1.06154461e-04
   3.45364528e+02  -1.51150423e-04
   3.45365016e+02   1.27582767e-04
   3.45365505e+02   2.36790336e-04
   3.45365993e+02  -2.93539953e-04
   3.45366481e+02  -6.54303236e-04
   3.45366970e+02  -2.68154865e-04
   3.45367458e+02   4.17419760e-05
   3.45367946e+02  -4.80449562e-05
   3.45368435e+02  -7.50443007e-07
   3.45368923e+02   2.10956117e-04
   3.45369411e+02   1.67073769e-04
   3.45369900e+02  -4.33521891e-05
   3.45370388e+02  -1.56647322e-04
   3.45370876e+02  -1.84590408e-05
   3.45371365e+02   9.34728523e-05
   3.45371853e+02  -9.84492872e-05
   3.45372341e+02  -1.99717164e-04
   3.45372830e+02   1.02672211e-05
   3.45373318e+02   4.08769934e-04
   3.45373806e+02   6.02439279e-04
   3.45374295e+02   2.96186976e-04
   3.45374783e+02   1.19116427e-04
   3.45375271e+02   2.49036530e-04
   3.45375759e+02   1.11835187e-04
   3.45376248e+02  -2.19615176e-04
   3.45376736e+02  -3.84621642e-04
   3.45377224e+02  -2.72872741e-04
   3.45377713e+02   1.23587655e-04
   3.45378201e+02   3.26543581e-04
   3.45378689e+02   2.25805779e-04
   3.45379178e+02   2.56491767e-04
   3.45379666e+02   2.76317151e-04
   3.45380154e+02   6.47065735e-06
   3.45380643e+02  -3.35255681e-05
   3.45381131e+02   1.89385115e-04
   3.45381619e+02   1.49904081e-04
   3.45382108e+02  -3.31149349e-05
   3.45382596e+02  -1.03123573e-04
   3.45383084e+02   5.05974022e-05
   3.45383573e+02   3.10731120e-05
   3.45384061e+02  -2.45878677e-04
   3.45384549e+02  -2.41747184e-04
   3.45385038e+02   1.91426316e-05
   3.45385526e+02   1.69487423e-04
   3.45386014e+02  -9.85499428e-05
   3.45386502e+02  -4.26486717e-04
   3.45386991e+02  -4.18154261e-04
   3.45387479e+02  -2.94760772e-04
   3.45387967e+02  -2.96068727e-04
   3.45388456e+02  -3.16365418e-04
   3.45388944e+02  -2.05176155e-04
   3.45389432e+02   1.33727317e-05
   3.45389921e+02   2.13533815e-04
   3.45390409e+02   2.20343427e-04
   3.45390897e+02   9.51268448e-05
   3.45391386e+02  -3.43051797e-05
   3.45391874e+02  -3.87147884e-05
   3.45392362e+02   8.39326967e-05
   3.45392851e+02   9.85494698e-05
   3.45393339e+02   1.45342507e-04
   3.45393827e+02   2.42744092e-04
   3.45394316e+02   2.62358080e-04
   3.45394804e+02   9.10399976e-05
   3.45395292e+02  -1.04465580e-05
   3.45395781e+02   2.50462093e-04
   3.45396269e+02   4.03847371e-04
   3.45396757e+02   3.48159374e-04
   3.45397245e+02   1.06760395e-04
   3.45397734e+02  -1.88372986e-04
   3.45398222e+02   2.52992850e-05
   3.45398710e+02   3.45464563e-04
   3.45399199e+02   2.27794881e-04
   3.45399687e+02   1.26644654e-05
   3.45400175e+02  -1.69363586e-04
   3.45400664e+02   1.66459635e-04
   3.45401152e+02   6.68700901e-04
   3.45401640e+02   3.67498986e-04
   3.45402129e+02   3.19580795e-06
   3.45402617e+02   4.61811069e-05
   3.45403105e+02   3.22296517e-04
   3.45403594e+02   5.23524592e-04
   3.45404082e+02   2.32764200e-04
   3.45404570e+02  -1.13831200e-04
   3.45405059e+02  -7.86827222e-05
   3.45405547e+02  -9.26722787e-05
   3.45406035e+02  -1.75229434e-04
   3.45406524e+02   6.20218343e-05
   3.45407012e+02   3.11067823e-04
   3.45407500e+02   2.70143239e-04
   3.45407989e+02   1.15536888e-04
   3.45408477e+02   1.32370202e-04
   3.45408965e+02   1.53032175e-04
   3.45409453e+02  -1.01184713e-04
   3.45409942e+02  -2.10355240e-04
   3.45410430e+02  -7.05517741e-05
   3.45410918e+02  -8.50056131e-06
   3.45411407e+02  -2.05610981e-04
   3.45411895e+02  -4.89001861e-04
   3.45412383e+02  -4.72837652e-04
   3.45412872e+02  -1.78417831e-04
   3.45413360e+02   2.89961434e-04
   3.45413848e+02   4.04836668e-04
   3.45414337e+02   5.44047398e-05
   3.45414825e+02  -1.02583974e-04
   3.45415313e+02  -9.39815582e-05
   3.45415802e+02  -5.54484031e-05
   3.45416290e+02   6.02170403e-05
   3.45416778e+02   3.68462752e-05
   3.45417267e+02   2.67843105e-04
   3.45417755e+02   3.79806675e-04
   3.45418243e+02  -5.72833142e-06
   3.45418732e+02  -9.20589955e-05
   3.45419220e+02   3.92259069e-04
   3.45419708e+02   2.41250891e-04
   3.45420196e+02  -2.17293767e-04
   3.45420685e+02  -4.11330373e-04
   3.45421173e+02  -1.90168386e-04
   3.45421661e+02  -2.03707041e-05
   3.45422150e+02  -4.94641899e-05
   3.45422638e+02  -1.35832714e-04
   3.45423126e+02  -2.67024647e-04
   3.45423615e+02  -3.42436077e-04
   3.45424103e+02  -3.87046864e-04
   3.45424591e+02  -1.46934268e-04
   3.45425080e+02   1.36102724e-04
   3.45425568e+02   8.37121552e-05
   3.45426056e+02  -1.05479558e-04
   3.45426545e+02  -3.27768212e-05
   3.45427033e+02   3.08166418e-05
   3.45427521e+02  -1.67974664e-04
   3.45428010e+02  -9.15337951e-05
   3.45428498e+02  -2.13589738e-05
   3.45428986e+02  -1.76971851e-04
   3.45429475e+02  -2.81983757e-05
   3.45429963e+02   1.11293273e-04
   3.45430451e+02  -4.46477970e-05
   3.45430939e+02  -2.61925510e-04
   3.45431428e+02  -1.34529313e-04
   3.45431916e+02   2.62282498e-04
   3.45432404e+02   2.20206290e-04
   3.45432893e+02   1.62883473e-04
   3.45433381e+02   1.83495678e-04
   3.45433869e+02   7.63245334e-05
   3.45434358e+02   1.79905124e-04
   3.45434846e+02   3.15320794e-04
   3.45435334e+02   4.61484422e-04
   3.45435823e+02   3.07895563e-04
   3.45436311e+02  -1.04053761e-04
   3.45436799e+02  -1.27582083e-04
   3.45437288e+02   1.30973247e-04
   3.45437776e+02   2.46507407e-04
   3.45438264e+02   3.36611352e-04
   3.45438753e+02   3.31956253e-04
   3.45439241e+02   1.72086278e-04
   3.45439729e+02   1.18811186e-04
   3.45440218e+02  -4.64516143e-06
   3.45440706e+02  -5.79135922e-05
   3.45441194e+02   6.14855453e-05
   3.45441683e+02   1.04461513e-04
   3.45442171e+02   8.17536857e-05
   3.45442659e+02   2.19843550e-05
   3.45443147e+02   1.35629758e-04
   3.45443636e+02   2.28790479e-04
   3.45444124e+02  -7.94542793e-05
   3.45444612e+02  -1.33285997e-04
   3.45445101e+02   6.09833478e-05
   3.45445589e+02   7.55421279e-05
   3.45446077e+02   1.46527324e-04
   3.45446566e+02   1.48323146e-04
   3.45447054e+02  -1.95670960e-04
   3.45447542e+02  -4.57881659e-04
   3.45448031e+02  -2.87860341e-04
   3.45448519e+02   9.53801791e-05
   3.45449007e+02   2.48147640e-04
   3.45449496e+02   7.57411399e-05
   3.45449984e+02  -1.06721993e-04
   3.45450472e+02  -1.06013213e-04
   3.45450961e+02  -2.67342148e-05
   3.45451449e+02  -2.29854468e-05
   3.45451937e+02  -1.07957632e-04
   3.45452426e+02  -2.16392815e-04
   3.45452914e+02  -1.45203376e-04
   3.45453402e+02   7.79178154e-05
   3.45453890e+02   2.66980991e-04
   3.45454379e+02   2.33726649e-04
   3.45454867e+02   1.12662194e-04
   3.45455355e+02   2.80415581e-04
   3.45455844e+02   4.96652036e-04
   3.45456332e+02   4.74610133e-04
   3.45456820e+02   2.76772131e-04
   3.45457309e+02   1.05158178e-04
   3.45457797e+02   9.63726998e-05
   3.45458285e+02  -9.14610282e-05
   3.45458774e+02  -2.48516706e-04
   3.45459262e+02  -1.94289678e-04
   3.45459750e+02  -1.86752310e-04
   3.45460239e+02  -3.61650405e-06
   3.45460727e+02   2.14293250e-04
   3.45461215e+02   4.77138856e-05
   3.45461704e+02  -3.30644660e-04
   3.45462192e+02  -2.57969339e-04
   3.45462680e+02   1.30634682e-04
   3.45463169e+02   1.93426546e-04
   3.45463657e+02   6.99062548e-06
   3.45464145e+02  -1.13745882e-05
   3.45464633e+02   1.26379782e-05
   3.45465122e+02  -6.57616038e-05
   3.45465610e+02  -1.30767539e-05
   3.45466098e+02   3.90079695e-05
   3.45466587e+02  -1.44404054e-04
   3.45467075e+02  -3.34878365e-04
   3.45467563e+02  -2.83235800e-04
   3.45468052e+02   2.07076846e-05
   3.45468540e+02   1.93721746e-04
   3.45469028e+02  -2.93770245e-05
   3.45469517e+02   3.89185061e-06
   3.45470005e+02   1.57046059e-04
   3.45470493e+02   1.30379747e-04
   3.45470982e+02   1.88202495e-04
   3.45471470e+02   2.30402860e-04
   3.45471958e+02   9.23888365e-05
   3.45472447e+02  -1.69446153e-04
   3.45472935e+02  -2.55174062e-04
   3.45473423e+02  -2.17293258e-04
   3.45473912e+02  -3.56984732e-04
   3.45474400e+02  -2.10446655e-04
   3.45474888e+02   2.21459977e-05
   3.45475377e+02  -4.33198948e-05
   3.45475865e+02   3.59924772e-04
   3.45476353e+02   6.44794374e-04
   3.45476841e+02   2.45407398e-04
   3.45477330e+02  -2.78308464e-04
   3.45477818e+02  -2.37001601e-04
   3.45478306e+02   9.88718239e-05
   3.45478795e+02   4.23326594e-04
   3.45479283e+02   5.31058991e-04
   3.45479771e+02   2.20711998e-04
   3.45480260e+02  -1.65376550e-04
   3.45480748e+02  -3.57895362e-04
   3.45481236e+02  -4.62082273e-04
   3.45481725e+02  -5.27066877e-04
   3.45482213e+02  -4.02246020e-04
   3.45482701e+02  -1.91149084e-04
   3.45483190e+02  -6.94650298e-05
   3.45483678e+02   2.09156511e-04
   3.45484166e+02   2.72841367e-04
   3.45484655e+02   1.02166145e-04
   3.45485143e+02   1.50904525e-04
   3.45485631e+02   2.18554138e-04
   3.45486120e+02   1.74333545e-04
   3.45486608e+02   1.68474842e-04
   3.45487096e+02   1.39526353e-04
   3.45487584e+02  -1.07289388e-05
   3.45488073e+02  -1.11237408e-04
   3.45488561e+02  -8.36842664e-05
   3.45489049e+02  -7.45689031e-05
   3.45489538e+02   7.62861309e-05
   3.45490026e+02   3.72642418e-04
   3.45490514e+02   3.58855061e-04
   3.45491003e+02  -1.04602886e-05
   3.45491491e+02  -8.98267608e-05
   3.45491979e+02  -4.57464885e-05
   3.45492468e+02  -2.07748802e-04
   3.45492956e+02  -7.80088958e-05
   3.45493444e+02   1.74669869e-04
   3.45493933e+02   1.71530628e-04
   3.45494421e+02   1.99335831e-04
   3.45494909e+02   6.61197846e-05
   3.45495398e+02  -1.28705244e-04
   3.45495886e+02  -1.28213142e-04
   3.45496374e+02  -7.65918230e-05
   3.45496863e+02   8.42565132e-05
   3.45497351e+02   1.56256850e-04
   3.45497839e+02  -7.95769229e-05
   3.45498328e+02  -1.40419404e-04
   3.45498816e+02   1.93917251e-04
   3.45499304e+02   3.84727144e-04
   3.45499792e+02   4.36285947e-04
   3.45500281e+02   4.21324861e-04
   3.45500769e+02   1.04811974e-04
   3.45501257e+02  -4.55871213e-06
   3.45501746e+02   2.26040007e-04
   3.45502234e+02   1.80593241e-04
   3.45502722e+02   2.45167539e-05
   3.45503211e+02   1.67061036e-04
   3.45503699e+02   2.82670691e-04
   3.45504187e+02   6.25496614e-05
   3.45504676e+02  -2.16573637e-04
   3.45505164e+02  -2.70455814e-04
   3.45505652e+02  -2.08989368e-04
   3.45506141e+02  -1.88720791e-04
   3.45506629e+02  -4.77331341e-05
   3.45507117e+02   2.03441698e-04
   3.45507606e+02   8.93973411e-05
   3.45508094e+02  -7.60782859e-05
   3.45508582e+02   1.31431836e-04
   3.45509071e+02   3.35381745e-04
   3.45509559e+02   2.45961186e-04
   3.45510047e+02  -9.14379780e-05
   3.45510535e+02  -2.23704046e-04
   3.45511024e+02   2.05418037e-05
   3.45511512e+02   2.63942376e-04
   3.45512000e+02   1.80111179e-04
   3.45512489e+02  -1.43465644e-04
   3.45512977e+02   5.03036063e-05
   3.45513465e+02   3.49230948e-04
   3.45513954e+02   1.38069823e-04
   3.45514442e+02   1.39111698e-05
   3.45514930e+02   8.41024666e-05
   3.45515419e+02   1.46042294e-04
   3.45515907e+02   1.11839530e-04
   3.45516395e+02  -1.14605777e-04
   3.45516884e+02  -1.41508863e-04
   3.45517372e+02  -6.71722082e-05
   3.45517860e+02  -2.92267850e-05
   3.45518349e+02   1.32515604e-04
   3.45518837e+02   1.13397960e-04
   3.45519325e+02   1.13157944e-06
   3.45519814e+02  -1.76109388e-05
   3.45520302e+02   9.34008422e-05
   3.45520790e+02   3.60284284e-05
   3.45521278e+02  -4.35311726e-04
   3.45521767e+02  -3.79167584e-04
   3.45522255e+02   1.81623516e-04
   3.45522743e+02   4.30888409e-04
   3.45523232e+02   4.66139289e-04
   3.45523720e+02   2.95064994e-04
   3.45524208e+02  -1.09748791e-04
   3.45524697e+02  -2.80683365e-04
   3.45525185e+02  -2.91472970e-04
   3.45525673e+02  -4.25245467e-04
   3.45526162e+02  -3.82243306e-04
   3.45526650e+02  -1.94580454e-04
   3.45527138e+02  -1.36089802e-04
   3.45527627e+02  -1.86713820e-04
   3.45528115e+02  -1.59185292e-04
   3.45528603e+02   6.30026407e-05
   3.45529092e+02   2.53664824e-04
   3.45529580e+02   2.08552214e-04
   3.45530068e+02  -8.79981599e-05
   3.45530557e+02  -2.41432761e-04
   3.45531045e+02  -5.40184556e-05
   3.45531533e+02   1.00370758e-04
   3.45532022e+02   1.51598550e-04
   3.45532510e+02   1.39056327e-04
   3.45532998e+02   4.81025563e-06
   3.45533486e+02  -5.87983886e-05
   3.45533975e+02  -4.50910193e-06
   3.45534463e+02   1.95872446e-04
   3.45534951e+02   4.32454428e-04
   3.45535440e+02   2.83208094e-04
   3.45535928e+02   3.72753493e-05
   3.45536416e+02   1.22872603e-04
   3.45536905e+02  -1.48045161e-04
   3.45537393e+02  -2.98766565e-04
   3.45537881e+02  -9.65941581e-05
   3.45538370e+02   6.42432278e-05
   3.45538858e+02   1.15642681e-04
   3.45539346e+02   1.87026075e-04
   3.45539835e+02   2.55277642e-04
   3.45540323e+02   1.62596974e-04
   3.45540811e+02  -4.77741269e-05
   3.45541300e+02  -1.71801134e-04
   3.45541788e+02  -1.04533916e-04
   3.45542276e+02  -5.53735263e-05
   3.45542765e+02  -1.07015308e-04
   3.45543253e+02  -3.45783810e-05
   3.45543741e+02   1.90019273e-04
   3.45544229e+02   3.16803023e-04
   3.45544718e+02   1.69585255e-04
   3.45545206e+02  -9.73014394e-05
   3.45545694e+02  -1.02065736e-04
   3.45546183e+02   1.50081265e-04
   3.45546671e+02   4.42242861e-04
   3.45547159e+02   7.64688477e-04
   3.45547648e+02   6.63344050e-04
   3.45548136e+02  -2.66544594e-05
   3.45548624e+02  -5.11527469e-04
   3.45549113e+02  -3.50844610e-04
   3.45549601e+02   1.03878192e-04
   3.45550089e+02   3.55938246e-04
   3.45550578e+02   3.72005044e-04
   3.45551066e+02   9.60387406e-05
   3.45551554e+02  -2.51629215e-04
   3.45552043e+02  -1.67152713e-04
   3.45552531e+02   1.29813954e-04
   3.45553019e+02   2.13453968e-04
   3.45553508e+02   9.42225015e-05
   3.45553996e+02  -2.01158240e-04
   3.45554484e+02  -5.84589608e-04
   3.45554972e+02  -6.01658132e-04
   3.45555461e+02  -3.45989334e-04
   3.45555949e+02  -4.75976194e-05
   3.45556437e+02   6.14132005e-05
   3.45556926e+02  -9.06943169e-05
   3.45557414e+02  -1.03105878e-04
   3.45557902e+02  -1.02323938e-04
   3.45558391e+02   4.52036011e-06
   3.45558879e+02   2.93147663e-04
   3.45559367e+02   2.47436372e-04
   3.45559856e+02  -2.38116604e-06
   3.45560344e+02   6.70472291e-05
   3.45560832e+02   1.95777233e-04
   3.45561321e+02   1.25839244e-04
   3.45561809e+02   7.46378719e-05
   3.45562297e+02   1.51128523e-04
   3.45562786e+02   2.01696195e-04
   3.45563274e+02   1.03934588e-04
   3.45563762e+02  -1.34531176e-04
   3.45564251e+02  -1.71015869e-04
   3.45564739e+02  -1.56506634e-04
   3.45565227e+02  -3.18700302e-04
   3.45565716e+02  -2.51943828e-04
   3.45566204e+02   9.71449117e-05
   3.45566692e+02   1.70723200e-04
   3.45567180e+02   5.39915447e-07
   3.45567669e+02   9.73236529e-05
   3.45568157e+02   2.55809893e-04
   3.45568645e+02   2.06388082e-04
   3.45569134e+02   2.55447434e-04
   3.45569622e+02   3.61623388e-04
   3.45570110e+02   2.90267897e-04
   3.45570599e+02   1.39044903e-04
   3.45571087e+02  -3.07123009e-05
   3.45571575e+02  -1.82650256e-04
   3.45572064e+02  -2.09161444e-04
   3.45572552e+02  -1.51842323e-04
   3.45573040e+02  -1.09818131e-04
   3.45573529e+02  -3.37522470e-05
   3.45574017e+02   6.59103098e-05
   3.45574505e+02  -2.88975343e-07
   3.45574994e+02  -1.63314937e-04
   3.45575482e+02   1.81312553e-05
   3.45575970e+02   1.58433177e-04
   3.45576459e+02  -8.01711358e-05
   3.45576947e+02  -1.38657022e-04
   3.45577435e+02   1.32628062e-04
   3.45577923e+02   2.11499573e-04
   3.45578412e+02   8.69954383e-05
   3.45578900e+02  -5.94879566e-05
   3.45579388e+02  -1.60249823e-04
   3.45579877e+02   5.88571856e-05
   3.45580365e+02   1.69639083e-04
   3.45580853e+02   4.27136802e-05
   3.45581342e+02   2.33590326e-04
   3.45581830e+02   3.48150963e-04
   3.45582318e+02   5.12349143e-05
   3.45582807e+02  -9.38809899e-05
   3.45583295e+02  -3.23864260e-05
   3.45583783e+02  -1.20907833e-04
   3.45584272e+02  -1.96362264e-04
   3.45584760e+02   3.29227369e-05
   3.45585248e+02   6.20633291e-05
   3.45585737e+02  -2.43109418e-04
   3.45586225e+02  -1.80499876e-04
   3.45586713e+02   1.66561567e-05
   3.45587202e+02  -1.10081724e-04
   3.45587690e+02  -1.54640482e-04
   3.45588178e+02   2.77396393e-05
   3.45588666e+02   1.98004913e-04
   3.45589155e+02   1.67112230e-04
   3.45589643e+02  -1.28573840e-04
   3.45590131e+02  -1.28118394e-04
   3.45590620e+02   2.18899586e-04
   3.45591108e+02   1.33264708e-04
   3.45591596e+02  -1.55322967e-04
   3.45592085e+02  -2.54729148e-05
   3.45592573e+02   1.82726653e-04
   3.45593061e+02  -8.41504288e-07
   3.45593550e+02  -2.73438112e-04
   3.45594038e+02  -4.87254118e-04
   3.45594526e+02  -2.38189969e-04
   3.45595015e+02   3.43805041e-05
   3.45595503e+02  -7.97510511e-05
   3.45595991e+02  -4.93733496e-05
   3.45596480e+02  -7.95722517e-05
   3.45596968e+02  -2.71777681e-05
   3.45597456e+02   3.18699487e-04
   3.45597945e+02   6.33628282e-04
   3.45598433e+02   7.94901163e-04
   3.45598921e+02   1.09162298e-03
   3.45599410e+02   1.66556449e-03
   3.45599898e+02   2.30269204e-03
   3.45600386e+02   2.52456078e-03
   3.45600874e+02   2.65754620e-03
   3.45601363e+02   3.65085714e-03
   3.45601851e+02   5.25916182e-03
   3.45602339e+02   7.36470381e-03
   3.45602828e+02   1.05968919e-02
   3.45603316e+02   1.34711806e-02
   3.45603804e+02   9.17353574e-03
   3.45604293e+02  -2.82179448e-03
   3.45604781e+02  -1.11891739e-02
   3.45605269e+02  -1.45462500e-02
   3.45605758e+02  -1.28988232e-02
   3.45606246e+02  -3.90351331e-03
   3.45606734e+02   5.10883424e-03
   3.45607223e+02   1.06668500e-02
   3.45607711e+02   7.81953428e-03
   3.45608199e+02   5.16208075e-03
   3.45608688e+02   3.62749049e-03
   3.45609176e+02   2.71730893e-03
   3.45609664e+02   2.04070704e-03
   3.45610153e+02   1.47572358e-03
   3.45610641e+02   9.96239483e-04
   3.45611129e+02   6.52089075e-04
   3.45611617e+02   4.86085570e-04
   3.45612106e+02   2.37132219e-04
   3.45612594e+02   1.89761020e-04
   3.45613082e+02   3.69839807e-04
   3.45613571e+02   4.44310892e-04
   3.45614059e+02   4.30919463e-04
   3.45614547e+02   4.02598002e-04
   3.45615036e+02   3.18220933e-04
   3.45615524e+02   8.68836287e-05
   3.45616012e+02  -1.81709765e-04
   3.45616501e+02  -1.83537573e-04
   3.45616989e+02  -8.26912292e-05
   3.45617477e+02   1.12754467e-04
   3.45617966e+02   3.21814208e-04
   3.45618454e+02   3.22971056e-04
   3.45618942e+02   1.67594349e-04
   3.45619431e+02  -8.65077600e-05
   3.45619919e+02  -1.98849535e-04
   3.45620407e+02  -1.06380594e-05
   3.45620896e+02  -5.96005775e-05
   3.45621384e+02  -1.73277411e-04
   3.45621872e+02   8.94213154e-05
   3.45622360e+02   8.41493602e-05
   3.45622849e+02  -2.04369091e-04
   3.45623337e+02  -2.66928371e-04
   3.45623825e+02  -1.91998624e-04
   3.45624314e+02  -2.87193514e-04
   3.45624802e+02  -4.22595709e-04
   3.45625290e+02  -3.40175844e-04
   3.45625779e+02   7.03766491e-05
   3.45626267e+02   2.07381541e-04
   3.45626755e+02  -1.66936574e-04
   3.45627244e+02  -2.49521021e-04
   3.45627732e+02   5.86928727e-05
   3.45628220e+02   1.35536306e-04
   3.45628709e+02  -4.56128037e-05
   3.45629197e+02  -1.46040285e-04
   3.45629685e+02  -6.02376131e-05
   3.45630174e+02   1.57369956e-04
   3.45630662e+02   3.21882224e-04
   3.45631150e+02   3.20650550e-04
   3.45631639e+02   2.48943106e-04
   3.45632127e+02   2.79052649e-04
   3.45632615e+02   7.19672607e-05
   3.45633104e+02  -1.83046286e-04
   3.45633592e+02   5.71863930e-05
   3.45634080e+02   2.92827172e-04
   3.45634568e+02   2.86502240e-04
   3.45635057e+02   2.31589627e-04
   3.45635545e+02   2.56859814e-04
   3.45636033e+02   2.51308666e-04
   3.45636522e+02   1.09650508e-04
   3.45637010e+02  -6.40188882e-05
   3.45637498e+02  -1.31687848e-04
   3.45637987e+02  -1.30551120e-06
   3.45638475e+02   2.00861075e-04
   3.45638963e+02   2.27017998e-04
   3.45639452e+02   1.38280782e-04
   3.45639940e+02   7.34058485e-05
   3.45640428e+02   9.17924481e-05
   3.45640917e+02   6.64388972e-06
   3.45641405e+02  -1.39431213e-04
   3.45641893e+02  -6.74692783e-05
   3.45642382e+02  -1.31635434e-05
   3.45642870e+02  -2.05365810e-04
   3.45643358e+02  -2.52732978e-04
   3.45643847e+02   2.13236388e-04
   3.45644335e+02   4.51362983e-04
   3.45644823e+02   1.16790266e-04
   3.45645311e+02  -9.69515313e-05
   3.45645800e+02   3.10673022e-05
   3.45646288e+02   2.13887426e-04
   3.45646776e+02   1.67874881e-04
   3.45647265e+02   1.57677696e-05
   3.45647753e+02  -1.85576209e-04
   3.45648241e+02  -4.15432471e-04
   3.45648730e+02  -2.78081163e-04
   3.45649218e+02   9.64576611e-05
   3.45649706e+02   2.27455428e-04
   3.45650195e+02   1.85369099e-05
   3.45650683e+02  -1.05710460e-04
   3.45651171e+02   1.32892674e-04
   3.45651660e+02   2.31974176e-04
   3.45652148e+02   1.74519882e-04
   3.45652636e+02   1.20348588e-04
   3.45653125e+02  -1.28743050e-04
   3.45653613e+02  -3.21506610e-04
   3.45654101e+02  -2.14695785e-04
   3.45654590e+02  -4.25557846e-05
   3.45655078e+02   1.60276504e-05
   3.45655566e+02   3.13376368e-05
   3.45656055e+02  -3.85603889e-05
   3.45656543e+02   3.11441436e-05
   3.45657031e+02   1.84830540e-04
   3.45657519e+02   2.96698941e-04
   3.45658008e+02   3.74566473e-04
   3.45658496e+02   7.55328292e-05
   3.45658984e+02  -3.87078384e-04
   3.45659473e+02  -4.77147318e-04
   3.45659961e+02  -3.77559656e-04
   3.45660449e+02  -3.80699174e-04
   3.45660938e+02  -2.09536258e-04
   3.45661426e+02   1.17066280e-04
   3.45661914e+02   5.22230475e-05
   3.45662403e+02  -1.41736586e-04
   3.45662891e+02  -2.02392635e-04
   3.45663379e+02  -3.29693314e-04
   3.45663868e+02  -3.04633897e-04
   3.45664356e+02  -2.50003795e-04
   3.45664844e+02  -3.43549880e-04
   3.45665333e+02  -4.23423946e-04
   3.45665821e+02  -3.64844105e-04
   3.45666309e+02  -3.37442936e-04
   3.45666798e+02  -5.14096930e-04
   3.45667286e+02  -1.70411862e-04
   3.45667774e+02   4.30357642e-04
   3.45668262e+02   1.65516176e-04
   3.45668751e+02  -3.66919965e-04
   3.45669239e+02  -3.75736388e-04
   3.45669727e+02  -2.37609827e-04
   3.45670216e+02  -9.02285901e-05
   3.45670704e+02  -8.51792720e-05
   3.45671192e+02  -7.82155985e-05
   3.45671681e+02   9.46729779e-05
   3.45672169e+02   1.82892371e-04
   3.45672657e+02   3.83058832e-05
   3.45673146e+02  -1.32728048e-04
   3.45673634e+02   4.15551549e-05
   3.45674122e+02   7.26743965e-05
   3.45674611e+02  -1.00329547e-04
   3.45675099e+02  -8.17056207e-05
   3.45675587e+02   1.17825861e-04
   3.45676076e+02   1.66703947e-04
   3.45676564e+02  -2.97441165e-05
   3.45677052e+02  -3.54291085e-04
   3.45677541e+02  -3.44049564e-04
   3.45678029e+02   4.68275757e-05
   3.45678517e+02  -3.35168552e-05
   3.45679005e+02  -3.71961825e-04
   3.45679494e+02  -3.40039260e-04
   3.45679982e+02  -3.18450009e-04
   3.45680470e+02  -3.15160054e-04
   3.45680959e+02  -5.24897405e-05
   3.45681447e+02   2.09914360e-04
   3.45681935e+02   1.54317051e-04
   3.45682424e+02  -9.16732552e-06
   3.45682912e+02  -1.28234606e-04
   3.45683400e+02  -2.03566015e-04
   3.45683889e+02  -1.48474763e-04
   3.45684377e+02  -1.62274009e-04
   3.45684865e+02  -1.82108211e-04
   3.45685354e+02   1.42398567e-05
   3.45685842e+02   1.07620639e-04
   3.45686330e+02   4.84526972e-05
   3.45686819e+02  -1.65489080e-04
   3.45687307e+02  -3.88955610e-04
   3.45687795e+02  -3.19013081e-04
   3.45688284e+02   1.05222753e-04
   3.45688772e+02   3.18508100e-04
   3.45689260e+02  -2.18945388e-05
   3.45689749e+02  -2.72552134e-04
   3.45690237e+02  -3.50052520e-04
   3.45690725e+02  -4.07427928e-04
   3.45691213e+02  -1.23849750e-04
   3.45691702e+02   2.01402261e-04
   3.45692190e+02   2.93354999e-04
   3.45692678e+02   2.75337923e-04
   3.45693167e+02   2.21211332e-04
   3.45693655e+02   1.82503063e-04
   3.45694143e+02   6.60081350e-05
   3.45694632e+02  -1.12658410e-04
   3.45695120e+02   4.85813398e-05
   3.45695608e+02   2.70407560e-04
   3.45696097e+02   7.28654559e-05
   3.45696585e+02  -8.93946562e-05
   3.45697073e+02  -2.35301995e-05
   3.45697562e+02  -3.16522237e-05
   3.45698050e+02  -6.78710712e-05
   3.45698538e+02  -1.56892929e-05
   3.45699027e+02  -1.50890235e-04
   3.45699515e+02  -3.38648446e-04
   3.45700003e+02  -1.09000641e-04
   3.45700492e+02   6.49318608e-05
   3.45700980e+02   2.49388950e-06
   3.45701468e+02  -4.38041570e-05
   3.45701956e+02  -1.66890561e-04
   3.45702445e+02  -2.32404622e-04
   3.45702933e+02  -9.71287809e-05
   3.45703421e+02   1.65661972e-04
   3.45703910e+02   2.14135827e-04
   3.45704398e+02  -4.78380171e-05
   3.45704886e+02  -1.22308484e-04
   3.45705375e+02   9.27168658e-05
   3.45705863e+02   1.74126064e-04
   3.45706351e+02   7.87542813e-05
   3.45706840e+02  -1.41861557e-04
   3.45707328e+02  -2.13685795e-04
   3.45707816e+02  -1.43197949e-05
   3.45708305e+02   4.78695711e-06
   3.45708793e+02   6.10776988e-05
   3.45709281e+02   2.80712738e-05
   3.45709770e+02  -1.06317573e-04
   3.45710258e+02   3.22220258e-05
   3.45710746e+02   4.06264844e-05
   3.45711235e+02  -2.01505929e-04
   3.45711723e+02   1.13169663e-04
   3.45712211e+02   4.27858293e-04
   3.45712699e+02   2.96108366e-04
   3.45713188e+02   1.90582941e-04
   3.45713676e+02   1.83426266e-04
   3.45714164e+02   1.05210136e-04
   3.45714653e+02   8.53190504e-05
   3.45715141e+02   2.64476344e-04
   3.45715629e+02   2.46763026e-04
   3.45716118e+02  -8.00577538e-07
   3.45716606e+02   2.19200920e-05
   3.45717094e+02   6.36799668e-05
   3.45717583e+02   1.78376606e-04
   3.45718071e+02   1.86799647e-04
   3.45718559e+02  -1.34403759e-04
   3.45719048e+02  -2.58252956e-04
   3.45719536e+02  -1.54258654e-04
   3.45720024e+02  -1.28036729e-04
   3.45720513e+02  -1.57067116e-04
   3.45721001e+02  -2.05566030e-04
   3.45721489e+02  -2.39318033e-04
   3.45721978e+02  -2.66439893e-04
   3.45722466e+02  -1.92072723e-04
   3.45722954e+02  -6.20774226e-05
   3.45723443e+02   4.90742168e-05
   3.45723931e+02   7.19972304e-05
   3.45724419e+02   1.64251287e-06
   3.45724907e+02   5.97086512e-07
   3.45725396e+02  -9.89732289e-05
   3.45725884e+02  -2.93301448e-04
   3.45726372e+02  -3.51940143e-05
   3.45726861e+02   2.11841616e-04
   3.45727349e+02  -4.57096539e-05
   3.45727837e+02  -2.21932743e-04
   3.45728326e+02  -1.48944368e-04
   3.45728814e+02  -4.85711935e-05
   3.45729302e+02  -2.20724942e-05
   3.45729791e+02  -2.29785528e-05
   3.45730279e+02   1.20537537e-04
   3.45730767e+02   2.71050230e-04
   3.45731256e+02   1.27576001e-04
   3.45731744e+02  -7.32417029e-05
   3.45732232e+02  -5.40121036e-05
   3.45732721e+02  -7.04302607e-08
   3.45733209e+02   1.38641699e-04
   3.45733697e+02   3.68520239e-04
   3.45734186e+02   2.44877912e-04
   3.45734674e+02  -1.42053002e-04
   3.45735162e+02  -2.73118814e-04
   3.45735650e+02  -1.48872627e-04
   3.45736139e+02  -9.23279222e-05
   3.45736627e+02  -2.30555699e-04
   3.45737115e+02  -2.94698897e-04
   3.45737604e+02  -1.70780331e-04
   3.45738092e+02  -5.08987250e-05
   3.45738580e+02   1.02085665e-04
   3.45739069e+02   1.69598192e-04
   3.45739557e+02  -7.14535563e-05
   3.45740045e+02  -3.30024370e-04
   3.45740534e+02  -1.85210301e-04
   3.45741022e+02   7.13960835e-05
   3.45741510e+02   6.25110333e-05
   3.45741999e+02  -7.73488573e-05
   3.45742487e+02  -2.31464161e-04
   3.45742975e+02  -2.39066532e-04
   3.45743464e+02  -1.35442591e-04
   3.45743952e+02   4.24157624e-05
   3.45744440e+02   5.38107124e-05
   3.45744929e+02   1.17457981e-04
   3.45745417e+02   4.47796367e-04
   3.45745905e+02   3.28393420e-04
   3.45746393e+02  -2.87649545e-05
   3.45746882e+02   1.79895782e-04
   3.45747370e+02   3.27228801e-04
   3.45747858e+02  -5.55705628e-06
   3.45748347e+02  -3.81552090e-05
   3.45748835e+02   9.72017806e-05
   3.45749323e+02  -1.12465670e-04
   3.45749812e+02  -2.81805638e-04
   3.45750300e+02  -3.15499114e-04
   3.45750788e+02  -3.14252393e-04
   3.45751277e+02  -1.69977386e-04
   3.45751765e+02  -1.58907540e-04
   3.45752253e+02  -2.25664087e-04
   3.45752742e+02   8.48572745e-06
   3.45753230e+02   2.34554842e-04
   3.45753718e+02   1.06098109e-04
   3.45754207e+02  -1.22704907e-04
   3.45754695e+02  -1.95775792e-04
   3.45755183e+02  -7.56322552e-05
   3.45755672e+02  -3.37505735e-05
   3.45756160e+02  -2.65417737e-04
   3.45756648e+02  -4.08364431e-04
   3.45757137e+02  -2.77300627e-04
   3.45757625e+02  -4.47919992e-05
   3.45758113e+02  -7.69251201e-05
   3.45758601e+02  -1.46721737e-04
   3.45759090e+02   7.21535544e-05
   3.45759578e+02   1.94933134e-04
   3.45760066e+02  -2.72713387e-05
   3.45760555e+02  -1.74938119e-04
   3.45761043e+02  -2.76140636e-05
   3.45761531e+02   1.11727059e-05
   3.45762020e+02  -2.13663123e-04
   3.45762508e+02  -1.99874994e-04
   3.45762996e+02  -1.77490019e-05
   3.45763485e+02  -1.03715993e-05
   3.45763973e+02  -1.04499566e-04
   3.45764461e+02   3.35495788e-05
   3.45764950e+02   2.85816204e-04
   3.45765438e+02   3.18910024e-04
   3.45765926e+02   2.52576341e-04
   3.45766415e+02   1.05479638e-04
   3.45766903e+02  -1.08502963e-05
   3.45767391e+02  -3.23063578e-05
   3.45767880e+02  -1.85701952e-04
   3.45768368e+02  -1.92345164e-04
   3.45768856e+02  -4.38866518e-05
   3.45769344e+02   2.91602987e-06
   3.45769833e+02   1.88589169e-04
   3.45770321e+02   1.50798296e-04
   3.45770809e+02  -2.58945402e-05
   3.45771298e+02  -1.20145021e-04
   3.45771786e+02   1.72444743e-05
   3.45772274e+02   1.57376460e-04
   3.45772763e+02   1.79281793e-04
   3.45773251e+02   5.75066988e-05
   3.45773739e+02   9.79835022e-06
   3.45774228e+02  -8.49342105e-05
   3.45774716e+02  -2.15645967e-04
   3.45775204e+02   7.88044490e-05
   3.45775693e+02   2.77574902e-04
   3.45776181e+02   3.34386532e-05
   3.45776669e+02  -1.42410194e-04
   3.45777158e+02  -2.75933242e-04
   3.45777646e+02  -3.15594720e-04
   3.45778134e+02   7.35945650e-05
   3.45778623e+02   4.23195277e-04
   3.45779111e+02   1.78412331e-04
   3.45779599e+02  -1.13824230e-04
   3.45780087e+02  -4.22707308e-06
   3.45780576e+02   7.25597129e-05
   3.45781064e+02   1.09816225e-04
   3.45781552e+02   1.20498436e-04
   3.45782041e+02  -9.82009951e-05
   3.45782529e+02  -2.53935577e-04
   3.45783017e+02  -1.02959209e-04
   3.45783506e+02  -1.33440708e-05
   3.45783994e+02   1.81535215e-04
   3.45784482e+02   3.37759819e-04
   3.45784971e+02   1.11084395e-04
   3.45785459e+02   1.00040543e-05
   3.45785947e+02   7.07238141e-05
   3.45786436e+02   1.29857319e-04
   3.45786924e+02   1.35980779e-04
   3.45787412e+02   4.12668778e-05
   3.45787901e+02   1.30960907e-04
   3.45788389e+02   1.60708179e-04
   3.45788877e+02  -1.43327663e-04
   3.45789366e+02  -3.40822880e-04
   3.45789854e+02  -1.07543608e-04
   3.45790342e+02   1.73785244e-04
   3.45790831e+02   6.06162321e-05
   3.45791319e+02  -1.46121747e-04
   3.45791807e+02  -2.09824721e-04
   3.45792295e+02  -3.19022729e-05
   3.45792784e+02   9.94497386e-05
   3.45793272e+02   9.64594255e-06
   3.45793760e+02   1.87567290e-04
   3.45794249e+02   3.78364115e-04
   3.45794737e+02   3.05800640e-04
   3.45795225e+02   1.50633437e-04
   3.45795714e+02   6.50847724e-05
   3.45796202e+02   1.50657652e-04
   3.45796690e+02   1.18299795e-04
   3.45797179e+02  -5.16414912e-05
   3.45797667e+02   1.15361290e-04
   3.45798155e+02   3.15707788e-04
   3.45798644e+02   1.27281412e-04
   3.45799132e+02   2.46945332e-04
   3.45799620e+02   3.24396649e-04
   3.45800109e+02   5.67833195e-05
   3.45800597e+02  -4.22511439e-05
   3.45801085e+02  -8.96136771e-05
   3.45801574e+02  -3.88439439e-05
   3.45802062e+02   7.75701119e-05
   3.45802550e+02   6.52581657e-05
   3.45803038e+02  -1.36006260e-04
   3.45803527e+02  -3.22007865e-04
   3.45804015e+02  -2.69091834e-04
   3.45804503e+02  -1.89139653e-04
   3.45804992e+02  -1.10660556e-04
   3.45805480e+02   1.88648148e-04
   3.45805968e+02   4.29252919e-04
   3.45806457e+02   1.53579385e-04
   3.45806945e+02  -2.18754241e-04
   3.45807433e+02  -1.67250852e-04
   3.45807922e+02   5.29277495e-05
   3.45808410e+02  -2.82365963e-05
   3.45808898e+02  -2.58450978e-04
   3.45809387e+02  -2.37609594e-04
   3.45809875e+02  -1.32185756e-04
   3.45810363e+02  -1.46849474e-04
   3.45810852e+02  -1.96433903e-04
   3.45811340e+02  -2.43271468e-04
   3.45811828e+02  -1.22662794e-04
   3.45812317e+02   8.43494036e-06
   3.45812805e+02  -5.27785560e-05
   3.45813293e+02  -1.72662985e-04
   3.45813781e+02  -3.14565666e-04
   3.45814270e+02  -9.28616137e-05
   3.45814758e+02   3.31445044e-04
   3.45815246e+02   2.09672915e-04
   3.45815735e+02   1.56447531e-05
   3.45816223e+02  -1.16838446e-05
   3.45816711e+02  -1.15449133e-04
   3.45817200e+02  -2.14338710e-04
   3.45817688e+02  -3.99671961e-04
   3.45818176e+02  -4.20200289e-04
   3.45818665e+02  -4.76819660e-05
   3.45819153e+02   2.04100972e-04
   3.45819641e+02  -1.84325290e-05
   3.45820130e+02  -2.20169590e-04
   3.45820618e+02  -3.33929311e-05
   3.45821106e+02   1.95347253e-04
   3.45821595e+02   4.09707776e-04
   3.45822083e+02   4.67482430e-04
   3.45822571e+02   2.77533836e-04
   3.45823060e+02  -1.63443565e-05
   3.45823548e+02  -2.19499445e-04
   3.45824036e+02  -8.38827909e-05
   3.45824525e+02  -6.10173411e-05
   3.45825013e+02  -3.51812865e-04
   3.45825501e+02  -3.36001394e-04
   3.45825989e+02   9.55290816e-05
   3.45826478e+02   1.58529088e-04
   3.45826966e+02  -1.07253596e-04
   3.45827454e+02  -7.96681852e-05
   3.45827943e+02   8.51963414e-05
   3.45828431e+02   2.44668219e-04
   3.45828919e+02   2.48862227e-04
   3.45829408e+02   2.10608312e-04
   3.45829896e+02   2.00357008e-05
   3.45830384e+02   6.80153098e-05
   3.45830873e+02   3.60296253e-04
   3.45831361e+02   2.57300009e-04
   3.45831849e+02  -1.31115921e-05
   3.45832338e+02   5.06896868e-05
   3.45832826e+02   5.42614107e-05
   3.45833314e+02  -2.38928624e-04
   3.45833803e+02  -3.01141263e-04
   3.45834291e+02  -8.77689672e-06
   3.45834779e+02   3.23744753e-05
   3.45835268e+02  -1.49358850e-04
   3.45835756e+02  -2.06391691e-04
   3.45836244e+02  -2.46624841e-04
   3.45836732e+02  -2.23968862e-04
   3.45837221e+02  -1.77933616e-04
   3.45837709e+02  -2.43538045e-04
   3.45838197e+02  -2.00809649e-04
   3.45838686e+02  -1.81257019e-05
   3.45839174e+02   1.85703684e-04
   3.45839662e+02   9.10902454e-05
   3.45840151e+02  -3.13243741e-04
   3.45840639e+02  -2.97392922e-04
   3.45841127e+02  -1.18489486e-04
   3.45841616e+02  -1.85498007e-04
   3.45842104e+02  -8.33977610e-05
   3.45842592e+02   1.07472420e-04
   3.45843081e+02   7.78357498e-05
   3.45843569e+02  -1.65401842e-04
   3.45844057e+02  -4.21672798e-04
   3.45844546e+02  -1.38553674e-04
   3.45845034e+02   3.32797004e-04
   3.45845522e+02   3.23482411e-04
   3.45846011e+02   5.88235935e-06
   3.45846499e+02  -1.74597211e-04
   3.45846987e+02  -2.87009199e-04
   3.45847476e+02  -3.02652566e-04
   3.45847964e+02   3.13635755e-05
   3.45848452e+02   2.56842119e-04
   3.45848940e+02   2.09947160e-04
   3.45849429e+02  -4.54282526e-05
   3.45849917e+02  -4.24702564e-04
   3.45850405e+02  -2.76891136e-04
   3.45850894e+02   9.85866573e-05
   3.45851382e+02  -1.16314717e-04
   3.45851870e+02  -2.37059226e-04
   3.45852359e+02   7.03468368e-06
   3.45852847e+02   8.01926290e-05
   3.45853335e+02  -2.37822111e-04
   3.45853824e+02  -4.42498480e-04
   3.45854312e+02  -1.83198063e-04
   3.45854800e+02   1.56108697e-04
   3.45855289e+02   1.39242082e-04
   3.45855777e+02  -2.13988642e-05
   3.45856265e+02   6.53262032e-05
   3.45856754e+02   5.43374081e-05
   3.45857242e+02  -2.85675371e-04
   3.45857730e+02  -2.38876179e-04
   3.45858219e+02   5.29215940e-05
   3.45858707e+02   9.00889281e-05
   3.45859195e+02   2.56376807e-04
   3.45859683e+02   3.70594062e-04
   3.45860172e+02   2.06493802e-04
   3.45860660e+02   2.40792997e-05
   3.45861148e+02  -2.29009151e-04
   3.45861637e+02  -2.68251664e-04
   3.45862125e+02  -8.09535122e-05
   3.45862613e+02  -1.60484298e-04
   3.45863102e+02  -3.85044870e-04
   3.45863590e+02  -2.74519378e-04
   3.45864078e+02  -1.78925256e-04
   3.45864567e+02  -3.51876042e-06
   3.45865055e+02   2.64677743e-04
   3.45865543e+02   1.64304205e-04
   3.45866032e+02   8.86018552e-06
   3.45866520e+02   1.63229532e-04
   3.45867008e+02   4.31658264e-04
   3.45867497e+02   4.51098866e-04
   3.45867985e+02   1.80192888e-04
   3.45868473e+02  -1.66802492e-04
   3.45868962e+02  -2.12286744e-04
   3.45869450e+02  -8.04580632e-05
   3.45869938e+02   2.29193047e-05
   3.45870426e+02   1.92070496e-04
   3.45870915e+02   2.88027164e-04
   3.45871403e+02   1.90275765e-04
   3.45871891e+02   9.30960377e-05
   3.45872380e+02   6.48009227e-05
   3.45872868e+02  -7.23295816e-05
   3.45873356e+02  -3.80518002e-04
   3.45873845e+02  -4.42515418e-04
   3.45874333e+02  -3.12967430e-04
   3.45874821e+02  -9.37180666e-05
   3.45875310e+02   2.06599201e-04
   3.45875798e+02   1.93446554e-04
   3.45876286e+02   4.90854291e-05
   3.45876775e+02   7.21713441e-05
   3.45877263e+02   1.73182649e-04
   3.45877751e+02   1.94269582e-04
   3.45878240e+02   3.23592656e-04
   3.45878728e+02   3.28184018e-04
   3.45879216e+02  -1.71643507e-04
   3.45879705e+02  -3.22807231e-04
   3.45880193e+02  -3.43885476e-05
   3.45880681e+02   1.17726748e-04
   3.45881170e+02   3.77025099e-05
   3.45881658e+02  -3.55221069e-04
   3.45882146e+02  -5.35142142e-04
   3.45882634e+02  -2.04715077e-04
   3.45883123e+02  -7.96691238e-05
   3.45883611e+02  -1.13723370e-04
   3.45884099e+02  -2.24454270e-04
   3.45884588e+02  -3.79084551e-04
   3.45885076e+02  -3.71388625e-04
   3.45885564e+02  -1.58073992e-04
   3.45886053e+02   9.25789136e-05
   3.45886541e+02   7.66530284e-05
   3.45887029e+02  -1.60295225e-04
   3.45887518e+02  -2.51654710e-04
   3.45888006e+02  -5.62270870e-05
   3.45888494e+02  -1.00887701e-04
   3.45888983e+02  -2.64581089e-04
   3.45889471e+02  -1.79247654e-04
   3.45889959e+02  -9.86701416e-05
   3.45890448e+02  -1.26738640e-04
   3.45890936e+02  -1.87326674e-04
   3.45891424e+02  -2.25415875e-04
   3.45891913e+02  -1.88460530e-04
   3.45892401e+02  -6.60847218e-05
   3.45892889e+02   4.84031370e-05
   3.45893377e+02   1.86200719e-04
   3.45893866e+02  -3.76627577e-05
   3.45894354e+02  -3.40734725e-04
   3.45894842e+02  -9.40797981e-05
   3.45895331e+02   1.53580622e-04
   3.45895819e+02   1.80377887e-04
   3.45896307e+02   5.50352379e-05
   3.45896796e+02  -6.23516898e-05
   3.45897284e+02   7.58125971e-05
   3.45897772e+02   7.73545471e-05
   3.45898261e+02   5.20429930e-05
   3.45898749e+02   4.19125026e-05
   3.45899237e+02  -9.44197673e-05
   3.45899726e+02  -1.09332810e-04
   3.45900214e+02   1.27908515e-05
   3.45900702e+02   5.07267141e-05
   3.45901191e+02   9.79652577e-06
   3.45901679e+02  -1.04502236e-04
   3.45902167e+02  -1.46432634e-04
   3.45902656e+02   8.10763813e-05
   3.45903144e+02   3.37792037e-04
   3.45903632e+02   4.38657065e-04
   3.45904120e+02   2.85800546e-04
   3.45904609e+02   1.46012215e-04
   3.45905097e+02   1.66606143e-04
   3.45905585e+02   1.27822932e-04
   3.45906074e+02  -1.02480601e-06
   3.45906562e+02  -5.09288948e-05
   3.45907050e+02  -1.67691382e-04
   3.45907539e+02  -2.30818623e-04
   3.45908027e+02   8.31017242e-05
   3.45908515e+02   3.69569811e-04
   3.45909004e+02   2.85952323e-04
   3.45909492e+02   8.42417576e-05
   3.45909980e+02   7.16025170e-05
   3.45910469e+02   7.44777353e-05
   3.45910957e+02   1.24229351e-04
   3.45911445e+02   1.84264223e-04
   3.45911934e+02  -1.26513216e-04
   3.45912422e+02  -2.07237696e-04
   3.45912910e+02   1.76689413e-04
   3.45913399e+02   1.62590382e-04
   3.45913887e+02   5.47836571e-05
   3.45914375e+02   2.90273310e-04
   3.45914864e+02   2.66978692e-04
   3.45915352e+02   4.96769026e-05
   3.45915840e+02  -5.00992319e-05
   3.45916328e+02  -1.90433755e-04
   3.45916817e+02  -2.30655074e-04
   3.45917305e+02  -2.25630392e-05
   3.45917793e+02   2.07322038e-04
   3.45918282e+02   1.93386120e-04
   3.45918770e+02   8.78981809e-05
   3.45919258e+02  -1.03369865e-04
   3.45919747e+02  -3.06230824e-04
   3.45920235e+02  -3.13126307e-04
   3.45920723e+02  -2.01576375e-04
   3.45921212e+02  -2.60411354e-04
   3.45921700e+02  -3.43828404e-04
   3.45922188e+02  -1.42333607e-04
   3.45922677e+02   8.53864549e-05
   3.45923165e+02   2.40203255e-04
   3.45923653e+02   2.36378386e-04
   3.45924142e+02   1.40054556e-06
   3.45924630e+02  -2.11756487e-04
   3.45925118e+02  -3.73440649e-04
   3.45925607e+02  -3.47583147e-04
   3.45926095e+02  -1.94079403e-04
   3.45926583e+02  -1.19793709e-04
   3.45927071e+02  -1.50227934e-04
   3.45927560e+02   3.21814719e-06
   3.45928048e+02   2.19873502e-04
   3.45928536e+02   2.19629801e-04
   3.45929025e+02   2.01839459e-04
   3.45929513e+02   9.74936193e-05
   3.45930001e+02  -1.02513281e-04
   3.45930490e+02  -2.19146794e-04
   3.45930978e+02  -1.33671332e-04
   3.45931466e+02  -2.81636458e-04
   3.45931955e+02  -5.45689545e-04
   3.45932443e+02  -4.79376991e-04
   3.45932931e+02  -2.40463996e-04
   3.45933420e+02  -5.87469985e-05
   3.45933908e+02  -4.83835101e-05
   3.45934396e+02  -1.99778689e-04
   3.45934885e+02  -2.91926001e-04
   3.45935373e+02  -3.00460379e-04
   3.45935861e+02  -2.21019392e-04
   3.45936350e+02  -7.72383064e-05
   3.45936838e+02   2.36546657e-05
   3.45937326e+02  -2.49916338e-05
   3.45937814e+02  -9.04448607e-05
   3.45938303e+02  -1.10039415e-04
   3.45938791e+02  -1.48234121e-05
   3.45939279e+02   1.72597167e-04
   3.45939768e+02   2.30425838e-04
   3.45940256e+02   1.51292523e-04
   3.45940744e+02  -1.27199019e-05
   3.45941233e+02  -1.27148305e-04
   3.45941721e+02   1.12062124e-04
   3.45942209e+02   3.84235813e-04
   3.45942698e+02   1.68165148e-04
   3.45943186e+02   1.64917801e-04
   3.45943674e+02   4.51089989e-04
   3.45944163e+02   2.50431272e-04
