frequency (GHz), flux (Jy/beam)
   3.43899310e+02   6.64405641e-04
   3.43899798e+02   5.12950355e-04
   3.43900286e+02   1.62739161e-04
   3.43900774e+02   9.90855096e-06
   3.43901263e+02  -7.54480134e-05
   3.43901751e+02  -4.53060347e-05
   3.43902239e+02   1.09215347e-04
   3.43902728e+02   1.57218223e-04
   3.43903216e+02   1.25614883e-04
   3.43903704e+02  -2.74137885e-04
   3.43904193e+02  -4.68682701e-04
   3.43904681e+02  -5.50550649e-05
   3.43905169e+02   2.48775032e-04
   3.43905658e+02  -2.00524315e-04
   3.43906146e+02  -5.24594216e-04
   3.43906634e+02  -4.75196372e-04
   3.43907122e+02  -4.49200597e-04
   3.43907611e+02  -1.49983665e-04
   3.43908099e+02   2.88852403e-04
   3.43908587e+02   7.84920354e-04
   3.43909076e+02   1.06024428e-03
   3.43909564e+02   5.99246647e-04
   3.43910052e+02   1.43374244e-04
   3.43910541e+02   1.47776445e-04
   3.43911029e+02   2.21143317e-04
   3.43911517e+02   2.40153633e-04
   3.43912006e+02   3.76853335e-04
   3.43912494e+02   2.72994424e-04
   3.43912982e+02   2.09782520e-05
   3.43913470e+02   2.63629627e-04
   3.43913959e+02   4.72292624e-04
   3.43914447e+02   5.21512811e-05
   3.43914935e+02  -3.15745769e-04
   3.43915424e+02  -3.28904804e-04
   3.43915912e+02  -4.25439124e-04
   3.43916400e+02  -5.38606837e-04
   3.43916889e+02  -1.83779019e-04
   3.43917377e+02   2.40672438e-04
   3.43917865e+02   3.87617474e-04
   3.43918354e+02   8.00128328e-05
   3.43918842e+02  -2.67365278e-04
   3.43919330e+02  -2.73033424e-04
   3.43919818e+02  -2.98280269e-04
   3.43920307e+02  -3.71191010e-04
   3.43920795e+02  -3.96314776e-04
   3.43921283e+02  -4.01052821e-04
   3.43921772e+02  -2.64895440e-04
   3.43922260e+02   1.36979259e-04
   3.43922748e+02   3.51885974e-04
   3.43923237e+02   3.89697583e-04
   3.43923725e+02   5.20237489e-04
   3.43924213e+02   3.44866014e-04
   3.43924702e+02   3.24078937e-05
   3.43925190e+02  -1.19620956e-04
   3.43925678e+02  -7.43961064e-05
   3.43926166e+02  -1.47650862e-04
   3.43926655e+02  -3.35977093e-04
   3.43927143e+02  -2.01032672e-04
   3.43927631e+02  -2.62294372e-04
   3.43928120e+02  -7.95960950e-04
   3.43928608e+02  -7.98760913e-04
   3.43929096e+02  -1.66276892e-04
   3.43929585e+02  -1.01191443e-04
   3.43930073e+02  -4.25553211e-04
   3.43930561e+02  -2.66992865e-04
   3.43931050e+02  -1.33836322e-04
   3.43931538e+02   4.27735176e-05
   3.43932026e+02   4.01816622e-04
   3.43932514e+02   4.38030576e-04
   3.43933003e+02   4.31049848e-04
   3.43933491e+02   4.36246482e-04
   3.43933979e+02  -5.62478417e-05
   3.43934468e+02  -4.40637901e-04
   3.43934956e+02  -1.36423449e-04
   3.43935444e+02   1.81944008e-04
   3.43935933e+02   4.35751805e-04
   3.43936421e+02   6.34042604e-04
   3.43936909e+02   3.26363835e-04
   3.43937398e+02  -8.42059162e-05
   3.43937886e+02  -1.24877028e-04
   3.43938374e+02  -3.86482134e-05
   3.43938863e+02   6.68276116e-05
   3.43939351e+02   3.68483539e-04
   3.43939839e+02   3.86933098e-04
   3.43940327e+02   4.32391069e-04
   3.43940816e+02   6.96471252e-04
   3.43941304e+02   5.23925992e-04
   3.43941792e+02   3.18952632e-04
   3.43942281e+02   2.09329708e-04
   3.43942769e+02   1.19698947e-04
   3.43943257e+02   4.49432526e-04
   3.43943746e+02   7.74636399e-04
   3.43944234e+02   3.85106920e-04
   3.43944722e+02  -4.99517482e-04
   3.43945211e+02  -8.41172063e-04
   3.43945699e+02  -5.76928200e-04
   3.43946187e+02  -5.36081498e-04
   3.43946675e+02  -5.96274913e-04
   3.43947164e+02  -4.93695901e-04
   3.43947652e+02  -1.94263281e-04
   3.43948140e+02   3.03652749e-04
   3.43948629e+02   5.74245583e-04
   3.43949117e+02  -5.08240119e-05
   3.43949605e+02  -6.85245439e-04
   3.43950094e+02  -4.55389178e-04
   3.43950582e+02  -9.32557086e-05
   3.43951070e+02   1.88663253e-04
   3.43951559e+02   5.11039747e-04
   3.43952047e+02   6.05852343e-04
   3.43952535e+02   3.28544120e-05
   3.43953023e+02  -3.28815571e-04
   3.43953512e+02  -2.64926348e-04
   3.43954000e+02  -3.29634204e-04
   3.43954488e+02  -1.98809939e-04
   3.43954977e+02   1.24767932e-04
   3.43955465e+02   2.21338763e-04
   3.43955953e+02   2.05300734e-04
   3.43956442e+02   1.82257980e-04
   3.43956930e+02   1.37605457e-04
   3.43957418e+02   1.09232773e-04
   3.43957907e+02  -3.53649812e-05
   3.43958395e+02  -1.27741194e-04
   3.43958883e+02  -3.39978782e-04
   3.43959371e+02  -5.57895808e-04
   3.43959860e+02  -9.17833240e-05
   3.43960348e+02   5.84555673e-04
   3.43960836e+02   3.86528351e-04
   3.43961325e+02  -1.87958285e-05
   3.43961813e+02   1.35751950e-04
   3.43962301e+02   1.06176507e-04
   3.43962790e+02  -1.54927737e-04
   3.43963278e+02  -2.79621017e-04
   3.43963766e+02  -3.03474517e-04
   3.43964255e+02  -1.02777645e-04
   3.43964743e+02   4.25353384e-04
   3.43965231e+02   5.49120712e-04
   3.43965719e+02   6.15526660e-05
   3.43966208e+02  -3.35591962e-04
   3.43966696e+02  -4.54832916e-04
   3.43967184e+02  -3.16646096e-04
   3.43967673e+02   2.80501088e-04
   3.43968161e+02   7.10013730e-04
   3.43968649e+02   2.00497656e-04
   3.43969138e+02  -4.45337762e-04
   3.43969626e+02  -2.36639506e-04
   3.43970114e+02   3.50323884e-04
   3.43970603e+02   1.73224922e-04
   3.43971091e+02  -2.01995979e-04
   3.43971579e+02   4.55579720e-05
   3.43972067e+02   2.43119168e-04
   3.43972556e+02   2.23429277e-04
   3.43973044e+02   3.31950025e-04
   3.43973532e+02   2.47944205e-04
   3.43974021e+02  -1.54104855e-04
   3.43974509e+02  -2.83228961e-04
   3.43974997e+02  -1.32265544e-04
   3.43975486e+02  -1.93186388e-05
   3.43975974e+02   1.81793002e-04
   3.43976462e+02   1.64456244e-04
   3.43976951e+02  -1.04448533e-04
   3.43977439e+02  -5.28439305e-05
   3.43977927e+02   1.93908258e-04
   3.43978416e+02   2.52008816e-04
   3.43978904e+02   3.97006334e-05
   3.43979392e+02  -1.32503905e-04
   3.43979880e+02  -2.41224567e-04
   3.43980369e+02  -3.13462166e-04
   3.43980857e+02  -3.21911124e-04
   3.43981345e+02  -5.67884766e-04
   3.43981834e+02  -6.46598288e-04
   3.43982322e+02  -4.43782774e-04
   3.43982810e+02  -3.84162267e-04
   3.43983299e+02  -4.74380329e-04
   3.43983787e+02  -3.08231422e-04
   3.43984275e+02   9.47052904e-05
   3.43984764e+02   1.58667230e-04
   3.43985252e+02  -2.09549005e-04
   3.43985740e+02  -5.04126074e-04
   3.43986228e+02  -4.88900580e-04
   3.43986717e+02  -4.79868992e-04
   3.43987205e+02  -8.24807154e-04
   3.43987693e+02  -7.49281258e-04
   3.43988182e+02  -2.62093788e-04
   3.43988670e+02  -2.91845072e-06
   3.43989158e+02   1.23420992e-04
   3.43989647e+02   3.33094504e-05
   3.43990135e+02  -2.72840465e-04
   3.43990623e+02  -3.27035872e-04
   3.43991112e+02  -6.18324702e-05
   3.43991600e+02   1.47382190e-04
   3.43992088e+02   5.74589685e-05
   3.43992576e+02  -4.28382118e-05
   3.43993065e+02   2.85796094e-04
   3.43993553e+02   2.65416777e-04
   3.43994041e+02  -1.86675592e-04
   3.43994530e+02  -7.84312942e-05
   3.43995018e+02   2.42075956e-04
   3.43995506e+02   1.38880976e-04
   3.43995995e+02  -4.10960456e-06
   3.43996483e+02  -5.60254466e-06
   3.43996971e+02  -3.41937877e-04
   3.43997460e+02  -4.94568143e-04
   3.43997948e+02  -9.29407761e-05
   3.43998436e+02   7.77864916e-05
   3.43998924e+02  -1.63646284e-04
   3.43999413e+02  -1.96602865e-04
   3.43999901e+02  -1.47280138e-04
   3.44000389e+02  -1.28808140e-04
   3.44000878e+02  -8.19249326e-05
   3.44001366e+02   7.06287756e-05
   3.44001854e+02   2.01234783e-04
   3.44002343e+02   1.16194715e-04
   3.44002831e+02   1.07377127e-04
   3.44003319e+02   2.07247416e-04
   3.44003808e+02   2.93093472e-04
   3.44004296e+02  -1.37704963e-04
   3.44004784e+02  -5.87592018e-04
   3.44005272e+02  -6.11306532e-05
   3.44005761e+02   6.06655201e-04
   3.44006249e+02   6.07889786e-04
   3.44006737e+02   1.68643179e-04
   3.44007226e+02  -7.36349029e-05
   3.44007714e+02  -3.49891877e-07
   3.44008202e+02  -2.54377461e-04
   3.44008691e+02  -3.25478410e-04
   3.44009179e+02   2.13102121e-05
   3.44009667e+02   1.41719167e-04
   3.44010156e+02  -5.74048772e-06
   3.44010644e+02   1.65966558e-04
   3.44011132e+02   4.80591494e-04
   3.44011620e+02   1.65422898e-04
   3.44012109e+02  -2.80490087e-04
   3.44012597e+02  -1.55046902e-04
   3.44013085e+02  -6.96490388e-05
   3.44013574e+02   1.89559665e-04
   3.44014062e+02   8.20376037e-04
   3.44014550e+02   2.93377438e-04
   3.44015039e+02  -4.95446031e-04
   3.44015527e+02  -7.10295397e-04
   3.44016015e+02  -7.09009822e-04
   3.44016504e+02  -3.68183159e-04
   3.44016992e+02   1.82147487e-04
   3.44017480e+02   9.30643364e-05
   3.44017969e+02  -1.50077409e-04
   3.44018457e+02  -7.39671377e-05
   3.44018945e+02  -5.90714490e-06
   3.44019433e+02   4.01047655e-05
   3.44019922e+02  -2.52435402e-05
   3.44020410e+02  -4.03407903e-05
   3.44020898e+02   2.32008984e-04
   3.44021387e+02   3.26965906e-04
   3.44021875e+02  -5.04919262e-05
   3.44022363e+02  -3.75767559e-04
   3.44022852e+02  -2.27059514e-04
   3.44023340e+02   2.34352920e-04
   3.44023828e+02   4.45855258e-04
   3.44024317e+02   3.22942768e-04
   3.44024805e+02  -8.36889812e-05
   3.44025293e+02  -4.90495353e-04
   3.44025781e+02  -5.17174834e-04
   3.44026270e+02  -3.12388438e-04
   3.44026758e+02   6.03570079e-05
   3.44027246e+02   5.24257135e-04
   3.44027735e+02   5.30469057e-04
   3.44028223e+02   3.24434746e-04
   3.44028711e+02   4.07610816e-04
   3.44029200e+02   4.76636778e-04
   3.44029688e+02   1.59615374e-04
   3.44030176e+02   2.41634523e-04
   3.44030665e+02   4.19587945e-04
   3.44031153e+02   6.50734510e-05
   3.44031641e+02  -2.21836075e-04
   3.44032129e+02  -3.25855712e-04
   3.44032618e+02  -1.28866901e-04
   3.44033106e+02   1.19605262e-04
   3.44033594e+02  -4.03262384e-05
   3.44034083e+02  -3.82539089e-04
   3.44034571e+02  -5.96393482e-04
   3.44035059e+02  -4.88109072e-04
   3.44035548e+02  -3.25033645e-04
   3.44036036e+02  -1.12319351e-04
   3.44036524e+02   1.75312118e-04
   3.44037013e+02   2.77899788e-04
   3.44037501e+02   2.29078389e-04
   3.44037989e+02   7.96188469e-05
   3.44038477e+02  -1.23196936e-04
   3.44038966e+02  -9.07951180e-05
   3.44039454e+02   3.11729964e-04
   3.44039942e+02   1.91840241e-04
   3.44040431e+02  -3.17653234e-04
   3.44040919e+02  -4.61179792e-04
   3.44041407e+02  -3.56493343e-04
   3.44041896e+02  -3.71083006e-05
   3.44042384e+02   1.62466327e-04
   3.44042872e+02  -8.30735808e-05
   3.44043361e+02  -1.56744019e-04
   3.44043849e+02   2.79561122e-04
   3.44044337e+02   4.87316924e-04
   3.44044825e+02   4.08884778e-04
   3.44045314e+02   2.10124039e-04
   3.44045802e+02  -4.30827058e-04
   3.44046290e+02  -4.86745848e-04
   3.44046779e+02   2.87263792e-05
   3.44047267e+02  -1.79960225e-05
   3.44047755e+02  -4.61912568e-04
   3.44048244e+02  -8.16526997e-04
   3.44048732e+02  -6.71201968e-04
   3.44049220e+02  -2.41026981e-04
   3.44049709e+02  -3.23740387e-04
   3.44050197e+02  -2.26214790e-04
   3.44050685e+02   1.82726391e-04
   3.44051173e+02   1.81009120e-04
   3.44051662e+02  -3.34447031e-05
   3.44052150e+02  -2.73744168e-04
   3.44052638e+02  -3.77128017e-04
   3.44053127e+02  -2.26410557e-04
   3.44053615e+02  -2.49880773e-04
   3.44054103e+02  -3.51705530e-04
   3.44054592e+02  -3.58309248e-04
   3.44055080e+02  -1.66860074e-04
   3.44055568e+02   2.41657719e-04
   3.44056057e+02   2.78134859e-04
   3.44056545e+02   2.06207173e-04
   3.44057033e+02   1.95732588e-04
   3.44057522e+02   2.55068298e-05
   3.44058010e+02   6.02487416e-05
   3.44058498e+02   2.28877150e-04
   3.44058986e+02   6.76418131e-05
   3.44059475e+02   6.79520235e-05
   3.44059963e+02  -3.44804030e-05
   3.44060451e+02  -2.22937262e-04
   3.44060940e+02  -1.93350163e-04
   3.44061428e+02  -4.08279593e-04
   3.44061916e+02  -3.13520199e-04
   3.44062405e+02   2.88596319e-04
   3.44062893e+02   2.09575315e-04
   3.44063381e+02  -3.24879511e-04
   3.44063870e+02  -2.26675649e-04
   3.44064358e+02   3.17149301e-04
   3.44064846e+02   4.80871095e-04
   3.44065334e+02   3.07759474e-04
   3.44065823e+02   3.24452521e-05
   3.44066311e+02  -3.69279907e-04
   3.44066799e+02  -5.40619134e-04
   3.44067288e+02  -2.40514564e-04
   3.44067776e+02   1.13324262e-04
   3.44068264e+02  -1.38897813e-04
   3.44068753e+02  -3.24090419e-04
   3.44069241e+02   1.68233946e-05
   3.44069729e+02   4.17502415e-05
   3.44070218e+02   9.57932662e-06
   3.44070706e+02   3.30812705e-04
   3.44071194e+02   4.60790063e-04
   3.44071682e+02   3.78252880e-04
   3.44072171e+02   1.10110261e-04
   3.44072659e+02  -1.36455477e-04
   3.44073147e+02  -2.02243609e-04
   3.44073636e+02   3.36054363e-04
   3.44074124e+02   3.43460590e-04
   3.44074612e+02  -1.05510611e-04
   3.44075101e+02  -1.36293515e-04
   3.44075589e+02   4.59568146e-05
   3.44076077e+02  -1.30742410e-04
   3.44076566e+02  -5.00143738e-04
   3.44077054e+02  -5.33437356e-04
   3.44077542e+02  -2.13809515e-04
   3.44078030e+02  -1.01624268e-04
   3.44078519e+02  -1.41145909e-04
   3.44079007e+02   3.64934976e-06
   3.44079495e+02   5.77165920e-05
   3.44079984e+02  -1.81132054e-04
   3.44080472e+02  -4.13600501e-04
   3.44080960e+02  -4.62971453e-04
   3.44081449e+02  -4.50733896e-05
   3.44081937e+02   3.71813192e-04
   3.44082425e+02   1.97719288e-04
   3.44082914e+02   4.80979870e-05
   3.44083402e+02  -2.84050184e-05
   3.44083890e+02   1.49596253e-05
   3.44084378e+02   1.92715583e-04
   3.44084867e+02   1.31375753e-04
   3.44085355e+02  -1.47329893e-05
   3.44085843e+02  -1.51895792e-05
   3.44086332e+02  -3.47974012e-04
   3.44086820e+02  -5.96969039e-04
   3.44087308e+02  -1.10783840e-04
   3.44087797e+02   1.64500641e-04
   3.44088285e+02  -1.75347177e-05
   3.44088773e+02   2.63699301e-04
   3.44089262e+02   3.38178477e-04
   3.44089750e+02  -4.12966401e-05
   3.44090238e+02  -1.87209022e-04
   3.44090726e+02   5.15123866e-05
   3.44091215e+02   1.10190391e-04
   3.44091703e+02  -8.81850501e-05
   3.44092191e+02  -2.00034832e-04
   3.44092680e+02  -1.31353969e-04
   3.44093168e+02   1.87332844e-04
   3.44093656e+02   6.92258065e-04
   3.44094145e+02   6.88084809e-04
   3.44094633e+02   2.86855880e-04
   3.44095121e+02  -1.70139065e-05
   3.44095610e+02  -2.17967565e-04
   3.44096098e+02  -1.09039254e-04
   3.44096586e+02  -2.83775680e-05
   3.44097075e+02  -4.11285670e-04
   3.44097563e+02  -5.14177547e-04
   3.44098051e+02   1.04416786e-05
   3.44098539e+02  -1.26252678e-04
   3.44099028e+02  -4.42469580e-04
   3.44099516e+02  -1.78294620e-04
   3.44100004e+02  -1.30305431e-04
   3.44100493e+02  -2.18791567e-04
   3.44100981e+02   2.15440989e-04
   3.44101469e+02   4.65477060e-04
   3.44101958e+02   3.69474437e-04
   3.44102446e+02   3.21836269e-04
   3.44102934e+02   9.54327115e-05
   3.44103423e+02  -1.86878198e-04
   3.44103911e+02  -3.53592031e-06
   3.44104399e+02   4.19574237e-04
   3.44104887e+02   6.66865672e-04
   3.44105376e+02   4.14208014e-04
   3.44105864e+02  -8.31873112e-05
   3.44106352e+02  -1.50042586e-04
   3.44106841e+02   1.83939192e-04
   3.44107329e+02   6.22135005e-04
   3.44107817e+02   8.13077379e-04
   3.44108306e+02   4.74922970e-04
   3.44108794e+02   2.66599352e-04
   3.44109282e+02   3.73786199e-04
   3.44109771e+02   8.35449173e-05
   3.44110259e+02  -6.75851552e-05
   3.44110747e+02   6.59365614e-05
   3.44111235e+02   1.56483075e-04
   3.44111724e+02   7.46301957e-05
   3.44112212e+02  -1.88812730e-04
   3.44112700e+02  -4.10154869e-04
   3.44113189e+02  -4.85321681e-04
   3.44113677e+02  -2.71506637e-04
   3.44114165e+02   1.56410038e-04
   3.44114654e+02   5.80800057e-04
   3.44115142e+02   5.52482787e-04
   3.44115630e+02   4.15138202e-05
   3.44116119e+02  -4.22471086e-04
   3.44116607e+02  -3.13015888e-04
   3.44117095e+02   1.40114091e-04
   3.44117583e+02   1.68737926e-04
   3.44118072e+02   1.33744557e-04
   3.44118560e+02   7.13319023e-05
   3.44119048e+02  -3.74586118e-04
   3.44119537e+02  -3.47288791e-04
   3.44120025e+02   1.87930000e-05
   3.44120513e+02   1.20370009e-04
   3.44121002e+02  -1.49199934e-06
   3.44121490e+02   6.36440309e-05
   3.44121978e+02   5.32127044e-04
   3.44122467e+02   4.82486299e-04
   3.44122955e+02   1.15669674e-04
   3.44123443e+02   2.14023443e-04
   3.44123931e+02   3.42786429e-04
   3.44124420e+02   3.26038979e-04
   3.44124908e+02   2.57477252e-04
   3.44125396e+02   2.50990270e-04
   3.44125885e+02   1.94468332e-04
   3.44126373e+02  -2.27945959e-04
   3.44126861e+02  -3.15069861e-04
   3.44127350e+02   2.04633325e-05
   3.44127838e+02   2.07270132e-04
   3.44128326e+02   4.59634117e-04
   3.44128815e+02   3.44404427e-04
   3.44129303e+02  -9.94824077e-05
   3.44129791e+02   1.88870152e-04
   3.44130279e+02   4.83328011e-04
   3.44130768e+02   3.12246877e-04
   3.44131256e+02   3.64081534e-05
   3.44131744e+02   1.20945660e-05
   3.44132233e+02   3.06656839e-05
   3.44132721e+02   1.18706521e-04
   3.44133209e+02   7.06980572e-05
   3.44133698e+02  -1.76738249e-04
   3.44134186e+02  -1.35847413e-05
   3.44134674e+02   1.42240257e-04
   3.44135163e+02  -2.50332145e-04
   3.44135651e+02  -8.16263127e-05
   3.44136139e+02   3.64370120e-04
   3.44136628e+02   3.66411405e-05
   3.44137116e+02  -1.65043588e-04
   3.44137604e+02   1.12536203e-04
   3.44138092e+02   1.49215222e-04
   3.44138581e+02   1.53621513e-04
   3.44139069e+02   5.53319056e-04
   3.44139557e+02   8.12404207e-04
   3.44140046e+02   5.09528443e-04
   3.44140534e+02   2.54846207e-04
   3.44141022e+02   1.39816169e-04
   3.44141511e+02  -2.93356479e-05
   3.44141999e+02   7.54469511e-05
   3.44142487e+02   3.15228572e-05
   3.44142976e+02  -2.50255689e-04
   3.44143464e+02  -2.14844855e-04
   3.44143952e+02   3.13772209e-04
   3.44144440e+02   7.23413483e-04
   3.44144929e+02   2.01945557e-04
   3.44145417e+02  -5.29113691e-04
   3.44145905e+02  -3.35949619e-04
   3.44146394e+02   2.60863133e-04
   3.44146882e+02   2.37286178e-04
   3.44147370e+02  -1.22561178e-04
   3.44147859e+02  -3.08405986e-04
   3.44148347e+02  -4.28406871e-04
   3.44148835e+02  -3.63739848e-04
   3.44149324e+02  -1.03950464e-04
   3.44149812e+02   8.88520008e-05
   3.44150300e+02   6.91225723e-05
   3.44150788e+02   8.21814501e-06
   3.44151277e+02   1.23819584e-04
   3.44151765e+02   3.04132322e-04
   3.44152253e+02  -1.96391324e-04
   3.44152742e+02  -7.77373265e-04
   3.44153230e+02  -5.67693030e-04
   3.44153718e+02  -2.78951746e-04
   3.44154207e+02  -3.47166671e-04
   3.44154695e+02  -5.99423656e-04
   3.44155183e+02  -7.17374962e-04
   3.44155672e+02  -4.54304798e-04
   3.44156160e+02   6.73433824e-05
   3.44156648e+02   1.14267794e-04
   3.44157136e+02   1.92241396e-06
   3.44157625e+02   3.44406326e-05
   3.44158113e+02   8.55150720e-05
   3.44158601e+02   1.22295052e-04
   3.44159090e+02  -3.71640053e-04
   3.44159578e+02  -4.40124131e-04
   3.44160066e+02  -4.73179171e-05
   3.44160555e+02  -1.80009127e-04
   3.44161043e+02  -1.33088630e-04
   3.44161531e+02   1.33680704e-04
   3.44162020e+02  -1.11715730e-04
   3.44162508e+02  -6.22835825e-04
   3.44162996e+02  -7.45409576e-04
   3.44163484e+02  -3.05887370e-04
   3.44163973e+02   6.54691976e-05
   3.44164461e+02   3.25811598e-05
   3.44164949e+02  -2.30440855e-04
   3.44165438e+02  -1.65950565e-04
   3.44165926e+02   1.15863608e-04
   3.44166414e+02  -1.62273631e-04
   3.44166903e+02  -3.47615947e-04
   3.44167391e+02  -5.73106081e-05
   3.44167879e+02   9.83739228e-05
   3.44168368e+02   1.60829659e-04
   3.44168856e+02   2.34885229e-04
   3.44169344e+02   9.50892718e-05
   3.44169832e+02  -2.57559150e-04
   3.44170321e+02  -6.37423422e-04
   3.44170809e+02  -6.06039364e-04
   3.44171297e+02  -1.24730970e-04
   3.44171786e+02   1.74953209e-04
   3.44172274e+02   3.06476664e-04
   3.44172762e+02   3.04774614e-04
   3.44173251e+02   2.50174635e-05
   3.44173739e+02  -2.17516659e-04
   3.44174227e+02  -9.92420173e-05
   3.44174716e+02  -9.43356354e-05
   3.44175204e+02  -6.34781958e-04
   3.44175692e+02  -6.99976867e-04
   3.44176181e+02  -4.71108397e-05
   3.44176669e+02  -5.58004613e-05
   3.44177157e+02  -4.21908888e-04
   3.44177645e+02  -3.25495697e-04
   3.44178134e+02  -4.11842229e-05
   3.44178622e+02   1.11793728e-04
   3.44179110e+02   2.74077611e-04
   3.44179599e+02   3.88891960e-04
   3.44180087e+02   3.60870064e-04
   3.44180575e+02   6.55786862e-05
   3.44181064e+02  -2.58090033e-04
   3.44181552e+02  -4.31330234e-04
   3.44182040e+02  -4.89569211e-04
   3.44182529e+02  -2.56276544e-04
   3.44183017e+02   5.51261928e-06
   3.44183505e+02   8.75092301e-05
   3.44183993e+02  -7.15486167e-05
   3.44184482e+02  -3.01818131e-04
   3.44184970e+02  -1.49881496e-04
   3.44185458e+02   3.40939907e-04
   3.44185947e+02   4.09222790e-04
   3.44186435e+02  -1.96085559e-04
   3.44186923e+02  -3.13165394e-04
   3.44187412e+02  -1.97704547e-04
   3.44187900e+02  -4.31725872e-04
   3.44188388e+02  -2.32126520e-04
   3.44188877e+02   3.63971922e-04
   3.44189365e+02   5.82434761e-04
   3.44189853e+02   9.88129614e-05
   3.44190341e+02   6.46619592e-05
   3.44190830e+02  -3.54796619e-04
   3.44191318e+02  -6.52968651e-04
   3.44191806e+02  -3.17384547e-04
   3.44192295e+02  -1.88089631e-04
   3.44192783e+02  -3.52849136e-04
   3.44193271e+02  -1.50383086e-04
   3.44193760e+02  -2.61257610e-05
   3.44194248e+02  -2.51032121e-04
   3.44194736e+02  -1.56293201e-04
   3.44195225e+02   2.84826558e-04
   3.44195713e+02   3.71904142e-04
   3.44196201e+02   3.32129799e-04
   3.44196689e+02   1.55850124e-04
   3.44197178e+02  -1.18686374e-04
   3.44197666e+02  -5.77048704e-05
   3.44198154e+02   6.91704236e-06
   3.44198643e+02  -1.58268755e-04
   3.44199131e+02  -2.39702131e-04
   3.44199619e+02   2.46115145e-04
   3.44200108e+02   2.71277677e-04
   3.44200596e+02   1.52955574e-04
   3.44201084e+02   5.95511112e-04
   3.44201573e+02   5.77269704e-04
   3.44202061e+02   1.18532967e-04
   3.44202549e+02  -1.27003921e-04
   3.44203037e+02  -1.29609442e-04
   3.44203526e+02  -2.23859694e-04
   3.44204014e+02  -2.78833875e-04
   3.44204502e+02  -1.70233747e-04
   3.44204991e+02  -2.54257084e-05
   3.44205479e+02   3.98591306e-04
   3.44205967e+02   4.73391439e-04
   3.44206456e+02   2.78215186e-04
   3.44206944e+02   2.63781811e-04
   3.44207432e+02  -4.84032244e-05
   3.44207921e+02  -2.78328080e-04
   3.44208409e+02  -4.57681337e-04
   3.44208897e+02  -4.82224335e-04
   3.44209385e+02  -9.88481333e-05
   3.44209874e+02   1.93003070e-04
   3.44210362e+02   2.51817226e-04
   3.44210850e+02   3.05906142e-04
   3.44211339e+02   5.79535495e-04
   3.44211827e+02   8.23993527e-04
   3.44212315e+02   5.06631332e-04
   3.44212804e+02   9.20695020e-05
   3.44213292e+02  -6.52379322e-06
   3.44213780e+02  -9.28741647e-05
   3.44214269e+02  -1.79628005e-05
   3.44214757e+02   1.96740773e-04
   3.44215245e+02   6.71960879e-05
   3.44215734e+02  -6.09279901e-04
   3.44216222e+02  -1.09325966e-03
   3.44216710e+02  -5.09257603e-04
   3.44217198e+02   1.50580832e-04
   3.44217687e+02   1.47143393e-04
   3.44218175e+02  -2.28435965e-05
   3.44218663e+02  -2.60514789e-04
   3.44219152e+02  -5.67974057e-04
   3.44219640e+02  -3.87156266e-04
   3.44220128e+02  -2.97910185e-04
   3.44220617e+02  -4.62486816e-04
   3.44221105e+02  -1.68338622e-04
   3.44221593e+02  -4.55718437e-05
   3.44222082e+02  -3.65357206e-04
   3.44222570e+02  -4.32607078e-04
   3.44223058e+02  -3.72501090e-04
   3.44223546e+02  -1.89071943e-04
   3.44224035e+02   3.69753834e-04
   3.44224523e+02   7.32024200e-04
   3.44225011e+02   5.90749143e-04
   3.44225500e+02   3.71214002e-04
   3.44225988e+02   2.12422005e-04
   3.44226476e+02   8.02928116e-05
   3.44226965e+02   4.49302133e-05
   3.44227453e+02  -8.16261434e-07
   3.44227941e+02   6.61391095e-05
   3.44228430e+02   7.47544764e-05
   3.44228918e+02  -3.18780134e-04
   3.44229406e+02  -5.01072209e-04
   3.44229894e+02  -3.56906748e-05
   3.44230383e+02   2.47376418e-04
   3.44230871e+02   7.97093307e-05
   3.44231359e+02   1.27091422e-04
   3.44231848e+02  -1.02620652e-04
   3.44232336e+02  -4.81189199e-04
   3.44232824e+02  -2.54004291e-04
   3.44233313e+02  -1.51488086e-04
   3.44233801e+02  -1.16149829e-04
   3.44234289e+02   3.01524688e-05
   3.44234778e+02  -8.75334445e-05
   3.44235266e+02  -2.94383091e-04
   3.44235754e+02   6.01446991e-05
   3.44236242e+02   2.21159018e-04
   3.44236731e+02  -1.90924693e-04
   3.44237219e+02  -4.07549087e-04
   3.44237707e+02  -3.32152937e-04
   3.44238196e+02  -8.78917926e-05
   3.44238684e+02   1.17049029e-04
   3.44239172e+02   3.67095141e-04
   3.44239661e+02   3.83869221e-04
   3.44240149e+02  -1.61739845e-05
   3.44240637e+02  -1.46832739e-04
   3.44241126e+02   4.83941149e-05
   3.44241614e+02   1.87732439e-04
   3.44242102e+02   2.98945961e-04
   3.44242590e+02   2.60106492e-04
   3.44243079e+02   2.32702994e-04
   3.44243567e+02   4.45887126e-04
   3.44244055e+02   6.86440151e-04
   3.44244544e+02   5.91859629e-04
   3.44245032e+02   3.30703973e-04
   3.44245520e+02   4.31286899e-04
   3.44246009e+02   2.55883322e-04
   3.44246497e+02  -1.62463941e-04
   3.44246985e+02  -1.15875475e-04
   3.44247474e+02   8.00763592e-05
   3.44247962e+02   3.05714348e-04
   3.44248450e+02   1.51541215e-04
   3.44248938e+02  -1.66674683e-04
   3.44249427e+02  -3.17128375e-04
   3.44249915e+02   8.34567109e-05
   3.44250403e+02   8.48266820e-04
   3.44250892e+02   8.96797108e-04
   3.44251380e+02   5.81521599e-05
   3.44251868e+02  -3.57738085e-04
   3.44252357e+02  -1.18599746e-04
   3.44252845e+02   1.91281710e-04
   3.44253333e+02   5.90303040e-04
   3.44253822e+02   7.29267660e-04
   3.44254310e+02   3.99810466e-04
   3.44254798e+02  -4.14241658e-05
   3.44255286e+02  -9.34808704e-05
   3.44255775e+02  -1.01737904e-04
   3.44256263e+02  -1.32956164e-04
   3.44256751e+02   1.24606624e-04
   3.44257240e+02   5.17631415e-04
   3.44257728e+02   7.09255575e-04
   3.44258216e+02   7.56812806e-04
   3.44258705e+02   4.06823267e-04
   3.44259193e+02  -2.40390189e-04
   3.44259681e+02  -5.09565871e-04
   3.44260170e+02  -3.85347725e-04
   3.44260658e+02  -1.81364987e-04
   3.44261146e+02   8.21807407e-06
   3.44261635e+02  -8.46127441e-05
   3.44262123e+02  -3.46675020e-04
   3.44262611e+02  -2.27407945e-04
   3.44263099e+02  -5.17785411e-05
   3.44263588e+02   1.50821259e-04
   3.44264076e+02   4.05080675e-04
   3.44264564e+02   3.13538010e-04
   3.44265053e+02   4.14161885e-04
   3.44265541e+02   7.58957816e-04
   3.44266029e+02   4.87893674e-04
   3.44266518e+02   2.01834831e-04
   3.44267006e+02   3.22544103e-04
   3.44267494e+02   4.23799007e-04
   3.44267983e+02   4.98283247e-04
   3.44268471e+02   4.72349057e-04
   3.44268959e+02   1.57989372e-04
   3.44269447e+02  -4.10305074e-04
   3.44269936e+02  -4.19202726e-04
   3.44270424e+02   3.02964007e-04
   3.44270912e+02   7.50215084e-04
   3.44271401e+02   3.91001260e-04
   3.44271889e+02  -4.38268617e-05
   3.44272377e+02  -8.77828934e-05
   3.44272866e+02  -1.75160720e-04
   3.44273354e+02  -5.03045041e-04
   3.44273842e+02  -5.46706200e-04
   3.44274331e+02  -2.01218019e-04
   3.44274819e+02  -2.65420123e-04
   3.44275307e+02  -5.20879054e-04
   3.44275795e+02  -1.96495792e-04
   3.44276284e+02   1.11257585e-04
   3.44276772e+02   9.80323093e-05
   3.44277260e+02   2.89196556e-04
   3.44277749e+02   7.67467136e-04
   3.44278237e+02   8.78824096e-04
   3.44278725e+02   6.13561657e-04
   3.44279214e+02   5.81799773e-04
   3.44279702e+02   2.82706897e-04
   3.44280190e+02  -1.14170907e-04
   3.44280679e+02  -1.12059315e-04
   3.44281167e+02  -2.91603879e-04
   3.44281655e+02  -5.61297114e-04
   3.44282143e+02  -3.34772805e-04
   3.44282632e+02  -1.19970944e-04
   3.44283120e+02  -5.44789218e-05
   3.44283608e+02   1.30030210e-04
   3.44284097e+02   2.91182922e-04
   3.44284585e+02   2.23145151e-04
   3.44285073e+02  -9.52549017e-05
   3.44285562e+02  -3.73867282e-04
   3.44286050e+02  -2.57543841e-04
   3.44286538e+02  -1.15101073e-04
   3.44287027e+02  -4.30065091e-04
   3.44287515e+02  -6.89614157e-04
   3.44288003e+02  -4.80835704e-04
   3.44288491e+02  -9.90823173e-05
   3.44288980e+02   1.28253596e-04
   3.44289468e+02   9.88339016e-05
   3.44289956e+02  -1.91377418e-04
   3.44290445e+02  -3.22886888e-04
   3.44290933e+02  -2.38069086e-04
   3.44291421e+02   4.59661715e-05
   3.44291910e+02   3.19587853e-04
   3.44292398e+02  -2.66174575e-05
   3.44292886e+02  -5.13251754e-04
   3.44293375e+02  -6.85018895e-04
   3.44293863e+02  -6.15591067e-04
   3.44294351e+02  -2.50491372e-04
   3.44294839e+02   2.42032722e-04
   3.44295328e+02   5.68011426e-04
   3.44295816e+02   3.38412734e-04
   3.44296304e+02  -2.15076710e-04
   3.44296793e+02  -3.18519858e-04
   3.44297281e+02  -3.75107425e-04
   3.44297769e+02  -4.29625448e-04
   3.44298258e+02   6.65254702e-05
   3.44298746e+02   4.49237035e-04
   3.44299234e+02  -6.90244860e-06
   3.44299723e+02  -4.48845210e-04
   3.44300211e+02  -1.68507802e-04
   3.44300699e+02   2.37607994e-04
   3.44301188e+02   2.04972122e-04
   3.44301676e+02  -1.85531200e-04
   3.44302164e+02  -1.73970489e-04
   3.44302652e+02  -2.46600866e-05
   3.44303141e+02  -1.68203260e-04
   3.44303629e+02  -1.43659723e-04
   3.44304117e+02   4.79953924e-05
   3.44304606e+02  -6.68295615e-05
   3.44305094e+02  -1.05431638e-04
   3.44305582e+02  -1.00100324e-05
   3.44306071e+02   6.48168207e-05
   3.44306559e+02   3.49446287e-04
   3.44307047e+02   1.06423635e-04
   3.44307536e+02  -1.86593898e-04
   3.44308024e+02  -7.06322098e-05
   3.44308512e+02  -4.34648719e-05
   3.44309000e+02   1.05710686e-04
   3.44309489e+02  -2.17420093e-05
   3.44309977e+02  -4.04384307e-04
   3.44310465e+02  -4.79829527e-04
   3.44310954e+02  -4.06940730e-04
   3.44311442e+02  -2.64158763e-04
   3.44311930e+02  -1.35267532e-04
   3.44312419e+02  -2.12485684e-04
   3.44312907e+02  -3.43004212e-04
   3.44313395e+02  -4.00151417e-04
   3.44313884e+02  -1.70876083e-04
   3.44314372e+02  -9.42608385e-05
   3.44314860e+02  -3.80579499e-04
   3.44315348e+02  -3.94783274e-04
   3.44315837e+02  -1.52084962e-04
   3.44316325e+02  -6.48194691e-05
   3.44316813e+02  -2.42448004e-04
   3.44317302e+02  -2.92294018e-04
   3.44317790e+02  -2.51322723e-04
   3.44318278e+02   1.47736253e-04
   3.44318767e+02   6.09626237e-04
   3.44319255e+02   4.21420147e-04
   3.44319743e+02   5.92787655e-05
   3.44320232e+02  -8.22521833e-05
   3.44320720e+02  -1.00243205e-05
   3.44321208e+02   2.76722334e-04
   3.44321696e+02   4.98798850e-04
   3.44322185e+02   3.64692038e-04
   3.44322673e+02   1.52261491e-04
   3.44323161e+02   1.75494264e-04
   3.44323650e+02   2.57933949e-04
   3.44324138e+02   3.80083482e-04
   3.44324626e+02   3.74217547e-04
   3.44325115e+02   3.81735852e-04
   3.44325603e+02   3.97268392e-04
   3.44326091e+02   4.25844220e-04
   3.44326580e+02   6.71337068e-04
   3.44327068e+02   6.53718074e-04
   3.44327556e+02   2.55601684e-04
   3.44328044e+02   4.02000696e-05
   3.44328533e+02  -1.68218889e-04
   3.44329021e+02  -4.18082171e-04
   3.44329509e+02  -3.08968971e-04
   3.44329998e+02  -6.89410683e-07
   3.44330486e+02   2.86294653e-05
   3.44330974e+02   1.20322104e-04
   3.44331463e+02   2.42595037e-04
   3.44331951e+02   3.15583093e-05
   3.44332439e+02  -3.26765410e-04
   3.44332928e+02  -3.92854330e-04
   3.44333416e+02  -9.37828590e-05
   3.44333904e+02   1.47232247e-04
   3.44334392e+02   2.36765918e-04
   3.44334881e+02   9.06913774e-05
   3.44335369e+02  -3.59405931e-05
   3.44335857e+02   3.33382159e-05
   3.44336346e+02  -2.43147906e-06
   3.44336834e+02  -1.73357021e-05
   3.44337322e+02  -7.88004909e-05
   3.44337811e+02  -5.09584197e-06
   3.44338299e+02   2.92012381e-04
   3.44338787e+02   2.11842009e-04
   3.44339276e+02  -2.27103228e-04
   3.44339764e+02  -6.10618445e-04
   3.44340252e+02  -4.83901647e-04
   3.44340741e+02  -2.95440026e-04
   3.44341229e+02  -3.44689091e-04
   3.44341717e+02  -3.85060448e-05
   3.44342205e+02   3.84328305e-05
   3.44342694e+02  -3.22681386e-04
   3.44343182e+02  -1.70906409e-04
   3.44343670e+02  -5.51350240e-05
   3.44344159e+02  -1.36893912e-04
   3.44344647e+02  -3.66988155e-04
   3.44345135e+02  -7.15757138e-04
   3.44345624e+02  -3.12972523e-04
   3.44346112e+02   1.65629259e-04
   3.44346600e+02   3.53885093e-06
   3.44347089e+02   1.31216017e-04
   3.44347577e+02   6.29731745e-04
   3.44348065e+02   5.77360799e-04
   3.44348553e+02  -1.16032184e-04
   3.44349042e+02  -2.69256707e-04
   3.44349530e+02   2.37471701e-04
   3.44350018e+02   4.21571662e-04
   3.44350507e+02   1.12681628e-04
   3.44350995e+02   4.07974403e-05
   3.44351483e+02  -1.44212157e-04
   3.44351972e+02  -4.00692108e-04
   3.44352460e+02  -1.96157984e-04
   3.44352948e+02  -5.74907463e-04
   3.44353437e+02  -8.81285232e-04
   3.44353925e+02  -1.87846803e-04
   3.44354413e+02   1.60655298e-04
   3.44354901e+02   1.03424580e-04
   3.44355390e+02   4.30632994e-04
   3.44355878e+02   3.10500880e-04
   3.44356366e+02   1.06806903e-04
   3.44356855e+02   5.41605696e-04
   3.44357343e+02   4.38878284e-04
   3.44357831e+02   1.61996228e-04
   3.44358320e+02   1.63504548e-04
   3.44358808e+02  -1.86721838e-04
   3.44359296e+02  -1.35433816e-04
   3.44359785e+02   9.87567764e-05
   3.44360273e+02  -1.22432990e-04
   3.44360761e+02  -9.26582143e-05
   3.44361249e+02   3.91870890e-05
   3.44361738e+02   1.59628602e-04
   3.44362226e+02   1.97583766e-04
   3.44362714e+02   1.19105483e-04
   3.44363203e+02  -1.70354942e-05
   3.44363691e+02  -1.47231665e-04
   3.44364179e+02  -1.59143947e-05
   3.44364668e+02  -3.49987713e-05
   3.44365156e+02  -3.86029016e-04
   3.44365644e+02  -3.17448546e-04
   3.44366133e+02   1.34889633e-04
   3.44366621e+02   1.89085418e-04
   3.44367109e+02  -1.73932189e-04
   3.44367597e+02  -3.41432897e-04
   3.44368086e+02  -2.64894450e-04
   3.44368574e+02   3.54066797e-05
   3.44369062e+02  -2.44925086e-05
   3.44369551e+02  -2.83599860e-04
   3.44370039e+02  -3.00308660e-04
   3.44370527e+02  -2.21262715e-04
   3.44371016e+02  -1.59984309e-04
   3.44371504e+02  -3.87666165e-04
   3.44371992e+02  -7.88339472e-04
   3.44372481e+02  -4.29570908e-04
   3.44372969e+02   3.00831161e-04
   3.44373457e+02   4.70416271e-04
   3.44373945e+02   2.55583000e-04
   3.44374434e+02  -5.43272326e-05
   3.44374922e+02  -1.46060251e-04
   3.44375410e+02  -4.05517058e-05
   3.44375899e+02  -2.29202851e-04
   3.44376387e+02   1.66387545e-05
   3.44376875e+02   4.08348773e-04
   3.44377364e+02  -7.08760035e-06
   3.44377852e+02  -3.21518281e-04
   3.44378340e+02   1.81804819e-04
   3.44378829e+02   6.23623724e-04
   3.44379317e+02   3.27962654e-04
   3.44379805e+02  -3.00494521e-05
   3.44380294e+02  -9.02577085e-05
   3.44380782e+02  -1.37532334e-04
   3.44381270e+02   5.75797785e-05
   3.44381758e+02   3.80912184e-04
   3.44382247e+02   4.18509822e-04
   3.44382735e+02   3.08516668e-04
   3.44383223e+02   2.18190238e-04
   3.44383712e+02   3.21774103e-04
   3.44384200e+02   3.59857455e-04
   3.44384688e+02   3.85702833e-06
   3.44385177e+02  -1.66280894e-04
   3.44385665e+02  -4.89803788e-05
   3.44386153e+02   9.15701821e-05
   3.44386642e+02  -1.27968990e-04
   3.44387130e+02  -9.35776683e-04
   3.44387618e+02  -9.28846071e-04
   3.44388106e+02  -2.94351448e-05
   3.44388595e+02   2.37878066e-05
   3.44389083e+02  -4.23092744e-04
   3.44389571e+02  -6.81492966e-05
   3.44390060e+02   1.20239201e-04
   3.44390548e+02  -1.96142471e-04
   3.44391036e+02  -1.16645700e-04
   3.44391525e+02   3.54306307e-04
   3.44392013e+02   5.06136799e-04
   3.44392501e+02   4.01615340e-04
   3.44392990e+02   7.90944614e-05
   3.44393478e+02  -2.71685247e-04
   3.44393966e+02  -1.93738560e-05
   3.44394454e+02   3.95515090e-04
   3.44394943e+02   2.74218532e-04
   3.44395431e+02   7.84140429e-05
   3.44395919e+02   2.37788641e-04
   3.44396408e+02   4.71168780e-04
   3.44396896e+02   1.48310850e-04
   3.44397384e+02  -2.96248501e-04
   3.44397873e+02  -4.06778381e-05
   3.44398361e+02   3.16872232e-04
   3.44398849e+02   3.59504687e-04
   3.44399338e+02   3.14576842e-04
   3.44399826e+02   2.04717464e-04
   3.44400314e+02  -5.17053968e-06
   3.44400802e+02   1.24923055e-04
   3.44401291e+02   5.54991711e-04
   3.44401779e+02   8.41774687e-04
   3.44402267e+02   9.47521883e-04
   3.44402756e+02   4.46428719e-04
   3.44403244e+02  -1.45018959e-04
   3.44403732e+02  -1.61222983e-04
   3.44404221e+02   6.36773184e-05
   3.44404709e+02   6.27096451e-04
   3.44405197e+02   9.59447294e-04
   3.44405686e+02   4.40943084e-04
   3.44406174e+02  -4.86482786e-05
   3.44406662e+02  -1.53431291e-04
   3.44407150e+02  -5.64092370e-05
   3.44407639e+02   8.89130679e-05
   3.44408127e+02   1.11164001e-04
   3.44408615e+02   3.64044899e-05
   3.44409104e+02   8.60360524e-05
   3.44409592e+02  -1.74736822e-04
   3.44410080e+02  -3.95523588e-04
   3.44410569e+02  -2.14254236e-04
   3.44411057e+02  -1.64063429e-04
   3.44411545e+02  -2.24131043e-04
   3.44412034e+02  -1.52048422e-04
   3.44412522e+02   3.58532852e-05
   3.44413010e+02   1.50931897e-04
   3.44413498e+02   9.18302394e-05
   3.44413987e+02   8.22955553e-05
   3.44414475e+02   1.94972410e-04
   3.44414963e+02   4.94125707e-04
   3.44415452e+02   4.80736053e-04
   3.44415940e+02   7.98865221e-05
   3.44416428e+02  -1.81940239e-04
   3.44416917e+02  -1.56971480e-04
   3.44417405e+02  -5.84066365e-05
   3.44417893e+02   6.47007328e-05
   3.44418382e+02   1.87190744e-04
   3.44418870e+02  -2.29997731e-05
   3.44419358e+02  -1.50094464e-04
   3.44419847e+02  -6.19422572e-05
   3.44420335e+02  -1.09723762e-04
   3.44420823e+02  -2.81827815e-04
   3.44421311e+02  -3.07557173e-04
   3.44421800e+02   1.92319378e-04
   3.44422288e+02   6.03686552e-04
   3.44422776e+02   2.26139338e-04
   3.44423265e+02  -3.95876210e-04
   3.44423753e+02  -4.36691451e-04
   3.44424241e+02  -1.86787118e-04
   3.44424730e+02  -1.25010571e-04
   3.44425218e+02  -2.60566128e-04
   3.44425706e+02   1.92981297e-05
   3.44426195e+02   2.56175466e-04
   3.44426683e+02   9.48335401e-06
   3.44427171e+02  -8.04767042e-05
   3.44427659e+02   9.46386353e-05
   3.44428148e+02   3.32822907e-04
   3.44428636e+02   3.60314705e-04
   3.44429124e+02   7.46130318e-05
   3.44429613e+02  -2.36438485e-04
   3.44430101e+02   4.73684959e-05
   3.44430589e+02   3.64002888e-04
   3.44431078e+02   1.63947931e-04
   3.44431566e+02   1.04259190e-04
   3.44432054e+02   8.30945064e-05
   3.44432543e+02  -6.67411019e-04
   3.44433031e+02  -1.24621496e-03
   3.44433519e+02  -6.85502309e-04
   3.44434007e+02  -3.18365899e-04
   3.44434496e+02  -3.36177909e-04
   3.44434984e+02  -2.47171323e-04
   3.44435472e+02  -3.57159006e-04
   3.44435961e+02  -5.10299578e-04
   3.44436449e+02  -2.92533630e-04
   3.44436937e+02  -2.03736909e-05
   3.44437426e+02   2.26935790e-05
   3.44437914e+02  -2.45017814e-04
   3.44438402e+02  -6.02778280e-04
   3.44438891e+02  -7.57251109e-04
   3.44439379e+02  -5.08596015e-04
   3.44439867e+02  -3.82956659e-06
   3.44440355e+02   3.59765327e-05
   3.44440844e+02  -2.31967293e-04
   3.44441332e+02  -3.14844801e-04
   3.44441820e+02  -2.22748204e-04
   3.44442309e+02  -2.77103332e-04
   3.44442797e+02  -1.86211168e-04
   3.44443285e+02   1.04301711e-04
   3.44443774e+02   1.10373330e-04
   3.44444262e+02  -7.07727741e-05
   3.44444750e+02  -3.21154512e-04
   3.44445239e+02  -3.40493454e-04
   3.44445727e+02  -1.88434191e-04
   3.44446215e+02   4.41862067e-05
   3.44446703e+02   3.61546030e-04
   3.44447192e+02   3.04924033e-04
   3.44447680e+02   1.30986315e-04
   3.44448168e+02   2.22075192e-04
   3.44448657e+02   3.22718224e-05
   3.44449145e+02  -4.81887138e-04
   3.44449633e+02  -5.12479397e-04
   3.44450122e+02   6.37877238e-05
   3.44450610e+02   2.72158155e-04
   3.44451098e+02   1.84567223e-04
   3.44451587e+02   2.13012812e-04
   3.44452075e+02   4.01153171e-04
   3.44452563e+02   5.98641520e-04
   3.44453051e+02   4.50115214e-04
   3.44453540e+02   2.12498908e-05
   3.44454028e+02   2.30907845e-05
   3.44454516e+02   3.71739588e-04
   3.44455005e+02   3.06601316e-04
   3.44455493e+02  -7.60381445e-05
   3.44455981e+02  -8.58461353e-05
   3.44456470e+02   5.15684042e-05
   3.44456958e+02  -3.03522131e-04
   3.44457446e+02  -4.15218092e-04
   3.44457935e+02  -2.36665204e-04
   3.44458423e+02  -1.73306136e-04
   3.44458911e+02   1.82773420e-05
   3.44459400e+02   5.07572586e-05
   3.44459888e+02   1.97928355e-04
   3.44460376e+02   3.09412775e-04
   3.44460864e+02   2.93857374e-05
   3.44461353e+02  -2.39372821e-04
   3.44461841e+02  -4.57613933e-04
   3.44462329e+02  -4.70735686e-04
   3.44462818e+02  -2.13346037e-04
   3.44463306e+02  -9.71392437e-05
   3.44463794e+02  -1.76042286e-05
   3.44464283e+02   2.54339742e-04
   3.44464771e+02   2.25281954e-04
   3.44465259e+02  -1.90702576e-05
   3.44465748e+02  -1.09165696e-04
   3.44466236e+02   1.46902257e-05
   3.44466724e+02   1.59427029e-04
   3.44467212e+02   2.21867434e-04
   3.44467701e+02   2.96550512e-04
   3.44468189e+02   3.65612650e-04
   3.44468677e+02   4.04875027e-04
   3.44469166e+02   3.02611479e-05
   3.44469654e+02  -3.62920662e-04
   3.44470142e+02  -4.17633186e-04
   3.44470631e+02  -2.70601100e-04
   3.44471119e+02  -1.69844250e-04
   3.44471607e+02  -2.01668052e-04
   3.44472096e+02  -4.76193454e-05
   3.44472584e+02   1.46626044e-04
   3.44473072e+02   3.62135106e-05
   3.44473560e+02   4.83808362e-05
   3.44474049e+02   1.37622206e-04
   3.44474537e+02  -3.23482062e-04
   3.44475025e+02  -7.53910805e-04
   3.44475514e+02  -4.18903073e-04
   3.44476002e+02   1.48522304e-04
   3.44476490e+02   2.80258886e-04
   3.44476979e+02  -3.22735694e-04
   3.44477467e+02  -7.65555073e-04
   3.44477955e+02  -2.49889155e-04
   3.44478444e+02   1.88880338e-04
   3.44478932e+02   3.64752814e-05
   3.44479420e+02  -2.51301593e-04
   3.44479908e+02  -3.92526621e-04
   3.44480397e+02  -2.58708838e-04
   3.44480885e+02  -2.25756114e-04
   3.44481373e+02  -1.47336526e-04
   3.44481862e+02   1.20810233e-04
   3.44482350e+02   6.74733310e-05
   3.44482838e+02  -3.92854068e-04
   3.44483327e+02  -2.46016571e-04
   3.44483815e+02   2.05332326e-04
   3.44484303e+02   1.89332321e-04
   3.44484792e+02   1.43266851e-04
   3.44485280e+02   1.24242011e-04
   3.44485768e+02  -3.48224363e-04
   3.44486256e+02  -4.33658221e-04
   3.44486745e+02   5.65319933e-05
   3.44487233e+02   1.05267725e-04
   3.44487721e+02  -2.76089850e-05
   3.44488210e+02   9.62125414e-05
   3.44488698e+02   1.54661670e-04
   3.44489186e+02   2.07217265e-04
   3.44489675e+02   3.57842480e-04
   3.44490163e+02   4.67589736e-04
   3.44490651e+02   2.95834470e-04
   3.44491140e+02   1.03594590e-04
   3.44491628e+02   1.24630442e-05
   3.44492116e+02   2.57432897e-04
   3.44492604e+02   3.59028956e-04
   3.44493093e+02   5.47618401e-05
   3.44493581e+02  -8.32579826e-06
   3.44494069e+02   9.56652075e-05
   3.44494558e+02   2.20356975e-04
   3.44495046e+02   6.39861464e-05
   3.44495534e+02  -2.60828296e-04
   3.44496023e+02  -3.32996278e-04
   3.44496511e+02  -9.07901267e-05
   3.44496999e+02   1.47336192e-04
   3.44497488e+02  -6.47553461e-05
   3.44497976e+02  -2.59157707e-04
   3.44498464e+02  -4.04621096e-05
   3.44498953e+02  -9.43311097e-05
   3.44499441e+02  -3.35005112e-04
   3.44499929e+02   1.01596699e-04
   3.44500417e+02   3.35213845e-04
   3.44500906e+02   1.38246833e-04
   3.44501394e+02   4.34921210e-04
   3.44501882e+02   5.44848735e-04
   3.44502371e+02   3.86070635e-04
   3.44502859e+02   5.21151116e-04
   3.44503347e+02   2.78800871e-04
   3.44503836e+02  -1.13909147e-04
   3.44504324e+02   7.72417334e-05
   3.44504812e+02   2.04723183e-04
   3.44505301e+02   1.36958668e-04
   3.44505789e+02   8.85890331e-05
   3.44506277e+02   2.40054709e-04
   3.44506765e+02   1.66200363e-04
   3.44507254e+02  -3.75449279e-04
   3.44507742e+02  -8.01315124e-04
   3.44508230e+02  -6.65426429e-04
   3.44508719e+02  -3.42672953e-04
   3.44509207e+02  -8.08392997e-06
   3.44509695e+02  -1.44695354e-04
   3.44510184e+02  -6.28163863e-04
   3.44510672e+02  -6.07667433e-04
   3.44511160e+02  -4.00632620e-04
   3.44511649e+02  -2.52800412e-04
   3.44512137e+02   9.78890457e-05
   3.44512625e+02   1.09745750e-04
   3.44513113e+02  -2.40233669e-04
   3.44513602e+02  -2.69484939e-04
   3.44514090e+02   2.50230631e-04
   3.44514578e+02   3.88343935e-04
   3.44515067e+02  -6.01364009e-05
   3.44515555e+02  -1.55450965e-04
   3.44516043e+02  -2.56706262e-04
   3.44516532e+02  -2.48822529e-04
   3.44517020e+02   4.23450838e-05
   3.44517508e+02   3.68998066e-04
   3.44517997e+02   4.18237585e-04
   3.44518485e+02  -5.90407653e-05
   3.44518973e+02  -3.07426730e-04
   3.44519461e+02   4.50995640e-06
   3.44519950e+02   2.78475869e-04
   3.44520438e+02   4.17614559e-04
   3.44520926e+02   5.86602429e-04
   3.44521415e+02   5.79605170e-04
   3.44521903e+02   1.09628374e-04
   3.44522391e+02  -2.74020684e-04
   3.44522880e+02  -3.58606863e-04
   3.44523368e+02  -2.91348493e-04
   3.44523856e+02   8.55158796e-05
   3.44524345e+02   1.89910395e-04
   3.44524833e+02   9.61215846e-05
   3.44525321e+02   3.42433690e-04
   3.44525809e+02   1.34744696e-04
   3.44526298e+02  -1.85955942e-04
   3.44526786e+02   1.64159792e-04
   3.44527274e+02   7.69170147e-05
   3.44527763e+02  -3.77262244e-04
   3.44528251e+02  -2.89069489e-04
   3.44528739e+02   7.43736837e-06
   3.44529228e+02   3.19536950e-04
   3.44529716e+02   3.51082417e-04
   3.44530204e+02   1.61065997e-04
   3.44530693e+02  -4.89537670e-05
   3.44531181e+02  -2.84798243e-05
   3.44531669e+02   6.37898265e-05
   3.44532157e+02  -1.00832622e-04
   3.44532646e+02  -3.21632629e-04
   3.44533134e+02  -1.12884518e-04
   3.44533622e+02   8.94326513e-05
   3.44534111e+02   1.76140718e-04
   3.44534599e+02   4.20733821e-04
   3.44535087e+02   2.67969561e-04
   3.44535576e+02  -1.32220986e-04
   3.44536064e+02  -3.75664909e-04
   3.44536552e+02  -3.65815271e-04
   3.44537041e+02   4.29439060e-05
   3.44537529e+02   1.32418951e-04
   3.44538017e+02  -5.14867832e-04
   3.44538506e+02  -6.70460809e-04
   3.44538994e+02  -3.98113800e-04
   3.44539482e+02  -3.87999025e-04
   3.44539970e+02  -2.04262382e-04
   3.44540459e+02  -1.89428247e-04
   3.44540947e+02  -2.73892161e-04
   3.44541435e+02   3.26398615e-04
   3.44541924e+02   2.45822594e-04
   3.44542412e+02  -4.86535078e-04
   3.44542900e+02  -4.31396853e-04
   3.44543389e+02   6.38195661e-06
   3.44543877e+02   2.91476863e-05
   3.44544365e+02   3.26925851e-06
   3.44544854e+02  -1.02639373e-04
   3.44545342e+02  -1.59653471e-04
   3.44545830e+02  -2.49254430e-04
   3.44546318e+02  -3.99847690e-04
   3.44546807e+02  -3.16617079e-04
   3.44547295e+02  -4.64070727e-05
   3.44547783e+02   1.82313306e-04
   3.44548272e+02   3.89063236e-04
   3.44548760e+02   3.79579695e-04
   3.44549248e+02  -1.51762768e-04
   3.44549737e+02  -3.45302687e-04
   3.44550225e+02  -2.07426965e-05
   3.44550713e+02   1.51675317e-06
   3.44551202e+02  -7.80170467e-06
   3.44551690e+02   6.10030547e-05
   3.44552178e+02  -1.20249882e-04
   3.44552666e+02  -2.83206056e-04
   3.44553155e+02  -4.00304067e-04
   3.44553643e+02  -4.49603627e-04
   3.44554131e+02  -2.55944789e-04
   3.44554620e+02   2.98820014e-05
   3.44555108e+02   5.05641547e-05
   3.44555596e+02  -1.72727407e-04
   3.44556085e+02  -2.93202786e-04
   3.44556573e+02  -4.27564461e-04
   3.44557061e+02  -1.74670597e-04
   3.44557550e+02   4.31879103e-04
   3.44558038e+02   5.02113428e-04
   3.44558526e+02   1.65455029e-04
   3.44559014e+02   2.25340016e-04
   3.44559503e+02   1.91038809e-04
   3.44559991e+02   1.01480691e-04
   3.44560479e+02   1.68185114e-04
   3.44560968e+02  -2.73428712e-04
   3.44561456e+02  -5.65673283e-04
   3.44561944e+02  -3.76833632e-04
   3.44562433e+02  -3.01566033e-04
   3.44562921e+02   1.91835337e-04
   3.44563409e+02   5.82486973e-04
   3.44563898e+02   1.35701644e-04
   3.44564386e+02  -3.80388286e-04
   3.44564874e+02  -5.08754805e-04
   3.44565362e+02  -3.79456760e-04
   3.44565851e+02  -1.84939621e-04
   3.44566339e+02   1.59435058e-05
   3.44566827e+02   4.78176749e-04
   3.44567316e+02   8.49599310e-04
   3.44567804e+02   6.13505137e-04
   3.44568292e+02   4.49249521e-04
   3.44568781e+02   4.63782926e-04
   3.44569269e+02   5.89185860e-04
   3.44569757e+02   5.45057759e-04
   3.44570246e+02   3.50503862e-04
   3.44570734e+02   2.15425127e-04
   3.44571222e+02   3.67610774e-04
   3.44571710e+02   5.15793683e-04
   3.44572199e+02   3.55393306e-04
   3.44572687e+02   2.00474053e-04
   3.44573175e+02  -5.19423338e-05
   3.44573664e+02  -2.35973770e-04
   3.44574152e+02  -1.10282883e-04
   3.44574640e+02  -3.72967770e-04
   3.44575129e+02  -6.25624321e-04
   3.44575617e+02  -1.22241341e-04
   3.44576105e+02   2.31270373e-04
   3.44576594e+02   3.72747396e-04
   3.44577082e+02   5.37196116e-04
   3.44577570e+02   2.00705763e-05
   3.44578059e+02  -4.49529442e-04
   3.44578547e+02  -3.45534136e-05
   3.44579035e+02   1.98311682e-04
   3.44579523e+02  -4.51263768e-05
   3.44580012e+02  -2.47527292e-04
   3.44580500e+02  -2.10220591e-04
   3.44580988e+02  -9.50043341e-06
   3.44581477e+02  -1.41475815e-04
   3.44581965e+02  -3.78096069e-04
   3.44582453e+02  -1.67999169e-05
   3.44582942e+02   4.31603286e-04
   3.44583430e+02   1.82257136e-04
   3.44583918e+02  -3.73380783e-04
   3.44584407e+02  -5.25931187e-04
   3.44584895e+02  -4.08434746e-04
   3.44585383e+02  -3.89407534e-04
   3.44585871e+02  -3.10406351e-04
   3.44586360e+02  -1.86444213e-05
   3.44586848e+02   3.99306155e-04
   3.44587336e+02   6.30885537e-04
   3.44587825e+02   5.50411409e-04
   3.44588313e+02   4.19476128e-04
   3.44588801e+02   2.26336240e-04
   3.44589290e+02   8.72685705e-05
   3.44589778e+02   1.58944284e-04
   3.44590266e+02  -2.74952385e-04
   3.44590755e+02  -3.77454795e-04
   3.44591243e+02   5.05795761e-04
   3.44591731e+02   5.71941258e-04
   3.44592219e+02  -1.36579285e-04
   3.44592708e+02  -4.13345289e-04
   3.44593196e+02  -5.81331318e-04
   3.44593684e+02  -8.30492238e-04
   3.44594173e+02  -5.39790548e-04
   3.44594661e+02   8.71522298e-06
   3.44595149e+02   2.54506740e-04
   3.44595638e+02   5.37640997e-04
   3.44596126e+02   4.75777342e-04
   3.44596614e+02   8.84936308e-05
   3.44597103e+02  -2.17344670e-04
   3.44597591e+02   1.63682780e-05
   3.44598079e+02   5.18935150e-04
   3.44598567e+02   5.50624856e-04
   3.44599056e+02   3.02010565e-04
   3.44599544e+02   7.67122547e-05
   3.44600032e+02   5.32406848e-04
   3.44600521e+02   4.19368385e-04
   3.44601009e+02   2.50240439e-04
   3.44601497e+02  -4.98211666e-05
   3.44601986e+02  -3.31074873e-04
   3.44602474e+02  -1.55804650e-04
   3.44602962e+02  -2.86141061e-04
   3.44603451e+02  -4.11540270e-04
   3.44603939e+02  -7.43939017e-05
   3.44604427e+02  -1.03041357e-05
   3.44604915e+02   5.64613629e-06
   3.44605404e+02  -9.02753673e-05
   3.44605892e+02  -2.05568896e-04
   3.44606380e+02  -1.06914067e-05
   3.44606869e+02   1.91486673e-04
   3.44607357e+02   1.47833140e-04
   3.44607845e+02   3.34485696e-04
   3.44608334e+02   3.40183062e-04
   3.44608822e+02   9.54385396e-05
   3.44609310e+02   2.04386350e-04
   3.44609799e+02   7.78631584e-05
   3.44610287e+02  -7.19516902e-05
   3.44610775e+02  -1.59332107e-04
   3.44611263e+02  -5.19409252e-04
   3.44611752e+02  -3.75984440e-04
   3.44612240e+02   1.16869109e-04
   3.44612728e+02   5.19908848e-04
   3.44613217e+02   7.53244909e-04
   3.44613705e+02   4.35937196e-04
   3.44614193e+02   1.63246601e-04
   3.44614682e+02   4.29810316e-04
   3.44615170e+02   7.58791866e-04
   3.44615658e+02   2.70406570e-04
   3.44616147e+02  -2.79230211e-04
   3.44616635e+02  -1.11169929e-05
   3.44617123e+02   3.59826772e-05
   3.44617612e+02  -1.39497643e-04
   3.44618100e+02   7.30420143e-05
   3.44618588e+02   2.49349268e-05
   3.44619076e+02  -4.25269944e-04
   3.44619565e+02  -3.02993605e-04
   3.44620053e+02  -1.53723726e-04
   3.44620541e+02  -3.33403063e-04
   3.44621030e+02  -2.99149833e-04
   3.44621518e+02  -2.76829727e-04
   3.44622006e+02   6.58300705e-05
   3.44622495e+02   5.01901668e-04
   3.44622983e+02   4.05495171e-04
   3.44623471e+02   5.11986473e-05
   3.44623960e+02  -6.14289384e-05
   3.44624448e+02   1.06565472e-04
   3.44624936e+02   2.67390133e-04
   3.44625424e+02   4.01938130e-04
   3.44625913e+02   3.94859992e-04
   3.44626401e+02   6.80568555e-05
   3.44626889e+02  -2.28505785e-04
   3.44627378e+02  -5.89171286e-05
   3.44627866e+02   5.37315733e-04
   3.44628354e+02   7.24444573e-04
   3.44628843e+02   2.00248614e-04
   3.44629331e+02  -1.65605496e-04
   3.44629819e+02   6.42234081e-05
   3.44630308e+02   3.61268700e-04
   3.44630796e+02   3.17749073e-04
   3.44631284e+02  -1.04393701e-04
   3.44631772e+02  -2.12432540e-04
   3.44632261e+02   1.62366181e-04
   3.44632749e+02   2.86826136e-04
   3.44633237e+02   2.91419943e-04
   3.44633726e+02   5.25347481e-04
   3.44634214e+02   5.43884235e-04
   3.44634702e+02   2.13876381e-04
   3.44635191e+02   9.76402298e-05
   3.44635679e+02   1.94319568e-04
   3.44636167e+02   1.48334002e-04
   3.44636656e+02   3.50232673e-04
   3.44637144e+02   3.66475753e-04
   3.44637632e+02  -3.98073971e-05
   3.44638120e+02  -5.22654911e-04
   3.44638609e+02  -7.56804831e-04
   3.44639097e+02  -5.23050374e-04
   3.44639585e+02  -2.61447363e-04
   3.44640074e+02  -1.10903311e-04
   3.44640562e+02   4.81118732e-05
   3.44641050e+02  -2.54237355e-04
   3.44641539e+02  -4.76410234e-04
   3.44642027e+02  -2.94317026e-04
   3.44642515e+02  -1.47847197e-04
   3.44643004e+02  -1.28846033e-04
   3.44643492e+02  -7.64034266e-05
   3.44643980e+02   2.13955980e-04
   3.44644468e+02   2.25716140e-04
   3.44644957e+02  -1.13138034e-04
   3.44645445e+02  -2.61426118e-04
   3.44645933e+02  -1.66779020e-04
   3.44646422e+02  -7.17663497e-05
   3.44646910e+02  -1.67873550e-05
   3.44647398e+02   8.46612966e-05
   3.44647887e+02   1.43141360e-05
   3.44648375e+02  -2.95203990e-05
   3.44648863e+02   1.48734762e-04
   3.44649352e+02   1.17958203e-04
   3.44649840e+02  -3.87264590e-04
   3.44650328e+02  -5.69033087e-04
   3.44650816e+02  -2.84822949e-04
   3.44651305e+02   7.04106424e-05
   3.44651793e+02   6.04953850e-04
   3.44652281e+02   7.31600681e-04
   3.44652770e+02   1.70167041e-04
   3.44653258e+02  -1.90788205e-06
   3.44653746e+02   4.94885026e-04
   3.44654235e+02   1.92491498e-04
   3.44654723e+02  -5.39892295e-04
   3.44655211e+02  -4.70217870e-04
   3.44655700e+02  -3.97128460e-04
   3.44656188e+02  -2.23734591e-04
   3.44656676e+02   2.32871520e-04
   3.44657165e+02   3.03351961e-04
   3.44657653e+02  -5.73697776e-07
   3.44658141e+02  -1.98210008e-04
   3.44658629e+02  -4.82281786e-04
   3.44659118e+02  -3.93956230e-04
   3.44659606e+02  -3.47837544e-04
   3.44660094e+02   1.84096716e-05
   3.44660583e+02   3.76500131e-04
   3.44661071e+02   2.16636734e-04
   3.44661559e+02   3.65195534e-04
   3.44662048e+02   2.65603216e-04
   3.44662536e+02   2.34659790e-04
   3.44663024e+02   2.30438542e-04
   3.44663513e+02  -1.85967481e-04
   3.44664001e+02  -2.88878568e-04
   3.44664489e+02  -2.01343864e-04
   3.44664977e+02   1.41291108e-04
   3.44665466e+02   5.67559793e-04
   3.44665954e+02   4.03618149e-04
   3.44666442e+02   1.59832871e-05
   3.44666931e+02   1.67259801e-04
   3.44667419e+02   6.01083622e-04
   3.44667907e+02   5.27161697e-04
   3.44668396e+02   1.85861267e-04
   3.44668884e+02   1.65776335e-04
   3.44669372e+02   4.63753240e-04
   3.44669861e+02   3.94987612e-04
   3.44670349e+02  -2.52538186e-04
   3.44670837e+02  -4.73417604e-04
   3.44671325e+02  -3.94872390e-04
   3.44671814e+02  -5.37913758e-04
   3.44672302e+02  -2.53357197e-04
   3.44672790e+02  -1.07348176e-04
   3.44673279e+02  -6.45035587e-04
   3.44673767e+02  -7.03551632e-04
   3.44674255e+02  -2.21965849e-04
   3.44674744e+02   2.49653767e-05
   3.44675232e+02   3.70067108e-04
   3.44675720e+02   5.47494623e-04
   3.44676209e+02   2.80900975e-04
   3.44676697e+02   3.81992926e-04
   3.44677185e+02   3.59285012e-04
   3.44677673e+02   1.14831746e-04
   3.44678162e+02   1.35022172e-04
   3.44678650e+02   1.76235058e-04
   3.44679138e+02   1.26527477e-04
   3.44679627e+02   4.96643879e-05
   3.44680115e+02  -4.55815680e-05
   3.44680603e+02  -8.70361037e-05
   3.44681092e+02  -1.26750499e-04
   3.44681580e+02  -3.02293978e-04
   3.44682068e+02  -4.02510865e-04
   3.44682557e+02  -4.65230201e-04
   3.44683045e+02  -5.46595722e-04
   3.44683533e+02  -5.61537527e-05
   3.44684021e+02   1.34807822e-04
   3.44684510e+02  -4.36499424e-04
   3.44684998e+02  -6.56576070e-04
   3.44685486e+02  -5.07584482e-04
   3.44685975e+02  -5.68985815e-05
   3.44686463e+02   3.61971877e-04
   3.44686951e+02   3.93470051e-04
   3.44687440e+02   3.83057777e-04
   3.44687928e+02   7.08978696e-05
   3.44688416e+02  -2.01936346e-04
   3.44688905e+02   1.86488352e-04
   3.44689393e+02   1.57787552e-04
   3.44689881e+02  -9.18131482e-05
   3.44690369e+02  -5.11030121e-05
   3.44690858e+02  -9.96243907e-05
   3.44691346e+02   1.31230947e-04
   3.44691834e+02   3.70593771e-04
   3.44692323e+02   3.14517674e-04
   3.44692811e+02   2.73068668e-04
   3.44693299e+02   1.25290899e-04
   3.44693788e+02   1.12480680e-04
   3.44694276e+02   1.55964051e-04
   3.44694764e+02  -1.15450166e-04
   3.44695253e+02  -2.63288704e-04
   3.44695741e+02  -8.65472612e-05
   3.44696229e+02   3.09849391e-04
   3.44696718e+02   8.14666506e-04
   3.44697206e+02   8.41257395e-04
   3.44697694e+02   7.26108614e-04
   3.44698182e+02   7.39277457e-04
   3.44698671e+02   5.86816692e-04
   3.44699159e+02   3.62705905e-04
   3.44699647e+02   1.72495042e-04
   3.44700136e+02  -1.71034233e-04
   3.44700624e+02  -7.13175745e-04
   3.44701112e+02  -8.28060263e-04
   3.44701601e+02  -2.75491999e-04
   3.44702089e+02   3.17898048e-05
   3.44702577e+02  -2.00317721e-04
   3.44703066e+02  -3.34999349e-04
   3.44703554e+02  -2.27164288e-04
   3.44704042e+02  -3.78383731e-04
   3.44704530e+02  -3.07320530e-04
   3.44705019e+02   3.46381275e-04
   3.44705507e+02   4.21280798e-04
   3.44705995e+02  -4.34888898e-05
   3.44706484e+02  -3.00404150e-04
   3.44706972e+02  -3.69214569e-04
   3.44707460e+02  -4.07693035e-04
   3.44707949e+02  -2.89572461e-04
   3.44708437e+02   1.51873915e-04
   3.44708925e+02   4.82845004e-04
   3.44709414e+02   6.63513201e-04
   3.44709902e+02   6.32117677e-04
   3.44710390e+02   2.02366893e-04
   3.44710878e+02  -1.51379980e-04
   3.44711367e+02  -1.72484695e-04
   3.44711855e+02   8.14629748e-05
   3.44712343e+02   1.49818618e-04
   3.44712832e+02   2.18774570e-04
   3.44713320e+02   4.03964630e-04
   3.44713808e+02   2.11623337e-04
   3.44714297e+02  -2.12418207e-04
   3.44714785e+02  -3.87960114e-04
   3.44715273e+02   1.97697609e-05
   3.44715762e+02   3.74813768e-04
   3.44716250e+02   4.19239732e-05
   3.44716738e+02  -2.67358730e-04
   3.44717226e+02  -5.83485118e-04
   3.44717715e+02  -3.18822247e-04
   3.44718203e+02  -3.50024260e-04
   3.44718691e+02  -4.31403460e-04
   3.44719180e+02   2.77461113e-05
   3.44719668e+02   2.85234972e-04
   3.44720156e+02   1.56475304e-04
   3.44720645e+02   1.07276828e-04
   3.44721133e+02   1.74216781e-04
   3.44721621e+02   1.51456741e-04
   3.44722110e+02   1.16784468e-04
   3.44722598e+02   2.90711527e-04
   3.44723086e+02   5.13719744e-04
   3.44723574e+02   2.29333629e-04
   3.44724063e+02  -1.90388339e-04
   3.44724551e+02   1.36781000e-05
   3.44725039e+02   1.27722407e-04
   3.44725528e+02  -3.36943165e-04
   3.44726016e+02  -5.34239400e-04
   3.44726504e+02  -4.06781241e-04
   3.44726993e+02  -1.55211252e-04
   3.44727481e+02   5.55107661e-04
   3.44727969e+02   8.66116839e-04
   3.44728458e+02   6.22070685e-04
   3.44728946e+02   5.95827820e-04
   3.44729434e+02   2.57128995e-04
   3.44729922e+02  -5.38143831e-05
   3.44730411e+02   3.14777368e-04
   3.44730899e+02   4.07953979e-04
   3.44731387e+02   1.66434183e-04
   3.44731876e+02  -7.53006971e-05
   3.44732364e+02  -1.69512001e-04
   3.44732852e+02   1.05472507e-04
   3.44733341e+02   1.56709953e-04
   3.44733829e+02  -3.28929193e-04
   3.44734317e+02  -1.03415211e-03
   3.44734806e+02  -9.33407806e-04
   3.44735294e+02   4.77770336e-05
   3.44735782e+02   4.19044401e-04
   3.44736271e+02   3.43219639e-04
   3.44736759e+02   2.50792451e-04
   3.44737247e+02   2.88294075e-04
   3.44737735e+02   4.97564906e-04
   3.44738224e+02   3.68227891e-04
   3.44738712e+02   4.63661447e-04
   3.44739200e+02   2.86559167e-04
   3.44739689e+02  -3.16435850e-04
   3.44740177e+02  -4.40758507e-04
   3.44740665e+02  -4.55264410e-04
   3.44741154e+02  -3.99087672e-04
   3.44741642e+02  -1.35379814e-04
   3.44742130e+02  -6.42652012e-05
   3.44742619e+02  -2.64696719e-04
   3.44743107e+02  -2.08978963e-04
   3.44743595e+02   5.98005681e-06
   3.44744083e+02   1.24349754e-04
   3.44744572e+02   1.29409484e-04
   3.44745060e+02   2.73798185e-04
   3.44745548e+02   2.22698989e-04
   3.44746037e+02  -1.80096729e-04
   3.44746525e+02  -8.85239497e-05
   3.44747013e+02   9.41930484e-05
   3.44747502e+02   1.44742691e-04
   3.44747990e+02   3.02744942e-04
   3.44748478e+02   2.50478275e-04
   3.44748967e+02   2.29940400e-04
   3.44749455e+02  -1.24204584e-04
   3.44749943e+02  -5.02098701e-04
   3.44750431e+02  -5.54028549e-04
   3.44750920e+02  -7.07193278e-04
   3.44751408e+02  -5.77865227e-04
   3.44751896e+02   9.43180567e-05
   3.44752385e+02   4.38224408e-04
   3.44752873e+02   9.00556042e-05
   3.44753361e+02   1.61417600e-04
   3.44753850e+02   5.04531665e-04
   3.44754338e+02   5.65660361e-04
   3.44754826e+02   3.90383124e-04
   3.44755315e+02   2.07989433e-04
   3.44755803e+02   3.13054006e-05
   3.44756291e+02  -4.21922217e-04
   3.44756779e+02  -8.41793022e-04
   3.44757268e+02  -7.83471973e-04
   3.44757756e+02  -5.85360278e-04
   3.44758244e+02  -4.38078714e-04
   3.44758733e+02  -5.00671449e-04
   3.44759221e+02  -6.18005288e-04
   3.44759709e+02  -2.37884495e-04
   3.44760198e+02   1.30289773e-04
   3.44760686e+02   2.44307099e-04
   3.44761174e+02   3.71937669e-04
   3.44761663e+02   2.84452544e-04
   3.44762151e+02  -2.73850637e-05
   3.44762639e+02  -1.28543223e-04
   3.44763127e+02   1.16207329e-05
   3.44763616e+02   1.65862482e-04
   3.44764104e+02   3.40400467e-04
   3.44764592e+02   2.36854175e-04
   3.44765081e+02   1.29944616e-04
   3.44765569e+02   7.81677500e-06
   3.44766057e+02  -2.06998986e-04
   3.44766546e+02  -1.69463267e-04
   3.44767034e+02   2.85109505e-04
   3.44767522e+02   6.63687184e-04
   3.44768011e+02   1.04649538e-04
   3.44768499e+02  -6.04305649e-04
   3.44768987e+02  -3.83704493e-04
   3.44769475e+02   9.09599476e-05
   3.44769964e+02   4.03545448e-04
   3.44770452e+02   5.13584528e-04
   3.44770940e+02   7.16009468e-04
   3.44771429e+02   8.56263796e-04
   3.44771917e+02   3.31128016e-04
   3.44772405e+02  -2.32468828e-05
   3.44772894e+02   2.98606610e-04
   3.44773382e+02  -2.75836646e-05
   3.44773870e+02  -6.38919591e-04
   3.44774359e+02  -3.31150019e-04
   3.44774847e+02   1.27114981e-04
   3.44775335e+02   1.14194459e-04
   3.44775824e+02  -1.28463507e-04
   3.44776312e+02  -1.46637263e-04
   3.44776800e+02   2.49483383e-05
   3.44777288e+02  -6.98861913e-05
   3.44777777e+02   1.38967051e-04
   3.44778265e+02   7.24111509e-04
   3.44778753e+02   5.03573567e-04
   3.44779242e+02   3.02924076e-04
   3.44779730e+02   2.54057406e-04
   3.44780218e+02   1.14430761e-04
   3.44780707e+02   7.81314957e-05
   3.44781195e+02   1.68412167e-04
   3.44781683e+02   5.51032135e-04
   3.44782172e+02   3.67645232e-04
   3.44782660e+02  -2.25791213e-04
   3.44783148e+02  -2.88147596e-04
   3.44783636e+02  -1.62775672e-04
   3.44784125e+02  -2.57964741e-04
   3.44784613e+02  -4.09932254e-04
   3.44785101e+02  -5.47546952e-04
   3.44785590e+02  -3.41097504e-04
   3.44786078e+02   5.02775438e-05
   3.44786566e+02   3.09439900e-04
   3.44787055e+02   5.43595350e-04
   3.44787543e+02   3.03168985e-04
   3.44788031e+02   1.53459318e-04
   3.44788520e+02   4.96446446e-04
   3.44789008e+02   7.68599159e-04
   3.44789496e+02   5.93789387e-04
   3.44789984e+02   9.01619424e-05
   3.44790473e+02  -1.06856241e-04
   3.44790961e+02   3.07952796e-05
   3.44791449e+02   9.48034358e-05
   3.44791938e+02  -1.43648213e-04
   3.44792426e+02  -1.61946999e-04
   3.44792914e+02   1.05282408e-04
   3.44793403e+02  -1.55483998e-04
   3.44793891e+02  -2.14606043e-04
   3.44794379e+02   1.03095706e-04
   3.44794868e+02   1.67814520e-04
   3.44795356e+02   2.59445751e-05
   3.44795844e+02  -2.21542752e-04
   3.44796332e+02  -2.58258719e-04
   3.44796821e+02   5.72102581e-05
   3.44797309e+02   3.79133184e-04
   3.44797797e+02   2.69941753e-04
   3.44798286e+02   2.62802409e-04
   3.44798774e+02   5.36307052e-04
   3.44799262e+02   5.46371972e-04
   3.44799751e+02   4.39993019e-04
   3.44800239e+02   4.22917146e-05
   3.44800727e+02  -2.43987306e-04
   3.44801216e+02  -1.43926285e-04
   3.44801704e+02   1.47420084e-04
   3.44802192e+02   2.34491177e-04
   3.44802680e+02  -1.00822246e-04
   3.44803169e+02  -1.33684662e-04
   3.44803657e+02  -2.82450579e-04
   3.44804145e+02  -4.78258560e-04
   3.44804634e+02  -2.78823718e-04
   3.44805122e+02  -1.80785297e-04
   3.44805610e+02   1.49920415e-05
   3.44806099e+02   3.56796314e-04
   3.44806587e+02   5.65438590e-04
   3.44807075e+02   3.41920153e-04
   3.44807564e+02  -2.00392067e-04
   3.44808052e+02  -2.50697980e-04
   3.44808540e+02   8.17413365e-06
   3.44809028e+02   3.66034656e-04
   3.44809517e+02   7.02264777e-04
   3.44810005e+02   2.50528770e-04
   3.44810493e+02  -4.26655984e-04
   3.44810982e+02  -4.17920935e-04
   3.44811470e+02  -1.59144867e-04
   3.44811958e+02  -1.53209330e-04
   3.44812447e+02  -4.90285049e-04
   3.44812935e+02  -4.43565601e-04
   3.44813423e+02  -5.71353339e-05
   3.44813912e+02   4.64223449e-05
   3.44814400e+02   4.16161929e-05
   3.44814888e+02  -2.98300511e-05
   3.44815377e+02  -1.95569970e-04
   3.44815865e+02  -1.09632776e-04
   3.44816353e+02   1.70595697e-04
   3.44816841e+02   1.05275278e-04
   3.44817330e+02  -6.30972718e-05
   3.44817818e+02   1.96920773e-05
   3.44818306e+02  -2.19052177e-04
   3.44818795e+02  -4.70782659e-04
   3.44819283e+02  -1.99960356e-04
   3.44819771e+02   1.02868558e-04
   3.44820260e+02   2.36899723e-04
   3.44820748e+02   3.99595767e-04
   3.44821236e+02   3.83216480e-04
   3.44821725e+02   2.31530605e-04
   3.44822213e+02  -3.84508967e-05
   3.44822701e+02  -1.85031269e-04
   3.44823189e+02  -3.49215901e-04
   3.44823678e+02  -5.41635382e-04
   3.44824166e+02  -4.99118934e-04
   3.44824654e+02  -5.10274374e-04
   3.44825143e+02  -5.27557859e-04
   3.44825631e+02  -2.02182797e-04
   3.44826119e+02  -1.36020855e-04
   3.44826608e+02  -4.92280291e-04
   3.44827096e+02  -5.74073056e-04
   3.44827584e+02  -1.77579219e-04
   3.44828073e+02  -1.00989302e-04
   3.44828561e+02  -7.16869472e-05
   3.44829049e+02   5.49616350e-04
   3.44829537e+02   8.58758285e-04
   3.44830026e+02   5.52841229e-04
   3.44830514e+02   2.85716436e-04
   3.44831002e+02   1.48128238e-04
   3.44831491e+02   4.86129691e-04
   3.44831979e+02   8.88346171e-04
   3.44832467e+02   7.51770742e-04
   3.44832956e+02   4.45518148e-04
   3.44833444e+02  -2.52822338e-05
