frequency (GHz), flux (Jy/beam)
   3.45010009e+02   3.56319564e-04
   3.45010497e+02   3.53745359e-04
   3.45010985e+02   2.01492527e-04
   3.45011474e+02   9.95455193e-05
   3.45011962e+02   8.96146666e-05
   3.45012450e+02   1.82148287e-04
   3.45012939e+02   1.59725823e-04
   3.45013427e+02  -2.58704404e-05
   3.45013915e+02  -1.04174753e-04
   3.45014403e+02  -1.34430971e-04
   3.45014892e+02  -2.34066552e-04
   3.45015380e+02  -2.34182298e-04
   3.45015868e+02  -5.67494317e-05
   3.45016357e+02  -2.26167631e-05
   3.45016845e+02  -1.96216468e-04
   3.45017333e+02  -2.79086235e-04
   3.45017822e+02  -1.79656752e-04
   3.45018310e+02  -5.13930536e-06
   3.45018798e+02   2.83272966e-05
   3.45019287e+02   4.40918211e-06
   3.45019775e+02   1.68311395e-04
   3.45020263e+02   1.97211251e-04
   3.45020752e+02  -2.49598797e-05
   3.45021240e+02  -3.66264103e-05
   3.45021728e+02   1.96444380e-04
   3.45022217e+02   3.03114997e-04
   3.45022705e+02   2.06084005e-04
   3.45023193e+02   1.33879061e-04
   3.45023682e+02   7.96588283e-05
   3.45024170e+02  -1.42298406e-04
   3.45024658e+02  -2.75333761e-04
   3.45025147e+02  -9.54574207e-05
   3.45025635e+02   1.17190677e-04
   3.45026123e+02   1.37967072e-04
   3.45026611e+02   1.21905447e-04
   3.45027100e+02   1.15437259e-04
   3.45027588e+02  -1.05190149e-04
   3.45028076e+02  -3.18950420e-04
   3.45028565e+02  -2.28926481e-04
   3.45029053e+02  -1.18450283e-04
   3.45029541e+02  -8.50952201e-05
   3.45030030e+02   3.66471359e-05
   3.45030518e+02   1.19094962e-04
   3.45031006e+02   9.00090527e-05
   3.45031495e+02   7.16261275e-05
   3.45031983e+02   1.71550477e-04
   3.45032471e+02   2.45246018e-04
   3.45032960e+02   1.59554867e-04
   3.45033448e+02   4.72699903e-05
   3.45033936e+02   2.29616089e-05
   3.45034425e+02   2.74058293e-05
   3.45034913e+02   3.34462202e-05
   3.45035401e+02   4.66846213e-05
   3.45035890e+02   1.02741076e-04
   3.45036378e+02   2.96382437e-04
   3.45036866e+02   4.28795232e-04
   3.45037354e+02   2.50625541e-04
   3.45037843e+02  -4.65687344e-06
   3.45038331e+02  -7.74184737e-05
   3.45038819e+02  -8.28088159e-05
   3.45039308e+02  -1.06418760e-04
   3.45039796e+02   2.49447021e-05
   3.45040284e+02   2.16383996e-04
   3.45040773e+02   2.12681523e-04
   3.45041261e+02  -2.11108400e-05
   3.45041749e+02  -3.04038636e-04
   3.45042238e+02  -3.70490627e-04
   3.45042726e+02  -3.06168600e-04
   3.45043214e+02  -2.18400281e-04
   3.45043703e+02  -1.55846446e-05
   3.45044191e+02   1.86542544e-04
   3.45044679e+02   2.99043721e-04
   3.45045168e+02   3.79176519e-04
   3.45045656e+02   3.67415225e-04
   3.45046144e+02   2.09353471e-04
   3.45046633e+02   3.91258218e-05
   3.45047121e+02  -3.99199271e-05
   3.45047609e+02   5.70433731e-05
   3.45048097e+02   2.35070038e-04
   3.45048586e+02   2.75048078e-04
   3.45049074e+02   1.84681790e-04
   3.45049562e+02   4.41884549e-05
   3.45050051e+02   2.29230463e-05
   3.45050539e+02   2.23857031e-04
   3.45051027e+02   3.13664408e-04
   3.45051516e+02   1.82621123e-04
   3.45052004e+02   1.28200500e-05
   3.45052492e+02  -1.69153471e-04
   3.45052981e+02  -1.99584450e-04
   3.45053469e+02   1.21097673e-05
   3.45053957e+02   9.54496645e-05
   3.45054446e+02  -9.81260018e-05
   3.45054934e+02  -3.00122745e-04
   3.45055422e+02  -3.81703401e-04
   3.45055911e+02  -2.76547071e-04
   3.45056399e+02  -1.03784922e-04
   3.45056887e+02   8.73674890e-06
   3.45057376e+02   1.37694951e-04
   3.45057864e+02   1.98365713e-04
   3.45058352e+02   9.52522605e-05
   3.45058841e+02   1.04220373e-06
   3.45059329e+02   4.04204075e-05
   3.45059817e+02   7.12157271e-05
   3.45060305e+02   1.23929985e-05
   3.45060794e+02   7.08756706e-05
   3.45061282e+02   1.97901769e-04
   3.45061770e+02   1.83629425e-04
   3.45062259e+02  -7.11161817e-07
   3.45062747e+02  -1.56780210e-04
   3.45063235e+02  -8.76158956e-05
   3.45063724e+02   3.65567976e-05
   3.45064212e+02   7.82318239e-05
   3.45064700e+02   2.20341331e-04
   3.45065189e+02   3.79602308e-04
   3.45065677e+02   3.57209123e-04
   3.45066165e+02   2.21669834e-04
   3.45066654e+02   2.49863893e-04
   3.45067142e+02   3.00771266e-04
   3.45067630e+02   2.19579408e-04
   3.45068119e+02   1.59435367e-04
   3.45068607e+02   1.33714755e-04
   3.45069095e+02   5.49298136e-07
   3.45069584e+02  -1.77937400e-04
   3.45070072e+02  -2.68053409e-04
   3.45070560e+02  -3.02107044e-04
   3.45071048e+02  -3.30599316e-04
   3.45071537e+02  -3.47273570e-04
   3.45072025e+02  -3.93801776e-04
   3.45072513e+02  -2.86774477e-04
   3.45073002e+02  -4.87571606e-06
   3.45073490e+02   4.64742734e-05
   3.45073978e+02  -7.39691604e-05
   3.45074467e+02  -4.80082344e-05
   3.45074955e+02   2.79615847e-06
   3.45075443e+02   2.94834699e-05
   3.45075932e+02   1.52396358e-04
   3.45076420e+02   2.30032121e-04
   3.45076908e+02   9.01298918e-05
   3.45077397e+02  -1.89500838e-06
   3.45077885e+02   1.32832327e-04
   3.45078373e+02   2.96903774e-04
   3.45078862e+02   3.60377686e-04
   3.45079350e+02   3.05844238e-04
   3.45079838e+02   1.85272787e-04
   3.45080327e+02   6.28327762e-05
   3.45080815e+02   1.04850778e-05
   3.45081303e+02   9.90903136e-05
   3.45081791e+02   1.83451251e-04
   3.45082280e+02   9.92117057e-05
   3.45082768e+02  -4.07207808e-05
   3.45083256e+02   3.30926414e-05
   3.45083745e+02   2.03244941e-04
   3.45084233e+02   2.03786098e-04
   3.45084721e+02   1.38840784e-04
   3.45085210e+02   1.42549674e-04
   3.45085698e+02   1.76242553e-04
   3.45086186e+02   1.40348100e-04
   3.45086675e+02   7.94939260e-05
   3.45087163e+02   2.03811607e-04
   3.45087651e+02   3.03507637e-04
   3.45088140e+02   1.29721855e-04
   3.45088628e+02   7.19727323e-05
   3.45089116e+02   3.22325912e-04
   3.45089605e+02   3.47756082e-04
   3.45090093e+02  -7.15547940e-05
   3.45090581e+02  -3.16249410e-04
   3.45091070e+02  -1.11629925e-04
   3.45091558e+02   1.30032378e-04
   3.45092046e+02   1.55149377e-04
   3.45092535e+02   6.48851928e-05
   3.45093023e+02  -8.98183789e-05
   3.45093511e+02  -7.38267408e-05
   3.45093999e+02   2.31471000e-04
   3.45094488e+02   3.38762999e-04
   3.45094976e+02   7.45030702e-05
   3.45095464e+02  -6.85704581e-05
   3.45095953e+02   2.23177790e-06
   3.45096441e+02  -2.39026467e-05
   3.45096929e+02  -1.49543052e-06
   3.45097418e+02   2.04447802e-04
   3.45097906e+02   2.36971173e-04
   3.45098394e+02  -1.44796388e-04
   3.45098883e+02  -5.59921784e-04
   3.45099371e+02  -5.13559440e-04
   3.45099859e+02  -2.33031460e-04
   3.45100348e+02  -8.72614764e-05
   3.45100836e+02  -2.87586536e-05
   3.45101324e+02  -2.12732353e-04
   3.45101813e+02  -4.79932787e-04
   3.45102301e+02  -3.30418843e-04
   3.45102789e+02   1.73052249e-04
   3.45103278e+02   4.64019191e-04
   3.45103766e+02   2.81777320e-04
   3.45104254e+02   1.12113834e-04
   3.45104742e+02   1.65669902e-04
   3.45105231e+02   9.58394376e-05
   3.45105719e+02   2.98487248e-05
   3.45106207e+02   9.84508661e-05
   3.45106696e+02   1.33745452e-05
   3.45107184e+02  -2.32386126e-04
   3.45107672e+02  -3.01114458e-04
   3.45108161e+02  -1.29577835e-04
   3.45108649e+02   4.40544791e-05
   3.45109137e+02   1.68285958e-04
   3.45109626e+02   2.11532068e-04
   3.45110114e+02   1.09680601e-04
   3.45110602e+02  -5.65943594e-08
   3.45111091e+02  -1.66596306e-04
   3.45111579e+02  -3.31565447e-04
   3.45112067e+02  -2.39972025e-04
   3.45112556e+02  -4.92908075e-05
   3.45113044e+02   9.53318668e-05
   3.45113532e+02   8.02150025e-05
   3.45114021e+02  -7.41632684e-05
   3.45114509e+02  -1.54423164e-04
   3.45114997e+02  -9.85565857e-05
   3.45115485e+02  -1.14770402e-04
   3.45115974e+02  -2.42899318e-04
   3.45116462e+02  -1.10380075e-04
   3.45116950e+02   2.09813225e-04
   3.45117439e+02   1.12625574e-04
   3.45117927e+02  -3.57578479e-04
   3.45118415e+02  -5.62770118e-04
   3.45118904e+02  -3.11609620e-04
   3.45119392e+02  -1.33991096e-04
   3.45119880e+02  -2.38400666e-04
   3.45120369e+02  -2.20907546e-04
   3.45120857e+02   2.66495990e-05
   3.45121345e+02   4.05068386e-05
   3.45121834e+02  -1.89332975e-04
   3.45122322e+02  -2.05175063e-04
   3.45122810e+02  -3.53782925e-05
   3.45123299e+02   1.17604657e-04
   3.45123787e+02   1.89578233e-04
   3.45124275e+02  -4.23259280e-06
   3.45124764e+02  -2.96032609e-04
   3.45125252e+02  -2.19256617e-04
   3.45125740e+02  -7.28042432e-05
   3.45126229e+02  -5.96638019e-05
   3.45126717e+02  -7.32914632e-05
   3.45127205e+02  -4.90409075e-05
   3.45127693e+02  -2.82315477e-06
   3.45128182e+02   3.82206345e-05
   3.45128670e+02   1.23296108e-04
   3.45129158e+02   1.22406651e-04
   3.45129647e+02  -3.88376393e-05
   3.45130135e+02  -1.56275681e-04
   3.45130623e+02  -1.36839357e-04
   3.45131112e+02   3.89346569e-05
   3.45131600e+02   2.79978034e-04
   3.45132088e+02   3.96579941e-04
   3.45132577e+02   3.61498445e-04
   3.45133065e+02   1.02775033e-04
   3.45133553e+02  -2.37389642e-04
   3.45134042e+02  -3.32696072e-04
   3.45134530e+02  -3.14557430e-04
   3.45135018e+02  -2.58486572e-04
   3.45135507e+02  -1.13262598e-04
   3.45135995e+02  -9.37603472e-05
   3.45136483e+02  -7.52645428e-05
   3.45136972e+02   6.30352079e-05
   3.45137460e+02   1.35606795e-04
   3.45137948e+02   1.25332474e-04
   3.45138436e+02   8.20510977e-05
   3.45138925e+02  -5.83272740e-05
   3.45139413e+02  -2.74600141e-04
   3.45139901e+02  -3.25853209e-04
   3.45140390e+02  -1.41910699e-04
   3.45140878e+02   4.85429046e-05
   3.45141366e+02   1.71693013e-04
   3.45141855e+02   1.91003171e-04
   3.45142343e+02   5.06409997e-05
   3.45142831e+02  -3.32802156e-05
   3.45143320e+02   5.66771996e-05
   3.45143808e+02   1.32626141e-04
   3.45144296e+02   2.06743905e-04
   3.45144785e+02   3.26384790e-04
   3.45145273e+02   2.78103194e-04
   3.45145761e+02  -1.94938657e-05
   3.45146250e+02  -2.18491346e-04
   3.45146738e+02  -1.22472875e-05
   3.45147226e+02   2.97337567e-04
   3.45147715e+02   3.57808109e-04
   3.45148203e+02   1.91366024e-04
   3.45148691e+02  -6.18765844e-05
   3.45149179e+02  -1.97713511e-04
   3.45149668e+02  -1.38597054e-04
   3.45150156e+02  -1.02773236e-04
   3.45150644e+02  -1.85291618e-04
   3.45151133e+02  -1.81585972e-04
   3.45151621e+02  -8.28909378e-06
   3.45152109e+02   2.60571651e-05
   3.45152598e+02  -1.63657853e-04
   3.45153086e+02  -1.85027588e-04
   3.45153574e+02   5.01162067e-05
   3.45154063e+02   2.05831879e-04
   3.45154551e+02   4.74051303e-05
   3.45155039e+02  -9.57037410e-05
   3.45155528e+02   1.00948862e-04
   3.45156016e+02   1.75746172e-04
   3.45156504e+02  -1.05779429e-04
   3.45156993e+02  -1.24858940e-04
   3.45157481e+02  -4.30250020e-06
   3.45157969e+02  -1.18338685e-04
   3.45158458e+02  -1.24177459e-04
   3.45158946e+02  -3.53969990e-05
   3.45159434e+02  -1.51361019e-04
   3.45159923e+02  -2.58056330e-04
   3.45160411e+02  -1.53823290e-04
   3.45160899e+02  -9.27022193e-05
   3.45161387e+02  -3.83973711e-05
   3.45161876e+02   1.77903494e-04
   3.45162364e+02   3.69640329e-04
   3.45162852e+02   3.56816017e-04
   3.45163341e+02   2.96543527e-04
   3.45163829e+02   2.15673921e-04
   3.45164317e+02  -9.49748937e-05
   3.45164806e+02  -3.38974816e-04
   3.45165294e+02  -2.07462042e-04
   3.45165782e+02  -6.10316565e-05
   3.45166271e+02  -1.61849632e-04
   3.45166759e+02  -2.71818833e-04
   3.45167247e+02  -1.17730378e-04
   3.45167736e+02  -2.62520316e-05
   3.45168224e+02  -9.04712360e-05
   3.45168712e+02   4.85295168e-05
   3.45169201e+02   7.80152113e-05
   3.45169689e+02  -1.80454488e-04
   3.45170177e+02  -2.11875944e-04
   3.45170666e+02  -5.14840722e-05
   3.45171154e+02   7.48461607e-05
   3.45171642e+02   1.28318803e-04
   3.45172130e+02   1.16851785e-04
   3.45172619e+02   1.63865436e-04
   3.45173107e+02   1.23712074e-04
   3.45173595e+02  -9.39209567e-05
   3.45174084e+02  -1.67606529e-04
   3.45174572e+02  -3.05527501e-05
   3.45175060e+02   5.89811752e-05
   3.45175549e+02   7.95221567e-05
   3.45176037e+02   3.72285540e-05
   3.45176525e+02  -4.09265958e-05
   3.45177014e+02  -1.14288043e-04
   3.45177502e+02   4.92277877e-07
   3.45177990e+02   3.66905355e-04
   3.45178479e+02   3.16880556e-04
   3.45178967e+02  -1.59663105e-04
   3.45179455e+02  -2.46663665e-04
   3.45179944e+02  -1.07398344e-04
   3.45180432e+02  -2.42271213e-04
   3.45180920e+02  -3.34003766e-04
   3.45181409e+02  -6.25175308e-05
   3.45181897e+02   1.36629707e-04
   3.45182385e+02  -9.83724203e-06
   3.45182874e+02  -1.60382988e-04
   3.45183362e+02  -1.24761718e-04
   3.45183850e+02  -6.74514522e-05
   3.45184338e+02  -8.89405328e-06
   3.45184827e+02   5.75063268e-07
   3.45185315e+02   5.73064572e-05
   3.45185803e+02   2.30839229e-04
   3.45186292e+02   2.56480620e-04
   3.45186780e+02   4.14415081e-05
   3.45187268e+02  -1.34856295e-04
   3.45187757e+02  -9.70513429e-05
   3.45188245e+02  -2.69778102e-05
   3.45188733e+02   1.15969466e-04
   3.45189222e+02   3.82197672e-04
   3.45189710e+02   2.95395497e-04
   3.45190198e+02  -7.26520520e-05
   3.45190687e+02  -1.10514651e-04
   3.45191175e+02   1.03194274e-04
   3.45191663e+02   2.08511279e-04
   3.45192152e+02   1.46883322e-04
   3.45192640e+02  -5.70426673e-05
   3.45193128e+02  -1.15003604e-04
   3.45193617e+02   1.31804802e-04
   3.45194105e+02   1.66469545e-04
   3.45194593e+02  -1.38997057e-04
   3.45195081e+02  -2.93937599e-04
   3.45195570e+02  -1.75598616e-04
   3.45196058e+02   9.43517734e-05
   3.45196546e+02   3.57889512e-04
   3.45197035e+02   4.13793488e-04
   3.45197523e+02   1.81330222e-04
   3.45198011e+02  -4.00509998e-05
   3.45198500e+02   6.82082100e-06
   3.45198988e+02   1.59406864e-05
   3.45199476e+02  -8.63650566e-05
   3.45199965e+02   9.47778744e-08
   3.45200453e+02   1.62937766e-04
   3.45200941e+02   2.36332125e-04
   3.45201430e+02   1.69910913e-04
   3.45201918e+02  -3.18147104e-05
   3.45202406e+02  -1.81924406e-04
   3.45202895e+02  -2.65907060e-04
   3.45203383e+02  -2.21816852e-04
   3.45203871e+02  -1.12037756e-04
   3.45204360e+02  -2.31351776e-04
   3.45204848e+02  -3.02858680e-04
   3.45205336e+02  -2.49361510e-05
   3.45205824e+02   1.56296024e-04
   3.45206313e+02   2.00181657e-05
   3.45206801e+02  -1.13720511e-04
   3.45207289e+02  -1.54249487e-04
   3.45207778e+02  -1.62364056e-04
   3.45208266e+02  -2.24612595e-04
   3.45208754e+02  -2.77007843e-04
   3.45209243e+02  -2.27486147e-04
   3.45209731e+02  -2.53661245e-04
   3.45210219e+02  -3.13476543e-04
   3.45210708e+02  -2.42716909e-04
   3.45211196e+02  -8.03713410e-05
   3.45211684e+02   2.41170346e-05
   3.45212173e+02  -1.39270087e-05
   3.45212661e+02   4.19034563e-07
   3.45213149e+02   1.48425897e-04
   3.45213638e+02   6.21286454e-05
   3.45214126e+02  -2.54676648e-04
   3.45214614e+02  -4.13104164e-04
   3.45215103e+02  -3.16876656e-04
   3.45215591e+02  -9.73563801e-05
   3.45216079e+02   9.74855357e-05
   3.45216568e+02   1.33320718e-04
   3.45217056e+02   1.52174298e-05
   3.45217544e+02  -2.56108960e-05
   3.45218032e+02   9.78966855e-05
   3.45218521e+02   8.23361115e-05
   3.45219009e+02  -1.24617494e-04
   3.45219497e+02  -2.48913508e-04
   3.45219986e+02  -2.83588714e-04
   3.45220474e+02  -2.67428724e-04
   3.45220962e+02  -1.79996990e-04
   3.45221451e+02  -1.64379147e-04
   3.45221939e+02  -1.25910548e-04
   3.45222427e+02   1.54398658e-04
   3.45222916e+02   3.80004378e-04
   3.45223404e+02   2.47868331e-04
   3.45223892e+02   3.60515041e-05
   3.45224381e+02   3.24790344e-05
   3.45224869e+02   2.92565164e-05
   3.45225357e+02  -5.23532362e-05
   3.45225846e+02   1.18141661e-05
   3.45226334e+02   1.00605226e-04
   3.45226822e+02   6.50221846e-05
   3.45227311e+02  -4.59420880e-05
   3.45227799e+02  -9.09976006e-05
   3.45228287e+02   9.73570150e-06
   3.45228775e+02   1.44384059e-04
   3.45229264e+02   2.61932175e-04
   3.45229752e+02   2.92115263e-04
   3.45230240e+02   2.39613350e-04
   3.45230729e+02   1.45147744e-04
   3.45231217e+02  -1.40683842e-04
   3.45231705e+02  -3.09735333e-04
   3.45232194e+02  -8.27838085e-05
   3.45232682e+02   4.59945040e-05
   3.45233170e+02  -1.63420827e-05
   3.45233659e+02   1.81190608e-05
   3.45234147e+02  -3.11595177e-05
   3.45234635e+02  -1.16957737e-04
   3.45235124e+02   4.79079290e-06
   3.45235612e+02   5.22781920e-05
   3.45236100e+02   3.57949248e-05
   3.45236589e+02   8.07174656e-05
   3.45237077e+02   8.40300781e-05
   3.45237565e+02   1.21154801e-04
   3.45238054e+02   1.61557822e-04
   3.45238542e+02   1.71458203e-04
   3.45239030e+02   9.89187465e-05
   3.45239518e+02  -4.04323328e-05
   3.45240007e+02  -1.10468500e-04
   3.45240495e+02  -1.40551565e-04
   3.45240983e+02  -1.42381992e-04
   3.45241472e+02  -4.58322720e-05
   3.45241960e+02  -4.54047586e-05
   3.45242448e+02  -1.45894606e-04
   3.45242937e+02  -2.57955980e-04
   3.45243425e+02  -1.59510426e-04
   3.45243913e+02   6.70169902e-05
   3.45244402e+02   1.89496233e-04
   3.45244890e+02   7.79489055e-05
   3.45245378e+02  -2.12356372e-05
   3.45245867e+02   1.51725937e-04
   3.45246355e+02   1.93499625e-04
   3.45246843e+02   6.06183021e-05
   3.45247332e+02   3.72717477e-05
   3.45247820e+02   1.62150627e-05
   3.45248308e+02   4.72417269e-05
   3.45248797e+02   1.26137020e-04
   3.45249285e+02   8.52478333e-05
   3.45249773e+02  -3.37265337e-05
   3.45250262e+02  -8.18374610e-05
   3.45250750e+02   5.45167459e-05
   3.45251238e+02   8.96332203e-05
   3.45251726e+02  -1.08173095e-04
   3.45252215e+02  -1.65761900e-04
   3.45252703e+02  -1.09394059e-04
   3.45253191e+02  -8.24623639e-05
   3.45253680e+02   4.83319054e-05
   3.45254168e+02   1.34799338e-04
   3.45254656e+02   3.76493044e-05
   3.45255145e+02  -1.16187970e-04
   3.45255633e+02  -9.65254658e-05
   3.45256121e+02   7.12823457e-05
   3.45256610e+02   9.85217339e-05
   3.45257098e+02   6.47375418e-05
   3.45257586e+02   3.03512861e-05
   3.45258075e+02   3.65509950e-05
   3.45258563e+02   2.05013304e-04
   3.45259051e+02   2.98698462e-04
   3.45259540e+02   1.38054951e-04
   3.45260028e+02  -7.07104555e-05
   3.45260516e+02  -2.66047737e-05
   3.45261005e+02   2.18942296e-04
   3.45261493e+02   3.14599311e-04
   3.45261981e+02   1.71583073e-04
   3.45262469e+02  -5.90171840e-05
   3.45262958e+02  -1.28948290e-04
   3.45263446e+02  -3.45974913e-05
   3.45263934e+02  -3.34477627e-05
   3.45264423e+02  -5.63811045e-05
   3.45264911e+02  -5.96332975e-05
   3.45265399e+02  -2.11776613e-04
   3.45265888e+02  -2.84113601e-04
   3.45266376e+02  -6.80064040e-05
   3.45266864e+02   4.02804653e-05
   3.45267353e+02  -8.69819414e-05
   3.45267841e+02  -6.02697328e-05
   3.45268329e+02   8.96599595e-05
   3.45268818e+02   1.52839377e-04
   3.45269306e+02   2.31663740e-04
   3.45269794e+02   2.75051891e-04
   3.45270283e+02   1.12881506e-04
   3.45270771e+02  -1.42782781e-04
   3.45271259e+02  -2.31163693e-04
   3.45271748e+02   3.49969123e-05
   3.45272236e+02   2.95547710e-04
   3.45272724e+02   1.72635147e-04
   3.45273212e+02  -3.33659627e-05
   3.45273701e+02  -1.14542119e-04
   3.45274189e+02  -2.83650133e-05
   3.45274677e+02   2.70937831e-04
   3.45275166e+02   3.86728119e-04
   3.45275654e+02   1.80170362e-04
   3.45276142e+02   4.02500045e-05
   3.45276631e+02  -1.00775505e-05
   3.45277119e+02  -7.77069217e-05
   3.45277607e+02   9.34623301e-07
   3.45278096e+02   2.02024094e-04
   3.45278584e+02   2.81599729e-04
   3.45279072e+02   1.14565410e-04
   3.45279561e+02  -1.74421570e-04
   3.45280049e+02  -2.23763447e-04
   3.45280537e+02  -6.31878429e-05
   3.45281026e+02  -2.31393697e-05
   3.45281514e+02  -4.12283043e-05
   3.45282002e+02  -9.53499548e-05
   3.45282491e+02  -4.38259565e-04
   3.45282979e+02  -7.96027132e-04
   3.45283467e+02  -6.73339411e-04
   3.45283956e+02  -2.91889766e-04
   3.45284444e+02   3.36401317e-05
   3.45284932e+02   2.87434494e-04
   3.45285420e+02   3.44815897e-04
   3.45285909e+02   1.46298509e-04
   3.45286397e+02  -6.88992877e-05
   3.45286885e+02  -1.14287526e-04
   3.45287374e+02   1.03265556e-04
   3.45287862e+02   4.06902924e-04
   3.45288350e+02   4.09074099e-04
   3.45288839e+02   3.25591973e-04
   3.45289327e+02   3.95227922e-04
   3.45289815e+02   3.90749687e-04
   3.45290304e+02   2.45532981e-04
   3.45290792e+02   8.65987968e-05
   3.45291280e+02  -3.70809576e-05
   3.45291769e+02  -9.74436043e-05
   3.45292257e+02  -2.15300752e-05
   3.45292745e+02   6.49847643e-05
   3.45293234e+02  -3.71396673e-05
   3.45293722e+02  -2.19575508e-04
   3.45294210e+02  -3.47999972e-04
   3.45294699e+02  -3.86098865e-04
   3.45295187e+02  -2.60578294e-04
   3.45295675e+02  -5.58935244e-05
   3.45296163e+02   1.29439781e-04
   3.45296652e+02   2.50114885e-04
   3.45297140e+02   2.32499122e-04
   3.45297628e+02   6.53154930e-05
   3.45298117e+02   4.28949261e-06
   3.45298605e+02   4.14137248e-05
   3.45299093e+02  -1.53345973e-04
   3.45299582e+02  -4.10195702e-04
   3.45300070e+02  -2.46413518e-04
   3.45300558e+02   1.51765387e-04
   3.45301047e+02   2.52244208e-04
   3.45301535e+02   5.24454335e-05
   3.45302023e+02  -1.62118435e-04
   3.45302512e+02  -1.53280344e-04
   3.45303000e+02   1.12228154e-04
   3.45303488e+02   2.71670258e-04
   3.45303977e+02   7.55206856e-05
   3.45304465e+02  -1.20676887e-04
   3.45304953e+02  -1.05020976e-04
   3.45305442e+02  -3.12776392e-05
   3.45305930e+02   4.66110250e-05
   3.45306418e+02   1.41138462e-05
   3.45306906e+02  -3.84548330e-05
   3.45307395e+02   6.79859659e-05
   3.45307883e+02   1.34459187e-04
   3.45308371e+02  -8.02283539e-05
   3.45308860e+02  -2.46195734e-04
   3.45309348e+02  -1.42315985e-04
   3.45309836e+02  -4.13741764e-05
   3.45310325e+02  -6.15980316e-05
   3.45310813e+02  -1.55285248e-04
   3.45311301e+02  -2.46758893e-04
   3.45311790e+02  -2.86989845e-04
   3.45312278e+02  -3.47232155e-04
   3.45312766e+02  -2.32862541e-04
   3.45313255e+02   8.41386791e-05
   3.45313743e+02   3.11341020e-04
   3.45314231e+02   4.12102032e-04
   3.45314720e+02   3.99539218e-04
   3.45315208e+02   2.25710610e-04
   3.45315696e+02   1.21023739e-04
   3.45316185e+02   1.96936206e-04
   3.45316673e+02   1.82784381e-04
   3.45317161e+02   9.61617625e-05
   3.45317650e+02   1.35542723e-04
   3.45318138e+02   1.29009626e-04
   3.45318626e+02  -3.13996243e-05
   3.45319114e+02  -2.20566391e-04
   3.45319603e+02  -3.45207052e-04
   3.45320091e+02  -2.67813070e-04
   3.45320579e+02  -9.12640971e-05
   3.45321068e+02  -2.42437582e-05
   3.45321556e+02   1.01761652e-05
   3.45322044e+02   1.27642619e-04
   3.45322533e+02   2.55048566e-04
   3.45323021e+02   2.48800003e-04
   3.45323509e+02   1.73098320e-04
   3.45323998e+02   9.18377336e-05
   3.45324486e+02  -7.05670318e-05
   3.45324974e+02  -2.66085117e-04
   3.45325463e+02  -2.59980268e-04
   3.45325951e+02  -7.48801249e-05
   3.45326439e+02  -6.93361944e-05
   3.45326928e+02  -7.32169719e-05
   3.45327416e+02   2.57544802e-04
   3.45327904e+02   4.87424433e-04
   3.45328393e+02   3.29893373e-04
   3.45328881e+02   2.15262364e-04
   3.45329369e+02   1.16324700e-04
   3.45329857e+02  -1.92584848e-04
   3.45330346e+02  -2.86263035e-04
   3.45330834e+02   3.07834271e-05
   3.45331322e+02   2.58909131e-04
   3.45331811e+02   1.44587320e-04
   3.45332299e+02  -1.39812822e-04
   3.45332787e+02  -2.52161553e-04
   3.45333276e+02  -1.64322570e-04
   3.45333764e+02  -1.79043447e-04
   3.45334252e+02  -2.04595039e-04
   3.45334741e+02  -8.57286504e-05
   3.45335229e+02   9.86363957e-05
   3.45335717e+02   2.22374510e-04
   3.45336206e+02   1.40529359e-04
   3.45336694e+02  -1.83578268e-05
   3.45337182e+02   1.40259899e-05
   3.45337671e+02   1.89679704e-04
   3.45338159e+02   1.42100631e-04
   3.45338647e+02  -6.43224412e-05
   3.45339136e+02  -3.17759404e-05
   3.45339624e+02   1.42225894e-04
   3.45340112e+02   1.83282100e-04
   3.45340601e+02   2.10912185e-04
   3.45341089e+02   3.26102774e-04
   3.45341577e+02   3.50471033e-04
   3.45342065e+02   8.00701382e-05
   3.45342554e+02  -2.38446548e-04
   3.45343042e+02  -1.57079645e-04
   3.45343530e+02   1.32529065e-04
   3.45344019e+02   1.68344777e-04
   3.45344507e+02  -4.15968389e-05
   3.45344995e+02  -1.45099155e-04
   3.45345484e+02  -1.35883138e-05
   3.45345972e+02   1.06664076e-04
   3.45346460e+02   1.72823828e-04
   3.45346949e+02   1.83163851e-04
   3.45347437e+02   4.83726035e-06
   3.45347925e+02  -1.89848011e-04
   3.45348414e+02  -1.76718095e-04
   3.45348902e+02  -3.42242347e-05
   3.45349390e+02  -8.05361560e-05
   3.45349879e+02  -2.16866203e-04
   3.45350367e+02  -1.95226385e-04
   3.45350855e+02  -2.45401345e-04
   3.45351344e+02  -2.88369716e-04
   3.45351832e+02  -1.30527769e-04
   3.45352320e+02   7.35801877e-05
   3.45352808e+02   2.02954965e-04
   3.45353297e+02   2.56130850e-04
   3.45353785e+02   2.71476165e-04
   3.45354273e+02   2.39996109e-04
   3.45354762e+02   1.48926047e-04
   3.45355250e+02  -6.86157509e-05
   3.45355738e+02  -3.17294616e-04
   3.45356227e+02  -2.64253671e-04
   3.45356715e+02  -1.09251478e-05
   3.45357203e+02   1.27464809e-04
   3.45357692e+02   1.91134444e-04
   3.45358180e+02   1.63900870e-04
   3.45358668e+02   1.29642969e-04
   3.45359157e+02   1.56667185e-04
   3.45359645e+02   2.35852549e-05
   3.45360133e+02  -8.87161295e-05
   3.45360622e+02  -8.93724500e-05
   3.45361110e+02  -4.16112516e-06
   3.45361598e+02   2.29327366e-08
   3.45362087e+02  -1.37562791e-04
   3.45362575e+02  -2.00089780e-04
   3.45363063e+02  -1.23358041e-04
   3.45363551e+02  -7.44290664e-05
   3.45364040e+02  -1.17638374e-04
   3.45364528e+02  -1.22105112e-05
   3.45365016e+02   2.71056924e-04
   3.45365505e+02   3.25932750e-04
   3.45365993e+02   1.46372389e-04
   3.45366481e+02   1.09625485e-04
   3.45366970e+02   1.00177276e-04
   3.45367458e+02   3.37263555e-06
   3.45367946e+02   7.77059686e-05
   3.45368435e+02   1.45125276e-04
   3.45368923e+02   1.05323328e-04
   3.45369411e+02   1.72752741e-04
   3.45369900e+02   1.43254903e-04
   3.45370388e+02  -6.01727288e-06
   3.45370876e+02   4.49922045e-05
   3.45371365e+02   1.74396133e-04
   3.45371853e+02   2.49320205e-04
   3.45372341e+02   2.48049066e-04
   3.45372830e+02   1.37575174e-04
   3.45373318e+02   1.44272039e-04
   3.45373806e+02   2.86725350e-04
   3.45374295e+02   3.21492000e-04
   3.45374783e+02   2.03558404e-04
   3.45375271e+02   1.09998822e-04
   3.45375759e+02   2.10326965e-04
   3.45376248e+02   3.95112031e-04
   3.45376736e+02   2.59221328e-04
   3.45377224e+02  -2.40810521e-04
   3.45377713e+02  -5.81434637e-04
   3.45378201e+02  -3.83421167e-04
   3.45378689e+02  -7.07916479e-05
   3.45379178e+02  -6.32261290e-05
   3.45379666e+02  -1.35946932e-04
   3.45380154e+02  -1.48175066e-04
   3.45380643e+02  -2.15636624e-04
   3.45381131e+02  -3.26610170e-04
   3.45381619e+02  -2.81349319e-04
   3.45382108e+02  -4.73749278e-05
   3.45382596e+02   4.53273497e-05
   3.45383084e+02   8.35620449e-05
   3.45383573e+02   2.26715463e-04
   3.45384061e+02   2.66108575e-04
   3.45384549e+02   1.14919596e-04
   3.45385038e+02  -1.12788191e-04
   3.45385526e+02  -1.56933602e-04
   3.45386014e+02  -5.40935653e-05
   3.45386502e+02  -1.14848612e-04
   3.45386991e+02  -1.90570325e-04
   3.45387479e+02  -4.72362990e-05
   3.45387967e+02   3.78060467e-05
   3.45388456e+02  -6.07481297e-06
   3.45388944e+02   4.59647299e-06
   3.45389432e+02   2.42054175e-05
   3.45389921e+02   1.19582917e-04
   3.45390409e+02   2.73653044e-04
   3.45390897e+02   3.11038370e-04
   3.45391386e+02   2.83933390e-04
   3.45391874e+02   3.01605323e-04
   3.45392362e+02   3.85369523e-04
   3.45392851e+02   3.71586881e-04
   3.45393339e+02   1.04907347e-04
   3.45393827e+02  -1.54656067e-04
   3.45394316e+02  -2.72129721e-04
   3.45394804e+02  -3.20600666e-04
   3.45395292e+02  -1.42499644e-04
   3.45395781e+02   1.51319167e-04
   3.45396269e+02   2.33349318e-04
   3.45396757e+02   1.23292804e-04
   3.45397245e+02   1.93575343e-05
   3.45397734e+02   1.92376156e-05
   3.45398222e+02  -4.21814275e-06
   3.45398710e+02  -1.83733966e-04
   3.45399199e+02  -2.95933074e-04
   3.45399687e+02  -2.36888343e-04
   3.45400175e+02  -2.48158496e-04
   3.45400664e+02  -1.47571496e-04
   3.45401152e+02   4.60323427e-05
   3.45401640e+02  -3.54155709e-05
   3.45402129e+02  -1.78599701e-04
   3.45402617e+02  -2.70951859e-04
   3.45403105e+02  -3.01729480e-04
   3.45403594e+02  -2.10898230e-04
   3.45404082e+02  -1.98805006e-04
   3.45404570e+02  -1.63693927e-04
   3.45405059e+02  -1.56893919e-04
   3.45405547e+02  -2.70906225e-04
   3.45406035e+02  -1.66419457e-04
   3.45406524e+02   7.98566089e-06
   3.45407012e+02  -3.09564457e-05
   3.45407500e+02  -3.05844515e-05
   3.45407989e+02   2.13551866e-05
   3.45408477e+02   1.43649777e-05
   3.45408965e+02  -5.99520172e-05
   3.45409453e+02  -2.18106987e-04
   3.45409942e+02  -1.19397766e-04
   3.45410430e+02   1.49309330e-04
   3.45410918e+02   1.44802238e-04
   3.45411407e+02   3.12906704e-05
   3.45411895e+02   5.89378942e-05
   3.45412383e+02   2.11385865e-04
   3.45412872e+02   4.28112369e-04
   3.45413360e+02   4.20822151e-04
   3.45413848e+02   2.54560960e-04
   3.45414337e+02   2.40336478e-04
   3.45414825e+02   2.57883978e-04
   3.45415313e+02   1.68894781e-04
   3.45415802e+02  -9.88888714e-05
   3.45416290e+02  -4.19455493e-04
   3.45416778e+02  -4.30457614e-04
   3.45417267e+02  -1.28643063e-04
   3.45417755e+02   1.55051348e-05
   3.45418243e+02  -1.32956295e-04
   3.45418732e+02  -1.29666078e-04
   3.45419220e+02  -1.57478996e-06
   3.45419708e+02   2.38754255e-05
   3.45420196e+02   9.91214038e-05
   3.45420685e+02   6.05423011e-05
   3.45421173e+02  -1.80580580e-04
   3.45421661e+02  -2.14135071e-04
   3.45422150e+02  -1.26694766e-04
   3.45422638e+02  -1.45608996e-04
   3.45423126e+02  -5.98892511e-05
   3.45423615e+02  -4.95754080e-07
   3.45424103e+02  -1.02635189e-04
   3.45424591e+02  -3.98202174e-05
   3.45425080e+02   3.46346642e-05
   3.45425568e+02  -2.61111763e-05
   3.45426056e+02   1.13343231e-04
   3.45426545e+02   3.19000304e-04
   3.45427033e+02   3.73930146e-04
   3.45427521e+02   3.64957144e-04
   3.45428010e+02   2.14574713e-04
   3.45428498e+02  -3.63141116e-05
   3.45428986e+02  -1.50679392e-04
   3.45429475e+02  -4.51575870e-05
   3.45429963e+02   1.05734238e-04
   3.45430451e+02   5.47546078e-05
   3.45430939e+02  -1.61982665e-04
   3.45431428e+02  -2.61349196e-04
   3.45431916e+02  -6.75306073e-05
   3.45432404e+02   1.62120094e-04
   3.45432893e+02   2.36511842e-04
   3.45433381e+02   2.54971936e-04
   3.45433869e+02   2.19425725e-04
   3.45434358e+02   1.32451183e-04
   3.45434846e+02  -2.74742160e-05
   3.45435334e+02  -8.43240196e-05
   3.45435823e+02   8.40528301e-05
   3.45436311e+02   7.00199816e-05
   3.45436799e+02  -2.34655872e-05
   3.45437288e+02   1.56266848e-04
   3.45437776e+02   2.11434352e-04
   3.45438264e+02  -7.98394540e-05
   3.45438753e+02  -1.84746546e-04
   3.45439241e+02  -5.57622407e-05
   3.45439729e+02  -6.14414239e-05
   3.45440218e+02  -1.83702323e-05
   3.45440706e+02   1.43513898e-04
   3.45441194e+02   1.54606649e-04
   3.45441683e+02   1.11430571e-04
   3.45442171e+02   2.49544915e-04
   3.45442659e+02   3.68885434e-04
   3.45443147e+02   2.42552269e-04
   3.45443636e+02   7.82011853e-07
   3.45444124e+02  -1.09935085e-04
   3.45444612e+02  -9.56114454e-05
   3.45445101e+02  -9.87107123e-05
   3.45445589e+02  -1.39000636e-04
   3.45446077e+02  -1.29565975e-04
   3.45446566e+02  -8.72596229e-06
   3.45447054e+02  -3.99168312e-05
   3.45447542e+02  -1.76338668e-04
   3.45448031e+02  -9.27035289e-05
   3.45448519e+02   3.83806364e-05
   3.45449007e+02   1.01467658e-05
   3.45449496e+02  -1.18945900e-04
   3.45449984e+02  -2.01402814e-04
   3.45450472e+02  -9.02160828e-05
   3.45450961e+02  -1.58586608e-05
   3.45451449e+02  -2.52392842e-04
   3.45451937e+02  -4.50239662e-04
   3.45452426e+02  -3.81639664e-04
   3.45452914e+02  -3.11947166e-04
   3.45453402e+02  -2.33910192e-04
   3.45453890e+02  -1.20221564e-04
   3.45454379e+02  -9.68527893e-05
   3.45454867e+02  -5.04280906e-05
   3.45455355e+02   5.26424919e-05
   3.45455844e+02   7.75467415e-05
   3.45456332e+02  -9.90677072e-05
   3.45456820e+02  -3.88361164e-04
   3.45457309e+02  -4.11273970e-04
   3.45457797e+02  -1.82071846e-04
   3.45458285e+02  -1.47912695e-04
   3.45458774e+02  -1.95159417e-04
   3.45459262e+02  -4.16888906e-05
   3.45459750e+02   3.36467056e-05
   3.45460239e+02  -2.26511474e-04
   3.45460727e+02  -5.20194415e-04
   3.45461215e+02  -3.69113346e-04
   3.45461704e+02   1.06181011e-04
   3.45462192e+02   3.51003662e-04
   3.45462680e+02   1.38873569e-04
   3.45463169e+02  -1.12951639e-04
   3.45463657e+02  -6.30728537e-05
   3.45464145e+02   9.73483184e-05
   3.45464633e+02   2.62557005e-04
   3.45465122e+02   3.03889479e-04
   3.45465610e+02   2.55914983e-05
   3.45466098e+02  -3.31695541e-04
   3.45466587e+02  -4.60581825e-04
   3.45467075e+02  -2.40796755e-04
   3.45467563e+02   1.02738224e-04
   3.45468052e+02   7.75914959e-05
   3.45468540e+02  -9.88259126e-05
   3.45469028e+02   8.39682180e-05
   3.45469517e+02   3.86742584e-04
   3.45470005e+02   4.70860105e-04
   3.45470493e+02   4.28990694e-04
   3.45470982e+02   3.31904594e-04
   3.45471470e+02   1.33447116e-04
   3.45471958e+02   2.91059641e-05
   3.45472447e+02   2.05140735e-04
   3.45472935e+02   2.89770163e-04
   3.45473423e+02   9.39259116e-05
   3.45473912e+02  -1.08478045e-04
   3.45474400e+02  -1.72409345e-04
   3.45474888e+02  -4.58889372e-05
   3.45475377e+02   8.04780648e-05
   3.45475865e+02   1.20399331e-04
   3.45476353e+02   1.25761857e-04
   3.45476841e+02   1.28754633e-04
   3.45477330e+02   1.01621641e-04
   3.45477818e+02   1.03426282e-04
   3.45478306e+02   2.04555807e-04
   3.45478795e+02   2.49793084e-04
   3.45479283e+02   1.36635863e-04
   3.45479771e+02   1.19513672e-04
   3.45480260e+02   2.90800846e-04
   3.45480748e+02   2.49048491e-04
   3.45481236e+02   2.76505239e-06
   3.45481725e+02  -7.34273999e-05
   3.45482213e+02  -6.90029192e-05
   3.45482701e+02  -1.37712777e-04
   3.45483190e+02  -1.39403899e-04
   3.45483678e+02   8.02030117e-05
   3.45484166e+02   5.00571623e-04
   3.45484655e+02   7.12242967e-04
   3.45485143e+02   4.41246550e-04
   3.45485631e+02  -6.35677861e-05
   3.45486120e+02  -4.18259006e-04
   3.45486608e+02  -4.06726904e-04
   3.45487096e+02  -1.60798154e-04
   3.45487584e+02   1.54803565e-05
   3.45488073e+02   1.99496681e-05
   3.45488561e+02   7.51561456e-05
   3.45489049e+02   1.81738840e-04
   3.45489538e+02   7.47825034e-05
   3.45490026e+02  -5.85456473e-05
   3.45490514e+02  -1.05693282e-04
   3.45491003e+02  -1.42306017e-04
   3.45491491e+02  -1.08760200e-04
   3.45491979e+02  -6.81431193e-05
   3.45492468e+02  -1.48658859e-04
   3.45492956e+02  -1.51113563e-04
   3.45493444e+02   7.00506498e-05
   3.45493933e+02   1.28151834e-04
   3.45494421e+02  -4.47115453e-05
   3.45494909e+02   1.46693151e-06
   3.45495398e+02   1.72128755e-04
   3.45495886e+02   7.45869693e-05
   3.45496374e+02  -1.25327264e-04
   3.45496863e+02  -1.12507551e-04
   3.45497351e+02   2.46815707e-05
   3.45497839e+02   2.75056082e-05
   3.45498328e+02  -1.12839567e-04
   3.45498816e+02  -3.13495344e-04
   3.45499304e+02  -4.46191319e-04
   3.45499792e+02  -3.00799089e-04
   3.45500281e+02  -1.01126425e-05
   3.45500769e+02   7.91868879e-05
   3.45501257e+02  -4.85090641e-05
   3.45501746e+02  -5.86697533e-05
   3.45502234e+02   2.63059810e-05
   3.45502722e+02  -1.39633397e-04
   3.45503211e+02  -3.52074712e-04
   3.45503699e+02  -2.24384596e-04
   3.45504187e+02   4.96814778e-07
   3.45504676e+02   8.83566099e-05
   3.45505164e+02   2.32169987e-04
   3.45505652e+02   2.04224154e-04
   3.45506141e+02  -1.88713639e-05
   3.45506629e+02  -2.72519355e-06
   3.45507117e+02   2.01413655e-04
   3.45507606e+02   2.68870092e-04
   3.45508094e+02   1.02607031e-04
   3.45508582e+02  -1.17233372e-04
   3.45509071e+02  -6.96730494e-05
   3.45509559e+02   1.06324369e-04
   3.45510047e+02   9.98756877e-05
   3.45510535e+02   1.07811218e-04
   3.45511024e+02   1.57229995e-04
   3.45511512e+02   1.48274092e-04
   3.45512000e+02   2.96768121e-04
   3.45512489e+02   4.09275963e-04
   3.45512977e+02   2.75498314e-04
   3.45513465e+02   1.95963483e-04
   3.45513954e+02   2.92721204e-04
   3.45514442e+02   3.48421250e-04
   3.45514930e+02   2.32411374e-04
   3.45515419e+02   1.09397028e-04
   3.45515907e+02   4.84273951e-05
   3.45516395e+02  -4.26558872e-05
   3.45516884e+02  -2.14768064e-04
   3.45517372e+02  -3.78745230e-04
   3.45517860e+02  -2.65156210e-04
   3.45518349e+02  -5.82389293e-06
   3.45518837e+02  -8.62611632e-05
   3.45519325e+02  -3.12667631e-04
   3.45519814e+02  -1.04501210e-04
   3.45520302e+02   3.46472720e-04
   3.45520790e+02   5.45287621e-04
   3.45521278e+02   5.27577591e-04
   3.45521767e+02   3.84292653e-04
   3.45522255e+02   1.76013244e-04
   3.45522743e+02   9.62616105e-05
   3.45523232e+02   1.01070953e-04
   3.45523720e+02   6.67088243e-05
   3.45524208e+02  -1.64225603e-05
   3.45524697e+02  -4.01042380e-05
   3.45525185e+02  -6.38651818e-06
   3.45525673e+02  -3.27496709e-05
   3.45526162e+02  -1.04754901e-04
   3.45526650e+02  -1.75508030e-04
   3.45527138e+02  -1.14388669e-04
   3.45527627e+02   1.04248116e-04
   3.45528115e+02   2.39016052e-04
   3.45528603e+02   1.09530236e-04
   3.45529092e+02  -3.77555007e-05
   3.45529580e+02   1.26915635e-04
   3.45530068e+02   4.13767761e-04
   3.45530557e+02   3.93968861e-04
   3.45531045e+02   6.10062598e-05
   3.45531533e+02  -2.22091898e-04
   3.45532022e+02  -2.93325080e-04
   3.45532510e+02  -1.71119609e-04
   3.45532998e+02   6.66246706e-05
   3.45533486e+02   3.16402366e-05
   3.45533975e+02  -9.57817028e-05
   3.45534463e+02   1.57817867e-05
   3.45534951e+02  -1.00761907e-04
   3.45535440e+02  -2.59477500e-04
   3.45535928e+02  -9.07019930e-05
   3.45536416e+02   4.33650966e-05
   3.45536905e+02   4.97334349e-06
   3.45537393e+02  -2.90545522e-05
   3.45537881e+02  -3.18624770e-05
   3.45538370e+02   4.86486024e-05
   3.45538858e+02   1.90901512e-04
   3.45539346e+02   1.40188044e-04
   3.45539835e+02  -7.36533402e-05
   3.45540323e+02  -1.40729157e-04
   3.45540811e+02  -1.35903305e-04
   3.45541300e+02  -1.03287508e-04
   3.45541788e+02   1.25827413e-04
   3.45542276e+02   2.65987008e-04
   3.45542765e+02   1.89904356e-04
   3.45543253e+02   5.20206486e-05
   3.45543741e+02  -2.63848469e-05
   3.45544229e+02   2.42810002e-05
   3.45544718e+02   1.14120601e-04
   3.45545206e+02   1.40308679e-04
   3.45545694e+02  -1.65811537e-06
   3.45546183e+02  -2.07707461e-04
   3.45546671e+02  -2.42573282e-04
   3.45547159e+02  -2.05395918e-04
   3.45547648e+02  -1.72539774e-04
   3.45548136e+02  -1.20765158e-04
   3.45548624e+02  -6.71269590e-05
   3.45549113e+02  -5.27748816e-05
   3.45549601e+02  -1.76262780e-04
   3.45550089e+02  -1.58934039e-04
   3.45550578e+02  -4.91028477e-05
   3.45551066e+02  -1.17467571e-04
   3.45551554e+02  -6.39020218e-05
   3.45552043e+02  -1.46048096e-05
   3.45552531e+02  -1.07826592e-04
   3.45553019e+02  -1.92212501e-05
   3.45553508e+02   5.48280514e-05
   3.45553996e+02  -5.50703553e-05
   3.45554484e+02  -1.03932100e-04
   3.45554972e+02  -2.07486766e-04
   3.45555461e+02  -3.52263422e-04
   3.45555949e+02  -2.82610592e-04
   3.45556437e+02  -1.98291687e-04
   3.45556926e+02  -1.95326909e-04
   3.45557414e+02  -8.88187715e-05
   3.45557902e+02   6.71683447e-05
   3.45558391e+02   1.72567787e-04
   3.45558879e+02   3.50471673e-04
   3.45559367e+02   4.45139827e-04
   3.45559856e+02   1.60669049e-04
   3.45560344e+02  -1.58170544e-04
   3.45560832e+02  -4.45774313e-05
   3.45561321e+02   1.20461264e-04
   3.45561809e+02  -7.70356273e-05
   3.45562297e+02  -1.74068336e-04
   3.45562786e+02   4.38527695e-06
   3.45563274e+02   1.55723945e-04
   3.45563762e+02   1.78755829e-04
   3.45564251e+02   5.60870831e-05
   3.45564739e+02  -1.77390648e-05
   3.45565227e+02  -1.50182696e-05
   3.45565716e+02  -4.48270039e-05
   3.45566204e+02  -3.65750657e-06
   3.45566692e+02   1.15178569e-04
   3.45567180e+02   1.02387057e-04
   3.45567669e+02  -3.48428985e-05
   3.45568157e+02  -1.92807802e-05
   3.45568645e+02   8.27632030e-05
   3.45569134e+02   1.03017383e-05
   3.45569622e+02  -2.78641364e-05
   3.45570110e+02   1.50962078e-04
   3.45570599e+02   2.18816465e-04
   3.45571087e+02   6.95660565e-05
   3.45571575e+02  -1.08766057e-04
   3.45572064e+02  -2.70313903e-04
   3.45572552e+02  -3.22246924e-04
   3.45573040e+02  -2.00497467e-04
   3.45573529e+02  -5.52792771e-05
   3.45574017e+02   5.71017554e-05
   3.45574505e+02   4.27774467e-05
   3.45574994e+02  -9.01713138e-05
   3.45575482e+02  -1.20947414e-04
   3.45575970e+02  -6.11233263e-05
   3.45576459e+02  -5.84697736e-05
   3.45576947e+02  -9.68324312e-05
   3.45577435e+02  -1.17262607e-04
   3.45577923e+02  -2.93768913e-04
   3.45578412e+02  -4.23151068e-04
   3.45578900e+02  -5.81694112e-05
   3.45579388e+02   1.90175866e-04
   3.45579877e+02  -5.24754614e-05
   3.45580365e+02  -1.66030703e-04
   3.45580853e+02  -1.71332853e-04
   3.45581342e+02  -3.50287242e-04
   3.45581830e+02  -3.39280814e-04
   3.45582318e+02   4.62066273e-05
   3.45582807e+02   3.76015727e-04
   3.45583295e+02   3.38329817e-04
   3.45583783e+02   5.86841597e-05
   3.45584272e+02  -1.19519478e-04
   3.45584760e+02  -4.72925458e-05
   3.45585248e+02   8.26706382e-05
   3.45585737e+02   4.49807303e-05
   3.45586225e+02  -8.78112769e-05
   3.45586713e+02  -7.02689567e-06
   3.45587202e+02   1.44593068e-04
   3.45587690e+02   1.15806513e-04
   3.45588178e+02   3.19606329e-06
   3.45588666e+02  -4.51029882e-05
   3.45589155e+02   7.67820602e-05
   3.45589643e+02   1.74140252e-04
   3.45590131e+02   1.14501272e-04
   3.45590620e+02   4.72653810e-05
   3.45591108e+02  -9.88170868e-05
   3.45591596e+02  -2.58962420e-04
   3.45592085e+02  -1.06656429e-04
   3.45592573e+02   2.77468498e-04
   3.45593061e+02   4.98974347e-04
   3.45593550e+02   6.80236029e-04
   3.45594038e+02   7.24342361e-04
   3.45594526e+02   7.29423249e-04
   3.45595015e+02   6.69701607e-04
   3.45595503e+02   5.79501037e-04
   3.45595991e+02   6.02805230e-04
   3.45596480e+02   8.67880648e-04
   3.45596968e+02   1.30325265e-03
   3.45597456e+02   1.52871571e-03
   3.45597945e+02   1.39544217e-03
   3.45598433e+02   1.45310990e-03
   3.45598921e+02   1.91781076e-03
   3.45599410e+02   2.46058684e-03
   3.45599898e+02   2.88736727e-03
   3.45600386e+02   3.58753535e-03
   3.45600874e+02   4.62560495e-03
   3.45601363e+02   5.95886493e-03
   3.45601851e+02   8.07079952e-03
   3.45602339e+02   1.09740160e-02
   3.45602828e+02   1.43862348e-02
   3.45603316e+02   1.87149271e-02
   3.45603804e+02   2.43613385e-02
   3.45604293e+02   3.10579818e-02
   3.45604781e+02   4.04853746e-02
   3.45605269e+02   5.65839335e-02
   3.45605758e+02   7.96967372e-02
   3.45606246e+02   1.03005007e-01
   3.45606734e+02   1.21204481e-01
   3.45607223e+02   1.35962531e-01
   3.45607711e+02   1.41999871e-01
   3.45608199e+02   1.33058995e-01
   3.45608688e+02   1.13818489e-01
   3.45609176e+02   9.03015211e-02
   3.45609664e+02   6.75808415e-02
   3.45610153e+02   4.87587452e-02
   3.45610641e+02   3.51451859e-02
   3.45611129e+02   2.55721342e-02
   3.45611617e+02   1.95253268e-02
   3.45612106e+02   1.58917438e-02
   3.45612594e+02   1.36741931e-02
   3.45613082e+02   1.20458938e-02
   3.45613571e+02   1.07151782e-02
   3.45614059e+02   9.63649713e-03
   3.45614547e+02   8.66330415e-03
   3.45615036e+02   7.57777691e-03
   3.45615524e+02   6.55249180e-03
   3.45616012e+02   5.66665689e-03
   3.45616501e+02   4.96155443e-03
   3.45616989e+02   4.49961051e-03
   3.45617477e+02   3.97842238e-03
   3.45617966e+02   3.41425301e-03
   3.45618454e+02   3.01184994e-03
   3.45618942e+02   2.90888851e-03
   3.45619431e+02   2.72012036e-03
   3.45619919e+02   2.31501739e-03
   3.45620407e+02   2.04467913e-03
   3.45620896e+02   1.93781580e-03
   3.45621384e+02   1.75840978e-03
   3.45621872e+02   1.40274514e-03
   3.45622360e+02   1.00468483e-03
   3.45622849e+02   8.78334220e-04
   3.45623337e+02   9.47154360e-04
   3.45623825e+02   8.99955165e-04
   3.45624314e+02   7.38224655e-04
   3.45624802e+02   5.62240486e-04
   3.45625290e+02   3.47504800e-04
   3.45625779e+02   2.03125586e-04
   3.45626267e+02   1.38765445e-05
   3.45626755e+02  -5.59056061e-05
   3.45627244e+02   5.02758048e-05
   3.45627732e+02   1.51935994e-04
   3.45628220e+02   2.23031224e-04
   3.45628709e+02   2.66262097e-04
   3.45629197e+02   3.08236689e-04
   3.45629685e+02   4.66553582e-04
   3.45630174e+02   5.63067850e-04
   3.45630662e+02   4.56096721e-04
   3.45631150e+02   2.34402862e-04
   3.45631639e+02   4.18119525e-05
   3.45632127e+02   5.63323592e-05
   3.45632615e+02   1.41003824e-04
   3.45633104e+02   7.20096068e-05
   3.45633592e+02  -3.53742835e-05
   3.45634080e+02  -3.20310824e-06
   3.45634568e+02  -1.67939579e-05
   3.45635057e+02  -2.00495531e-04
   3.45635545e+02  -2.13170919e-04
   3.45636033e+02   2.52402806e-05
   3.45636522e+02   2.43006420e-04
   3.45637010e+02   3.52090632e-04
   3.45637498e+02   2.86578608e-04
   3.45637987e+02   1.21355906e-05
   3.45638475e+02  -3.54783202e-04
   3.45638963e+02  -4.72110114e-04
   3.45639452e+02  -3.22941429e-04
   3.45639940e+02  -2.37291271e-04
   3.45640428e+02  -1.40780918e-04
   3.45640917e+02   5.83369285e-07
   3.45641405e+02  -2.76604987e-05
   3.45641893e+02  -2.02795796e-04
   3.45642382e+02  -2.72425474e-04
   3.45642870e+02   2.43657814e-05
   3.45643358e+02   3.02509958e-04
   3.45643847e+02   6.21953004e-05
   3.45644335e+02  -3.06813163e-04
   3.45644823e+02  -3.28766764e-04
   3.45645311e+02  -4.48347200e-05
   3.45645800e+02   2.08863930e-04
   3.45646288e+02   1.46020087e-04
   3.45646776e+02  -2.41825205e-06
   3.45647265e+02   5.01297882e-06
   3.45647753e+02  -1.01501091e-05
   3.45648241e+02   7.27351198e-06
   3.45648730e+02   2.86182767e-04
   3.45649218e+02   4.72779211e-04
   3.45649706e+02   3.40855855e-04
   3.45650195e+02   1.85028184e-04
   3.45650683e+02   6.68252542e-05
   3.45651171e+02  -2.34541894e-05
   3.45651660e+02  -6.62697785e-05
   3.45652148e+02  -4.60515075e-05
   3.45652636e+02   6.11113646e-05
   3.45653125e+02   1.32627349e-04
   3.45653613e+02   7.91075945e-05
   3.45654101e+02  -1.83939308e-04
   3.45654590e+02  -3.46626854e-04
   3.45655078e+02  -2.09125064e-04
   3.45655566e+02  -6.28809430e-05
   3.45656055e+02  -7.01819226e-05
   3.45656543e+02  -2.54500046e-05
   3.45657031e+02   1.73835622e-04
   3.45657519e+02   2.43237431e-04
   3.45658008e+02   9.94475631e-05
   3.45658496e+02   3.67910725e-05
   3.45658984e+02   7.18531373e-05
   3.45659473e+02   4.58133286e-07
   3.45659961e+02  -2.99377189e-05
   3.45660449e+02   1.31011664e-04
   3.45660938e+02   2.74119986e-04
   3.45661426e+02   2.37113520e-04
   3.45661914e+02   2.44004805e-05
   3.45662403e+02  -1.75482521e-04
   3.45662891e+02  -1.62703524e-04
   3.45663379e+02  -1.35971888e-04
   3.45663868e+02  -2.03872463e-04
   3.45664356e+02  -2.21081413e-04
   3.45664844e+02  -8.73737517e-05
   3.45665333e+02   2.11371473e-04
   3.45665821e+02   3.61040293e-04
   3.45666309e+02   1.07550848e-04
   3.45666798e+02  -1.18069547e-04
   3.45667286e+02  -8.33818121e-05
   3.45667774e+02  -9.77732052e-05
   3.45668262e+02  -1.54586509e-04
   3.45668751e+02  -8.02071590e-05
   3.45669239e+02   4.84110533e-05
   3.45669727e+02   1.08705637e-04
   3.45670216e+02   1.29011560e-05
   3.45670704e+02  -3.37395477e-06
   3.45671192e+02   1.07285472e-04
   3.45671681e+02   5.09808997e-05
   3.45672169e+02  -9.17104771e-05
   3.45672657e+02  -5.56912637e-05
   3.45673146e+02   9.59384033e-06
   3.45673634e+02  -9.57002776e-05
   3.45674122e+02  -2.06541139e-04
   3.45674611e+02  -1.03655286e-04
   3.45675099e+02   8.88620416e-05
   3.45675587e+02   9.58859455e-05
   3.45676076e+02  -6.37613120e-05
   3.45676564e+02  -2.00474926e-04
   3.45677052e+02  -2.46845564e-04
   3.45677541e+02  -2.04570621e-04
   3.45678029e+02  -1.23455276e-04
   3.45678517e+02  -6.13520824e-05
   3.45679005e+02   1.12776426e-04
   3.45679494e+02   3.28295835e-04
   3.45679982e+02   2.82841705e-04
   3.45680470e+02   1.07130058e-04
   3.45680959e+02   1.91273823e-04
   3.45681447e+02   4.21558361e-04
   3.45681935e+02   2.61514302e-04
   3.45682424e+02  -1.73408000e-04
   3.45682912e+02  -1.37128576e-04
   3.45683400e+02   3.09051014e-04
   3.45683889e+02   4.43561963e-04
   3.45684377e+02   2.02217620e-04
   3.45684865e+02   3.94692916e-06
   3.45685354e+02  -8.92991229e-05
   3.45685842e+02  -1.29989188e-04
   3.45686330e+02  -1.87781639e-04
   3.45686819e+02  -3.36045923e-04
   3.45687307e+02  -3.65549990e-04
   3.45687795e+02  -1.73915018e-04
   3.45688284e+02   8.25122333e-05
   3.45688772e+02   1.37229334e-04
   3.45689260e+02  -7.18274314e-05
   3.45689749e+02  -2.17780922e-04
   3.45690237e+02  -2.85182468e-04
   3.45690725e+02  -3.20064399e-04
   3.45691213e+02  -1.17938289e-04
   3.45691702e+02   8.97355058e-05
   3.45692190e+02   1.11702982e-04
   3.45692678e+02   2.00759241e-04
   3.45693167e+02   3.35692166e-04
   3.45693655e+02   3.49508715e-04
   3.45694143e+02   2.35573243e-04
   3.45694632e+02   7.00395467e-05
   3.45695120e+02   8.31527650e-05
   3.45695608e+02   2.40667388e-04
   3.45696097e+02   2.31166166e-04
   3.45696585e+02   4.17870833e-05
   3.45697073e+02   3.20303698e-05
   3.45697562e+02   2.22797200e-04
   3.45698050e+02   2.33235027e-04
   3.45698538e+02   1.99491420e-04
   3.45699027e+02   3.96994088e-04
   3.45699515e+02   4.48456354e-04
   3.45700003e+02   2.34921303e-04
   3.45700492e+02   1.80325296e-04
   3.45700980e+02   2.15527733e-04
   3.45701468e+02   6.93219263e-05
   3.45701956e+02  -1.56640293e-04
   3.45702445e+02  -2.23749055e-04
   3.45702933e+02  -9.67731830e-05
   3.45703421e+02   1.38416872e-04
   3.45703910e+02   2.65879149e-04
   3.45704398e+02   1.69448598e-04
   3.45704886e+02   1.54239358e-04
   3.45705375e+02   2.38383916e-04
   3.45705863e+02   2.56186613e-04
   3.45706351e+02   2.47292424e-04
   3.45706840e+02   2.17464723e-04
   3.45707328e+02   1.57475311e-04
   3.45707816e+02   5.59589353e-05
   3.45708305e+02   7.98582550e-05
   3.45708793e+02   1.32656671e-04
   3.45709281e+02   1.73092776e-05
   3.45709770e+02  -1.01097474e-04
   3.45710258e+02  -2.16107102e-04
   3.45710746e+02  -3.13593948e-04
   3.45711235e+02  -2.72356992e-04
   3.45711723e+02  -2.55150604e-04
   3.45712211e+02  -2.79620494e-04
   3.45712699e+02  -2.00038718e-04
   3.45713188e+02   2.19175467e-06
   3.45713676e+02   8.80118532e-05
   3.45714164e+02  -1.05891675e-04
   3.45714653e+02  -3.15020327e-04
   3.45715141e+02  -3.08978109e-04
   3.45715629e+02  -1.19721308e-05
   3.45716118e+02   2.67496507e-04
   3.45716606e+02   2.69493088e-04
   3.45717094e+02   1.95044689e-04
   3.45717583e+02   2.10980841e-04
   3.45718071e+02   3.25278088e-04
   3.45718559e+02   3.27023154e-04
   3.45719048e+02   8.19157794e-05
   3.45719536e+02  -1.47604107e-04
   3.45720024e+02  -1.91112777e-04
   3.45720513e+02  -6.45303444e-05
   3.45721001e+02   1.59469302e-04
   3.45721489e+02   2.31691112e-04
   3.45721978e+02   1.46887789e-04
   3.45722466e+02   9.09632727e-05
   3.45722954e+02   1.67381426e-04
   3.45723443e+02   3.50952905e-04
   3.45723931e+02   3.42775718e-04
   3.45724419e+02   1.28773390e-04
   3.45724907e+02  -6.07500042e-05
   3.45725396e+02  -1.72262837e-04
   3.45725884e+02  -1.47241051e-04
   3.45726372e+02  -6.97861469e-05
   3.45726861e+02  -2.38242433e-06
   3.45727349e+02   8.35655665e-05
   3.45727837e+02   1.44324105e-04
   3.45728326e+02   1.31752662e-04
   3.45728814e+02  -1.76542271e-05
   3.45729302e+02  -5.85703419e-05
   3.45729791e+02   1.61985459e-04
   3.45730279e+02   2.14497006e-04
   3.45730767e+02  -7.47210142e-05
   3.45731256e+02  -3.58074933e-04
   3.45731744e+02  -1.90339255e-04
   3.45732232e+02   1.84958728e-04
   3.45732721e+02   1.04607519e-04
   3.45733209e+02  -2.59815279e-04
   3.45733697e+02  -3.79569130e-04
   3.45734186e+02  -3.80966463e-04
   3.45734674e+02  -3.15455080e-04
   3.45735162e+02  -5.38818058e-05
   3.45735650e+02   9.35016797e-05
   3.45736139e+02  -1.59755655e-05
   3.45736627e+02  -2.25916432e-04
   3.45737115e+02  -3.04557063e-04
   3.45737604e+02  -1.04680934e-04
   3.45738092e+02   3.19746141e-05
   3.45738580e+02   2.48558863e-05
   3.45739069e+02   8.27690674e-05
   3.45739557e+02  -1.44448813e-05
   3.45740045e+02  -1.93036540e-04
   3.45740534e+02  -1.79882059e-04
   3.45741022e+02  -8.97410500e-05
   3.45741510e+02  -1.14642962e-05
   3.45741999e+02   7.08968073e-05
   3.45742487e+02   1.71159933e-04
   3.45742975e+02   2.50730518e-04
   3.45743464e+02   1.73892797e-04
   3.45743952e+02  -8.02383802e-05
   3.45744440e+02  -2.90205062e-04
   3.45744929e+02  -2.38566747e-04
   3.45745417e+02  -6.62727762e-05
   3.45745905e+02   5.09228175e-06
   3.45746393e+02   5.74969636e-05
   3.45746882e+02   1.89419559e-04
   3.45747370e+02   4.06152132e-04
   3.45747858e+02   5.00081165e-04
   3.45748347e+02   2.56264932e-04
   3.45748835e+02   6.50171642e-05
   3.45749323e+02   1.05567859e-04
   3.45749812e+02   1.22108802e-04
   3.45750300e+02   1.01419057e-04
   3.45750788e+02   4.51646338e-05
   3.45751277e+02  -7.35357971e-05
   3.45751765e+02  -6.68579960e-05
   3.45752253e+02  -6.74347248e-05
   3.45752742e+02  -1.27582869e-04
   3.45753230e+02  -7.55741785e-05
   3.45753718e+02  -1.20902514e-04
   3.45754207e+02  -2.41080357e-04
   3.45754695e+02  -2.77539919e-04
   3.45755183e+02  -2.59238237e-04
   3.45755672e+02  -1.37723637e-05
   3.45756160e+02   2.14593965e-04
   3.45756648e+02   4.16085204e-05
   3.45757137e+02  -3.22471133e-05
   3.45757625e+02   2.04302312e-04
   3.45758113e+02   2.93402176e-04
   3.45758601e+02   2.54833343e-04
   3.45759090e+02   1.77812370e-04
   3.45759578e+02  -8.74687175e-05
   3.45760066e+02  -3.68677778e-04
   3.45760555e+02  -3.44845030e-04
   3.45761043e+02  -1.83717057e-05
   3.45761531e+02   1.94621738e-04
   3.45762020e+02   1.38326068e-04
   3.45762508e+02  -3.91037429e-06
   3.45762996e+02  -8.38215419e-05
   3.45763485e+02   1.81989944e-05
   3.45763973e+02   1.16484087e-04
   3.45764461e+02  -1.19809527e-04
   3.45764950e+02  -4.26376530e-04
   3.45765438e+02  -4.34313028e-04
   3.45765926e+02  -2.91946169e-04
   3.45766415e+02  -1.37333540e-04
   3.45766903e+02  -3.65660926e-05
   3.45767391e+02  -5.65926639e-05
   3.45767880e+02  -5.65411938e-05
   3.45768368e+02   1.40583033e-05
   3.45768856e+02  -2.02899264e-06
   3.45769344e+02  -1.26099621e-04
   3.45769833e+02   3.89926208e-05
   3.45770321e+02   2.14935237e-04
   3.45770809e+02   9.01726817e-05
   3.45771298e+02  -1.24028855e-04
   3.45771786e+02  -2.20301852e-04
   3.45772274e+02  -4.40020558e-05
   3.45772763e+02   2.33894942e-04
   3.45773251e+02   2.39105371e-04
   3.45773739e+02   8.03258663e-05
   3.45774228e+02  -2.56208132e-05
   3.45774716e+02  -5.54993203e-05
   3.45775204e+02  -2.82060428e-05
   3.45775693e+02  -6.91165624e-05
   3.45776181e+02  -1.13856076e-04
   3.45776669e+02  -7.80349365e-05
   3.45777158e+02  -1.94775948e-05
   3.45777646e+02  -1.75005207e-05
   3.45778134e+02  -6.26923575e-05
   3.45778623e+02   2.09781520e-05
   3.45779111e+02   8.59102802e-05
   3.45779599e+02  -1.21741214e-04
   3.45780087e+02  -3.22133972e-04
   3.45780576e+02  -2.42744354e-04
   3.45781064e+02  -1.62510172e-04
   3.45781552e+02  -2.65494775e-04
   3.45782041e+02  -3.98826902e-04
   3.45782529e+02  -4.43632278e-04
   3.45783017e+02  -2.81476445e-04
   3.45783506e+02  -7.98001929e-05
   3.45783994e+02  -2.68113308e-05
   3.45784482e+02  -1.81802443e-05
   3.45784971e+02   2.67184132e-05
   3.45785459e+02   1.45156111e-04
   3.45785947e+02   2.05169243e-04
   3.45786436e+02   1.41626384e-04
   3.45786924e+02   1.36561706e-04
   3.45787412e+02   8.53973906e-05
   3.45787901e+02  -1.24665195e-04
   3.45788389e+02  -2.46806681e-04
   3.45788877e+02  -5.89648371e-05
   3.45789366e+02   3.77763557e-04
   3.45789854e+02   5.48638927e-04
   3.45790342e+02   1.88288061e-04
   3.45790831e+02  -2.42796261e-04
   3.45791319e+02  -3.21025087e-04
   3.45791807e+02  -2.11420949e-04
   3.45792295e+02  -2.87061121e-04
   3.45792784e+02  -4.77609079e-04
   3.45793272e+02  -3.80562269e-04
   3.45793760e+02  -1.10481626e-04
   3.45794249e+02  -3.76247153e-05
   3.45794737e+02  -1.49737636e-04
   3.45795225e+02  -1.94146865e-04
   3.45795714e+02  -1.21367229e-04
   3.45796202e+02  -3.10452997e-05
   3.45796690e+02  -3.61707134e-05
   3.45797179e+02  -1.23767764e-04
   3.45797667e+02  -2.01179166e-04
   3.45798155e+02  -2.56963103e-04
   3.45798644e+02  -2.59736931e-04
   3.45799132e+02  -1.32720423e-04
   3.45799620e+02   4.69411025e-05
   3.45800109e+02   1.22912970e-04
   3.45800597e+02   1.12639818e-05
   3.45801085e+02  -2.24041607e-04
   3.45801574e+02  -3.31461517e-04
   3.45802062e+02  -2.08882397e-04
   3.45802550e+02   4.47493876e-05
   3.45803038e+02   1.78117349e-04
   3.45803527e+02   5.95625061e-05
   3.45804015e+02   2.74203576e-05
   3.45804503e+02   7.54549692e-05
   3.45804992e+02   6.12351723e-05
   3.45805480e+02   1.10593108e-04
   3.45805968e+02   3.96058786e-05
   3.45806457e+02  -2.29556652e-04
   3.45806945e+02  -3.81822989e-04
   3.45807433e+02  -3.06043774e-04
   3.45807922e+02  -1.90086372e-04
   3.45808410e+02  -2.01111121e-04
   3.45808898e+02  -2.21850845e-04
   3.45809387e+02  -1.03972794e-04
   3.45809875e+02  -4.84658158e-05
   3.45810363e+02  -2.46586133e-04
   3.45810852e+02  -4.06414125e-04
   3.45811340e+02  -3.06983740e-04
   3.45811828e+02  -2.51279398e-05
   3.45812317e+02   1.76538044e-04
   3.45812805e+02   2.27793033e-04
   3.45813293e+02   3.37358157e-04
   3.45813781e+02   3.73423536e-04
   3.45814270e+02  -1.75837761e-06
   3.45814758e+02  -5.05524571e-04
   3.45815246e+02  -4.88276855e-04
   3.45815735e+02  -1.36949937e-04
   3.45816223e+02   7.42333141e-05
   3.45816711e+02   1.70075495e-04
   3.45817200e+02   1.82207805e-04
   3.45817688e+02   1.92586638e-04
   3.45818176e+02   2.03636562e-04
   3.45818665e+02   2.65260780e-04
   3.45819153e+02   4.07838146e-04
   3.45819641e+02   4.02208243e-04
   3.45820130e+02   1.46012011e-04
   3.45820618e+02  -7.07691579e-05
   3.45821106e+02  -5.37977758e-05
   3.45821595e+02   8.19786001e-05
   3.45822083e+02   2.83101370e-04
   3.45822571e+02   3.62777675e-04
   3.45823060e+02   2.57163047e-04
   3.45823548e+02   2.17025066e-04
   3.45824036e+02   1.46686449e-04
   3.45824525e+02   8.82041568e-05
   3.45825013e+02   1.09239983e-04
   3.45825501e+02   8.29353012e-05
   3.45825989e+02   1.44632737e-04
   3.45826478e+02   1.21349731e-04
   3.45826966e+02  -1.68474813e-04
   3.45827454e+02  -3.03158246e-04
   3.45827943e+02  -1.70174812e-04
   3.45828431e+02  -9.61903861e-05
   3.45828919e+02  -6.81455349e-05
   3.45829408e+02  -6.08195442e-05
   3.45829896e+02  -1.56303024e-04
   3.45830384e+02  -6.04313682e-05
   3.45830873e+02   7.07737854e-05
   3.45831361e+02  -8.06192766e-05
   3.45831849e+02  -2.42691574e-04
   3.45832338e+02  -2.38771085e-04
   3.45832826e+02  -7.59004179e-05
   3.45833314e+02   1.00141275e-04
   3.45833803e+02   3.30164112e-05
   3.45834291e+02  -1.67076170e-04
   3.45834779e+02  -1.60099880e-04
   3.45835268e+02  -1.10427092e-04
   3.45835756e+02  -2.76321080e-04
   3.45836244e+02  -3.28373833e-04
   3.45836732e+02  -2.07759120e-04
   3.45837221e+02  -2.47331045e-04
   3.45837709e+02  -3.38673330e-04
   3.45838197e+02  -3.40997882e-04
   3.45838686e+02  -3.04486166e-04
   3.45839174e+02  -2.38684413e-04
   3.45839662e+02  -1.85432771e-04
   3.45840151e+02  -1.93369400e-04
   3.45840639e+02  -2.29740530e-04
   3.45841127e+02  -2.92584184e-04
   3.45841616e+02  -3.16949969e-04
   3.45842104e+02  -5.67471070e-05
   3.45842592e+02   3.03199544e-04
   3.45843081e+02   3.92836373e-04
   3.45843569e+02   3.16719321e-04
   3.45844057e+02   2.63467315e-04
   3.45844546e+02   2.51704594e-04
   3.45845034e+02   1.94309614e-04
   3.45845522e+02  -4.64380319e-05
   3.45846011e+02  -3.64123640e-04
   3.45846499e+02  -4.95442364e-04
   3.45846987e+02  -4.88462043e-04
   3.45847476e+02  -4.07475542e-04
   3.45847964e+02  -1.73546985e-04
   3.45848452e+02   3.08881863e-05
   3.45848940e+02   1.64584140e-04
   3.45849429e+02   3.47285648e-04
   3.45849917e+02   3.44948698e-04
   3.45850405e+02   1.59301751e-04
   3.45850894e+02   3.15941870e-05
   3.45851382e+02   3.90395726e-05
   3.45851870e+02   6.01177198e-05
   3.45852359e+02  -2.85505121e-05
   3.45852847e+02   1.68719998e-05
   3.45853335e+02   2.04664611e-04
   3.45853824e+02   1.98946684e-04
   3.45854312e+02   2.56274998e-05
   3.45854800e+02  -9.86467930e-05
   3.45855289e+02  -1.01093639e-04
   3.45855777e+02  -5.61337947e-05
   3.45856265e+02  -2.54023962e-05
   3.45856754e+02  -8.17450200e-05
   3.45857242e+02  -2.73570127e-04
   3.45857730e+02  -2.93037156e-04
   3.45858219e+02  -1.29981214e-04
   3.45858707e+02  -1.09413333e-04
   3.45859195e+02  -1.90636987e-04
   3.45859683e+02  -2.86161347e-04
   3.45860172e+02  -3.12154094e-04
   3.45860660e+02  -3.08326300e-04
   3.45861148e+02  -2.81929679e-04
   3.45861637e+02  -3.06673210e-05
   3.45862125e+02   1.51638218e-04
   3.45862613e+02   1.06356230e-04
   3.45863102e+02   1.25998573e-04
   3.45863590e+02   1.62390526e-04
   3.45864078e+02   1.18178505e-04
   3.45864567e+02   1.45255603e-04
   3.45865055e+02   2.24547359e-04
   3.45865543e+02   1.94168024e-04
   3.45866032e+02   1.15335832e-04
   3.45866520e+02  -3.27559121e-07
   3.45867008e+02  -2.05565637e-04
   3.45867497e+02  -2.78299034e-04
   3.45867985e+02  -1.46324543e-04
   3.45868473e+02   3.04086170e-05
   3.45868962e+02   1.78227288e-04
   3.45869450e+02   1.32216228e-04
   3.45869938e+02  -8.18973931e-05
   3.45870426e+02  -9.69328394e-05
   3.45870915e+02  -6.93845068e-05
   3.45871403e+02  -2.97466409e-04
   3.45871891e+02  -4.49490908e-04
   3.45872380e+02  -3.11107549e-04
   3.45872868e+02  -1.13286857e-04
   3.45873356e+02  -1.36369374e-04
   3.45873845e+02  -2.98083090e-04
   3.45874333e+02  -2.84752488e-04
   3.45874821e+02  -9.80100522e-05
   3.45875310e+02   5.27418961e-05
   3.45875798e+02   8.18780827e-05
   3.45876286e+02  -6.81528836e-05
   3.45876775e+02  -2.04349912e-04
   3.45877263e+02  -1.44122620e-04
   3.45877751e+02  -2.22343842e-05
   3.45878240e+02   2.17929992e-04
   3.45878728e+02   3.42442014e-04
   3.45879216e+02   1.55702481e-04
   3.45879705e+02   6.83851249e-05
   3.45880193e+02   2.42548107e-04
   3.45880681e+02   2.86076771e-04
   3.45881170e+02   1.29447086e-04
   3.45881658e+02   1.34173679e-04
   3.45882146e+02   2.24889620e-04
   3.45882634e+02   2.19052177e-04
   3.45883123e+02   8.68794959e-05
   3.45883611e+02  -8.32359292e-05
   3.45884099e+02  -4.47951970e-05
   3.45884588e+02  -3.08400558e-05
   3.45885076e+02  -1.35152193e-04
   3.45885564e+02  -2.65279377e-05
   3.45886053e+02   1.16822317e-04
   3.45886541e+02   7.13984846e-05
   3.45887029e+02  -8.83721732e-05
   3.45887518e+02  -1.38118485e-04
   3.45888006e+02  -9.71731879e-06
   3.45888494e+02   1.52059583e-04
   3.45888983e+02   1.69035528e-04
   3.45889471e+02   3.31436131e-05
   3.45889959e+02  -1.32680652e-04
   3.45890448e+02  -2.22059316e-04
   3.45890936e+02  -1.99163056e-04
   3.45891424e+02  -1.24623868e-04
   3.45891913e+02  -1.52489214e-04
   3.45892401e+02  -1.98579219e-04
   3.45892889e+02  -1.22741898e-04
   3.45893377e+02   1.78892169e-05
   3.45893866e+02   2.74125225e-04
   3.45894354e+02   3.66721506e-04
   3.45894842e+02   9.70992696e-05
   3.45895331e+02  -1.50998312e-05
   3.45895819e+02   1.14160597e-04
   3.45896307e+02   3.39282997e-05
   3.45896796e+02  -5.98298757e-05
   3.45897284e+02   7.48466991e-05
   3.45897772e+02   1.87578669e-04
   3.45898261e+02   1.97969799e-04
   3.45898749e+02   1.68339917e-04
   3.45899237e+02   1.70856292e-04
   3.45899726e+02   2.79049331e-04
   3.45900214e+02   3.26956244e-04
   3.45900702e+02   1.25482213e-04
   3.45901191e+02  -1.43985599e-04
   3.45901679e+02  -2.44067021e-04
   3.45902167e+02  -2.22561241e-04
   3.45902656e+02  -1.79605719e-04
   3.45903144e+02  -1.09217290e-05
   3.45903632e+02   2.03610747e-04
   3.45904120e+02   1.54516238e-04
   3.45904609e+02  -4.40533695e-05
   3.45905097e+02  -1.16342897e-04
   3.45905585e+02   1.34499478e-05
   3.45906074e+02   1.76069370e-04
   3.45906562e+02   1.78416478e-04
   3.45907050e+02   8.92424214e-05
   3.45907539e+02   1.03698359e-04
   3.45908027e+02   2.77770363e-04
   3.45908515e+02   3.20771185e-04
   3.45909004e+02   9.87795138e-05
   3.45909492e+02  -6.98287695e-05
   3.45909980e+02  -1.51024597e-05
   3.45910469e+02   1.94116757e-04
   3.45910957e+02   2.62123474e-04
   3.45911445e+02   8.61234876e-05
   3.45911934e+02  -2.02488422e-06
   3.45912422e+02   8.86531416e-05
   3.45912910e+02   1.52492823e-04
   3.45913399e+02   1.24359693e-04
   3.45913887e+02   8.48972777e-05
   3.45914375e+02  -9.07045469e-05
   3.45914864e+02  -2.43754141e-04
   3.45915352e+02  -8.59447973e-05
   3.45915840e+02   1.08306027e-04
   3.45916328e+02   1.86008285e-04
   3.45916817e+02   2.52473517e-04
   3.45917305e+02   1.58080351e-04
   3.45917793e+02   4.92609288e-05
   3.45918282e+02  -2.26992615e-05
   3.45918770e+02  -8.93054603e-05
   3.45919258e+02  -1.07004234e-05
   3.45919747e+02  -1.34414977e-05
   3.45920235e+02  -8.50458600e-05
   3.45920723e+02   8.33864760e-05
   3.45921212e+02   2.30870341e-04
   3.45921700e+02   1.91220388e-04
   3.45922188e+02   2.29059384e-04
   3.45922677e+02   2.83573027e-04
   3.45923165e+02   2.37226923e-04
   3.45923653e+02   1.45276164e-04
   3.45924142e+02  -1.08286084e-04
   3.45924630e+02  -3.14244884e-04
   3.45925118e+02  -1.85249082e-04
   3.45925607e+02  -9.67597734e-05
   3.45926095e+02  -1.91198109e-04
   3.45926583e+02  -1.05837396e-04
   3.45927071e+02   9.79086035e-05
   3.45927560e+02   1.61292715e-04
   3.45928048e+02   5.78137879e-05
   3.45928536e+02  -3.71178176e-05
   3.45929025e+02   6.23343003e-05
   3.45929513e+02   1.57042290e-04
   3.45930001e+02   4.57567912e-05
   3.45930490e+02  -1.56196707e-04
   3.45930978e+02  -2.47801334e-04
   3.45931466e+02  -1.59557574e-04
   3.45931955e+02  -6.88622895e-05
   3.45932443e+02  -1.64780096e-04
   3.45932931e+02  -2.70157703e-04
   3.45933420e+02  -2.79878819e-04
   3.45933908e+02  -2.51869118e-04
   3.45934396e+02   4.36671435e-05
   3.45934885e+02   3.60312988e-04
   3.45935373e+02   1.83735552e-04
   3.45935861e+02  -6.71224916e-06
   3.45936350e+02   1.70143670e-04
   3.45936838e+02   1.83468830e-04
   3.45937326e+02   4.04801176e-05
   3.45937814e+02   1.43216248e-05
   3.45938303e+02  -3.57009085e-05
   3.45938791e+02  -1.63746536e-05
   3.45939279e+02   7.48660605e-05
   3.45939768e+02   4.29890752e-05
   3.45940256e+02  -3.55972952e-05
   3.45940744e+02  -1.86088466e-04
   3.45941233e+02  -3.44895088e-04
   3.45941721e+02  -2.51044490e-04
   3.45942209e+02  -6.87681604e-05
   3.45942698e+02   3.00164738e-05
   3.45943186e+02   8.67753770e-05
   3.45943674e+02   6.65945045e-05
   3.45944163e+02   1.72323671e-05
