frequency (GHz), flux (Jy/beam)
   3.44888470e+02   3.01685440e-03
   3.44888959e+02   2.45576282e-03
   3.44889447e+02   5.47569711e-04
   3.44889935e+02   1.08798951e-04
   3.44890423e+02   6.16539328e-04
   3.44890912e+02   1.27281726e-03
   3.44891400e+02   1.44505396e-03
   3.44891888e+02   7.68909755e-04
   3.44892377e+02   3.04299523e-04
   3.44892865e+02   1.02909608e-03
   3.44893353e+02   1.22926349e-03
   3.44893842e+02   7.41107215e-04
   3.44894330e+02   7.33465597e-04
   3.44894818e+02  -3.58928635e-04
   3.44895307e+02  -2.50033778e-03
   3.44895795e+02  -1.96223194e-03
   3.44896283e+02   1.00009248e-03
   3.44896771e+02   1.62641192e-03
   3.44897260e+02  -5.76210790e-04
   3.44897748e+02  -1.89375365e-03
   3.44898236e+02  -2.11599935e-03
   3.44898725e+02  -1.75949465e-03
   3.44899213e+02  -2.43698421e-04
   3.44899701e+02   9.01591207e-04
   3.44900190e+02   3.20867257e-04
   3.44900678e+02  -9.92692891e-04
   3.44901166e+02  -8.06482858e-04
   3.44901655e+02   1.20127879e-04
   3.44902143e+02  -1.87949991e-04
   3.44902631e+02  -7.61156844e-04
   3.44903119e+02   5.75399376e-04
   3.44903608e+02   2.68345093e-03
   3.44904096e+02   2.14135856e-03
   3.44904584e+02  -5.57067164e-04
   3.44905073e+02  -2.33148690e-03
   3.44905561e+02  -1.78782723e-03
   3.44906049e+02   6.20478124e-04
   3.44906538e+02   2.55291420e-03
   3.44907026e+02   1.25701108e-03
   3.44907514e+02  -2.03910307e-03
   3.44908003e+02  -2.58117495e-03
   3.44908491e+02   4.95314540e-04
   3.44908979e+02   1.75440311e-03
   3.44909467e+02  -5.56478568e-04
   3.44909956e+02  -1.70061365e-03
   3.44910444e+02  -1.79760926e-03
   3.44910932e+02  -3.01584601e-03
   3.44911421e+02  -2.66972161e-03
   3.44911909e+02  -1.80642426e-04
   3.44912397e+02   1.15269655e-03
   3.44912886e+02   1.02818327e-03
   3.44913374e+02   1.64755259e-03
   3.44913862e+02   2.43737013e-03
   3.44914351e+02   1.93013169e-03
   3.44914839e+02   1.10382005e-03
   3.44915327e+02   4.04065540e-05
   3.44915815e+02  -1.54641795e-03
   3.44916304e+02  -1.72865356e-03
   3.44916792e+02  -2.01700698e-03
   3.44917280e+02  -3.34439380e-03
   3.44917769e+02  -2.68373685e-03
   3.44918257e+02  -1.50027662e-03
   3.44918745e+02  -2.12211162e-03
   3.44919234e+02  -2.41592107e-03
   3.44919722e+02  -6.96258154e-04
   3.44920210e+02   1.53430749e-03
   3.44920699e+02   1.87220820e-03
   3.44921187e+02   1.14841422e-03
   3.44921675e+02  -2.42583308e-04
   3.44922163e+02  -3.55705130e-03
   3.44922652e+02  -5.05753653e-03
   3.44923140e+02  -2.42229993e-03
   3.44923628e+02  -5.73876139e-04
   3.44924117e+02  -1.44882035e-03
   3.44924605e+02  -2.47824192e-03
   3.44925093e+02  -2.40923534e-03
   3.44925582e+02  -1.22551969e-03
   3.44926070e+02   3.23779008e-04
   3.44926558e+02   1.05220859e-03
   3.44927047e+02   8.41955713e-04
   3.44927535e+02   1.62744749e-04
   3.44928023e+02  -3.31185380e-04
   3.44928512e+02  -2.15404521e-04
   3.44929000e+02  -4.63820121e-04
   3.44929488e+02  -1.95769896e-03
   3.44929976e+02  -2.76747369e-03
   3.44930465e+02  -2.95813149e-03
   3.44930953e+02  -4.08794871e-03
   3.44931441e+02  -3.71258589e-03
   3.44931930e+02  -2.34203436e-03
   3.44932418e+02  -1.86231988e-03
   3.44932906e+02   2.10890321e-05
   3.44933395e+02   2.59317271e-03
   3.44933883e+02   2.57923803e-03
   3.44934371e+02   8.00908951e-04
   3.44934860e+02  -4.25083010e-04
   3.44935348e+02  -1.12574664e-03
   3.44935836e+02  -2.14147542e-04
   3.44936324e+02   1.73226162e-03
   3.44936813e+02   1.77121256e-03
   3.44937301e+02   1.14542840e-03
   3.44937789e+02   1.02021545e-03
   3.44938278e+02  -7.38189046e-05
   3.44938766e+02  -2.24874099e-03
   3.44939254e+02  -3.43132485e-03
   3.44939743e+02  -2.28194823e-03
   3.44940231e+02  -5.31219121e-04
   3.44940719e+02  -8.07414064e-04
   3.44941208e+02  -1.96505780e-03
   3.44941696e+02  -1.60610978e-03
   3.44942184e+02  -1.04255276e-03
   3.44942672e+02  -2.54320155e-04
   3.44943161e+02   7.54169538e-04
   3.44943649e+02   5.58031898e-04
   3.44944137e+02   7.43540062e-04
   3.44944626e+02   2.14699903e-04
   3.44945114e+02  -1.70349563e-03
   3.44945602e+02  -1.26775133e-03
   3.44946091e+02   1.77073746e-03
   3.44946579e+02   3.36602121e-03
   3.44947067e+02   1.81636016e-03
   3.44947556e+02  -2.97233841e-04
   3.44948044e+02  -1.05579919e-03
   3.44948532e+02  -7.45753117e-04
   3.44949020e+02  -9.13731987e-04
   3.44949509e+02  -2.15940666e-03
   3.44949997e+02  -3.00891395e-03
   3.44950485e+02  -2.13498459e-03
   3.44950974e+02  -8.00452370e-04
   3.44951462e+02   1.51678003e-04
   3.44951950e+02   4.04109742e-04
   3.44952439e+02  -3.61650338e-04
   3.44952927e+02  -7.00718316e-04
   3.44953415e+02  -1.98742026e-04
   3.44953904e+02  -5.88334864e-04
   3.44954392e+02  -1.41701649e-03
   3.44954880e+02  -1.02637801e-03
   3.44955368e+02  -5.32681646e-04
   3.44955857e+02  -3.73119925e-04
   3.44956345e+02  -3.93170863e-04
   3.44956833e+02  -1.42708048e-03
   3.44957322e+02  -2.67529301e-03
   3.44957810e+02  -2.27234187e-03
   3.44958298e+02  -8.80788779e-04
   3.44958787e+02  -1.31792374e-04
   3.44959275e+02   3.50801682e-04
   3.44959763e+02   1.88058490e-04
   3.44960252e+02  -1.28737406e-03
   3.44960740e+02  -2.10038270e-03
   3.44961228e+02  -7.41880329e-04
   3.44961716e+02   7.61934789e-04
   3.44962205e+02   5.93293225e-04
   3.44962693e+02  -6.55736716e-04
   3.44963181e+02  -2.74554105e-03
   3.44963670e+02  -3.98272183e-03
   3.44964158e+02  -3.13745858e-03
   3.44964646e+02  -1.47320586e-03
   3.44965135e+02   3.58312740e-04
   3.44965623e+02   1.93294184e-03
   3.44966111e+02   2.18917988e-03
   3.44966600e+02   7.39783456e-04
   3.44967088e+02  -1.11731852e-03
   3.44967576e+02  -1.01754512e-03
   3.44968065e+02   6.82560902e-04
   3.44968553e+02   1.44508237e-03
   3.44969041e+02   1.64775271e-03
   3.44969529e+02   1.28713145e-03
   3.44970018e+02  -3.81761027e-04
   3.44970506e+02  -1.05258031e-03
   3.44970994e+02  -6.65937026e-04
   3.44971483e+02  -4.38570889e-04
   3.44971971e+02   7.40200398e-04
   3.44972459e+02   1.78013823e-03
   3.44972948e+02   9.24924389e-04
   3.44973436e+02  -2.56472296e-04
   3.44973924e+02  -2.17898400e-04
   3.44974413e+02   2.07427860e-04
   3.44974901e+02  -5.94482233e-04
   3.44975389e+02  -1.74793671e-03
   3.44975877e+02  -1.32735027e-03
   3.44976366e+02  -1.95298548e-04
   3.44976854e+02  -1.37850793e-05
   3.44977342e+02  -1.09482312e-03
   3.44977831e+02  -2.26654927e-03
   3.44978319e+02  -9.96475224e-04
   3.44978807e+02   2.33135582e-03
   3.44979296e+02   3.46344966e-03
   3.44979784e+02   2.01718369e-03
   3.44980272e+02   1.11538265e-03
   3.44980761e+02   1.37287145e-03
   3.44981249e+02   8.62599059e-04
   3.44981737e+02  -9.35713993e-04
   3.44982225e+02  -2.73998897e-03
   3.44982714e+02  -2.91482499e-03
   3.44983202e+02  -1.45318758e-04
   3.44983690e+02   2.13186885e-03
   3.44984179e+02   1.41617423e-03
   3.44984667e+02   1.49116735e-03
   3.44985155e+02   2.84516532e-03
   3.44985644e+02   2.24639382e-03
   3.44986132e+02   6.22162595e-04
   3.44986620e+02   6.28066307e-04
   3.44987109e+02   2.21907487e-03
   3.44987597e+02   2.44579650e-03
   3.44988085e+02  -1.21589896e-04
   3.44988573e+02  -7.52961030e-04
   3.44989062e+02   1.63551758e-03
   3.44989550e+02   1.93736923e-03
   3.44990038e+02   6.81822276e-05
   3.44990527e+02  -9.33353964e-04
   3.44991015e+02  -9.22190782e-04
   3.44991503e+02  -2.43133109e-05
   3.44991992e+02   2.41040927e-03
   3.44992480e+02   2.79098749e-03
   3.44992968e+02   1.70012412e-04
   3.44993457e+02  -1.09605386e-03
   3.44993945e+02  -1.15920370e-03
   3.44994433e+02  -8.95391917e-04
   3.44994921e+02   4.39511030e-04
   3.44995410e+02   8.31942190e-04
   3.44995898e+02  -1.63191941e-03
   3.44996386e+02  -4.19370458e-03
   3.44996875e+02  -4.30423999e-03
   3.44997363e+02  -3.59542598e-03
   3.44997851e+02  -3.39178834e-03
   3.44998340e+02  -3.60457925e-03
   3.44998828e+02  -3.58763523e-03
   3.44999316e+02  -2.39539845e-03
   3.44999805e+02  -1.25486322e-03
   3.45000293e+02  -3.26978217e-04
   3.45000781e+02   6.25890272e-04
   3.45001269e+02   4.42998193e-04
   3.45001758e+02  -3.44357657e-04
   3.45002246e+02   3.14538920e-05
   3.45002734e+02   8.93561228e-04
   3.45003223e+02   1.31230755e-03
   3.45003711e+02   1.03524281e-03
   3.45004199e+02  -6.48981368e-04
   3.45004688e+02  -1.41478598e-03
   3.45005176e+02  -8.87931310e-05
   3.45005664e+02   9.06456495e-04
   3.45006153e+02  -6.97079449e-05
   3.45006641e+02  -1.00016128e-03
   3.45007129e+02  -4.61592601e-04
   3.45007618e+02   6.59626035e-04
   3.45008106e+02   8.96269630e-04
   3.45008594e+02   1.21461802e-04
   3.45009082e+02   1.87625919e-04
   3.45009571e+02   1.21306942e-03
   3.45010059e+02   8.33759084e-04
   3.45010547e+02  -6.20878942e-04
   3.45011036e+02  -1.22936384e-03
   3.45011524e+02  -2.38823937e-03
   3.45012012e+02  -3.79760587e-03
   3.45012501e+02  -2.92187324e-03
   3.45012989e+02  -6.47519191e-04
   3.45013477e+02   9.93286609e-04
   3.45013966e+02   2.06430675e-03
   3.45014454e+02   2.90197087e-03
   3.45014942e+02   2.71219225e-03
   3.45015430e+02   1.65308127e-03
   3.45015919e+02   7.64832192e-04
   3.45016407e+02  -6.82489826e-06
   3.45016895e+02  -1.10198138e-03
   3.45017384e+02  -1.87201507e-03
   3.45017872e+02  -1.34693237e-03
   3.45018360e+02   1.62062679e-05
   3.45018849e+02   3.75104632e-04
   3.45019337e+02  -8.22936883e-04
   3.45019825e+02  -1.02780177e-03
   3.45020314e+02   9.24246211e-04
   3.45020802e+02   1.88159710e-03
   3.45021290e+02   1.32213684e-03
   3.45021778e+02   1.35229260e-03
   3.45022267e+02   1.63964892e-03
   3.45022755e+02   1.17049378e-03
   3.45023243e+02   2.23228790e-06
   3.45023732e+02  -4.08253982e-04
   3.45024220e+02   9.44897009e-04
   3.45024708e+02   1.60109822e-03
   3.45025197e+02   3.68526933e-04
   3.45025685e+02  -2.18577989e-04
   3.45026173e+02   8.42924812e-04
   3.45026662e+02   2.03928445e-03
   3.45027150e+02   1.75334315e-03
   3.45027638e+02   1.43666088e-03
   3.45028126e+02   2.36486783e-03
   3.45028615e+02   1.66637986e-03
   3.45029103e+02  -3.52180505e-04
   3.45029591e+02  -5.19129739e-04
   3.45030080e+02  -3.21243308e-04
   3.45030568e+02  -1.42888143e-03
   3.45031056e+02  -1.76302146e-03
   3.45031545e+02  -5.15132388e-06
   3.45032033e+02   1.49875577e-03
   3.45032521e+02  -1.62472570e-04
   3.45033010e+02  -2.26267241e-03
   3.45033498e+02  -2.17801402e-03
   3.45033986e+02  -2.73145665e-03
   3.45034474e+02  -3.55687225e-03
   3.45034963e+02  -2.77757505e-03
   3.45035451e+02  -2.09136447e-03
   3.45035939e+02  -1.61470473e-03
   3.45036428e+02  -6.48551562e-04
   3.45036916e+02   4.98297799e-04
   3.45037404e+02   9.75993113e-04
   3.45037893e+02  -1.56890310e-05
   3.45038381e+02  -8.78091611e-04
   3.45038869e+02  -6.40398590e-04
   3.45039358e+02  -5.26949530e-04
   3.45039846e+02  -1.02915976e-03
   3.45040334e+02  -1.18998659e-03
   3.45040822e+02  -4.26105427e-04
   3.45041311e+02   2.17149518e-05
   3.45041799e+02  -2.85736314e-04
   3.45042287e+02  -9.15093755e-04
   3.45042776e+02  -1.00967998e-03
   3.45043264e+02   7.86707096e-04
   3.45043752e+02   3.38011282e-03
   3.45044241e+02   4.59199119e-03
   3.45044729e+02   4.68934281e-03
   3.45045217e+02   3.45265609e-03
   3.45045706e+02   4.43190860e-04
   3.45046194e+02  -1.57255121e-03
   3.45046682e+02  -1.57359976e-03
   3.45047171e+02  -1.17622316e-03
   3.45047659e+02  -6.17310638e-04
   3.45048147e+02   8.72773759e-04
   3.45048635e+02   2.56311637e-03
   3.45049124e+02   3.75724072e-03
   3.45049612e+02   5.03705163e-03
   3.45050100e+02   5.35355089e-03
   3.45050589e+02   5.18738339e-03
   3.45051077e+02   5.24203340e-03
   3.45051565e+02   2.85244035e-03
   3.45052054e+02  -3.47248919e-04
   3.45052542e+02  -8.69060925e-04
   3.45053030e+02  -6.74745999e-04
   3.45053519e+02  -1.05432606e-04
   3.45054007e+02   1.77772238e-03
   3.45054495e+02   3.24019766e-03
   3.45054983e+02   4.34656022e-03
   3.45055472e+02   5.13310265e-03
   3.45055960e+02   5.42408414e-03
   3.45056448e+02   7.18194526e-03
   3.45056937e+02   8.74069519e-03
   3.45057425e+02   1.09853474e-02
   3.45057913e+02   1.33218998e-02
   3.45058402e+02   1.69898383e-02
   3.45058890e+02   2.08869353e-02
   3.45059378e+02   2.43052375e-02
   3.45059867e+02   2.80720461e-02
   3.45060355e+02   3.13496515e-02
   3.45060843e+02   3.28997523e-02
   3.45061331e+02   3.38221490e-02
   3.45061820e+02   3.35646607e-02
   3.45062308e+02   3.21813561e-02
   3.45062796e+02   3.11597660e-02
   3.45063285e+02   2.78184731e-02
   3.45063773e+02   2.27453429e-02
   3.45064261e+02   1.82380397e-02
   3.45064750e+02   1.56029835e-02
   3.45065238e+02   1.30701503e-02
   3.45065726e+02   7.81481061e-03
   3.45066215e+02   5.07916044e-03
   3.45066703e+02   5.36227319e-03
   3.45067191e+02   5.10623259e-03
   3.45067679e+02   3.75245931e-03
   3.45068168e+02   3.96283250e-03
   3.45068656e+02   3.99863161e-03
   3.45069144e+02   4.44793142e-04
   3.45069633e+02  -3.46659659e-03
   3.45070121e+02  -2.80621904e-03
   3.45070609e+02   1.00572524e-03
   3.45071098e+02   3.94714391e-03
   3.45071586e+02   2.90268590e-03
   3.45072074e+02  -9.20257939e-04
   3.45072563e+02  -2.84603657e-03
   3.45073051e+02  -3.44177871e-03
   3.45073539e+02  -4.65199770e-03
   3.45074027e+02  -4.19788295e-03
   3.45074516e+02  -1.40201533e-03
   3.45075004e+02   6.64247083e-04
   3.45075492e+02   2.08468773e-04
   3.45075981e+02  -6.89185632e-04
   3.45076469e+02  -1.70516214e-04
   3.45076957e+02   1.77302732e-04
   3.45077446e+02  -8.57789011e-04
   3.45077934e+02  -1.90164882e-03
   3.45078422e+02  -2.77937343e-03
   3.45078911e+02  -3.80709674e-03
   3.45079399e+02  -3.60364770e-03
   3.45079887e+02  -2.97730905e-03
   3.45080375e+02  -3.74545716e-03
   3.45080864e+02  -4.12447425e-03
   3.45081352e+02  -2.41899583e-03
   3.45081840e+02   2.07107951e-05
   3.45082329e+02   1.16122700e-03
   3.45082817e+02   3.99308308e-04
   3.45083305e+02  -1.03301939e-03
   3.45083794e+02  -1.90182193e-03
   3.45084282e+02  -2.47182394e-03
   3.45084770e+02  -2.48210412e-03
   3.45085259e+02  -2.18791422e-03
   3.45085747e+02  -3.65621946e-03
   3.45086235e+02  -5.81996189e-03
   3.45086724e+02  -5.64985489e-03
   3.45087212e+02  -3.09215859e-03
   3.45087700e+02   4.18611860e-04
   3.45088188e+02   3.78364488e-03
   3.45088677e+02   5.05845714e-03
   3.45089165e+02   3.37997288e-03
   3.45089653e+02   1.41151494e-03
   3.45090142e+02   1.34467822e-03
   3.45090630e+02   2.25782231e-03
   3.45091118e+02   2.08100420e-03
   3.45091607e+02  -1.87940954e-04
   3.45092095e+02  -3.06600286e-03
   3.45092583e+02  -3.43667460e-03
   3.45093072e+02  -2.06275168e-03
   3.45093560e+02  -1.53268245e-03
   3.45094048e+02  -9.05717257e-04
   3.45094536e+02  -4.15616611e-04
   3.45095025e+02  -1.74779177e-03
   3.45095513e+02  -3.71617777e-03
   3.45096001e+02  -3.96066066e-03
   3.45096490e+02  -2.15037726e-03
   3.45096978e+02  -6.61201251e-04
   3.45097466e+02  -6.73479517e-04
   3.45097955e+02  -8.89448216e-04
   3.45098443e+02  -9.32941970e-04
   3.45098931e+02  -1.29780651e-03
   3.45099420e+02  -1.06366025e-03
   3.45099908e+02  -1.46399296e-04
   3.45100396e+02  -2.21264607e-04
   3.45100884e+02  -1.57218671e-03
   3.45101373e+02  -2.33363640e-03
   3.45101861e+02  -1.21130282e-03
   3.45102349e+02   2.99543666e-04
   3.45102838e+02  -1.84287652e-04
   3.45103326e+02  -2.19414453e-03
   3.45103814e+02  -2.93971947e-03
   3.45104303e+02  -1.93040364e-03
   3.45104791e+02  -6.07159280e-04
   3.45105279e+02   1.98312482e-04
   3.45105768e+02   1.35378935e-03
   3.45106256e+02   2.79761967e-03
   3.45106744e+02   2.14007101e-03
   3.45107232e+02   4.97247791e-04
   3.45107721e+02   7.47637969e-05
   3.45108209e+02  -1.11811045e-04
   3.45108697e+02  -1.52465317e-03
   3.45109186e+02  -2.98847351e-03
   3.45109674e+02  -8.83575820e-04
   3.45110162e+02   2.74829194e-03
   3.45110651e+02   2.59233825e-03
   3.45111139e+02  -2.93876819e-05
   3.45111627e+02  -8.82175402e-04
   3.45112116e+02   2.72987119e-04
   3.45112604e+02   1.35088293e-03
   3.45113092e+02   2.01424910e-03
   3.45113580e+02   2.02858006e-03
   3.45114069e+02   4.71540960e-04
   3.45114557e+02  -1.02634530e-03
   3.45115045e+02  -7.44451652e-04
   3.45115534e+02  -3.80979822e-04
   3.45116022e+02  -2.07726425e-03
   3.45116510e+02  -3.68303526e-03
   3.45116999e+02  -2.28839018e-03
   3.45117487e+02  -4.23812162e-04
   3.45117975e+02  -1.62511133e-03
   3.45118464e+02  -3.89266852e-03
   3.45118952e+02  -3.89974844e-03
   3.45119440e+02  -1.61322881e-03
   3.45119928e+02  -1.67343795e-04
   3.45120417e+02  -3.85919935e-04
   3.45120905e+02  -3.58669844e-04
   3.45121393e+02   3.10155971e-04
   3.45121882e+02   2.31950451e-03
   3.45122370e+02   2.72672158e-03
   3.45122858e+02   6.06535701e-04
   3.45123347e+02  -1.68086018e-03
   3.45123835e+02  -2.88708857e-03
   3.45124323e+02  -3.19247018e-03
   3.45124812e+02  -3.29144881e-03
   3.45125300e+02  -3.91720049e-03
   3.45125788e+02  -3.29587678e-03
   3.45126277e+02  -8.49925680e-04
   3.45126765e+02  -6.74615990e-07
   3.45127253e+02  -8.86335329e-04
   3.45127741e+02  -1.35389029e-03
   3.45128230e+02  -1.40877732e-03
   3.45128718e+02  -1.59423053e-03
   3.45129206e+02  -2.82097171e-04
   3.45129695e+02   1.82865164e-03
   3.45130183e+02   1.31070556e-03
   3.45130671e+02  -1.26434024e-04
   3.45131160e+02  -1.01055880e-03
   3.45131648e+02  -3.06041632e-03
   3.45132136e+02  -3.71871050e-03
   3.45132625e+02  -1.77753693e-03
   3.45133113e+02  -2.50671321e-04
   3.45133601e+02  -5.26388294e-06
   3.45134089e+02  -2.96615821e-04
   3.45134578e+02  -6.69365400e-04
   3.45135066e+02  -1.46342919e-03
   3.45135554e+02  -2.77720671e-03
   3.45136043e+02  -2.68396013e-03
   3.45136531e+02  -7.93104351e-04
   3.45137019e+02   1.15892198e-03
   3.45137508e+02   1.68661831e-03
   3.45137996e+02   9.35526507e-04
   3.45138484e+02   2.34307241e-04
   3.45138973e+02  -6.20762439e-05
   3.45139461e+02  -2.84205744e-04
   3.45139949e+02  -5.56723098e-04
   3.45140437e+02  -1.68778794e-03
   3.45140926e+02  -3.09213158e-03
   3.45141414e+02  -2.79136770e-03
   3.45141902e+02  -1.14986184e-03
   3.45142391e+02  -3.00465908e-04
   3.45142879e+02  -9.92545276e-04
   3.45143367e+02  -1.43301534e-03
   3.45143856e+02  -7.93481478e-04
   3.45144344e+02  -1.13310339e-03
   3.45144832e+02  -1.69607741e-03
   3.45145321e+02  -1.05655845e-03
   3.45145809e+02  -5.19232417e-04
   3.45146297e+02   1.24930348e-05
   3.45146785e+02   1.11600419e-03
   3.45147274e+02   1.77407567e-03
   3.45147762e+02   1.19185424e-03
   3.45148250e+02  -8.83691173e-05
   3.45148739e+02  -1.61842222e-03
   3.45149227e+02  -2.34624674e-03
   3.45149715e+02  -2.19170097e-03
   3.45150204e+02  -2.76752329e-03
   3.45150692e+02  -4.05964209e-03
   3.45151180e+02  -4.60473867e-03
   3.45151669e+02  -3.27699166e-03
   3.45152157e+02  -1.96013693e-03
   3.45152645e+02  -2.32046633e-03
   3.45153133e+02  -3.13268462e-03
   3.45153622e+02  -3.61097627e-03
   3.45154110e+02  -2.99732876e-03
   3.45154598e+02  -1.55775563e-03
   3.45155087e+02  -1.02023908e-03
   3.45155575e+02  -1.48387172e-03
   3.45156063e+02  -2.09310837e-03
   3.45156552e+02  -1.68141769e-03
   3.45157040e+02  -4.24896483e-04
   3.45157528e+02   4.51564789e-04
   3.45158017e+02   1.20229414e-03
   3.45158505e+02   1.41395477e-03
   3.45158993e+02   1.13853638e-03
   3.45159481e+02   1.45483739e-03
   3.45159970e+02   2.44703004e-03
   3.45160458e+02   3.02979653e-03
   3.45160946e+02   2.54665175e-03
   3.45161435e+02   9.73795250e-04
   3.45161923e+02  -4.09019587e-04
   3.45162411e+02  -1.10461027e-03
   3.45162900e+02  -2.14022608e-03
   3.45163388e+02  -2.23174482e-03
   3.45163876e+02  -1.18133391e-03
   3.45164365e+02  -3.72977927e-04
   3.45164853e+02   2.71976693e-04
   3.45165341e+02  -1.75100373e-04
   3.45165830e+02  -1.36463775e-03
   3.45166318e+02  -1.59706001e-03
   3.45166806e+02  -8.94798373e-04
   3.45167294e+02  -3.34048855e-05
   3.45167783e+02   1.32501533e-03
   3.45168271e+02   4.17521456e-03
   3.45168759e+02   6.04238734e-03
   3.45169248e+02   5.18811680e-03
   3.45169736e+02   2.42538354e-03
   3.45170224e+02  -1.02427439e-03
   3.45170713e+02  -2.09026341e-03
   3.45171201e+02   5.01975846e-05
   3.45171689e+02   1.00108783e-03
   3.45172178e+02  -1.42610515e-03
   3.45172666e+02  -2.62063486e-03
   3.45173154e+02   6.51170849e-04
   3.45173642e+02   3.98309249e-03
   3.45174131e+02   2.44843354e-03
   3.45174619e+02  -4.66726982e-04
   3.45175107e+02  -5.12006809e-04
   3.45175596e+02  -1.31037477e-05
   3.45176084e+02   3.40562576e-04
   3.45176572e+02   1.30551553e-03
   3.45177061e+02   1.55003939e-03
   3.45177549e+02   1.03640399e-04
   3.45178037e+02  -1.53659785e-03
   3.45178526e+02  -1.21802045e-03
   3.45179014e+02   3.25266039e-04
   3.45179502e+02   1.63062557e-03
   3.45179990e+02   2.19902815e-03
   3.45180479e+02   2.46174238e-03
   3.45180967e+02   3.64474929e-03
   3.45181455e+02   3.94604960e-03
   3.45181944e+02   2.69419351e-03
   3.45182432e+02   2.36853561e-03
   3.45182920e+02   1.71670865e-03
   3.45183409e+02   5.74117585e-04
   3.45183897e+02   2.25305266e-04
   3.45184385e+02  -9.91377165e-04
   3.45184874e+02  -2.53317179e-03
   3.45185362e+02  -2.80790217e-03
   3.45185850e+02  -2.03458779e-03
   3.45186338e+02  -8.14278203e-04
   3.45186827e+02   1.49624160e-04
   3.45187315e+02   1.23712700e-03
   3.45187803e+02   2.05447595e-03
   3.45188292e+02   7.26465893e-04
   3.45188780e+02  -7.38711155e-04
   3.45189268e+02   4.79891954e-04
   3.45189757e+02   1.87882385e-03
   3.45190245e+02   1.15656003e-03
   3.45190733e+02   4.17574774e-04
   3.45191222e+02   1.02057087e-03
   3.45191710e+02   1.50664593e-03
   3.45192198e+02   8.42780457e-04
   3.45192686e+02  -3.17148195e-04
   3.45193175e+02   5.73953330e-05
   3.45193663e+02   1.79512275e-03
   3.45194151e+02   3.02000274e-03
   3.45194640e+02   2.74912710e-03
   3.45195128e+02   9.73348506e-04
   3.45195616e+02  -6.98890944e-04
   3.45196105e+02  -1.76662894e-03
   3.45196593e+02  -2.50746449e-03
   3.45197081e+02  -1.37931749e-03
   3.45197570e+02   5.87639690e-04
   3.45198058e+02   8.90761658e-06
   3.45198546e+02  -1.64841046e-03
   3.45199034e+02  -1.74314412e-03
   3.45199523e+02  -2.16936786e-03
   3.45200011e+02  -2.80226069e-03
   3.45200499e+02  -1.65390212e-03
   3.45200988e+02   3.13488184e-04
   3.45201476e+02   4.54228517e-04
   3.45201964e+02  -1.59796735e-03
   3.45202453e+02  -2.55307951e-03
   3.45202941e+02  -1.53424684e-03
   3.45203429e+02  -4.15431568e-04
   3.45203918e+02  -5.91191929e-04
   3.45204406e+02  -2.76647299e-03
   3.45204894e+02  -4.41764668e-03
   3.45205383e+02  -2.47391127e-03
   3.45205871e+02   5.19574853e-04
   3.45206359e+02   8.22145317e-04
   3.45206847e+02   1.46437087e-04
   3.45207336e+02   1.11572631e-03
   3.45207824e+02   1.85093482e-03
   3.45208312e+02   1.32790394e-03
   3.45208801e+02   7.26240105e-04
   3.45209289e+02  -1.09434077e-04
   3.45209777e+02  -1.02013943e-03
   3.45210266e+02  -1.97181688e-03
   3.45210754e+02  -1.87463197e-03
   3.45211242e+02  -3.87360546e-04
   3.45211731e+02   3.34341057e-05
   3.45212219e+02  -2.38834167e-04
   3.45212707e+02  -4.98571899e-04
   3.45213195e+02  -1.20759255e-03
   3.45213684e+02  -3.33197124e-04
   3.45214172e+02   6.14887918e-04
   3.45214660e+02  -6.43351086e-05
   3.45215149e+02   1.03454928e-04
   3.45215637e+02  -1.99388742e-04
   3.45216125e+02  -1.88784266e-03
   3.45216614e+02  -1.99450273e-03
   3.45217102e+02  -2.98526691e-04
   3.45217590e+02  -3.73708936e-05
   3.45218079e+02  -2.05553765e-03
   3.45218567e+02  -2.98370770e-03
   3.45219055e+02  -1.58888125e-03
   3.45219543e+02   4.72641899e-04
   3.45220032e+02   7.00269477e-04
   3.45220520e+02  -1.42910378e-03
   3.45221008e+02  -1.91299361e-03
   3.45221497e+02   3.43885273e-04
   3.45221985e+02   1.28775544e-03
   3.45222473e+02  -2.44831113e-04
   3.45222962e+02  -1.56181818e-03
   3.45223450e+02  -1.30641519e-03
   3.45223938e+02  -8.07798526e-04
   3.45224427e+02  -1.06042239e-03
   3.45224915e+02  -1.96664454e-03
   3.45225403e+02  -2.38927570e-03
   3.45225891e+02  -1.26688753e-03
   3.45226380e+02   5.28583943e-04
   3.45226868e+02   1.56243902e-03
   3.45227356e+02   1.03367027e-03
   3.45227845e+02   4.80376650e-04
   3.45228333e+02   1.63631293e-03
   3.45228821e+02   2.63276976e-03
   3.45229310e+02   1.93416828e-03
   3.45229798e+02  -1.42646779e-04
   3.45230286e+02  -2.82329787e-03
   3.45230775e+02  -4.61377064e-03
   3.45231263e+02  -4.56434302e-03
   3.45231751e+02  -1.84852153e-03
   3.45232239e+02   1.54422189e-03
   3.45232728e+02   2.04098481e-03
   3.45233216e+02   6.49586553e-04
   3.45233704e+02  -1.03270262e-03
   3.45234193e+02  -2.82220729e-03
   3.45234681e+02  -3.43036349e-03
   3.45235169e+02  -2.36071809e-03
   3.45235658e+02  -1.50834722e-03
   3.45236146e+02  -1.36207882e-03
   3.45236634e+02  -4.42664663e-04
   3.45237123e+02   4.50954045e-04
   3.45237611e+02  -4.40421194e-04
   3.45238099e+02  -1.10979087e-03
   3.45238587e+02   8.69716692e-04
   3.45239076e+02   3.48526333e-03
   3.45239564e+02   3.75995622e-03
   3.45240052e+02   1.57627056e-03
   3.45240541e+02   1.48928212e-03
   3.45241029e+02   3.57869524e-03
   3.45241517e+02   2.58150976e-03
   3.45242006e+02   1.19874114e-03
   3.45242494e+02   3.17477388e-03
   3.45242982e+02   3.60159553e-03
   3.45243471e+02   1.08539558e-03
   3.45243959e+02   4.55249508e-04
   3.45244447e+02   1.32245815e-03
   3.45244936e+02   1.08936673e-03
   3.45245424e+02   1.53412591e-04
   3.45245912e+02   5.02216048e-04
   3.45246400e+02   2.18383712e-03
   3.45246889e+02   1.48958748e-03
   3.45247377e+02  -1.41393824e-03
   3.45247865e+02  -2.43652565e-03
   3.45248354e+02  -1.63830142e-03
   3.45248842e+02  -9.18743142e-04
   3.45249330e+02   3.42652667e-04
   3.45249819e+02   2.56650755e-03
   3.45250307e+02   2.70005409e-03
   3.45250795e+02   5.00246475e-04
   3.45251284e+02  -6.59195299e-04
   3.45251772e+02  -5.15962834e-04
   3.45252260e+02   2.79175059e-04
   3.45252748e+02   6.51257928e-04
   3.45253237e+02  -1.75047957e-04
   3.45253725e+02  -2.86557683e-04
   3.45254213e+02   4.88382007e-04
   3.45254702e+02   1.78197170e-05
   3.45255190e+02  -1.61581580e-03
   3.45255678e+02  -2.52580107e-03
   3.45256167e+02  -1.16046250e-03
   3.45256655e+02   1.18106580e-03
   3.45257143e+02   3.03421472e-03
   3.45257632e+02   4.26653307e-03
   3.45258120e+02   2.73560174e-03
   3.45258608e+02  -1.13608502e-03
   3.45259096e+02  -3.25970445e-03
   3.45259585e+02  -2.56296620e-03
   3.45260073e+02  -1.42641261e-03
   3.45260561e+02  -9.68199689e-04
   3.45261050e+02  -1.01929251e-03
   3.45261538e+02  -2.48907803e-04
   3.45262026e+02   1.57100079e-03
   3.45262515e+02   2.00585625e-03
   3.45263003e+02   3.20869935e-04
   3.45263491e+02  -1.80196797e-03
   3.45263980e+02  -2.09252094e-03
   3.45264468e+02  -1.44687784e-03
   3.45264956e+02  -1.90441299e-03
   3.45265444e+02  -1.52886356e-03
   3.45265933e+02   3.33542324e-04
   3.45266421e+02   8.98450613e-04
   3.45266909e+02   1.45061887e-04
   3.45267398e+02   1.71753432e-04
   3.45267886e+02   8.90048337e-04
   3.45268374e+02   2.73179437e-04
   3.45268863e+02  -8.15622450e-04
   3.45269351e+02  -9.39386082e-04
   3.45269839e+02  -1.37563050e-03
   3.45270328e+02  -2.14447686e-03
   3.45270816e+02  -2.18835729e-03
   3.45271304e+02  -2.84718885e-03
   3.45271792e+02  -4.80265031e-03
   3.45272281e+02  -5.91251627e-03
   3.45272769e+02  -4.90556145e-03
   3.45273257e+02  -2.76673795e-03
   3.45273746e+02  -3.60562990e-04
   3.45274234e+02   1.94327079e-03
   3.45274722e+02   3.88083071e-03
   3.45275211e+02   4.97633778e-03
   3.45275699e+02   3.98069061e-03
   3.45276187e+02   1.23255560e-03
   3.45276676e+02  -7.77087291e-04
   3.45277164e+02  -2.51335368e-05
   3.45277652e+02   1.09005359e-03
   3.45278140e+02  -3.93813272e-04
   3.45278629e+02  -1.29661674e-03
   3.45279117e+02   7.16315408e-04
   3.45279605e+02   2.71901279e-03
   3.45280094e+02   2.56595341e-03
   3.45280582e+02  -9.20607272e-05
   3.45281070e+02  -2.66568130e-03
   3.45281559e+02  -1.92652934e-03
   3.45282047e+02   1.33776548e-03
   3.45282535e+02   3.50223761e-03
   3.45283024e+02   2.60438723e-03
   3.45283512e+02   7.19034462e-04
   3.45284000e+02   1.91727831e-05
   3.45284489e+02  -1.58717070e-04
   3.45284977e+02  -4.41763026e-04
   3.45285465e+02  -1.43207517e-03
   3.45285953e+02  -2.53369333e-03
   3.45286442e+02  -1.00198167e-03
   3.45286930e+02   1.77091965e-03
   3.45287418e+02   2.21164874e-03
   3.45287907e+02   1.59113226e-03
   3.45288395e+02   6.76210562e-04
   3.45288883e+02  -9.10308212e-04
   3.45289372e+02  -2.00969563e-03
   3.45289860e+02  -2.54241587e-03
   3.45290348e+02  -2.25863396e-03
   3.45290837e+02  -2.19296082e-03
   3.45291325e+02  -2.85671744e-03
   3.45291813e+02  -2.63097580e-03
   3.45292301e+02  -1.94964244e-03
   3.45292790e+02  -1.16441096e-03
   3.45293278e+02   6.47066394e-04
   3.45293766e+02   1.85796665e-03
   3.45294255e+02  -1.89178063e-05
   3.45294743e+02  -1.97400572e-03
   3.45295231e+02  -4.58609196e-04
   3.45295720e+02   1.87491917e-03
   3.45296208e+02   1.33848365e-03
   3.45296696e+02  -6.06261019e-04
   3.45297185e+02  -1.06851151e-03
   3.45297673e+02  -6.55784388e-04
   3.45298161e+02  -7.52900029e-04
   3.45298649e+02  -7.57424161e-04
   3.45299138e+02   1.29241857e-03
   3.45299626e+02   3.75264417e-03
   3.45300114e+02   4.55134967e-03
   3.45300603e+02   4.66921879e-03
   3.45301091e+02   3.89767485e-03
   3.45301579e+02  -2.73109299e-06
   3.45302068e+02  -4.03007586e-03
   3.45302556e+02  -3.56388884e-03
   3.45303044e+02  -1.23685051e-03
   3.45303533e+02  -5.59849199e-04
   3.45304021e+02  -1.05853030e-03
   3.45304509e+02  -1.80572923e-03
   3.45304997e+02  -1.30180130e-03
   3.45305486e+02   5.77728613e-04
   3.45305974e+02   1.43350137e-03
   3.45306462e+02   1.60932203e-03
   3.45306951e+02   2.79527926e-03
   3.45307439e+02   2.95740739e-03
   3.45307927e+02   9.74401890e-04
   3.45308416e+02   2.92894634e-04
   3.45308904e+02   1.48151151e-03
   3.45309392e+02   1.89240254e-03
   3.45309881e+02   1.40654272e-03
   3.45310369e+02   8.14969244e-04
   3.45310857e+02  -1.27647596e-04
   3.45311345e+02  -8.45966802e-04
   3.45311834e+02  -6.70163485e-04
   3.45312322e+02  -9.55708208e-04
   3.45312810e+02  -1.82198244e-03
   3.45313299e+02  -1.72726659e-03
   3.45313787e+02  -8.42398556e-04
   3.45314275e+02  -1.28707703e-04
   3.45314764e+02   1.72570162e-05
   3.45315252e+02  -1.83486743e-04
   3.45315740e+02  -2.32636041e-04
   3.45316229e+02   4.51301748e-04
   3.45316717e+02   5.23175637e-04
   3.45317205e+02  -1.58858974e-03
   3.45317693e+02  -3.11740651e-03
   3.45318182e+02  -2.13565305e-03
   3.45318670e+02  -1.16531819e-03
   3.45319158e+02  -4.04682069e-04
   3.45319647e+02   8.28544085e-04
   3.45320135e+02   4.88236634e-04
   3.45320623e+02  -6.71478629e-04
   3.45321112e+02   5.14945714e-04
   3.45321600e+02   2.04987987e-03
   3.45322088e+02   9.58087330e-04
   3.45322577e+02  -2.77107232e-04
   3.45323065e+02   6.91713358e-04
   3.45323553e+02   2.37167440e-03
   3.45324042e+02   1.80385064e-03
   3.45324530e+02  -9.06282585e-05
   3.45325018e+02  -1.68735409e-04
   3.45325506e+02   4.99303511e-04
   3.45325995e+02   7.22892524e-04
   3.45326483e+02   1.86579768e-03
   3.45326971e+02   2.52440944e-03
   3.45327460e+02   1.85967295e-03
   3.45327948e+02   1.57170300e-03
   3.45328436e+02   2.13228422e-03
   3.45328925e+02   3.23589891e-03
   3.45329413e+02   2.88062356e-03
   3.45329901e+02   1.25907804e-03
   3.45330390e+02   1.46780058e-03
   3.45330878e+02   2.61569116e-03
   3.45331366e+02   2.81394343e-03
   3.45331854e+02   2.69832578e-03
   3.45332343e+02   2.66284985e-03
   3.45332831e+02   2.05066591e-03
   3.45333319e+02  -1.08228312e-04
   3.45333808e+02  -1.65269896e-03
   3.45334296e+02  -1.32228585e-03
   3.45334784e+02  -2.28397478e-03
   3.45335273e+02  -3.76827689e-03
   3.45335761e+02  -2.82560312e-03
   3.45336249e+02  -9.83486883e-04
   3.45336738e+02   7.63730903e-04
   3.45337226e+02   1.69205538e-03
   3.45337714e+02   1.24564674e-03
   3.45338202e+02   4.15819202e-04
   3.45338691e+02  -1.22627825e-03
   3.45339179e+02  -2.74500926e-03
   3.45339667e+02  -2.58781132e-03
   3.45340156e+02  -1.34272198e-03
   3.45340644e+02   2.99975858e-04
   3.45341132e+02   8.54799175e-04
   3.45341621e+02   1.60219279e-05
   3.45342109e+02  -1.17201060e-04
   3.45342597e+02   3.86872067e-04
   3.45343086e+02  -9.22907384e-06
   3.45343574e+02   4.18312062e-04
   3.45344062e+02   3.36158741e-03
   3.45344550e+02   3.68671375e-03
   3.45345039e+02   5.45959738e-05
   3.45345527e+02  -1.68343517e-03
   3.45346015e+02  -1.08960608e-03
   3.45346504e+02  -9.05700785e-04
   3.45346992e+02  -1.02483097e-03
   3.45347480e+02  -8.30768084e-04
   3.45347969e+02  -3.21375672e-04
   3.45348457e+02   1.18066484e-04
   3.45348945e+02   2.71070399e-04
   3.45349434e+02   8.63309688e-05
   3.45349922e+02   1.74811517e-04
   3.45350410e+02   7.65100762e-04
   3.45350898e+02   1.18722091e-03
   3.45351387e+02   1.27893372e-03
   3.45351875e+02   4.65166202e-04
   3.45352363e+02  -4.34385933e-04
   3.45352852e+02  -6.78273675e-04
   3.45353340e+02  -2.00801063e-03
   3.45353828e+02  -2.97490763e-03
   3.45354317e+02  -2.68141460e-03
   3.45354805e+02  -2.49544461e-03
   3.45355293e+02  -1.59776630e-03
   3.45355782e+02  -4.03593673e-04
   3.45356270e+02  -4.67021542e-04
   3.45356758e+02  -1.25003001e-03
   3.45357246e+02  -6.24980428e-04
   3.45357735e+02   6.92856673e-04
   3.45358223e+02   4.52303037e-04
   3.45358711e+02  -5.00470605e-06
   3.45359200e+02   5.79830026e-04
   3.45359688e+02   7.52296182e-04
   3.45360176e+02  -1.08541653e-03
   3.45360665e+02  -2.60439934e-03
   3.45361153e+02  -2.16974295e-03
   3.45361641e+02  -2.00667628e-03
   3.45362130e+02  -1.41013577e-03
   3.45362618e+02   4.75576031e-04
   3.45363106e+02   1.32300705e-03
   3.45363595e+02   9.74960931e-05
   3.45364083e+02  -5.44829294e-04
   3.45364571e+02   5.33096900e-04
   3.45365059e+02   8.05169169e-04
   3.45365548e+02   4.39387921e-04
   3.45366036e+02   1.08716544e-03
   3.45366524e+02   1.40114326e-03
   3.45367013e+02   1.11399067e-03
   3.45367501e+02   1.43341837e-03
   3.45367989e+02   2.05753325e-03
   3.45368478e+02   1.71233003e-03
   3.45368966e+02   8.66279515e-05
   3.45369454e+02  -1.10447443e-04
   3.45369943e+02   5.54020749e-04
   3.45370431e+02  -1.31804321e-03
   3.45370919e+02  -3.05735040e-03
   3.45371407e+02  -1.31500605e-03
   3.45371896e+02   1.59124797e-03
   3.45372384e+02   2.04647356e-03
   3.45372872e+02  -4.63009987e-04
   3.45373361e+02  -3.15239630e-03
   3.45373849e+02  -2.49086949e-03
   3.45374337e+02   5.61941706e-04
   3.45374826e+02   1.59763813e-03
   3.45375314e+02   1.01262250e-03
   3.45375802e+02   5.83876856e-04
   3.45376291e+02  -3.86863830e-04
   3.45376779e+02  -1.59807841e-03
   3.45377267e+02  -2.18279031e-03
   3.45377755e+02  -1.15933036e-03
   3.45378244e+02   8.43304791e-04
   3.45378732e+02   1.53650914e-03
   3.45379220e+02   4.98555659e-04
   3.45379709e+02  -8.11212463e-04
   3.45380197e+02  -7.65897334e-04
   3.45380685e+02   2.30866019e-04
   3.45381174e+02   4.16048890e-04
   3.45381662e+02  -8.82776294e-05
   3.45382150e+02   2.93987396e-04
   3.45382639e+02   8.64680507e-04
   3.45383127e+02   2.33677580e-04
   3.45383615e+02  -1.87607671e-04
   3.45384103e+02  -1.18187214e-04
   3.45384592e+02  -1.57637463e-03
   3.45385080e+02  -2.78543239e-03
   3.45385568e+02  -1.19639712e-03
   3.45386057e+02   1.58863535e-04
   3.45386545e+02  -1.92604028e-03
   3.45387033e+02  -4.43205982e-03
   3.45387522e+02  -3.86326341e-03
   3.45388010e+02  -4.59582574e-04
   3.45388498e+02   2.25095008e-03
   3.45388987e+02   1.34110323e-03
   3.45389475e+02  -6.95832481e-04
   3.45389963e+02  -1.44721381e-03
   3.45390451e+02  -1.83051347e-03
   3.45390940e+02  -2.14105495e-03
   3.45391428e+02  -1.78730406e-03
   3.45391916e+02  -7.85162323e-04
   3.45392405e+02  -5.32223086e-04
   3.45392893e+02  -1.73406291e-03
   3.45393381e+02  -2.26790505e-03
   3.45393870e+02  -1.26878009e-03
   3.45394358e+02  -2.16858662e-05
   3.45394846e+02   1.02527486e-03
   3.45395335e+02   1.38811383e-03
   3.45395823e+02   6.00535604e-05
   3.45396311e+02  -1.14023918e-03
   3.45396799e+02  -5.99074410e-04
   3.45397288e+02  -7.91102881e-04
   3.45397776e+02  -2.46992125e-03
   3.45398264e+02  -3.04879807e-03
   3.45398753e+02  -1.76836469e-03
   3.45399241e+02  -4.44166915e-04
   3.45399729e+02   7.05429848e-05
   3.45400218e+02   1.22344261e-03
   3.45400706e+02   1.93318387e-03
   3.45401194e+02   5.09639562e-04
   3.45401683e+02  -4.97851346e-04
   3.45402171e+02   1.00632162e-04
   3.45402659e+02   3.20670806e-04
   3.45403147e+02  -4.89767554e-05
   3.45403636e+02   1.17915020e-04
   3.45404124e+02   6.53960102e-04
   3.45404612e+02   7.43088545e-04
   3.45405101e+02   1.24624709e-03
   3.45405589e+02   2.02632695e-03
   3.45406077e+02   1.89712842e-03
   3.45406566e+02   1.97346788e-03
   3.45407054e+02   2.13242299e-03
   3.45407542e+02   1.36485393e-03
   3.45408031e+02   1.00177320e-04
   3.45408519e+02  -9.90982167e-04
   3.45409007e+02  -6.71670539e-04
   3.45409496e+02  -1.26111263e-04
   3.45409984e+02  -1.35227537e-03
   3.45410472e+02  -1.62043376e-03
   3.45410960e+02   4.48876061e-04
   3.45411449e+02   1.23288494e-03
   3.45411937e+02  -7.80526025e-04
   3.45412425e+02  -1.83433504e-03
   3.45412914e+02   4.62300814e-04
   3.45413402e+02   1.95902563e-03
   3.45413890e+02   1.20996649e-03
   3.45414379e+02   1.40916184e-03
   3.45414867e+02   1.63319160e-03
   3.45415355e+02   1.05024304e-03
   3.45415844e+02   9.96149392e-05
   3.45416332e+02  -1.19370408e-03
   3.45416820e+02  -2.00869492e-03
   3.45417308e+02  -7.85029144e-04
   3.45417797e+02   1.12420297e-03
   3.45418285e+02   8.46316572e-04
   3.45418773e+02  -1.67727645e-03
   3.45419262e+02  -2.96140299e-03
   3.45419750e+02  -1.36308896e-03
   3.45420238e+02   1.15559829e-04
   3.45420727e+02   6.51600480e-04
   3.45421215e+02   8.82087450e-04
   3.45421703e+02   9.15443175e-04
   3.45422192e+02   9.78469383e-04
   3.45422680e+02   4.01462050e-04
   3.45423168e+02  -1.72643646e-04
   3.45423656e+02   2.80571490e-04
   3.45424145e+02   1.24261668e-03
   3.45424633e+02   1.84362556e-03
   3.45425121e+02   2.32184725e-03
   3.45425610e+02   3.42613063e-03
   3.45426098e+02   4.18149726e-03
   3.45426586e+02   2.66871834e-03
   3.45427075e+02   1.02359292e-04
   3.45427563e+02  -3.64425068e-04
   3.45428051e+02   2.84083391e-04
   3.45428540e+02  -1.00078387e-03
   3.45429028e+02  -2.34065042e-03
   3.45429516e+02  -7.73929351e-04
   3.45430004e+02   1.03396608e-03
   3.45430493e+02   1.44307571e-03
   3.45430981e+02   2.13624560e-03
   3.45431469e+02   1.82162749e-03
   3.45431958e+02   4.83632088e-04
   3.45432446e+02   1.10935216e-04
   3.45432934e+02  -4.79499249e-05
   3.45433423e+02  -2.87007308e-04
   3.45433911e+02  -3.23291926e-04
   3.45434399e+02  -7.18826195e-04
   3.45434888e+02  -9.53912619e-04
   3.45435376e+02  -8.69983982e-04
   3.45435864e+02  -4.67952486e-04
   3.45436352e+02   7.70681771e-04
   3.45436841e+02   1.62444368e-03
   3.45437329e+02   3.43603489e-04
   3.45437817e+02  -2.59091659e-03
   3.45438306e+02  -3.69741884e-03
   3.45438794e+02  -2.02285475e-03
   3.45439282e+02  -1.12229248e-03
   3.45439771e+02  -1.20954320e-03
   3.45440259e+02  -6.84441940e-04
   3.45440747e+02   2.40635258e-04
   3.45441236e+02   1.32680126e-03
   3.45441724e+02   2.12837267e-03
   3.45442212e+02   1.75168400e-03
   3.45442700e+02   1.35483453e-04
   3.45443189e+02  -1.77055516e-03
   3.45443677e+02  -2.73677800e-03
   3.45444165e+02  -1.49822689e-03
   3.45444654e+02   6.50019269e-04
   3.45445142e+02   1.01918692e-03
   3.45445630e+02   2.28516423e-04
   3.45446119e+02   1.48279569e-03
   3.45446607e+02   3.43920174e-03
   3.45447095e+02   1.58343255e-03
   3.45447584e+02  -1.23026292e-03
   3.45448072e+02  -7.60507304e-04
   3.45448560e+02   1.78576855e-03
   3.45449049e+02   4.07413067e-03
   3.45449537e+02   4.12493572e-03
   3.45450025e+02   2.69730273e-03
   3.45450513e+02   1.33718085e-03
   3.45451002e+02   1.31945926e-04
   3.45451490e+02   2.22740753e-04
   3.45451978e+02   1.17391592e-03
   3.45452467e+02   6.74531388e-04
   3.45452955e+02  -1.18539960e-03
   3.45453443e+02  -2.63305311e-03
   3.45453932e+02  -1.76911114e-03
   3.45454420e+02   2.09736841e-04
   3.45454908e+02   6.20881736e-04
   3.45455397e+02   4.16345574e-04
   3.45455885e+02   8.54814891e-04
   3.45456373e+02   9.16355988e-04
   3.45456861e+02   6.10722986e-04
   3.45457350e+02   7.25212041e-04
   3.45457838e+02   5.61984023e-04
   3.45458326e+02   2.78952910e-04
   3.45458815e+02   1.49001461e-03
   3.45459303e+02   3.08922515e-03
   3.45459791e+02   1.95869990e-03
   3.45460280e+02   6.24680106e-05
   3.45460768e+02   1.06507400e-03
   3.45461256e+02   2.67215422e-03
   3.45461745e+02   1.97062269e-03
   3.45462233e+02   6.82859682e-04
   3.45462721e+02   1.07972126e-03
   3.45463209e+02   2.57266429e-03
   3.45463698e+02   3.92135419e-03
   3.45464186e+02   4.59565641e-03
   3.45464674e+02   3.96822440e-03
   3.45465163e+02   2.33985507e-03
   3.45465651e+02   5.35219850e-04
   3.45466139e+02  -3.95419047e-04
   3.45466628e+02  -4.17147356e-04
   3.45467116e+02  -3.39187478e-04
   3.45467604e+02  -1.24706403e-05
   3.45468093e+02   2.41534202e-04
   3.45468581e+02   1.08795066e-03
   3.45469069e+02   2.12904182e-03
   3.45469557e+02   1.24396943e-03
   3.45470046e+02   1.06510124e-03
   3.45470534e+02   3.22086853e-03
   3.45471022e+02   3.78754339e-03
   3.45471511e+02   2.35991227e-03
   3.45471999e+02   1.99664105e-03
   3.45472487e+02   3.63215967e-03
   3.45472976e+02   5.37327677e-03
   3.45473464e+02   4.93159797e-03
   3.45473952e+02   4.39060759e-03
   3.45474441e+02   4.90884716e-03
   3.45474929e+02   4.65655653e-03
   3.45475417e+02   3.31022032e-03
   3.45475905e+02   2.49059265e-03
   3.45476394e+02   3.16627417e-03
   3.45476882e+02   3.39285331e-03
   3.45477370e+02   2.65066978e-03
   3.45477859e+02   2.81983544e-03
   3.45478347e+02   2.82327132e-03
   3.45478835e+02   3.30149662e-03
   3.45479324e+02   4.27072076e-03
   3.45479812e+02   4.47245361e-03
   3.45480300e+02   3.77861992e-03
   3.45480789e+02   3.45406635e-03
   3.45481277e+02   4.95488336e-03
   3.45481765e+02   6.00684388e-03
   3.45482253e+02   6.15242822e-03
   3.45482742e+02   6.51600352e-03
   3.45483230e+02   5.40509075e-03
   3.45483718e+02   3.37262591e-03
   3.45484207e+02   4.44493257e-03
   3.45484695e+02   4.58769826e-03
   3.45485183e+02   3.58001003e-03
   3.45485672e+02   4.44772793e-03
   3.45486160e+02   7.36864982e-03
   3.45486648e+02   1.01587893e-02
   3.45487137e+02   1.09455520e-02
   3.45487625e+02   1.03993937e-02
   3.45488113e+02   9.53552313e-03
   3.45488602e+02   8.82330723e-03
   3.45489090e+02   1.05077140e-02
   3.45489578e+02   1.32205812e-02
   3.45490066e+02   1.34484973e-02
   3.45490555e+02   1.26342727e-02
   3.45491043e+02   1.26589108e-02
   3.45491531e+02   1.37630161e-02
   3.45492020e+02   1.52066527e-02
   3.45492508e+02   1.70025099e-02
   3.45492996e+02   1.80508345e-02
   3.45493485e+02   1.81292482e-02
   3.45493973e+02   1.98019408e-02
   3.45494461e+02   2.14582980e-02
   3.45494950e+02   2.16932837e-02
   3.45495438e+02   2.25127060e-02
   3.45495926e+02   2.40512565e-02
   3.45496414e+02   2.67038066e-02
   3.45496903e+02   3.21855061e-02
   3.45497391e+02   3.92715149e-02
   3.45497879e+02   4.54400145e-02
   3.45498368e+02   5.18540330e-02
   3.45498856e+02   5.95726781e-02
   3.45499344e+02   6.80179223e-02
   3.45499833e+02   7.67627656e-02
   3.45500321e+02   8.51877779e-02
   3.45500809e+02   9.48164612e-02
   3.45501298e+02   1.05625436e-01
   3.45501786e+02   1.15914181e-01
   3.45502274e+02   1.27455398e-01
   3.45502762e+02   1.40679806e-01
   3.45503251e+02   1.52978033e-01
   3.45503739e+02   1.65974200e-01
   3.45504227e+02   1.81432456e-01
   3.45504716e+02   1.97497815e-01
   3.45505204e+02   2.14103401e-01
   3.45505692e+02   2.30987981e-01
   3.45506181e+02   2.48342350e-01
   3.45506669e+02   2.68613786e-01
   3.45507157e+02   2.88277239e-01
   3.45507646e+02   3.04240257e-01
   3.45508134e+02   3.21593404e-01
   3.45508622e+02   3.42660397e-01
   3.45509110e+02   3.65245104e-01
   3.45509599e+02   3.87534410e-01
   3.45510087e+02   4.09725100e-01
   3.45510575e+02   4.31608498e-01
   3.45511064e+02   4.52134848e-01
   3.45511552e+02   4.71573085e-01
   3.45512040e+02   4.91010815e-01
   3.45512529e+02   5.12245715e-01
   3.45513017e+02   5.38957834e-01
   3.45513505e+02   5.68748593e-01
   3.45513994e+02   5.96344948e-01
   3.45514482e+02   6.12848759e-01
   3.45514970e+02   6.15764678e-01
   3.45515458e+02   6.03050232e-01
   3.45515947e+02   5.73653281e-01
   3.45516435e+02   5.29352903e-01
   3.45516923e+02   4.75285828e-01
   3.45517412e+02   4.22658563e-01
   3.45517900e+02   3.84781331e-01
   3.45518388e+02   3.44276339e-01
   3.45518877e+02   3.70063722e-01
   3.45519365e+02   4.42141354e-01
   3.45519853e+02   4.86364096e-01
   3.45520342e+02   5.21157801e-01
   3.45520830e+02   5.38747013e-01
   3.45521318e+02   5.46113431e-01
   3.45521806e+02   5.44968784e-01
   3.45522295e+02   5.43895185e-01
   3.45522783e+02   5.38344145e-01
   3.45523271e+02   5.26204288e-01
   3.45523760e+02   5.08176386e-01
   3.45524248e+02   4.84432608e-01
   3.45524736e+02   4.58729655e-01
   3.45525225e+02   4.31605518e-01
   3.45525713e+02   4.03247833e-01
   3.45526201e+02   3.75225633e-01
   3.45526690e+02   3.50439519e-01
   3.45527178e+02   3.27600390e-01
   3.45527666e+02   3.03489715e-01
   3.45528155e+02   2.79359579e-01
   3.45528643e+02   2.55904436e-01
   3.45529131e+02   2.32860282e-01
   3.45529619e+02   2.08523199e-01
   3.45530108e+02   1.83769152e-01
   3.45530596e+02   1.62467271e-01
   3.45531084e+02   1.44605830e-01
   3.45531573e+02   1.29600257e-01
   3.45532061e+02   1.16342306e-01
   3.45532549e+02   1.04709566e-01
   3.45533038e+02   9.53039154e-02
   3.45533526e+02   8.81522074e-02
   3.45534014e+02   7.94430152e-02
   3.45534503e+02   7.04405755e-02
   3.45534991e+02   6.38310090e-02
   3.45535479e+02   5.90592586e-02
   3.45535967e+02   5.45371436e-02
   3.45536456e+02   4.86128442e-02
   3.45536944e+02   4.34319936e-02
   3.45537432e+02   4.01526801e-02
   3.45537921e+02   3.68280001e-02
   3.45538409e+02   3.43604200e-02
   3.45538897e+02   3.22370529e-02
   3.45539386e+02   2.69607175e-02
   3.45539874e+02   2.17973515e-02
   3.45540362e+02   2.05121133e-02
   3.45540851e+02   1.84948388e-02
   3.45541339e+02   1.51180429e-02
   3.45541827e+02   1.49544356e-02
   3.45542315e+02   1.59886871e-02
   3.45542804e+02   1.38965873e-02
   3.45543292e+02   1.15877790e-02
   3.45543780e+02   1.18318554e-02
   3.45544269e+02   1.16991382e-02
   3.45544757e+02   1.11563774e-02
   3.45545245e+02   1.05628828e-02
   3.45545734e+02   1.06915310e-02
   3.45546222e+02   1.05096810e-02
   3.45546710e+02   9.93852783e-03
   3.45547199e+02   7.80010922e-03
   3.45547687e+02   5.88712050e-03
   3.45548175e+02   5.94986603e-03
   3.45548663e+02   6.94893114e-03
   3.45549152e+02   7.53712561e-03
   3.45549640e+02   7.51893269e-03
   3.45550128e+02   7.48881511e-03
   3.45550617e+02   7.05511728e-03
   3.45551105e+02   6.16252515e-03
   3.45551593e+02   5.45210158e-03
   3.45552082e+02   4.39047907e-03
   3.45552570e+02   3.78389587e-03
   3.45553058e+02   3.33869457e-03
   3.45553547e+02   2.44686147e-03
   3.45554035e+02   3.05568078e-03
   3.45554523e+02   4.30334313e-03
   3.45555011e+02   3.33520817e-03
   3.45555500e+02   8.59766558e-04
   3.45555988e+02   4.70673753e-04
   3.45556476e+02   2.04755180e-03
   3.45556965e+02   2.92107346e-03
   3.45557453e+02   3.13690095e-03
   3.45557941e+02   3.01180594e-03
   3.45558430e+02   2.57307547e-03
   3.45558918e+02   1.63746590e-03
   3.45559406e+02  -2.65502807e-04
   3.45559895e+02  -7.09277170e-04
   3.45560383e+02   8.34654900e-04
   3.45560871e+02   2.98816682e-04
   3.45561359e+02  -1.80234527e-03
   3.45561848e+02  -1.87632244e-03
   3.45562336e+02   1.02339269e-04
   3.45562824e+02   1.68153143e-03
   3.45563313e+02   1.55542803e-03
   3.45563801e+02   6.82696118e-04
   3.45564289e+02  -1.56995069e-04
   3.45564778e+02  -1.10564916e-03
   3.45565266e+02  -2.32954393e-03
   3.45565754e+02  -3.14285513e-03
   3.45566243e+02  -1.99207035e-03
   3.45566731e+02   7.16124254e-04
   3.45567219e+02   2.26289313e-03
   3.45567708e+02   2.17651390e-03
   3.45568196e+02   1.63443037e-03
   3.45568684e+02   1.29784830e-03
   3.45569172e+02   1.57376961e-03
   3.45569661e+02   2.17829924e-03
   3.45570149e+02   3.10917711e-03
   3.45570637e+02   3.88311013e-03
   3.45571126e+02   3.32817482e-03
   3.45571614e+02   1.74744404e-03
   3.45572102e+02   9.44681175e-04
   3.45572591e+02   9.72775684e-04
   3.45573079e+02   6.29393151e-04
   3.45573567e+02   6.38436817e-04
   3.45574056e+02   3.06041737e-04
   3.45574544e+02  -5.62535497e-05
   3.45575032e+02   9.61206504e-04
   3.45575520e+02   1.21685350e-03
   3.45576009e+02   4.01900732e-04
   3.45576497e+02   6.72807859e-04
   3.45576985e+02   1.75608881e-03
   3.45577474e+02   2.40714173e-03
   3.45577962e+02   1.92941166e-03
   3.45578450e+02   1.34486402e-03
   3.45578939e+02   1.88918726e-03
   3.45579427e+02   2.51064822e-03
   3.45579915e+02   3.42137436e-03
   3.45580404e+02   5.02241775e-03
   3.45580892e+02   5.99683309e-03
   3.45581380e+02   5.62447915e-03
   3.45581868e+02   4.14602971e-03
   3.45582357e+02   2.39793072e-03
   3.45582845e+02   2.06353073e-03
   3.45583333e+02   3.16079659e-03
   3.45583822e+02   3.46223358e-03
   3.45584310e+02   2.77596246e-03
   3.45584798e+02   1.89775624e-03
   3.45585287e+02   1.70048664e-03
   3.45585775e+02   3.08455876e-03
   3.45586263e+02   4.27320832e-03
   3.45586752e+02   4.96967928e-03
   3.45587240e+02   5.36140613e-03
   3.45587728e+02   4.34977701e-03
   3.45588216e+02   3.74178262e-03
   3.45588705e+02   4.90051182e-03
   3.45589193e+02   5.26226079e-03
   3.45589681e+02   3.67706339e-03
   3.45590170e+02   2.66927667e-03
   3.45590658e+02   4.68512950e-03
   3.45591146e+02   6.39392762e-03
   3.45591635e+02   4.13351646e-03
   3.45592123e+02   2.35878630e-03
   3.45592611e+02   3.71549116e-03
   3.45593100e+02   4.64837393e-03
   3.45593588e+02   4.57576150e-03
   3.45594076e+02   4.40091779e-03
   3.45594564e+02   4.03877813e-03
   3.45595053e+02   4.59463103e-03
   3.45595541e+02   5.21204202e-03
   3.45596029e+02   5.12192026e-03
   3.45596518e+02   4.57273191e-03
   3.45597006e+02   3.22294072e-03
   3.45597494e+02   1.84215605e-03
   3.45597983e+02   1.19407324e-03
   3.45598471e+02   7.04935985e-04
   3.45598959e+02   1.00954203e-03
   3.45599448e+02   3.88429756e-03
   3.45599936e+02   6.52211765e-03
   3.45600424e+02   6.14920072e-03
   3.45600912e+02   4.41662734e-03
   3.45601401e+02   2.60423520e-03
   3.45601889e+02   1.67393452e-03
   3.45602377e+02   1.57502480e-03
   3.45602866e+02   1.63997174e-03
   3.45603354e+02   1.91286008e-03
   3.45603842e+02   1.94123376e-03
   3.45604331e+02   1.47185742e-03
   3.45604819e+02   8.41290806e-04
   3.45605307e+02   7.86739809e-04
   3.45605796e+02   5.42870897e-04
   3.45606284e+02  -9.37067845e-04
   3.45606772e+02  -1.49357342e-03
   3.45607261e+02   1.35809893e-03
   3.45607749e+02   3.91863612e-03
   3.45608237e+02   2.84715672e-03
   3.45608725e+02   8.76548642e-04
   3.45609214e+02   1.93496628e-04
   3.45609702e+02   4.32458473e-05
   3.45610190e+02  -7.62186537e-04
   3.45610679e+02  -1.28236297e-03
   3.45611167e+02  -9.83879552e-04
   3.45611655e+02  -6.87882362e-04
   3.45612144e+02   5.16351894e-04
   3.45612632e+02   1.43037294e-03
   3.45613120e+02  -5.37588085e-06
   3.45613609e+02  -1.82191539e-03
   3.45614097e+02  -2.29615439e-03
   3.45614585e+02  -1.82441704e-03
   3.45615073e+02  -3.94695322e-04
   3.45615562e+02   5.86394977e-04
   3.45616050e+02   8.45102652e-04
   3.45616538e+02   7.74845073e-04
   3.45617027e+02  -9.18531383e-04
   3.45617515e+02  -2.29170220e-03
   3.45618003e+02  -1.55169668e-03
   3.45618492e+02  -9.26560489e-04
   3.45618980e+02  -1.55668822e-03
   3.45619468e+02  -2.15992099e-03
   3.45619957e+02  -1.77044573e-03
   3.45620445e+02  -5.69615397e-04
   3.45620933e+02   9.95594455e-05
   3.45621421e+02   2.86557974e-04
   3.45621910e+02   1.09914190e-03
   3.45622398e+02   2.89808819e-03
   3.45622886e+02   5.17080864e-03
   3.45623375e+02   6.31008763e-03
   3.45623863e+02   5.98294521e-03
   3.45624351e+02   5.70485834e-03
   3.45624840e+02   5.53903775e-03
   3.45625328e+02   5.53075969e-03
   3.45625816e+02   7.40142912e-03
   3.45626305e+02   7.40826223e-03
   3.45626793e+02   5.39552001e-03
   3.45627281e+02   4.39400366e-03
   3.45627769e+02   3.32092890e-03
   3.45628258e+02   1.94005994e-03
   3.45628746e+02   9.75646253e-04
   3.45629234e+02  -5.61156310e-04
   3.45629723e+02  -2.18787417e-03
   3.45630211e+02  -1.95437158e-03
   3.45630699e+02  -7.28991465e-04
   3.45631188e+02  -7.58975046e-04
   3.45631676e+02  -8.31689977e-04
   3.45632164e+02   8.87823058e-04
   3.45632653e+02   1.73852965e-03
   3.45633141e+02   3.95845738e-04
   3.45633629e+02  -4.08950757e-04
   3.45634117e+02   8.33833299e-04
   3.45634606e+02   3.10290954e-03
   3.45635094e+02   4.06486820e-03
   3.45635582e+02   2.63869599e-03
   3.45636071e+02   1.03557319e-03
   3.45636559e+02   9.47532535e-04
   3.45637047e+02   1.40962168e-03
   3.45637536e+02   6.55864074e-04
   3.45638024e+02  -3.38206359e-04
   3.45638512e+02   1.34283700e-03
   3.45639001e+02   3.60612012e-03
   3.45639489e+02   3.35094309e-03
   3.45639977e+02   2.78483843e-03
   3.45640465e+02   3.37666902e-03
   3.45640954e+02   4.28068871e-03
   3.45641442e+02   4.24968218e-03
   3.45641930e+02   1.50642241e-03
   3.45642419e+02  -1.12648634e-03
   3.45642907e+02   3.11779586e-05
   3.45643395e+02   1.27811928e-03
   3.45643884e+02   1.85870391e-04
   3.45644372e+02  -1.18067674e-03
   3.45644860e+02  -2.28155893e-03
   3.45645349e+02  -1.94159593e-03
   3.45645837e+02   3.09609721e-04
   3.45646325e+02   2.01167213e-03
   3.45646814e+02   2.49087764e-03
   3.45647302e+02   2.64628371e-03
   3.45647790e+02   1.47556025e-03
   3.45648278e+02   6.57191966e-04
   3.45648767e+02   1.52623677e-03
   3.45649255e+02   1.69015618e-03
   3.45649743e+02   1.44207710e-03
   3.45650232e+02   1.13971205e-03
   3.45650720e+02   3.30127456e-04
   3.45651208e+02   6.43896055e-04
   3.45651697e+02   1.54413353e-03
   3.45652185e+02  -1.98379596e-04
   3.45652673e+02  -3.70009337e-03
   3.45653162e+02  -5.20252250e-03
   3.45653650e+02  -3.71091813e-03
   3.45654138e+02  -1.44257676e-03
   3.45654626e+02  -1.83768469e-04
   3.45655115e+02   5.25062089e-04
   3.45655603e+02   3.22573585e-04
   3.45656091e+02  -1.05896732e-04
   3.45656580e+02   1.07637688e-03
   3.45657068e+02   1.83783856e-03
   3.45657556e+02   4.23852762e-04
   3.45658045e+02  -9.81786055e-04
   3.45658533e+02  -1.30956923e-03
   3.45659021e+02  -1.58837205e-03
   3.45659510e+02  -1.92158518e-03
   3.45659998e+02  -3.05174873e-03
   3.45660486e+02  -4.15562419e-03
   3.45660974e+02  -1.49051344e-03
   3.45661463e+02   2.57757120e-03
   3.45661951e+02   3.02045955e-03
   3.45662439e+02   2.74765748e-03
   3.45662928e+02   3.33828316e-03
   3.45663416e+02   6.75027433e-04
   3.45663904e+02  -3.97937605e-03
   3.45664393e+02  -5.50869806e-03
   3.45664881e+02  -3.43916239e-03
   3.45665369e+02  -1.06682547e-03
   3.45665858e+02  -7.17945339e-04
   3.45666346e+02  -1.24830098e-04
   3.45666834e+02   2.82933214e-03
   3.45667322e+02   4.87243431e-03
   3.45667811e+02   3.61328502e-03
   3.45668299e+02   1.71667256e-03
   3.45668787e+02  -3.34907178e-04
   3.45669276e+02  -2.57316534e-03
   3.45669764e+02  -1.96577492e-03
   3.45670252e+02  -3.64791485e-04
   3.45670741e+02  -6.46971515e-04
   3.45671229e+02  -1.19073712e-03
   3.45671717e+02  -1.04300107e-03
   3.45672206e+02  -1.20113639e-03
   3.45672694e+02  -2.07382115e-03
   3.45673182e+02  -2.48395884e-03
   3.45673670e+02  -1.97847723e-03
   3.45674159e+02  -1.02853158e-03
   3.45674647e+02  -6.74570561e-04
   3.45675135e+02  -1.91914162e-03
   3.45675624e+02  -3.53688630e-03
   3.45676112e+02  -3.67522286e-03
   3.45676600e+02  -2.25979974e-03
   3.45677089e+02  -5.25996766e-05
   3.45677577e+02   1.87618623e-03
   3.45678065e+02   1.57060591e-03
   3.45678554e+02  -1.02304050e-03
   3.45679042e+02  -3.07263015e-03
   3.45679530e+02  -2.10915692e-03
   3.45680018e+02   5.80179796e-04
   3.45680507e+02   1.92318193e-03
   3.45680995e+02   1.88363832e-03
   3.45681483e+02   1.28536555e-03
   3.45681972e+02  -1.64793411e-04
   3.45682460e+02  -1.82533392e-03
   3.45682948e+02  -2.89970124e-03
   3.45683437e+02  -2.93105585e-03
   3.45683925e+02  -1.88019441e-03
   3.45684413e+02  -3.78113618e-04
   3.45684902e+02   7.13937916e-04
   3.45685390e+02   8.74309044e-04
   3.45685878e+02   4.75861772e-04
   3.45686367e+02   4.94020351e-04
   3.45686855e+02   1.32300906e-04
   3.45687343e+02  -1.10322109e-03
   3.45687831e+02  -1.36456802e-03
   3.45688320e+02  -2.31282393e-04
   3.45688808e+02   2.93914782e-04
   3.45689296e+02   4.00916506e-05
   3.45689785e+02   4.99380170e-04
   3.45690273e+02   7.31193868e-04
   3.45690761e+02  -1.23121985e-03
   3.45691250e+02  -3.64153343e-03
   3.45691738e+02  -4.09959583e-03
   3.45692226e+02  -4.71972488e-03
   3.45692715e+02  -5.46916109e-03
   3.45693203e+02  -3.34494933e-03
   3.45693691e+02   5.31606667e-04
   3.45694179e+02   2.72896723e-03
   3.45694668e+02   1.76448293e-03
   3.45695156e+02   7.07880594e-04
   3.45695644e+02   1.36140385e-03
   3.45696133e+02   7.59523537e-04
   3.45696621e+02  -1.49943249e-03
   3.45697109e+02  -2.15795380e-03
   3.45697598e+02  -5.36096399e-04
   3.45698086e+02   1.02233863e-03
   3.45698574e+02   1.84804050e-03
   3.45699063e+02   1.40223606e-03
   3.45699551e+02  -5.12793078e-04
   3.45700039e+02  -8.87291622e-04
   3.45700527e+02   3.96445976e-04
   3.45701016e+02  -3.37114150e-04
   3.45701504e+02  -1.74241967e-03
   3.45701992e+02  -6.34196447e-04
   3.45702481e+02   1.01494894e-03
   3.45702969e+02   8.78740218e-04
   3.45703457e+02   1.10850821e-03
   3.45703946e+02   1.89393281e-03
   3.45704434e+02   1.57217868e-03
   3.45704922e+02   1.09744433e-03
   3.45705411e+02   8.38659937e-04
   3.45705899e+02   2.85232556e-04
   3.45706387e+02   5.59235516e-04
   3.45706875e+02   1.96755701e-03
   3.45707364e+02   1.55625853e-03
   3.45707852e+02  -3.78557917e-04
   3.45708340e+02  -1.07571599e-03
   3.45708829e+02  -4.86357196e-04
   3.45709317e+02   3.09330702e-04
   3.45709805e+02   1.03898160e-03
   3.45710294e+02   9.16344579e-04
   3.45710782e+02   6.18077291e-04
   3.45711270e+02  -1.39903341e-05
   3.45711759e+02  -1.98752899e-03
   3.45712247e+02  -2.49270629e-03
   3.45712735e+02  -4.69321880e-04
   3.45713223e+02   1.73985213e-03
   3.45713712e+02   2.71569449e-03
   3.45714200e+02   1.48433214e-03
   3.45714688e+02   5.78948966e-05
   3.45715177e+02  -9.10171017e-04
   3.45715665e+02  -3.21503123e-03
   3.45716153e+02  -4.04214067e-03
   3.45716642e+02  -1.23310031e-03
   3.45717130e+02   1.58396002e-03
   3.45717618e+02   1.99541519e-03
   3.45718107e+02   7.24954181e-04
   3.45718595e+02  -1.01213309e-03
   3.45719083e+02  -2.04864936e-03
   3.45719571e+02  -1.50955154e-03
   3.45720060e+02   3.00003187e-04
   3.45720548e+02   1.03737623e-03
   3.45721036e+02   6.38282334e-04
   3.45721525e+02   1.30725210e-03
   3.45722013e+02   2.04555760e-03
   3.45722501e+02   1.94799248e-03
   3.45722990e+02   2.33750232e-03
   3.45723478e+02   2.51264521e-03
   3.45723966e+02   1.71702646e-03
   3.45724455e+02   9.62860882e-04
   3.45724943e+02   7.52817548e-04
   3.45725431e+02   1.17268029e-03
   3.45725920e+02   1.21874735e-03
   3.45726408e+02   4.27075371e-04
   3.45726896e+02   4.78694186e-04
   3.45727384e+02   1.61437085e-03
   3.45727873e+02   1.22878817e-03
   3.45728361e+02  -1.40804076e-03
   3.45728849e+02  -2.09075329e-03
   3.45729338e+02   1.15313276e-03
   3.45729826e+02   2.81152222e-03
   3.45730314e+02   4.38414776e-04
   3.45730803e+02  -2.53075501e-03
   3.45731291e+02  -4.35007410e-03
   3.45731779e+02  -4.72559500e-03
   3.45732268e+02  -3.29502695e-03
   3.45732756e+02  -1.15827925e-03
   3.45733244e+02  -6.17655169e-05
   3.45733732e+02   4.26320214e-04
   3.45734221e+02   8.19262525e-04
   3.45734709e+02   2.04830547e-04
   3.45735197e+02  -4.34087298e-04
   3.45735686e+02  -3.86194908e-04
   3.45736174e+02  -6.20713457e-04
   3.45736662e+02  -8.21199683e-06
   3.45737151e+02   8.97885300e-04
   3.45737639e+02   1.81444775e-04
   3.45738127e+02  -1.35152275e-03
   3.45738616e+02  -2.70734285e-03
   3.45739104e+02  -4.37119370e-03
   3.45739592e+02  -4.90560383e-03
   3.45740080e+02  -3.11841373e-03
   3.45740569e+02  -1.24386803e-03
   3.45741057e+02  -3.83582170e-04
   3.45741545e+02  -8.20931236e-05
   3.45742034e+02   1.35895505e-04
   3.45742522e+02   1.34627568e-03
   3.45743010e+02   2.29937769e-03
   3.45743499e+02   1.25205889e-03
   3.45743987e+02  -6.68747118e-04
   3.45744475e+02  -1.13259081e-03
   3.45744964e+02  -1.39538350e-03
   3.45745452e+02  -3.90395918e-03
   3.45745940e+02  -5.36130229e-03
   3.45746428e+02  -3.12448805e-03
   3.45746917e+02  -8.01994465e-04
   3.45747405e+02  -8.94253084e-04
   3.45747893e+02  -1.83574436e-03
   3.45748382e+02  -1.57816987e-03
   3.45748870e+02   1.67730119e-04
   3.45749358e+02   2.34810030e-03
   3.45749847e+02   2.27731606e-03
   3.45750335e+02   2.16970933e-04
   3.45750823e+02  -4.29568579e-04
   3.45751312e+02   7.68314421e-05
   3.45751800e+02   5.40514418e-04
   3.45752288e+02   4.81456140e-04
   3.45752776e+02  -1.47769193e-03
   3.45753265e+02  -3.56484903e-03
   3.45753753e+02  -2.68636877e-03
   3.45754241e+02  -9.83961392e-04
   3.45754730e+02  -7.21196702e-04
   3.45755218e+02   4.21944424e-05
   3.45755706e+02   7.96553737e-04
   3.45756195e+02  -7.81354785e-04
   3.45756683e+02  -3.02875624e-03
   3.45757171e+02  -3.04817269e-03
   3.45757660e+02  -7.07900967e-04
   3.45758148e+02   1.97313679e-03
   3.45758636e+02   2.06806697e-03
   3.45759124e+02   3.12121614e-04
   3.45759613e+02   7.01624027e-04
   3.45760101e+02   1.50602753e-03
   3.45760589e+02   6.85493811e-04
   3.45761078e+02   8.49792832e-06
   3.45761566e+02  -1.01577758e-03
   3.45762054e+02  -1.74023549e-03
   3.45762543e+02  -1.15720858e-03
   3.45763031e+02  -6.23967266e-04
   3.45763519e+02   1.03283848e-03
   3.45764008e+02   2.51787808e-03
   3.45764496e+02   1.02682330e-03
   3.45764984e+02  -5.05646225e-04
   3.45765473e+02   7.93533749e-04
   3.45765961e+02   2.03485601e-03
   3.45766449e+02   1.71553972e-03
   3.45766937e+02   8.66663409e-04
   3.45767426e+02  -9.61429614e-04
   3.45767914e+02  -2.23814114e-03
   3.45768402e+02  -1.55032950e-03
   3.45768891e+02  -1.92455220e-04
   3.45769379e+02   8.72955075e-04
   3.45769867e+02   1.03087910e-03
   3.45770356e+02   1.04847748e-03
   3.45770844e+02   1.32619019e-03
   3.45771332e+02   1.47617873e-04
   3.45771821e+02  -1.72368996e-03
   3.45772309e+02  -2.71128304e-03
   3.45772797e+02  -1.82729575e-03
   3.45773285e+02   7.31962733e-04
   3.45773774e+02   1.84267014e-03
   3.45774262e+02   6.87260472e-04
   3.45774750e+02  -6.59647223e-04
   3.45775239e+02  -1.11262465e-03
   3.45775727e+02  -7.64217111e-04
   3.45776215e+02  -1.07129477e-03
   3.45776704e+02  -1.07853964e-03
   3.45777192e+02   5.36932610e-04
   3.45777680e+02   5.58692904e-04
   3.45778169e+02  -1.50508282e-03
   3.45778657e+02  -2.27355212e-03
   3.45779145e+02  -1.21083600e-03
   3.45779633e+02   2.31949180e-05
   3.45780122e+02  -5.91128948e-04
   3.45780610e+02  -2.59209517e-03
   3.45781098e+02  -4.19303309e-03
   3.45781587e+02  -4.64898953e-03
   3.45782075e+02  -3.25234258e-03
   3.45782563e+02  -8.16920132e-04
   3.45783052e+02   1.57919119e-03
   3.45783540e+02   2.72671832e-03
   3.45784028e+02   9.06311383e-04
   3.45784517e+02  -1.07201282e-03
   3.45785005e+02  -6.79479039e-04
   3.45785493e+02  -6.10694769e-05
   3.45785981e+02  -4.45363374e-04
   3.45786470e+02  -6.84748229e-04
   3.45786958e+02  -3.25192610e-04
   3.45787446e+02   3.77603719e-05
   3.45787935e+02   8.27680924e-04
   3.45788423e+02   2.18502339e-03
   3.45788911e+02   2.10971572e-03
   3.45789400e+02   3.74922820e-04
   3.45789888e+02   2.37395856e-04
   3.45790376e+02   1.69462513e-03
   3.45790865e+02   1.92877185e-03
   3.45791353e+02   1.34553900e-03
   3.45791841e+02   4.81835770e-04
   3.45792329e+02  -1.52828800e-03
   3.45792818e+02  -3.43800499e-03
   3.45793306e+02  -3.96409957e-03
   3.45793794e+02  -1.80933729e-03
   3.45794283e+02   1.93434826e-03
   3.45794771e+02   2.99281045e-03
   3.45795259e+02   1.44506991e-03
   3.45795748e+02   4.38596209e-04
   3.45796236e+02   4.65882418e-04
   3.45796724e+02  -3.95149516e-04
   3.45797213e+02  -2.23528873e-03
   3.45797701e+02  -2.53460673e-03
   3.45798189e+02  -1.11281010e-03
   3.45798677e+02  -8.58084299e-04
   3.45799166e+02  -3.22974031e-03
   3.45799654e+02  -5.17611112e-03
   3.45800142e+02  -4.77600563e-03
   3.45800631e+02  -3.71071557e-03
   3.45801119e+02  -3.15181469e-03
   3.45801607e+02  -2.81741703e-03
   3.45802096e+02  -1.61150808e-03
   3.45802584e+02  -1.24669110e-04
   3.45803072e+02  -9.95243245e-05
   3.45803561e+02  -1.27708539e-03
   3.45804049e+02  -2.21512164e-03
   3.45804537e+02  -1.35631731e-03
   3.45805026e+02  -7.74327855e-05
   3.45805514e+02   3.55575874e-04
   3.45806002e+02   1.28785276e-03
   3.45806490e+02   2.08810577e-03
   3.45806979e+02   9.96170565e-04
   3.45807467e+02  -1.18240854e-03
   3.45807955e+02  -1.99129316e-03
   3.45808444e+02  -4.45642596e-04
   3.45808932e+02   1.45953032e-03
   3.45809420e+02   1.69488473e-03
   3.45809909e+02   1.57214212e-03
   3.45810397e+02   1.82278454e-03
   3.45810885e+02   7.49242608e-04
   3.45811374e+02  -6.93338749e-04
   3.45811862e+02  -5.90565731e-04
   3.45812350e+02   9.46374639e-05
   3.45812838e+02   3.24808876e-04
   3.45813327e+02   8.05387390e-04
   3.45813815e+02   1.45113282e-03
   3.45814303e+02   9.77699878e-04
   3.45814792e+02  -9.05851775e-04
   3.45815280e+02  -1.81697425e-03
   3.45815768e+02  -4.18644835e-04
   3.45816257e+02   7.54626672e-05
   3.45816745e+02  -1.70781359e-03
   3.45817233e+02  -3.33488104e-03
   3.45817722e+02  -3.05581605e-03
   3.45818210e+02  -2.31213821e-03
   3.45818698e+02  -1.93539704e-03
   3.45819186e+02  -1.27027358e-03
   3.45819675e+02  -1.66107353e-03
   3.45820163e+02  -2.61945813e-03
   3.45820651e+02  -2.70483783e-03
   3.45821140e+02  -1.85756315e-03
   3.45821628e+02  -3.33751959e-04
   3.45822116e+02   9.17506171e-04
   3.45822605e+02   3.90991161e-04
