frequency (GHz), flux (Jy/beam)
   3.43899310e+02  -5.82802284e-04
   3.43899798e+02  -5.22483060e-05
   3.43900286e+02  -9.09517476e-05
   3.43900774e+02  -2.62515387e-04
   3.43901263e+02  -3.84221814e-04
   3.43901751e+02  -1.77634880e-04
   3.43902239e+02   8.39606582e-05
   3.43902728e+02   8.83804114e-06
   3.43903216e+02  -2.15158390e-04
   3.43903704e+02  -4.68395825e-04
   3.43904193e+02  -2.47310381e-04
   3.43904681e+02   1.90663530e-04
   3.43905169e+02   2.73211044e-04
   3.43905658e+02   1.71847627e-04
   3.43906146e+02  -7.99474728e-05
   3.43906634e+02   2.73738784e-04
   3.43907122e+02   6.16828329e-04
   3.43907611e+02   3.31265735e-04
   3.43908099e+02   1.13095004e-04
   3.43908587e+02  -7.20481476e-05
   3.43909076e+02  -1.00861711e-04
   3.43909564e+02   1.97525063e-04
   3.43910052e+02   3.22982436e-04
   3.43910541e+02   1.20603007e-04
   3.43911029e+02   1.97323723e-04
   3.43911517e+02   3.76142823e-04
   3.43912006e+02   1.09976805e-04
   3.43912494e+02  -2.75655242e-04
   3.43912982e+02  -4.30590124e-04
   3.43913470e+02  -2.19848254e-04
   3.43913959e+02   1.82120071e-04
   3.43914447e+02   2.23483439e-04
   3.43914935e+02   1.42557386e-04
   3.43915424e+02   3.20657738e-04
   3.43915912e+02   1.16713883e-04
   3.43916400e+02   2.88005886e-05
   3.43916889e+02   3.89804452e-04
   3.43917377e+02   5.18535147e-04
   3.43917865e+02   3.79577716e-04
   3.43918354e+02   3.82869068e-04
   3.43918842e+02   3.69267538e-04
   3.43919330e+02   6.53715906e-05
   3.43919818e+02   3.23661006e-05
   3.43920307e+02   1.13162590e-04
   3.43920795e+02   1.61458393e-05
   3.43921283e+02  -1.88673221e-04
   3.43921772e+02  -3.88653541e-04
   3.43922260e+02  -2.58945402e-05
   3.43922748e+02  -8.85522386e-05
   3.43923237e+02  -4.57062386e-04
   3.43923725e+02  -1.86624166e-04
   3.43924213e+02   8.11792706e-05
   3.43924702e+02   1.94882465e-04
   3.43925190e+02   3.95419600e-04
   3.43925678e+02   2.70493329e-04
   3.43926166e+02   1.57265953e-04
   3.43926655e+02   2.34508610e-04
   3.43927143e+02   1.87581682e-04
   3.43927631e+02   2.01026123e-04
   3.43928120e+02   1.45706770e-04
   3.43928608e+02   6.29571296e-05
   3.43929096e+02  -4.79400951e-05
   3.43929585e+02  -2.21333816e-04
   3.43930073e+02  -5.97865983e-05
   3.43930561e+02  -9.17562720e-05
   3.43931050e+02  -5.29879529e-04
   3.43931538e+02  -5.95096441e-04
   3.43932026e+02  -2.42437280e-04
   3.43932514e+02   3.03100387e-04
   3.43933003e+02   5.63058536e-04
   3.43933491e+02   4.75364213e-04
   3.43933979e+02   2.08656493e-04
   3.43934468e+02  -1.48350402e-04
   3.43934956e+02  -2.05054996e-04
   3.43935444e+02  -8.68710413e-05
   3.43935933e+02  -1.86918405e-04
   3.43936421e+02  -1.82693999e-04
   3.43936909e+02   1.00442347e-04
   3.43937398e+02   1.51981585e-04
   3.43937886e+02   1.29317501e-04
   3.43938374e+02   2.43620976e-04
   3.43938863e+02   2.79098778e-04
   3.43939351e+02   1.30102067e-04
   3.43939839e+02  -1.47154598e-04
   3.43940327e+02  -3.45047330e-04
   3.43940816e+02  -3.80364654e-04
   3.43941304e+02  -1.83540556e-04
   3.43941792e+02   7.54350331e-05
   3.43942281e+02   2.54445855e-04
   3.43942769e+02   3.64861946e-04
   3.43943257e+02   5.54658007e-04
   3.43943746e+02   6.35714736e-04
   3.43944234e+02   3.22706503e-04
   3.43944722e+02  -1.42224686e-04
   3.43945211e+02  -1.26636645e-04
   3.43945699e+02   2.18852965e-05
   3.43946187e+02  -2.80869514e-04
   3.43946675e+02  -2.90017721e-04
   3.43947164e+02  -2.24292235e-04
   3.43947652e+02  -3.66954278e-04
   3.43948140e+02  -3.33477801e-04
   3.43948629e+02  -1.83798751e-04
   3.43949117e+02  -1.02043130e-04
   3.43949605e+02  -2.60905770e-04
   3.43950094e+02  -4.96127701e-04
   3.43950582e+02  -5.66334988e-04
   3.43951070e+02  -4.18209500e-04
   3.43951559e+02  -3.60524107e-04
   3.43952047e+02  -2.32581529e-04
   3.43952535e+02   5.03036972e-05
   3.43953023e+02   1.88238264e-04
   3.43953512e+02   2.58362066e-04
   3.43954000e+02   1.31779583e-04
   3.43954488e+02   7.40241230e-05
   3.43954977e+02   2.84844602e-04
   3.43955465e+02   5.32152539e-04
   3.43955953e+02   6.19192957e-04
   3.43956442e+02   1.66511207e-04
   3.43956930e+02  -1.08257533e-04
   3.43957418e+02  -9.73539718e-05
   3.43957907e+02  -1.07840031e-04
   3.43958395e+02   1.19565928e-04
   3.43958883e+02   1.95027998e-04
   3.43959371e+02  -9.02437459e-05
   3.43959860e+02  -1.46041202e-04
   3.43960348e+02   2.12741012e-04
   3.43960836e+02   4.29159409e-04
   3.43961325e+02   4.92601481e-04
   3.43961813e+02   4.62048163e-04
   3.43962301e+02  -8.79200816e-05
   3.43962790e+02  -1.14130591e-04
   3.43963278e+02   5.38891996e-04
   3.43963766e+02   7.40727643e-04
   3.43964255e+02   5.89656585e-04
   3.43964743e+02   6.17803715e-04
   3.43965231e+02   7.44321849e-04
   3.43965719e+02   6.18568796e-04
   3.43966208e+02   1.01568774e-04
   3.43966696e+02  -2.11533101e-04
   3.43967184e+02  -2.04651340e-04
   3.43967673e+02  -2.48466677e-04
   3.43968161e+02  -2.65151932e-04
   3.43968649e+02  -7.10416498e-05
   3.43969138e+02  -1.34660731e-04
   3.43969626e+02  -4.98903217e-04
   3.43970114e+02  -4.37080889e-04
   3.43970603e+02  -1.34892936e-04
   3.43971091e+02  -8.99813458e-05
   3.43971579e+02  -2.62734193e-05
   3.43972067e+02   2.72088393e-04
   3.43972556e+02   4.70345316e-04
   3.43973044e+02   2.70152697e-04
   3.43973532e+02  -7.53156492e-05
   3.43974021e+02  -2.36411128e-04
   3.43974509e+02  -9.54298448e-05
   3.43974997e+02   9.23074258e-05
   3.43975486e+02  -1.98764446e-05
   3.43975974e+02  -2.16472064e-04
   3.43976462e+02  -1.82135453e-04
   3.43976951e+02   4.81390125e-05
   3.43977439e+02   1.59358882e-04
   3.43977927e+02  -9.67298183e-05
   3.43978416e+02  -1.74901623e-04
   3.43978904e+02   1.65102800e-04
   3.43979392e+02   4.62803058e-04
   3.43979880e+02   5.80978463e-04
   3.43980369e+02   4.47200437e-04
   3.43980857e+02   5.37412066e-04
   3.43981345e+02   5.84797934e-04
   3.43981834e+02   2.74421240e-04
   3.43982322e+02   6.40889994e-05
   3.43982810e+02   6.61627246e-06
   3.43983299e+02   1.62212746e-04
   3.43983787e+02   2.02181211e-04
   3.43984275e+02  -3.62688806e-05
   3.43984764e+02  -1.13111251e-04
   3.43985252e+02   4.18668060e-05
   3.43985740e+02  -1.06416752e-04
   3.43986228e+02  -3.73166957e-04
   3.43986717e+02  -1.94642038e-04
   3.43987205e+02   1.66550439e-04
   3.43987693e+02   5.22049377e-04
   3.43988182e+02   4.29516105e-04
   3.43988670e+02   4.73809414e-05
   3.43989158e+02   1.35405513e-04
   3.43989647e+02   5.24014817e-04
   3.43990135e+02   4.70809144e-04
   3.43990623e+02   9.59526587e-05
   3.43991112e+02   5.75537160e-05
   3.43991600e+02   3.02688481e-04
   3.43992088e+02   2.02569543e-04
   3.43992576e+02   2.24564756e-05
   3.43993065e+02   5.88924331e-06
   3.43993553e+02  -1.70841609e-04
   3.43994041e+02  -2.03093325e-04
   3.43994530e+02  -2.25206804e-05
   3.43995018e+02   2.01573348e-04
   3.43995506e+02   5.12630853e-04
   3.43995995e+02   4.54535853e-04
   3.43996483e+02   7.67262463e-05
   3.43996971e+02  -1.15149167e-04
   3.43997460e+02  -9.13363547e-05
   3.43997948e+02   2.56835163e-04
   3.43998436e+02   3.93561117e-04
   3.43998924e+02   7.31725813e-05
   3.43999413e+02  -8.96108613e-05
   3.43999901e+02  -1.11917892e-04
   3.44000389e+02  -1.85898301e-04
   3.44000878e+02   3.57662386e-04
   3.44001366e+02   6.62650913e-04
   3.44001854e+02  -5.06900251e-05
   3.44002343e+02  -4.66856553e-04
   3.44002831e+02  -2.30550751e-04
   3.44003319e+02   9.50902904e-06
   3.44003808e+02   6.00469029e-05
   3.44004296e+02   3.00138418e-05
   3.44004784e+02   1.12234564e-04
   3.44005272e+02   2.08265497e-04
   3.44005761e+02   3.90383444e-04
   3.44006249e+02   4.01545869e-04
   3.44006737e+02   5.13493433e-05
   3.44007226e+02  -1.52531298e-04
   3.44007714e+02   1.01380894e-04
   3.44008202e+02   4.05572820e-04
   3.44008691e+02   4.19904041e-04
   3.44009179e+02   1.49102678e-04
   3.44009667e+02  -1.39769909e-04
   3.44010156e+02  -1.44384219e-04
   3.44010644e+02  -1.19697768e-04
   3.44011132e+02   1.58288765e-06
   3.44011620e+02   2.15541964e-04
   3.44012109e+02   1.28670290e-04
   3.44012597e+02   1.74613699e-04
   3.44013085e+02   2.78925843e-04
   3.44013574e+02   3.71576578e-04
   3.44014062e+02   4.38407529e-04
   3.44014550e+02   6.02823020e-05
   3.44015039e+02  -2.39253000e-04
   3.44015527e+02  -2.32619015e-04
   3.44016015e+02  -6.46228582e-05
   3.44016504e+02  -4.36878508e-05
   3.44016992e+02  -3.40700557e-04
   3.44017480e+02  -4.42891847e-04
   3.44017969e+02  -2.58358399e-04
   3.44018457e+02   6.24105742e-05
   3.44018945e+02   3.72385199e-04
   3.44019433e+02   1.67315040e-04
   3.44019922e+02  -3.86447675e-04
   3.44020410e+02  -7.33173219e-04
   3.44020898e+02  -7.24697020e-04
   3.44021387e+02  -5.16996661e-04
   3.44021875e+02  -2.37957007e-04
   3.44022363e+02   8.72455494e-05
   3.44022852e+02   2.17641165e-04
   3.44023340e+02   3.11440090e-04
   3.44023828e+02   1.81325013e-04
   3.44024317e+02  -1.84744476e-05
   3.44024805e+02   6.84010229e-05
   3.44025293e+02  -1.13997814e-07
   3.44025781e+02  -4.68545732e-05
   3.44026270e+02   7.79063266e-05
   3.44026758e+02   1.32317931e-04
   3.44027246e+02   8.71558950e-05
   3.44027735e+02   1.66986458e-04
   3.44028223e+02   3.19578656e-04
   3.44028711e+02   1.45353566e-04
   3.44029200e+02  -1.15985997e-04
   3.44029688e+02  -1.05585852e-04
   3.44030176e+02   1.16188341e-04
   3.44030665e+02   1.40211807e-04
   3.44031153e+02  -1.36747083e-04
   3.44031641e+02  -2.68607051e-04
   3.44032129e+02  -1.48261737e-04
   3.44032618e+02  -9.68432869e-06
   3.44033106e+02   8.50403376e-05
   3.44033594e+02   2.13836742e-04
   3.44034083e+02   2.61759618e-04
   3.44034571e+02   1.80121671e-04
   3.44035059e+02   1.86893623e-04
   3.44035548e+02   7.17665971e-05
   3.44036036e+02  -9.80905770e-06
   3.44036524e+02   2.26799079e-04
   3.44037013e+02   1.50048276e-04
   3.44037501e+02  -1.77067821e-04
   3.44037989e+02  -2.27121534e-04
   3.44038477e+02   2.29970348e-04
   3.44038966e+02   7.14518712e-04
   3.44039454e+02   4.19836142e-04
   3.44039942e+02   1.99941460e-05
   3.44040431e+02  -6.35322358e-05
   3.44040919e+02  -1.45208309e-04
   3.44041407e+02  -2.33184928e-05
   3.44041896e+02   1.37001072e-04
   3.44042384e+02  -3.67336565e-06
   3.44042872e+02  -1.89245489e-04
   3.44043361e+02  -2.81135290e-04
   3.44043849e+02  -2.75520200e-04
   3.44044337e+02  -1.94099248e-05
   3.44044825e+02  -1.99154601e-05
   3.44045314e+02  -1.65316989e-04
   3.44045802e+02  -1.82759650e-05
   3.44046290e+02  -1.88198246e-05
   3.44046779e+02  -3.00654443e-04
   3.44047267e+02  -1.93330678e-04
   3.44047755e+02  -7.53616187e-05
   3.44048244e+02  -2.25384880e-04
   3.44048732e+02  -1.56652051e-04
   3.44049220e+02  -2.35490428e-04
   3.44049709e+02  -5.63714537e-04
   3.44050197e+02  -4.98921727e-04
   3.44050685e+02   4.14936312e-06
   3.44051173e+02   7.20979733e-05
   3.44051662e+02  -8.47875854e-05
   3.44052150e+02   6.05917412e-05
   3.44052638e+02   1.48346036e-04
   3.44053127e+02   1.75725538e-04
   3.44053615e+02   1.57258671e-06
   3.44054103e+02   9.89810505e-05
   3.44054592e+02   2.83954403e-04
   3.44055080e+02   2.02690469e-04
   3.44055568e+02   7.99663176e-05
   3.44056057e+02  -1.03905229e-04
   3.44056545e+02  -2.27413679e-04
   3.44057033e+02  -2.21201015e-04
   3.44057522e+02  -2.73788843e-04
   3.44058010e+02  -1.54412381e-04
   3.44058498e+02   1.25753104e-05
   3.44058986e+02  -4.29054089e-05
   3.44059475e+02  -1.77108028e-04
   3.44059963e+02  -1.67951992e-04
   3.44060451e+02  -1.13808355e-05
   3.44060940e+02   5.92085489e-05
   3.44061428e+02   3.34686301e-05
   3.44061916e+02  -2.96927348e-04
   3.44062405e+02  -6.37752702e-04
   3.44062893e+02  -2.26422082e-04
   3.44063381e+02   3.44076543e-04
   3.44063870e+02   4.54157969e-04
   3.44064358e+02   4.32301807e-04
   3.44064846e+02   8.29186829e-05
   3.44065334e+02  -2.97811726e-04
   3.44065823e+02  -7.84826261e-05
   3.44066311e+02   3.51330673e-04
   3.44066799e+02   1.91815110e-04
   3.44067288e+02  -2.11520077e-04
   3.44067776e+02  -4.05135885e-04
   3.44068264e+02  -5.78976586e-04
   3.44068753e+02  -5.12579281e-04
   3.44069241e+02  -1.58306910e-04
   3.44069729e+02   8.27255099e-06
   3.44070218e+02   9.41328617e-05
   3.44070706e+02   2.68370582e-04
   3.44071194e+02  -6.88564760e-05
   3.44071682e+02  -5.78868261e-04
   3.44072171e+02  -4.48652747e-04
   3.44072659e+02  -2.39685105e-05
   3.44073147e+02   1.12355272e-04
   3.44073636e+02   3.41681043e-05
   3.44074124e+02  -1.92738997e-04
   3.44074612e+02  -2.96835700e-04
   3.44075101e+02  -2.57880980e-04
   3.44075589e+02  -3.20782419e-04
   3.44076077e+02  -3.42244137e-04
   3.44076566e+02   5.36210027e-05
   3.44077054e+02   4.41016018e-04
   3.44077542e+02   5.30671736e-04
   3.44078030e+02   3.61052196e-04
   3.44078519e+02   2.44066905e-04
   3.44079007e+02   4.71485437e-05
   3.44079495e+02  -1.77994661e-04
   3.44079984e+02  -4.71109815e-05
   3.44080472e+02   2.18187022e-04
   3.44080960e+02   2.05684282e-05
   3.44081449e+02  -3.90710775e-04
   3.44081937e+02  -5.55283565e-04
   3.44082425e+02  -4.28071129e-04
   3.44082914e+02  -2.00524257e-04
   3.44083402e+02   5.41770678e-05
   3.44083890e+02   2.97321938e-04
   3.44084378e+02   1.81904776e-04
   3.44084867e+02  -1.25383900e-04
   3.44085355e+02   1.17568787e-04
   3.44085843e+02   4.71247884e-04
   3.44086332e+02   3.31615360e-04
   3.44086820e+02   1.49504631e-04
   3.44087308e+02   1.75522582e-05
   3.44087797e+02  -1.45777871e-04
   3.44088285e+02  -2.24504474e-04
   3.44088773e+02  -1.64922734e-04
   3.44089262e+02   1.31640089e-04
   3.44089750e+02   2.92483630e-04
   3.44090238e+02  -7.36284273e-05
   3.44090726e+02  -3.83313774e-04
   3.44091215e+02  -5.40403671e-05
   3.44091703e+02   1.19464283e-04
   3.44092191e+02  -5.09690508e-05
   3.44092680e+02  -1.42120480e-04
   3.44093168e+02   1.52333969e-05
   3.44093656e+02   1.60189102e-05
   3.44094145e+02  -4.78973343e-05
   3.44094633e+02   6.74172334e-05
   3.44095121e+02   7.25234277e-05
   3.44095610e+02   8.79822910e-05
   3.44096098e+02   3.35933029e-04
   3.44096586e+02   5.39044733e-04
   3.44097075e+02   3.23804619e-04
   3.44097563e+02  -2.72177258e-05
   3.44098051e+02   9.34479031e-05
   3.44098539e+02   2.24170712e-04
   3.44099028e+02   1.21419922e-04
   3.44099516e+02   1.33616937e-04
   3.44100004e+02   5.75222621e-05
   3.44100493e+02  -9.24163105e-05
   3.44100981e+02  -6.87559659e-05
   3.44101469e+02  -1.40141592e-05
   3.44101958e+02   1.70195024e-04
   3.44102446e+02   3.01181601e-04
   3.44102934e+02   2.41604735e-04
   3.44103423e+02   2.59926630e-04
   3.44103911e+02   2.07207107e-04
   3.44104399e+02   2.27815530e-04
   3.44104887e+02   1.42816250e-04
   3.44105376e+02  -2.72402161e-04
   3.44105864e+02  -4.79049602e-04
   3.44106352e+02  -5.08914236e-04
   3.44106841e+02  -3.11368494e-04
   3.44107329e+02  -8.51783170e-06
   3.44107817e+02  -8.55897233e-05
   3.44108306e+02  -2.40715643e-04
   3.44108794e+02  -2.35318919e-04
   3.44109282e+02  -1.75528461e-04
   3.44109771e+02  -3.12263204e-04
   3.44110259e+02  -3.66625929e-04
   3.44110747e+02  -7.26392755e-05
   3.44111235e+02   3.34762095e-04
   3.44111724e+02   4.65412013e-04
   3.44112212e+02   1.71784821e-04
   3.44112700e+02  -2.84917216e-04
   3.44113189e+02  -4.72897169e-04
   3.44113677e+02  -5.09041674e-05
   3.44114165e+02   5.01948525e-04
   3.44114654e+02   3.35992168e-04
   3.44115142e+02  -9.74321883e-05
   3.44115630e+02  -3.12691292e-04
   3.44116119e+02  -3.22633103e-04
   3.44116607e+02  -1.55126327e-04
   3.44117095e+02  -1.43244120e-04
   3.44117583e+02  -3.89727502e-04
   3.44118072e+02  -4.04961611e-04
   3.44118560e+02  -3.21469735e-04
   3.44119048e+02  -1.26769839e-04
   3.44119537e+02   1.77332651e-04
   3.44120025e+02   9.49822788e-05
   3.44120513e+02  -1.79735231e-04
   3.44121002e+02  -2.37264059e-04
   3.44121490e+02   1.25496408e-05
   3.44121978e+02   6.05708701e-05
   3.44122467e+02  -1.99700007e-04
   3.44122955e+02  -3.15832120e-04
   3.44123443e+02  -1.92685577e-04
   3.44123931e+02   1.55571906e-04
   3.44124420e+02   1.65695194e-04
   3.44124908e+02   1.25334273e-05
   3.44125396e+02   4.57834758e-05
   3.44125885e+02   2.31118131e-04
   3.44126373e+02   3.09817435e-04
   3.44126861e+02  -2.85157948e-05
   3.44127350e+02  -2.56807834e-04
   3.44127838e+02  -2.79905158e-04
   3.44128326e+02  -3.50705144e-04
   3.44128815e+02  -4.10054708e-05
   3.44129303e+02   3.19025596e-04
   3.44129791e+02   2.04885805e-06
   3.44130279e+02  -4.81273892e-04
   3.44130768e+02  -4.07375861e-04
   3.44131256e+02  -1.52671026e-04
   3.44131744e+02  -2.70759250e-04
   3.44132233e+02  -1.71866443e-04
   3.44132721e+02  -1.72787812e-04
   3.44133209e+02  -1.96995810e-04
   3.44133698e+02  -1.63251549e-04
   3.44134186e+02  -2.07825025e-04
   3.44134674e+02  -1.89927974e-04
   3.44135163e+02   1.78595583e-04
   3.44135651e+02   5.78317849e-04
   3.44136139e+02   3.49476497e-04
   3.44136628e+02  -7.99896297e-05
   3.44137116e+02  -7.00905221e-05
   3.44137604e+02  -1.71359497e-04
   3.44138092e+02  -2.76076695e-04
   3.44138581e+02  -9.40972750e-05
   3.44139069e+02  -8.62438264e-06
   3.44139557e+02   5.53308309e-05
   3.44140046e+02  -7.70186962e-05
   3.44140534e+02  -5.35399362e-04
   3.44141022e+02  -5.40011504e-04
   3.44141511e+02  -2.58576358e-04
   3.44141999e+02  -1.03775463e-04
   3.44142487e+02  -2.52436894e-05
   3.44142976e+02  -4.60753108e-05
   3.44143464e+02   6.90480592e-05
   3.44143952e+02  -5.42738917e-07
   3.44144440e+02  -2.33294966e-04
   3.44144929e+02  -1.45332771e-04
   3.44145417e+02   1.09032349e-04
   3.44145905e+02   1.72481639e-04
   3.44146394e+02   1.17593569e-04
   3.44146882e+02   2.87609146e-04
   3.44147370e+02   2.57945008e-04
   3.44147859e+02   3.30283510e-05
   3.44148347e+02  -4.14731694e-05
   3.44148835e+02  -7.90702106e-05
   3.44149324e+02   1.23580758e-05
   3.44149812e+02  -6.43544918e-05
   3.44150300e+02  -2.75551836e-04
   3.44150788e+02  -6.75909469e-05
   3.44151277e+02   2.77870102e-04
   3.44151765e+02   3.91985726e-04
   3.44152253e+02   4.12321737e-04
   3.44152742e+02   2.17476889e-04
   3.44153230e+02  -8.57898704e-06
   3.44153718e+02   3.28406750e-05
   3.44154207e+02  -1.67785565e-05
   3.44154695e+02  -2.93527322e-04
   3.44155183e+02  -1.68453320e-04
   3.44155672e+02   1.68770581e-04
   3.44156160e+02   1.89708197e-04
   3.44156648e+02   3.54171469e-04
   3.44157136e+02   5.08709811e-04
   3.44157625e+02   3.30268027e-04
   3.44158113e+02   5.46931115e-05
   3.44158601e+02  -7.63278877e-05
   3.44159090e+02  -2.30326579e-04
   3.44159578e+02  -3.75793752e-04
   3.44160066e+02  -4.20218421e-04
   3.44160555e+02  -3.01092339e-04
   3.44161043e+02  -2.44830968e-04
   3.44161531e+02  -4.08049906e-04
   3.44162020e+02  -2.63975759e-04
   3.44162508e+02  -5.91111275e-05
   3.44162996e+02  -1.09277877e-04
   3.44163484e+02  -5.17488625e-05
   3.44163973e+02   1.24007231e-04
   3.44164461e+02   2.58087995e-04
   3.44164949e+02   1.95239609e-05
   3.44165438e+02  -2.51156162e-04
   3.44165926e+02  -1.17865238e-04
   3.44166414e+02   6.72557871e-05
   3.44166903e+02  -1.25570004e-04
   3.44167391e+02  -2.74044403e-04
   3.44167879e+02  -3.43830652e-05
   3.44168368e+02   1.77615657e-04
   3.44168856e+02   3.55079275e-04
   3.44169344e+02   2.34760926e-04
   3.44169832e+02  -2.54330313e-04
   3.44170321e+02  -4.47785220e-04
   3.44170809e+02  -4.15398245e-04
   3.44171297e+02  -4.18029464e-04
   3.44171786e+02  -2.87485775e-04
   3.44172274e+02  -1.11454712e-04
   3.44172762e+02  -7.27018632e-05
   3.44173251e+02  -6.59322905e-05
   3.44173739e+02   1.16910858e-04
   3.44174227e+02   1.69287174e-04
   3.44174716e+02  -1.80241826e-04
   3.44175204e+02  -1.90286097e-04
   3.44175692e+02   2.05134478e-04
   3.44176181e+02   3.36060213e-04
   3.44176669e+02  -7.61503034e-05
   3.44177157e+02  -5.12442435e-04
   3.44177645e+02  -5.95645513e-04
   3.44178134e+02  -4.43369179e-04
   3.44178622e+02   6.30499126e-05
   3.44179110e+02   6.30513998e-04
   3.44179599e+02   4.78341652e-04
   3.44180087e+02   2.08458755e-06
   3.44180575e+02   3.17784070e-05
   3.44181064e+02   3.41854524e-04
   3.44181552e+02   1.49312051e-04
   3.44182040e+02  -9.16658319e-05
   3.44182529e+02  -4.66773708e-05
   3.44183017e+02  -1.21697311e-04
   3.44183505e+02  -1.89337457e-04
   3.44183993e+02  -1.16565607e-04
   3.44184482e+02  -6.43791464e-06
   3.44184970e+02  -1.36515218e-05
   3.44185458e+02  -1.32614106e-04
   3.44185947e+02  -3.35553719e-04
   3.44186435e+02  -5.58179861e-04
   3.44186923e+02  -4.73953638e-04
   3.44187412e+02  -4.72548745e-05
   3.44187900e+02   1.11031630e-04
   3.44188388e+02   1.52583714e-04
   3.44188877e+02   1.95844303e-04
   3.44189365e+02  -7.71876585e-05
   3.44189853e+02   7.19402237e-07
   3.44190341e+02   6.66572363e-04
   3.44190830e+02   4.57825838e-04
   3.44191318e+02   4.14726557e-04
   3.44191806e+02   4.01272089e-04
   3.44192295e+02   2.73102138e-04
   3.44192783e+02   3.61329556e-04
   3.44193271e+02   2.04385549e-04
   3.44193760e+02   1.38573756e-04
   3.44194248e+02   4.11558198e-04
   3.44194736e+02   4.68542654e-04
   3.44195225e+02   1.53138943e-04
   3.44195713e+02   9.02210231e-05
   3.44196201e+02   2.38035936e-05
   3.44196689e+02  -2.87753763e-04
   3.44197178e+02  -2.42899405e-04
   3.44197666e+02  -9.26683351e-05
   3.44198154e+02  -2.57948908e-04
   3.44198643e+02  -3.09188152e-04
   3.44199131e+02  -1.40345641e-04
   3.44199619e+02  -6.80072408e-05
   3.44200108e+02  -3.29316063e-05
   3.44200596e+02  -1.91297091e-04
   3.44201084e+02  -4.70617320e-04
   3.44201573e+02  -4.62265220e-04
   3.44202061e+02  -1.90739142e-04
   3.44202549e+02   1.02929749e-04
   3.44203037e+02   4.49831685e-04
   3.44203526e+02   5.20799134e-04
   3.44204014e+02   6.38565180e-05
   3.44204502e+02  -2.67064344e-04
   3.44204991e+02  -2.42414608e-04
   3.44205479e+02   1.49240615e-04
   3.44205967e+02   6.11709664e-04
   3.44206456e+02   5.03443065e-04
   3.44206944e+02   8.16657557e-05
   3.44207432e+02   1.25332488e-04
   3.44207921e+02   1.20071949e-04
   3.44208409e+02   6.67088389e-05
   3.44208897e+02   2.62496324e-04
   3.44209385e+02   2.45723786e-04
   3.44209874e+02   2.13924741e-05
   3.44210362e+02  -1.11283975e-04
   3.44210850e+02  -8.24902381e-05
   3.44211339e+02  -1.79560026e-04
   3.44211827e+02  -3.61607556e-04
   3.44212315e+02  -2.46425334e-04
   3.44212804e+02  -1.58473922e-05
   3.44213292e+02  -6.44905376e-05
   3.44213780e+02  -1.20197103e-04
   3.44214269e+02  -1.25671504e-04
   3.44214757e+02  -3.33764561e-04
   3.44215245e+02  -3.36896424e-04
   3.44215734e+02  -1.67266087e-04
   3.44216222e+02  -2.45178206e-04
   3.44216710e+02  -1.84153832e-04
   3.44217198e+02   2.49300356e-04
   3.44217687e+02   4.22974321e-04
   3.44218175e+02   1.34973714e-04
   3.44218663e+02   1.14131428e-04
   3.44219152e+02   2.28688688e-04
   3.44219640e+02  -1.87059864e-04
   3.44220128e+02  -3.51783965e-04
   3.44220617e+02   6.88261935e-05
   3.44221105e+02   3.25995032e-04
   3.44221593e+02   1.65442150e-04
   3.44222082e+02  -9.59144381e-05
   3.44222570e+02  -3.10400828e-05
   3.44223058e+02   2.03503558e-04
   3.44223546e+02   3.38956947e-04
   3.44224035e+02  -5.66066010e-05
   3.44224523e+02  -4.86293662e-04
   3.44225011e+02  -4.60101408e-04
   3.44225500e+02  -4.05937579e-04
   3.44225988e+02  -6.07119255e-05
   3.44226476e+02   3.61932936e-04
   3.44226965e+02   1.99440867e-04
   3.44227453e+02  -6.54679097e-05
   3.44227941e+02  -3.57996141e-05
   3.44228430e+02   1.16264913e-04
   3.44228918e+02   1.60105599e-04
   3.44229406e+02  -1.21194571e-04
   3.44229894e+02  -1.96981287e-04
   3.44230383e+02  -9.04985864e-05
   3.44230871e+02  -1.39799013e-04
   3.44231359e+02  -1.89495608e-04
   3.44231848e+02   1.19337674e-05
   3.44232336e+02   3.71928792e-04
   3.44232824e+02   4.73737484e-04
   3.44233313e+02   2.87263596e-04
   3.44233801e+02  -6.58231147e-05
   3.44234289e+02  -3.70962953e-05
   3.44234778e+02   3.05293477e-04
   3.44235266e+02   2.25410811e-04
   3.44235754e+02   1.51887416e-05
   3.44236242e+02   5.08077846e-06
   3.44236731e+02   7.66769972e-06
   3.44237219e+02   2.74904742e-05
   3.44237707e+02   3.03066015e-04
   3.44238196e+02   5.34800056e-04
   3.44238684e+02   9.72277485e-06
   3.44239172e+02  -3.41623585e-04
   3.44239661e+02  -1.97643112e-05
   3.44240149e+02  -1.80027346e-05
   3.44240637e+02  -1.01836951e-04
   3.44241126e+02  -4.05581231e-05
   3.44241614e+02  -1.44751815e-04
   3.44242102e+02  -1.80646501e-04
   3.44242590e+02  -3.23822351e-05
   3.44243079e+02   1.35108473e-06
   3.44243567e+02   1.38536285e-04
   3.44244055e+02   4.96665074e-04
   3.44244544e+02   3.77698510e-04
   3.44245032e+02  -2.52686121e-04
   3.44245520e+02  -5.31655271e-04
   3.44246009e+02  -4.20623343e-04
   3.44246497e+02  -1.56349095e-04
   3.44246985e+02  -1.06709122e-05
   3.44247474e+02   1.80320771e-04
   3.44247962e+02   6.26234512e-04
   3.44248450e+02   5.33593062e-04
   3.44248938e+02  -5.37851156e-05
   3.44249427e+02  -1.94740976e-04
   3.44249915e+02  -4.66507277e-04
   3.44250403e+02  -6.36085402e-04
   3.44250892e+02  -4.08827618e-04
   3.44251380e+02  -1.08713146e-04
   3.44251868e+02  -7.05004495e-05
   3.44252357e+02  -2.22197355e-04
   3.44252845e+02  -7.31790351e-05
   3.44253333e+02   2.64365110e-04
   3.44253822e+02   2.07502482e-04
   3.44254310e+02  -3.17142258e-04
   3.44254798e+02  -4.46964201e-04
   3.44255286e+02  -2.34535255e-04
   3.44255775e+02   9.05843917e-05
   3.44256263e+02   1.67497477e-04
   3.44256751e+02  -1.71810330e-04
   3.44257240e+02  -3.17930419e-04
   3.44257728e+02  -2.74781953e-04
   3.44258216e+02  -8.74938123e-05
   3.44258705e+02   3.69048183e-04
   3.44259193e+02   5.96876955e-04
   3.44259681e+02   3.99956101e-04
   3.44260170e+02  -5.97956896e-05
   3.44260658e+02  -1.44458070e-04
   3.44261146e+02   3.78132041e-04
   3.44261635e+02   6.61285478e-04
   3.44262123e+02   2.39124915e-04
   3.44262611e+02   2.23372376e-06
   3.44263099e+02   3.70530819e-04
   3.44263588e+02   5.27047669e-04
   3.44264076e+02   3.07424198e-04
   3.44264564e+02   1.99934439e-04
   3.44265053e+02   1.59488787e-04
   3.44265541e+02  -3.26973204e-05
   3.44266029e+02  -1.96060719e-04
   3.44266518e+02  -6.91980094e-05
   3.44267006e+02   2.02360708e-04
   3.44267494e+02   1.65391568e-04
   3.44267983e+02   8.34049788e-05
   3.44268471e+02   3.15930898e-04
   3.44268959e+02   1.69884719e-04
   3.44269447e+02  -5.02292707e-04
   3.44269936e+02  -5.97604259e-04
   3.44270424e+02  -1.45792574e-05
   3.44270912e+02   2.12050902e-04
   3.44271401e+02   1.46789738e-04
   3.44271889e+02   2.35803076e-04
   3.44272377e+02   2.43007831e-04
   3.44272866e+02   1.77929091e-04
   3.44273354e+02   2.30998994e-04
   3.44273842e+02   2.04202282e-04
   3.44274331e+02  -1.76328191e-04
   3.44274819e+02  -3.27206304e-04
   3.44275307e+02  -5.33065177e-05
   3.44275795e+02  -1.49135973e-04
   3.44276284e+02  -4.46034624e-04
   3.44276772e+02  -2.40241978e-04
   3.44277260e+02   1.43416910e-04
   3.44277749e+02   1.71547828e-04
   3.44278237e+02   8.94053956e-05
   3.44278725e+02   2.21487717e-05
   3.44279214e+02   2.23557527e-05
   3.44279702e+02   2.35539992e-04
   3.44280190e+02   1.90647363e-04
   3.44280679e+02   8.89053190e-05
   3.44281167e+02   1.50624968e-04
   3.44281655e+02   2.07830963e-05
   3.44282143e+02  -9.72145717e-05
   3.44282632e+02   2.15407763e-05
   3.44283120e+02   3.31072588e-05
   3.44283608e+02  -3.52918905e-05
   3.44284097e+02  -1.57569506e-04
   3.44284585e+02  -1.45565864e-04
   3.44285073e+02   1.06078209e-04
   3.44285562e+02   2.69059470e-04
   3.44286050e+02   3.19510087e-04
   3.44286538e+02   1.92034597e-04
   3.44287027e+02  -2.83331668e-04
   3.44287515e+02  -6.50267291e-04
   3.44288003e+02  -6.49586669e-04
   3.44288491e+02  -3.63459141e-04
   3.44288980e+02  -1.80332398e-04
   3.44289468e+02  -1.72885528e-04
   3.44289956e+02   1.22970494e-04
   3.44290445e+02   3.59076192e-04
   3.44290933e+02   2.85798655e-04
   3.44291421e+02   1.69981446e-04
   3.44291910e+02   1.81206015e-05
   3.44292398e+02   1.98472826e-05
   3.44292886e+02   1.62761018e-04
   3.44293375e+02   2.03389311e-04
   3.44293863e+02   2.19469584e-04
   3.44294351e+02   2.03134769e-04
   3.44294839e+02  -1.52398502e-06
   3.44295328e+02  -3.89920635e-04
   3.44295816e+02  -4.56370617e-04
   3.44296304e+02  -9.11613315e-05
   3.44296793e+02   1.64165016e-04
   3.44297281e+02   7.91642888e-05
   3.44297769e+02  -1.63513876e-04
   3.44298258e+02  -3.19929852e-04
   3.44298746e+02  -2.32239996e-04
   3.44299234e+02  -2.64264498e-04
   3.44299723e+02  -5.63055160e-04
   3.44300211e+02  -4.72276268e-04
   3.44300699e+02  -2.16703469e-04
   3.44301188e+02  -1.00693935e-04
   3.44301676e+02  -4.25439321e-05
   3.44302164e+02  -1.69162056e-04
   3.44302652e+02  -2.39679925e-04
   3.44303141e+02  -3.22303502e-04
   3.44303629e+02  -3.02098080e-04
   3.44304117e+02   3.26236295e-05
   3.44304606e+02   2.62883957e-04
   3.44305094e+02   2.77797895e-04
   3.44305582e+02   3.51262133e-04
   3.44306071e+02   2.86868570e-04
   3.44306559e+02  -4.46500308e-05
   3.44307047e+02  -3.26408044e-04
   3.44307536e+02  -4.03753631e-07
   3.44308024e+02   1.73699344e-04
   3.44308512e+02   1.82771385e-06
   3.44309000e+02  -8.01690985e-05
   3.44309489e+02   1.17184922e-04
   3.44309977e+02   3.72629263e-04
   3.44310465e+02   8.03142684e-05
   3.44310954e+02  -4.07000887e-04
   3.44311442e+02  -2.33513609e-04
   3.44311930e+02  -1.25152337e-05
   3.44312419e+02   1.88718041e-04
   3.44312907e+02   4.55459231e-04
   3.44313395e+02   4.04199382e-04
   3.44313884e+02   3.37364298e-04
   3.44314372e+02   2.45477684e-04
   3.44314860e+02  -1.10477973e-04
   3.44315348e+02  -6.60009755e-05
   3.44315837e+02   1.02921782e-04
   3.44316325e+02   2.68284498e-06
   3.44316813e+02  -1.30451139e-04
   3.44317302e+02  -7.82543066e-05
   3.44317790e+02   3.11443000e-05
   3.44318278e+02  -1.01534955e-04
   3.44318767e+02  -4.97683250e-05
   3.44319255e+02  -1.97495283e-05
   3.44319743e+02  -4.05257888e-04
   3.44320232e+02  -5.03604009e-04
   3.44320720e+02  -2.11686871e-04
   3.44321208e+02  -5.14632447e-05
   3.44321696e+02  -2.45705363e-04
   3.44322185e+02  -4.65803809e-04
   3.44322673e+02  -4.73291671e-04
   3.44323161e+02   1.12264439e-04
   3.44323650e+02   6.74735871e-04
   3.44324138e+02   3.81518417e-04
   3.44324626e+02   1.56930488e-04
   3.44325115e+02   3.99157580e-04
   3.44325603e+02   2.60762929e-04
   3.44326091e+02  -1.39854514e-04
   3.44326580e+02  -3.62537481e-04
   3.44327068e+02  -2.59408436e-04
   3.44327556e+02  -9.00823943e-06
   3.44328044e+02   1.51007596e-04
   3.44328533e+02   2.25123185e-05
   3.44329021e+02  -9.32814510e-05
   3.44329509e+02   1.06700965e-04
   3.44329998e+02   1.01807607e-04
   3.44330486e+02  -2.62523739e-04
   3.44330974e+02  -4.37759882e-04
   3.44331463e+02  -3.45326465e-04
   3.44331951e+02  -8.92769676e-05
   3.44332439e+02   2.47032352e-04
   3.44332928e+02   1.49651620e-04
   3.44333416e+02  -1.61465316e-04
   3.44333904e+02  -1.15211849e-04
   3.44334392e+02   1.23545731e-04
   3.44334881e+02   2.09824488e-04
   3.44335369e+02   1.29245120e-04
   3.44335857e+02  -6.27166155e-05
   3.44336346e+02  -9.86772502e-05
   3.44336834e+02   4.33846362e-05
   3.44337322e+02  -1.01002362e-04
   3.44337811e+02  -3.67879664e-04
   3.44338299e+02  -2.88451673e-04
   3.44338787e+02  -2.67271189e-05
   3.44339276e+02  -4.68990584e-05
   3.44339764e+02  -1.23752456e-04
   3.44340252e+02  -8.48499258e-06
   3.44340741e+02   1.52285456e-05
   3.44341229e+02  -2.42228751e-04
   3.44341717e+02  -4.02348349e-04
   3.44342205e+02  -3.63121741e-04
   3.44342694e+02  -2.52198603e-04
   3.44343182e+02  -1.85158511e-04
   3.44343670e+02  -2.09015852e-04
   3.44344159e+02  -2.52811733e-04
   3.44344647e+02  -8.61364242e-05
   3.44345135e+02   2.72982550e-04
   3.44345624e+02   4.07243904e-04
   3.44346112e+02   3.22260777e-04
   3.44346600e+02   1.63055432e-04
   3.44347089e+02  -1.89977436e-04
   3.44347577e+02  -3.11232405e-04
   3.44348065e+02  -2.14233180e-04
   3.44348553e+02  -1.70247687e-04
   3.44349042e+02  -6.39115433e-06
   3.44349530e+02   1.10944340e-04
   3.44350018e+02   3.23875516e-04
   3.44350507e+02   5.42186026e-04
   3.44350995e+02   4.78553906e-04
   3.44351483e+02   2.57150503e-04
   3.44351972e+02   4.47734710e-05
   3.44352460e+02   1.05853731e-04
   3.44352948e+02   1.11480767e-04
   3.44353437e+02  -3.74110823e-05
   3.44353925e+02  -7.79997354e-05
   3.44354413e+02  -3.96488686e-05
   3.44354901e+02  -2.01472594e-05
   3.44355390e+02  -2.16258450e-05
   3.44355878e+02   6.64231629e-05
   3.44356366e+02  -9.94535731e-05
   3.44356855e+02  -2.66061659e-04
   3.44357343e+02   1.98664740e-04
   3.44357831e+02   3.59200872e-04
   3.44358320e+02   3.20025138e-05
   3.44358808e+02  -1.37240466e-04
   3.44359296e+02  -2.21852169e-04
   3.44359785e+02  -2.05591175e-04
   3.44360273e+02  -1.37779411e-04
   3.44360761e+02  -3.36081052e-04
   3.44361249e+02  -4.67739039e-04
   3.44361738e+02  -1.91133091e-04
   3.44362226e+02   4.20846936e-06
   3.44362714e+02  -5.31101796e-05
   3.44363203e+02  -1.58997471e-04
   3.44363691e+02  -7.97065295e-05
   3.44364179e+02   1.30573550e-04
   3.44364668e+02   2.74888327e-04
   3.44365156e+02   1.94398526e-04
   3.44365644e+02  -1.25357270e-04
   3.44366133e+02  -2.77415995e-04
   3.44366621e+02  -1.94561308e-05
   3.44367109e+02  -1.21212441e-04
   3.44367597e+02  -3.95322626e-04
   3.44368086e+02  -1.93410146e-04
   3.44368574e+02   2.85603484e-04
   3.44369062e+02   3.44227097e-04
   3.44369551e+02   3.28245187e-05
   3.44370039e+02  -2.23480849e-04
   3.44370527e+02  -1.91818865e-04
   3.44371016e+02  -2.72873749e-05
   3.44371504e+02   1.16529889e-04
   3.44371992e+02   4.09020395e-05
   3.44372481e+02   1.50752894e-04
   3.44372969e+02   3.82655911e-04
   3.44373457e+02   4.68378013e-04
   3.44373945e+02   5.13585692e-04
   3.44374434e+02   4.50160645e-04
   3.44374922e+02   2.88249372e-04
   3.44375410e+02   1.96594658e-04
   3.44375899e+02   1.59792442e-04
   3.44376387e+02  -1.99374554e-04
   3.44376875e+02  -3.83773004e-04
   3.44377364e+02  -8.28647608e-05
   3.44377852e+02   6.84168335e-05
   3.44378340e+02  -1.09399291e-04
   3.44378829e+02  -9.24328488e-05
   3.44379317e+02  -3.04019286e-05
   3.44379805e+02  -5.13457890e-05
   3.44380294e+02   8.07795659e-05
   3.44380782e+02   1.60524462e-04
   3.44381270e+02   3.44932458e-04
   3.44381758e+02   6.36941346e-04
   3.44382247e+02   4.03879181e-04
   3.44382735e+02   1.52603956e-04
   3.44383223e+02   2.62548885e-04
   3.44383712e+02   9.68319291e-05
   3.44384200e+02  -4.44307625e-05
   3.44384688e+02   3.12481498e-05
   3.44385177e+02   1.49656757e-04
   3.44385665e+02  -1.07818167e-04
   3.44386153e+02  -5.09870355e-04
   3.44386642e+02  -3.29163799e-04
   3.44387130e+02   2.14785949e-04
   3.44387618e+02   6.18668855e-04
   3.44388106e+02   7.85872398e-04
   3.44388595e+02   5.91251883e-04
   3.44389083e+02   1.56415743e-04
   3.44389571e+02  -1.45236413e-06
   3.44390060e+02   6.27029876e-05
   3.44390548e+02   1.12931535e-04
   3.44391036e+02   2.08463214e-04
   3.44391525e+02   2.98662635e-04
   3.44392013e+02   2.80191976e-04
   3.44392501e+02   4.02944861e-04
   3.44392990e+02   4.27193649e-04
   3.44393478e+02   1.32385350e-04
   3.44393966e+02  -2.08508063e-04
   3.44394454e+02  -5.44522132e-04
   3.44394943e+02  -6.93813316e-04
   3.44395431e+02  -6.13289827e-04
   3.44395919e+02  -4.14189330e-04
   3.44396408e+02  -7.82712304e-05
   3.44396896e+02  -8.59556094e-05
   3.44397384e+02  -2.88582087e-04
   3.44397873e+02  -2.14165033e-04
   3.44398361e+02  -2.53779472e-05
   3.44398849e+02  -2.10581802e-05
   3.44399338e+02  -2.03599484e-04
   3.44399826e+02  -4.50586143e-04
   3.44400314e+02  -4.03025508e-04
   3.44400802e+02  -2.82635650e-04
   3.44401291e+02  -3.61175393e-04
   3.44401779e+02  -2.34344203e-04
   3.44402267e+02  -1.12304479e-04
   3.44402756e+02  -2.77445914e-04
   3.44403244e+02  -3.30549898e-04
   3.44403732e+02  -7.52034757e-05
   3.44404221e+02   5.11572653e-05
   3.44404709e+02  -7.31540786e-05
   3.44405197e+02  -9.45772335e-05
   3.44405686e+02  -2.30065598e-05
   3.44406174e+02   2.07901598e-04
   3.44406662e+02   1.62957149e-04
   3.44407150e+02  -1.00601057e-04
   3.44407639e+02   2.64148148e-05
   3.44408127e+02   1.43155485e-04
   3.44408615e+02  -4.74812659e-05
   3.44409104e+02  -1.44297621e-04
   3.44409592e+02   2.22200746e-04
   3.44410080e+02   6.51141279e-04
   3.44410569e+02   5.31278434e-04
   3.44411057e+02   1.84780671e-04
   3.44411545e+02  -1.38005664e-04
   3.44412034e+02  -4.38329880e-04
   3.44412522e+02  -3.32476193e-04
   3.44413010e+02  -9.05538836e-05
   3.44413498e+02   1.58935320e-04
   3.44413987e+02   3.54974734e-04
   3.44414475e+02   7.00112214e-05
   3.44414963e+02  -2.42478403e-04
   3.44415452e+02  -1.21350975e-04
   3.44415940e+02   1.55445072e-04
   3.44416428e+02   3.51401104e-04
   3.44416917e+02   2.92719575e-04
   3.44417405e+02   1.56042122e-04
   3.44417893e+02   1.48388746e-04
   3.44418382e+02   4.18932585e-04
   3.44418870e+02   6.05572190e-04
   3.44419358e+02   4.36629954e-04
   3.44419847e+02   1.25881983e-04
   3.44420335e+02  -2.55821506e-04
   3.44420823e+02  -4.03360114e-04
   3.44421311e+02  -8.86123817e-05
   3.44421800e+02   3.00262531e-04
   3.44422288e+02   5.18671644e-04
   3.44422776e+02   5.66927891e-04
   3.44423265e+02   4.15093557e-04
   3.44423753e+02   2.42349546e-04
   3.44424241e+02   1.61240561e-04
   3.44424730e+02   2.07613411e-04
   3.44425218e+02   1.85751080e-04
   3.44425706e+02  -1.16865180e-04
   3.44426195e+02  -4.01785830e-04
   3.44426683e+02  -3.56348464e-04
   3.44427171e+02  -1.18328826e-04
   3.44427659e+02   1.71601263e-04
   3.44428148e+02   3.50258371e-04
   3.44428636e+02   3.64088512e-04
   3.44429124e+02   3.67606292e-04
   3.44429613e+02   2.99485342e-04
   3.44430101e+02   1.41614568e-04
   3.44430589e+02   2.81819666e-05
   3.44431078e+02  -2.05037344e-04
   3.44431566e+02  -4.75314417e-04
   3.44432054e+02  -4.56392969e-04
   3.44432543e+02  -1.95611297e-04
   3.44433031e+02  -2.51741498e-04
   3.44433519e+02  -5.16955974e-04
   3.44434007e+02  -1.01013138e-04
   3.44434496e+02   3.12125863e-04
   3.44434984e+02  -3.00124502e-05
   3.44435472e+02  -3.62468563e-04
   3.44435961e+02  -3.43844964e-04
   3.44436449e+02  -3.78372701e-04
   3.44436937e+02  -5.69996075e-04
   3.44437426e+02  -7.43879296e-04
   3.44437914e+02  -6.65863918e-04
   3.44438402e+02  -3.82302474e-04
   3.44438891e+02  -2.15756532e-04
   3.44439379e+02  -1.05796840e-04
   3.44439867e+02   4.23557176e-05
   3.44440355e+02   1.11813046e-04
   3.44440844e+02   2.79059721e-04
   3.44441332e+02   3.10671283e-04
   3.44441820e+02   6.16577017e-05
   3.44442309e+02  -8.10175043e-05
   3.44442797e+02   1.26180137e-04
   3.44443285e+02   5.72272576e-04
   3.44443774e+02   4.95675427e-04
   3.44444262e+02   2.54289916e-05
   3.44444750e+02  -1.43944635e-04
   3.44445239e+02  -1.66385536e-04
   3.44445727e+02   1.32946821e-04
   3.44446215e+02   2.55399849e-04
   3.44446703e+02  -1.65337435e-04
   3.44447192e+02  -2.93241348e-04
   3.44447680e+02  -1.36625356e-04
   3.44448168e+02  -1.34955713e-04
   3.44448657e+02  -1.29060354e-04
   3.44449145e+02  -3.79845915e-05
   3.44449633e+02  -2.30488033e-04
   3.44450122e+02  -5.21367183e-04
   3.44450610e+02  -3.11643525e-04
   3.44451098e+02  -4.97593683e-05
   3.44451587e+02  -1.34387417e-04
   3.44452075e+02  -3.03385634e-04
   3.44452563e+02  -1.69127510e-04
   3.44453051e+02   2.16351997e-04
   3.44453540e+02   4.12281544e-04
   3.44454028e+02   1.15221839e-04
   3.44454516e+02  -9.07809954e-06
   3.44455005e+02   1.24485858e-04
   3.44455493e+02  -1.07918295e-05
   3.44455981e+02   6.67801141e-05
   3.44456470e+02   4.37287672e-04
   3.44456958e+02   4.87685000e-04
   3.44457446e+02   1.38416159e-04
   3.44457935e+02   1.68429960e-05
   3.44458423e+02   2.30986901e-04
   3.44458911e+02   4.64668003e-04
   3.44459400e+02   6.01089734e-04
   3.44459888e+02   2.57194188e-04
   3.44460376e+02  -2.77578278e-04
   3.44460864e+02  -4.15324583e-04
   3.44461353e+02  -5.01008646e-04
   3.44461841e+02  -7.89100595e-04
   3.44462329e+02  -6.74293493e-04
   3.44462818e+02  -2.32171915e-05
   3.44463306e+02   4.47444181e-04
   3.44463794e+02   5.11438120e-04
   3.44464283e+02   4.05361992e-04
   3.44464771e+02   3.74094561e-05
   3.44465259e+02  -3.78165743e-04
   3.44465748e+02  -6.16652018e-04
   3.44466236e+02  -4.54405148e-04
   3.44466724e+02  -7.74904765e-05
   3.44467212e+02   6.85670529e-05
   3.44467701e+02   2.20333270e-04
   3.44468189e+02   4.71184438e-04
   3.44468677e+02   2.42611801e-04
   3.44469166e+02  -8.91031304e-05
   3.44469654e+02  -1.91841405e-04
   3.44470142e+02  -1.81931580e-04
   3.44470631e+02   2.03573090e-05
   3.44471119e+02   1.29230611e-04
   3.44471607e+02   3.20959924e-04
   3.44472096e+02   3.57090757e-04
   3.44472584e+02   1.04000428e-04
   3.44473072e+02   2.09731152e-04
   3.44473560e+02   2.04617725e-04
   3.44474049e+02  -1.80545336e-04
   3.44474537e+02  -2.19378315e-04
   3.44475025e+02  -1.28353859e-04
   3.44475514e+02  -2.97273509e-04
   3.44476002e+02  -3.45203385e-04
   3.44476490e+02  -3.24853812e-04
   3.44476979e+02  -4.14995680e-04
   3.44477467e+02  -3.08388408e-04
   3.44477955e+02  -8.62205634e-05
   3.44478444e+02   2.21737682e-05
   3.44478932e+02  -7.75537192e-05
   3.44479420e+02  -3.32065421e-04
   3.44479908e+02  -4.19753604e-04
   3.44480397e+02  -1.87050566e-04
   3.44480885e+02  -1.13706439e-04
   3.44481373e+02  -2.78469059e-04
   3.44481862e+02  -1.19251228e-04
   3.44482350e+02   1.58588577e-04
   3.44482838e+02   1.34501533e-04
   3.44483327e+02  -2.21233378e-04
   3.44483815e+02  -2.53849517e-04
   3.44484303e+02  -3.33159463e-04
   3.44484792e+02  -1.93453903e-04
   3.44485280e+02   7.06155843e-05
   3.44485768e+02  -3.01582506e-04
   3.44486256e+02  -5.94698940e-04
   3.44486745e+02  -1.20832650e-04
   3.44487233e+02   1.29105261e-04
   3.44487721e+02   4.07689404e-05
   3.44488210e+02  -1.83355573e-04
   3.44488698e+02  -3.02787143e-04
   3.44489186e+02  -4.01036341e-05
   3.44489675e+02   9.35989010e-05
   3.44490163e+02   7.03728729e-05
   3.44490651e+02   9.57284210e-05
   3.44491140e+02   2.00371258e-04
   3.44491628e+02   5.82268694e-04
   3.44492116e+02   8.36723018e-04
   3.44492604e+02   6.03070424e-04
   3.44493093e+02   4.03439248e-04
   3.44493581e+02   1.36588380e-04
   3.44494069e+02  -3.39114427e-04
   3.44494558e+02  -4.74671659e-04
   3.44495046e+02  -2.62703921e-04
   3.44495534e+02  -2.52065773e-04
   3.44496023e+02  -1.77936483e-04
   3.44496511e+02   5.40026303e-05
   3.44496999e+02  -1.96042074e-05
   3.44497488e+02  -1.24193350e-04
   3.44497976e+02  -2.15770429e-04
   3.44498464e+02  -4.05207655e-04
   3.44498953e+02  -3.33182426e-04
   3.44499441e+02  -2.42566108e-04
   3.44499929e+02  -3.02813336e-04
   3.44500417e+02  -4.08168533e-04
   3.44500906e+02  -4.11747693e-04
   3.44501394e+02   3.88968183e-05
   3.44501882e+02   2.21328228e-04
   3.44502371e+02  -2.29988518e-06
   3.44502859e+02  -5.10361278e-05
   3.44503347e+02  -6.69309666e-05
   3.44503836e+02  -7.73729262e-05
   3.44504324e+02  -2.04207070e-04
   3.44504812e+02  -1.67573453e-04
   3.44505301e+02   7.57170856e-05
   3.44505789e+02   1.34812377e-04
   3.44506277e+02   7.21857941e-05
   3.44506765e+02   1.77030524e-04
   3.44507254e+02   2.60358356e-04
   3.44507742e+02   2.66993797e-04
   3.44508230e+02   1.69939638e-04
   3.44508719e+02   2.57324937e-05
   3.44509207e+02   1.08721571e-04
   3.44509695e+02  -1.86644284e-05
   3.44510184e+02  -2.49436591e-04
   3.44510672e+02  -2.83318252e-04
   3.44511160e+02  -3.51947907e-04
   3.44511649e+02  -3.38327925e-04
   3.44512137e+02  -4.07592510e-04
   3.44512625e+02  -6.22293213e-04
   3.44513113e+02  -4.28914966e-04
   3.44513602e+02   6.59815705e-05
   3.44514090e+02   2.99376959e-04
   3.44514578e+02   1.73563589e-04
   3.44515067e+02  -8.82988024e-05
   3.44515555e+02  -3.31348012e-04
   3.44516043e+02  -3.80589685e-04
   3.44516532e+02  -1.13773691e-04
   3.44517020e+02   3.13361263e-04
   3.44517508e+02   4.55982983e-04
   3.44517997e+02   1.54409136e-04
   3.44518485e+02  -8.16764441e-05
   3.44518973e+02  -1.08503824e-04
   3.44519461e+02  -2.84794824e-05
   3.44519950e+02   5.16883592e-05
   3.44520438e+02   2.86855153e-04
   3.44520926e+02   4.31281660e-04
   3.44521415e+02   2.64575996e-04
   3.44521903e+02  -1.49141415e-04
   3.44522391e+02  -4.67115373e-04
   3.44522880e+02  -3.10385192e-04
   3.44523368e+02  -2.03990479e-04
   3.44523856e+02  -3.25204019e-04
   3.44524345e+02  -1.65912308e-04
   3.44524833e+02  -1.69497725e-04
   3.44525321e+02  -2.22236515e-04
   3.44525809e+02   7.88977341e-05
   3.44526298e+02   8.78541032e-05
   3.44526786e+02  -1.34953021e-04
   3.44527274e+02   9.76597439e-05
   3.44527763e+02   3.87211359e-04
   3.44528251e+02   9.11161042e-05
   3.44528739e+02  -2.47737917e-04
   3.44529228e+02  -1.58011942e-04
   3.44529716e+02   3.96925207e-05
   3.44530204e+02  -1.84360888e-05
   3.44530693e+02  -1.29320397e-04
   3.44531181e+02   2.94721540e-05
   3.44531669e+02   1.66254147e-04
   3.44532157e+02   2.08682497e-04
   3.44532646e+02  -9.47601802e-05
   3.44533134e+02  -5.17068140e-04
   3.44533622e+02  -2.61181209e-04
   3.44534111e+02   3.22814973e-04
   3.44534599e+02   2.07727004e-04
   3.44535087e+02  -2.13142717e-04
   3.44535576e+02  -2.36594278e-04
   3.44536064e+02  -1.67913269e-04
   3.44536552e+02  -2.02733630e-04
   3.44537041e+02  -5.10747304e-05
   3.44537529e+02   1.94643235e-05
   3.44538017e+02  -5.75313461e-05
   3.44538506e+02  -2.35802176e-07
   3.44538994e+02   3.80310055e-04
   3.44539482e+02   7.11316010e-04
   3.44539970e+02   5.33729792e-04
   3.44540459e+02   1.64902704e-05
   3.44540947e+02  -1.18579861e-04
   3.44541435e+02   1.30111192e-04
   3.44541924e+02   8.80623847e-05
   3.44542412e+02   4.28803469e-05
   3.44542900e+02   2.44400399e-05
   3.44543389e+02   4.21232362e-05
   3.44543877e+02  -3.28867645e-05
   3.44544365e+02  -1.03288650e-04
   3.44544854e+02  -7.37833689e-05
   3.44545342e+02  -2.39126621e-05
   3.44545830e+02   1.25744373e-05
   3.44546318e+02   1.24128914e-04
   3.44546807e+02   1.23446240e-04
   3.44547295e+02   1.29247899e-04
   3.44547783e+02   2.85188726e-04
   3.44548272e+02   3.29240982e-04
   3.44548760e+02   3.42130224e-04
   3.44549248e+02   4.34419402e-04
   3.44549737e+02   3.62865045e-04
   3.44550225e+02   5.76132115e-05
   3.44550713e+02  -1.61279895e-04
   3.44551202e+02  -1.16762749e-04
   3.44551690e+02  -7.58999740e-05
   3.44552178e+02  -2.37132233e-04
   3.44552666e+02  -3.38428887e-04
   3.44553155e+02  -1.12059068e-04
   3.44553643e+02   3.37008300e-04
   3.44554131e+02   3.06088332e-04
   3.44554620e+02  -1.05315397e-04
   3.44555108e+02  -1.99632312e-04
   3.44555596e+02  -3.59994519e-05
   3.44556085e+02   2.19244263e-04
   3.44556573e+02   3.02173838e-04
   3.44557061e+02   3.56211494e-05
   3.44557550e+02  -1.51733868e-04
   3.44558038e+02  -7.98937326e-05
   3.44558526e+02   3.86637257e-05
   3.44559014e+02  -7.72752755e-05
   3.44559503e+02  -2.41748989e-04
   3.44559991e+02  -4.11435525e-04
   3.44560479e+02  -3.98511824e-04
   3.44560968e+02  -2.30219721e-05
   3.44561456e+02   4.09225089e-04
   3.44561944e+02   4.99122310e-04
   3.44562433e+02   1.64214667e-04
   3.44562921e+02  -1.16828414e-04
   3.44563409e+02   1.86284393e-04
   3.44563898e+02   5.17097535e-04
   3.44564386e+02   4.89702099e-04
   3.44564874e+02   1.39595111e-04
   3.44565362e+02  -2.62303249e-04
   3.44565851e+02  -1.70329135e-04
   3.44566339e+02   4.72697684e-05
   3.44566827e+02  -1.90646097e-04
   3.44567316e+02  -3.99800687e-04
   3.44567804e+02  -2.35397456e-04
   3.44568292e+02  -1.62050535e-04
   3.44568781e+02  -9.84517756e-05
   3.44569269e+02   1.51027576e-04
   3.44569757e+02   2.19758469e-04
   3.44570246e+02   1.91270257e-04
   3.44570734e+02   2.31938957e-05
   3.44571222e+02   7.18065567e-05
   3.44571710e+02   4.88370948e-04
   3.44572199e+02   4.62244498e-04
   3.44572687e+02  -4.41919001e-05
   3.44573175e+02  -2.24508010e-04
   3.44573664e+02   8.94295226e-05
   3.44574152e+02   2.57950509e-04
   3.44574640e+02  -8.29751152e-05
   3.44575129e+02  -2.52376427e-04
   3.44575617e+02  -3.88094668e-05
   3.44576105e+02   1.04956031e-04
   3.44576594e+02   2.38078483e-05
   3.44577082e+02  -2.41167363e-04
   3.44577570e+02  -4.71070060e-04
   3.44578059e+02  -3.54623073e-04
   3.44578547e+02   1.76441779e-06
   3.44579035e+02   1.91702289e-04
   3.44579523e+02   1.11178430e-04
   3.44580012e+02  -8.94316181e-05
   3.44580500e+02  -2.30552847e-04
   3.44580988e+02  -1.89865706e-04
   3.44581477e+02  -2.27744662e-04
   3.44581965e+02  -4.00710182e-04
   3.44582453e+02  -2.54565297e-04
   3.44582942e+02   1.34833128e-04
   3.44583430e+02   1.39589247e-04
   3.44583918e+02  -2.44699640e-05
   3.44584407e+02  -6.84121405e-05
   3.44584895e+02  -2.16074113e-04
   3.44585383e+02  -2.47736229e-04
   3.44585871e+02  -1.78707385e-04
   3.44586360e+02  -1.31461973e-04
   3.44586848e+02  -1.89700968e-05
   3.44587336e+02   1.03798156e-04
   3.44587825e+02   1.07776083e-04
   3.44588313e+02  -2.06629047e-04
   3.44588801e+02  -4.34154586e-04
   3.44589290e+02  -2.26548626e-04
   3.44589778e+02  -2.31445025e-04
   3.44590266e+02  -5.54071856e-04
   3.44590755e+02  -3.19644721e-04
   3.44591243e+02   7.56591398e-05
   3.44591731e+02   7.30127431e-05
   3.44592219e+02  -1.94861386e-05
   3.44592708e+02  -2.17362700e-04
   3.44593196e+02  -1.84942619e-04
   3.44593684e+02  -5.95735992e-06
   3.44594173e+02   4.41519342e-06
   3.44594661e+02   1.09090972e-04
   3.44595149e+02   3.58895544e-04
   3.44595638e+02   3.71410104e-04
   3.44596126e+02   1.94014094e-04
   3.44596614e+02   2.14974832e-04
   3.44597103e+02   2.03617135e-04
   3.44597591e+02   1.62118187e-04
   3.44598079e+02   2.74758379e-04
   3.44598567e+02   1.79317125e-04
   3.44599056e+02   9.29256566e-05
   3.44599544e+02   2.45093688e-04
   3.44600032e+02   3.22695123e-04
   3.44600521e+02   4.65340971e-04
   3.44601009e+02   6.36613695e-04
   3.44601497e+02   1.82311851e-04
   3.44601986e+02  -8.60336440e-05
   3.44602474e+02   1.72679338e-05
   3.44602962e+02  -3.14056466e-04
   3.44603451e+02  -3.76839191e-04
   3.44603939e+02   1.52281049e-04
   3.44604427e+02   3.68765672e-04
   3.44604915e+02   2.20384129e-04
   3.44605404e+02   9.77712989e-05
   3.44605892e+02   9.52738083e-06
   3.44606380e+02   4.20579781e-05
   3.44606869e+02   1.55348345e-04
   3.44607357e+02   8.19502820e-05
   3.44607845e+02   3.90122768e-05
   3.44608334e+02   1.28017506e-04
   3.44608822e+02   1.05084335e-04
   3.44609310e+02   3.10653471e-04
   3.44609799e+02   5.52719750e-04
   3.44610287e+02   4.90121602e-04
   3.44610775e+02   4.15459159e-04
   3.44611263e+02   6.86303247e-05
   3.44611752e+02  -3.11260694e-04
   3.44612240e+02  -1.51818385e-04
   3.44612728e+02  -8.35110768e-05
   3.44613217e+02  -7.72656640e-05
   3.44613705e+02   4.13027874e-06
   3.44614193e+02   1.59719802e-05
   3.44614682e+02   7.41371769e-05
   3.44615170e+02  -1.43146011e-04
   3.44615658e+02  -2.87882867e-04
   3.44616147e+02  -1.06618485e-04
   3.44616635e+02  -1.60927611e-05
   3.44617123e+02  -6.68096181e-05
   3.44617612e+02  -1.45501326e-04
   3.44618100e+02  -1.62436903e-04
   3.44618588e+02  -1.51814034e-04
   3.44619076e+02  -4.43227600e-06
   3.44619565e+02   2.13587031e-04
   3.44620053e+02   1.80134899e-04
   3.44620541e+02   8.84208930e-05
   3.44621030e+02   7.30284228e-05
   3.44621518e+02   4.79137498e-06
   3.44622006e+02   1.19685785e-04
   3.44622495e+02   2.62132206e-04
   3.44622983e+02   2.85245973e-04
   3.44623471e+02   3.08961113e-04
   3.44623960e+02   2.65061506e-04
   3.44624448e+02  -4.81697634e-06
   3.44624936e+02  -2.98528670e-04
   3.44625424e+02  -2.33874773e-04
   3.44625913e+02   1.05202504e-04
   3.44626401e+02   1.91537147e-05
   3.44626889e+02  -4.15474409e-04
   3.44627378e+02  -4.03403013e-04
   3.44627866e+02  -6.30758441e-05
   3.44628354e+02   2.84048525e-04
   3.44628843e+02   4.37048671e-04
   3.44629331e+02   2.56990141e-04
   3.44629819e+02  -5.59361724e-05
   3.44630308e+02  -1.80874296e-04
   3.44630796e+02   1.60724187e-04
   3.44631284e+02   3.90019268e-04
   3.44631772e+02   3.14796023e-04
   3.44632261e+02   1.12110742e-04
   3.44632749e+02   3.53574360e-05
   3.44633237e+02   2.48302094e-04
   3.44633726e+02   4.32510918e-04
   3.44634214e+02   5.19632304e-04
   3.44634702e+02   4.23198071e-04
   3.44635191e+02   9.40160389e-05
   3.44635679e+02  -2.75038794e-04
   3.44636167e+02  -2.46914919e-04
   3.44636656e+02   1.77189606e-04
   3.44637144e+02   1.83479555e-04
   3.44637632e+02  -1.74073051e-04
   3.44638120e+02  -3.38874757e-04
   3.44638609e+02  -3.26826150e-04
   3.44639097e+02  -3.61763116e-04
   3.44639585e+02  -1.45970524e-04
   3.44640074e+02   3.51002964e-04
   3.44640562e+02   1.24452883e-04
   3.44641050e+02  -4.22918034e-04
   3.44641539e+02  -2.69201206e-04
   3.44642027e+02   1.01500489e-04
   3.44642515e+02   2.63612281e-04
   3.44643004e+02  -4.69582119e-05
   3.44643492e+02  -3.03894340e-04
   3.44643980e+02  -2.37995064e-05
   3.44644468e+02   1.30957960e-05
   3.44644957e+02  -3.27543792e-04
   3.44645445e+02  -2.63972877e-04
   3.44645933e+02   1.55161833e-05
   3.44646422e+02   4.78014372e-05
   3.44646910e+02   2.23209310e-04
   3.44647398e+02   2.45355797e-04
   3.44647887e+02   1.07738175e-04
   3.44648375e+02   2.66862393e-04
   3.44648863e+02   2.05677483e-04
   3.44649352e+02  -2.61824825e-05
   3.44649840e+02  -7.56023837e-06
   3.44650328e+02   2.23326148e-04
   3.44650816e+02   5.25054347e-04
   3.44651305e+02   4.91052866e-04
   3.44651793e+02   3.12674558e-04
   3.44652281e+02   2.47797609e-04
   3.44652770e+02  -1.30825219e-05
   3.44653258e+02  -2.06045253e-04
   3.44653746e+02  -5.48122698e-05
   3.44654235e+02   1.16202260e-04
   3.44654723e+02   8.92351818e-05
   3.44655211e+02   1.51977711e-05
   3.44655700e+02   7.62002310e-05
   3.44656188e+02  -7.24710844e-05
   3.44656676e+02  -3.55875643e-04
   3.44657165e+02  -3.14688135e-04
   3.44657653e+02  -3.03291163e-05
   3.44658141e+02   1.52798297e-04
   3.44658629e+02   8.75007827e-05
   3.44659118e+02  -3.32875527e-04
   3.44659606e+02  -5.28347387e-04
   3.44660094e+02  -3.99252807e-04
   3.44660583e+02  -2.76699633e-04
   3.44661071e+02  -4.19210846e-04
   3.44661559e+02  -5.23795432e-04
   3.44662048e+02  -4.73165273e-04
   3.44662536e+02  -4.30180429e-04
   3.44663024e+02  -2.19418871e-04
   3.44663513e+02   1.56447175e-04
   3.44664001e+02   1.05776548e-04
   3.44664489e+02  -1.89025843e-04
   3.44664977e+02  -2.90197291e-04
   3.44665466e+02   4.69876659e-06
   3.44665954e+02   3.81453283e-04
   3.44666442e+02   3.50626215e-04
   3.44666931e+02   2.11968800e-04
   3.44667419e+02   6.77019489e-05
   3.44667907e+02   2.48891083e-05
   3.44668396e+02  -1.09865987e-05
   3.44668884e+02  -2.84285023e-04
   3.44669372e+02  -3.73960502e-04
   3.44669861e+02  -2.31734841e-04
   3.44670349e+02  -2.86868744e-04
   3.44670837e+02  -3.59576370e-04
   3.44671325e+02  -2.56888685e-04
   3.44671814e+02   1.39051563e-05
   3.44672302e+02   2.88163574e-04
   3.44672790e+02   9.36273282e-05
   3.44673279e+02  -1.53109781e-04
   3.44673767e+02   1.38639240e-04
   3.44674255e+02   2.13238425e-04
   3.44674744e+02   1.26047860e-04
   3.44675232e+02   1.38373507e-04
   3.44675720e+02  -1.63619101e-04
   3.44676209e+02  -4.63034346e-04
   3.44676697e+02  -5.65428694e-04
   3.44677185e+02  -3.07031645e-04
   3.44677673e+02   1.97074507e-04
   3.44678162e+02   3.86130618e-04
   3.44678650e+02   3.11380951e-04
   3.44679138e+02   4.63714423e-05
   3.44679627e+02  -2.74072227e-04
   3.44680115e+02  -5.44068134e-05
   3.44680603e+02   2.27473589e-04
   3.44681092e+02   1.82994088e-04
   3.44681580e+02   2.27545126e-04
   3.44682068e+02   1.82940552e-04
   3.44682557e+02   2.69509561e-04
   3.44683045e+02   2.91843491e-04
   3.44683533e+02   1.15417031e-04
   3.44684021e+02  -6.84998449e-05
   3.44684510e+02  -2.18239860e-04
   3.44684998e+02  -2.18578566e-06
   3.44685486e+02   3.37881414e-04
   3.44685975e+02   5.45403222e-04
   3.44686463e+02   3.12111166e-04
   3.44686951e+02  -2.97979190e-04
   3.44687440e+02  -5.44699957e-04
   3.44687928e+02  -4.35307709e-04
   3.44688416e+02  -4.41455602e-04
   3.44688905e+02  -4.64526092e-04
   3.44689393e+02  -3.14959121e-04
   3.44689881e+02  -2.13930052e-05
   3.44690369e+02   2.87434086e-04
   3.44690858e+02   3.40938655e-04
   3.44691346e+02   7.91590210e-05
   3.44691834e+02  -1.69740553e-04
   3.44692323e+02  -1.04716943e-04
   3.44692811e+02   8.19444103e-05
   3.44693299e+02   3.62687191e-04
   3.44693788e+02   5.13139297e-04
   3.44694276e+02   5.12923056e-04
   3.44694764e+02   1.55345624e-04
   3.44695253e+02  -4.58869385e-04
   3.44695741e+02  -4.39370662e-04
   3.44696229e+02  -2.15388267e-04
   3.44696718e+02  -9.78807948e-05
   3.44697206e+02   5.34450301e-05
   3.44697694e+02   1.01520855e-04
   3.44698182e+02   4.13083559e-04
   3.44698671e+02   6.32558484e-04
   3.44699159e+02   3.47877882e-04
   3.44699647e+02  -1.17929332e-04
   3.44700136e+02  -1.84732940e-04
   3.44700624e+02  -5.76738967e-05
   3.44701112e+02  -7.80174014e-05
   3.44701601e+02  -1.07648748e-06
   3.44702089e+02  -1.09684270e-05
   3.44702577e+02  -2.93827325e-04
   3.44703066e+02  -4.34887246e-04
   3.44703554e+02  -5.16791246e-04
   3.44704042e+02  -3.33669217e-04
   3.44704530e+02   1.05558538e-04
   3.44705019e+02   1.04104780e-04
   3.44705507e+02   1.99349568e-04
   3.44705995e+02   5.22289833e-04
   3.44706484e+02   2.60010216e-04
   3.44706972e+02  -1.84038276e-04
   3.44707460e+02  -3.03884328e-04
   3.44707949e+02  -5.60660905e-04
   3.44708437e+02  -5.84823720e-04
   3.44708925e+02  -1.39875323e-04
   3.44709414e+02   1.41570694e-04
   3.44709902e+02   1.72589149e-04
   3.44710390e+02  -1.22667043e-04
   3.44710878e+02  -5.32668026e-04
   3.44711367e+02  -5.06664219e-04
   3.44711855e+02  -1.89134167e-04
   3.44712343e+02  -2.89739273e-05
   3.44712832e+02  -2.15134671e-04
   3.44713320e+02  -4.39000374e-04
   3.44713808e+02  -2.04387950e-04
   3.44714297e+02   1.93420579e-04
   3.44714785e+02   4.00860881e-04
   3.44715273e+02   1.67456674e-04
   3.44715762e+02  -1.61383243e-04
   3.44716250e+02   2.07569843e-04
   3.44716738e+02   4.02167498e-04
   3.44717226e+02   1.66082231e-04
   3.44717715e+02   1.27157429e-04
   3.44718203e+02  -1.07524349e-04
   3.44718691e+02  -2.54027458e-04
   3.44719180e+02  -2.82842120e-05
   3.44719668e+02   3.61480401e-04
   3.44720156e+02   2.90620170e-04
   3.44720645e+02   3.38225364e-05
   3.44721133e+02   6.19408602e-05
   3.44721621e+02   2.05855627e-04
   3.44722110e+02   2.24508491e-04
   3.44722598e+02   1.33478185e-04
   3.44723086e+02   2.19545123e-04
   3.44723574e+02   7.26002443e-04
   3.44724063e+02   5.85670932e-04
   3.44724551e+02  -1.71901935e-04
   3.44725039e+02  -2.06344324e-04
   3.44725528e+02   3.01619530e-05
   3.44726016e+02  -2.15008156e-04
   3.44726504e+02  -4.25044505e-04
   3.44726993e+02  -3.32191790e-04
   3.44727481e+02  -4.26255981e-04
   3.44727969e+02  -5.78584266e-04
   3.44728458e+02  -2.31820712e-04
   3.44728946e+02   1.87836325e-04
   3.44729434e+02   2.16952161e-04
   3.44729922e+02   1.78792572e-04
   3.44730411e+02   3.07804061e-04
   3.44730899e+02   4.75444453e-04
   3.44731387e+02   4.15030227e-04
   3.44731876e+02   9.33026822e-05
   3.44732364e+02  -2.09921593e-04
   3.44732852e+02  -1.71203879e-04
   3.44733341e+02   6.25213761e-06
   3.44733829e+02  -2.58955583e-06
   3.44734317e+02  -1.04965678e-04
   3.44734806e+02  -1.74510613e-04
   3.44735294e+02  -3.53789685e-04
   3.44735782e+02  -3.55868076e-04
   3.44736271e+02  -6.98062358e-05
   3.44736759e+02   1.49367494e-04
   3.44737247e+02   2.81043904e-04
   3.44737735e+02   2.84436101e-04
   3.44738224e+02   1.88217658e-04
   3.44738712e+02  -4.32673187e-05
   3.44739200e+02  -6.01464126e-05
   3.44739689e+02   3.12168413e-04
   3.44740177e+02   3.25255765e-04
   3.44740665e+02   4.97102046e-05
   3.44741154e+02  -3.05117719e-05
   3.44741642e+02   7.49347455e-05
   3.44742130e+02   1.69101841e-04
   3.44742619e+02   4.69492152e-05
   3.44743107e+02   8.16002794e-05
   3.44743595e+02   1.53212895e-04
   3.44744083e+02  -1.10962275e-04
   3.44744572e+02  -4.45321784e-04
   3.44745060e+02  -4.34451125e-04
   3.44745548e+02  -1.90416220e-04
   3.44746037e+02  -2.42420982e-04
   3.44746525e+02  -2.97731778e-04
   3.44747013e+02  -1.23275255e-04
   3.44747502e+02   1.02959479e-04
   3.44747990e+02   3.23851040e-04
   3.44748478e+02   2.46562093e-04
   3.44748967e+02  -3.16796941e-04
   3.44749455e+02  -5.89904608e-04
   3.44749943e+02  -2.08001671e-04
   3.44750431e+02   1.24059690e-04
   3.44750920e+02   2.05092205e-04
   3.44751408e+02   2.23580835e-04
   3.44751896e+02   2.44980445e-04
   3.44752385e+02   2.32791557e-04
   3.44752873e+02   1.80722374e-04
   3.44753361e+02   1.32371337e-04
   3.44753850e+02  -8.67248527e-05
   3.44754338e+02  -3.13628087e-04
   3.44754826e+02  -8.73881145e-05
   3.44755315e+02   1.43862679e-04
   3.44755803e+02   1.23895094e-04
   3.44756291e+02   9.62129488e-05
   3.44756779e+02   7.28921877e-05
   3.44757268e+02  -4.01341713e-05
   3.44757756e+02  -1.62273122e-04
   3.44758244e+02  -2.27689488e-05
   3.44758733e+02   1.92216030e-04
   3.44759221e+02   2.76323000e-04
   3.44759709e+02   3.82208673e-04
   3.44760198e+02   2.81243061e-04
   3.44760686e+02   8.39240820e-05
   3.44761174e+02   1.36006391e-04
   3.44761663e+02   1.67896666e-04
   3.44762151e+02  -3.35837831e-05
   3.44762639e+02  -2.44408642e-04
   3.44763127e+02  -2.72916135e-04
   3.44763616e+02  -1.32218454e-04
   3.44764104e+02   9.00994055e-05
   3.44764592e+02   4.05442988e-04
   3.44765081e+02   4.99500427e-04
   3.44765569e+02   1.54458801e-04
   3.44766057e+02  -2.26269840e-05
   3.44766546e+02   7.87970130e-05
   3.44767034e+02  -1.10639921e-04
   3.44767522e+02  -4.52264416e-04
   3.44768011e+02  -4.55497240e-04
   3.44768499e+02  -1.13615642e-04
   3.44768987e+02  -3.62421648e-04
   3.44769475e+02  -6.93127746e-04
   3.44769964e+02  -1.00628560e-04
   3.44770452e+02   2.74168997e-04
   3.44770940e+02  -5.28887103e-05
   3.44771429e+02  -1.85934041e-04
   3.44771917e+02  -1.92659121e-04
   3.44772405e+02  -5.35611907e-05
   3.44772894e+02   4.65935557e-07
   3.44773382e+02  -2.35055471e-04
   3.44773870e+02  -1.67725811e-04
   3.44774359e+02  -2.14811298e-05
   3.44774847e+02  -2.39148838e-04
   3.44775335e+02  -4.82902251e-04
   3.44775824e+02  -3.89323541e-04
   3.44776312e+02   3.80578887e-04
   3.44776800e+02   4.97711881e-04
   3.44777288e+02   2.94471392e-04
   3.44777777e+02   8.16746397e-05
   3.44778265e+02   1.68614879e-05
   3.44778753e+02   7.64828874e-05
   3.44779242e+02   1.47120052e-04
   3.44779730e+02   3.03080014e-04
   3.44780218e+02   4.49887826e-04
   3.44780707e+02   2.83712929e-04
   3.44781195e+02  -1.33715308e-04
   3.44781683e+02  -1.65008736e-04
   3.44782172e+02   3.88105909e-05
   3.44782660e+02   1.03806269e-04
   3.44783148e+02   1.06059873e-04
   3.44783636e+02  -1.14025397e-05
   3.44784125e+02  -2.46541109e-04
   3.44784613e+02  -1.21328281e-04
   3.44785101e+02   2.50070443e-04
   3.44785590e+02   2.95947248e-04
   3.44786078e+02   3.91152062e-05
   3.44786566e+02  -3.15076933e-04
   3.44787055e+02  -4.31552675e-04
   3.44787543e+02  -2.77732062e-04
   3.44788031e+02  -2.06757628e-04
   3.44788520e+02  -2.72862177e-04
   3.44789008e+02  -1.73237830e-04
   3.44789496e+02   7.84594420e-07
   3.44789984e+02  -1.36556904e-04
   3.44790473e+02  -2.45845120e-04
   3.44790961e+02   9.68410750e-05
   3.44791449e+02   3.04506510e-04
   3.44791938e+02   9.74951217e-06
   3.44792426e+02  -2.67191383e-04
   3.44792914e+02   1.05387859e-04
   3.44793403e+02   4.28620639e-04
   3.44793891e+02   1.10447552e-04
   3.44794379e+02  -2.66309871e-05
   3.44794868e+02   8.50102006e-05
   3.44795356e+02   1.03554761e-04
   3.44795844e+02   1.64889992e-04
   3.44796332e+02   6.63974133e-05
   3.44796821e+02  -1.50911525e-04
   3.44797309e+02  -2.18803645e-04
   3.44797797e+02   2.04122844e-05
   3.44798286e+02   2.37492000e-04
   3.44798774e+02   1.20701414e-04
   3.44799262e+02   8.19914874e-07
   3.44799751e+02   7.64309589e-05
   3.44800239e+02   2.18508838e-04
   3.44800727e+02   1.42161385e-04
   3.44801216e+02  -5.86417736e-05
   3.44801704e+02   1.25913371e-04
   3.44802192e+02   4.24895465e-04
   3.44802680e+02   5.06011886e-04
   3.44803169e+02   3.44340660e-04
   3.44803657e+02  -9.02293250e-05
   3.44804145e+02  -1.47988205e-04
   3.44804634e+02   3.69524641e-04
   3.44805122e+02   5.66031493e-04
   3.44805610e+02   2.28857141e-04
   3.44806099e+02   4.21699297e-05
   3.44806587e+02   2.49147888e-05
   3.44807075e+02  -1.89032744e-05
   3.44807564e+02  -9.76409228e-06
   3.44808052e+02  -1.54745008e-04
   3.44808540e+02  -3.40410072e-04
   3.44809028e+02  -2.54353276e-04
   3.44809517e+02   5.96527570e-05
   3.44810005e+02   2.89886579e-04
   3.44810493e+02   2.04831304e-04
   3.44810982e+02   4.12940390e-05
   3.44811470e+02  -5.74021651e-05
   3.44811958e+02  -1.00019039e-04
   3.44812447e+02  -1.33970927e-04
   3.44812935e+02   1.62757977e-04
   3.44813423e+02   7.57775037e-04
   3.44813912e+02   8.21654568e-04
   3.44814400e+02   2.64603033e-04
   3.44814888e+02  -2.55105086e-04
   3.44815377e+02  -1.62579556e-04
   3.44815865e+02   6.82251994e-06
   3.44816353e+02   3.05742084e-04
   3.44816841e+02   7.69968610e-04
   3.44817330e+02   4.48918814e-04
   3.44817818e+02  -1.53693545e-04
   3.44818306e+02  -7.06661667e-05
   3.44818795e+02   1.56646522e-04
   3.44819283e+02   2.86128197e-04
   3.44819771e+02   2.21780749e-04
   3.44820260e+02  -1.76497837e-04
   3.44820748e+02  -2.34366002e-04
   3.44821236e+02  -4.64162986e-06
   3.44821725e+02  -6.55815384e-05
   3.44822213e+02  -8.08200202e-05
   3.44822701e+02   7.03824981e-06
   3.44823189e+02  -2.05178192e-04
   3.44823678e+02  -4.02225502e-04
   3.44824166e+02  -1.54185982e-04
   3.44824654e+02  -5.52028723e-06
   3.44825143e+02   1.26110433e-06
   3.44825631e+02   2.18170739e-04
   3.44826119e+02   9.53981726e-05
   3.44826608e+02  -1.12123626e-05
   3.44827096e+02   1.51785425e-04
   3.44827584e+02   9.23365369e-05
   3.44828073e+02   8.69305295e-05
   3.44828561e+02   2.48736207e-04
   3.44829049e+02   1.48837702e-04
   3.44829537e+02  -2.48169148e-04
   3.44830026e+02  -2.59425608e-04
   3.44830514e+02  -7.51503758e-05
   3.44831002e+02  -8.34986349e-05
   3.44831491e+02  -5.72224162e-05
   3.44831979e+02   1.49874584e-04
   3.44832467e+02   3.94425238e-04
   3.44832956e+02   1.51899629e-04
   3.44833444e+02  -7.60932089e-05
   3.44833932e+02  -1.90293104e-05
