frequency (GHz), flux (Jy/beam)
   3.44888470e+02  -5.74425445e-04
   3.44888959e+02  -5.05387143e-04
   3.44889447e+02  -6.37965335e-04
   3.44889935e+02  -5.98562765e-04
   3.44890423e+02  -1.26157131e-04
   3.44890912e+02   4.77254245e-04
   3.44891400e+02   6.08536589e-04
   3.44891888e+02   5.45504910e-04
   3.44892377e+02   2.44185620e-04
   3.44892865e+02  -1.76316127e-04
   3.44893353e+02  -3.08245450e-04
   3.44893842e+02  -4.42309771e-04
   3.44894330e+02  -5.18697896e-04
   3.44894818e+02  -1.37797950e-04
   3.44895307e+02   2.72904843e-04
   3.44895795e+02   2.65740673e-04
   3.44896283e+02  -1.24666039e-04
   3.44896771e+02  -3.23379500e-04
   3.44897260e+02  -2.61497335e-04
   3.44897748e+02  -2.95546575e-04
   3.44898236e+02  -1.10787994e-04
   3.44898725e+02   2.18281799e-04
   3.44899213e+02   1.78775706e-04
   3.44899701e+02  -7.81124691e-05
   3.44900190e+02  -1.83930810e-04
   3.44900678e+02  -3.98363627e-04
   3.44901166e+02  -3.18553706e-04
   3.44901655e+02   3.58160032e-05
   3.44902143e+02   2.77596846e-04
   3.44902631e+02   3.52582778e-04
   3.44903119e+02   2.27083656e-04
   3.44903608e+02   2.61440204e-04
   3.44904096e+02   1.41783603e-04
   3.44904584e+02  -5.01340837e-04
   3.44905073e+02  -8.84562207e-04
   3.44905561e+02  -6.12646050e-04
   3.44906049e+02  -2.30490637e-04
   3.44906538e+02  -5.28842684e-05
   3.44907026e+02  -5.97769322e-05
   3.44907514e+02  -1.48381354e-04
   3.44908003e+02   1.75972837e-05
   3.44908491e+02   2.05141754e-04
   3.44908979e+02  -2.32471037e-04
   3.44909467e+02  -7.64459313e-04
   3.44909956e+02  -6.75798103e-04
   3.44910444e+02  -4.60609386e-04
   3.44910932e+02  -4.76717396e-04
   3.44911421e+02  -2.71634693e-04
   3.44911909e+02   3.16706064e-05
   3.44912397e+02  -1.15184113e-04
   3.44912886e+02  -8.43521193e-05
   3.44913374e+02   3.54650925e-04
   3.44913862e+02   3.68068169e-04
   3.44914351e+02  -6.98686490e-05
   3.44914839e+02  -2.80542445e-04
   3.44915327e+02  -1.92636493e-04
   3.44915815e+02  -4.53574066e-05
   3.44916304e+02   3.25596047e-04
   3.44916792e+02   5.54223778e-04
   3.44917280e+02   2.16344226e-04
   3.44917769e+02  -1.71417414e-05
   3.44918257e+02  -6.10593779e-05
   3.44918745e+02  -2.74189544e-04
   3.44919234e+02  -1.39234384e-04
   3.44919722e+02   2.26909076e-04
   3.44920210e+02   7.05054626e-05
   3.44920699e+02  -2.54500628e-04
   3.44921187e+02  -2.96140293e-04
   3.44921675e+02  -2.47378543e-04
   3.44922163e+02  -7.18255469e-05
   3.44922652e+02   1.14155962e-04
   3.44923140e+02   2.39346147e-04
   3.44923628e+02   4.02752426e-04
   3.44924117e+02   2.03193355e-04
   3.44924605e+02  -1.66974831e-04
   3.44925093e+02  -1.37036506e-04
   3.44925582e+02  -9.10922172e-05
   3.44926070e+02  -3.64117004e-04
   3.44926558e+02  -5.09773148e-04
   3.44927047e+02  -3.10217059e-04
   3.44927535e+02   5.68958167e-05
   3.44928023e+02   4.02663602e-04
   3.44928512e+02   4.81803640e-04
   3.44929000e+02   1.46585211e-04
   3.44929488e+02  -1.30563858e-04
   3.44929976e+02   1.22190220e-04
   3.44930465e+02   4.01375670e-04
   3.44930953e+02   4.45935526e-04
   3.44931441e+02   6.88860018e-04
   3.44931930e+02   6.29679707e-04
   3.44932418e+02   2.26239761e-04
   3.44932906e+02  -6.03181106e-05
   3.44933395e+02  -2.45278119e-04
   3.44933883e+02   7.39475290e-05
   3.44934371e+02   5.87839866e-04
   3.44934860e+02   6.92652713e-04
   3.44935348e+02   5.66610543e-04
   3.44935836e+02   4.86700825e-04
   3.44936324e+02   2.39789239e-04
   3.44936813e+02  -1.04623898e-04
   3.44937301e+02   3.20622325e-06
   3.44937789e+02   2.28936115e-04
   3.44938278e+02   2.08894126e-04
   3.44938766e+02   2.57751060e-04
   3.44939254e+02   4.32465342e-04
   3.44939743e+02   7.22347701e-04
   3.44940231e+02   7.99923146e-04
   3.44940719e+02   6.89456996e-04
   3.44941208e+02   6.44371437e-04
   3.44941696e+02   4.36285598e-04
   3.44942184e+02   4.94126987e-04
   3.44942672e+02   7.94702966e-04
   3.44943161e+02   5.13976731e-04
   3.44943649e+02   2.11122479e-05
   3.44944137e+02   2.19441485e-04
   3.44944626e+02   5.83938090e-04
   3.44945114e+02   9.25110071e-05
   3.44945602e+02  -2.44519586e-04
   3.44946091e+02  -1.75198235e-04
   3.44946579e+02  -9.50104295e-05
   3.44947067e+02  -1.15466297e-04
   3.44947556e+02  -3.12242773e-04
   3.44948044e+02  -4.89390630e-04
   3.44948532e+02  -4.44101170e-04
   3.44949020e+02  -1.40930322e-04
   3.44949509e+02   6.24811173e-06
   3.44949997e+02  -2.34387000e-04
   3.44950485e+02  -1.30386295e-04
   3.44950974e+02   3.40013794e-04
   3.44951462e+02   5.09010861e-04
   3.44951950e+02   5.12213795e-04
   3.44952439e+02   3.32622556e-04
   3.44952927e+02   1.81088981e-05
   3.44953415e+02  -2.39465749e-04
   3.44953904e+02  -3.51821014e-04
   3.44954392e+02  -2.10339407e-04
   3.44954880e+02  -2.04760436e-04
   3.44955368e+02  -2.35973406e-04
   3.44955857e+02  -2.62196816e-04
   3.44956345e+02  -5.11537713e-04
   3.44956833e+02  -3.62545194e-04
   3.44957322e+02   3.91211914e-04
   3.44957810e+02   8.98046244e-04
   3.44958298e+02   6.49904599e-04
   3.44958787e+02   1.58435883e-04
   3.44959275e+02   1.55816262e-04
   3.44959763e+02   1.35944021e-04
   3.44960252e+02  -2.15340770e-04
   3.44960740e+02  -3.05625610e-04
   3.44961228e+02   3.39352227e-05
   3.44961716e+02   1.43711819e-04
   3.44962205e+02  -1.41434517e-04
   3.44962693e+02  -3.82925529e-04
   3.44963181e+02  -4.52402892e-04
   3.44963670e+02  -4.58279363e-04
   3.44964158e+02  -3.92415735e-04
   3.44964646e+02  -1.40517281e-04
   3.44965135e+02   2.26014483e-04
   3.44965623e+02   3.18019913e-04
   3.44966111e+02   1.30187895e-04
   3.44966600e+02  -2.46017793e-04
   3.44967088e+02  -4.77011199e-04
   3.44967576e+02  -4.52549953e-04
   3.44968065e+02  -3.47629510e-04
   3.44968553e+02  -8.76821287e-05
   3.44969041e+02   2.64283182e-04
   3.44969529e+02   3.46325804e-04
   3.44970018e+02   6.49599533e-05
   3.44970506e+02  -9.11666066e-05
   3.44970994e+02   2.87705363e-04
   3.44971483e+02   4.79027745e-04
   3.44971971e+02   1.72359127e-04
   3.44972459e+02  -1.58889015e-04
   3.44972948e+02  -2.80604872e-04
   3.44973436e+02  -3.76089956e-05
   3.44973924e+02   2.03635427e-04
   3.44974413e+02  -1.14567971e-04
   3.44974901e+02  -4.57189337e-04
   3.44975389e+02  -5.64552553e-04
   3.44975877e+02  -7.58360489e-04
   3.44976366e+02  -5.47845557e-04
   3.44976854e+02   4.74630942e-05
   3.44977342e+02   3.70328489e-04
   3.44977831e+02   5.25480718e-04
   3.44978319e+02   4.10094828e-04
   3.44978807e+02  -3.33390926e-05
   3.44979296e+02  -3.75859177e-04
   3.44979784e+02  -4.05410072e-04
   3.44980272e+02  -3.57879908e-04
   3.44980761e+02  -1.09915229e-04
   3.44981249e+02   1.13176255e-04
   3.44981737e+02  -8.52506037e-06
   3.44982225e+02  -4.23486708e-05
   3.44982714e+02  -1.54818888e-04
   3.44983202e+02  -3.60361009e-04
   3.44983690e+02  -2.25187745e-04
   3.44984179e+02  -1.09989196e-04
   3.44984667e+02  -1.12699090e-04
   3.44985155e+02  -7.66879530e-05
   3.44985644e+02  -1.33268011e-04
   3.44986132e+02   1.73530236e-06
   3.44986620e+02   2.89879914e-04
   3.44987109e+02   3.92746850e-04
   3.44987597e+02   3.28667666e-04
   3.44988085e+02   2.98591825e-04
   3.44988573e+02   2.65986309e-04
   3.44989062e+02   1.91007799e-04
   3.44989550e+02   1.49696643e-04
   3.44990038e+02   4.71321000e-05
   3.44990527e+02  -7.82284114e-05
   3.44991015e+02   7.36117945e-05
   3.44991503e+02   2.87033414e-04
   3.44991992e+02   2.90397642e-04
   3.44992480e+02   2.47666991e-04
   3.44992968e+02   2.23666197e-04
   3.44993457e+02  -4.40275217e-05
   3.44993945e+02   2.53277340e-05
   3.44994433e+02   5.04405529e-04
   3.44994921e+02   5.37933432e-04
   3.44995410e+02   3.21976055e-04
   3.44995898e+02  -1.81226933e-05
   3.44996386e+02  -4.94763255e-04
   3.44996875e+02  -4.88510937e-04
   3.44997363e+02  -6.45352848e-05
   3.44997851e+02   9.44875937e-05
   3.44998340e+02   7.59141585e-06
   3.44998828e+02  -1.23675447e-04
   3.44999316e+02  -1.04136976e-04
   3.44999805e+02  -9.98256801e-05
   3.45000293e+02  -2.76124279e-04
   3.45000781e+02  -2.98541272e-04
   3.45001269e+02  -1.66119178e-04
   3.45001758e+02   6.69572619e-05
   3.45002246e+02   1.45205486e-04
   3.45002734e+02   3.14270088e-04
   3.45003223e+02   5.13841223e-04
   3.45003711e+02  -6.55256417e-06
   3.45004199e+02  -1.57726303e-04
   3.45004688e+02   2.30121077e-04
   3.45005176e+02   4.75794572e-04
   3.45005664e+02   3.42800107e-04
   3.45006153e+02   2.53275997e-04
   3.45006641e+02   1.21234509e-04
   3.45007129e+02  -1.55755549e-06
   3.45007618e+02  -2.88775709e-06
   3.45008106e+02   1.01195568e-04
   3.45008594e+02   1.22319907e-04
   3.45009082e+02  -6.05967853e-06
   3.45009571e+02  -2.17607394e-05
   3.45010059e+02  -9.11528059e-06
   3.45010547e+02   5.74952937e-05
   3.45011036e+02   1.60192503e-04
   3.45011524e+02  -1.09850283e-04
   3.45012012e+02  -4.32824047e-04
   3.45012501e+02  -2.90535303e-04
   3.45012989e+02   3.64559273e-05
   3.45013477e+02   4.17791132e-04
   3.45013966e+02   6.00180065e-04
   3.45014454e+02   4.24284954e-04
   3.45014942e+02   3.07098526e-04
   3.45015430e+02   1.56671711e-04
   3.45015919e+02  -2.56588071e-04
   3.45016407e+02  -5.25589800e-04
   3.45016895e+02  -3.87938431e-04
   3.45017384e+02  -1.03928163e-04
   3.45017872e+02   1.53873305e-04
   3.45018360e+02   1.44014397e-04
   3.45018849e+02  -2.61871231e-04
   3.45019337e+02  -5.56547719e-04
   3.45019825e+02  -2.46840355e-04
   3.45020314e+02   7.73823485e-05
   3.45020802e+02   2.34322681e-04
   3.45021290e+02   5.30604273e-04
   3.45021778e+02   5.65138063e-04
   3.45022267e+02   1.36406263e-04
   3.45022755e+02  -1.75271853e-04
   3.45023243e+02  -2.83475354e-04
   3.45023732e+02  -2.43400456e-04
   3.45024220e+02  -1.70979518e-04
   3.45024708e+02  -1.46328763e-04
   3.45025197e+02  -2.61461333e-04
   3.45025685e+02  -5.38723252e-04
   3.45026173e+02  -3.67059314e-04
   3.45026662e+02   2.43815288e-04
   3.45027150e+02   6.56959543e-04
   3.45027638e+02   6.98727206e-04
   3.45028126e+02   4.23851481e-04
   3.45028615e+02   4.22500772e-04
   3.45029103e+02   7.28326675e-04
   3.45029591e+02   5.04609256e-04
   3.45030080e+02   1.86599718e-04
   3.45030568e+02   1.07780099e-04
   3.45031056e+02  -2.23815616e-04
   3.45031545e+02  -2.48026772e-04
   3.45032033e+02   1.77133508e-04
   3.45032521e+02   1.96738561e-04
   3.45033010e+02  -3.82939616e-05
   3.45033498e+02   3.83033330e-05
   3.45033986e+02   3.66141903e-04
   3.45034474e+02   4.86353209e-04
   3.45034963e+02  -1.48080435e-05
   3.45035451e+02  -6.03077817e-04
   3.45035939e+02  -6.65343716e-04
   3.45036428e+02  -1.81266660e-04
   3.45036916e+02   2.71105731e-04
   3.45037404e+02   8.28698394e-05
   3.45037893e+02  -1.19629185e-04
   3.45038381e+02   1.43406520e-04
   3.45038869e+02   2.70328310e-04
   3.45039358e+02   1.60189098e-04
   3.45039846e+02   1.32112604e-04
   3.45040334e+02  -5.84610134e-05
   3.45040822e+02  -3.72953218e-04
   3.45041311e+02  -5.83262357e-04
   3.45041799e+02  -3.25546862e-04
   3.45042287e+02   2.45221425e-04
   3.45042776e+02   2.72858189e-04
   3.45043264e+02  -2.26892051e-04
   3.45043752e+02  -6.47215405e-04
   3.45044241e+02  -7.10392895e-04
   3.45044729e+02  -4.10663284e-04
   3.45045217e+02  -1.06182997e-04
   3.45045706e+02   2.36947191e-04
   3.45046194e+02   7.07474188e-04
   3.45046682e+02   9.08290618e-04
   3.45047171e+02   5.43717935e-04
   3.45047659e+02   4.08329797e-05
   3.45048147e+02  -1.64193247e-04
   3.45048635e+02  -1.64141718e-04
   3.45049124e+02  -3.02125191e-05
   3.45049612e+02   1.58712413e-04
   3.45050100e+02   2.24254894e-04
   3.45050589e+02   1.72344196e-04
   3.45051077e+02   4.06180625e-05
   3.45051565e+02  -1.67067425e-04
   3.45052054e+02  -2.37899774e-04
   3.45052542e+02  -2.18263249e-05
   3.45053030e+02   1.87821133e-05
   3.45053519e+02  -1.03742808e-04
   3.45054007e+02  -1.25556457e-04
   3.45054495e+02  -2.38213368e-04
   3.45054983e+02  -3.76250246e-04
   3.45055472e+02  -3.90611938e-04
   3.45055960e+02  -5.30930265e-05
   3.45056448e+02   6.99605007e-05
   3.45056937e+02   1.90906358e-05
   3.45057425e+02   2.38113804e-04
   3.45057913e+02   4.83183510e-04
   3.45058402e+02   7.33247492e-04
   3.45058890e+02   7.24295736e-04
   3.45059378e+02   5.48475655e-04
   3.45059867e+02   4.93463071e-04
   3.45060355e+02   2.53671431e-04
   3.45060843e+02  -3.05462047e-04
   3.45061331e+02  -7.51547748e-04
   3.45061820e+02  -7.00250326e-04
   3.45062308e+02  -8.26002390e-04
   3.45062796e+02  -1.19663065e-03
   3.45063285e+02  -1.07654766e-03
   3.45063773e+02  -4.48224077e-04
   3.45064261e+02  -1.27919280e-04
   3.45064750e+02  -2.07044621e-04
   3.45065238e+02  -2.26248580e-04
   3.45065726e+02  -4.09424509e-04
   3.45066215e+02  -5.79326996e-04
   3.45066703e+02  -2.50019715e-04
   3.45067191e+02  -6.43278327e-05
   3.45067679e+02  -2.91878765e-04
   3.45068168e+02  -4.52528941e-04
   3.45068656e+02  -5.47408650e-04
   3.45069144e+02  -6.51423819e-04
   3.45069633e+02  -5.18366927e-04
   3.45070121e+02  -1.49398198e-04
   3.45070609e+02   4.91980463e-05
   3.45071098e+02   9.96300660e-05
   3.45071586e+02   2.33755098e-04
   3.45072074e+02   2.34078732e-04
   3.45072563e+02   1.55781090e-04
   3.45073051e+02   2.10808521e-05
   3.45073539e+02  -3.16259626e-04
   3.45074027e+02  -5.49949997e-04
   3.45074516e+02  -4.50289634e-04
   3.45075004e+02   3.37468155e-05
   3.45075492e+02   2.77722225e-04
   3.45075981e+02   1.92507170e-04
   3.45076469e+02   1.87442609e-04
   3.45076957e+02  -1.49412386e-04
   3.45077446e+02  -1.24458456e-04
   3.45077934e+02   5.20939997e-04
   3.45078422e+02   8.86309834e-04
   3.45078911e+02   4.92738327e-04
   3.45079399e+02  -1.06681910e-04
   3.45079887e+02  -5.33895218e-06
   3.45080375e+02   6.57542201e-04
   3.45080864e+02   8.37587111e-04
   3.45081352e+02   4.17926174e-04
   3.45081840e+02   2.30549776e-04
   3.45082329e+02   6.24022621e-04
   3.45082817e+02   9.63389175e-04
   3.45083305e+02   8.36356718e-04
   3.45083794e+02   6.41116290e-04
   3.45084282e+02   5.48568496e-04
   3.45084770e+02   2.09453545e-04
   3.45085259e+02  -2.51890102e-04
   3.45085747e+02  -3.74348514e-04
   3.45086235e+02  -2.38058463e-04
   3.45086724e+02  -1.59738265e-04
   3.45087212e+02  -4.27959982e-04
   3.45087700e+02  -5.38199733e-04
   3.45088188e+02  -7.70964762e-05
   3.45088677e+02  -2.08147558e-05
   3.45089165e+02  -4.25539591e-04
   3.45089653e+02  -5.08904224e-04
   3.45090142e+02  -4.22570389e-04
   3.45090630e+02  -4.53828165e-04
   3.45091118e+02  -3.24425200e-04
   3.45091607e+02   3.45118206e-05
   3.45092095e+02   3.52464936e-04
   3.45092583e+02   4.51359490e-04
   3.45093072e+02   3.17820493e-04
   3.45093560e+02   3.67448170e-04
   3.45094048e+02   5.41940273e-04
   3.45094536e+02   2.42871058e-04
   3.45095025e+02  -9.19085942e-05
   3.45095513e+02   5.46365918e-05
   3.45096001e+02   1.69408711e-04
   3.45096490e+02  -1.75247129e-04
   3.45096978e+02  -7.02043588e-04
   3.45097466e+02  -7.28256942e-04
   3.45097955e+02  -3.70133232e-04
   3.45098443e+02  -1.47288520e-04
   3.45098931e+02   1.27477848e-04
   3.45099420e+02   2.67642288e-04
   3.45099908e+02   1.12735543e-04
   3.45100396e+02   3.07599228e-04
   3.45100884e+02   7.18972296e-04
   3.45101373e+02   4.35826223e-04
   3.45101861e+02   7.13988338e-05
   3.45102349e+02   2.19229842e-04
   3.45102838e+02   5.52181846e-05
   3.45103326e+02  -2.16810105e-04
   3.45103814e+02   2.65494145e-05
   3.45104303e+02   3.67612025e-04
   3.45104791e+02   3.73011891e-04
   3.45105279e+02   1.82536212e-04
   3.45105768e+02   3.37334204e-04
   3.45106256e+02   5.92061086e-04
   3.45106744e+02   5.56890911e-04
   3.45107232e+02   5.31838450e-04
   3.45107721e+02   4.31705208e-04
   3.45108209e+02   9.67815822e-07
   3.45108697e+02  -3.53871583e-04
   3.45109186e+02  -3.46976478e-04
   3.45109674e+02  -1.60193245e-04
   3.45110162e+02  -3.00764950e-04
   3.45110651e+02  -5.64137998e-04
   3.45111139e+02  -4.68508748e-04
   3.45111627e+02  -2.91156408e-04
   3.45112116e+02  -2.60847883e-04
   3.45112604e+02  -4.34565627e-05
   3.45113092e+02   2.28966732e-04
   3.45113580e+02   3.11532378e-04
   3.45114069e+02   4.39847732e-04
   3.45114557e+02   6.55003940e-04
   3.45115045e+02   4.94560227e-04
   3.45115534e+02   1.28845277e-04
   3.45116022e+02  -1.29167776e-04
   3.45116510e+02  -2.77899584e-04
   3.45116999e+02   8.21944632e-05
   3.45117487e+02   5.02459588e-04
   3.45117975e+02   3.53447685e-04
   3.45118464e+02   2.68922595e-04
   3.45118952e+02   2.32618142e-04
   3.45119440e+02   7.08963344e-05
   3.45119928e+02   1.71606865e-04
   3.45120417e+02   2.71614059e-04
   3.45120905e+02   1.75215449e-04
   3.45121393e+02  -9.81609483e-05
   3.45121882e+02  -4.35205380e-04
   3.45122370e+02  -3.05239198e-04
   3.45122858e+02  -4.92526524e-05
   3.45123347e+02   1.80674091e-04
   3.45123835e+02   3.29324335e-04
   3.45124323e+02   3.50330170e-04
   3.45124812e+02   4.78567585e-04
   3.45125300e+02   5.44513168e-04
   3.45125788e+02   3.23511806e-04
   3.45126277e+02   1.90454703e-05
   3.45126765e+02  -1.00003221e-04
   3.45127253e+02  -4.44967918e-05
   3.45127741e+02   1.84104458e-04
   3.45128230e+02   1.63785124e-04
   3.45128718e+02  -1.60560739e-04
   3.45129206e+02  -3.85599444e-04
   3.45129695e+02  -2.93588324e-04
   3.45130183e+02   8.31753132e-05
   3.45130671e+02   4.72338696e-04
   3.45131160e+02   5.07458986e-04
   3.45131648e+02   3.00555403e-04
   3.45132136e+02   8.32065052e-06
   3.45132625e+02  -2.80222244e-04
   3.45133113e+02  -3.14606965e-04
   3.45133601e+02   7.60766488e-06
   3.45134089e+02   2.93131627e-04
   3.45134578e+02   4.18352633e-04
   3.45135066e+02   2.93019431e-04
   3.45135554e+02   2.35336975e-05
   3.45136043e+02  -1.51559463e-04
   3.45136531e+02  -2.90197029e-04
   3.45137019e+02  -1.55044429e-04
   3.45137508e+02   8.87270435e-05
   3.45137996e+02   2.45939300e-04
   3.45138484e+02   3.39169172e-04
   3.45138973e+02   1.43508660e-04
   3.45139461e+02  -2.32424150e-04
   3.45139949e+02  -1.34041606e-04
   3.45140437e+02   2.14152082e-04
   3.45140926e+02   4.89617640e-04
   3.45141414e+02   4.98725276e-04
   3.45141902e+02   6.64158797e-05
   3.45142391e+02  -2.71072524e-04
   3.45142879e+02  -1.92044405e-04
   3.45143367e+02   3.76976859e-05
   3.45143856e+02   6.25998800e-05
   3.45144344e+02  -2.88119249e-04
   3.45144832e+02  -5.69824013e-04
   3.45145321e+02  -2.49358709e-04
   3.45145809e+02   6.51706650e-05
   3.45146297e+02  -3.41595645e-04
   3.45146785e+02  -9.16686840e-04
   3.45147274e+02  -8.18293018e-04
   3.45147762e+02  -5.72658937e-05
   3.45148250e+02   9.36119613e-05
   3.45148739e+02  -3.88738321e-04
   3.45149227e+02  -4.34058893e-04
   3.45149715e+02  -1.05775376e-04
   3.45150204e+02   1.13984352e-04
   3.45150692e+02   1.73884415e-04
   3.45151180e+02   1.60551353e-04
   3.45151669e+02   5.26654840e-05
   3.45152157e+02  -1.78302158e-04
   3.45152645e+02  -1.45290440e-04
   3.45153133e+02  -2.89600212e-05
   3.45153622e+02  -2.81825400e-04
   3.45154110e+02  -3.66433582e-04
   3.45154598e+02  -8.25821771e-05
   3.45155087e+02   4.57357855e-05
   3.45155575e+02   9.17647631e-05
   3.45156063e+02   1.09791858e-04
   3.45156552e+02  -1.20394565e-04
   3.45157040e+02  -4.26197803e-04
   3.45157528e+02  -5.76539780e-04
   3.45158017e+02  -7.17185147e-04
   3.45158505e+02  -7.14376278e-04
   3.45158993e+02  -3.73515097e-04
   3.45159481e+02  -6.91123641e-05
   3.45159970e+02  -3.33878153e-04
   3.45160458e+02  -4.84280841e-04
   3.45160946e+02   8.69608775e-05
   3.45161435e+02   5.24142350e-04
   3.45161923e+02   3.81136837e-04
   3.45162411e+02  -1.31559518e-05
   3.45162900e+02  -4.94552951e-04
   3.45163388e+02  -6.91034482e-04
   3.45163876e+02  -5.78480598e-04
   3.45164365e+02  -6.72792492e-04
   3.45164853e+02  -6.14515156e-04
   3.45165341e+02  -4.78158327e-05
   3.45165830e+02   2.62526562e-04
   3.45166318e+02   2.67515890e-04
   3.45166806e+02   3.53984855e-04
   3.45167294e+02   2.45195057e-04
   3.45167783e+02   1.35706927e-04
   3.45168271e+02   2.63320049e-04
   3.45168759e+02   2.48301396e-04
   3.45169248e+02   2.66619521e-04
   3.45169736e+02   4.31442808e-04
   3.45170224e+02   3.20945546e-04
   3.45170713e+02   1.84473902e-04
   3.45171201e+02   6.71848247e-05
   3.45171689e+02  -1.11175486e-05
   3.45172178e+02  -1.15416158e-04
   3.45172666e+02  -2.16023356e-04
   3.45173154e+02   2.71661775e-05
   3.45173642e+02   9.27615474e-05
   3.45174131e+02  -3.94835632e-04
   3.45174619e+02  -7.93090556e-04
   3.45175107e+02  -6.55627227e-04
   3.45175596e+02  -2.41761969e-04
   3.45176084e+02   1.42446719e-04
   3.45176572e+02   3.75305855e-04
   3.45177061e+02   2.86298891e-04
   3.45177549e+02   4.99951166e-05
   3.45178037e+02  -4.02747792e-05
   3.45178526e+02  -1.42392055e-05
   3.45179014e+02  -2.40193071e-06
   3.45179502e+02  -1.51991728e-04
   3.45179990e+02  -4.11167159e-04
   3.45180479e+02  -1.59399147e-04
   3.45180967e+02   2.85237620e-04
   3.45181455e+02  -6.68443172e-05
   3.45181944e+02  -6.60217367e-04
   3.45182432e+02  -5.11511811e-04
   3.45182920e+02   2.35885789e-04
   3.45183409e+02   5.42658672e-04
   3.45183897e+02   2.08703117e-04
   3.45184385e+02   1.17629934e-04
   3.45184874e+02   4.07401065e-04
   3.45185362e+02   4.08762251e-04
   3.45185850e+02   5.28418750e-05
   3.45186338e+02  -9.52905320e-05
   3.45186827e+02  -4.16543799e-06
   3.45187315e+02   1.83774886e-04
   3.45187803e+02   3.77444143e-04
   3.45188292e+02   5.61261026e-04
   3.45188780e+02   4.53978224e-04
   3.45189268e+02   1.82977557e-04
   3.45189757e+02   5.51334961e-05
   3.45190245e+02  -1.83920143e-04
   3.45190733e+02  -3.74775467e-04
   3.45191222e+02  -4.52929438e-04
   3.45191710e+02  -3.64249951e-04
   3.45192198e+02   1.41584809e-04
   3.45192686e+02   4.09906817e-04
   3.45193175e+02  -1.33051886e-04
   3.45193663e+02  -3.64722189e-04
   3.45194151e+02   3.54210119e-04
   3.45194640e+02   8.35027138e-04
   3.45195128e+02   5.47871576e-04
   3.45195616e+02   1.48693565e-04
   3.45196105e+02  -1.39492564e-04
   3.45196593e+02  -6.84651313e-04
   3.45197081e+02  -1.02051441e-03
   3.45197570e+02  -7.60038849e-04
   3.45198058e+02  -4.49699524e-04
   3.45198546e+02  -1.46384031e-04
   3.45199034e+02   4.52936045e-04
   3.45199523e+02   7.75571098e-04
   3.45200011e+02   4.75648005e-04
   3.45200499e+02  -1.09677467e-05
   3.45200988e+02  -3.61967046e-04
   3.45201476e+02  -5.83296118e-04
   3.45201964e+02  -4.40037518e-04
   3.45202453e+02  -7.94685911e-05
   3.45202941e+02  -6.26553992e-06
   3.45203429e+02  -2.33971601e-04
   3.45203918e+02  -3.67932662e-04
   3.45204406e+02  -2.33181505e-04
   3.45204894e+02  -1.50889682e-04
   3.45205383e+02  -1.89799583e-04
   3.45205871e+02  -1.22670981e-05
   3.45206359e+02   2.72171892e-04
   3.45206847e+02   2.83479079e-04
   3.45207336e+02   1.55526723e-04
   3.45207824e+02  -3.89762426e-05
   3.45208312e+02  -2.24648815e-04
   3.45208801e+02  -2.21614871e-04
   3.45209289e+02  -2.46365496e-04
   3.45209777e+02  -1.82726668e-04
   3.45210266e+02   1.30581524e-04
   3.45210754e+02   5.53671038e-04
   3.45211242e+02   5.05025033e-04
   3.45211731e+02   3.34878496e-05
   3.45212219e+02  -3.48880130e-04
   3.45212707e+02  -4.53736662e-04
   3.45213195e+02  -3.34746466e-04
   3.45213684e+02  -9.46764703e-05
   3.45214172e+02   1.50992855e-04
   3.45214660e+02   5.79965890e-05
   3.45215149e+02  -1.56678434e-04
   3.45215637e+02  -5.27863667e-05
   3.45216125e+02  -2.70468354e-05
   3.45216614e+02  -2.97336257e-04
   3.45217102e+02  -4.78400674e-04
   3.45217590e+02  -4.64258250e-04
   3.45218079e+02  -3.49384383e-04
   3.45218567e+02  -2.42895578e-04
   3.45219055e+02  -1.27701627e-04
   3.45219543e+02   9.50371395e-05
   3.45220032e+02   2.04858108e-04
   3.45220520e+02  -7.00965829e-05
   3.45221008e+02  -5.55229431e-04
   3.45221497e+02  -7.23696139e-04
   3.45221985e+02  -5.22042392e-04
   3.45222473e+02  -6.08470349e-04
   3.45222962e+02  -7.75346765e-04
   3.45223450e+02  -5.71861572e-04
   3.45223938e+02  -3.62654682e-04
   3.45224427e+02  -3.59443860e-04
   3.45224915e+02  -5.30690886e-04
   3.45225403e+02  -5.35147556e-04
   3.45225891e+02  -5.59453292e-05
   3.45226380e+02   4.32975154e-04
   3.45226868e+02   4.59438423e-04
   3.45227356e+02   2.24858959e-04
   3.45227845e+02   9.77665768e-05
   3.45228333e+02   1.18794473e-04
   3.45228821e+02   8.48108903e-05
   3.45229310e+02  -1.68016471e-04
   3.45229798e+02  -4.57498769e-04
   3.45230286e+02  -4.35120892e-04
   3.45230775e+02  -3.27853835e-04
   3.45231263e+02  -3.50842340e-04
   3.45231751e+02  -1.74393470e-04
   3.45232239e+02   2.51822465e-04
   3.45232728e+02   2.99626758e-04
   3.45233216e+02  -6.99042139e-05
   3.45233704e+02  -3.87898588e-04
   3.45234193e+02  -1.40345946e-04
   3.45234681e+02   5.15883148e-04
   3.45235169e+02   5.07403922e-04
   3.45235658e+02  -5.41585614e-05
   3.45236146e+02  -2.55220628e-04
   3.45236634e+02  -1.51104869e-05
   3.45237123e+02   3.74119700e-04
   3.45237611e+02   3.30134324e-04
   3.45238099e+02   8.28757984e-05
   3.45238587e+02   4.41625481e-04
   3.45239076e+02   6.95501803e-04
   3.45239564e+02   2.02600146e-04
   3.45240052e+02  -4.35818278e-04
   3.45240541e+02  -3.44905100e-04
   3.45241029e+02  -8.21079811e-05
   3.45241517e+02   1.74298748e-05
   3.45242006e+02   1.18087504e-04
   3.45242494e+02   2.61258218e-04
   3.45242982e+02   4.34104411e-04
   3.45243471e+02   4.60868527e-04
   3.45243959e+02   1.03901250e-04
   3.45244447e+02  -1.45834259e-04
   3.45244936e+02   7.17824223e-05
   3.45245424e+02   1.36899602e-04
   3.45245912e+02  -6.21254148e-05
   3.45246400e+02  -5.61324014e-05
   3.45246889e+02  -3.41091181e-05
   3.45247377e+02  -3.91388516e-04
   3.45247865e+02  -5.23715804e-04
   3.45248354e+02  -1.06934305e-04
   3.45248842e+02   3.36102748e-05
   3.45249330e+02  -3.69779504e-04
   3.45249819e+02  -4.83923679e-04
   3.45250307e+02  -1.28502841e-04
   3.45250795e+02   2.80503911e-04
   3.45251284e+02   5.62137284e-04
   3.45251772e+02   3.38659214e-04
   3.45252260e+02  -3.29486153e-04
   3.45252748e+02  -5.47428674e-04
   3.45253237e+02   2.88798929e-05
   3.45253725e+02   4.00368299e-04
   3.45254213e+02   1.48969790e-04
   3.45254702e+02  -6.30479408e-05
   3.45255190e+02  -1.28309825e-04
   3.45255678e+02  -3.24050605e-04
   3.45256167e+02  -2.83363479e-04
   3.45256655e+02   3.76799871e-04
   3.45257143e+02   7.14823662e-04
   3.45257632e+02   3.18325299e-04
   3.45258120e+02  -1.62183613e-04
   3.45258608e+02  -2.18157351e-04
   3.45259096e+02   5.56623309e-05
   3.45259585e+02   2.59112247e-04
   3.45260073e+02   3.38638456e-05
   3.45260561e+02  -2.34828811e-04
   3.45261050e+02  -3.00626649e-04
   3.45261538e+02  -1.45439597e-04
   3.45262026e+02   2.79318803e-04
   3.45262515e+02   4.57641552e-04
   3.45263003e+02   1.45270111e-04
   3.45263491e+02  -2.58185348e-04
   3.45263980e+02  -3.37363366e-04
   3.45264468e+02  -1.43687590e-04
   3.45264956e+02   1.95879227e-04
   3.45265444e+02   4.59571689e-04
   3.45265933e+02   4.54749534e-04
   3.45266421e+02   4.16168594e-04
   3.45266909e+02   3.48591828e-04
   3.45267398e+02   3.82298342e-04
   3.45267886e+02   5.52061945e-04
   3.45268374e+02   2.88256619e-04
   3.45268863e+02  -5.14292842e-05
   3.45269351e+02   5.09800084e-05
   3.45269839e+02  -2.95326590e-05
   3.45270328e+02  -1.75583205e-04
   3.45270816e+02  -8.75511687e-05
   3.45271304e+02   2.33056126e-04
   3.45271792e+02   5.05109609e-04
   3.45272281e+02   3.19987448e-04
   3.45272769e+02   8.20902860e-05
   3.45273257e+02  -4.72436514e-05
   3.45273746e+02  -1.81061361e-04
   3.45274234e+02  -1.85582685e-04
   3.45274722e+02  -7.13996706e-05
   3.45275211e+02  -2.99342122e-04
   3.45275699e+02  -5.86066337e-04
   3.45276187e+02  -2.44907511e-04
   3.45276676e+02   7.73815045e-05
   3.45277164e+02   1.00749799e-04
   3.45277652e+02   4.70059092e-07
   3.45278140e+02  -1.92558728e-04
   3.45278629e+02  -2.99110223e-04
   3.45279117e+02  -3.25070519e-04
   3.45279605e+02  -2.94110971e-04
   3.45280094e+02  -3.42719839e-04
   3.45280582e+02  -2.96689861e-04
   3.45281070e+02   6.81013335e-05
   3.45281559e+02   2.65199982e-04
   3.45282047e+02   2.24770367e-04
   3.45282535e+02   2.37102242e-04
   3.45283024e+02   1.17729869e-04
   3.45283512e+02   6.87644788e-05
   3.45284000e+02   1.18022719e-04
   3.45284489e+02   1.59633608e-04
   3.45284977e+02   3.17725004e-04
   3.45285465e+02   2.61067267e-04
   3.45285953e+02  -2.95132140e-05
   3.45286442e+02  -1.06863736e-04
   3.45286930e+02   1.62569643e-06
   3.45287418e+02   2.92136724e-06
   3.45287907e+02  -3.98573495e-04
   3.45288395e+02  -9.24068561e-04
   3.45288883e+02  -9.05572437e-04
   3.45289372e+02  -3.79540026e-04
   3.45289860e+02   3.39404389e-04
   3.45290348e+02   6.50587666e-04
   3.45290837e+02   4.41748183e-04
   3.45291325e+02   1.41166209e-04
   3.45291813e+02   2.36812644e-04
   3.45292301e+02   5.73486846e-04
   3.45292790e+02   3.66352469e-04
   3.45293278e+02  -7.08352527e-05
   3.45293766e+02  -3.10691103e-04
   3.45294255e+02  -4.47133119e-04
   3.45294743e+02  -2.47112912e-05
   3.45295231e+02   4.62435797e-04
   3.45295720e+02   6.10289935e-05
   3.45296208e+02  -4.07886575e-04
   3.45296696e+02  -2.70384742e-04
   3.45297185e+02  -3.96908494e-04
   3.45297673e+02  -4.30724846e-04
   3.45298161e+02  -1.73736087e-04
   3.45298649e+02  -2.88570125e-04
   3.45299138e+02  -3.82496946e-04
   3.45299626e+02   3.96240430e-05
   3.45300114e+02   2.10471291e-04
   3.45300603e+02   6.20611099e-05
   3.45301091e+02   1.52003195e-04
   3.45301579e+02   2.07661331e-04
   3.45302068e+02  -1.82161075e-05
   3.45302556e+02  -2.76200968e-04
   3.45303044e+02  -3.70679394e-04
   3.45303533e+02  -2.49875389e-04
   3.45304021e+02  -3.72561153e-05
   3.45304509e+02  -1.30251981e-04
   3.45304997e+02  -5.60327258e-04
   3.45305486e+02  -5.69594267e-04
   3.45305974e+02  -1.86585836e-04
   3.45306462e+02   1.52100838e-04
   3.45306951e+02   3.55820055e-04
   3.45307439e+02   2.66012677e-04
   3.45307927e+02   7.25262653e-05
   3.45308416e+02  -1.40531629e-04
   3.45308904e+02  -4.36201663e-04
   3.45309392e+02  -6.18649647e-04
   3.45309881e+02  -4.43563302e-04
   3.45310369e+02   2.21953487e-05
   3.45310857e+02   5.66546281e-04
   3.45311345e+02   9.09166352e-04
   3.45311834e+02   6.34849537e-04
   3.45312322e+02   8.53877573e-05
   3.45312810e+02  -2.81613437e-04
   3.45313299e+02  -4.40434873e-04
   3.45313787e+02  -4.58547263e-04
   3.45314275e+02  -1.94318171e-04
   3.45314764e+02   3.68411536e-04
   3.45315252e+02   5.14239247e-04
   3.45315740e+02   3.34376789e-04
   3.45316229e+02   4.09562490e-04
   3.45316717e+02   3.66211811e-04
   3.45317205e+02  -7.46484438e-05
   3.45317693e+02  -4.26839746e-04
   3.45318182e+02  -3.37506062e-04
   3.45318670e+02  -2.09310660e-04
   3.45319158e+02  -4.09223430e-05
   3.45319647e+02   9.18544756e-05
   3.45320135e+02  -6.77173739e-06
   3.45320623e+02  -2.34372783e-04
   3.45321112e+02  -3.15330311e-04
   3.45321600e+02  -3.61555372e-04
   3.45322088e+02  -7.49484403e-04
   3.45322577e+02  -8.34094710e-04
   3.45323065e+02  -6.35965378e-04
   3.45323553e+02  -7.43798097e-04
   3.45324042e+02  -5.85246948e-04
   3.45324530e+02  -1.75089532e-04
   3.45325018e+02  -3.69464688e-05
   3.45325506e+02   1.47763552e-04
   3.45325995e+02   4.58283961e-04
   3.45326483e+02   4.45975107e-04
   3.45326971e+02   8.48413911e-05
   3.45327460e+02  -2.35524480e-04
   3.45327948e+02  -1.44549209e-04
   3.45328436e+02   2.39524146e-04
   3.45328925e+02   4.15096292e-04
   3.45329413e+02   1.62466647e-04
   3.45329901e+02   4.45491169e-05
   3.45330390e+02   3.18428443e-04
   3.45330878e+02   6.13234937e-04
   3.45331366e+02   5.74384932e-04
   3.45331854e+02   2.48563505e-04
   3.45332343e+02   1.98741385e-04
   3.45332831e+02   4.22680372e-04
   3.45333319e+02   3.46428395e-04
   3.45333808e+02   7.46232763e-05
   3.45334296e+02  -8.46725379e-05
   3.45334784e+02  -8.15661260e-05
   3.45335273e+02  -5.28620913e-05
   3.45335761e+02  -2.12811501e-04
   3.45336249e+02  -4.16834373e-04
   3.45336738e+02  -4.42209071e-04
   3.45337226e+02  -1.77573020e-04
   3.45337714e+02   7.60347248e-05
   3.45338202e+02  -2.70998047e-04
   3.45338691e+02  -7.26117752e-04
   3.45339179e+02  -5.59127657e-04
   3.45339667e+02  -2.65750889e-04
   3.45340156e+02   2.21447044e-05
   3.45340644e+02   5.53202932e-04
   3.45341132e+02   6.87647436e-04
   3.45341621e+02   4.67567850e-04
   3.45342109e+02   3.76697892e-04
   3.45342597e+02   1.33597598e-04
   3.45343086e+02  -8.88342547e-05
   3.45343574e+02  -1.06824933e-04
   3.45344062e+02  -1.14812217e-04
   3.45344550e+02  -2.35391504e-04
   3.45345039e+02  -5.30348043e-04
   3.45345527e+02  -7.31489854e-04
   3.45346015e+02  -5.10765880e-04
   3.45346504e+02  -1.31482171e-04
   3.45346992e+02   2.34984982e-04
   3.45347480e+02   4.55377274e-04
   3.45347969e+02   2.70242512e-04
   3.45348457e+02  -1.77701295e-04
   3.45348945e+02  -1.98834648e-04
   3.45349434e+02   1.95313682e-04
   3.45349922e+02   3.85002699e-04
   3.45350410e+02   2.41970105e-04
   3.45350898e+02  -1.40000819e-04
   3.45351387e+02  -4.23090183e-04
   3.45351875e+02  -2.92945886e-04
   3.45352363e+02  -5.37852648e-05
   3.45352852e+02   5.92807482e-05
   3.45353340e+02   1.53662957e-04
   3.45353828e+02  -2.93568701e-05
   3.45354317e+02  -2.98624916e-04
   3.45354805e+02  -3.40204861e-04
   3.45355293e+02  -1.33424721e-04
   3.45355782e+02  -2.50231483e-06
   3.45356270e+02   2.13431704e-05
   3.45356758e+02   1.92407810e-04
   3.45357246e+02   4.41760028e-04
   3.45357735e+02   3.78348253e-04
   3.45358223e+02   1.37902942e-04
   3.45358711e+02   2.58651184e-04
   3.45359200e+02   5.96080325e-04
   3.45359688e+02   5.59271895e-04
   3.45360176e+02   6.75213741e-05
   3.45360665e+02  -2.98603671e-04
   3.45361153e+02  -3.49506096e-04
   3.45361641e+02  -2.12427141e-04
   3.45362130e+02   1.02957085e-04
   3.45362618e+02   2.00200273e-04
   3.45363106e+02  -5.38959684e-05
   3.45363595e+02  -1.90103921e-04
   3.45364083e+02   7.71253181e-05
   3.45364571e+02   2.47350283e-04
   3.45365059e+02   4.87131801e-05
   3.45365548e+02   4.58529667e-06
   3.45366036e+02  -2.11666091e-04
   3.45366524e+02  -5.16858301e-04
   3.45367013e+02  -3.25164321e-04
   3.45367501e+02  -1.44871316e-04
   3.45367989e+02  -3.80096790e-05
   3.45368478e+02   1.90302198e-05
   3.45368966e+02   1.50425985e-04
   3.45369454e+02   3.97308992e-04
   3.45369943e+02   1.72102184e-04
   3.45370431e+02  -2.81793218e-05
   3.45370919e+02   2.83356349e-04
   3.45371407e+02   3.29800911e-04
   3.45371896e+02   1.51257584e-04
   3.45372384e+02   1.51268396e-04
   3.45372872e+02   1.31791166e-04
   3.45373361e+02   1.93106825e-05
   3.45373849e+02  -2.28656718e-04
   3.45374337e+02  -2.49052478e-04
   3.45374826e+02   1.64118737e-05
   3.45375314e+02   3.73476098e-04
   3.45375802e+02   6.44044601e-04
   3.45376291e+02   7.09528045e-04
   3.45376779e+02   6.13361306e-04
   3.45377267e+02   1.07419961e-04
   3.45377755e+02  -4.48325591e-04
   3.45378244e+02  -5.14892861e-04
   3.45378732e+02  -2.20224290e-04
   3.45379220e+02   1.11706147e-04
   3.45379709e+02   1.48098217e-04
   3.45380197e+02   2.34364663e-04
   3.45380685e+02   2.39416098e-04
   3.45381174e+02   8.35578760e-07
   3.45381662e+02   6.32146257e-05
   3.45382150e+02   2.40697518e-05
   3.45382639e+02  -2.94185767e-04
   3.45383127e+02  -1.86445919e-04
   3.45383615e+02  -1.76320886e-04
   3.45384103e+02  -5.70943637e-04
   3.45384592e+02  -6.28638780e-04
   3.45385080e+02  -5.00063703e-04
   3.45385568e+02  -4.77631402e-04
   3.45386057e+02  -3.20769963e-04
   3.45386545e+02  -3.13987562e-06
   3.45387033e+02   9.73394417e-05
   3.45387522e+02  -2.42531183e-04
   3.45388010e+02  -5.08840545e-04
   3.45388498e+02  -1.61283460e-04
   3.45388987e+02   4.05679340e-04
   3.45389475e+02   5.01944742e-04
   3.45389963e+02   2.18082962e-04
   3.45390451e+02   8.08882614e-05
   3.45390940e+02   1.43988160e-04
   3.45391428e+02   2.01199728e-04
   3.45391916e+02   5.34925552e-04
   3.45392405e+02   6.63662096e-04
   3.45392893e+02  -1.44665080e-06
   3.45393381e+02  -5.77948813e-04
   3.45393870e+02  -3.55259050e-04
   3.45394358e+02  -5.93446130e-05
   3.45394846e+02  -2.68826145e-04
   3.45395335e+02  -4.56712791e-04
   3.45395823e+02  -3.75376985e-04
   3.45396311e+02  -1.29729975e-04
   3.45396799e+02   7.12006804e-05
   3.45397288e+02   6.33779928e-05
   3.45397776e+02  -5.60404169e-06
   3.45398264e+02  -1.74458721e-04
   3.45398753e+02  -2.96523824e-04
   3.45399241e+02  -2.40133886e-04
   3.45399729e+02   3.08405906e-05
   3.45400218e+02   4.57357412e-04
   3.45400706e+02   4.68711107e-04
   3.45401194e+02  -8.57661798e-05
   3.45401683e+02  -4.24989092e-04
   3.45402171e+02  -2.59352033e-04
   3.45402659e+02   1.06318352e-04
   3.45403147e+02   3.64954612e-04
   3.45403636e+02   4.32443514e-04
   3.45404124e+02   1.51180386e-04
   3.45404612e+02  -4.56036287e-05
   3.45405101e+02   1.94737251e-04
   3.45405589e+02   2.12621526e-04
   3.45406077e+02  -6.92844769e-05
   3.45406566e+02  -3.01538123e-04
   3.45407054e+02  -2.67776864e-04
   3.45407542e+02  -2.75642124e-05
   3.45408031e+02  -2.96019989e-05
   3.45408519e+02  -4.42308199e-04
   3.45409007e+02  -8.43201822e-04
   3.45409496e+02  -9.63145576e-04
   3.45409984e+02  -8.90082913e-04
   3.45410472e+02  -8.67311668e-04
   3.45410960e+02  -6.20633480e-04
   3.45411449e+02  -6.25774774e-05
   3.45411937e+02   8.65191614e-05
   3.45412425e+02   1.38687756e-04
   3.45412914e+02   3.49727692e-04
   3.45413402e+02   3.98499862e-04
   3.45413890e+02   3.06755654e-04
   3.45414379e+02  -1.11729141e-05
   3.45414867e+02  -5.28621895e-04
   3.45415355e+02  -5.81549597e-04
   3.45415844e+02  -3.78166122e-04
   3.45416332e+02  -4.64325305e-04
   3.45416820e+02  -6.16696896e-04
   3.45417308e+02  -5.83318702e-04
   3.45417797e+02  -4.93545434e-04
   3.45418285e+02  -3.50766204e-04
   3.45418773e+02   8.47150150e-05
   3.45419262e+02   3.55447177e-04
   3.45419750e+02   2.18543690e-04
   3.45420238e+02  -1.10488154e-05
   3.45420727e+02  -2.25655283e-04
   3.45421215e+02  -2.43811926e-04
   3.45421703e+02   1.44072357e-04
   3.45422192e+02   2.99203995e-04
   3.45422680e+02   1.67431554e-05
   3.45423168e+02   1.70946660e-04
   3.45423656e+02   2.77590123e-04
   3.45424145e+02   1.23939099e-04
   3.45424633e+02   6.51723749e-05
   3.45425121e+02  -2.41049405e-04
   3.45425610e+02  -3.70448717e-04
   3.45426098e+02   2.26269949e-05
   3.45426586e+02   2.37672066e-04
   3.45427075e+02   1.77302223e-04
   3.45427563e+02   3.23569955e-04
   3.45428051e+02   3.31418938e-04
   3.45428540e+02   1.50404576e-05
   3.45429028e+02  -7.41932818e-05
   3.45429516e+02   2.15516251e-04
   3.45430004e+02   4.31235589e-04
   3.45430493e+02   1.35851456e-04
   3.45430981e+02  -9.97757597e-05
   3.45431469e+02  -4.52220156e-05
   3.45431958e+02  -3.12416931e-04
   3.45432446e+02  -4.09081986e-04
   3.45432934e+02  -3.09964598e-05
   3.45433423e+02   1.12777481e-04
   3.45433911e+02  -1.09259723e-04
   3.45434399e+02   4.98437512e-05
   3.45434888e+02   5.25806332e-04
   3.45435376e+02   4.21013945e-04
   3.45435864e+02  -1.18681615e-04
   3.45436352e+02  -2.99039326e-04
   3.45436841e+02  -2.63402791e-04
   3.45437329e+02  -2.44199560e-04
   3.45437817e+02  -2.50116165e-04
   3.45438306e+02  -3.48677509e-04
   3.45438794e+02  -2.45316100e-04
   3.45439282e+02   1.91961168e-04
   3.45439771e+02   1.92697451e-04
   3.45440259e+02  -2.13609761e-04
   3.45440747e+02  -2.00615788e-04
   3.45441236e+02   1.38694268e-05
   3.45441724e+02   1.04120030e-04
   3.45442212e+02   5.44105387e-05
   3.45442700e+02   4.48271967e-05
   3.45443189e+02   1.72239888e-04
   3.45443677e+02   2.72950012e-04
   3.45444165e+02   1.38097777e-04
   3.45444654e+02  -2.06840763e-04
   3.45445142e+02  -4.10460605e-04
   3.45445630e+02  -6.07827387e-04
   3.45446119e+02  -8.51327553e-04
   3.45446607e+02  -8.28885997e-04
   3.45447095e+02  -4.30868415e-04
   3.45447584e+02  -1.18733544e-04
   3.45448072e+02  -1.90683204e-05
   3.45448560e+02  -2.07461650e-04
   3.45449049e+02  -4.60876880e-04
   3.45449537e+02  -1.91997082e-04
   3.45450025e+02   2.76905048e-04
   3.45450513e+02   2.49708566e-04
   3.45451002e+02  -1.58400526e-05
   3.45451490e+02  -1.11103334e-04
   3.45451978e+02  -8.67234121e-06
   3.45452467e+02  -7.62554118e-05
   3.45452955e+02  -3.06299102e-04
   3.45453443e+02  -3.40477680e-04
   3.45453932e+02  -5.06085926e-04
   3.45454420e+02  -6.65029802e-04
   3.45454908e+02  -4.73343098e-04
   3.45455397e+02  -3.46945628e-04
   3.45455885e+02  -4.47204278e-04
   3.45456373e+02  -4.92646825e-04
   3.45456861e+02  -1.90238134e-04
   3.45457350e+02   7.58998140e-05
   3.45457838e+02   2.00014751e-04
   3.45458326e+02   2.20315167e-04
   3.45458815e+02  -2.11144405e-04
   3.45459303e+02  -7.20424519e-04
   3.45459791e+02  -7.40915712e-04
   3.45460280e+02  -3.74397670e-04
   3.45460768e+02  -1.03743398e-04
   3.45461256e+02  -1.32405359e-04
   3.45461745e+02  -2.50622164e-04
   3.45462233e+02  -2.31588128e-04
   3.45462721e+02  -3.39978869e-05
   3.45463209e+02   4.51537810e-04
   3.45463698e+02   8.73821788e-04
   3.45464186e+02   9.02539410e-04
   3.45464674e+02   4.74596396e-04
   3.45465163e+02   6.73338072e-05
   3.45465651e+02  -1.83017619e-04
   3.45466139e+02  -4.58230672e-04
   3.45466628e+02  -5.50664554e-04
   3.45467116e+02  -6.66182197e-04
   3.45467604e+02  -7.78377638e-04
   3.45468093e+02  -5.42189111e-04
   3.45468581e+02  -2.59751629e-04
   3.45469069e+02  -2.16165688e-04
   3.45469557e+02   1.61957767e-04
   3.45470046e+02   7.73296342e-04
   3.45470534e+02   6.93880895e-04
   3.45471022e+02   1.83063254e-04
   3.45471511e+02   1.29598993e-05
   3.45471999e+02  -1.65388963e-04
   3.45472487e+02  -5.54081227e-04
   3.45472976e+02  -1.76137750e-04
   3.45473464e+02   7.73565989e-05
   3.45473952e+02   4.49312647e-05
   3.45474441e+02   3.84649757e-05
   3.45474929e+02  -2.70054061e-05
   3.45475417e+02   1.35911541e-04
   3.45475905e+02   3.98712611e-04
   3.45476394e+02   3.49264155e-04
   3.45476882e+02   3.34668002e-04
   3.45477370e+02   4.68427606e-04
   3.45477859e+02   3.60440230e-04
   3.45478347e+02  -1.67936869e-05
   3.45478835e+02  -3.50717804e-04
   3.45479324e+02  -2.51103251e-04
   3.45479812e+02   1.61271510e-05
   3.45480300e+02   1.42480130e-04
   3.45480789e+02   2.45707226e-04
   3.45481277e+02   1.72474611e-04
   3.45481765e+02   7.28245941e-05
   3.45482253e+02   3.99938464e-04
   3.45482742e+02   6.73557108e-04
   3.45483230e+02   4.75720764e-04
   3.45483718e+02   3.04730434e-04
   3.45484207e+02  -2.98330069e-05
   3.45484695e+02  -2.80761044e-04
   3.45485183e+02   1.52361055e-04
   3.45485672e+02   4.16479510e-04
   3.45486160e+02   2.16855158e-04
   3.45486648e+02   3.34907265e-04
   3.45487137e+02   5.35999483e-04
   3.45487625e+02   2.48220051e-04
   3.45488113e+02  -2.45742674e-04
   3.45488602e+02  -1.98815411e-04
   3.45489090e+02   2.23722411e-04
   3.45489578e+02   2.34028470e-04
   3.45490066e+02  -1.03620128e-04
   3.45490555e+02  -1.44616148e-04
   3.45491043e+02  -2.98160849e-05
   3.45491531e+02   1.36584436e-04
   3.45492020e+02   4.08127467e-04
   3.45492508e+02   4.12570516e-04
   3.45492996e+02   3.04073910e-04
   3.45493485e+02   1.03112747e-04
   3.45493973e+02  -3.79274774e-04
   3.45494461e+02  -4.37097362e-04
   3.45494950e+02   2.30267906e-05
   3.45495438e+02   3.93916562e-04
   3.45495926e+02   7.25973514e-04
   3.45496414e+02   6.77106204e-04
   3.45496903e+02  -7.62428899e-05
   3.45497391e+02  -7.05985003e-04
   3.45497879e+02  -6.48446032e-04
   3.45498368e+02  -3.86554806e-04
   3.45498856e+02  -1.68014711e-04
   3.45499344e+02   3.42735526e-04
   3.45499833e+02   5.17217442e-04
   3.45500321e+02   1.61991993e-04
   3.45500809e+02   5.16303735e-05
   3.45501298e+02   3.23745962e-06
   3.45501786e+02   9.10907183e-05
   3.45502274e+02   4.15351999e-04
   3.45502762e+02   2.83519214e-04
   3.45503251e+02   3.23482345e-05
   3.45503739e+02  -1.55848174e-04
   3.45504227e+02  -2.02406489e-04
   3.45504716e+02   5.62825735e-05
   3.45505204e+02   4.61686941e-05
   3.45505692e+02  -1.55017522e-04
   3.45506181e+02  -3.15343059e-04
   3.45506669e+02  -7.11736677e-04
   3.45507157e+02  -7.36677612e-04
   3.45507646e+02  -2.45216506e-04
   3.45508134e+02   1.54562178e-04
   3.45508622e+02   4.91025159e-04
   3.45509110e+02   6.45528955e-04
   3.45509599e+02   4.58400726e-04
   3.45510087e+02   1.53197019e-04
   3.45510575e+02  -9.68579916e-05
   3.45511064e+02  -4.23865276e-04
   3.45511552e+02  -4.63663862e-04
   3.45512040e+02  -7.81451381e-05
   3.45512529e+02   3.03305045e-04
   3.45513017e+02   3.38553102e-04
   3.45513505e+02   1.40386401e-04
   3.45513994e+02   1.44019214e-04
   3.45514482e+02   2.80281674e-04
   3.45514970e+02   1.64751880e-04
   3.45515458e+02   1.41488281e-05
   3.45515947e+02  -6.82535247e-05
   3.45516435e+02   1.40400502e-04
   3.45516923e+02   4.78879403e-04
   3.45517412e+02   4.54148161e-04
   3.45517900e+02   2.62168585e-04
   3.45518388e+02   4.76890054e-05
   3.45518877e+02  -3.24807246e-04
   3.45519365e+02  -2.42499955e-04
   3.45519853e+02   2.52236088e-04
   3.45520342e+02   4.36974544e-04
   3.45520830e+02   3.77399905e-04
   3.45521318e+02   2.90031836e-04
   3.45521806e+02   1.67200080e-04
   3.45522295e+02   2.63949041e-05
   3.45522783e+02  -8.42817099e-05
   3.45523271e+02   1.17597730e-04
   3.45523760e+02   3.58566205e-04
   3.45524248e+02  -2.07747962e-05
   3.45524736e+02  -3.95564071e-04
   3.45525225e+02  -1.68900937e-04
   3.45525713e+02   3.50023674e-06
   3.45526201e+02   1.76533631e-05
   3.45526690e+02  -9.62754639e-05
   3.45527178e+02  -1.30942382e-04
   3.45527666e+02  -2.62985268e-04
   3.45528155e+02  -2.07879348e-04
   3.45528643e+02  -4.60907264e-04
   3.45529131e+02  -2.39298664e-04
   3.45529619e+02   1.61486410e-03
   3.45530108e+02   6.15302380e-03
   3.45530596e+02   1.57448277e-02
   3.45531084e+02   2.94568185e-02
   3.45531573e+02   3.93960848e-02
   3.45532061e+02   2.94929352e-02
   3.45532549e+02   1.29752550e-02
   3.45533038e+02   1.28382687e-02
   3.45533526e+02   1.29741542e-02
   3.45534014e+02   1.58839151e-02
   3.45534503e+02   1.95489097e-02
   3.45534991e+02   2.33016349e-02
   3.45535479e+02   1.96207855e-02
   3.45535967e+02   2.30427403e-02
   3.45536456e+02   1.94871295e-02
   3.45536944e+02   2.74183806e-02
   3.45537432e+02   3.79773788e-02
   3.45537921e+02   5.19737042e-02
   3.45538409e+02   6.73462451e-02
   3.45538897e+02   9.62881520e-02
   3.45539386e+02   1.26550585e-01
   3.45539874e+02   1.92939520e-01
   3.45540362e+02   2.63815463e-01
   3.45540851e+02   2.72541821e-01
   3.45541339e+02   2.69932300e-01
   3.45541827e+02   2.58509606e-01
   3.45542315e+02   2.23308608e-01
   3.45542804e+02   1.74877018e-01
   3.45543292e+02   1.27104193e-01
   3.45543780e+02   8.77502710e-02
   3.45544269e+02   5.89976944e-02
   3.45544757e+02   3.81239429e-02
   3.45545245e+02   2.45894846e-02
   3.45545734e+02   1.54553298e-02
   3.45546222e+02   8.81994609e-03
   3.45546710e+02   4.97860042e-03
   3.45547199e+02   3.31706833e-03
   3.45547687e+02   2.39868718e-03
   3.45548175e+02   1.73865131e-03
   3.45548663e+02   1.13109802e-03
   3.45549152e+02   7.94565305e-04
   3.45549640e+02   6.04978239e-04
   3.45550128e+02   1.68479368e-04
   3.45550617e+02   6.35192919e-05
   3.45551105e+02   1.60906275e-04
   3.45551593e+02   5.15919637e-05
   3.45552082e+02   3.07508817e-05
   3.45552570e+02   1.48926323e-04
   3.45553058e+02   1.63175107e-04
   3.45553547e+02   8.38900814e-05
   3.45554035e+02   2.73243404e-06
   3.45554523e+02   2.16250963e-04
   3.45555011e+02   1.53702742e-04
   3.45555500e+02   1.82125936e-04
   3.45555988e+02   7.17320363e-04
   3.45556476e+02   8.98789440e-04
   3.45556965e+02   4.31993452e-04
   3.45557453e+02   2.25330936e-04
   3.45557941e+02   1.68731771e-04
   3.45558430e+02  -1.40622680e-04
   3.45558918e+02  -2.08863043e-04
   3.45559406e+02   1.22928308e-04
   3.45559895e+02   1.39066688e-04
   3.45560383e+02  -2.11450009e-04
   3.45560871e+02  -1.10633249e-04
   3.45561359e+02   1.99977643e-04
   3.45561848e+02   4.62531345e-04
   3.45562336e+02   5.31392521e-04
   3.45562824e+02   2.58369866e-04
   3.45563313e+02   1.37450479e-04
   3.45563801e+02   3.04364192e-04
   3.45564289e+02   3.20076884e-04
   3.45564778e+02   3.18434380e-04
   3.45565266e+02   5.82350011e-04
   3.45565754e+02   7.58395181e-04
   3.45566243e+02   4.83066950e-04
   3.45566731e+02   2.56172643e-04
   3.45567219e+02   4.35690308e-04
   3.45567708e+02   6.77869597e-04
   3.45568196e+02   7.26484694e-04
   3.45568684e+02   4.51642642e-04
   3.45569172e+02   1.52222667e-04
   3.45569661e+02   1.76895701e-04
   3.45570149e+02   3.62843217e-04
   3.45570637e+02   4.32569534e-04
   3.45571126e+02   2.89360702e-04
   3.45571614e+02  -3.96676151e-05
   3.45572102e+02  -1.32983885e-04
   3.45572591e+02   2.88701249e-05
   3.45573079e+02  -8.86126509e-06
   3.45573567e+02  -8.09932681e-05
   3.45574056e+02   2.82532041e-04
   3.45574544e+02   5.67614625e-04
   3.45575032e+02   4.46626596e-04
   3.45575520e+02   6.80600468e-04
   3.45576009e+02   9.85634746e-04
   3.45576497e+02   7.50269741e-04
   3.45576985e+02   6.05131092e-04
   3.45577474e+02   4.16015537e-04
   3.45577962e+02   5.55230727e-05
   3.45578450e+02   2.51359088e-05
   3.45578939e+02   3.40743165e-04
   3.45579427e+02   6.34612807e-04
   3.45579915e+02   5.46640542e-04
   3.45580404e+02   2.41974485e-04
   3.45580892e+02   1.50016669e-04
   3.45581380e+02   1.77449401e-04
   3.45581868e+02  -6.58209774e-06
   3.45582357e+02  -1.82844276e-04
   3.45582845e+02  -8.28156481e-05
   3.45583333e+02   1.46014514e-04
   3.45583822e+02   2.84744485e-04
   3.45584310e+02   2.70887511e-04
   3.45584798e+02   1.63541292e-04
   3.45585287e+02   3.47134745e-04
   3.45585775e+02   6.61005965e-04
   3.45586263e+02   6.62649923e-04
   3.45586752e+02   6.41950232e-04
   3.45587240e+02   6.11177238e-04
   3.45587728e+02   2.48078548e-04
   3.45588216e+02  -9.95515875e-05
   3.45588705e+02  -1.35485810e-04
   3.45589193e+02  -1.90066785e-04
   3.45589681e+02   2.63793299e-05
   3.45590170e+02   2.47867167e-04
   3.45590658e+02   4.10177774e-04
   3.45591146e+02  -3.31997071e-05
   3.45591635e+02  -5.54398866e-04
   3.45592123e+02  -5.61296591e-04
   3.45592611e+02  -2.36754568e-04
   3.45593100e+02   8.35075116e-05
   3.45593588e+02   7.04371996e-05
   3.45594076e+02  -5.48662283e-05
   3.45594564e+02   3.32498421e-05
   3.45595053e+02  -6.62282182e-05
   3.45595541e+02  -2.57396721e-04
   3.45596029e+02  -2.33833431e-04
   3.45596518e+02  -1.54819412e-04
   3.45597006e+02   1.99553369e-06
   3.45597494e+02   1.01080441e-04
   3.45597983e+02   3.37309139e-05
   3.45598471e+02  -1.82316180e-05
   3.45598959e+02  -5.56074738e-05
   3.45599448e+02  -7.82746210e-05
   3.45599936e+02   1.36229413e-04
   3.45600424e+02   4.59507981e-04
   3.45600912e+02   3.37794336e-04
   3.45601401e+02   3.92886504e-05
   3.45601889e+02   7.61916526e-05
   3.45602377e+02   2.62230897e-04
   3.45602866e+02   2.42057606e-04
   3.45603354e+02  -1.16335323e-04
   3.45603842e+02  -2.55946652e-04
   3.45604331e+02   1.94765453e-05
   3.45604819e+02   2.88961717e-04
   3.45605307e+02   3.67563131e-04
   3.45605796e+02   4.34984715e-04
   3.45606284e+02   2.03536096e-04
   3.45606772e+02  -2.16641420e-04
   3.45607261e+02  -1.88236998e-04
   3.45607749e+02   1.09567831e-04
   3.45608237e+02   3.33669072e-04
   3.45608725e+02   3.57292796e-04
   3.45609214e+02   3.48435104e-04
   3.45609702e+02   3.18058621e-04
   3.45610190e+02  -3.89027482e-05
   3.45610679e+02  -4.74021013e-04
   3.45611167e+02  -5.99686755e-04
   3.45611655e+02  -4.55242727e-04
   3.45612144e+02  -2.99496140e-04
   3.45612632e+02  -4.11684625e-04
   3.45613120e+02  -1.54445574e-04
   3.45613609e+02   4.77102905e-04
   3.45614097e+02   6.34608907e-04
   3.45614585e+02   3.34127981e-04
   3.45615073e+02   9.36792203e-05
   3.45615562e+02   9.85808801e-05
   3.45616050e+02   8.53679812e-05
   3.45616538e+02   1.20660894e-04
   3.45617027e+02   4.02838341e-04
   3.45617515e+02   5.98568178e-04
   3.45618003e+02   4.68935294e-04
   3.45618492e+02   7.90388222e-05
   3.45618980e+02   6.48065998e-06
   3.45619468e+02   3.37816193e-04
   3.45619957e+02   4.11861140e-04
   3.45620445e+02   3.02800909e-04
   3.45620933e+02   1.82368880e-04
   3.45621421e+02   1.58136419e-04
   3.45621910e+02   1.70093044e-04
   3.45622398e+02   2.73733895e-05
   3.45622886e+02  -9.45060601e-05
   3.45623375e+02   1.24395301e-04
   3.45623863e+02   2.59590539e-04
   3.45624351e+02  -1.03534112e-04
   3.45624840e+02  -3.58243444e-04
   3.45625328e+02  -2.83166737e-04
   3.45625816e+02  -1.59204908e-04
   3.45626305e+02  -1.21092751e-04
   3.45626793e+02  -3.07471404e-04
   3.45627281e+02  -5.18626592e-04
   3.45627769e+02  -3.50163114e-04
   3.45628258e+02   1.02906568e-04
   3.45628746e+02   1.67503385e-04
   3.45629234e+02  -3.23634158e-04
   3.45629723e+02  -3.48572998e-04
   3.45630211e+02   1.32027359e-04
   3.45630699e+02   4.36694427e-05
   3.45631188e+02  -2.45738804e-04
   3.45631676e+02  -8.16079846e-05
   3.45632164e+02   3.88657849e-04
   3.45632653e+02   5.61971974e-04
   3.45633141e+02   8.65909751e-05
   3.45633629e+02  -1.71259191e-04
   3.45634117e+02   3.62432911e-05
   3.45634606e+02   7.35675931e-05
   3.45635094e+02  -1.12755197e-05
   3.45635582e+02   5.89619276e-06
   3.45636071e+02   1.21426296e-04
   3.45636559e+02   1.49828847e-04
   3.45637047e+02   7.33577326e-05
   3.45637536e+02   1.30246612e-04
   3.45638024e+02   1.55848302e-05
   3.45638512e+02  -5.80127453e-05
   3.45639001e+02   1.19610289e-04
   3.45639489e+02   5.83558904e-05
   3.45639977e+02  -8.17577256e-06
   3.45640465e+02   2.63939473e-05
   3.45640954e+02   9.90549015e-05
   3.45641442e+02   4.95773216e-04
   3.45641930e+02   7.14635476e-04
   3.45642419e+02   5.69734606e-04
   3.45642907e+02   2.64124072e-04
   3.45643395e+02   1.80599833e-04
   3.45643884e+02   5.16489381e-04
   3.45644372e+02   5.31712314e-04
   3.45644860e+02   8.08527402e-05
   3.45645349e+02  -2.27085635e-04
   3.45645837e+02  -1.67307633e-04
   3.45646325e+02   4.32541041e-04
   3.45646814e+02   1.05225656e-03
   3.45647302e+02   8.11339240e-04
   3.45647790e+02   1.88103950e-04
   3.45648278e+02  -7.47782451e-06
   3.45648767e+02   1.11076450e-04
   3.45649255e+02  -6.59573852e-05
   3.45649743e+02  -1.72592700e-04
   3.45650232e+02  -1.87441707e-04
   3.45650720e+02  -1.73434702e-04
   3.45651208e+02   6.73567920e-05
   3.45651697e+02   1.16536467e-04
   3.45652185e+02   1.22196696e-04
   3.45652673e+02   4.41181357e-04
   3.45653162e+02   4.11264016e-04
   3.45653650e+02   1.50685655e-05
   3.45654138e+02  -3.05030466e-04
   3.45654626e+02  -3.70510097e-04
   3.45655115e+02  -3.31491756e-04
   3.45655603e+02  -5.48636366e-04
   3.45656091e+02  -5.59181208e-04
   3.45656580e+02  -2.89528125e-05
   3.45657068e+02   3.40900559e-04
   3.45657556e+02   8.68491843e-05
   3.45658045e+02  -7.42967386e-05
   3.45658533e+02   1.57450093e-04
   3.45659021e+02   3.71373957e-04
   3.45659510e+02   3.58845136e-04
   3.45659998e+02   2.67398776e-04
   3.45660486e+02   3.04218062e-04
   3.45660974e+02   8.34051025e-05
   3.45661463e+02  -2.94891244e-04
   3.45661951e+02  -2.61882436e-04
   3.45662439e+02  -7.12247202e-05
   3.45662928e+02   1.20366982e-04
   3.45663416e+02   6.16709804e-05
   3.45663904e+02  -1.67934166e-04
   3.45664393e+02  -1.29208784e-04
   3.45664881e+02  -2.05899050e-04
   3.45665369e+02  -6.53011259e-04
   3.45665858e+02  -7.78780552e-04
   3.45666346e+02  -3.97955038e-04
   3.45666834e+02  -4.30079876e-04
   3.45667322e+02  -6.00523665e-04
   3.45667811e+02  -7.08641892e-05
   3.45668299e+02   5.48886193e-04
   3.45668787e+02   4.19890508e-04
   3.45669276e+02   1.23831094e-04
   3.45669764e+02   2.02085808e-04
   3.45670252e+02   1.98280904e-04
   3.45670741e+02   3.01190274e-04
   3.45671229e+02   6.42601750e-04
   3.45671717e+02   5.77993575e-04
   3.45672206e+02   3.33057687e-04
   3.45672694e+02   1.71147112e-04
   3.45673182e+02  -8.02832001e-05
   3.45673670e+02   4.39727010e-05
   3.45674159e+02   4.91093087e-04
   3.45674647e+02   5.11045859e-04
   3.45675135e+02   9.95920273e-05
   3.45675624e+02  -2.65636394e-04
   3.45676112e+02  -2.49395060e-04
   3.45676600e+02   2.01712755e-04
   3.45677089e+02   5.82638429e-04
   3.45677577e+02   7.22607423e-04
   3.45678065e+02   9.15204699e-04
   3.45678554e+02   6.63272163e-04
   3.45679042e+02   4.37933022e-06
   3.45679530e+02  -3.15694488e-04
   3.45680018e+02  -1.89380051e-04
   3.45680507e+02   2.01561823e-04
   3.45680995e+02   4.66540572e-04
   3.45681483e+02   4.33015783e-04
   3.45681972e+02   2.54193554e-04
   3.45682460e+02   2.05921751e-05
   3.45682948e+02  -2.79089836e-05
   3.45683437e+02   1.99735314e-05
   3.45683925e+02   9.71902555e-05
   3.45684413e+02   4.27035266e-04
   3.45684902e+02   6.71309477e-04
   3.45685390e+02   7.04466889e-04
   3.45685878e+02   5.16650151e-04
   3.45686367e+02   1.63164950e-04
   3.45686855e+02   1.30079585e-04
   3.45687343e+02   2.45624979e-04
   3.45687831e+02   8.98673097e-05
   3.45688320e+02   5.91677199e-05
   3.45688808e+02   2.61936046e-04
   3.45689296e+02   4.19933029e-04
   3.45689785e+02   5.38437511e-04
   3.45690273e+02   6.18866878e-04
   3.45690761e+02   3.70752852e-04
   3.45691250e+02  -1.56054070e-04
   3.45691738e+02  -3.23383254e-04
   3.45692226e+02  -7.22220575e-05
   3.45692715e+02  -4.96260582e-05
   3.45693203e+02  -2.56776664e-04
   3.45693691e+02  -1.67022721e-04
   3.45694179e+02  -7.34882633e-05
   3.45694668e+02  -1.66415528e-04
   3.45695156e+02  -2.20037837e-05
   3.45695644e+02   2.69367709e-04
   3.45696133e+02   4.88355348e-04
   3.45696621e+02   4.61570453e-04
   3.45697109e+02   3.40864644e-04
   3.45697598e+02   3.19081824e-04
   3.45698086e+02   4.17847448e-04
   3.45698574e+02   4.11825866e-04
   3.45699063e+02   4.31623135e-04
   3.45699551e+02   6.01841195e-04
   3.45700039e+02   5.11883351e-04
   3.45700527e+02   1.67168459e-04
   3.45701016e+02   5.72465433e-06
   3.45701504e+02   3.36055964e-04
   3.45701992e+02   5.94491779e-04
   3.45702481e+02   2.22297560e-04
   3.45702969e+02   5.23162016e-05
   3.45703457e+02  -3.13233681e-06
   3.45703946e+02  -2.20920745e-04
   3.45704434e+02  -1.53119952e-04
   3.45704922e+02  -1.64881974e-04
   3.45705411e+02  -2.28399236e-04
   3.45705899e+02  -7.22566911e-05
   3.45706387e+02  -1.29164517e-04
   3.45706875e+02  -6.35735050e-04
   3.45707364e+02  -5.54052007e-04
   3.45707852e+02  -1.82648859e-04
   3.45708340e+02   2.79664964e-04
   3.45708829e+02   4.86509758e-04
   3.45709317e+02   3.27418296e-04
   3.45709805e+02   4.58993716e-04
   3.45710294e+02   5.18798595e-04
   3.45710782e+02   1.62192227e-04
   3.45711270e+02  -9.73276619e-05
   3.45711759e+02  -3.43650958e-04
   3.45712247e+02  -4.66404861e-04
   3.45712735e+02  -3.56902281e-04
   3.45713223e+02  -1.33220325e-04
   3.45713712e+02  -8.86330381e-05
   3.45714200e+02  -3.42989195e-04
   3.45714688e+02  -4.44710691e-04
   3.45715177e+02  -3.21976346e-04
   3.45715665e+02  -4.04580700e-04
   3.45716153e+02  -4.57093236e-04
   3.45716642e+02   3.60940030e-05
   3.45717130e+02   5.74967009e-04
   3.45717618e+02   3.62344144e-04
   3.45718107e+02   2.45954743e-05
   3.45718595e+02   1.27662337e-04
   3.45719083e+02   1.03296028e-04
   3.45719571e+02  -1.79774375e-04
   3.45720060e+02  -2.88752315e-04
   3.45720548e+02  -2.00908515e-04
   3.45721036e+02  -1.18715980e-06
   3.45721525e+02   1.61990174e-04
   3.45722013e+02  -2.69596330e-05
   3.45722501e+02  -2.73394224e-04
   3.45722990e+02  -3.35250952e-04
   3.45723478e+02  -2.97575287e-04
   3.45723966e+02  -2.36786422e-04
   3.45724455e+02  -2.28250312e-04
   3.45724943e+02   2.65731451e-05
   3.45725431e+02   3.51219263e-04
   3.45725920e+02   2.84839014e-04
   3.45726408e+02   7.42251432e-05
   3.45726896e+02  -2.58801501e-05
   3.45727384e+02  -1.28624801e-04
   3.45727873e+02   1.23017147e-04
   3.45728361e+02   4.78784699e-04
   3.45728849e+02   6.80230849e-04
   3.45729338e+02   6.69125177e-04
   3.45729826e+02   3.88850080e-04
   3.45730314e+02   1.48696723e-04
   3.45730803e+02   1.98648177e-05
   3.45731291e+02   1.31692374e-04
   3.45731779e+02   3.37437814e-04
   3.45732268e+02   8.28617704e-05
   3.45732756e+02  -2.77472602e-04
   3.45733244e+02  -1.56540496e-04
   3.45733732e+02   1.10178495e-04
   3.45734221e+02   2.00774899e-04
   3.45734709e+02   1.13405360e-04
   3.45735197e+02  -6.88366563e-05
   3.45735686e+02   3.27312409e-05
   3.45736174e+02   2.32793682e-04
   3.45736662e+02   3.52978714e-05
   3.45737151e+02  -1.97651665e-04
   3.45737639e+02  -9.28350782e-05
   3.45738127e+02   2.46562238e-04
   3.45738616e+02   5.55785955e-04
   3.45739104e+02   5.76860446e-04
   3.45739592e+02   3.41713985e-06
   3.45740080e+02  -5.42769325e-04
   3.45740569e+02  -3.10942618e-04
   3.45741057e+02   2.48983764e-04
   3.45741545e+02   3.41267325e-04
   3.45742034e+02  -1.61002608e-04
   3.45742522e+02  -1.12451984e-04
   3.45743010e+02   6.26468216e-04
   3.45743499e+02   6.76910102e-04
   3.45743987e+02   2.00438692e-04
   3.45744475e+02   1.90067585e-04
   3.45744964e+02   1.87560086e-04
   3.45745452e+02  -1.01001635e-04
   3.45745940e+02  -3.17168044e-04
   3.45746428e+02  -3.79855075e-04
   3.45746917e+02  -5.05175907e-04
   3.45747405e+02  -5.08733734e-04
   3.45747893e+02  -2.66018877e-04
   3.45748382e+02  -1.12959126e-04
   3.45748870e+02   4.50741500e-05
   3.45749358e+02   3.43042979e-04
   3.45749847e+02   3.87043401e-04
   3.45750335e+02  -7.85444718e-05
   3.45750823e+02  -1.88507169e-04
   3.45751312e+02   1.48488936e-04
   3.45751800e+02   2.63126480e-04
   3.45752288e+02   2.22085713e-04
   3.45752776e+02  -1.65824924e-04
   3.45753265e+02  -6.75151998e-04
   3.45753753e+02  -5.56592306e-04
   3.45754241e+02  -1.25267194e-04
   3.45754730e+02  -1.58077877e-04
   3.45755218e+02  -2.63210386e-04
   3.45755706e+02  -1.81867304e-04
   3.45756195e+02  -2.70016812e-04
   3.45756683e+02  -3.64047621e-04
   3.45757171e+02  -1.99131566e-04
   3.45757660e+02   1.55496120e-04
   3.45758148e+02   5.27047087e-04
   3.45758636e+02   4.51277592e-04
   3.45759124e+02   9.81705598e-05
   3.45759613e+02  -1.68349681e-04
   3.45760101e+02  -3.20138468e-04
   3.45760589e+02  -9.82332567e-05
   3.45761078e+02   2.10749524e-04
   3.45761566e+02   1.56975802e-04
   3.45762054e+02  -2.91591823e-05
   3.45762543e+02  -2.63263035e-04
   3.45763031e+02  -4.85351338e-04
   3.45763519e+02  -3.54537071e-04
   3.45764008e+02  -7.74452128e-05
   3.45764496e+02   8.28310949e-05
   3.45764984e+02   1.48882362e-04
   3.45765473e+02  -1.48665495e-04
   3.45765961e+02  -5.10627811e-04
   3.45766449e+02  -2.40474867e-04
   3.45766937e+02   2.02057083e-04
   3.45767426e+02   3.81784106e-04
   3.45767914e+02   2.81788962e-04
   3.45768402e+02   2.29212765e-05
   3.45768891e+02  -6.80009834e-05
   3.45769379e+02  -9.57176526e-05
   3.45769867e+02  -2.53234030e-04
   3.45770356e+02  -1.00933183e-04
   3.45770844e+02   2.78854393e-04
   3.45771332e+02   2.07537712e-04
   3.45771821e+02  -3.21078478e-05
   3.45772309e+02  -1.68115766e-05
   3.45772797e+02  -8.64343747e-05
   3.45773285e+02  -7.12693145e-05
   3.45773774e+02   1.10259723e-04
   3.45774262e+02  -1.70054453e-04
   3.45774750e+02  -3.90688307e-04
   3.45775239e+02  -9.21577084e-05
   3.45775727e+02   2.54035025e-04
   3.45776215e+02   3.23834101e-04
   3.45776704e+02   2.12655534e-04
   3.45777192e+02   1.73570181e-04
   3.45777680e+02   1.55949907e-04
   3.45778169e+02   2.69426411e-04
   3.45778657e+02   2.55895138e-04
   3.45779145e+02  -1.34384420e-04
   3.45779633e+02  -3.39126156e-04
   3.45780122e+02  -1.85894169e-04
   3.45780610e+02  -1.57802264e-04
   3.45781098e+02  -3.56933306e-04
   3.45781587e+02  -2.81259971e-04
   3.45782075e+02   7.79679322e-05
   3.45782563e+02   1.94067165e-04
   3.45783052e+02   4.09136774e-05
   3.45783540e+02  -6.91106543e-05
   3.45784028e+02  -2.07737394e-04
   3.45784517e+02  -5.61732624e-04
   3.45785005e+02  -7.02170597e-04
   3.45785493e+02  -4.86467965e-04
   3.45785981e+02  -3.54633929e-04
   3.45786470e+02  -4.24129648e-05
   3.45786958e+02   1.53643035e-04
   3.45787446e+02  -1.12382229e-04
   3.45787935e+02  -1.53619418e-04
   3.45788423e+02   2.23328097e-04
   3.45788911e+02   4.75955749e-04
   3.45789400e+02   2.50116689e-04
   3.45789888e+02  -1.43273050e-04
   3.45790376e+02  -1.18792290e-04
   3.45790865e+02   5.25680371e-04
   3.45791353e+02   8.88384064e-04
   3.45791841e+02   5.40883280e-04
   3.45792329e+02   8.10485435e-05
   3.45792818e+02  -1.12786445e-04
   3.45793306e+02  -6.08900082e-05
   3.45793794e+02   1.36628936e-04
   3.45794283e+02   4.66173282e-04
   3.45794771e+02   5.01953182e-04
   3.45795259e+02   3.55853081e-05
   3.45795748e+02  -2.89113319e-04
   3.45796236e+02  -3.51656607e-04
   3.45796724e+02  -4.46096936e-04
   3.45797213e+02  -3.67804867e-04
   3.45797701e+02   1.12403495e-05
   3.45798189e+02   1.75114474e-04
   3.45798677e+02   1.70950982e-04
   3.45799166e+02   2.48846409e-05
   3.45799654e+02  -4.61095537e-04
   3.45800142e+02  -6.74110837e-04
   3.45800631e+02  -4.75209061e-04
   3.45801119e+02  -2.07672056e-04
   3.45801607e+02   2.42967017e-05
   3.45802096e+02   6.67389322e-05
   3.45802584e+02   9.06651039e-05
   3.45803072e+02   3.43285938e-04
   3.45803561e+02   2.50390003e-04
   3.45804049e+02  -1.01348387e-05
   3.45804537e+02   1.27786814e-04
   3.45805026e+02   1.17273419e-04
   3.45805514e+02   1.69209834e-05
   3.45806002e+02   7.00188821e-06
   3.45806490e+02   1.35660011e-05
   3.45806979e+02   9.87483145e-05
   3.45807467e+02  -1.14803108e-04
   3.45807955e+02  -5.77245199e-04
   3.45808444e+02  -6.08811155e-04
   3.45808932e+02  -2.53689010e-04
   3.45809420e+02  -2.19404115e-04
   3.45809909e+02  -3.75113217e-04
   3.45810397e+02  -5.64844013e-05
   3.45810885e+02   9.25820059e-05
   3.45811374e+02  -2.61492183e-04
   3.45811862e+02  -3.24407098e-04
   3.45812350e+02  -1.73134627e-04
   3.45812838e+02  -3.12878372e-04
   3.45813327e+02  -4.50916326e-04
   3.45813815e+02  -1.43786296e-04
   3.45814303e+02   1.28350235e-04
   3.45814792e+02  -3.26158588e-05
   3.45815280e+02  -1.62057826e-04
   3.45815768e+02  -8.64174435e-05
   3.45816257e+02   1.99925926e-04
   3.45816745e+02   5.02436247e-04
   3.45817233e+02   7.07857253e-04
   3.45817722e+02   7.23556208e-04
   3.45818210e+02   3.91953276e-04
   3.45818698e+02   5.74300793e-05
   3.45819186e+02   8.77425773e-05
   3.45819675e+02   3.12456337e-04
   3.45820163e+02   4.67666046e-04
   3.45820651e+02   3.75525357e-04
   3.45821140e+02   1.14649971e-04
   3.45821628e+02  -1.70551557e-05
   3.45822116e+02  -1.27587904e-04
   3.45822605e+02  -3.38118756e-04
