frequency (GHz), flux (Jy/beam)
   3.43899310e+02  -1.24171516e-03
   3.43899798e+02   6.60825986e-04
   3.43900286e+02   3.04072956e-03
   3.43900774e+02   5.89599949e-04
   3.43901263e+02  -4.11823811e-03
   3.43901751e+02  -6.56387536e-03
   3.43902239e+02  -3.78679368e-03
   3.43902728e+02   7.11970963e-04
   3.43903216e+02   1.08185702e-03
   3.43903704e+02  -2.01208983e-03
   3.43904193e+02  -4.42586001e-03
   3.43904681e+02  -2.62506609e-03
   3.43905169e+02   1.17337855e-03
   3.43905658e+02   2.82995822e-03
   3.43906146e+02   2.01177341e-03
   3.43906634e+02   4.76712419e-04
   3.43907122e+02  -1.05828384e-03
   3.43907611e+02  -1.49613782e-03
   3.43908099e+02  -3.30669852e-03
   3.43908587e+02  -4.44859080e-03
   3.43909076e+02  -2.25893245e-03
   3.43909564e+02   1.30808027e-03
   3.43910052e+02   3.36548290e-03
   3.43910541e+02   3.25346226e-03
   3.43911029e+02   3.83697613e-03
   3.43911517e+02   4.35573235e-03
   3.43912006e+02   4.88057313e-03
   3.43912494e+02   4.73549776e-03
   3.43912982e+02   2.07633968e-03
   3.43913470e+02  -1.40707125e-03
   3.43913959e+02  -2.19645468e-03
   3.43914447e+02   5.18827059e-04
   3.43914935e+02   2.07821745e-03
   3.43915424e+02   7.38440896e-04
   3.43915912e+02  -3.59341590e-04
   3.43916400e+02  -1.86056935e-03
   3.43916889e+02  -3.91121022e-03
   3.43917377e+02  -3.28224991e-03
   3.43917865e+02   6.80433353e-04
   3.43918354e+02   3.04698036e-03
   3.43918842e+02   2.82728882e-03
   3.43919330e+02   1.69801584e-03
   3.43919818e+02  -3.02978297e-04
   3.43920307e+02  -4.44495003e-04
   3.43920795e+02   1.78122032e-03
   3.43921283e+02   1.59485184e-03
   3.43921772e+02  -6.12779753e-04
   3.43922260e+02  -1.73057616e-03
   3.43922748e+02  -2.91304593e-03
   3.43923237e+02  -1.89318031e-03
   3.43923725e+02   4.73378052e-04
   3.43924213e+02   2.02052365e-03
   3.43924702e+02   1.42587128e-03
   3.43925190e+02  -2.00196984e-04
   3.43925678e+02   1.35475665e-03
   3.43926166e+02   4.02143830e-03
   3.43926655e+02   2.10253685e-03
   3.43927143e+02  -1.63191010e-03
   3.43927631e+02  -7.60376104e-04
   3.43928120e+02   1.45796733e-03
   3.43928608e+02   1.77824253e-03
   3.43929096e+02   1.67865655e-03
   3.43929585e+02  -2.56800355e-04
   3.43930073e+02  -3.36442026e-03
   3.43930561e+02  -4.18285793e-03
   3.43931050e+02  -1.34953612e-03
   3.43931538e+02   1.10723870e-03
   3.43932026e+02   1.44006847e-03
   3.43932514e+02   1.29848544e-03
   3.43933003e+02   7.54879438e-04
   3.43933491e+02   9.04553526e-05
   3.43933979e+02   9.45213658e-04
   3.43934468e+02   2.43232027e-03
   3.43934956e+02   1.11248565e-03
   3.43935444e+02  -2.05331272e-03
   3.43935933e+02  -2.98213260e-03
   3.43936421e+02  -1.26112450e-03
   3.43936909e+02  -5.78195904e-04
   3.43937398e+02  -2.29521585e-03
   3.43937886e+02  -2.56558252e-03
   3.43938374e+02  -1.96263008e-03
   3.43938863e+02  -1.48646999e-03
   3.43939351e+02  -3.39634455e-04
   3.43939839e+02   1.02803484e-03
   3.43940327e+02   3.49729671e-03
   3.43940816e+02   4.08790354e-03
   3.43941304e+02   1.80815323e-03
   3.43941792e+02  -1.00485480e-03
   3.43942281e+02  -3.56741110e-03
   3.43942769e+02  -3.98386177e-03
   3.43943257e+02  -3.03500541e-03
   3.43943746e+02  -2.45888648e-03
   3.43944234e+02  -5.17715293e-04
   3.43944722e+02   1.74628664e-03
   3.43945211e+02   2.09740386e-03
   3.43945699e+02   2.21841759e-03
   3.43946187e+02   1.21279084e-03
   3.43946675e+02  -1.24052924e-03
   3.43947164e+02  -2.66903476e-03
   3.43947652e+02  -2.33822735e-03
   3.43948140e+02  -6.31702947e-04
   3.43948629e+02   1.81684131e-03
   3.43949117e+02   2.82366737e-03
   3.43949605e+02   1.60283723e-03
   3.43950094e+02   1.59208325e-03
   3.43950582e+02   2.66628340e-03
   3.43951070e+02   1.38522615e-03
   3.43951559e+02  -1.21280491e-05
   3.43952047e+02  -3.53672978e-04
   3.43952535e+02  -1.54467160e-03
   3.43953023e+02  -2.44558859e-03
   3.43953512e+02  -1.10004412e-03
   3.43954000e+02  -1.31138845e-03
   3.43954488e+02  -2.76576052e-03
   3.43954977e+02  -1.72856671e-03
   3.43955465e+02  -3.71386879e-04
   3.43955953e+02   1.06616132e-03
   3.43956442e+02   3.33755556e-03
   3.43956930e+02   3.07885231e-03
   3.43957418e+02   1.33759261e-03
   3.43957907e+02   2.21993332e-03
   3.43958395e+02   2.84202234e-03
   3.43958883e+02   1.22812111e-03
   3.43959371e+02   1.47061382e-05
   3.43959860e+02   1.34784379e-03
   3.43960348e+02   2.16555083e-03
   3.43960836e+02  -3.04764515e-04
   3.43961325e+02  -3.06376233e-03
   3.43961813e+02  -3.75380623e-03
   3.43962301e+02  -2.28936062e-03
   3.43962790e+02  -5.01245144e-04
   3.43963278e+02   1.14469287e-04
   3.43963766e+02  -8.85596455e-06
   3.43964255e+02  -9.72276845e-04
   3.43964743e+02  -1.27352471e-03
   3.43965231e+02  -1.28200545e-03
   3.43965719e+02  -1.91520888e-03
   3.43966208e+02  -4.00867924e-04
   3.43966696e+02   1.01506698e-03
   3.43967184e+02  -4.16288589e-04
   3.43967673e+02  -1.77612423e-03
   3.43968161e+02  -1.45657780e-03
   3.43968649e+02  -2.40777954e-04
   3.43969138e+02   1.37393468e-03
   3.43969626e+02   3.01046204e-03
   3.43970114e+02   2.70857872e-03
   3.43970603e+02  -2.52830330e-04
   3.43971091e+02  -1.05148053e-03
   3.43971579e+02   1.05618429e-03
   3.43972067e+02   2.39127921e-03
   3.43972556e+02   2.00006925e-03
   3.43973044e+02   1.07081747e-03
   3.43973532e+02   6.35224045e-04
   3.43974021e+02  -2.34525098e-04
   3.43974509e+02  -1.15202507e-03
   3.43974997e+02  -1.09258119e-03
   3.43975486e+02  -1.58730382e-03
   3.43975974e+02  -1.55539857e-03
   3.43976462e+02  -1.62366719e-03
   3.43976951e+02  -3.20055382e-03
   3.43977439e+02  -4.48202761e-03
   3.43977927e+02  -3.46037955e-03
   3.43978416e+02  -7.22370518e-04
   3.43978904e+02   7.87168683e-04
   3.43979392e+02   1.04197324e-03
   3.43979880e+02   4.09650529e-04
   3.43980369e+02  -4.20789816e-04
   3.43980857e+02   4.66729776e-04
   3.43981345e+02   2.04609847e-03
   3.43981834e+02   3.09094763e-03
   3.43982322e+02   3.49497260e-03
   3.43982810e+02   1.68797874e-03
   3.43983299e+02  -1.80487137e-03
   3.43983787e+02  -4.06008819e-03
   3.43984275e+02  -3.63626820e-03
   3.43984764e+02  -8.89652700e-04
   3.43985252e+02   7.89671962e-04
   3.43985740e+02   1.08370070e-04
   3.43986228e+02  -9.70415480e-04
   3.43986717e+02  -1.49928138e-03
   3.43987205e+02  -2.65888055e-03
   3.43987693e+02  -3.42736440e-03
   3.43988182e+02  -1.57258741e-03
   3.43988670e+02  -5.15106018e-04
   3.43989158e+02  -8.85898262e-05
   3.43989647e+02   2.38956744e-03
   3.43990135e+02   3.55286966e-03
   3.43990623e+02   2.13731499e-03
   3.43991112e+02   1.08705054e-03
   3.43991600e+02   1.19624019e-03
   3.43992088e+02   1.17773807e-03
   3.43992576e+02   1.79208256e-03
   3.43993065e+02   2.67073396e-03
   3.43993553e+02   2.69856979e-03
   3.43994041e+02   6.20662235e-04
   3.43994530e+02  -2.23041815e-03
   3.43995018e+02  -2.55026575e-03
   3.43995506e+02   3.84403393e-06
   3.43995995e+02  -4.48999461e-04
   3.43996483e+02  -2.27380358e-03
   3.43996971e+02  -1.38014089e-03
   3.43997460e+02  -1.22052454e-03
   3.43997948e+02  -4.07113926e-04
   3.43998436e+02   2.14603046e-04
   3.43998924e+02  -3.65628977e-04
   3.43999413e+02   1.39167299e-03
   3.43999901e+02   3.19876266e-03
   3.44000389e+02   1.37592759e-03
   3.44000878e+02   5.66268827e-05
   3.44001366e+02  -2.93859688e-04
   3.44001854e+02  -1.81436003e-03
   3.44002343e+02  -2.33043986e-03
   3.44002831e+02  -8.83990142e-04
   3.44003319e+02   1.27154763e-03
   3.44003808e+02   1.40123989e-03
   3.44004296e+02  -5.35721541e-04
   3.44004784e+02  -1.15554815e-03
   3.44005272e+02  -5.95590624e-04
   3.44005761e+02   2.10911245e-03
   3.44006249e+02   4.88722324e-03
   3.44006737e+02   4.18079831e-03
   3.44007226e+02   2.97596585e-03
   3.44007714e+02   2.92674452e-03
   3.44008202e+02   1.51855196e-03
   3.44008691e+02  -8.68457195e-04
   3.44009179e+02  -2.61847908e-03
   3.44009667e+02  -4.04832186e-03
   3.44010156e+02  -4.82572243e-03
   3.44010644e+02  -2.24651978e-03
   3.44011132e+02   1.38110350e-04
   3.44011620e+02   3.99126839e-05
   3.44012109e+02   6.14737452e-04
   3.44012597e+02   2.02073297e-03
   3.44013085e+02   3.22648278e-03
   3.44013574e+02   3.64764710e-03
   3.44014062e+02   2.49358662e-03
   3.44014550e+02  -8.93153658e-04
   3.44015039e+02  -2.45084218e-03
   3.44015527e+02  -6.65718631e-04
   3.44016015e+02   2.52381922e-03
   3.44016504e+02   3.68480454e-03
   3.44016992e+02   3.13856523e-03
   3.44017480e+02   3.15527292e-03
   3.44017969e+02   1.57008995e-03
   3.44018457e+02  -9.46984801e-04
   3.44018945e+02  -7.88414909e-04
   3.44019433e+02  -8.81960586e-05
   3.44019922e+02  -1.04400457e-03
   3.44020410e+02  -2.67648022e-04
   3.44020898e+02   2.20249430e-03
   3.44021387e+02   2.66306801e-03
   3.44021875e+02   7.55275192e-04
   3.44022363e+02  -3.34838260e-04
   3.44022852e+02  -8.50197743e-04
   3.44023340e+02  -2.07297923e-03
   3.44023828e+02  -1.93593616e-03
   3.44024317e+02  -3.52041010e-04
   3.44024805e+02   1.20965626e-04
   3.44025293e+02  -8.59344291e-05
   3.44025781e+02  -6.16437406e-04
   3.44026270e+02  -1.15207571e-03
   3.44026758e+02  -5.46465802e-04
   3.44027246e+02   3.44137487e-04
   3.44027735e+02   7.74501896e-05
   3.44028223e+02  -2.83476897e-04
   3.44028711e+02   1.37984613e-03
   3.44029200e+02   2.63118860e-03
   3.44029688e+02   2.27632141e-03
   3.44030176e+02   1.47506932e-03
   3.44030665e+02   2.95993261e-04
   3.44031153e+02  -3.87704029e-04
   3.44031641e+02  -9.44707135e-04
   3.44032129e+02   2.97557184e-04
   3.44032618e+02   3.37268854e-03
   3.44033106e+02   5.87018998e-03
   3.44033594e+02   7.81978015e-03
   3.44034083e+02   1.07982494e-02
   3.44034571e+02   1.35797141e-02
   3.44035059e+02   1.58651769e-02
   3.44035548e+02   2.09512059e-02
   3.44036036e+02   2.40886472e-02
   3.44036524e+02   2.90543232e-02
   3.44037013e+02   3.19360457e-02
   3.44037501e+02   3.05609498e-02
   3.44037989e+02   2.84093134e-02
   3.44038477e+02   2.51073819e-02
   3.44038966e+02   1.96364895e-02
   3.44039454e+02   1.15098562e-02
   3.44039942e+02   4.69662109e-03
   3.44040431e+02   2.36057676e-03
   3.44040919e+02   1.77951268e-04
   3.44041407e+02  -2.09079310e-03
   3.44041896e+02  -1.74135179e-03
   3.44042384e+02  -6.74297393e-04
   3.44042872e+02   4.66283032e-04
   3.44043361e+02   2.37428211e-03
   3.44043849e+02   3.46348737e-03
   3.44044337e+02   1.56197150e-03
   3.44044825e+02   7.89772312e-04
   3.44045314e+02   2.07815575e-03
   3.44045802e+02   1.63600780e-03
   3.44046290e+02   7.61676230e-04
   3.44046779e+02   4.58724608e-05
   3.44047267e+02  -1.13559153e-03
   3.44047755e+02  -5.43416827e-04
   3.44048244e+02   3.45972694e-05
   3.44048732e+02   1.20456447e-04
   3.44049220e+02  -1.16776431e-03
   3.44049709e+02  -3.68015771e-03
   3.44050197e+02  -3.09659122e-03
   3.44050685e+02  -5.03154763e-04
   3.44051173e+02  -1.74436937e-04
   3.44051662e+02  -3.66265042e-04
   3.44052150e+02   3.39372520e-04
   3.44052638e+02   4.93060506e-04
   3.44053127e+02   3.02569679e-04
   3.44053615e+02   1.37663374e-04
   3.44054103e+02  -5.21256356e-04
   3.44054592e+02  -4.15509101e-04
   3.44055080e+02   3.22167150e-04
   3.44055568e+02   9.31866118e-04
   3.44056057e+02   2.02364498e-03
   3.44056545e+02   3.10278381e-03
   3.44057033e+02   3.05367284e-03
   3.44057522e+02   2.95715849e-03
   3.44058010e+02   2.71060853e-03
   3.44058498e+02   7.69916107e-04
   3.44058986e+02  -2.57280981e-03
   3.44059475e+02  -3.44710913e-03
   3.44059963e+02  -1.23772386e-03
   3.44060451e+02  -4.21167322e-04
   3.44060940e+02  -6.82834943e-05
   3.44061428e+02   1.54198229e-03
   3.44061916e+02   2.49704951e-03
   3.44062405e+02   1.78852095e-03
   3.44062893e+02   4.14580805e-04
   3.44063381e+02  -2.11360538e-03
   3.44063870e+02  -3.08945519e-03
   3.44064358e+02  -7.99815403e-04
   3.44064846e+02   2.79801432e-04
   3.44065334e+02  -1.63725007e-03
   3.44065823e+02  -3.24613927e-03
   3.44066311e+02  -2.36109714e-03
   3.44066799e+02  -8.65164155e-04
   3.44067288e+02  -6.10082818e-04
   3.44067776e+02  -3.58650403e-04
   3.44068264e+02   2.05496704e-04
   3.44068753e+02  -4.96350694e-04
   3.44069241e+02  -2.18534237e-03
   3.44069729e+02  -1.54666579e-03
   3.44070218e+02   1.34895032e-03
   3.44070706e+02   3.26276897e-03
   3.44071194e+02   2.41772179e-03
   3.44071682e+02   1.66185945e-03
   3.44072171e+02   2.56524188e-03
   3.44072659e+02   2.02609040e-03
   3.44073147e+02   1.16928550e-03
   3.44073636e+02   9.07516460e-06
   3.44074124e+02  -4.08882130e-04
   3.44074612e+02  -7.15089845e-04
   3.44075101e+02  -5.05860429e-04
   3.44075589e+02   7.47349404e-04
   3.44076077e+02   2.70310370e-03
   3.44076566e+02   3.46141588e-03
   3.44077054e+02   3.17466911e-03
   3.44077542e+02   1.25312957e-03
   3.44078030e+02  -3.38588929e-04
   3.44078519e+02   8.34923820e-04
   3.44079007e+02   2.22525909e-03
   3.44079495e+02   2.75116600e-03
   3.44079984e+02   6.22040592e-04
   3.44080472e+02  -2.75222794e-03
   3.44080960e+02  -3.46352300e-03
   3.44081449e+02  -1.96495350e-03
   3.44081937e+02  -2.26846052e-04
   3.44082425e+02  -1.97329512e-03
   3.44082914e+02  -4.49427916e-03
   3.44083402e+02  -1.66198565e-03
   3.44083890e+02   1.73907285e-03
   3.44084378e+02   5.04835800e-04
   3.44084867e+02  -1.42428500e-03
   3.44085355e+02  -1.23572769e-03
   3.44085843e+02  -1.11463177e-03
   3.44086332e+02  -1.80260756e-03
   3.44086820e+02  -1.95505307e-03
   3.44087308e+02  -1.03157049e-03
   3.44087797e+02  -7.61918142e-04
   3.44088285e+02  -6.97363866e-04
   3.44088773e+02  -6.99968718e-04
   3.44089262e+02  -5.30944730e-04
   3.44089750e+02   2.37193250e-04
   3.44090238e+02   7.74329819e-05
   3.44090726e+02  -1.82036043e-03
   3.44091215e+02  -2.81704590e-03
   3.44091703e+02  -1.47748890e-03
   3.44092191e+02   8.33687009e-05
   3.44092680e+02   3.05027701e-04
   3.44093168e+02   2.86141381e-04
   3.44093656e+02   1.86699253e-04
   3.44094145e+02   1.28649478e-03
   3.44094633e+02   1.47436699e-03
   3.44095121e+02  -2.96978047e-04
   3.44095610e+02  -1.41973386e-03
   3.44096098e+02  -2.17336998e-03
   3.44096586e+02  -1.88544916e-03
   3.44097075e+02  -7.87534751e-04
   3.44097563e+02   4.48296894e-04
   3.44098051e+02   1.49397703e-03
   3.44098539e+02   1.38829427e-03
   3.44099028e+02   2.06843019e-03
   3.44099516e+02   3.71117960e-03
   3.44100004e+02   3.83937289e-03
   3.44100493e+02   1.18569843e-03
   3.44100981e+02  -2.68354081e-03
   3.44101469e+02  -3.18700890e-03
   3.44101958e+02   1.21763174e-03
   3.44102446e+02   4.22855886e-03
   3.44102934e+02   2.49539432e-03
   3.44103423e+02   1.27712823e-03
   3.44103911e+02   1.65600551e-03
   3.44104399e+02   3.04364366e-04
   3.44104887e+02   2.78341759e-04
   3.44105376e+02   1.21471193e-03
   3.44105864e+02   4.53736684e-05
   3.44106352e+02   8.05503296e-05
   3.44106841e+02   1.15414511e-03
   3.44107329e+02   8.45202361e-04
   3.44107817e+02  -4.96127293e-04
   3.44108306e+02   3.45242966e-04
   3.44108794e+02   2.47036037e-03
   3.44109282e+02   3.45292414e-04
   3.44109771e+02  -2.61267531e-03
   3.44110259e+02  -1.93984678e-03
   3.44110747e+02  -5.49519900e-04
   3.44111235e+02  -3.30323208e-04
   3.44111724e+02  -1.40070135e-03
   3.44112212e+02  -3.78193846e-03
   3.44112700e+02  -2.71438807e-03
   3.44113189e+02   2.38861050e-03
   3.44113677e+02   3.71837197e-03
   3.44114165e+02   5.55404229e-04
   3.44114654e+02  -1.69797603e-03
   3.44115142e+02  -1.50346465e-03
   3.44115630e+02   3.54550459e-04
   3.44116119e+02   1.47423137e-03
   3.44116607e+02   1.60310301e-03
   3.44117095e+02   7.90228893e-04
   3.44117583e+02  -2.08649129e-04
   3.44118072e+02   8.63136200e-04
   3.44118560e+02   2.47271010e-03
   3.44119048e+02   2.65601790e-03
   3.44119537e+02   5.86027418e-05
   3.44120025e+02  -2.71562859e-03
   3.44120513e+02  -1.39915664e-03
   3.44121002e+02  -5.24937059e-04
   3.44121490e+02  -1.54850597e-03
   3.44121978e+02  -1.21647248e-03
   3.44122467e+02   1.56147784e-04
   3.44122955e+02  -4.06916835e-04
   3.44123443e+02  -2.38056877e-03
   3.44123931e+02  -1.95043976e-03
   3.44124420e+02   9.31440911e-04
   3.44124908e+02   2.68525654e-03
   3.44125396e+02   9.73072019e-04
   3.44125885e+02   3.78884230e-04
   3.44126373e+02   1.40696391e-03
   3.44126861e+02  -1.02462934e-03
   3.44127350e+02  -4.17368812e-03
   3.44127838e+02  -3.95243289e-03
   3.44128326e+02   1.33973499e-05
   3.44128815e+02   4.18808078e-03
   3.44129303e+02   3.01414286e-03
   3.44129791e+02   1.33545580e-03
   3.44130279e+02   2.51423521e-03
   3.44130768e+02   2.82799429e-03
   3.44131256e+02   8.13255901e-04
   3.44131744e+02  -1.46504247e-03
   3.44132233e+02  -1.45144737e-03
   3.44132721e+02  -2.24766065e-03
   3.44133209e+02  -9.69211629e-04
   3.44133698e+02   2.71432777e-03
   3.44134186e+02   3.11427051e-03
   3.44134674e+02   2.63790746e-04
   3.44135163e+02  -9.20038729e-04
   3.44135651e+02   3.51792987e-04
   3.44136139e+02   6.15037687e-04
   3.44136628e+02  -2.10310784e-04
   3.44137116e+02  -1.61276461e-04
   3.44137604e+02  -7.18262454e-04
   3.44138092e+02  -1.31980423e-03
   3.44138581e+02  -1.72686719e-04
   3.44139069e+02  -2.56770116e-04
   3.44139557e+02  -6.99605851e-04
   3.44140046e+02  -1.64014287e-04
   3.44140534e+02  -4.85001568e-04
   3.44141022e+02  -5.05113683e-04
   3.44141511e+02  -6.16516278e-04
   3.44141999e+02  -2.68314825e-03
   3.44142487e+02  -2.67199543e-03
   3.44142976e+02   1.09036257e-04
   3.44143464e+02   7.41701107e-04
   3.44143952e+02   1.22484658e-03
   3.44144440e+02   2.81562191e-03
   3.44144929e+02   7.29616906e-04
   3.44145417e+02  -1.23402837e-03
   3.44145905e+02   1.34213624e-04
   3.44146394e+02   1.66228495e-03
   3.44146882e+02   1.60065910e-03
   3.44147370e+02  -4.36729984e-04
   3.44147859e+02  -2.89525767e-03
   3.44148347e+02  -2.62864749e-03
   3.44148835e+02  -6.36703277e-04
   3.44149324e+02   9.44907137e-04
   3.44149812e+02   2.71531334e-03
   3.44150300e+02   4.86243330e-03
   3.44150788e+02   3.79417278e-03
   3.44151277e+02  -4.65137477e-04
   3.44151765e+02  -3.30913020e-03
   3.44152253e+02  -3.71193630e-03
   3.44152742e+02  -4.05374309e-03
   3.44153230e+02  -2.89240293e-03
   3.44153718e+02  -2.37408662e-04
   3.44154207e+02   1.75700057e-03
   3.44154695e+02   1.26315781e-03
   3.44155183e+02  -2.38063978e-03
   3.44155672e+02  -3.57400696e-03
   3.44156160e+02  -8.93979042e-04
   3.44156648e+02   7.17723160e-04
   3.44157136e+02  -4.31031687e-04
   3.44157625e+02  -1.33083574e-03
   3.44158113e+02  -3.89610243e-04
   3.44158601e+02  -1.04426972e-05
   3.44159090e+02   1.76992791e-04
   3.44159578e+02   8.11337377e-04
   3.44160066e+02  -1.39320793e-04
   3.44160555e+02  -1.37963740e-03
   3.44161043e+02  -2.72691716e-03
   3.44161531e+02  -2.96294130e-03
   3.44162020e+02  -1.12167886e-03
   3.44162508e+02   6.37980353e-04
   3.44162996e+02   1.75945403e-03
   3.44163484e+02   3.00595042e-04
   3.44163973e+02  -2.15474446e-03
   3.44164461e+02  -1.14950107e-03
   3.44164949e+02  -2.78483116e-04
   3.44165438e+02  -2.71104020e-03
   3.44165926e+02  -5.23843663e-03
   3.44166414e+02  -3.91424680e-03
   3.44166903e+02  -1.18866551e-03
   3.44167391e+02   3.14449862e-04
   3.44167879e+02   2.05399771e-03
   3.44168368e+02   1.59760332e-03
   3.44168856e+02   3.64157713e-05
   3.44169344e+02  -9.00838568e-05
   3.44169832e+02   1.99793343e-04
   3.44170321e+02  -2.20095666e-04
   3.44170809e+02  -1.06584560e-03
   3.44171297e+02  -1.29658519e-03
   3.44171786e+02  -2.00550217e-04
   3.44172274e+02   2.04501004e-04
   3.44172762e+02  -7.19465315e-04
   3.44173251e+02  -1.71084292e-04
   3.44173739e+02   6.61554586e-05
   3.44174227e+02  -1.27179048e-03
   3.44174716e+02  -1.45196798e-03
   3.44175204e+02  -1.22978759e-03
   3.44175692e+02  -1.47252390e-03
   3.44176181e+02   1.08639710e-03
   3.44176669e+02   4.04230924e-03
   3.44177157e+02   2.37164111e-03
   3.44177645e+02   9.88595188e-04
   3.44178134e+02   1.44705700e-03
   3.44178622e+02   5.03955642e-04
   3.44179110e+02  -3.84617277e-04
   3.44179599e+02   1.38039468e-04
   3.44180087e+02  -6.44024636e-04
   3.44180575e+02  -1.64315943e-03
   3.44181064e+02  -4.65170393e-04
   3.44181552e+02   3.65268061e-04
   3.44182040e+02   1.07228407e-03
   3.44182529e+02   2.84105889e-03
   3.44183017e+02   3.37510044e-03
   3.44183505e+02   2.32731341e-03
   3.44183993e+02   3.63829808e-04
   3.44184482e+02  -1.49709859e-03
   3.44184970e+02  -1.20826233e-04
   3.44185458e+02   1.97998132e-03
   3.44185947e+02   2.51519843e-03
   3.44186435e+02   1.87815924e-03
   3.44186923e+02  -4.73867956e-04
   3.44187412e+02  -6.92577800e-04
   3.44187900e+02   1.53802603e-03
   3.44188388e+02   1.83093466e-03
   3.44188877e+02   2.19619949e-03
   3.44189365e+02   1.54560630e-03
   3.44189853e+02  -1.91696698e-03
   3.44190341e+02  -1.79356185e-03
   3.44190830e+02   4.55149537e-04
   3.44191318e+02   1.13965000e-03
   3.44191806e+02   6.15598925e-04
   3.44192295e+02   2.81755900e-04
   3.44192783e+02  -1.86177771e-04
   3.44193271e+02  -3.03231616e-04
   3.44193760e+02   8.18495610e-05
   3.44194248e+02  -2.41769758e-05
   3.44194736e+02  -8.64456873e-04
   3.44195225e+02  -7.91171100e-04
   3.44195713e+02  -1.34110230e-03
   3.44196201e+02  -2.34732521e-03
   3.44196689e+02  -1.04958657e-03
   3.44197178e+02   1.26073149e-03
   3.44197666e+02   3.42465122e-04
   3.44198154e+02  -1.59248244e-03
   3.44198643e+02  -1.44877646e-03
   3.44199131e+02  -1.24105555e-03
   3.44199619e+02  -2.43506220e-04
   3.44200108e+02   1.14603282e-03
   3.44200596e+02   2.32646034e-05
   3.44201084e+02  -1.82531273e-03
   3.44201573e+02  -3.61661660e-04
   3.44202061e+02   1.79349538e-03
   3.44202549e+02   1.87671056e-03
   3.44203037e+02   1.31646288e-03
   3.44203526e+02  -6.00380357e-04
   3.44204014e+02  -1.65518885e-03
   3.44204502e+02  -5.06685756e-04
   3.44204991e+02   2.30247068e-04
   3.44205479e+02   1.08345621e-03
   3.44205967e+02   1.79177278e-03
   3.44206456e+02   1.34824775e-03
   3.44206944e+02   1.45444635e-03
   3.44207432e+02   6.79598888e-05
   3.44207921e+02  -1.56022410e-03
   3.44208409e+02  -7.76984380e-05
   3.44208897e+02  -6.41684979e-04
   3.44209385e+02  -3.67110479e-04
   3.44209874e+02   1.89087226e-03
   3.44210362e+02   6.49972280e-05
   3.44210850e+02  -2.91827740e-03
   3.44211339e+02  -3.08801024e-03
   3.44211827e+02  -1.04004960e-03
   3.44212315e+02   2.67821335e-04
   3.44212804e+02   4.91098443e-04
   3.44213292e+02  -4.71789768e-04
   3.44213780e+02  -3.36907164e-04
   3.44214269e+02   6.71864196e-04
   3.44214757e+02  -7.83201540e-04
   3.44215245e+02  -1.61710673e-03
   3.44215734e+02   3.67692410e-05
   3.44216222e+02   1.67267004e-04
   3.44216710e+02  -5.98954852e-04
   3.44217198e+02  -1.43890758e-03
   3.44217687e+02  -3.24013643e-03
   3.44218175e+02  -1.88090967e-03
   3.44218663e+02   1.72903086e-03
   3.44219152e+02   1.88439654e-03
   3.44219640e+02  -3.67718603e-05
   3.44220128e+02   4.92429361e-04
   3.44220617e+02   1.93613046e-03
   3.44221105e+02   9.36115626e-04
   3.44221593e+02   5.23129274e-05
   3.44222082e+02   1.40609615e-03
   3.44222570e+02   2.31817714e-03
   3.44223058e+02   1.92275998e-04
   3.44223546e+02  -1.45989493e-03
   3.44224035e+02   3.64641834e-04
   3.44224523e+02   1.07401423e-03
   3.44225011e+02   1.26970827e-03
   3.44225500e+02   2.47992715e-03
   3.44225988e+02   3.69384699e-03
   3.44226476e+02   3.93594522e-03
   3.44226965e+02   1.83260627e-03
   3.44227453e+02   2.62942718e-04
   3.44227941e+02  -5.78466454e-04
   3.44228430e+02  -1.29497633e-03
   3.44228918e+02  -1.07658224e-03
   3.44229406e+02   1.55057362e-03
   3.44229894e+02   4.25332785e-03
   3.44230383e+02   2.61975173e-03
   3.44230871e+02  -1.13692496e-03
   3.44231359e+02  -2.54984270e-03
   3.44231848e+02  -1.02915638e-03
   3.44232336e+02   1.51249429e-03
   3.44232824e+02   2.29307590e-03
   3.44233313e+02   1.68976688e-03
   3.44233801e+02   1.79486407e-03
   3.44234289e+02   7.73982145e-04
   3.44234778e+02  -5.66127826e-04
   3.44235266e+02   1.35648748e-04
   3.44235754e+02   1.19495578e-03
   3.44236242e+02   6.19359998e-05
   3.44236731e+02  -2.02255347e-03
   3.44237219e+02  -1.60847674e-03
   3.44237707e+02  -5.18639572e-04
   3.44238196e+02  -2.16936169e-04
   3.44238684e+02   1.96652778e-04
   3.44239172e+02   3.64843756e-04
   3.44239661e+02   1.05967536e-03
   3.44240149e+02   2.91931257e-03
   3.44240637e+02   3.28629441e-03
   3.44241126e+02   1.98522094e-03
   3.44241614e+02   5.89257455e-04
   3.44242102e+02  -1.08169927e-03
   3.44242590e+02  -2.55190977e-03
   3.44243079e+02  -1.68134121e-03
   3.44243567e+02  -7.76986417e-04
   3.44244055e+02  -1.29761477e-03
   3.44244544e+02  -6.53578434e-04
   3.44245032e+02   1.50096399e-04
   3.44245520e+02  -6.87248772e-04
   3.44246009e+02   1.02591515e-03
   3.44246497e+02   1.90098491e-03
   3.44246985e+02   3.47152061e-04
   3.44247474e+02   1.17978326e-03
   3.44247962e+02   8.52672267e-04
   3.44248450e+02   4.37380484e-04
   3.44248938e+02   3.07746814e-04
   3.44249427e+02  -1.70293020e-03
   3.44249915e+02  -2.98388698e-03
   3.44250403e+02  -1.53527397e-03
   3.44250892e+02   6.79452030e-04
   3.44251380e+02   2.77084764e-03
   3.44251868e+02   4.85777436e-03
   3.44252357e+02   5.35612460e-03
   3.44252845e+02   3.59075749e-03
   3.44253333e+02   2.57484941e-03
   3.44253822e+02   1.68242969e-03
   3.44254310e+02   5.55073202e-04
   3.44254798e+02  -4.03857557e-04
   3.44255286e+02  -3.06557002e-03
   3.44255775e+02  -2.25302973e-03
   3.44256263e+02   1.57626322e-03
   3.44256751e+02   3.49328970e-03
   3.44257240e+02   2.42224731e-03
   3.44257728e+02   7.08041887e-04
   3.44258216e+02   1.71465019e-03
   3.44258705e+02   3.81089211e-03
   3.44259193e+02   4.07414744e-03
   3.44259681e+02   9.34017764e-04
   3.44260170e+02  -2.87704496e-03
   3.44260658e+02  -1.56604068e-03
   3.44261146e+02   1.20871417e-04
   3.44261635e+02  -2.16424611e-04
   3.44262123e+02   9.77492309e-04
   3.44262611e+02   1.09281647e-03
   3.44263099e+02   1.22158870e-03
   3.44263588e+02   2.74439156e-03
   3.44264076e+02   1.37951784e-03
   3.44264564e+02  -2.65885680e-03
   3.44265053e+02  -3.02515295e-03
   3.44265541e+02   5.40156383e-04
   3.44266029e+02  -8.08017940e-05
   3.44266518e+02  -2.07172637e-03
   3.44267006e+02   2.31864600e-04
   3.44267494e+02   1.36909832e-03
   3.44267983e+02  -4.48632345e-04
   3.44268471e+02  -4.55839152e-04
   3.44268959e+02  -9.61424012e-05
   3.44269447e+02  -7.48505059e-04
   3.44269936e+02   1.39930940e-04
   3.44270424e+02  -2.09681875e-05
   3.44270912e+02  -6.33080257e-04
   3.44271401e+02  -9.41628823e-05
   3.44271889e+02  -8.99622391e-04
   3.44272377e+02  -1.60076786e-04
   3.44272866e+02   1.26134080e-03
   3.44273354e+02   1.14979560e-03
   3.44273842e+02   1.15130644e-03
   3.44274331e+02   2.28837691e-03
   3.44274819e+02   2.25814059e-03
   3.44275307e+02  -4.73086897e-04
   3.44275795e+02  -2.77498900e-03
   3.44276284e+02  -2.38778512e-03
   3.44276772e+02  -1.85333495e-03
   3.44277260e+02  -2.15951609e-03
   3.44277749e+02  -1.41444826e-03
   3.44278237e+02   1.11952622e-03
   3.44278725e+02   2.96363374e-03
   3.44279214e+02   2.12498382e-03
   3.44279702e+02   9.07596317e-04
   3.44280190e+02   7.30592466e-04
   3.44280679e+02  -7.90124992e-04
   3.44281167e+02  -2.01770756e-03
   3.44281655e+02  -1.11001811e-03
   3.44282143e+02  -2.11654929e-03
   3.44282632e+02  -3.44988727e-03
   3.44283120e+02  -1.35485572e-03
   3.44283608e+02   1.07518374e-03
   3.44284097e+02   9.27959103e-04
   3.44284585e+02  -5.70422679e-04
   3.44285073e+02  -1.01075202e-04
   3.44285562e+02   9.12223186e-04
   3.44286050e+02   5.85843190e-05
   3.44286538e+02   3.31382907e-05
   3.44287027e+02  -9.97691881e-04
   3.44287515e+02  -3.11430637e-03
   3.44288003e+02  -2.14240630e-03
   3.44288491e+02   6.27463334e-04
   3.44288980e+02   2.30349600e-03
   3.44289468e+02   1.63171522e-03
   3.44289956e+02  -1.02347124e-03
   3.44290445e+02  -3.26732034e-03
   3.44290933e+02  -3.46158422e-03
   3.44291421e+02  -2.06418918e-03
   3.44291910e+02  -8.45088565e-04
   3.44292398e+02  -2.14973069e-03
   3.44292886e+02  -4.15898347e-03
   3.44293375e+02  -2.79197400e-03
   3.44293863e+02   5.88904368e-04
   3.44294351e+02   2.11293367e-03
   3.44294839e+02  -4.86619800e-04
   3.44295328e+02  -2.98489258e-03
   3.44295816e+02  -5.11832070e-04
   3.44296304e+02   1.51611911e-03
   3.44296793e+02  -6.49694528e-04
   3.44297281e+02  -3.36369104e-03
   3.44297769e+02  -2.74389354e-03
   3.44298258e+02  -1.56513311e-03
   3.44298746e+02  -3.23746214e-03
   3.44299234e+02  -2.71352567e-03
   3.44299723e+02   1.20894006e-03
   3.44300211e+02   3.60965962e-03
   3.44300699e+02   3.75178200e-03
   3.44301188e+02   3.36110289e-03
   3.44301676e+02   2.10025255e-03
   3.44302164e+02   1.67597624e-04
   3.44302652e+02  -1.05928350e-03
   3.44303141e+02  -1.22162269e-03
   3.44303629e+02  -1.54957711e-03
   3.44304117e+02  -7.38946430e-04
   3.44304606e+02   7.43086857e-04
   3.44305094e+02  -5.40564884e-04
   3.44305582e+02  -1.38430239e-03
   3.44306071e+02   6.50112459e-04
   3.44306559e+02   2.98271701e-03
   3.44307047e+02   3.22374399e-03
   3.44307536e+02   2.07688194e-03
   3.44308024e+02   1.73659727e-03
   3.44308512e+02   1.26082194e-03
   3.44309000e+02   1.90896669e-03
   3.44309489e+02   1.97075284e-03
   3.44309977e+02   8.45589420e-06
   3.44310465e+02  -1.46637450e-03
   3.44310954e+02  -3.65638960e-04
   3.44311442e+02   1.04748658e-04
   3.44311930e+02  -7.34298083e-04
   3.44312419e+02  -1.34485250e-03
   3.44312907e+02  -1.09714572e-03
   3.44313395e+02   1.25213584e-04
   3.44313884e+02   3.81970822e-05
   3.44314372e+02  -1.31803006e-03
   3.44314860e+02  -4.77865135e-04
   3.44315348e+02   8.14248633e-04
   3.44315837e+02   9.47442313e-04
   3.44316325e+02   6.48165238e-04
   3.44316813e+02  -5.55510109e-04
   3.44317302e+02  -7.05949555e-04
   3.44317790e+02   2.34078456e-04
   3.44318278e+02  -5.39040251e-04
   3.44318767e+02  -1.37870037e-03
   3.44319255e+02  -2.38988711e-03
   3.44319743e+02  -2.75451294e-03
   3.44320232e+02  -7.84231292e-04
   3.44320720e+02   4.52974258e-04
   3.44321208e+02  -3.06615897e-04
   3.44321696e+02  -1.21115497e-03
   3.44322185e+02  -2.00149068e-03
   3.44322673e+02  -1.72785367e-03
   3.44323161e+02  -1.48665131e-04
   3.44323650e+02   1.09470589e-03
   3.44324138e+02   2.11229268e-03
   3.44324626e+02   3.79798608e-03
   3.44325115e+02   3.38859437e-03
   3.44325603e+02  -5.13194420e-04
   3.44326091e+02  -1.82675768e-03
   3.44326580e+02  -7.92871360e-05
   3.44327068e+02  -7.36346701e-05
   3.44327556e+02   5.39503468e-04
   3.44328044e+02   5.11987833e-04
   3.44328533e+02   4.07664447e-05
   3.44329021e+02   1.94659748e-03
   3.44329509e+02   4.83970437e-03
   3.44329998e+02   6.19629771e-03
   3.44330486e+02   5.40521042e-03
   3.44330974e+02   3.21907573e-03
   3.44331463e+02   1.28829258e-03
   3.44331951e+02   7.33032823e-04
   3.44332439e+02   4.67752689e-04
   3.44332928e+02   1.57625163e-06
   3.44333416e+02  -1.53823959e-04
   3.44333904e+02  -2.80134263e-04
   3.44334392e+02  -6.83869759e-04
   3.44334881e+02   6.19520317e-04
   3.44335369e+02   2.19018245e-03
   3.44335857e+02   2.62680580e-03
   3.44336346e+02   2.06108671e-03
   3.44336834e+02   8.85451853e-04
   3.44337322e+02   1.54388882e-03
   3.44337811e+02   3.28961527e-03
   3.44338299e+02   3.97159159e-03
   3.44338787e+02   1.54777884e-03
   3.44339276e+02  -2.12136423e-03
   3.44339764e+02  -2.27977242e-03
   3.44340252e+02  -7.81022594e-04
   3.44340741e+02   1.44334696e-03
   3.44341229e+02   4.54438990e-03
   3.44341717e+02   5.25082694e-03
   3.44342205e+02   2.88941967e-03
   3.44342694e+02   1.26965914e-03
   3.44343182e+02   1.08429755e-03
   3.44343670e+02   1.47742871e-03
   3.44344159e+02   2.46074912e-03
   3.44344647e+02   1.70162239e-03
   3.44345135e+02   4.36289352e-04
   3.44345624e+02  -3.96667136e-04
   3.44346112e+02  -2.37385021e-03
   3.44346600e+02  -3.22931958e-03
   3.44347089e+02  -2.59496248e-03
   3.44347577e+02  -2.07171193e-03
   3.44348065e+02   1.34114904e-04
   3.44348553e+02   1.93007523e-03
   3.44349042e+02   6.88567059e-04
   3.44349530e+02  -2.26872198e-05
   3.44350018e+02   2.00457638e-03
   3.44350507e+02   4.37432714e-03
   3.44350995e+02   3.59722972e-03
   3.44351483e+02   8.21067020e-04
   3.44351972e+02  -1.38573349e-03
   3.44352460e+02  -1.31374365e-03
   3.44352948e+02   7.09316460e-04
   3.44353437e+02   1.00542000e-03
   3.44353925e+02   1.41344775e-04
   3.44354413e+02   6.88790868e-04
   3.44354901e+02   2.24551302e-03
   3.44355390e+02   1.68955419e-03
   3.44355878e+02  -1.53404777e-04
   3.44356366e+02  -6.94246206e-04
   3.44356855e+02  -5.12416067e-04
   3.44357343e+02   1.17757323e-03
   3.44357831e+02   2.42011319e-03
   3.44358320e+02   1.75840606e-03
   3.44358808e+02   1.95163768e-03
   3.44359296e+02  -1.45859216e-04
   3.44359785e+02  -4.55696229e-03
   3.44360273e+02  -4.10818262e-03
   3.44360761e+02  -5.88595343e-04
   3.44361249e+02   8.45231873e-04
   3.44361738e+02   6.29301474e-04
   3.44362226e+02  -1.24645579e-04
   3.44362714e+02   3.15905694e-04
   3.44363203e+02   2.45245430e-03
   3.44363691e+02   2.35327845e-03
   3.44364179e+02   1.22110359e-04
   3.44364668e+02  -1.08934109e-04
   3.44365156e+02  -1.00539101e-03
   3.44365644e+02  -3.37895239e-03
   3.44366133e+02  -4.10395348e-03
   3.44366621e+02  -2.00090068e-03
   3.44367109e+02  -2.04750011e-03
   3.44367597e+02  -3.20475525e-03
   3.44368086e+02  -1.32057909e-03
   3.44368574e+02   1.12619426e-03
   3.44369062e+02   2.00658711e-03
   3.44369551e+02   1.67381857e-03
   3.44370039e+02   1.16958469e-03
   3.44370527e+02   1.12926347e-04
   3.44371016e+02  -1.06006756e-03
   3.44371504e+02  -2.48151761e-03
   3.44371992e+02  -3.89448460e-03
   3.44372481e+02  -1.78560836e-03
   3.44372969e+02   1.96281448e-03
   3.44373457e+02   2.14964314e-03
   3.44373945e+02  -1.23689068e-04
   3.44374434e+02  -1.64765364e-03
   3.44374922e+02  -1.90839218e-03
   3.44375410e+02  -2.12411303e-03
   3.44375899e+02  -2.05538888e-03
   3.44376387e+02  -1.76091702e-03
   3.44376875e+02  -1.40864949e-03
   3.44377364e+02  -1.63494691e-03
   3.44377852e+02  -9.43941821e-04
   3.44378340e+02   1.75033160e-03
   3.44378829e+02   2.96489103e-03
   3.44379317e+02   2.92102317e-03
   3.44379805e+02   3.14626121e-03
   3.44380294e+02   2.14410853e-03
   3.44380782e+02   1.94262364e-04
   3.44381270e+02  -6.59773534e-04
   3.44381758e+02  -5.45438146e-04
   3.44382247e+02  -1.14428671e-03
   3.44382735e+02  -1.73111737e-03
   3.44383223e+02  -3.65317916e-04
   3.44383712e+02   1.11714902e-03
   3.44384200e+02   3.41472507e-04
   3.44384688e+02   6.09821800e-05
   3.44385177e+02   1.03249768e-04
   3.44385665e+02  -8.81824584e-04
   3.44386153e+02  -1.87916320e-03
   3.44386642e+02  -5.00583788e-04
   3.44387130e+02   1.34706544e-03
   3.44387618e+02   4.30689252e-04
   3.44388106e+02  -2.97359016e-04
   3.44388595e+02   5.89567004e-04
   3.44389083e+02  -7.60806215e-05
   3.44389571e+02  -1.82066963e-03
   3.44390060e+02  -3.41319479e-03
   3.44390548e+02  -4.12033871e-03
   3.44391036e+02  -3.84358526e-03
   3.44391525e+02  -4.04831301e-03
   3.44392013e+02  -3.17801186e-03
   3.44392501e+02   2.62610818e-04
   3.44392990e+02   3.06296814e-03
   3.44393478e+02   6.97233772e-04
   3.44393966e+02  -2.40610959e-03
   3.44394454e+02  -9.53412266e-04
   3.44394943e+02   1.80655683e-03
   3.44395431e+02   3.39869689e-03
   3.44395919e+02   3.16207390e-03
   3.44396408e+02   5.88249590e-04
   3.44396896e+02  -2.15652701e-03
   3.44397384e+02  -1.33657001e-03
   3.44397873e+02   1.06513011e-03
   3.44398361e+02   9.62032122e-04
   3.44398849e+02   3.66735912e-04
   3.44399338e+02  -2.70426128e-04
   3.44399826e+02  -2.63744709e-03
   3.44400314e+02  -4.30145813e-03
   3.44400802e+02  -3.64362216e-03
   3.44401291e+02  -8.65511363e-04
   3.44401779e+02   2.77604721e-03
   3.44402267e+02   2.95836828e-03
   3.44402756e+02  -1.97241723e-04
   3.44403244e+02  -2.19251984e-03
   3.44403732e+02  -2.03573541e-03
   3.44404221e+02  -1.34894613e-03
   3.44404709e+02  -1.76243862e-04
   3.44405197e+02   3.00908112e-03
   3.44405686e+02   3.80583899e-03
   3.44406174e+02   1.56751892e-03
   3.44406662e+02   2.83236569e-03
   3.44407150e+02   4.74071223e-03
   3.44407639e+02   3.77352815e-03
   3.44408127e+02   1.98977417e-03
   3.44408615e+02  -6.74333569e-05
   3.44409104e+02  -8.04606127e-04
   3.44409592e+02   1.59802777e-03
   3.44410080e+02   4.74926271e-03
   3.44410569e+02   5.31155150e-03
   3.44411057e+02   3.16733471e-03
   3.44411545e+02   1.83538045e-03
   3.44412034e+02   2.55790050e-03
   3.44412522e+02   2.01761792e-03
   3.44413010e+02   1.47739251e-03
   3.44413498e+02   1.92055700e-03
   3.44413987e+02   2.07999628e-03
   3.44414475e+02   3.27276648e-03
   3.44414963e+02   2.83228094e-03
   3.44415452e+02   4.06140287e-04
   3.44415940e+02  -9.33525094e-04
   3.44416428e+02  -2.73331278e-03
   3.44416917e+02  -4.06017946e-03
   3.44417405e+02  -2.89497897e-03
   3.44417893e+02  -2.87828239e-04
   3.44418382e+02   1.85163424e-03
   3.44418870e+02   2.34774896e-03
   3.44419358e+02   1.62259117e-03
   3.44419847e+02   5.50974393e-04
   3.44420335e+02   1.21410715e-03
   3.44420823e+02   1.09732582e-03
   3.44421311e+02  -1.64739974e-03
   3.44421800e+02  -2.21649697e-03
   3.44422288e+02  -1.39431446e-03
   3.44422776e+02  -1.83087506e-03
   3.44423265e+02  -1.06289517e-03
   3.44423753e+02   4.21637291e-04
   3.44424241e+02   4.98912596e-06
   3.44424730e+02  -3.03525972e-04
   3.44425218e+02   1.45136879e-03
   3.44425706e+02   1.58275804e-03
   3.44426195e+02   4.40475356e-04
   3.44426683e+02   1.07280200e-03
   3.44427171e+02   1.89292396e-03
   3.44427659e+02   2.15436448e-03
   3.44428148e+02   3.40756867e-03
   3.44428636e+02   3.26792221e-03
   3.44429124e+02   1.27720227e-03
   3.44429613e+02  -5.26659715e-04
   3.44430101e+02  -4.23706049e-04
   3.44430589e+02  -1.33393885e-04
   3.44431078e+02  -2.89480638e-04
   3.44431566e+02  -3.14756704e-04
   3.44432054e+02  -1.70609588e-03
   3.44432543e+02  -1.34568021e-03
   3.44433031e+02   1.18724231e-04
   3.44433519e+02  -6.55514363e-04
   3.44434007e+02  -1.43449393e-03
   3.44434496e+02  -1.98163069e-03
   3.44434984e+02  -2.40561087e-03
   3.44435472e+02  -1.44513720e-03
   3.44435961e+02   8.25855590e-04
   3.44436449e+02   3.11243976e-03
   3.44436937e+02   1.94729795e-03
   3.44437426e+02  -2.23482479e-04
   3.44437914e+02   2.04257522e-04
   3.44438402e+02   1.04089128e-03
   3.44438891e+02   1.41031365e-03
   3.44439379e+02   9.27219226e-04
   3.44439867e+02   9.08564776e-04
   3.44440355e+02   6.80336263e-04
   3.44440844e+02  -1.16877153e-03
   3.44441332e+02  -1.15639355e-03
   3.44441820e+02   4.07610903e-04
   3.44442309e+02   1.05270103e-03
   3.44442797e+02   1.71046145e-03
   3.44443285e+02   3.29128862e-03
   3.44443774e+02   3.75598040e-03
   3.44444262e+02   2.23496975e-03
   3.44444750e+02   1.06280262e-03
   3.44445239e+02  -1.51709728e-05
   3.44445727e+02  -1.32874318e-03
   3.44446215e+02  -2.07025255e-03
   3.44446703e+02  -1.92810921e-03
   3.44447192e+02  -3.72925162e-04
   3.44447680e+02   7.17805524e-04
   3.44448168e+02   1.79514172e-05
   3.44448657e+02  -1.35955203e-03
   3.44449145e+02  -8.34031147e-04
   3.44449633e+02   8.94591431e-05
   3.44450122e+02  -8.58569227e-04
   3.44450610e+02  -8.45094444e-04
   3.44451098e+02  -8.28010961e-04
   3.44451587e+02  -1.57712447e-03
   3.44452075e+02  -4.50083433e-04
   3.44452563e+02   7.02432822e-04
   3.44453051e+02   6.68658584e-04
   3.44453540e+02  -1.41287479e-03
   3.44454028e+02  -2.98981671e-03
   3.44454516e+02  -2.79215048e-03
   3.44455005e+02  -3.62277939e-03
   3.44455493e+02  -2.60733347e-03
   3.44455981e+02   1.10410375e-03
   3.44456470e+02   1.79309223e-03
   3.44456958e+02   5.40984212e-04
   3.44457446e+02   1.87410985e-03
   3.44457935e+02   4.33406234e-03
   3.44458423e+02   3.71110486e-03
   3.44458911e+02   1.79179420e-03
   3.44459400e+02   1.25798560e-03
   3.44459888e+02   8.62392364e-04
   3.44460376e+02   5.39584609e-04
   3.44460864e+02   5.70505683e-04
   3.44461353e+02  -1.55546863e-04
   3.44461841e+02   4.76468325e-04
   3.44462329e+02   3.53140989e-03
   3.44462818e+02   5.07266959e-03
   3.44463306e+02   2.77587189e-03
   3.44463794e+02   4.57439484e-04
   3.44464283e+02   7.94849882e-04
   3.44464771e+02   1.01049291e-03
   3.44465259e+02   1.40069853e-04
   3.44465748e+02  -4.67983016e-04
   3.44466236e+02   4.92931809e-04
   3.44466724e+02   2.43811659e-03
   3.44467212e+02   2.17258488e-03
   3.44467701e+02  -5.26977179e-04
   3.44468189e+02  -8.96442332e-04
   3.44468677e+02  -1.18130015e-03
   3.44469166e+02  -3.18076997e-03
   3.44469654e+02  -2.30603665e-03
   3.44470142e+02   6.91827619e-04
   3.44470631e+02   1.91952649e-03
   3.44471119e+02   1.21277932e-03
   3.44471607e+02   1.33478618e-03
   3.44472096e+02   1.83365378e-03
   3.44472584e+02   7.21423188e-04
   3.44473072e+02   1.21038361e-03
   3.44473560e+02   2.71029933e-03
   3.44474049e+02   3.19451233e-03
   3.44474537e+02   3.24074342e-03
   3.44475025e+02   2.49353051e-03
   3.44475514e+02   1.40620791e-03
   3.44476002e+02   1.73346954e-03
   3.44476490e+02   1.83881784e-03
   3.44476979e+02   2.55689083e-04
   3.44477467e+02   3.62499733e-04
   3.44477955e+02   1.22715940e-03
   3.44478444e+02   2.10704806e-04
   3.44478932e+02  -1.69421535e-03
   3.44479420e+02  -1.62721379e-03
   3.44479908e+02   1.23866281e-04
   3.44480397e+02  -1.68058905e-03
   3.44480885e+02  -4.53912513e-03
   3.44481373e+02  -1.58256432e-03
   3.44481862e+02   1.22606999e-03
   3.44482350e+02   9.13952768e-04
   3.44482838e+02   6.96750358e-04
   3.44483327e+02  -1.51092419e-03
   3.44483815e+02  -3.71198682e-03
   3.44484303e+02  -3.56970099e-03
   3.44484792e+02  -2.86913681e-04
   3.44485280e+02   9.22703184e-04
   3.44485768e+02  -8.89676914e-04
   3.44486256e+02  -1.85549387e-03
   3.44486745e+02  -2.72019906e-03
   3.44487233e+02  -1.69526844e-03
   3.44487721e+02   9.37226287e-04
   3.44488210e+02   1.96588505e-03
   3.44488698e+02   2.44124141e-03
   3.44489186e+02   1.79854420e-03
   3.44489675e+02  -6.74131094e-04
   3.44490163e+02  -2.12699221e-03
   3.44490651e+02  -1.84002926e-03
   3.44491140e+02  -1.85549958e-03
   3.44491628e+02  -2.60915142e-03
   3.44492116e+02  -1.71456183e-03
   3.44492604e+02  -1.00109389e-03
   3.44493093e+02  -2.15034909e-03
   3.44493581e+02  -2.53693084e-03
   3.44494069e+02  -3.05847591e-03
   3.44494558e+02  -3.62457288e-03
   3.44495046e+02  -3.04822996e-03
   3.44495534e+02  -2.36383080e-03
   3.44496023e+02  -1.39322993e-03
   3.44496511e+02   1.02646952e-03
   3.44496999e+02   2.30069528e-03
   3.44497488e+02   7.93284969e-04
   3.44497976e+02  -4.12983034e-04
   3.44498464e+02  -1.97731867e-03
   3.44498953e+02  -2.98436265e-03
   3.44499441e+02  -2.83598946e-03
   3.44499929e+02  -2.60155438e-03
   3.44500417e+02  -6.77616859e-04
   3.44500906e+02   1.47805514e-03
   3.44501394e+02   4.46387450e-04
   3.44501882e+02  -1.39022782e-03
   3.44502371e+02  -1.19956711e-03
   3.44502859e+02  -3.99277691e-04
   3.44503347e+02   6.39009755e-04
   3.44503836e+02  -1.07068359e-03
   3.44504324e+02  -2.84225936e-03
   3.44504812e+02  -1.03782257e-03
   3.44505301e+02   1.85737840e-03
   3.44505789e+02   2.23943591e-03
   3.44506277e+02   1.10682937e-04
   3.44506765e+02  -1.02188275e-03
   3.44507254e+02  -1.49456144e-03
   3.44507742e+02  -1.73474592e-03
   3.44508230e+02   8.51063232e-04
   3.44508719e+02   4.07318911e-03
   3.44509207e+02   4.87410091e-03
   3.44509695e+02   3.86932120e-03
   3.44510184e+02   1.42658630e-03
   3.44510672e+02   1.12322763e-04
   3.44511160e+02   1.57622865e-03
   3.44511649e+02   1.19465461e-03
   3.44512137e+02  -1.27048697e-03
   3.44512625e+02  -1.87417946e-03
   3.44513113e+02  -1.10744462e-04
   3.44513602e+02   7.65083241e-04
   3.44514090e+02  -1.38754098e-04
   3.44514578e+02  -1.87649333e-03
   3.44515067e+02  -2.89271190e-03
   3.44515555e+02  -1.69243780e-03
   3.44516043e+02   9.85885039e-04
   3.44516532e+02   2.75950064e-03
   3.44517020e+02   1.19013828e-03
   3.44517508e+02  -1.11228426e-03
   3.44517997e+02  -4.28537256e-04
   3.44518485e+02  -2.21681054e-04
   3.44518973e+02  -1.29298493e-03
   3.44519461e+02  -1.75193432e-04
   3.44519950e+02   1.81481685e-03
   3.44520438e+02   8.65049195e-04
   3.44520926e+02  -1.86711247e-03
   3.44521415e+02  -1.38570170e-03
   3.44521903e+02   1.56676071e-03
   3.44522391e+02   2.98430049e-03
   3.44522880e+02   1.17111125e-03
   3.44523368e+02  -1.99903850e-03
   3.44523856e+02  -3.82771110e-03
   3.44524345e+02  -3.24058719e-03
   3.44524833e+02  -9.22459469e-04
   3.44525321e+02   1.03934587e-03
   3.44525809e+02   8.34437495e-04
   3.44526298e+02   6.21326792e-04
   3.44526786e+02   1.13917666e-03
   3.44527274e+02   9.27013811e-04
   3.44527763e+02   2.71783880e-04
   3.44528251e+02   1.12090114e-04
   3.44528739e+02   4.03703089e-05
   3.44529228e+02  -1.79026378e-04
   3.44529716e+02  -3.16330552e-04
   3.44530204e+02  -2.19620802e-06
   3.44530693e+02   1.18908843e-04
   3.44531181e+02   1.01238629e-03
   3.44531669e+02   1.65758759e-03
   3.44532157e+02   2.28366232e-04
   3.44532646e+02  -1.31191360e-03
   3.44533134e+02  -1.33215392e-03
   3.44533622e+02  -8.36387335e-04
   3.44534111e+02  -1.79046905e-03
   3.44534599e+02  -2.29150685e-03
   3.44535087e+02  -6.43435051e-04
   3.44535576e+02   1.02861435e-03
   3.44536064e+02   4.52881592e-04
   3.44536552e+02  -2.12789071e-03
   3.44537041e+02  -2.03175866e-03
   3.44537529e+02   1.49928743e-03
   3.44538017e+02   3.24604358e-03
   3.44538506e+02   2.54316605e-03
   3.44538994e+02   4.82950039e-04
   3.44539482e+02  -1.88379933e-03
   3.44539970e+02  -1.34596729e-03
   3.44540459e+02  -5.15489373e-04
   3.44540947e+02  -1.21563952e-03
   3.44541435e+02  -2.04290423e-04
   3.44541924e+02  -2.27154505e-05
   3.44542412e+02  -1.28604518e-03
   3.44542900e+02  -1.51687989e-03
   3.44543389e+02  -2.01117224e-03
   3.44543877e+02  -2.36113672e-03
   3.44544365e+02  -1.46564667e-03
   3.44544854e+02  -1.72433723e-03
   3.44545342e+02  -3.11913993e-03
   3.44545830e+02  -2.10643979e-03
   3.44546318e+02   6.38858008e-04
   3.44546807e+02  -3.96877513e-05
   3.44547295e+02  -2.29715812e-03
   3.44547783e+02  -3.39175412e-03
   3.44548272e+02  -2.97749508e-03
   3.44548760e+02  -1.93566200e-03
   3.44549248e+02  -2.19309819e-03
   3.44549737e+02  -1.68010266e-03
   3.44550225e+02  -9.54344432e-05
   3.44550713e+02   5.41709189e-04
   3.44551202e+02  -5.28305463e-06
   3.44551690e+02  -1.65650994e-03
   3.44552178e+02  -3.85101675e-03
   3.44552666e+02  -4.37614275e-03
   3.44553155e+02  -1.89475762e-03
   3.44553643e+02   1.02354388e-03
   3.44554131e+02   1.03202823e-03
   3.44554620e+02   4.30195447e-04
   3.44555108e+02   1.31276459e-03
   3.44555596e+02   1.56724791e-03
   3.44556085e+02   2.37959763e-03
   3.44556573e+02   4.31224424e-03
   3.44557061e+02   3.74452234e-03
   3.44557550e+02   9.88431508e-04
   3.44558038e+02  -8.61748820e-04
   3.44558526e+02  -1.07859523e-04
   3.44559014e+02   1.03856728e-03
   3.44559503e+02   1.01305137e-03
   3.44559991e+02   5.03141382e-05
   3.44560479e+02  -1.88993954e-03
   3.44560968e+02  -2.06943229e-03
   3.44561456e+02   7.62027979e-04
   3.44561944e+02   2.29045691e-05
   3.44562433e+02  -3.60771106e-03
   3.44562921e+02  -2.96094385e-03
   3.44563409e+02  -3.00377025e-04
   3.44563898e+02   8.05164163e-05
   3.44564386e+02   1.22170942e-03
   3.44564874e+02   3.31011624e-03
   3.44565362e+02   2.75598699e-03
   3.44565851e+02   1.81937939e-03
   3.44566339e+02   4.06231964e-03
   3.44566827e+02   3.44055006e-03
   3.44567316e+02  -1.69178093e-04
   3.44567804e+02  -5.35869840e-05
   3.44568292e+02   1.98560674e-03
   3.44568781e+02   3.37917171e-03
   3.44569269e+02   3.64717003e-03
   3.44569757e+02   1.98652921e-03
   3.44570246e+02   7.34037952e-04
   3.44570734e+02   1.59759750e-03
   3.44571222e+02   1.94157404e-03
   3.44571710e+02   1.38143334e-03
   3.44572199e+02  -1.36157905e-04
   3.44572687e+02  -2.33573932e-03
   3.44573175e+02  -2.10445025e-03
   3.44573664e+02  -1.24277984e-04
   3.44574152e+02   7.56481313e-04
   3.44574640e+02   1.03023858e-03
   3.44575129e+02   1.75016385e-03
   3.44575617e+02   3.52843455e-03
   3.44576105e+02   5.15918480e-03
   3.44576594e+02   3.36750573e-03
   3.44577082e+02   5.46622206e-04
   3.44577570e+02   1.42245344e-03
   3.44578059e+02   1.41889893e-03
   3.44578547e+02   1.11434725e-04
   3.44579035e+02   3.17663304e-04
   3.44579523e+02   4.61245188e-04
   3.44580012e+02   1.31117227e-03
   3.44580500e+02   1.97603065e-03
   3.44580988e+02   1.10592184e-04
   3.44581477e+02  -2.99010077e-03
   3.44581965e+02  -1.56530435e-03
   3.44582453e+02   3.11285164e-03
   3.44582942e+02   3.22727626e-03
   3.44583430e+02   1.67570531e-03
   3.44583918e+02   1.98805891e-03
   3.44584407e+02   1.95526937e-03
   3.44584895e+02   9.58780991e-04
   3.44585383e+02  -9.31436021e-04
   3.44585871e+02  -1.49325142e-03
   3.44586360e+02   2.13781777e-06
   3.44586848e+02   4.56996204e-04
   3.44587336e+02  -3.85537947e-04
   3.44587825e+02  -6.56389107e-04
   3.44588313e+02  -1.82137219e-03
   3.44588801e+02  -3.06384219e-03
   3.44589290e+02  -1.26848416e-03
   3.44589778e+02   1.88742310e-03
   3.44590266e+02   2.89276522e-03
   3.44590755e+02   2.99830898e-03
   3.44591243e+02   3.10635054e-03
   3.44591731e+02   1.15883455e-03
   3.44592219e+02   3.91649257e-04
   3.44592708e+02   1.42362784e-04
   3.44593196e+02  -1.78252510e-03
   3.44593684e+02  -2.08992581e-03
   3.44594173e+02  -1.14441977e-03
   3.44594661e+02  -1.61669590e-03
   3.44595149e+02  -1.86043093e-03
   3.44595638e+02  -3.21000116e-04
   3.44596126e+02   1.22380827e-03
   3.44596614e+02   2.40583337e-04
   3.44597103e+02  -2.02201633e-03
   3.44597591e+02  -2.55616731e-03
   3.44598079e+02  -1.97693799e-03
   3.44598567e+02  -1.01351109e-03
   3.44599056e+02  -9.81009871e-05
   3.44599544e+02  -1.19909132e-03
   3.44600032e+02  -1.25321047e-03
   3.44600521e+02   3.68367764e-04
   3.44601009e+02  -1.58373732e-03
   3.44601497e+02  -4.75128135e-03
   3.44601986e+02  -3.24475300e-03
   3.44602474e+02   8.78029212e-04
   3.44602962e+02   1.54580141e-03
   3.44603451e+02  -5.70602890e-04
   3.44603939e+02  -3.13450280e-03
   3.44604427e+02  -4.99687716e-03
   3.44604915e+02  -3.60382092e-03
   3.44605404e+02  -4.07628744e-04
   3.44605892e+02   6.60493271e-04
   3.44606380e+02   9.30720824e-04
   3.44606869e+02   2.53452477e-03
   3.44607357e+02   4.82708029e-03
   3.44607845e+02   5.09625347e-03
   3.44608334e+02   3.31987045e-03
   3.44608822e+02   1.36020605e-03
   3.44609310e+02   2.86678143e-04
   3.44609799e+02  -5.31237689e-04
   3.44610287e+02  -3.14758020e-03
   3.44610775e+02  -2.67084711e-03
   3.44611263e+02   3.64651816e-04
   3.44611752e+02   9.28841240e-04
   3.44612240e+02   1.10982487e-03
   3.44612728e+02   5.74478006e-04
   3.44613217e+02  -6.78202719e-04
   3.44613705e+02  -2.44280644e-04
   3.44614193e+02   6.86063839e-04
   3.44614682e+02   8.62897665e-04
   3.44615170e+02  -1.52407491e-04
   3.44615658e+02  -1.09424884e-03
   3.44616147e+02  -7.97098968e-04
   3.44616635e+02   4.05369065e-04
   3.44617123e+02   1.80438231e-03
   3.44617612e+02   1.48072839e-03
   3.44618100e+02   5.40463370e-04
   3.44618588e+02   1.83996325e-03
   3.44619076e+02   2.51437700e-03
   3.44619565e+02   2.18869699e-03
   3.44620053e+02   8.74664576e-04
   3.44620541e+02  -2.72039138e-03
   3.44621030e+02  -2.75927037e-03
   3.44621518e+02   5.86894632e-04
   3.44622006e+02   1.12692942e-03
   3.44622495e+02   1.62529672e-04
   3.44622983e+02   6.13172888e-04
   3.44623471e+02   3.50096333e-03
   3.44623960e+02   5.96594904e-03
   3.44624448e+02   3.26698436e-03
   3.44624936e+02  -1.31608546e-03
   3.44625424e+02  -7.91902770e-04
   3.44625913e+02   2.43827025e-03
   3.44626401e+02   2.49104085e-03
   3.44626889e+02   1.10147381e-03
   3.44627378e+02   2.07479345e-03
   3.44627866e+02   3.77471931e-03
   3.44628354e+02   3.60139553e-03
   3.44628843e+02   2.08336161e-03
   3.44629331e+02   4.19657845e-05
   3.44629819e+02  -2.29008775e-03
   3.44630308e+02  -3.25726019e-03
   3.44630796e+02  -2.60497862e-03
   3.44631284e+02  -8.55918333e-04
   3.44631772e+02   1.83191019e-04
   3.44632261e+02  -2.90084281e-04
   3.44632749e+02  -6.87345091e-05
   3.44633237e+02   7.75085413e-04
   3.44633726e+02  -9.08010625e-05
   3.44634214e+02  -1.67987833e-03
   3.44634702e+02  -3.13527673e-03
   3.44635191e+02  -4.13277699e-03
   3.44635679e+02  -2.45172996e-03
   3.44636167e+02  -4.95425658e-04
   3.44636656e+02  -1.17455120e-03
   3.44637144e+02  -1.51620025e-03
   3.44637632e+02  -2.75245198e-04
   3.44638120e+02   1.12078898e-03
   3.44638609e+02   2.04715761e-03
   3.44639097e+02   8.42491572e-04
   3.44639585e+02  -6.08796661e-04
   3.44640074e+02  -1.70217047e-03
   3.44640562e+02  -1.82245986e-03
   3.44641050e+02  -6.22503430e-05
   3.44641539e+02  -1.33854719e-05
   3.44642027e+02  -1.07461342e-03
   3.44642515e+02  -2.00795173e-03
   3.44643004e+02  -2.77323020e-03
   3.44643492e+02  -9.83569887e-04
   3.44643980e+02   1.88524381e-03
   3.44644468e+02   1.49396691e-03
   3.44644957e+02  -1.21728273e-03
   3.44645445e+02  -2.36801081e-03
   3.44645933e+02  -1.46453129e-03
   3.44646422e+02   4.34761110e-04
   3.44646910e+02   5.68206829e-04
   3.44647398e+02  -1.43226760e-03
   3.44647887e+02  -1.11485261e-03
   3.44648375e+02   1.25131139e-03
   3.44648863e+02   1.39437872e-03
   3.44649352e+02  -1.35801383e-04
   3.44649840e+02  -9.94233065e-04
   3.44650328e+02  -1.34977559e-03
   3.44650816e+02  -7.26276019e-04
   3.44651305e+02   2.58334563e-04
   3.44651793e+02   2.59095192e-04
   3.44652281e+02   8.48562922e-04
   3.44652770e+02   1.55045709e-03
   3.44653258e+02   1.16643345e-03
   3.44653746e+02   9.45378677e-04
   3.44654235e+02   4.05416329e-04
   3.44654723e+02  -1.40539557e-03
   3.44655211e+02  -1.74712262e-03
   3.44655700e+02  -2.00483250e-04
   3.44656188e+02  -1.66795362e-04
   3.44656676e+02  -8.71800992e-04
   3.44657165e+02  -3.14030185e-04
   3.44657653e+02   6.02506101e-04
   3.44658141e+02   1.09455013e-03
   3.44658629e+02   1.28056563e-03
   3.44659118e+02   9.71123693e-04
   3.44659606e+02   1.79007970e-04
   3.44660094e+02   9.23706510e-04
   3.44660583e+02   3.00317799e-04
   3.44661071e+02  -2.64103699e-04
   3.44661559e+02   1.26231334e-03
   3.44662048e+02   1.87634211e-03
   3.44662536e+02   4.37229290e-04
   3.44663024e+02  -1.71341456e-03
   3.44663513e+02  -3.06328130e-03
   3.44664001e+02  -1.88366557e-03
   3.44664489e+02  -2.36206461e-06
   3.44664977e+02   4.01740457e-04
   3.44665466e+02   6.77620410e-04
   3.44665954e+02  -7.87160010e-04
   3.44666442e+02  -2.65266746e-03
   3.44666931e+02  -1.43530534e-03
   3.44667419e+02   9.74643917e-04
   3.44667907e+02   1.84965518e-03
   3.44668396e+02   1.10348361e-03
   3.44668884e+02  -4.98374691e-04
   3.44669372e+02  -4.31897439e-04
   3.44669861e+02   7.56751542e-05
   3.44670349e+02  -5.81669272e-04
   3.44670837e+02   5.42985545e-05
   3.44671325e+02   1.81021669e-03
   3.44671814e+02   1.65846234e-03
   3.44672302e+02   1.77037771e-04
   3.44672790e+02   6.09286886e-04
   3.44673279e+02   9.57049546e-04
   3.44673767e+02   2.00687232e-03
   3.44674255e+02   3.30279511e-03
   3.44674744e+02   1.43068878e-03
   3.44675232e+02  -1.01015008e-04
   3.44675720e+02  -4.07059561e-04
   3.44676209e+02  -1.19722181e-03
   3.44676697e+02  -9.35169985e-04
   3.44677185e+02  -4.29042935e-04
   3.44677673e+02  -3.71394854e-04
   3.44678162e+02   6.70637761e-04
   3.44678650e+02   8.86061462e-04
   3.44679138e+02   6.00812607e-04
   3.44679627e+02  -7.45268044e-05
   3.44680115e+02  -1.56401296e-03
   3.44680603e+02  -1.40153244e-03
   3.44681092e+02   2.42686554e-04
   3.44681580e+02   7.94104475e-04
   3.44682068e+02   8.60946719e-04
   3.44682557e+02   1.67128583e-03
   3.44683045e+02   1.71200698e-03
   3.44683533e+02   1.16475474e-03
   3.44684021e+02   3.79931647e-04
   3.44684510e+02   9.99749987e-04
   3.44684998e+02   2.15182547e-03
   3.44685486e+02   1.50791847e-03
   3.44685975e+02   1.42827199e-03
   3.44686463e+02   5.88318449e-04
   3.44686951e+02  -2.42338935e-03
   3.44687440e+02  -3.60097317e-03
   3.44687928e+02  -3.24286241e-03
   3.44688416e+02  -1.60520757e-03
   3.44688905e+02   7.00659119e-04
   3.44689393e+02  -1.66629907e-03
   3.44689881e+02  -2.62030098e-03
   3.44690369e+02   8.87518341e-04
   3.44690858e+02   2.68703070e-03
   3.44691346e+02   1.54273643e-03
   3.44691834e+02  -6.03733701e-04
   3.44692323e+02  -9.05944908e-04
   3.44692811e+02  -7.76205561e-04
   3.44693299e+02  -2.11131899e-03
   3.44693788e+02  -2.72356486e-03
   3.44694276e+02  -3.22776288e-03
   3.44694764e+02  -3.33542866e-03
   3.44695253e+02  -6.59998041e-04
   3.44695741e+02   1.41528610e-03
   3.44696229e+02   5.66886622e-04
   3.44696718e+02   1.42041314e-03
   3.44697206e+02   4.00257576e-03
   3.44697694e+02   3.24767316e-03
   3.44698182e+02   1.71470700e-03
   3.44698671e+02   1.79249258e-03
   3.44699159e+02   1.95612595e-03
   3.44699647e+02   1.20983156e-03
   3.44700136e+02   1.09770673e-03
   3.44700624e+02   1.38212915e-03
   3.44701112e+02  -1.78476761e-03
   3.44701601e+02  -3.26060946e-03
   3.44702089e+02  -1.42112971e-04
   3.44702577e+02   1.53911649e-03
   3.44703066e+02   8.65735812e-04
   3.44703554e+02   1.48563716e-03
   3.44704042e+02   2.58290768e-03
   3.44704530e+02   3.47077171e-03
   3.44705019e+02   3.53486999e-03
   3.44705507e+02   1.53156230e-03
   3.44705995e+02  -4.12309077e-04
   3.44706484e+02  -1.30644941e-03
   3.44706972e+02  -1.87153101e-03
   3.44707460e+02  -5.52111771e-04
   3.44707949e+02   1.30614464e-03
   3.44708437e+02   1.28026027e-03
   3.44708925e+02   3.07273120e-04
   3.44709414e+02  -3.54426884e-04
   3.44709902e+02  -1.42536010e-04
   3.44710390e+02   5.50160650e-04
   3.44710878e+02   3.12073680e-04
   3.44711367e+02   3.04898917e-04
   3.44711855e+02   6.27007801e-04
   3.44712343e+02   8.56510887e-04
   3.44712832e+02   2.13725585e-03
   3.44713320e+02   2.22683907e-03
   3.44713808e+02   5.93361328e-04
   3.44714297e+02   5.46932919e-04
   3.44714785e+02   1.50339375e-03
   3.44715273e+02   2.04308820e-03
   3.44715762e+02   1.23422174e-03
   3.44716250e+02  -7.40171468e-04
   3.44716738e+02  -5.40076348e-04
   3.44717226e+02   7.94896274e-04
   3.44717715e+02   6.47618028e-04
   3.44718203e+02  -2.38839257e-05
   3.44718691e+02  -8.51511781e-04
   3.44719180e+02  -1.22288254e-03
   3.44719668e+02  -1.03451801e-03
   3.44720156e+02  -7.40586547e-04
   3.44720645e+02  -6.88218919e-04
   3.44721133e+02  -9.29941656e-04
   3.44721621e+02   5.44540584e-04
   3.44722110e+02   9.02426546e-04
   3.44722598e+02   2.06873548e-04
   3.44723086e+02  -8.81335291e-04
   3.44723574e+02  -2.57434696e-03
   3.44724063e+02  -1.01232203e-03
   3.44724551e+02   9.21290659e-04
   3.44725039e+02   9.43294202e-04
   3.44725528e+02   1.02552411e-03
   3.44726016e+02   1.48486302e-04
   3.44726504e+02   2.91796809e-04
   3.44726993e+02   8.72240169e-04
   3.44727481e+02   1.07705838e-03
   3.44727969e+02   4.37332178e-03
   3.44728458e+02   5.29132411e-03
   3.44728946e+02   6.93977228e-04
   3.44729434e+02  -2.31082179e-03
   3.44729922e+02  -1.08710164e-03
   3.44730411e+02   2.76642182e-04
   3.44730899e+02   2.94773956e-04
   3.44731387e+02  -6.61843456e-04
   3.44731876e+02  -1.61308388e-03
   3.44732364e+02  -1.34776998e-03
   3.44732852e+02  -1.09570101e-03
   3.44733341e+02  -6.12550008e-04
   3.44733829e+02   6.74281211e-04
   3.44734317e+02   2.10720836e-03
   3.44734806e+02   7.31870125e-04
   3.44735294e+02  -3.45152267e-03
   3.44735782e+02  -4.41864086e-03
   3.44736271e+02  -2.21577892e-03
   3.44736759e+02  -1.16466207e-03
   3.44737247e+02  -8.85252259e-04
   3.44737735e+02  -1.21074123e-03
   3.44738224e+02  -1.68514438e-03
   3.44738712e+02  -8.54817452e-04
   3.44739200e+02   7.06304039e-04
   3.44739689e+02   1.79021666e-03
   3.44740177e+02   1.40219089e-03
   3.44740665e+02  -1.28673913e-04
   3.44741154e+02  -1.90707899e-04
   3.44741642e+02   1.15581346e-03
   3.44742130e+02   2.36424082e-03
   3.44742619e+02   2.09839921e-03
   3.44743107e+02   7.48197723e-04
   3.44743595e+02   2.05296348e-03
   3.44744083e+02   2.38959515e-03
   3.44744572e+02  -2.28562567e-04
   3.44745060e+02  -1.83291268e-03
   3.44745548e+02  -2.10751314e-03
   3.44746037e+02  -2.49958411e-03
   3.44746525e+02  -9.08834569e-04
   3.44747013e+02   9.85254010e-05
   3.44747502e+02  -7.63960299e-04
   3.44747990e+02   8.74394667e-04
   3.44748478e+02   1.53426128e-03
   3.44748967e+02  -1.01182400e-03
   3.44749455e+02  -1.64827681e-03
   3.44749943e+02   6.30348863e-04
   3.44750431e+02   8.87689705e-04
   3.44750920e+02  -1.04008068e-03
   3.44751408e+02  -5.08760917e-04
   3.44751896e+02   1.11038785e-03
   3.44752385e+02  -1.50621476e-04
   3.44752873e+02  -2.98121129e-03
   3.44753361e+02  -2.63357908e-03
   3.44753850e+02  -1.90944318e-03
   3.44754338e+02  -2.36913282e-03
   3.44754826e+02  -1.98686123e-03
   3.44755315e+02  -2.12733634e-03
   3.44755803e+02  -1.13097345e-03
   3.44756291e+02   3.69863119e-05
   3.44756779e+02   1.72678742e-03
   3.44757268e+02   3.60094360e-03
   3.44757756e+02   1.87247235e-03
   3.44758244e+02  -2.11393577e-03
   3.44758733e+02  -2.42406293e-03
   3.44759221e+02   3.18255843e-06
   3.44759709e+02   1.40387728e-03
   3.44760198e+02   1.06967264e-03
   3.44760686e+02  -6.69540896e-04
   3.44761174e+02  -1.14226574e-03
   3.44761663e+02  -2.99298728e-04
   3.44762151e+02  -4.93505097e-04
   3.44762639e+02  -1.03235454e-03
   3.44763127e+02  -1.15688024e-04
   3.44763616e+02   9.00810468e-04
   3.44764104e+02   2.50657159e-03
   3.44764592e+02   3.14027513e-03
   3.44765081e+02   6.45261316e-04
   3.44765569e+02  -1.79888960e-03
   3.44766057e+02  -1.85835187e-03
   3.44766546e+02  -7.54147652e-04
   3.44767034e+02  -2.46391610e-05
   3.44767522e+02   4.43824363e-04
   3.44768011e+02   1.32307934e-03
   3.44768499e+02   2.50987010e-03
   3.44768987e+02   1.71509339e-03
   3.44769475e+02  -3.18985112e-04
   3.44769964e+02  -1.30063202e-03
   3.44770452e+02  -1.51997840e-03
   3.44770940e+02  -2.22369866e-03
   3.44771429e+02  -3.12940800e-03
   3.44771917e+02  -1.11794891e-03
   3.44772405e+02   2.22213054e-03
   3.44772894e+02   2.20209546e-03
   3.44773382e+02   1.65781390e-03
   3.44773870e+02   2.36107688e-03
   3.44774359e+02   2.39111367e-03
   3.44774847e+02   1.58575457e-03
   3.44775335e+02   2.90825585e-04
   3.44775824e+02  -5.75849845e-04
   3.44776312e+02  -1.25570863e-04
   3.44776800e+02   2.58107553e-03
   3.44777288e+02   2.78506312e-03
   3.44777777e+02  -9.44951957e-04
   3.44778265e+02  -1.55811734e-03
   3.44778753e+02  -8.62570421e-04
   3.44779242e+02  -2.40370003e-03
   3.44779730e+02  -2.48605153e-03
   3.44780218e+02  -4.76429326e-04
   3.44780707e+02   1.57186773e-03
   3.44781195e+02   6.74295414e-04
   3.44781683e+02  -7.56495574e-04
   3.44782172e+02  -3.67802917e-04
   3.44782660e+02   3.89049295e-04
   3.44783148e+02   1.64185918e-03
   3.44783636e+02   2.56065233e-03
   3.44784125e+02   3.52540123e-03
   3.44784613e+02   4.27186210e-03
   3.44785101e+02   3.79800145e-03
   3.44785590e+02   2.80940277e-03
   3.44786078e+02  -2.34971536e-04
   3.44786566e+02  -2.15264666e-03
   3.44787055e+02  -5.41775546e-04
   3.44787543e+02   3.94408940e-04
   3.44788031e+02  -3.70570051e-04
   3.44788520e+02  -1.89072709e-03
   3.44789008e+02  -4.60691890e-03
   3.44789496e+02  -4.70833248e-03
   3.44789984e+02  -1.38735515e-03
   3.44790473e+02  -1.12048374e-03
   3.44790961e+02  -2.24472652e-03
   3.44791449e+02   2.32553546e-04
   3.44791938e+02   2.69835722e-03
   3.44792426e+02   1.71248417e-03
   3.44792914e+02   1.35133974e-03
   3.44793403e+02   3.62378987e-03
   3.44793891e+02   3.68196028e-03
   3.44794379e+02   1.44528842e-03
   3.44794868e+02  -4.95147251e-04
   3.44795356e+02  -1.09152636e-03
   3.44795844e+02  -1.15449855e-03
   3.44796332e+02  -8.45239672e-04
   3.44796821e+02  -4.77963767e-04
   3.44797309e+02  -2.74005532e-03
   3.44797797e+02  -3.25814472e-03
   3.44798286e+02   1.63539255e-04
   3.44798774e+02  -1.09279332e-04
   3.44799262e+02  -2.97683966e-03
   3.44799751e+02  -2.93622352e-03
   3.44800239e+02  -1.96833257e-03
   3.44800727e+02  -2.50301487e-03
   3.44801216e+02  -1.71809690e-03
   3.44801704e+02   1.56422891e-03
   3.44802192e+02   2.24647368e-03
   3.44802680e+02   2.45347532e-04
   3.44803169e+02   1.43777375e-04
   3.44803657e+02   1.05172524e-03
   3.44804145e+02   6.63375191e-04
   3.44804634e+02   1.66116294e-03
   3.44805122e+02   2.35363096e-03
   3.44805610e+02   5.25922980e-04
   3.44806099e+02  -8.90279072e-04
   3.44806587e+02  -7.11221423e-04
   3.44807075e+02  -8.73702869e-04
   3.44807564e+02  -1.02364109e-03
   3.44808052e+02  -1.47053413e-03
   3.44808540e+02  -2.89777736e-03
   3.44809028e+02  -2.82291183e-03
   3.44809517e+02  -1.01130060e-03
   3.44810005e+02  -5.04884578e-04
   3.44810493e+02  -9.31269897e-04
   3.44810982e+02  -1.50121795e-03
   3.44811470e+02  -9.06429312e-04
   3.44811958e+02  -1.84462158e-04
   3.44812447e+02  -1.28211963e-04
   3.44812935e+02  -3.07961425e-04
   3.44813423e+02  -1.17845531e-03
   3.44813912e+02  -1.91029499e-03
   3.44814400e+02  -1.50951592e-03
   3.44814888e+02  -6.55792304e-04
   3.44815377e+02   3.16352351e-04
   3.44815865e+02   1.71408337e-03
   3.44816353e+02   1.34694495e-03
   3.44816841e+02  -9.67889384e-04
   3.44817330e+02  -6.29634364e-04
   3.44817818e+02   2.03230837e-03
   3.44818306e+02   2.75863986e-03
   3.44818795e+02   2.23706965e-03
   3.44819283e+02   1.71818247e-03
   3.44819771e+02   1.85567117e-03
   3.44820260e+02   2.94637727e-03
   3.44820748e+02   3.12844594e-03
   3.44821236e+02   4.61958669e-04
   3.44821725e+02  -1.30853802e-03
   3.44822213e+02   2.54101207e-04
   3.44822701e+02   1.78711605e-03
   3.44823189e+02   3.11230007e-03
   3.44823678e+02   3.52819124e-03
   3.44824166e+02   1.78987358e-03
   3.44824654e+02   1.06904900e-03
   3.44825143e+02   3.37278470e-03
   3.44825631e+02   4.63156542e-03
   3.44826119e+02   2.12887372e-03
   3.44826608e+02   2.21357477e-04
   3.44827096e+02   1.06315780e-03
   3.44827584e+02   7.67166202e-04
   3.44828073e+02  -7.03407219e-04
   3.44828561e+02  -1.24243274e-03
   3.44829049e+02   3.33337142e-04
   3.44829537e+02   9.79853910e-04
   3.44830026e+02  -4.25436680e-04
   3.44830514e+02  -1.51699453e-04
   3.44831002e+02   7.20286334e-04
   3.44831491e+02   2.70807970e-04
   3.44831979e+02  -4.36860428e-04
   3.44832467e+02  -1.12331516e-04
   3.44832956e+02  -4.88454971e-05
   3.44833444e+02  -1.82321086e-03
