frequency (GHz), flux (Jy/beam)
   3.43899310e+02  -6.41824096e-04
   3.43899798e+02   1.07422087e-03
   3.43900286e+02   7.90341117e-04
   3.43900774e+02   1.05331384e-03
   3.43901263e+02   1.18046335e-03
   3.43901751e+02   1.20429904e-03
   3.43902239e+02   2.12837406e-03
   3.43902728e+02   2.55778804e-03
   3.43903216e+02   1.21871976e-03
   3.43903704e+02   1.70755479e-03
   3.43904193e+02   1.85448886e-03
   3.43904681e+02   1.84709788e-04
   3.43905169e+02  -1.60129945e-04
   3.43905658e+02   2.19320646e-03
   3.43906146e+02   3.49248783e-03
   3.43906634e+02   1.86969095e-03
   3.43907122e+02  -1.83804275e-03
   3.43907611e+02  -5.48875937e-03
   3.43908099e+02  -2.40509189e-03
   3.43908587e+02   1.72490883e-03
   3.43909076e+02   1.33292517e-04
   3.43909564e+02  -1.55181601e-03
   3.43910052e+02  -2.29531713e-03
   3.43910541e+02  -3.81564000e-03
   3.43911029e+02  -5.28757321e-03
   3.43911517e+02  -5.78336557e-03
   3.43912006e+02  -4.89830552e-03
   3.43912494e+02  -2.29287124e-03
   3.43912982e+02  -6.77455333e-04
   3.43913470e+02  -2.17664614e-03
   3.43913959e+02  -3.47588141e-03
   3.43914447e+02  -1.74156518e-03
   3.43914935e+02  -7.61688125e-06
   3.43915424e+02  -9.71170259e-04
   3.43915912e+02  -1.02275249e-03
   3.43916400e+02   1.00083160e-03
   3.43916889e+02   8.45122500e-04
   3.43917377e+02   8.94886092e-04
   3.43917865e+02   1.00074091e-03
   3.43918354e+02  -9.03878594e-04
   3.43918842e+02  -1.01124926e-03
   3.43919330e+02  -7.43113706e-05
   3.43919818e+02  -1.25374261e-03
   3.43920307e+02  -1.70413812e-03
   3.43920795e+02  -7.16406619e-04
   3.43921283e+02  -3.86903324e-04
   3.43921772e+02  -2.17998153e-04
   3.43922260e+02  -4.79312032e-04
   3.43922748e+02  -4.53761750e-04
   3.43923237e+02  -5.87594928e-04
   3.43923725e+02  -3.81644641e-04
   3.43924213e+02   1.75073175e-04
   3.43924702e+02   4.15242539e-05
   3.43925190e+02  -6.00063300e-04
   3.43925678e+02  -4.75552544e-04
   3.43926166e+02   4.16966970e-04
   3.43926655e+02   7.85355398e-04
   3.43927143e+02  -8.59057909e-05
   3.43927631e+02  -1.20157271e-03
   3.43928120e+02  -1.93955540e-03
   3.43928608e+02  -8.50654906e-04
   3.43929096e+02   1.31234317e-03
   3.43929585e+02   1.52434525e-03
   3.43930073e+02   4.57797374e-04
   3.43930561e+02  -2.45032366e-04
   3.43931050e+02   5.42919617e-04
   3.43931538e+02  -2.67564101e-05
   3.43932026e+02  -2.10287934e-03
   3.43932514e+02  -2.23249267e-03
   3.43933003e+02  -1.54850713e-03
   3.43933491e+02   4.32874367e-04
   3.43933979e+02   3.48249380e-03
   3.43934468e+02   4.07096697e-03
   3.43934956e+02   3.54393385e-03
   3.43935444e+02   1.50321261e-03
   3.43935933e+02  -1.88527047e-03
   3.43936421e+02  -2.11753952e-03
   3.43936909e+02  -1.03059947e-03
   3.43937398e+02  -1.38271600e-03
   3.43937886e+02  -9.88248503e-04
   3.43938374e+02   2.41283816e-03
   3.43938863e+02   3.74923553e-03
   3.43939351e+02   1.40554982e-03
   3.43939839e+02   4.26675193e-04
   3.43940327e+02   3.04171670e-04
   3.43940816e+02  -2.60584318e-04
   3.43941304e+02  -6.50179572e-04
   3.43941792e+02  -2.33187969e-03
   3.43942281e+02  -2.21397588e-03
   3.43942769e+02   1.02965612e-04
   3.43943257e+02   3.46284593e-04
   3.43943746e+02  -2.64076021e-04
   3.43944234e+02   1.26818917e-03
   3.43944722e+02   2.60052178e-03
   3.43945211e+02   1.70047500e-03
   3.43945699e+02   1.33562263e-03
   3.43946187e+02   1.41457550e-03
   3.43946675e+02  -3.10854230e-04
   3.43947164e+02  -1.41811522e-03
   3.43947652e+02  -6.25938992e-04
   3.43948140e+02   1.48679654e-03
   3.43948629e+02   2.30279798e-03
   3.43949117e+02   1.98344397e-03
   3.43949605e+02   2.30186293e-03
   3.43950094e+02   2.24753446e-03
   3.43950582e+02   5.24870644e-04
   3.43951070e+02  -1.29895448e-03
   3.43951559e+02  -1.90296967e-04
   3.43952047e+02   1.26322126e-03
   3.43952535e+02   1.56668728e-04
   3.43953023e+02  -1.71344029e-03
   3.43953512e+02  -1.21285242e-03
   3.43954000e+02   5.53807942e-04
   3.43954488e+02   5.22498332e-04
   3.43954977e+02  -1.09423599e-04
   3.43955465e+02  -2.77294370e-04
   3.43955953e+02   8.19174573e-04
   3.43956442e+02   1.94172899e-03
   3.43956930e+02   1.68083445e-03
   3.43957418e+02   8.37692525e-04
   3.43957907e+02  -4.48620791e-04
   3.43958395e+02  -7.15426460e-04
   3.43958883e+02  -1.10141048e-03
   3.43959371e+02  -9.29286703e-04
   3.43959860e+02  -6.41495979e-04
   3.43960348e+02   4.35981055e-04
   3.43960836e+02   3.14091146e-03
   3.43961325e+02   2.36318936e-03
   3.43961813e+02   9.17546684e-04
   3.43962301e+02   1.03811186e-03
   3.43962790e+02   7.36453105e-04
   3.43963278e+02   7.81064795e-04
   3.43963766e+02   6.14504272e-04
   3.43964255e+02  -8.89918883e-05
   3.43964743e+02  -1.05586357e-03
   3.43965231e+02  -1.86129345e-03
   3.43965719e+02  -4.54323483e-04
   3.43966208e+02   2.74201273e-03
   3.43966696e+02   5.00435894e-03
   3.43967184e+02   4.99992073e-03
   3.43967673e+02   2.34269258e-03
   3.43968161e+02  -3.49302340e-04
   3.43968649e+02  -2.72955018e-04
   3.43969138e+02  -6.53903175e-04
   3.43969626e+02  -2.01973179e-03
   3.43970114e+02  -1.15675002e-03
   3.43970603e+02   3.71966569e-04
   3.43971091e+02   3.38689511e-04
   3.43971579e+02   1.40228687e-04
   3.43972067e+02  -3.34980839e-04
   3.43972556e+02  -1.69559720e-03
   3.43973044e+02  -1.42749050e-03
   3.43973532e+02  -3.79511221e-05
   3.43974021e+02  -1.92157269e-04
   3.43974509e+02  -1.28408743e-03
   3.43974997e+02  -1.29488733e-04
   3.43975486e+02   7.44692516e-04
   3.43975974e+02  -4.61845833e-04
   3.43976462e+02   3.36434518e-04
   3.43976951e+02   7.51469808e-04
   3.43977439e+02  -1.16932660e-03
   3.43977927e+02  -8.36603111e-04
   3.43978416e+02   1.17782806e-03
   3.43978904e+02   1.69872772e-03
   3.43979392e+02   1.49608089e-03
   3.43979880e+02   9.52683680e-04
   3.43980369e+02   1.31892390e-04
   3.43980857e+02  -9.60523321e-04
   3.43981345e+02  -2.45715142e-04
   3.43981834e+02   2.87702587e-03
   3.43982322e+02   2.79896939e-03
   3.43982810e+02   2.27150944e-04
   3.43983299e+02   1.95596018e-04
   3.43983787e+02   2.24925127e-04
   3.43984275e+02  -1.56295008e-03
   3.43984764e+02  -9.50166082e-04
   3.43985252e+02   1.78090855e-03
   3.43985740e+02   1.05081149e-03
   3.43986228e+02  -1.54759968e-03
   3.43986717e+02  -1.79509388e-03
   3.43987205e+02  -1.81780814e-03
   3.43987693e+02  -3.31779639e-03
   3.43988182e+02  -3.37961619e-03
   3.43988670e+02  -2.08905432e-03
   3.43989158e+02  -2.05593742e-03
   3.43989647e+02  -3.10762576e-03
   3.43990135e+02  -2.56601372e-03
   3.43990623e+02  -8.31786660e-04
   3.43991112e+02   1.60158286e-03
   3.43991600e+02   3.20385373e-03
   3.43992088e+02   2.23465334e-03
   3.43992576e+02   6.83831167e-04
   3.43993065e+02  -1.38077151e-03
   3.43993553e+02  -2.55396799e-03
   3.43994041e+02  -6.76054973e-04
   3.43994530e+02   1.45022676e-03
   3.43995018e+02   8.04187672e-04
   3.43995506e+02   2.98722560e-04
   3.43995995e+02   8.10384285e-04
   3.43996483e+02   8.98883736e-04
   3.43996971e+02   2.27814168e-03
   3.43997460e+02   3.04629514e-03
   3.43997948e+02   7.97434826e-04
   3.43998436e+02  -1.36322831e-03
   3.43998924e+02  -7.07858650e-04
   3.43999413e+02   7.42502161e-04
   3.43999901e+02   7.49837724e-04
   3.44000389e+02  -1.29974680e-04
   3.44000878e+02  -2.41112662e-04
   3.44001366e+02   6.53542811e-04
   3.44001854e+02  -3.37209261e-04
   3.44002343e+02  -1.71528419e-03
   3.44002831e+02  -1.82076963e-03
   3.44003319e+02  -1.78715296e-03
   3.44003808e+02  -1.51416651e-04
   3.44004296e+02   1.05510396e-03
   3.44004784e+02   1.82926931e-04
   3.44005272e+02  -3.27996269e-04
   3.44005761e+02   1.33247318e-04
   3.44006249e+02   1.08942273e-03
   3.44006737e+02   7.28384417e-04
   3.44007226e+02   1.78125512e-04
   3.44007714e+02   3.27297457e-04
   3.44008202e+02   9.88026295e-05
   3.44008691e+02  -5.08519355e-04
   3.44009179e+02  -2.09207719e-04
   3.44009667e+02  -6.54399686e-04
   3.44010156e+02  -1.20272627e-03
   3.44010644e+02  -4.56743437e-05
   3.44011132e+02   1.34795686e-04
   3.44011620e+02  -7.38854287e-04
   3.44012109e+02   2.51719612e-04
   3.44012597e+02   6.25267974e-04
   3.44013085e+02  -1.75102707e-03
   3.44013574e+02  -2.17730482e-03
   3.44014062e+02  -1.38165755e-03
   3.44014550e+02   9.05716617e-04
   3.44015039e+02   3.40527762e-03
   3.44015527e+02   2.62418436e-03
   3.44016015e+02  -1.37562142e-03
   3.44016504e+02  -4.34281258e-03
   3.44016992e+02  -4.08439757e-03
   3.44017480e+02  -1.42156961e-03
   3.44017969e+02  -1.21279492e-03
   3.44018457e+02  -2.05436652e-03
   3.44018945e+02  -7.95524975e-04
   3.44019433e+02   5.29276731e-04
   3.44019922e+02   2.20187800e-03
   3.44020410e+02   3.57656949e-03
   3.44020898e+02   2.63590924e-03
   3.44021387e+02   1.21664105e-03
   3.44021875e+02   6.39893056e-04
   3.44022363e+02   8.28576507e-04
   3.44022852e+02   7.07995903e-04
   3.44023340e+02   8.07102944e-04
   3.44023828e+02   1.09090749e-03
   3.44024317e+02   2.03270873e-04
   3.44024805e+02   8.42934460e-05
   3.44025293e+02   6.26191671e-04
   3.44025781e+02  -9.18254140e-04
   3.44026270e+02  -1.50215917e-03
   3.44026758e+02  -1.52467354e-03
   3.44027246e+02  -1.07245450e-03
   3.44027735e+02   3.25074536e-04
   3.44028223e+02  -6.25542772e-04
   3.44028711e+02  -1.48977782e-03
   3.44029200e+02  -5.07493271e-04
   3.44029688e+02   2.31546161e-04
   3.44030176e+02  -2.35084037e-04
   3.44030665e+02  -4.24460086e-06
   3.44031153e+02   9.03078180e-04
   3.44031641e+02   6.12914213e-04
   3.44032129e+02   2.83694098e-04
   3.44032618e+02   1.26610685e-03
   3.44033106e+02   1.75023451e-03
   3.44033594e+02   1.67524419e-03
   3.44034083e+02   2.41871714e-03
   3.44034571e+02   2.92701088e-03
   3.44035059e+02   1.96415465e-03
   3.44035548e+02   8.56158847e-04
   3.44036036e+02   1.02121860e-03
   3.44036524e+02   2.13627843e-03
   3.44037013e+02   3.01901391e-03
   3.44037501e+02   3.46141588e-03
   3.44037989e+02   3.22005828e-03
   3.44038477e+02   8.73153040e-04
   3.44038966e+02  -1.04522309e-03
   3.44039454e+02  -6.47698471e-05
   3.44039942e+02   5.37148910e-04
   3.44040431e+02  -6.50208793e-04
   3.44040919e+02  -1.22226973e-03
   3.44041407e+02  -2.56454805e-03
   3.44041896e+02  -2.92874477e-03
   3.44042384e+02  -1.14184537e-03
   3.44042872e+02  -3.87416134e-04
   3.44043361e+02   1.54110091e-03
   3.44043849e+02   3.84739717e-03
   3.44044337e+02   3.37247713e-03
   3.44044825e+02   1.72005559e-03
   3.44045314e+02   8.40360648e-04
   3.44045802e+02   9.20433376e-04
   3.44046290e+02   8.32684105e-04
   3.44046779e+02   1.08087540e-03
   3.44047267e+02   2.43224669e-03
   3.44047755e+02   3.79568199e-03
   3.44048244e+02   3.43992212e-03
   3.44048732e+02   2.18527392e-04
   3.44049220e+02  -3.66112380e-03
   3.44049709e+02  -3.78139992e-03
   3.44050197e+02  -1.11693505e-03
   3.44050685e+02   2.75920611e-04
   3.44051173e+02   6.49911119e-04
   3.44051662e+02  -4.51144064e-04
   3.44052150e+02  -2.54652323e-03
   3.44052638e+02  -2.23711459e-03
   3.44053127e+02  -4.16419585e-04
   3.44053615e+02   3.18134204e-04
   3.44054103e+02  -2.29760213e-03
   3.44054592e+02  -4.04734397e-03
   3.44055080e+02  -1.03441277e-03
   3.44055568e+02   1.73474452e-03
   3.44056057e+02   6.98583026e-04
   3.44056545e+02  -1.33212435e-03
   3.44057033e+02  -2.13775830e-03
   3.44057522e+02  -1.33061991e-03
   3.44058010e+02  -7.86630379e-04
   3.44058498e+02   2.51110265e-04
   3.44058986e+02   2.36668787e-03
   3.44059475e+02   3.47897806e-03
   3.44059963e+02   2.19320087e-03
   3.44060451e+02  -3.61615850e-04
   3.44060940e+02  -1.05117401e-03
   3.44061428e+02   1.14225922e-03
   3.44061916e+02   1.55279413e-03
   3.44062405e+02  -4.67333040e-04
   3.44062893e+02  -6.67891814e-04
   3.44063381e+02   1.29482755e-03
   3.44063870e+02   2.35875719e-03
   3.44064358e+02   1.12727680e-03
   3.44064846e+02  -6.30624767e-04
   3.44065334e+02  -2.53840070e-03
   3.44065823e+02  -2.36745202e-03
   3.44066311e+02  -9.17168276e-04
   3.44066799e+02  -1.00399926e-03
   3.44067288e+02  -5.00888505e-04
   3.44067776e+02   2.80336314e-03
   3.44068264e+02   3.85606056e-03
   3.44068753e+02  -9.45341599e-04
   3.44069241e+02  -2.69893487e-03
   3.44069729e+02   1.01841625e-03
   3.44070218e+02   3.16498266e-03
   3.44070706e+02   2.26196414e-03
   3.44071194e+02   4.68261569e-04
   3.44071682e+02  -4.95263899e-04
   3.44072171e+02   4.42685356e-04
   3.44072659e+02   2.41373014e-03
   3.44073147e+02   3.90030234e-03
   3.44073636e+02   2.12829956e-03
   3.44074124e+02  -1.50562287e-03
   3.44074612e+02  -2.65902048e-03
   3.44075101e+02  -1.83754088e-03
   3.44075589e+02  -1.15864305e-03
   3.44076077e+02  -6.89809793e-04
   3.44076566e+02  -1.74350746e-04
   3.44077054e+02  -1.48203893e-04
   3.44077542e+02   8.18373926e-04
   3.44078030e+02   2.14680377e-03
   3.44078519e+02   1.71792775e-03
   3.44079007e+02   8.41287329e-05
   3.44079495e+02  -3.58531164e-04
   3.44079984e+02   1.05149357e-03
   3.44080472e+02   7.68974831e-04
   3.44080960e+02  -4.28485771e-04
   3.44081449e+02   5.59881919e-05
   3.44081937e+02   2.54609535e-04
   3.44082425e+02   4.01531870e-04
   3.44082914e+02   7.73965439e-04
   3.44083402e+02   1.47404033e-03
   3.44083890e+02   1.84228364e-03
   3.44084378e+02   2.77405459e-04
   3.44084867e+02  -4.04393824e-04
   3.44085355e+02  -1.25549428e-04
   3.44085843e+02  -8.27437398e-05
   3.44086332e+02   1.33349863e-03
   3.44086820e+02   1.50304125e-03
   3.44087308e+02  -3.38728627e-04
   3.44087797e+02  -2.21502688e-03
   3.44088285e+02  -1.25941460e-03
   3.44088773e+02   8.51478369e-04
   3.44089262e+02   7.96345994e-04
   3.44089750e+02   6.55534677e-04
   3.44090238e+02   4.35479858e-04
   3.44090726e+02  -4.73072898e-04
   3.44091215e+02   1.15699164e-04
   3.44091703e+02   2.52499734e-03
   3.44092191e+02   2.71577877e-03
   3.44092680e+02   9.18565842e-04
   3.44093168e+02   1.11922401e-03
   3.44093656e+02   1.09324275e-04
   3.44094145e+02  -2.27637356e-03
   3.44094633e+02  -2.09225062e-03
   3.44095121e+02   6.81171776e-04
   3.44095610e+02   1.33431284e-03
   3.44096098e+02  -2.83707595e-05
   3.44096586e+02   3.80368321e-04
   3.44097075e+02   7.61409639e-04
   3.44097563e+02   2.16760891e-04
   3.44098051e+02   2.02473529e-04
   3.44098539e+02  -6.46619737e-05
   3.44099028e+02   9.85600636e-04
   3.44099516e+02   1.42897177e-03
   3.44100004e+02  -6.21780418e-05
   3.44100493e+02  -5.71113371e-04
   3.44100981e+02  -3.72276554e-04
   3.44101469e+02   4.60548210e-04
   3.44101958e+02   2.66221049e-03
   3.44102446e+02   4.12245700e-03
   3.44102934e+02   2.87775975e-03
   3.44103423e+02  -2.22590344e-04
   3.44103911e+02  -6.98067364e-04
   3.44104399e+02   1.72960979e-03
   3.44104887e+02   2.45186128e-03
   3.44105376e+02   5.61060151e-04
   3.44105864e+02  -9.13425931e-04
   3.44106352e+02  -1.48588372e-03
   3.44106841e+02  -8.32272170e-04
   3.44107329e+02   9.94612114e-04
   3.44107817e+02   1.77256810e-03
   3.44108306e+02   1.08152523e-03
   3.44108794e+02   6.50614384e-04
   3.44109282e+02   2.63708731e-04
   3.44109771e+02  -1.09888625e-03
   3.44110259e+02  -1.16538419e-03
   3.44110747e+02  -2.00265989e-04
   3.44111235e+02  -3.53685929e-04
   3.44111724e+02  -1.27975552e-04
   3.44112212e+02  -6.89040928e-04
   3.44112700e+02  -2.30473327e-03
   3.44113189e+02  -1.62541308e-03
   3.44113677e+02   1.06957916e-03
   3.44114165e+02   1.94874452e-03
   3.44114654e+02   3.32433730e-04
   3.44115142e+02   6.84855258e-05
   3.44115630e+02   6.39648351e-04
   3.44116119e+02   1.90076884e-03
   3.44116607e+02   2.03999644e-03
   3.44117095e+02  -5.89241390e-04
   3.44117583e+02  -1.10629876e-03
   3.44118072e+02   6.60392572e-04
   3.44118560e+02  -7.84989970e-04
   3.44119048e+02  -2.87825847e-03
   3.44119537e+02  -2.58269114e-03
   3.44120025e+02  -2.12445972e-03
   3.44120513e+02  -2.55833729e-03
   3.44121002e+02  -2.57507549e-03
   3.44121490e+02  -5.30819874e-04
   3.44121978e+02   2.41995347e-03
   3.44122467e+02   2.15473375e-03
   3.44122955e+02   1.85907981e-03
   3.44123443e+02   3.03476490e-03
   3.44123931e+02   2.74338759e-03
   3.44124420e+02   1.79697771e-03
   3.44124908e+02   3.25333007e-04
   3.44125396e+02   2.65992538e-04
   3.44125885e+02   7.31809181e-04
   3.44126373e+02  -1.74818316e-03
   3.44126861e+02  -2.94637261e-03
   3.44127350e+02  -8.03313917e-04
   3.44127838e+02   1.22054119e-03
   3.44128326e+02   2.00510374e-03
   3.44128815e+02   2.28375243e-03
   3.44129303e+02   7.92151957e-04
   3.44129791e+02  -2.00520805e-03
   3.44130279e+02  -2.58500339e-03
   3.44130768e+02  -1.20900385e-03
   3.44131256e+02  -1.10794872e-03
   3.44131744e+02  -1.51612714e-03
   3.44132233e+02  -1.08497858e-04
   3.44132721e+02   1.29502302e-03
   3.44133209e+02   1.48164516e-03
   3.44133698e+02   1.73540122e-03
   3.44134186e+02   3.18530831e-03
   3.44134674e+02   3.74915660e-03
   3.44135163e+02   1.15518528e-03
   3.44135651e+02  -1.12012506e-03
   3.44136139e+02  -9.63813975e-04
   3.44136628e+02  -3.34743934e-04
   3.44137116e+02   4.78130358e-04
   3.44137604e+02   1.12788740e-03
   3.44138092e+02   1.76238210e-03
   3.44138581e+02   1.52051146e-03
   3.44139069e+02  -1.08352186e-04
   3.44139557e+02  -2.42031319e-03
   3.44140046e+02  -3.28542828e-03
   3.44140534e+02  -2.37410818e-03
   3.44141022e+02  -1.78143068e-03
   3.44141511e+02  -1.21432531e-03
   3.44141999e+02  -1.57745802e-04
   3.44142487e+02  -6.79875840e-04
   3.44142976e+02  -1.99180981e-03
   3.44143464e+02  -1.82520726e-03
   3.44143952e+02  -8.04467709e-04
   3.44144440e+02  -8.13255669e-04
   3.44144929e+02  -3.03106412e-04
   3.44145417e+02   8.21681810e-04
   3.44145905e+02  -8.90793395e-04
   3.44146394e+02  -1.62178127e-03
   3.44146882e+02   1.02250619e-04
   3.44147370e+02   7.97567482e-04
   3.44147859e+02   1.21914386e-03
   3.44148347e+02   1.85300689e-03
   3.44148835e+02   1.05356507e-03
   3.44149324e+02  -5.19695459e-04
   3.44149812e+02  -6.07056601e-04
   3.44150300e+02  -8.74541351e-04
   3.44150788e+02  -7.37596347e-05
   3.44151277e+02   2.81214272e-03
   3.44151765e+02   2.96409754e-03
   3.44152253e+02   2.30691410e-04
   3.44152742e+02  -1.38857984e-03
   3.44153230e+02  -2.56140181e-03
   3.44153718e+02  -2.07524677e-03
   3.44154207e+02   1.68499071e-04
   3.44154695e+02   5.22104237e-05
   3.44155183e+02  -1.64692767e-03
   3.44155672e+02  -4.24213381e-03
   3.44156160e+02  -5.83467819e-03
   3.44156648e+02  -3.24252504e-03
   3.44157136e+02  -1.20194699e-03
   3.44157625e+02  -1.51160138e-03
   3.44158113e+02  -3.71056172e-04
   3.44158601e+02   7.03656871e-04
   3.44159090e+02   7.66830752e-04
   3.44159578e+02   5.88708848e-04
   3.44160066e+02  -3.15249636e-04
   3.44160555e+02  -2.18968070e-03
   3.44161043e+02  -2.30655773e-03
   3.44161531e+02  -1.51614402e-03
   3.44162020e+02  -1.29325397e-03
   3.44162508e+02  -1.30796921e-03
   3.44162996e+02  -1.74507615e-03
   3.44163484e+02  -1.20813807e-03
   3.44163973e+02   1.05117413e-03
   3.44164461e+02   4.21736203e-03
   3.44164949e+02   3.96848191e-03
   3.44165438e+02   7.05139129e-04
   3.44165926e+02  -5.82998851e-04
   3.44166414e+02  -8.94724275e-04
   3.44166903e+02  -1.41861604e-03
   3.44167391e+02  -1.22677331e-04
   3.44167879e+02   1.48467114e-03
   3.44168368e+02   1.02659578e-04
   3.44168856e+02  -2.71669962e-03
   3.44169344e+02  -4.00421163e-03
   3.44169832e+02  -3.33519699e-03
   3.44170321e+02  -2.92705651e-03
   3.44170809e+02  -2.98477337e-03
   3.44171297e+02  -2.08770158e-03
   3.44171786e+02  -8.06921395e-04
   3.44172274e+02   1.30788609e-03
   3.44172762e+02   3.54174408e-03
   3.44173251e+02   2.88100238e-03
   3.44173739e+02   1.90381761e-05
   3.44174227e+02   5.00251306e-04
   3.44174716e+02   2.94643990e-03
   3.44175204e+02   2.36206036e-03
   3.44175692e+02  -5.89745061e-04
   3.44176181e+02  -2.15986278e-03
   3.44176669e+02  -2.01453967e-03
   3.44177157e+02  -1.94631319e-03
   3.44177645e+02  -8.94944475e-04
   3.44178134e+02  -1.18249554e-04
   3.44178622e+02  -1.64855900e-03
   3.44179110e+02  -2.43788026e-03
   3.44179599e+02   2.08493308e-04
   3.44180087e+02   2.56319996e-03
   3.44180575e+02   1.68782938e-03
   3.44181064e+02   1.97951333e-04
   3.44181552e+02  -1.99439307e-03
   3.44182040e+02  -2.64697941e-03
   3.44182529e+02  -1.61358539e-03
   3.44183017e+02  -1.71419256e-03
   3.44183505e+02  -1.17891957e-03
   3.44183993e+02  -7.87029392e-04
   3.44184482e+02  -7.86454417e-04
   3.44184970e+02  -1.10807503e-03
   3.44185458e+02  -1.52792444e-03
   3.44185947e+02  -3.08093242e-03
   3.44186435e+02  -4.43015806e-03
   3.44186923e+02  -1.93126209e-03
   3.44187412e+02   9.67849337e-04
   3.44187900e+02   1.41407957e-03
   3.44188388e+02   1.76830497e-03
   3.44188877e+02   2.33637542e-03
   3.44189365e+02   2.01409170e-03
   3.44189853e+02   1.27836643e-03
   3.44190341e+02   2.87668081e-04
   3.44190830e+02  -1.29986787e-03
   3.44191318e+02  -2.30303360e-03
   3.44191806e+02  -2.19935318e-03
   3.44192295e+02  -1.24175067e-03
   3.44192783e+02  -1.38114579e-03
   3.44193271e+02  -2.71680858e-03
   3.44193760e+02  -2.03969493e-03
   3.44194248e+02  -3.48370493e-04
   3.44194736e+02  -6.76051641e-05
   3.44195225e+02   1.95048357e-04
   3.44195713e+02   1.74111407e-03
   3.44196201e+02   2.40444322e-03
   3.44196689e+02   1.48695405e-03
   3.44197178e+02   1.38984382e-04
   3.44197666e+02   1.05303465e-04
   3.44198154e+02   1.33337162e-03
   3.44198643e+02   2.31825211e-03
   3.44199131e+02   2.04621768e-03
   3.44199619e+02   5.82710083e-04
   3.44200108e+02   1.03843398e-03
   3.44200596e+02   3.91033618e-03
   3.44201084e+02   2.97520892e-03
   3.44201573e+02  -1.69327867e-03
   3.44202061e+02  -3.15406499e-03
   3.44202549e+02  -6.55371405e-04
   3.44203037e+02   1.97219453e-03
   3.44203526e+02   3.70424893e-03
   3.44204014e+02   3.12724663e-03
   3.44204502e+02   6.71518734e-04
   3.44204991e+02  -6.82846643e-04
   3.44205479e+02  -7.64766999e-04
   3.44205967e+02  -1.18566514e-03
   3.44206456e+02  -3.96289426e-04
   3.44206944e+02   1.56996038e-03
   3.44207432e+02   1.87620695e-03
   3.44207921e+02   7.59327144e-04
   3.44208409e+02  -9.62640508e-04
   3.44208897e+02  -1.06996763e-03
   3.44209385e+02  -3.54539981e-04
   3.44209874e+02  -6.79688528e-04
   3.44210362e+02   7.50851876e-04
   3.44210850e+02   2.21343455e-03
   3.44211339e+02   8.09351564e-04
   3.44211827e+02  -7.84268021e-04
   3.44212315e+02  -7.98277790e-04
   3.44212804e+02  -7.39408788e-05
   3.44213292e+02   1.08325633e-03
   3.44213780e+02   1.63826265e-03
   3.44214269e+02   1.77298393e-03
   3.44214757e+02   2.83884094e-03
   3.44215245e+02   4.03386913e-03
   3.44215734e+02   3.09874211e-03
   3.44216222e+02   1.35869102e-03
   3.44216710e+02   5.40026696e-04
   3.44217198e+02   1.83693110e-03
   3.44217687e+02   3.29078524e-03
   3.44218175e+02   2.66688806e-03
   3.44218663e+02   1.15785061e-03
   3.44219152e+02   1.42548131e-04
   3.44219640e+02   1.90925384e-05
   3.44220128e+02   3.65967397e-04
   3.44220617e+02   7.33769702e-05
   3.44221105e+02  -1.12888764e-03
   3.44221593e+02  -1.40933297e-03
   3.44222082e+02  -6.32788520e-04
   3.44222570e+02   1.35045126e-03
   3.44223058e+02   2.37075659e-03
   3.44223546e+02   1.20762840e-03
   3.44224035e+02   1.23335281e-04
   3.44224523e+02  -1.25329578e-04
   3.44225011e+02   2.15739667e-04
   3.44225500e+02   9.32895404e-04
   3.44225988e+02   1.47306139e-03
   3.44226476e+02   1.22143026e-03
   3.44226965e+02   1.10636430e-03
   3.44227453e+02   1.55048899e-03
   3.44227941e+02   2.33681127e-03
   3.44228430e+02   2.15662131e-03
   3.44228918e+02   1.85815006e-04
   3.44229406e+02  -1.90669671e-03
   3.44229894e+02  -2.31601857e-03
   3.44230383e+02  -4.20234195e-04
   3.44230871e+02   1.90854736e-03
   3.44231359e+02   1.89907860e-03
   3.44231848e+02   3.52640520e-04
   3.44232336e+02   1.27146207e-03
   3.44232824e+02   2.26577930e-03
   3.44233313e+02   2.85740010e-04
   3.44233801e+02  -5.66193310e-04
   3.44234289e+02   1.35986635e-03
   3.44234778e+02   1.65077241e-03
   3.44235266e+02   2.16016939e-04
   3.44235754e+02  -1.90943305e-04
   3.44236242e+02  -2.56378582e-04
   3.44236731e+02   4.70236380e-04
   3.44237219e+02   5.34271705e-04
   3.44237707e+02  -1.90327480e-03
   3.44238196e+02  -3.85593204e-03
   3.44238684e+02  -2.45530717e-03
   3.44239172e+02  -8.48772004e-04
   3.44239661e+02  -1.17484771e-03
   3.44240149e+02  -2.14340794e-03
   3.44240637e+02  -1.60013430e-03
   3.44241126e+02   3.72702692e-04
   3.44241614e+02   1.34742365e-03
   3.44242102e+02   4.78184520e-04
   3.44242590e+02  -3.14398814e-04
   3.44243079e+02  -9.35877440e-04
   3.44243567e+02  -1.65186229e-03
   3.44244055e+02  -4.57741204e-04
   3.44244544e+02   2.27522710e-03
   3.44245032e+02   3.66998743e-03
   3.44245520e+02   3.47623136e-03
   3.44246009e+02   3.17544397e-03
   3.44246497e+02   3.40131507e-03
   3.44246985e+02   3.72971524e-03
   3.44247474e+02   5.50741039e-04
   3.44247962e+02  -2.18036724e-03
   3.44248450e+02  -3.94748407e-04
   3.44248938e+02   8.52019992e-04
   3.44249427e+02   3.09215137e-03
   3.44249915e+02   3.27532180e-03
   3.44250403e+02   1.71542354e-03
   3.44250892e+02   1.04568072e-03
   3.44251380e+02   1.99238840e-03
   3.44251868e+02   3.71289114e-03
   3.44252357e+02   3.48898699e-03
   3.44252845e+02   1.14413921e-03
   3.44253333e+02  -5.25382755e-04
   3.44253822e+02  -1.19971810e-03
   3.44254310e+02   1.28273232e-05
   3.44254798e+02   5.85322501e-04
   3.44255286e+02  -1.02631166e-03
   3.44255775e+02  -5.09913079e-05
   3.44256263e+02   1.05609815e-03
   3.44256751e+02   1.36128156e-05
   3.44257240e+02   2.07669172e-03
   3.44257728e+02   4.33225231e-03
   3.44258216e+02   2.92067276e-03
   3.44258705e+02   1.63505331e-03
   3.44259193e+02   1.23954681e-03
   3.44259681e+02   4.19672346e-04
   3.44260170e+02   5.63400390e-04
   3.44260658e+02   3.11535201e-04
   3.44261146e+02   1.73243607e-04
   3.44261635e+02   1.25803158e-03
   3.44262123e+02   2.15205853e-03
   3.44262611e+02   1.35836622e-03
   3.44263099e+02  -4.51682718e-05
   3.44263588e+02   5.99024817e-04
   3.44264076e+02   1.52986590e-03
   3.44264564e+02   1.34642469e-03
   3.44265053e+02   1.39684207e-03
   3.44265541e+02   9.20109567e-04
   3.44266029e+02  -2.73930607e-04
   3.44266518e+02   3.84133455e-04
   3.44267006e+02   9.02919623e-04
   3.44267494e+02  -9.32752737e-05
   3.44267983e+02  -8.43525690e-04
   3.44268471e+02  -9.88244079e-04
   3.44268959e+02  -5.40733396e-04
   3.44269447e+02   9.44095256e-04
   3.44269936e+02   1.31419650e-03
   3.44270424e+02   8.50133831e-04
   3.44270912e+02   1.05406973e-03
   3.44271401e+02   2.23266403e-03
   3.44271889e+02   2.40041781e-03
   3.44272377e+02   1.56921218e-03
   3.44272866e+02   1.76327571e-03
   3.44273354e+02   1.74828898e-03
   3.44273842e+02  -1.00404868e-04
   3.44274331e+02   7.04376842e-04
   3.44274819e+02   4.26773075e-03
   3.44275307e+02   3.69399833e-03
   3.44275795e+02  -2.70512770e-04
   3.44276284e+02  -8.95687204e-04
   3.44276772e+02  -1.19603901e-04
   3.44277260e+02  -1.54488336e-03
   3.44277749e+02  -3.12191062e-03
   3.44278237e+02  -3.32036498e-03
   3.44278725e+02  -3.57828871e-03
   3.44279214e+02  -4.47525457e-03
   3.44279702e+02  -4.56428807e-03
   3.44280190e+02  -3.72862443e-03
   3.44280679e+02  -2.55436241e-03
   3.44281167e+02  -1.58039876e-03
   3.44281655e+02  -1.83076831e-03
   3.44282143e+02  -1.15273357e-03
   3.44282632e+02   1.19389186e-03
   3.44283120e+02   1.33310549e-03
   3.44283608e+02  -7.77934561e-04
   3.44284097e+02  -2.57074856e-03
   3.44284585e+02  -3.72506655e-03
   3.44285073e+02  -2.87349545e-03
   3.44285562e+02   6.94924325e-04
   3.44286050e+02   1.83401839e-03
   3.44286538e+02   3.28141236e-04
   3.44287027e+02   9.68720269e-05
   3.44287515e+02  -1.08224369e-04
   3.44288003e+02  -4.74416738e-04
   3.44288491e+02  -1.48570223e-03
   3.44288980e+02  -8.80914740e-05
   3.44289468e+02   2.99254549e-03
   3.44289956e+02   1.17908511e-03
   3.44290445e+02  -1.17145770e-03
   3.44290933e+02   1.88344988e-04
   3.44291421e+02   1.48343598e-03
   3.44291910e+02   1.64378330e-03
   3.44292398e+02  -4.98300069e-04
   3.44292886e+02  -1.42892194e-03
   3.44293375e+02   4.61934251e-04
   3.44293863e+02   1.19391480e-03
   3.44294351e+02   1.85639923e-03
   3.44294839e+02   2.72853603e-03
   3.44295328e+02   2.24468694e-03
   3.44295816e+02   9.57305892e-04
   3.44296304e+02   1.75450827e-04
   3.44296793e+02   9.27357061e-04
   3.44297281e+02   7.12199777e-04
   3.44297769e+02  -1.17556297e-03
   3.44298258e+02  -1.93149340e-03
   3.44298746e+02  -8.26721196e-04
   3.44299234e+02   6.88366126e-05
   3.44299723e+02  -1.11456169e-03
   3.44300211e+02  -8.37947009e-04
   3.44300699e+02  -2.61016598e-04
   3.44301188e+02  -2.78904103e-03
   3.44301676e+02  -3.85416416e-03
   3.44302164e+02  -3.66851501e-03
   3.44302652e+02  -3.08134267e-03
   3.44303141e+02  -1.19511562e-03
   3.44303629e+02  -4.63946752e-04
   3.44304117e+02  -6.94154936e-04
   3.44304606e+02   4.57251532e-04
   3.44305094e+02   1.68790692e-03
   3.44305582e+02   7.02402031e-04
   3.44306071e+02  -4.87116951e-04
   3.44306559e+02  -1.72242592e-03
   3.44307047e+02  -1.29631034e-03
   3.44307536e+02  -6.14211196e-04
   3.44308024e+02  -2.27879413e-04
   3.44308512e+02   1.50842371e-03
   3.44309000e+02   2.61161150e-03
   3.44309489e+02  -1.50793552e-04
   3.44309977e+02  -2.91262218e-03
   3.44310465e+02  -1.61906786e-03
   3.44310954e+02  -1.31843582e-04
   3.44311442e+02   8.10378522e-04
   3.44311930e+02   1.62118394e-03
   3.44312419e+02  -1.10760680e-04
   3.44312907e+02  -5.11897029e-04
   3.44313395e+02   7.91702361e-04
   3.44313884e+02   4.76357818e-04
   3.44314372e+02   2.66787392e-05
   3.44314860e+02  -5.67489536e-04
   3.44315348e+02  -2.38221744e-03
   3.44315837e+02  -3.46461823e-03
   3.44316325e+02  -4.05009091e-03
   3.44316813e+02  -2.49283202e-03
   3.44317302e+02   7.63220422e-04
   3.44317790e+02   1.33251771e-03
   3.44318278e+02  -1.59895874e-03
   3.44318767e+02  -3.40794004e-03
   3.44319255e+02  -1.31917361e-03
   3.44319743e+02   3.22516396e-04
   3.44320232e+02   1.33721530e-03
   3.44320720e+02   4.20682551e-03
   3.44321208e+02   5.75370668e-03
   3.44321696e+02   5.19939372e-03
   3.44322185e+02   4.15426074e-03
   3.44322673e+02   1.34993473e-03
   3.44323161e+02  -1.68456696e-03
   3.44323650e+02  -2.22026114e-03
   3.44324138e+02  -1.58350682e-03
   3.44324626e+02  -1.05113746e-03
   3.44325115e+02  -7.69945676e-04
   3.44325603e+02  -3.81914375e-04
   3.44326091e+02   5.09773827e-06
   3.44326580e+02   7.78052548e-04
   3.44327068e+02   4.89671482e-04
   3.44327556e+02  -8.20654910e-04
   3.44328044e+02  -1.09045312e-03
   3.44328533e+02  -1.32744468e-03
   3.44329021e+02  -1.59077242e-03
   3.44329509e+02  -2.04863935e-03
   3.44329998e+02  -2.08313391e-03
   3.44330486e+02  -9.42247221e-04
   3.44330974e+02  -3.68800829e-05
   3.44331463e+02  -4.83529438e-04
   3.44331951e+02  -4.07167943e-04
   3.44332439e+02   1.14634109e-03
   3.44332928e+02   1.52873236e-03
   3.44333416e+02   1.26235792e-03
   3.44333904e+02   1.63451675e-03
   3.44334392e+02   3.98099801e-04
   3.44334881e+02  -2.32060277e-03
   3.44335369e+02  -2.69501191e-03
   3.44335857e+02  -1.85368059e-03
   3.44336346e+02  -1.93576084e-03
   3.44336834e+02  -2.29434620e-04
   3.44337322e+02   1.99028989e-03
   3.44337811e+02   1.72618532e-03
   3.44338299e+02   1.57837779e-03
   3.44338787e+02   3.81991058e-03
   3.44339276e+02   3.76393017e-03
   3.44339764e+02   2.88538315e-04
   3.44340252e+02   4.54240100e-04
   3.44340741e+02   2.15407228e-03
   3.44341229e+02  -8.02480674e-04
   3.44341717e+02  -3.91416717e-03
   3.44342205e+02  -2.61742342e-03
   3.44342694e+02  -1.53394032e-03
   3.44343182e+02  -1.86454691e-03
   3.44343670e+02  -9.41460079e-04
   3.44344159e+02   7.29138410e-05
   3.44344647e+02   7.23407647e-05
   3.44345135e+02  -2.76280014e-04
   3.44345624e+02  -3.79504898e-04
   3.44346112e+02   2.62581365e-04
   3.44346600e+02   1.40973658e-03
   3.44347089e+02   1.79387094e-03
   3.44347577e+02   1.49598089e-03
   3.44348065e+02   2.20566103e-03
   3.44348553e+02   1.03382347e-03
   3.44349042e+02  -2.17129826e-03
   3.44349530e+02  -2.25804257e-03
   3.44350018e+02   4.88282356e-04
   3.44350507e+02   1.42741424e-03
   3.44350995e+02  -6.15637284e-04
   3.44351483e+02  -2.60336301e-03
   3.44351972e+02  -3.15236859e-03
   3.44352460e+02  -2.72281189e-03
   3.44352948e+02  -1.14115223e-03
   3.44353437e+02   8.58217536e-05
   3.44353925e+02   6.30078372e-04
   3.44354413e+02   7.73903390e-04
   3.44354901e+02   6.70752721e-04
   3.44355390e+02   9.19871149e-04
   3.44355878e+02   2.20829286e-04
   3.44356366e+02  -1.71146094e-04
   3.44356855e+02  -4.33233130e-04
   3.44357343e+02   1.10135996e-04
   3.44357831e+02   2.53442349e-03
   3.44358320e+02   1.67212356e-03
   3.44358808e+02  -2.83517898e-03
   3.44359296e+02  -5.15677454e-03
   3.44359785e+02  -2.86415173e-03
   3.44360273e+02  -4.75195528e-04
   3.44360761e+02   5.04619791e-04
   3.44361249e+02   2.03142222e-03
   3.44361738e+02   1.30513930e-04
   3.44362226e+02  -8.95161182e-04
   3.44362714e+02   1.76771730e-03
   3.44363203e+02   2.18080194e-03
   3.44363691e+02   2.87351228e-04
   3.44364179e+02  -1.37977453e-03
   3.44364668e+02  -2.14071642e-03
   3.44365156e+02  -1.82186754e-03
   3.44365644e+02  -1.10036868e-03
   3.44366133e+02  -8.60489788e-04
   3.44366621e+02  -7.06123421e-04
   3.44367109e+02  -1.36640578e-04
   3.44367597e+02  -7.18140858e-04
   3.44368086e+02  -1.40616077e-03
   3.44368574e+02   4.35238442e-04
   3.44369062e+02   2.35693925e-03
   3.44369551e+02   2.46224483e-03
   3.44370039e+02   1.28517998e-03
   3.44370527e+02   7.13682442e-04
   3.44371016e+02   1.13905524e-03
   3.44371504e+02   1.09005603e-03
   3.44371992e+02   3.08398849e-05
   3.44372481e+02  -1.46465178e-03
   3.44372969e+02  -1.16411957e-03
   3.44373457e+02   7.87223456e-04
   3.44373945e+02   1.48557290e-03
   3.44374434e+02   1.02155842e-03
   3.44374922e+02   5.12407802e-04
   3.44375410e+02  -1.58838884e-04
   3.44375899e+02  -4.78448492e-04
   3.44376387e+02  -6.56955119e-04
   3.44376875e+02  -1.70790299e-04
   3.44377364e+02   1.74982706e-03
   3.44377852e+02   3.02226888e-03
   3.44378340e+02   3.59534472e-03
   3.44378829e+02   3.04260477e-03
   3.44379317e+02   1.43290730e-03
   3.44379805e+02   1.34078390e-03
   3.44380294e+02   1.14094559e-03
   3.44380782e+02  -7.38476694e-04
   3.44381270e+02  -8.24591029e-04
   3.44381758e+02   1.75690290e-03
   3.44382247e+02   2.54233927e-03
   3.44382735e+02   5.24545496e-04
   3.44383223e+02  -1.52745820e-03
   3.44383712e+02  -1.82950858e-03
   3.44384200e+02   1.98862574e-04
   3.44384688e+02   1.84678996e-03
   3.44385177e+02   1.30838584e-04
   3.44385665e+02  -2.84141017e-04
   3.44386153e+02   1.85151096e-03
   3.44386642e+02   2.26692250e-03
   3.44387130e+02   1.02967466e-03
   3.44387618e+02  -2.23782510e-04
   3.44388106e+02  -7.96262990e-04
   3.44388595e+02   2.30035905e-04
   3.44389083e+02   3.11166607e-03
   3.44389571e+02   3.34963971e-03
   3.44390060e+02  -8.86117981e-04
   3.44390548e+02  -3.22718266e-03
   3.44391036e+02  -1.81815785e-03
   3.44391525e+02  -6.52977498e-04
   3.44392013e+02  -1.41309807e-03
   3.44392501e+02  -1.85257313e-03
   3.44392990e+02   3.20003601e-04
   3.44393478e+02   2.01853621e-03
   3.44393966e+02   1.45094737e-03
   3.44394454e+02   1.69746485e-03
   3.44394943e+02   1.98054523e-03
   3.44395431e+02   7.42068631e-04
   3.44395919e+02  -2.26418022e-04
   3.44396408e+02  -8.85539339e-04
   3.44396896e+02  -4.13626200e-04
   3.44397384e+02   6.03427936e-04
   3.44397873e+02  -4.53032757e-04
   3.44398361e+02  -1.97471492e-03
   3.44398849e+02  -1.30468782e-03
   3.44399338e+02  -2.21072813e-03
   3.44399826e+02  -2.03597359e-03
   3.44400314e+02   5.20640751e-04
   3.44400802e+02   1.02138391e-03
   3.44401291e+02   2.41898029e-04
   3.44401779e+02  -6.95857860e-04
   3.44402267e+02  -9.24841093e-04
   3.44402756e+02  -1.15019898e-03
   3.44403244e+02  -1.77123095e-03
   3.44403732e+02  -1.66963891e-03
   3.44404221e+02  -6.17022917e-04
   3.44404709e+02   1.45597500e-03
   3.44405197e+02   1.72353548e-03
   3.44405686e+02   9.82876052e-04
   3.44406174e+02   9.44612140e-04
   3.44406662e+02   8.96557351e-04
   3.44407150e+02   3.41019258e-05
   3.44407639e+02  -1.86941202e-03
   3.44408127e+02  -1.78476353e-03
   3.44408615e+02   4.07362764e-04
   3.44409104e+02  -3.77966280e-05
   3.44409592e+02  -1.36693328e-04
   3.44410080e+02   1.74869853e-03
   3.44410569e+02   1.01121771e-03
   3.44411057e+02  -3.88416433e-04
   3.44411545e+02   4.98014502e-04
   3.44412034e+02  -3.27886723e-04
   3.44412522e+02  -1.15576899e-03
   3.44413010e+02   7.09829386e-04
   3.44413498e+02   2.15064758e-03
   3.44413987e+02   1.88794103e-03
   3.44414475e+02  -6.15713434e-05
   3.44414963e+02  -1.02194073e-03
   3.44415452e+02  -1.34357449e-03
   3.44415940e+02  -3.24884569e-03
   3.44416428e+02  -3.35987471e-03
   3.44416917e+02  -1.16312189e-03
   3.44417405e+02   3.10254691e-05
   3.44417893e+02  -1.95911387e-03
   3.44418382e+02  -3.18310619e-03
   3.44418870e+02  -1.54061057e-03
   3.44419358e+02   1.09082303e-05
   3.44419847e+02  -2.14380474e-04
   3.44420335e+02   5.55891835e-04
   3.44420823e+02   1.96879008e-03
   3.44421311e+02   2.29520909e-03
   3.44421800e+02   1.53719913e-03
   3.44422288e+02   1.42303912e-03
   3.44422776e+02   1.76641601e-03
   3.44423265e+02   8.72114557e-04
   3.44423753e+02   3.61206803e-05
   3.44424241e+02   1.17846276e-03
   3.44424730e+02   1.65865826e-03
   3.44425218e+02   1.72429674e-04
   3.44425706e+02   3.14343924e-04
   3.44426195e+02   1.61402591e-03
   3.44426683e+02   4.85716242e-04
   3.44427171e+02  -4.19083488e-04
   3.44427659e+02  -8.83421570e-04
   3.44428148e+02  -1.34927616e-03
   3.44428636e+02  -5.97804028e-05
   3.44429124e+02   2.18712562e-03
   3.44429613e+02   3.17223626e-03
   3.44430101e+02   2.67746998e-03
   3.44430589e+02   2.41899840e-03
   3.44431078e+02   1.43839861e-03
   3.44431566e+02   2.41452231e-04
   3.44432054e+02   8.74055084e-04
   3.44432543e+02   1.83447078e-03
   3.44433031e+02   3.06399539e-03
   3.44433519e+02   4.53034462e-03
   3.44434007e+02   2.91924505e-03
   3.44434496e+02  -4.88641846e-04
   3.44434984e+02  -1.57836580e-03
   3.44435472e+02  -9.48031258e-04
   3.44435961e+02  -6.35425444e-04
   3.44436449e+02  -5.05137490e-04
   3.44436937e+02   1.35846680e-03
   3.44437426e+02   2.06192606e-03
   3.44437914e+02  -3.20490159e-04
   3.44438402e+02  -2.06281058e-03
   3.44438891e+02  -2.76382291e-03
   3.44439379e+02  -2.76576076e-03
   3.44439867e+02  -1.18071539e-03
   3.44440355e+02   6.57305005e-04
   3.44440844e+02   3.49147711e-04
   3.44441332e+02  -1.38826133e-03
   3.44441820e+02  -1.50842476e-03
   3.44442309e+02  -9.38064943e-04
   3.44442797e+02  -3.81131613e-05
   3.44443285e+02  -2.74181861e-04
   3.44443774e+02  -1.71450386e-03
   3.44444262e+02  -2.60520470e-03
   3.44444750e+02  -2.43150536e-03
   3.44445239e+02  -1.74576568e-03
   3.44445727e+02  -1.04959286e-03
   3.44446215e+02   1.58396739e-04
   3.44446703e+02   4.49551153e-04
   3.44447192e+02  -1.96332438e-03
   3.44447680e+02  -2.50697555e-03
   3.44448168e+02  -1.69108273e-04
   3.44448657e+02   1.24511856e-03
   3.44449145e+02   7.85223674e-04
   3.44449633e+02  -5.16692293e-04
   3.44450122e+02  -1.57429744e-03
   3.44450610e+02  -1.89235096e-03
   3.44451098e+02  -1.29088538e-03
   3.44451587e+02  -5.24044735e-04
   3.44452075e+02  -4.18417971e-04
   3.44452563e+02   3.03442124e-04
   3.44453051e+02   2.00017681e-03
   3.44453540e+02   9.26471665e-04
   3.44454028e+02  -9.87347797e-04
   3.44454516e+02  -7.68420286e-04
   3.44455005e+02  -5.89254079e-04
   3.44455493e+02  -1.26672524e-03
   3.44455981e+02  -1.94524438e-03
   3.44456470e+02  -9.59881407e-04
   3.44456958e+02   1.06070528e-03
   3.44457446e+02   1.76023308e-03
   3.44457935e+02   1.83252397e-03
   3.44458423e+02   3.23353964e-03
   3.44458911e+02   3.68358055e-03
   3.44459400e+02   9.97979660e-04
   3.44459888e+02  -1.60869246e-03
   3.44460376e+02  -1.82232924e-03
   3.44460864e+02  -1.64737197e-04
   3.44461353e+02   2.18572607e-03
   3.44461841e+02   2.21543713e-03
   3.44462329e+02  -1.60478550e-04
   3.44462818e+02   1.47581624e-04
   3.44463306e+02   2.29340489e-03
   3.44463794e+02   2.04732525e-03
   3.44464283e+02   1.05121604e-03
   3.44464771e+02   5.71898476e-04
   3.44465259e+02  -5.81190165e-04
   3.44465748e+02  -1.58688833e-03
   3.44466236e+02  -2.67064245e-03
   3.44466724e+02  -4.02238965e-03
   3.44467212e+02  -2.99114827e-03
   3.44467701e+02  -8.66705901e-04
   3.44468189e+02   1.80915566e-04
   3.44468677e+02   1.97011256e-03
   3.44469166e+02   2.29853578e-03
   3.44469654e+02   8.97962775e-04
   3.44470142e+02   5.47165924e-04
   3.44470631e+02   1.54750131e-03
   3.44471119e+02   3.34051764e-03
   3.44471607e+02   2.72784685e-03
   3.44472096e+02  -3.61210958e-04
   3.44472584e+02  -5.42975904e-04
   3.44473072e+02   1.05610606e-03
   3.44473560e+02  -4.63235279e-04
   3.44474049e+02  -3.39577021e-03
   3.44474537e+02  -5.31406235e-03
   3.44475025e+02  -3.92257934e-03
   3.44475514e+02  -7.40425137e-04
   3.44476002e+02   2.13912092e-04
   3.44476490e+02  -5.99429804e-05
   3.44476979e+02   8.50358105e-04
   3.44477467e+02   1.30648247e-03
   3.44477955e+02  -5.96563623e-04
   3.44478444e+02  -2.95144226e-03
   3.44478932e+02  -2.26333248e-03
   3.44479420e+02  -9.52599454e-04
   3.44479908e+02  -1.04032829e-03
   3.44480397e+02   4.83546493e-04
   3.44480885e+02   3.15474253e-03
   3.44481373e+02   3.05021042e-03
   3.44481862e+02   1.03967868e-04
   3.44482350e+02  -7.97952962e-05
   3.44482838e+02   1.39170617e-03
   3.44483327e+02  -1.57164643e-03
   3.44483815e+02  -1.63318927e-03
   3.44484303e+02  -9.48950124e-04
   3.44484792e+02   1.02072227e-04
   3.44485280e+02   1.24912604e-03
   3.44485768e+02  -2.72428413e-04
   3.44486256e+02  -2.42073368e-03
   3.44486745e+02  -1.72555540e-03
   3.44487233e+02  -1.90409177e-04
   3.44487721e+02   1.11043872e-03
   3.44488210e+02   1.11420546e-03
   3.44488698e+02   8.81795830e-04
   3.44489186e+02   7.16712733e-04
   3.44489675e+02  -2.27778466e-04
   3.44490163e+02  -1.70983071e-03
   3.44490651e+02  -1.07785745e-03
   3.44491140e+02   3.57322337e-04
   3.44491628e+02  -4.95435786e-04
   3.44492116e+02  -1.54818792e-03
   3.44492604e+02  -2.17902800e-03
   3.44493093e+02  -1.84806762e-03
   3.44493581e+02  -5.13540697e-04
   3.44494069e+02  -1.49803702e-04
   3.44494558e+02  -6.57671597e-04
   3.44495046e+02  -1.97925163e-03
   3.44495534e+02  -2.87852762e-03
   3.44496023e+02  -2.30133883e-03
   3.44496511e+02  -4.25812250e-05
   3.44496999e+02   2.22775806e-03
   3.44497488e+02   1.24419970e-03
   3.44497976e+02  -2.73432676e-03
   3.44498464e+02  -4.57984768e-03
   3.44498953e+02  -3.70117533e-03
   3.44499441e+02  -3.14189913e-03
   3.44499929e+02  -2.77316803e-03
   3.44500417e+02  -2.06025946e-03
   3.44500906e+02  -8.35222600e-04
   3.44501394e+02   2.78379957e-05
   3.44501882e+02   1.10435812e-03
   3.44502371e+02   1.33346952e-03
   3.44502859e+02   3.54887998e-05
   3.44503347e+02   9.44326282e-04
   3.44503836e+02   2.23105075e-03
   3.44504324e+02   1.43205363e-03
   3.44504812e+02   1.46502815e-03
   3.44505301e+02   2.20770272e-03
   3.44505789e+02   6.36115088e-04
   3.44506277e+02   1.23537466e-04
   3.44506765e+02   1.36118871e-03
   3.44507254e+02   8.46904470e-04
   3.44507742e+02   2.93749559e-04
   3.44508230e+02   2.39361092e-04
   3.44508719e+02   1.39982812e-03
   3.44509207e+02   2.89993128e-03
   3.44509695e+02   1.34974788e-03
   3.44510184e+02  -3.76839962e-05
   3.44510672e+02   6.78720171e-05
   3.44511160e+02  -1.14772015e-03
   3.44511649e+02  -2.11892091e-03
   3.44512137e+02  -7.51941407e-05
   3.44512625e+02  -3.49730515e-04
   3.44513113e+02  -2.34912150e-03
   3.44513602e+02  -1.73461216e-03
   3.44514090e+02   4.15201386e-04
   3.44514578e+02   4.48517920e-03
   3.44515067e+02   5.11238072e-03
   3.44515555e+02   6.30974711e-04
   3.44516043e+02  -1.03943248e-03
   3.44516532e+02  -1.59901415e-03
   3.44517020e+02  -3.66873876e-03
   3.44517508e+02  -3.43436631e-03
   3.44517997e+02  -1.40090683e-03
   3.44518485e+02  -4.61770920e-04
   3.44518973e+02  -1.00310938e-03
   3.44519461e+02  -6.51017355e-04
   3.44519950e+02   1.14663667e-03
   3.44520438e+02  -1.39282027e-04
   3.44520926e+02  -2.81925825e-03
   3.44521415e+02  -1.43283000e-03
   3.44521903e+02   1.04438292e-03
   3.44522391e+02   1.67005335e-03
   3.44522880e+02   6.82178361e-04
   3.44523368e+02  -5.64263610e-04
   3.44523856e+02   2.56958767e-04
   3.44524345e+02   2.75117549e-04
   3.44524833e+02  -1.97985279e-03
   3.44525321e+02  -2.54858262e-03
   3.44525809e+02  -1.82379817e-03
   3.44526298e+02  -2.47217459e-03
   3.44526786e+02  -2.73108971e-03
   3.44527274e+02  -1.54814776e-03
   3.44527763e+02  -7.39124080e-04
   3.44528251e+02  -2.24166928e-04
   3.44528739e+02   1.13515893e-03
   3.44529228e+02   7.40368676e-04
   3.44529716e+02  -2.03985255e-03
   3.44530204e+02  -2.11553974e-03
   3.44530693e+02   4.20969096e-04
   3.44531181e+02   1.59455254e-03
   3.44531669e+02   1.66787219e-03
   3.44532157e+02   5.65795053e-04
   3.44532646e+02  -1.06525945e-03
   3.44533134e+02  -7.79568625e-04
   3.44533622e+02   3.21717875e-04
   3.44534111e+02   1.09510007e-03
   3.44534599e+02   4.48711100e-04
   3.44535087e+02  -1.92563573e-03
   3.44535576e+02  -2.77940207e-03
   3.44536064e+02  -1.59537618e-03
   3.44536552e+02   2.51440302e-04
   3.44537041e+02   8.79212632e-04
   3.44537529e+02   1.01621158e-03
   3.44538017e+02   2.21736776e-03
   3.44538506e+02   2.15136958e-03
   3.44538994e+02   1.41277199e-03
   3.44539482e+02   1.57441269e-03
   3.44539970e+02   1.25742902e-03
   3.44540459e+02   8.49170145e-04
   3.44540947e+02   4.81747957e-05
   3.44541435e+02  -1.54944602e-03
   3.44541924e+02   1.60035881e-04
   3.44542412e+02   6.29446469e-04
   3.44542900e+02  -1.57593604e-04
   3.44543389e+02  -6.99535594e-04
   3.44543877e+02  -3.41129838e-04
   3.44544365e+02  -4.89813101e-04
   3.44544854e+02  -1.79752789e-03
   3.44545342e+02  -1.94792321e-03
   3.44545830e+02   4.78919173e-05
   3.44546318e+02   1.10254472e-03
   3.44546807e+02   1.05718093e-03
   3.44547295e+02  -9.88820830e-06
   3.44547783e+02  -1.18710590e-03
   3.44548272e+02  -4.53349639e-04
   3.44548760e+02   2.47867836e-04
   3.44549248e+02   3.46530491e-04
   3.44549737e+02  -7.78056448e-04
   3.44550225e+02  -1.98335689e-03
   3.44550713e+02  -6.87751570e-04
   3.44551202e+02   3.15485726e-04
   3.44551690e+02   5.68199146e-04
   3.44552178e+02   1.14322093e-03
   3.44552666e+02   2.21578218e-03
   3.44553155e+02   2.53013382e-03
   3.44553643e+02   6.86389278e-04
   3.44554131e+02  -4.05691739e-04
   3.44554620e+02   1.73496280e-03
   3.44555108e+02   2.88321404e-03
   3.44555596e+02   2.41775345e-03
   3.44556085e+02   2.58378754e-03
   3.44556573e+02   1.94706675e-03
   3.44557061e+02   8.54371290e-04
   3.44557550e+02   7.89442740e-04
   3.44558038e+02   1.00651849e-03
   3.44558526e+02   8.44195543e-04
   3.44559014e+02   1.49062090e-03
   3.44559503e+02   1.38025405e-03
   3.44559991e+02   5.03662683e-04
   3.44560479e+02   7.48419989e-05
   3.44560968e+02  -1.73021469e-03
   3.44561456e+02  -2.86046672e-03
   3.44561944e+02  -6.01159758e-04
   3.44562433e+02   2.64475006e-04
   3.44562921e+02   9.53529234e-05
   3.44563409e+02   2.92354845e-04
   3.44563898e+02   1.01007194e-04
   3.44564386e+02   1.11020159e-03
   3.44564874e+02   1.93683885e-03
   3.44565362e+02   2.10792152e-03
   3.44565851e+02   1.06190797e-03
   3.44566339e+02  -2.28011515e-03
   3.44566827e+02  -3.23754526e-03
   3.44567316e+02  -1.35353790e-03
   3.44567804e+02  -7.67877034e-04
   3.44568292e+02  -3.62581428e-04
   3.44568781e+02   7.79520487e-04
   3.44569269e+02   1.27121387e-03
   3.44569757e+02   7.57816422e-04
   3.44570246e+02  -5.86547423e-04
   3.44570734e+02  -1.52765168e-03
   3.44571222e+02  -4.48703475e-04
   3.44571710e+02   6.93285430e-04
   3.44572199e+02   3.87165201e-04
   3.44572687e+02  -4.43527460e-05
   3.44573175e+02  -1.17519044e-03
   3.44573664e+02  -2.35135155e-03
   3.44574152e+02  -2.05228035e-03
   3.44574640e+02  -1.79263263e-03
   3.44575129e+02  -1.58590043e-03
   3.44575617e+02  -1.62772858e-03
   3.44576105e+02  -1.36345183e-03
   3.44576594e+02  -3.79502017e-04
   3.44577082e+02   4.75944486e-04
   3.44577570e+02   4.24494705e-04
   3.44578059e+02  -1.31501665e-03
   3.44578547e+02  -7.58349721e-04
   3.44579035e+02   1.72356341e-03
   3.44579523e+02   1.81612978e-03
   3.44580012e+02   1.85748830e-03
   3.44580500e+02   2.14031991e-03
   3.44580988e+02   8.86930095e-04
   3.44581477e+02  -3.87853179e-05
   3.44581965e+02  -1.45290265e-04
   3.44582453e+02  -1.54372782e-03
   3.44582942e+02  -2.18229485e-03
   3.44583430e+02   5.85700072e-05
   3.44583918e+02  -6.87343650e-04
   3.44584407e+02  -2.67250370e-03
   3.44584895e+02  -2.07796716e-03
   3.44585383e+02  -1.33661344e-03
   3.44585871e+02  -7.55896443e-04
   3.44586360e+02  -3.82081402e-04
   3.44586848e+02  -2.10432848e-03
   3.44587336e+02  -3.11935437e-03
   3.44587825e+02  -2.45578401e-03
   3.44588313e+02  -1.85630191e-03
   3.44588801e+02  -1.11309008e-03
   3.44589290e+02   6.73310773e-04
   3.44589778e+02   2.24016048e-03
   3.44590266e+02   7.23407720e-04
   3.44590755e+02  -2.15342850e-03
   3.44591243e+02  -2.29372014e-03
   3.44591731e+02   9.52312083e-04
   3.44592219e+02   2.34682974e-03
   3.44592708e+02   8.52234152e-05
   3.44593196e+02   3.99000361e-04
   3.44593684e+02   3.96252563e-03
   3.44594173e+02   4.18314291e-03
   3.44594661e+02   1.62444334e-03
   3.44595149e+02  -3.90935020e-05
   3.44595638e+02   1.26649323e-03
   3.44596126e+02   1.66382757e-03
   3.44596614e+02  -8.71668861e-04
   3.44597103e+02  -2.75615742e-03
   3.44597591e+02  -4.59427200e-03
   3.44598079e+02  -3.70011944e-03
   3.44598567e+02   7.94777821e-04
   3.44599056e+02   1.57701212e-03
   3.44599544e+02  -3.75194679e-04
   3.44600032e+02   2.11915481e-04
   3.44600521e+02   1.52013381e-03
   3.44601009e+02   1.01367768e-03
   3.44601497e+02   4.27006307e-04
   3.44601986e+02  -1.31654277e-04
   3.44602474e+02   1.40439472e-04
   3.44602962e+02  -5.57301566e-04
   3.44603451e+02  -2.02659052e-03
   3.44603939e+02  -6.08106726e-04
   3.44604427e+02   8.87269969e-04
   3.44604915e+02   4.11039917e-04
   3.44605404e+02   6.39286416e-04
   3.44605892e+02  -1.43956335e-04
   3.44606380e+02   7.61504925e-04
   3.44606869e+02   3.05280369e-03
   3.44607357e+02   7.00738747e-04
   3.44607845e+02  -1.32688705e-03
   3.44608334e+02   5.17984736e-04
   3.44608822e+02   6.85989449e-04
   3.44609310e+02  -8.34154140e-04
   3.44609799e+02   2.02652402e-04
   3.44610287e+02   2.10077828e-03
   3.44610775e+02   1.00465026e-03
   3.44611263e+02  -1.15541578e-03
   3.44611752e+02  -5.63135662e-04
   3.44612240e+02   2.09461432e-03
   3.44612728e+02   3.09342938e-03
   3.44613217e+02   2.72695464e-03
   3.44613705e+02   1.77496404e-03
   3.44614193e+02  -4.70815634e-04
   3.44614682e+02  -2.42916914e-03
   3.44615170e+02  -3.04149743e-03
   3.44615658e+02  -1.89850735e-03
   3.44616147e+02  -3.66785272e-04
   3.44616635e+02  -3.28616035e-04
   3.44617123e+02  -4.21965262e-04
   3.44617612e+02  -6.80170837e-04
   3.44618100e+02  -2.00735754e-03
   3.44618588e+02  -1.94197067e-03
   3.44619076e+02   6.31281291e-04
   3.44619565e+02   1.10174238e-03
   3.44620053e+02  -9.69999004e-04
   3.44620541e+02  -2.57678470e-03
   3.44621030e+02  -3.91788408e-03
   3.44621518e+02  -4.70845215e-03
   3.44622006e+02  -2.40398548e-03
   3.44622495e+02   1.72040876e-04
   3.44622983e+02  -5.62462774e-05
   3.44623471e+02  -8.79855361e-04
   3.44623960e+02  -1.46369135e-03
   3.44624448e+02  -9.99933574e-04
   3.44624936e+02   5.39775763e-04
   3.44625424e+02   9.76458541e-04
   3.44625913e+02  -3.57476529e-04
   3.44626401e+02  -1.19301304e-03
   3.44626889e+02  -9.11835406e-04
   3.44627378e+02  -1.41964736e-03
   3.44627866e+02  -2.04270007e-03
   3.44628354e+02  -2.44597578e-03
   3.44628843e+02  -2.54181726e-03
   3.44629331e+02  -1.47292321e-03
   3.44629819e+02   2.80612527e-04
   3.44630308e+02   1.72890461e-04
   3.44630796e+02  -1.47951487e-03
   3.44631284e+02  -1.81091472e-03
   3.44631772e+02   1.88993916e-04
   3.44632261e+02   5.90354321e-04
   3.44632749e+02  -7.29427673e-04
   3.44633237e+02  -9.21936808e-05
   3.44633726e+02   8.68138915e-04
   3.44634214e+02   3.38428211e-03
   3.44634702e+02   6.42867573e-03
   3.44635191e+02   3.93147673e-03
   3.44635679e+02   4.56941270e-05
   3.44636167e+02   6.58273580e-04
   3.44636656e+02   3.12506035e-03
   3.44637144e+02   2.22778087e-03
   3.44637632e+02   2.65425944e-04
   3.44638120e+02   3.09970528e-05
   3.44638609e+02  -1.09935261e-03
   3.44639097e+02  -2.56576273e-03
   3.44639585e+02  -2.71353615e-03
   3.44640074e+02  -2.91790953e-03
   3.44640562e+02  -2.79801199e-03
   3.44641050e+02  -7.81509443e-05
   3.44641539e+02   2.56239646e-03
   3.44642027e+02   2.69677606e-03
   3.44642515e+02   2.14916351e-03
   3.44643004e+02   2.26906082e-03
   3.44643492e+02   2.81371130e-03
   3.44643980e+02   2.29473971e-03
   3.44644468e+02   1.08657510e-03
   3.44644957e+02   9.79428137e-07
   3.44645445e+02   2.50561832e-04
   3.44645933e+02   1.17744377e-03
   3.44646422e+02   1.62182678e-03
   3.44646910e+02   2.29134271e-03
   3.44647398e+02   2.54128175e-03
   3.44647887e+02   1.33600750e-03
   3.44648375e+02  -2.42607755e-04
   3.44648863e+02  -1.83600362e-03
   3.44649352e+02  -2.19558319e-03
   3.44649840e+02  -1.74252200e-04
   3.44650328e+02  -3.04743036e-04
   3.44650816e+02  -1.65711006e-03
   3.44651305e+02  -2.19656373e-04
   3.44651793e+02   9.04833083e-04
   3.44652281e+02   8.56128754e-04
   3.44652770e+02   2.40334222e-04
   3.44653258e+02  -4.52598790e-04
   3.44653746e+02  -1.61271857e-03
   3.44654235e+02  -2.58269510e-03
   3.44654723e+02  -2.00952124e-03
   3.44655211e+02  -1.63243245e-03
   3.44655700e+02  -9.85301682e-04
   3.44656188e+02   5.41585068e-05
   3.44656676e+02   2.15102540e-04
   3.44657165e+02  -3.60799429e-04
   3.44657653e+02  -2.00428418e-04
   3.44658141e+02  -1.58749020e-03
   3.44658629e+02  -3.30832927e-03
   3.44659118e+02  -5.85354108e-04
   3.44659606e+02   1.29736459e-03
   3.44660094e+02   1.00660883e-03
   3.44660583e+02   6.29502523e-04
   3.44661071e+02   4.55603702e-04
   3.44661559e+02  -9.53799812e-04
   3.44662048e+02  -6.64988067e-04
   3.44662536e+02   2.01998721e-03
   3.44663024e+02   3.13289068e-03
   3.44663513e+02   1.98512105e-03
   3.44664001e+02  -8.83620058e-04
   3.44664489e+02  -2.77001760e-03
   3.44664977e+02  -2.44072755e-03
   3.44665466e+02  -1.22313015e-03
   3.44665954e+02   1.09484571e-03
   3.44666442e+02   1.58403779e-03
   3.44666931e+02  -4.77904483e-04
   3.44667419e+02  -9.53839801e-04
   3.44667907e+02  -1.71762178e-04
   3.44668396e+02  -6.39024947e-05
   3.44668884e+02   3.58561141e-04
   3.44669372e+02  -1.79766197e-04
   3.44669861e+02  -2.21438729e-03
   3.44670349e+02  -2.84635532e-03
   3.44670837e+02  -2.13899906e-03
   3.44671325e+02  -1.02703646e-03
   3.44671814e+02   1.21972337e-03
   3.44672302e+02   1.48003874e-03
   3.44672790e+02  -4.28296131e-04
   3.44673279e+02  -1.30499748e-03
   3.44673767e+02  -1.87694991e-03
   3.44674255e+02  -3.19716317e-04
   3.44674744e+02   4.13255254e-03
   3.44675232e+02   5.52308466e-03
   3.44675720e+02   1.40973262e-03
   3.44676209e+02  -1.66678953e-03
   3.44676697e+02  -1.25746199e-04
   3.44677185e+02   2.41187261e-03
   3.44677673e+02   3.93842999e-03
   3.44678162e+02   3.33711808e-03
   3.44678650e+02   7.35480106e-04
   3.44679138e+02  -1.09308469e-03
   3.44679627e+02  -1.05713622e-03
   3.44680115e+02  -1.31815835e-03
   3.44680603e+02  -2.30068201e-03
   3.44681092e+02  -2.14936305e-03
   3.44681580e+02  -7.99829839e-04
   3.44682068e+02  -3.58647172e-04
   3.44682557e+02  -1.62205441e-04
   3.44683045e+02   5.98303915e-04
   3.44683533e+02  -7.88191450e-04
   3.44684021e+02  -2.46948167e-03
   3.44684510e+02  -2.15671072e-03
   3.44684998e+02  -3.79829318e-04
   3.44685486e+02   1.09481486e-03
   3.44685975e+02   2.29249665e-04
   3.44686463e+02  -1.73871755e-03
   3.44686951e+02  -1.74867059e-03
   3.44687440e+02  -9.34089650e-04
   3.44687928e+02  -1.04419154e-03
   3.44688416e+02  -3.28542024e-04
   3.44688905e+02   1.73322181e-03
   3.44689393e+02   2.60397303e-03
   3.44689881e+02   1.20522804e-03
   3.44690369e+02   5.27216071e-05
   3.44690858e+02   7.14376918e-04
   3.44691346e+02   1.44989532e-03
   3.44691834e+02   9.04188084e-04
   3.44692323e+02  -1.81843049e-03
   3.44692811e+02  -2.76743178e-03
   3.44693299e+02   2.47348362e-04
   3.44693788e+02   4.44152509e-04
   3.44694276e+02  -1.18659576e-03
   3.44694764e+02  -2.96554907e-04
   3.44695253e+02  -4.98928363e-04
   3.44695741e+02  -1.12288189e-03
   3.44696229e+02  -5.56488929e-04
   3.44696718e+02   1.97335132e-04
   3.44697206e+02   5.75427257e-04
   3.44697694e+02   3.44649568e-04
   3.44698182e+02  -5.86995520e-05
   3.44698671e+02   1.11654306e-04
   3.44699159e+02   2.50491285e-04
   3.44699647e+02  -2.52736936e-04
   3.44700136e+02  -1.92206106e-04
   3.44700624e+02  -1.15457406e-05
   3.44701112e+02   6.86218787e-04
   3.44701601e+02   3.24066612e-03
   3.44702089e+02   3.57842585e-03
   3.44702577e+02   7.79659254e-04
   3.44703066e+02  -1.47170009e-04
   3.44703554e+02   6.67453452e-04
   3.44704042e+02   1.42679515e-03
   3.44704530e+02   6.93928159e-04
   3.44705019e+02  -1.59497419e-03
   3.44705507e+02  -2.53529381e-03
   3.44705995e+02  -2.47074920e-03
   3.44706484e+02  -7.17684685e-04
   3.44706972e+02   1.75554631e-03
   3.44707460e+02   1.07433926e-03
   3.44707949e+02  -1.37419172e-03
   3.44708437e+02  -2.45615607e-03
   3.44708925e+02  -2.98605929e-03
   3.44709414e+02  -2.68752803e-03
   3.44709902e+02   2.78920226e-04
   3.44710390e+02   3.74374585e-03
   3.44710878e+02   2.93900352e-03
   3.44711367e+02   2.90208351e-04
   3.44711855e+02  -8.78002029e-05
   3.44712343e+02  -3.53383133e-04
   3.44712832e+02  -1.45367649e-03
   3.44713320e+02  -9.58128599e-04
   3.44713808e+02   4.97852394e-04
   3.44714297e+02   5.67493727e-04
   3.44714785e+02  -1.85557481e-04
   3.44715273e+02  -5.30055491e-04
   3.44715762e+02  -9.02486790e-04
   3.44716250e+02  -1.41818682e-03
   3.44716738e+02  -1.48745123e-04
   3.44717226e+02   8.04931507e-04
   3.44717715e+02  -8.39117565e-04
   3.44718203e+02  -1.75431836e-03
   3.44718691e+02  -1.86060392e-03
   3.44719180e+02  -7.96442400e-05
   3.44719668e+02   1.50061469e-03
   3.44720156e+02   1.61078654e-03
   3.44720645e+02   1.77854917e-03
   3.44721133e+02   3.07993707e-03
   3.44721621e+02   3.93884582e-03
   3.44722110e+02   3.39134457e-03
   3.44722598e+02   2.57500424e-03
   3.44723086e+02   1.29665772e-03
   3.44723574e+02   4.84259479e-04
   3.44724063e+02  -1.71662017e-03
   3.44724551e+02  -2.91437306e-03
   3.44725039e+02  -4.62967466e-04
   3.44725528e+02   1.20051671e-03
   3.44726016e+02   7.80643080e-04
   3.44726504e+02  -4.82225645e-04
   3.44726993e+02  -8.82124179e-04
   3.44727481e+02  -8.67268478e-04
   3.44727969e+02  -1.58862432e-03
   3.44728458e+02  -2.99949665e-04
   3.44728946e+02   1.26787752e-03
   3.44729434e+02  -2.42883762e-04
   3.44729922e+02  -1.35192450e-03
   3.44730411e+02  -4.90088074e-04
   3.44730899e+02  -1.23787258e-05
   3.44731387e+02  -1.02659001e-03
   3.44731876e+02  -1.67900103e-03
   3.44732364e+02  -8.47034564e-04
   3.44732852e+02  -5.76327329e-05
   3.44733341e+02   4.54585272e-04
   3.44733829e+02   1.30984676e-03
   3.44734317e+02   1.45119976e-03
   3.44734806e+02  -7.55720015e-04
   3.44735294e+02  -2.49897153e-03
   3.44735782e+02  -2.06081080e-03
   3.44736271e+02  -2.24829558e-03
   3.44736759e+02  -2.35238695e-03
   3.44737247e+02  -1.13070942e-03
   3.44737735e+02  -9.46448054e-05
   3.44738224e+02   1.34264279e-04
   3.44738712e+02   9.53856914e-04
   3.44739200e+02   3.00447806e-03
   3.44739689e+02   3.73007869e-03
   3.44740177e+02   1.81287562e-03
   3.44740665e+02   2.27942219e-04
   3.44741154e+02   1.25958223e-03
   3.44741642e+02   2.20026425e-03
   3.44742130e+02   7.49367406e-04
   3.44742619e+02  -4.62944765e-04
   3.44743107e+02   3.61895916e-04
   3.44743595e+02   2.24694214e-03
   3.44744083e+02   3.03099444e-03
   3.44744572e+02   3.08935810e-03
   3.44745060e+02   6.11134747e-04
   3.44745548e+02  -2.34863628e-03
   3.44746037e+02  -1.64981873e-03
   3.44746525e+02  -4.93452477e-04
   3.44747013e+02  -1.25386997e-03
   3.44747502e+02  -1.90082542e-03
   3.44747990e+02  -1.40704808e-03
   3.44748478e+02  -2.07623770e-03
   3.44748967e+02  -3.69631988e-03
   3.44749455e+02  -3.46976495e-03
   3.44749943e+02  -1.02258043e-03
   3.44750431e+02   1.50508189e-03
   3.44750920e+02   5.77808009e-04
   3.44751408e+02  -1.77458685e-03
   3.44751896e+02  -7.11397617e-04
   3.44752385e+02   2.01101881e-03
   3.44752873e+02   2.04644981e-03
   3.44753361e+02   1.24058526e-04
   3.44753850e+02  -2.43421597e-03
   3.44754338e+02  -3.93368816e-03
   3.44754826e+02  -1.74596102e-03
   3.44755315e+02   5.87026938e-04
   3.44755803e+02   5.51002275e-04
   3.44756291e+02   8.99982755e-04
   3.44756779e+02   1.47811708e-03
   3.44757268e+02   1.16392691e-03
   3.44757756e+02   1.03239913e-03
   3.44758244e+02   8.78686958e-04
   3.44758733e+02   9.18008154e-04
   3.44759221e+02   1.11653586e-03
   3.44759709e+02   1.66058051e-03
   3.44760198e+02   1.41135079e-03
   3.44760686e+02  -9.12468706e-04
   3.44761174e+02  -2.42967485e-03
   3.44761663e+02  -1.56109291e-03
   3.44762151e+02   6.91308407e-04
   3.44762639e+02   3.44265532e-03
   3.44763127e+02   2.92908889e-03
   3.44763616e+02   4.76579502e-04
   3.44764104e+02  -2.53510061e-05
   3.44764592e+02  -2.91423902e-07
   3.44765081e+02   1.07496198e-04
   3.44765569e+02  -1.87092155e-04
   3.44766057e+02  -2.76365579e-04
   3.44766546e+02  -4.73518623e-04
   3.44767034e+02  -1.45203376e-03
   3.44767522e+02  -1.32653292e-03
   3.44768011e+02   4.39796713e-04
   3.44768499e+02   2.63778912e-03
   3.44768987e+02   3.19622527e-03
   3.44769475e+02   1.65950938e-03
   3.44769964e+02   3.79287871e-04
   3.44770452e+02   1.39083595e-05
   3.44770940e+02   3.82629689e-04
   3.44771429e+02   8.69902549e-04
   3.44771917e+02   1.13109394e-03
   3.44772405e+02   1.81952957e-03
   3.44772894e+02   1.61215488e-03
   3.44773382e+02  -1.17957639e-03
   3.44773870e+02  -3.45547311e-03
   3.44774359e+02  -2.30271462e-03
   3.44774847e+02  -9.36526863e-04
   3.44775335e+02  -6.29477727e-04
   3.44775824e+02   1.43819008e-04
   3.44776312e+02   1.33246498e-03
   3.44776800e+02   2.70042743e-04
   3.44777288e+02  -7.60523777e-04
   3.44777777e+02  -1.44363544e-03
   3.44778265e+02  -1.61476352e-03
   3.44778753e+02  -4.76593239e-04
   3.44779242e+02   3.75410455e-04
   3.44779730e+02   2.10532846e-04
   3.44780218e+02  -4.58710456e-05
   3.44780707e+02  -2.89543415e-04
   3.44781195e+02  -6.30101073e-04
   3.44781683e+02  -2.48946762e-03
   3.44782172e+02  -3.65676335e-03
   3.44782660e+02  -1.32585887e-03
   3.44783148e+02   1.16219511e-03
   3.44783636e+02   5.63471171e-04
   3.44784125e+02   1.71980355e-04
   3.44784613e+02   1.84432976e-03
   3.44785101e+02   8.19624402e-04
   3.44785590e+02  -1.35430507e-03
   3.44786078e+02  -1.07889634e-03
   3.44786566e+02  -2.76811857e-04
   3.44787055e+02   9.37687582e-04
   3.44787543e+02   1.69712619e-03
   3.44788031e+02   2.95053190e-03
   3.44788520e+02   4.11652261e-03
   3.44789008e+02   9.39491496e-04
   3.44789496e+02  -3.43072228e-03
   3.44789984e+02  -2.95120664e-03
   3.44790473e+02  -3.22667998e-04
   3.44790961e+02  -4.06914478e-04
   3.44791449e+02  -4.98332374e-04
   3.44791938e+02   1.02507998e-03
   3.44792426e+02   8.52720579e-04
   3.44792914e+02  -4.99964517e-05
   3.44793403e+02   7.40011223e-04
   3.44793891e+02   1.90603943e-03
   3.44794379e+02   1.62899226e-03
   3.44794868e+02   7.52002234e-05
   3.44795356e+02  -1.33953243e-03
   3.44795844e+02  -2.24977802e-03
   3.44796332e+02  -8.43446411e-04
   3.44796821e+02   8.56645871e-04
   3.44797309e+02   5.42826019e-04
   3.44797797e+02   1.00472149e-04
   3.44798286e+02   2.06931727e-04
   3.44798774e+02   3.72084614e-04
   3.44799262e+02  -3.57198878e-04
   3.44799751e+02  -1.84601569e-03
   3.44800239e+02  -3.79110361e-03
   3.44800727e+02  -3.47534614e-03
   3.44801216e+02  -8.04665498e-04
   3.44801704e+02   5.07472956e-04
   3.44802192e+02  -1.60907872e-03
   3.44802680e+02  -2.51754606e-03
   3.44803169e+02  -5.23351657e-04
   3.44803657e+02   2.07721911e-04
   3.44804145e+02   9.97412251e-04
   3.44804634e+02   1.27861323e-03
   3.44805122e+02  -1.30012725e-03
   3.44805610e+02  -2.25168327e-03
   3.44806099e+02  -5.90893440e-04
   3.44806587e+02   6.43411069e-04
   3.44807075e+02  -1.31075751e-04
   3.44807564e+02   2.62197835e-04
   3.44808052e+02   3.14667029e-03
   3.44808540e+02   4.01173113e-03
   3.44809028e+02   3.30075901e-03
   3.44809517e+02   2.86756409e-03
   3.44810005e+02   1.39643298e-03
   3.44810493e+02  -2.09258142e-04
   3.44810982e+02  -1.33465428e-03
   3.44811470e+02  -1.84551452e-03
   3.44811958e+02  -1.59708271e-03
   3.44812447e+02  -1.00984110e-03
   3.44812935e+02  -1.11285970e-03
   3.44813423e+02  -5.15663764e-04
   3.44813912e+02   1.29269843e-03
   3.44814400e+02   1.12080283e-03
   3.44814888e+02  -7.57221351e-05
   3.44815377e+02   7.32910528e-04
   3.44815865e+02   1.09451567e-03
   3.44816353e+02   3.88324232e-04
   3.44816841e+02   3.63437488e-04
   3.44817330e+02  -3.35500023e-04
   3.44817818e+02  -7.69197650e-04
   3.44818306e+02  -1.29575341e-03
   3.44818795e+02  -1.64960721e-03
   3.44819283e+02  -1.33394869e-03
   3.44819771e+02  -1.65803824e-03
   3.44820260e+02  -1.47338479e-03
   3.44820748e+02  -1.77186355e-03
   3.44821236e+02  -2.99587054e-03
   3.44821725e+02  -2.22603977e-03
   3.44822213e+02  -1.59380399e-03
   3.44822701e+02  -1.18313078e-03
   3.44823189e+02   4.02993173e-04
   3.44823678e+02   7.03395228e-04
   3.44824166e+02   4.55512461e-04
   3.44824654e+02   3.61475861e-04
   3.44825143e+02  -4.44195291e-04
   3.44825631e+02   2.57639651e-04
   3.44826119e+02   9.72904498e-04
   3.44826608e+02  -2.63121590e-04
   3.44827096e+02  -6.09339913e-04
   3.44827584e+02   2.09908094e-03
   3.44828073e+02   3.80157749e-03
   3.44828561e+02   8.08551325e-04
   3.44829049e+02  -1.27407676e-03
   3.44829537e+02   1.33234577e-03
   3.44830026e+02   2.23272131e-03
   3.44830514e+02   4.07992484e-04
   3.44831002e+02  -2.26510369e-04
   3.44831491e+02  -2.38399589e-04
   3.44831979e+02   7.60280411e-04
   3.44832467e+02   7.45810801e-04
   3.44832956e+02  -3.82282189e-04
   3.44833444e+02   1.45189342e-05
   3.44833932e+02   2.74544378e-04
