frequency (GHz), flux (Jy/beam)
   3.44888470e+02  -1.17387855e-04
   3.44888959e+02   2.03188811e-03
   3.44889447e+02   1.33405393e-03
   3.44889935e+02   6.88191678e-04
   3.44890423e+02   9.56802804e-04
   3.44890912e+02   1.65414694e-03
   3.44891400e+02   1.59541378e-03
   3.44891888e+02   7.34982086e-06
   3.44892377e+02   1.15052843e-03
   3.44892865e+02   2.68216431e-03
   3.44893353e+02   6.63832645e-04
   3.44893842e+02   4.94585140e-04
   3.44894330e+02   1.83230219e-03
   3.44894818e+02   3.65617452e-04
   3.44895307e+02  -2.04286072e-04
   3.44895795e+02   2.10028025e-03
   3.44896283e+02   3.00694164e-03
   3.44896771e+02   1.72637473e-03
   3.44897260e+02   3.97680386e-04
   3.44897748e+02  -1.54692068e-04
   3.44898236e+02  -1.94880515e-04
   3.44898725e+02  -5.62568275e-05
   3.44899213e+02   2.79340147e-05
   3.44899701e+02   9.31319199e-04
   3.44900190e+02   2.27277516e-03
   3.44900678e+02   2.19963654e-03
   3.44901166e+02   7.63583928e-04
   3.44901655e+02   1.09295404e-04
   3.44902143e+02  -2.20702168e-05
   3.44902631e+02  -1.17322383e-03
   3.44903119e+02  -1.72558858e-03
   3.44903608e+02  -9.59173194e-04
   3.44904096e+02  -1.06256467e-03
   3.44904584e+02  -2.17927340e-03
   3.44905073e+02  -2.30834633e-03
   3.44905561e+02  -1.75203709e-03
   3.44906049e+02  -1.19859504e-03
   3.44906538e+02  -2.88152223e-04
   3.44907026e+02  -2.38401499e-05
   3.44907514e+02  -9.14841541e-04
   3.44908003e+02  -1.26323849e-03
   3.44908491e+02   2.50061479e-04
   3.44908979e+02   1.30157988e-03
   3.44909467e+02  -6.17674377e-04
   3.44909956e+02  -2.54635257e-03
   3.44910444e+02  -1.89030147e-03
   3.44910932e+02   2.43242757e-04
   3.44911421e+02   1.11717253e-03
   3.44911909e+02   6.55939046e-04
   3.44912397e+02   1.02005887e-03
   3.44912886e+02   2.93634692e-03
   3.44913374e+02   4.62014508e-03
   3.44913862e+02   3.04713706e-03
   3.44914351e+02  -1.46137970e-03
   3.44914839e+02  -3.98814725e-03
   3.44915327e+02  -3.22917965e-03
   3.44915815e+02  -1.69065921e-03
   3.44916304e+02  -1.46575691e-03
   3.44916792e+02  -1.57504436e-03
   3.44917280e+02  -1.66773121e-03
   3.44917769e+02  -1.56621425e-03
   3.44918257e+02  -2.16623957e-04
   3.44918745e+02   6.02008542e-04
   3.44919234e+02   8.76262493e-04
   3.44919722e+02   1.04471424e-03
   3.44920210e+02   1.87425618e-03
   3.44920699e+02   3.01020150e-03
   3.44921187e+02   2.73306691e-03
   3.44921675e+02   2.04559416e-03
   3.44922163e+02   1.71265798e-03
   3.44922652e+02   7.20885233e-04
   3.44923140e+02   1.80178846e-04
   3.44923628e+02   9.09418974e-04
   3.44924117e+02   7.25844351e-04
   3.44924605e+02  -8.87486211e-04
   3.44925093e+02  -9.86471423e-04
   3.44925582e+02  -8.66065384e-04
   3.44926070e+02  -1.91353902e-03
   3.44926558e+02  -3.31779534e-04
   3.44927047e+02   2.67625367e-03
   3.44927535e+02   2.03937897e-03
   3.44928023e+02  -9.23467305e-05
   3.44928512e+02  -1.38183043e-03
   3.44929000e+02  -1.31854450e-03
   3.44929488e+02   2.69173674e-04
   3.44929976e+02   7.98449793e-04
   3.44930465e+02   9.48851521e-04
   3.44930953e+02   2.33426807e-03
   3.44931441e+02   1.71021023e-03
   3.44931930e+02   7.78551272e-04
   3.44932418e+02   8.74502934e-04
   3.44932906e+02   1.41249783e-03
   3.44933395e+02   1.52999198e-03
   3.44933883e+02   1.83486103e-04
   3.44934371e+02  -9.93799069e-04
   3.44934860e+02  -2.11126101e-03
   3.44935348e+02  -9.61256155e-04
   3.44935836e+02   2.77550746e-04
   3.44936324e+02  -8.63302383e-04
   3.44936813e+02   4.14679933e-04
   3.44937301e+02   3.15399934e-03
   3.44937789e+02   2.94244988e-03
   3.44938278e+02   6.05182024e-04
   3.44938766e+02   8.79875734e-04
   3.44939254e+02   2.21678871e-03
   3.44939743e+02   7.07084255e-04
   3.44940231e+02  -4.09863977e-04
   3.44940719e+02   8.34512775e-06
   3.44941208e+02  -6.99943921e-04
   3.44941696e+02  -1.17937860e-03
   3.44942184e+02  -1.90830114e-03
   3.44942672e+02  -2.92031514e-03
   3.44943161e+02  -1.39736116e-03
   3.44943649e+02   8.89188668e-04
   3.44944137e+02   1.75745750e-03
   3.44944626e+02   1.92085677e-03
   3.44945114e+02   2.17949715e-03
   3.44945602e+02   1.51253759e-03
   3.44946091e+02   1.82309654e-03
   3.44946579e+02   9.34832380e-04
   3.44947067e+02   1.54500485e-05
   3.44947556e+02   2.19264091e-03
   3.44948044e+02   2.82551255e-03
   3.44948532e+02   1.49658023e-04
   3.44949020e+02  -3.84086918e-04
   3.44949509e+02  -3.90224974e-04
   3.44949997e+02  -6.68856257e-04
   3.44950485e+02   1.96668366e-03
   3.44950974e+02   1.77735486e-03
   3.44951462e+02   1.84803008e-04
   3.44951950e+02   1.40839035e-03
   3.44952439e+02   5.92016324e-04
   3.44952927e+02  -6.08537113e-04
   3.44953415e+02   6.75923366e-04
   3.44953904e+02   1.21553720e-03
   3.44954392e+02  -1.76905902e-04
   3.44954880e+02  -5.31945727e-04
   3.44955368e+02   1.38970441e-03
   3.44955857e+02   9.63976665e-04
   3.44956345e+02  -1.17203535e-03
   3.44956833e+02  -1.50353182e-03
   3.44957322e+02  -1.47687178e-03
   3.44957810e+02  -2.57023028e-03
   3.44958298e+02  -2.50139576e-03
   3.44958787e+02   6.96382544e-04
   3.44959275e+02   1.29022228e-03
   3.44959763e+02  -1.87275687e-03
   3.44960252e+02  -2.52415985e-03
   3.44960740e+02  -4.41513286e-04
   3.44961228e+02   8.13836174e-04
   3.44961716e+02   8.41846690e-04
   3.44962205e+02   7.18464726e-04
   3.44962693e+02   8.43180111e-04
   3.44963181e+02   2.05462144e-04
   3.44963670e+02   1.42268767e-03
   3.44964158e+02   3.47267417e-03
   3.44964646e+02   1.73762348e-03
   3.44965135e+02   7.11581437e-04
   3.44965623e+02   7.25193357e-04
   3.44966111e+02  -5.14437794e-04
   3.44966600e+02  -6.75225674e-05
   3.44967088e+02   8.75034195e-04
   3.44967576e+02   1.06277864e-03
   3.44968065e+02   1.50221435e-03
   3.44968553e+02   1.83626940e-03
   3.44969041e+02   1.74774020e-03
   3.44969529e+02   1.57259812e-03
   3.44970018e+02   2.23374227e-03
   3.44970506e+02   3.28294281e-03
   3.44970994e+02   1.62531191e-03
   3.44971483e+02  -7.72314204e-04
   3.44971971e+02  -1.01202994e-03
   3.44972459e+02  -1.09093648e-03
   3.44972948e+02  -1.90129050e-03
   3.44973436e+02  -1.67681032e-03
   3.44973924e+02   5.38121269e-04
   3.44974413e+02   2.61212792e-03
   3.44974901e+02   2.23065563e-03
   3.44975389e+02   3.15568381e-04
   3.44975877e+02   4.41544616e-05
   3.44976366e+02   9.64009319e-04
   3.44976854e+02   9.38599056e-04
   3.44977342e+02   1.02138519e-03
   3.44977831e+02   1.87762291e-03
   3.44978319e+02   1.27595698e-03
   3.44978807e+02   7.96187436e-04
   3.44979296e+02   2.22405884e-03
   3.44979784e+02   3.35987681e-03
   3.44980272e+02   3.01720249e-03
   3.44980761e+02   1.54245121e-03
   3.44981249e+02   5.36436506e-04
   3.44981737e+02   4.63003555e-04
   3.44982225e+02   6.11385854e-04
   3.44982714e+02   1.06330693e-03
   3.44983202e+02   1.45892776e-03
   3.44983690e+02   2.38881959e-03
   3.44984179e+02   1.70344929e-03
   3.44984667e+02  -7.96873006e-04
   3.44985155e+02  -1.15936995e-03
   3.44985644e+02   6.15970930e-04
   3.44986132e+02   1.09610439e-03
   3.44986620e+02  -9.58211749e-05
   3.44987109e+02  -1.21734862e-03
   3.44987597e+02  -1.05726672e-03
   3.44988085e+02   7.69484031e-04
   3.44988573e+02   2.15022941e-03
   3.44989062e+02   2.34231190e-03
   3.44989550e+02   8.21258174e-04
   3.44990038e+02  -5.63830894e-04
   3.44990527e+02   1.26153091e-03
   3.44991015e+02   2.63578747e-03
   3.44991503e+02   1.02864788e-03
   3.44991992e+02   4.55914851e-04
   3.44992480e+02   1.53909996e-03
   3.44992968e+02   2.20240123e-04
   3.44993457e+02  -1.98294059e-03
   3.44993945e+02  -1.42706011e-03
   3.44994433e+02   1.53008976e-03
   3.44994921e+02   3.18387873e-03
   3.44995410e+02   2.10722466e-03
   3.44995898e+02   7.85270997e-04
   3.44996386e+02  -4.60017414e-04
   3.44996875e+02  -1.10685884e-03
   3.44997363e+02  -6.40144397e-04
   3.44997851e+02   1.83733355e-04
   3.44998340e+02   1.35509437e-03
   3.44998828e+02   1.10886700e-03
   3.44999316e+02   1.10523985e-03
   3.44999805e+02   2.63968343e-03
   3.45000293e+02   2.25185580e-03
   3.45000781e+02   1.27403508e-03
   3.45001269e+02   2.64953007e-04
   3.45001758e+02   3.92359507e-04
   3.45002246e+02   9.47084802e-04
   3.45002734e+02   2.43558839e-04
   3.45003223e+02  -5.37388318e-04
   3.45003711e+02  -7.55881600e-04
   3.45004199e+02   4.26075043e-04
   3.45004688e+02   1.49403245e-03
   3.45005176e+02  -3.87650856e-04
   3.45005664e+02  -1.70827855e-03
   3.45006153e+02  -2.23613787e-03
   3.45006641e+02  -3.07499291e-03
   3.45007129e+02  -9.34256474e-04
   3.45007618e+02   1.19641691e-03
   3.45008106e+02  -4.09974979e-04
   3.45008594e+02  -2.38601724e-03
   3.45009082e+02  -9.98575240e-04
   3.45009571e+02   5.64631424e-04
   3.45010059e+02   3.43747757e-04
   3.45010547e+02   1.79387117e-03
   3.45011036e+02   3.63426795e-03
   3.45011524e+02   1.88735733e-03
   3.45012012e+02  -2.36818290e-04
   3.45012501e+02   4.15332295e-04
   3.45012989e+02   1.24666316e-03
   3.45013477e+02   1.22826465e-03
   3.45013966e+02   8.17326829e-04
   3.45014454e+02   1.78880536e-03
   3.45014942e+02   1.82176114e-03
   3.45015430e+02   1.23665656e-03
   3.45015919e+02   1.39556895e-03
   3.45016407e+02   1.20865577e-03
   3.45016895e+02   9.43259336e-04
   3.45017384e+02   6.51483599e-04
   3.45017872e+02   4.69274892e-05
   3.45018360e+02  -4.58566792e-04
   3.45018849e+02  -1.66697043e-03
   3.45019337e+02  -1.31770060e-03
   3.45019825e+02   1.37984985e-04
   3.45020314e+02   3.88763670e-04
   3.45020802e+02   1.74410379e-04
   3.45021290e+02   1.34995484e-04
   3.45021778e+02   4.85490193e-04
   3.45022267e+02  -1.11151766e-03
   3.45022755e+02  -3.13529558e-03
   3.45023243e+02  -1.33488281e-03
   3.45023732e+02   1.52437564e-03
   3.45024220e+02   2.50471430e-03
   3.45024708e+02   2.81355972e-03
   3.45025197e+02   2.51765992e-03
   3.45025685e+02   5.10262849e-04
   3.45026173e+02  -3.67543660e-03
   3.45026662e+02  -4.69430396e-03
   3.45027150e+02  -1.54812902e-03
   3.45027638e+02   2.09347997e-03
   3.45028126e+02   3.15333903e-03
   3.45028615e+02  -1.46426055e-05
   3.45029103e+02  -3.00683617e-03
   3.45029591e+02  -1.94258511e-03
   3.45030080e+02  -6.98221324e-04
   3.45030568e+02  -6.23733737e-04
   3.45031056e+02   3.86837928e-04
   3.45031545e+02   1.13604835e-03
   3.45032033e+02   1.07849960e-03
   3.45032521e+02   1.39107578e-03
   3.45033010e+02   1.12808333e-03
   3.45033498e+02   1.06991349e-04
   3.45033986e+02  -1.49130786e-03
   3.45034474e+02  -3.86984181e-03
   3.45034963e+02  -2.13387958e-03
   3.45035451e+02   2.64074886e-03
   3.45035939e+02   3.31769907e-03
   3.45036428e+02   1.75247563e-03
   3.45036916e+02   1.87287340e-03
   3.45037404e+02   1.03776832e-03
   3.45037893e+02   1.14256772e-03
   3.45038381e+02   1.22169231e-03
   3.45038869e+02  -4.99836809e-04
   3.45039358e+02  -7.40021642e-04
   3.45039846e+02  -1.66542828e-03
   3.45040334e+02  -2.61860969e-03
   3.45040822e+02  -5.22178540e-04
   3.45041311e+02   1.14257273e-03
   3.45041799e+02  -1.58335679e-04
   3.45042287e+02  -2.97063985e-03
   3.45042776e+02  -2.75553181e-03
   3.45043264e+02  -9.08582762e-04
   3.45043752e+02  -9.47847671e-04
   3.45044241e+02  -9.74632276e-05
   3.45044729e+02   1.74871506e-03
   3.45045217e+02   1.54033629e-03
   3.45045706e+02   2.20854592e-04
   3.45046194e+02   3.96469870e-04
   3.45046682e+02  -5.05253382e-04
   3.45047171e+02  -2.85465922e-03
   3.45047659e+02  -2.54797540e-03
   3.45048147e+02  -1.09129760e-03
   3.45048635e+02   3.54494521e-04
   3.45049124e+02   1.53545092e-03
   3.45049612e+02  -2.28153687e-04
   3.45050100e+02  -2.12032325e-03
   3.45050589e+02  -1.82946993e-03
   3.45051077e+02  -2.26349779e-03
   3.45051565e+02  -1.45762484e-03
   3.45052054e+02   3.19228187e-04
   3.45052542e+02   1.72158750e-03
   3.45053030e+02   1.94978656e-03
   3.45053519e+02   7.17717921e-04
   3.45054007e+02   5.27499127e-04
   3.45054495e+02   1.82159431e-03
   3.45054983e+02   1.71170733e-03
   3.45055472e+02  -6.09242299e-04
   3.45055960e+02  -1.39462715e-03
   3.45056448e+02   1.53581786e-05
   3.45056937e+02   1.52920710e-03
   3.45057425e+02   2.35984498e-03
   3.45057913e+02   2.02529971e-03
   3.45058402e+02   1.20068691e-03
   3.45058890e+02   1.27624650e-03
   3.45059378e+02  -6.52538612e-04
   3.45059867e+02  -4.51423507e-03
   3.45060355e+02  -5.72564779e-03
   3.45060843e+02  -3.91019834e-03
   3.45061331e+02  -1.69450161e-03
   3.45061820e+02   6.31031464e-04
   3.45062308e+02   8.95128120e-04
   3.45062796e+02  -1.32480357e-03
   3.45063285e+02  -2.36267759e-03
   3.45063773e+02  -1.18875597e-03
   3.45064261e+02  -4.77436028e-04
   3.45064750e+02   2.36815365e-04
   3.45065238e+02   1.22454041e-03
   3.45065726e+02   7.23735488e-04
   3.45066215e+02   3.75805044e-04
   3.45066703e+02   2.21285445e-04
   3.45067191e+02  -1.47956284e-03
   3.45067679e+02  -2.36694515e-03
   3.45068168e+02  -6.61792990e-04
   3.45068656e+02   2.47181300e-03
   3.45069144e+02   3.89581919e-03
   3.45069633e+02   2.99593690e-03
   3.45070121e+02   2.15621246e-03
   3.45070609e+02   1.27814536e-03
   3.45071098e+02   3.93639813e-04
   3.45071586e+02  -8.39991670e-04
   3.45072074e+02  -2.92734103e-03
   3.45072563e+02  -2.52760202e-03
   3.45073051e+02  -4.00342222e-04
   3.45073539e+02   5.24409756e-04
   3.45074027e+02   2.56445201e-04
   3.45074516e+02   8.02064314e-04
   3.45075004e+02   2.79800105e-03
   3.45075492e+02   4.14173305e-03
   3.45075981e+02   2.62058224e-03
   3.45076469e+02  -1.88192213e-03
   3.45076957e+02  -2.09074770e-03
   3.45077446e+02  -6.61804806e-05
   3.45077934e+02  -8.32602556e-04
   3.45078422e+02  -9.84641374e-04
   3.45078911e+02  -1.35670794e-04
   3.45079399e+02   3.30640585e-04
   3.45079887e+02  -5.10273501e-04
   3.45080375e+02  -1.56549201e-03
   3.45080864e+02  -1.57832779e-04
   3.45081352e+02   2.31066762e-04
   3.45081840e+02  -1.93224230e-03
   3.45082329e+02  -1.63026084e-03
   3.45082817e+02   7.01107085e-04
   3.45083305e+02   9.38432058e-04
   3.45083794e+02   4.35933762e-04
   3.45084282e+02   3.20850289e-04
   3.45084770e+02  -1.08958257e-03
   3.45085259e+02  -3.03865504e-03
   3.45085747e+02  -2.96272035e-03
   3.45086235e+02  -8.70437536e-04
   3.45086724e+02  -8.48320837e-04
   3.45087212e+02  -2.55674426e-03
   3.45087700e+02  -1.64740602e-03
   3.45088188e+02   9.99561744e-04
   3.45088677e+02   2.65749125e-03
   3.45089165e+02   2.99817370e-03
   3.45089653e+02   3.43678240e-03
   3.45090142e+02   4.21741838e-03
   3.45090630e+02   3.74811818e-03
   3.45091118e+02   8.61669716e-04
   3.45091607e+02  -1.11250801e-03
   3.45092095e+02   2.41985777e-04
   3.45092583e+02   2.20545859e-04
   3.45093072e+02   7.98721958e-05
   3.45093560e+02   7.97714049e-04
   3.45094048e+02   1.08160940e-03
   3.45094536e+02   1.60776009e-03
   3.45095025e+02   1.22465717e-03
   3.45095513e+02   1.16429676e-03
   3.45096001e+02   1.83886010e-03
   3.45096490e+02   1.00380823e-03
   3.45096978e+02  -1.88968354e-03
   3.45097466e+02  -2.68339855e-03
   3.45097955e+02  -1.06892188e-03
   3.45098443e+02  -4.40735370e-04
   3.45098931e+02   1.04996921e-04
   3.45099420e+02  -1.28019531e-03
   3.45099908e+02  -2.71832338e-03
   3.45100396e+02  -1.46391545e-03
   3.45100884e+02  -3.63674015e-04
   3.45101373e+02  -4.44194186e-04
   3.45101861e+02  -2.03076255e-04
   3.45102349e+02   2.02469993e-04
   3.45102838e+02   1.13222038e-03
   3.45103326e+02   1.11997244e-03
   3.45103814e+02   2.29800571e-04
   3.45104303e+02   8.89415329e-04
   3.45104791e+02   1.62025064e-03
   3.45105279e+02   5.91271266e-04
   3.45105768e+02  -1.10158941e-03
   3.45106256e+02  -1.28087110e-03
   3.45106744e+02  -8.82149674e-04
   3.45107232e+02  -1.18329015e-03
   3.45107721e+02  -1.39555821e-04
   3.45108209e+02   5.84168651e-04
   3.45108697e+02  -5.10542770e-04
   3.45109186e+02  -6.01971929e-04
   3.45109674e+02   1.32694643e-03
   3.45110162e+02   2.25957995e-03
   3.45110651e+02   2.19073496e-03
   3.45111139e+02   2.08305824e-03
   3.45111627e+02   1.25874102e-03
   3.45112116e+02  -1.19322585e-03
   3.45112604e+02  -4.19627037e-03
   3.45113092e+02  -4.71456954e-03
   3.45113580e+02  -2.50761746e-03
   3.45114069e+02  -1.04664871e-03
   3.45114557e+02  -2.26477929e-03
   3.45115045e+02  -4.63662436e-03
   3.45115534e+02  -4.50317375e-03
   3.45116022e+02  -1.73532905e-03
   3.45116510e+02  -1.87088575e-04
   3.45116999e+02   1.64132689e-05
   3.45117487e+02  -1.09156256e-03
   3.45117975e+02  -1.83302641e-03
   3.45118464e+02  -8.51636752e-04
   3.45118952e+02   7.48585328e-04
   3.45119440e+02   2.93365098e-03
   3.45119928e+02   2.96190777e-03
   3.45120417e+02  -3.13391938e-04
   3.45120905e+02  -1.16953475e-03
   3.45121393e+02  -1.84852642e-03
   3.45121882e+02  -2.43755197e-03
   3.45122370e+02  -1.07580051e-03
   3.45122858e+02   5.71474724e-04
   3.45123347e+02  -9.46220825e-04
   3.45123835e+02  -2.08972325e-03
   3.45124323e+02  -1.51419663e-03
   3.45124812e+02  -1.24442077e-03
   3.45125300e+02  -5.62804169e-04
   3.45125788e+02   2.67502037e-04
   3.45126277e+02   1.02433987e-04
   3.45126765e+02   2.90960044e-04
   3.45127253e+02   1.33733253e-03
   3.45127741e+02   4.42827673e-04
   3.45128230e+02  -9.41544946e-04
   3.45128718e+02  -3.34456185e-04
   3.45129206e+02  -1.12345547e-03
   3.45129695e+02  -2.19145324e-03
   3.45130183e+02   7.68303347e-04
   3.45130671e+02   2.26860424e-03
   3.45131160e+02   1.27260546e-05
   3.45131648e+02  -1.42271188e-03
   3.45132136e+02   2.85544502e-05
   3.45132625e+02   2.51685339e-03
   3.45133113e+02   3.02097457e-03
   3.45133601e+02   2.11731647e-03
   3.45134089e+02   2.17349757e-03
   3.45134578e+02   2.00266019e-03
   3.45135066e+02   8.46361218e-04
   3.45135554e+02   7.92065926e-04
   3.45136043e+02   1.86034187e-03
   3.45136531e+02   1.34347752e-03
   3.45137019e+02   4.16682073e-04
   3.45137508e+02   9.46067448e-04
   3.45137996e+02   7.76616624e-04
   3.45138484e+02  -2.22429560e-04
   3.45138973e+02  -9.37311910e-04
   3.45139461e+02  -1.58784643e-03
   3.45139949e+02  -1.59825897e-03
   3.45140437e+02  -8.31819634e-05
   3.45140926e+02   3.09207477e-03
   3.45141414e+02   4.51810285e-03
   3.45141902e+02   2.87730712e-03
   3.45142391e+02   3.88637767e-04
   3.45142879e+02  -6.54796197e-04
   3.45143367e+02   5.45195537e-04
   3.45143856e+02  -7.89914513e-04
   3.45144344e+02  -2.11733626e-03
   3.45144832e+02  -7.03990343e-04
   3.45145321e+02  -2.34554798e-04
   3.45145809e+02  -8.78843770e-04
   3.45146297e+02  -2.35026027e-03
   3.45146785e+02  -2.91084102e-03
   3.45147274e+02  -2.26894417e-03
   3.45147762e+02  -1.67569157e-03
   3.45148250e+02  -2.43028323e-03
   3.45148739e+02  -2.79062148e-03
   3.45149227e+02  -1.35171530e-03
   3.45149715e+02   7.54995854e-05
   3.45150204e+02   8.13373015e-04
   3.45150692e+02   1.20776205e-03
   3.45151180e+02   7.75777211e-04
   3.45151669e+02  -6.97284122e-04
   3.45152157e+02  -2.31545395e-03
   3.45152645e+02  -2.41102534e-03
   3.45153133e+02  -2.66730879e-03
   3.45153622e+02  -2.03072093e-03
   3.45154110e+02   2.45870324e-03
   3.45154598e+02   4.82883584e-03
   3.45155087e+02   2.48149829e-03
   3.45155575e+02   2.19340378e-04
   3.45156063e+02  -4.38384392e-04
   3.45156552e+02   8.05305142e-04
   3.45157040e+02   2.63343425e-03
   3.45157528e+02   2.93049123e-03
   3.45158017e+02   3.65504320e-03
   3.45158505e+02   3.46237351e-03
   3.45158993e+02   8.36915802e-04
   3.45159481e+02  -2.15129239e-05
   3.45159970e+02   2.34307561e-04
   3.45160458e+02  -8.51355027e-04
   3.45160946e+02  -1.80644984e-03
   3.45161435e+02  -1.36505486e-03
   3.45161923e+02   9.07661451e-05
   3.45162411e+02  -8.76989216e-05
   3.45162900e+02  -1.40064803e-03
   3.45163388e+02  -1.55315083e-03
   3.45163876e+02  -9.74865630e-04
   3.45164365e+02  -3.24631546e-04
   3.45164853e+02  -2.27426848e-04
   3.45165341e+02  -1.27221819e-03
   3.45165830e+02  -1.32609752e-03
   3.45166318e+02   1.26044662e-03
   3.45166806e+02   3.18103307e-03
   3.45167294e+02   3.54426657e-03
   3.45167783e+02   3.08302883e-03
   3.45168271e+02   1.30604103e-03
   3.45168759e+02  -1.11544458e-03
   3.45169248e+02  -2.11569737e-03
   3.45169736e+02  -1.31773530e-03
   3.45170224e+02  -2.00823764e-03
   3.45170713e+02  -3.60111566e-03
   3.45171201e+02  -4.12141066e-03
   3.45171689e+02  -3.19684786e-03
   3.45172178e+02  -1.15811813e-03
   3.45172666e+02   5.49232063e-04
   3.45173154e+02   5.78492647e-04
   3.45173642e+02  -1.38998381e-04
   3.45174131e+02  -3.68240551e-04
   3.45174619e+02  -2.28826335e-04
   3.45175107e+02   1.02658977e-03
   3.45175596e+02   1.79718458e-03
   3.45176084e+02   4.96812165e-04
   3.45176572e+02  -3.78759811e-04
   3.45177061e+02  -1.56958995e-03
   3.45177549e+02  -2.27947230e-03
   3.45178037e+02  -8.42305599e-04
   3.45178526e+02   1.00967554e-04
   3.45179014e+02   4.22537996e-04
   3.45179502e+02   5.41093585e-04
   3.45179990e+02  -1.35697180e-03
   3.45180479e+02  -1.99262099e-03
   3.45180967e+02  -2.06198567e-03
   3.45181455e+02  -2.08982313e-03
   3.45181944e+02  -1.69909128e-03
   3.45182432e+02  -1.69719476e-03
   3.45182920e+02  -1.28454226e-03
   3.45183409e+02   4.48788604e-04
   3.45183897e+02   6.03476889e-04
   3.45184385e+02  -2.22200411e-03
   3.45184874e+02  -3.86246247e-03
   3.45185362e+02  -2.90604634e-03
   3.45185850e+02  -7.75072840e-04
   3.45186338e+02   3.19474289e-04
   3.45186827e+02  -2.21759852e-04
   3.45187315e+02  -5.72763209e-04
   3.45187803e+02   4.76991772e-05
   3.45188292e+02  -2.13476892e-06
   3.45188780e+02  -2.19548834e-04
   3.45189268e+02   8.70358723e-04
   3.45189757e+02   1.17314328e-03
   3.45190245e+02  -3.50097136e-04
   3.45190733e+02  -2.20062351e-03
   3.45191222e+02  -2.53020274e-03
   3.45191710e+02  -1.54042893e-04
   3.45192198e+02   2.16913852e-03
   3.45192686e+02   1.97958457e-03
   3.45193175e+02   7.68690952e-04
   3.45193663e+02  -3.78236029e-04
   3.45194151e+02  -1.91748317e-03
   3.45194640e+02  -1.29233347e-03
   3.45195128e+02  -3.59505430e-05
   3.45195616e+02  -1.66725111e-03
   3.45196105e+02  -2.86128162e-03
   3.45196593e+02  -4.31237015e-04
   3.45197081e+02   2.01538135e-03
   3.45197570e+02   9.18779173e-04
   3.45198058e+02  -1.90071951e-05
   3.45198546e+02   9.11129115e-04
   3.45199034e+02  -2.12202678e-04
   3.45199523e+02  -2.24067038e-03
   3.45200011e+02  -2.13716901e-03
   3.45200499e+02  -6.05550653e-04
   3.45200988e+02   9.68842505e-05
   3.45201476e+02  -1.29864691e-03
   3.45201964e+02  -3.03576677e-03
   3.45202453e+02  -3.07836337e-03
   3.45202941e+02  -2.40539270e-03
   3.45203429e+02  -3.05582216e-05
   3.45203918e+02   2.30869162e-03
   3.45204406e+02   7.18305062e-04
   3.45204894e+02  -1.04287814e-03
   3.45205383e+02  -1.14493875e-03
   3.45205871e+02  -5.26514777e-04
   3.45206359e+02   8.59017717e-04
   3.45206847e+02   1.67251797e-03
   3.45207336e+02   1.34297146e-03
   3.45207824e+02   8.01054353e-04
   3.45208312e+02   1.56578771e-03
   3.45208801e+02   1.12806773e-03
   3.45209289e+02  -4.11345944e-04
   3.45209777e+02  -1.29790526e-04
   3.45210266e+02   1.83428725e-04
   3.45210754e+02   2.54692732e-05
   3.45211242e+02  -8.12901242e-04
   3.45211731e+02  -2.58324109e-03
   3.45212219e+02  -1.49009959e-03
   3.45212707e+02   7.39442999e-04
   3.45213195e+02   1.31002534e-03
   3.45213684e+02   1.14598451e-03
   3.45214172e+02   2.34538689e-04
   3.45214660e+02  -8.07085657e-04
   3.45215149e+02  -6.19336322e-04
   3.45215637e+02  -1.02787977e-03
   3.45216125e+02  -8.56479979e-04
   3.45216614e+02   1.58848020e-03
   3.45217102e+02   2.14960030e-03
   3.45217590e+02   1.02630642e-03
   3.45218079e+02   2.18913704e-03
   3.45218567e+02   2.44420231e-03
   3.45219055e+02   8.47652380e-04
   3.45219543e+02  -8.49236312e-05
   3.45220032e+02  -1.22745626e-03
   3.45220520e+02  -1.03478704e-03
   3.45221008e+02  -2.76798441e-04
   3.45221497e+02  -3.67424858e-04
   3.45221985e+02  -9.00055224e-04
   3.45222473e+02  -2.87764310e-03
   3.45222962e+02  -3.52975121e-03
   3.45223450e+02  -1.81188609e-03
   3.45223938e+02  -3.92650341e-04
   3.45224427e+02  -1.26772444e-04
   3.45224915e+02   1.51273422e-03
   3.45225403e+02   2.91478192e-03
   3.45225891e+02   2.03449884e-03
   3.45226380e+02   5.72264777e-04
   3.45226868e+02  -2.26745658e-04
   3.45227356e+02   3.88311950e-04
   3.45227845e+02   7.75810098e-04
   3.45228333e+02   5.29065437e-05
   3.45228821e+02  -9.83056147e-04
   3.45229310e+02  -1.32982293e-03
   3.45229798e+02  -2.97759630e-04
   3.45230286e+02   7.73434120e-04
   3.45230775e+02   1.72076456e-03
   3.45231263e+02   1.42167881e-03
   3.45231751e+02  -1.53262098e-03
   3.45232239e+02  -2.98779551e-03
   3.45232728e+02   4.59991716e-05
   3.45233216e+02   1.25174038e-03
   3.45233704e+02   3.87957843e-05
   3.45234193e+02   8.79783416e-04
   3.45234681e+02   7.98487221e-04
   3.45235169e+02   8.47053889e-04
   3.45235658e+02   1.60383852e-03
   3.45236146e+02  -2.91792344e-06
   3.45236634e+02  -1.38189888e-03
   3.45237123e+02  -4.08666237e-04
   3.45237611e+02   3.28249094e-04
   3.45238099e+02   6.10396790e-04
   3.45238587e+02   2.61873635e-03
   3.45239076e+02   3.61654884e-03
   3.45239564e+02   3.61391110e-03
   3.45240052e+02   2.74123088e-03
   3.45240541e+02   9.88068525e-04
   3.45241029e+02  -7.32500455e-04
   3.45241517e+02  -4.97950416e-04
   3.45242006e+02   5.58731146e-04
   3.45242494e+02   9.05628141e-04
   3.45242982e+02   4.37293143e-04
   3.45243471e+02  -1.54974626e-03
   3.45243959e+02  -2.59863329e-03
   3.45244447e+02  -1.78702816e-03
   3.45244936e+02  -1.21667108e-03
   3.45245424e+02   4.98955953e-04
   3.45245912e+02   3.56933335e-03
   3.45246400e+02   3.54979723e-03
   3.45246889e+02   1.74869748e-03
   3.45247377e+02   1.16859749e-03
   3.45247865e+02   6.30269005e-06
   3.45248354e+02  -1.43327774e-03
   3.45248842e+02  -1.31607987e-03
   3.45249330e+02  -1.26153405e-03
   3.45249819e+02  -1.48798921e-03
   3.45250307e+02  -6.38718309e-04
   3.45250795e+02  -7.32043845e-05
   3.45251284e+02  -2.00138078e-03
   3.45251772e+02  -1.70009607e-03
   3.45252260e+02   8.75844329e-04
   3.45252748e+02   8.24477465e-04
   3.45253237e+02   6.81097852e-04
   3.45253725e+02   1.93524244e-03
   3.45254213e+02   9.83928330e-04
   3.45254702e+02  -8.34467879e-04
   3.45255190e+02  -1.00172276e-03
   3.45255678e+02   2.26739256e-04
   3.45256167e+02   9.00085957e-04
   3.45256655e+02   2.11875793e-03
   3.45257143e+02   2.80287606e-03
   3.45257632e+02   3.43084073e-04
   3.45258120e+02  -2.35681469e-03
   3.45258608e+02  -2.11250503e-03
   3.45259096e+02   1.08908326e-03
   3.45259585e+02   2.62942049e-03
   3.45260073e+02   1.28917536e-03
   3.45260561e+02   3.55190539e-04
   3.45261050e+02  -6.47418085e-04
   3.45261538e+02  -2.70868244e-04
   3.45262026e+02   1.62494823e-03
   3.45262515e+02   2.66876724e-03
   3.45263003e+02   2.33292650e-03
   3.45263491e+02   5.50606695e-04
   3.45263980e+02  -1.72215584e-03
   3.45264468e+02  -2.22310633e-03
   3.45264956e+02  -1.99856213e-03
   3.45265444e+02  -1.84873259e-03
   3.45265933e+02   1.76897156e-04
   3.45266421e+02   1.14856521e-03
   3.45266909e+02  -3.61364568e-04
   3.45267398e+02  -1.33713894e-03
   3.45267886e+02  -5.08497003e-04
   3.45268374e+02   1.34789583e-03
   3.45268863e+02   1.84546690e-03
   3.45269351e+02   2.48838158e-04
   3.45269839e+02  -7.13331101e-04
   3.45270328e+02  -8.49222241e-04
   3.45270816e+02  -1.07231759e-03
   3.45271304e+02  -1.34711643e-03
   3.45271792e+02  -1.21157768e-03
   3.45272281e+02   4.61224590e-05
   3.45272769e+02   7.81858223e-04
   3.45273257e+02   5.42453781e-05
   3.45273746e+02  -6.40322105e-04
   3.45274234e+02  -1.30794174e-03
   3.45274722e+02  -1.38150330e-03
   3.45275211e+02  -1.11922901e-03
   3.45275699e+02  -1.53209025e-03
   3.45276187e+02  -1.51734904e-03
   3.45276676e+02  -1.71759876e-03
   3.45277164e+02  -3.06819659e-03
   3.45277652e+02  -2.86926725e-03
   3.45278140e+02   5.09296486e-04
   3.45278629e+02   4.61702002e-03
   3.45279117e+02   5.90850553e-03
   3.45279605e+02   3.26528423e-03
   3.45280094e+02  -3.46454821e-04
   3.45280582e+02  -1.19361153e-03
   3.45281070e+02   5.67587966e-04
   3.45281559e+02   1.13479339e-03
   3.45282047e+02  -8.23297072e-04
   3.45282535e+02  -6.27920148e-04
   3.45283024e+02   1.19493423e-04
   3.45283512e+02  -1.37585227e-03
   3.45284000e+02  -2.00612424e-03
   3.45284489e+02  -1.15495466e-03
   3.45284977e+02  -1.21457138e-04
   3.45285465e+02   1.25640654e-03
   3.45285953e+02   2.28323345e-03
   3.45286442e+02   1.90884550e-03
   3.45286930e+02   4.57828661e-04
   3.45287418e+02  -2.18023444e-04
   3.45287907e+02  -6.96282950e-04
   3.45288395e+02  -6.56727236e-04
   3.45288883e+02   2.98127270e-04
   3.45289372e+02   6.10091141e-04
   3.45289860e+02   3.44033731e-04
   3.45290348e+02  -5.10267273e-04
   3.45290837e+02  -2.29928712e-03
   3.45291325e+02  -2.14179675e-03
   3.45291813e+02  -4.01899451e-04
   3.45292301e+02   6.93574329e-05
   3.45292790e+02  -5.28658100e-04
   3.45293278e+02  -1.25418068e-03
   3.45293766e+02  -1.01958239e-03
   3.45294255e+02  -6.49992202e-04
   3.45294743e+02  -1.60642026e-03
   3.45295231e+02  -2.61629163e-03
   3.45295720e+02  -3.73171922e-03
   3.45296208e+02  -3.66495457e-03
   3.45296696e+02  -2.78737186e-03
   3.45297185e+02  -6.04958448e-04
   3.45297673e+02   7.27202685e-04
   3.45298161e+02   1.72300485e-03
   3.45298649e+02   2.30376446e-03
   3.45299138e+02   1.58498855e-03
   3.45299626e+02   7.28800369e-05
   3.45300114e+02  -5.08711091e-04
   3.45300603e+02  -1.83825765e-03
   3.45301091e+02  -3.48662422e-03
   3.45301579e+02  -2.66347290e-03
   3.45302068e+02  -1.07147323e-03
   3.45302556e+02   3.89436755e-04
   3.45303044e+02   2.36851885e-03
   3.45303533e+02   2.29969132e-03
   3.45304021e+02  -5.89868810e-04
   3.45304509e+02  -3.54642514e-03
   3.45304997e+02  -2.35791947e-03
   3.45305486e+02   1.41641626e-03
   3.45305974e+02   2.18875264e-03
   3.45306462e+02   1.67358771e-03
   3.45306951e+02   1.88411435e-03
   3.45307439e+02   7.97891058e-04
   3.45307927e+02  -5.51794947e-04
   3.45308416e+02   4.04814840e-04
   3.45308904e+02   1.99149619e-03
   3.45309392e+02  -6.73184171e-04
   3.45309881e+02  -3.69253010e-03
   3.45310369e+02  -2.17692112e-03
   3.45310857e+02  -2.40460574e-03
   3.45311345e+02  -3.38426302e-03
   3.45311834e+02  -1.61292264e-03
   3.45312322e+02   1.44492849e-04
   3.45312810e+02   1.02007983e-03
   3.45313299e+02   2.87348783e-04
   3.45313787e+02  -2.12125131e-03
   3.45314275e+02  -2.60993000e-03
   3.45314764e+02  -1.82989449e-03
   3.45315252e+02  -1.85390341e-03
   3.45315740e+02  -1.30245020e-03
   3.45316229e+02  -2.66769173e-04
   3.45316717e+02   1.45603830e-04
   3.45317205e+02  -1.46240473e-03
   3.45317693e+02  -3.06243356e-03
   3.45318182e+02  -1.62313029e-03
   3.45318670e+02   8.18465895e-04
   3.45319158e+02  -2.69863900e-04
   3.45319647e+02  -1.55687507e-03
   3.45320135e+02  -6.16783742e-04
   3.45320623e+02  -9.15671757e-04
   3.45321112e+02  -9.15178971e-04
   3.45321600e+02   5.22492221e-04
   3.45322088e+02   8.52535770e-04
   3.45322577e+02   5.10184764e-05
   3.45323065e+02   4.71728163e-05
   3.45323553e+02   7.64815370e-04
   3.45324042e+02   2.80975481e-04
   3.45324530e+02  -8.84313922e-05
   3.45325018e+02   1.65455043e-03
   3.45325506e+02   3.45185702e-03
   3.45325995e+02   1.69768743e-03
   3.45326483e+02  -1.67781604e-03
   3.45326971e+02  -1.91594323e-03
   3.45327460e+02  -2.84532580e-04
   3.45327948e+02  -1.02910730e-04
   3.45328436e+02  -1.72160770e-04
   3.45328925e+02   5.71913261e-04
   3.45329413e+02   5.41091606e-04
   3.45329901e+02  -3.73668881e-04
   3.45330390e+02  -1.30641880e-03
   3.45330878e+02  -2.14123458e-04
   3.45331366e+02   2.34422227e-03
   3.45331854e+02   4.41822549e-03
   3.45332343e+02   5.54663781e-03
   3.45332831e+02   4.41718567e-03
   3.45333319e+02   4.73487307e-04
   3.45333808e+02  -8.93154356e-04
   3.45334296e+02   9.01294115e-04
   3.45334784e+02   4.82025265e-04
   3.45335273e+02  -9.37787874e-04
   3.45335761e+02  -8.35695013e-04
   3.45336249e+02  -1.81848579e-03
   3.45336738e+02  -3.49188992e-03
   3.45337226e+02  -2.62397877e-03
   3.45337714e+02  -1.27193169e-04
   3.45338202e+02   1.31360872e-03
   3.45338691e+02   1.99093809e-03
   3.45339179e+02   2.40975013e-03
   3.45339667e+02   2.19058245e-03
   3.45340156e+02   1.91227766e-03
   3.45340644e+02   1.61311764e-03
   3.45341132e+02   9.89909633e-04
   3.45341621e+02   8.42136564e-04
   3.45342109e+02   9.43015097e-04
   3.45342597e+02   1.01549504e-03
   3.45343086e+02   1.74431689e-03
   3.45343574e+02   2.40495754e-03
   3.45344062e+02   3.03518004e-03
   3.45344550e+02   3.27471038e-03
   3.45345039e+02   1.65761530e-03
   3.45345527e+02  -1.15821848e-03
   3.45346015e+02  -3.81107791e-03
   3.45346504e+02  -4.78129881e-03
   3.45346992e+02  -2.63595046e-03
   3.45347480e+02  -4.22814599e-04
   3.45347969e+02   7.22727738e-04
   3.45348457e+02   1.81496690e-03
   3.45348945e+02   2.94310460e-03
   3.45349434e+02   1.64888520e-03
   3.45349922e+02  -6.61810685e-04
   3.45350410e+02  -1.16007635e-03
   3.45350898e+02  -1.35116966e-03
   3.45351387e+02  -2.84866756e-03
   3.45351875e+02  -2.44089728e-03
   3.45352363e+02  -3.21034982e-04
   3.45352852e+02  -5.73964033e-04
   3.45353340e+02  -1.51220139e-03
   3.45353828e+02  -4.64619137e-04
   3.45354317e+02   1.39225309e-03
   3.45354805e+02   1.73117674e-03
   3.45355293e+02  -1.83580059e-03
   3.45355782e+02  -1.77866197e-03
   3.45356270e+02  -2.35046435e-04
   3.45356758e+02   1.40817720e-04
   3.45357246e+02  -4.16472118e-04
   3.45357735e+02  -1.20662816e-03
   3.45358223e+02  -1.72321708e-03
   3.45358711e+02  -2.70005432e-04
   3.45359200e+02   3.52490781e-04
   3.45359688e+02  -4.03529739e-05
   3.45360176e+02   1.84414280e-03
   3.45360665e+02   3.56634962e-03
   3.45361153e+02   3.55657889e-03
   3.45361641e+02   2.83103110e-03
   3.45362130e+02   3.51529132e-04
   3.45362618e+02  -3.31537740e-04
   3.45363106e+02   1.60091964e-03
   3.45363595e+02   8.21007648e-04
   3.45364083e+02  -4.37498151e-04
   3.45364571e+02  -8.66323127e-04
   3.45365059e+02  -1.61999289e-03
   3.45365548e+02   3.21286352e-04
   3.45366036e+02   3.22825811e-03
   3.45366524e+02   2.65929382e-03
   3.45367013e+02  -1.02060544e-03
   3.45367501e+02  -2.82365526e-03
   3.45367989e+02  -1.04252016e-03
   3.45368478e+02  -2.16425411e-04
   3.45368966e+02  -2.02611880e-03
   3.45369454e+02  -2.51155440e-03
   3.45369943e+02  -1.50701753e-03
   3.45370431e+02   1.89127371e-04
   3.45370919e+02   9.58241697e-04
   3.45371407e+02  -1.45250408e-04
   3.45371896e+02  -6.85374136e-04
   3.45372384e+02  -3.31706164e-04
   3.45372872e+02  -1.98087553e-04
   3.45373361e+02  -2.95621081e-04
   3.45373849e+02  -1.47261401e-03
   3.45374337e+02  -1.12780533e-03
   3.45374826e+02   7.23818492e-04
   3.45375314e+02   1.32558472e-03
   3.45375802e+02   2.12356285e-03
   3.45376291e+02   2.55243341e-03
   3.45376779e+02   1.56650820e-03
   3.45377267e+02   3.62372550e-04
   3.45377755e+02  -2.85021320e-04
   3.45378244e+02  -1.31583656e-03
   3.45378732e+02  -4.49457584e-04
   3.45379220e+02   1.66174991e-03
   3.45379709e+02   1.62014854e-03
   3.45380197e+02   1.75486226e-03
   3.45380685e+02   2.90788850e-03
   3.45381174e+02   9.25757340e-04
   3.45381662e+02  -2.57228781e-03
   3.45382150e+02  -1.15064823e-03
   3.45382639e+02   1.62892649e-03
   3.45383127e+02  -8.40115172e-05
   3.45383615e+02  -4.77057620e-04
   3.45384103e+02   2.02790042e-03
   3.45384592e+02   1.97315007e-03
   3.45385080e+02   3.03396781e-04
   3.45385568e+02  -1.71957852e-03
   3.45386057e+02  -2.05904315e-03
   3.45386545e+02  -1.04208069e-03
   3.45387033e+02  -8.67829018e-04
   3.45387522e+02  -8.25098017e-04
   3.45388010e+02  -1.81939593e-03
   3.45388498e+02  -3.48264724e-03
   3.45388987e+02  -3.09199607e-03
   3.45389475e+02  -9.79010947e-04
   3.45389963e+02   9.65842337e-04
   3.45390451e+02   2.83683627e-03
   3.45390940e+02   3.11173731e-03
   3.45391428e+02   1.58171356e-03
   3.45391916e+02   8.26567702e-04
   3.45392405e+02  -9.03581386e-05
   3.45392893e+02  -1.43170287e-03
   3.45393381e+02  -6.43409439e-04
   3.45393870e+02   1.13886618e-03
   3.45394358e+02   1.30540167e-03
   3.45394846e+02   1.14516006e-03
   3.45395335e+02   1.85659889e-03
   3.45395823e+02   1.42234564e-03
   3.45396311e+02  -2.63165392e-04
   3.45396799e+02  -1.53269852e-03
   3.45397288e+02  -1.59886840e-03
   3.45397776e+02  -3.89595050e-04
   3.45398264e+02   3.78816563e-04
   3.45398753e+02   8.95049190e-04
   3.45399241e+02   2.11052294e-03
   3.45399729e+02   1.61852187e-03
   3.45400218e+02   1.97197965e-04
   3.45400706e+02  -1.81448660e-04
   3.45401194e+02  -8.46159412e-04
   3.45401683e+02  -5.17138804e-04
   3.45402171e+02   7.04426609e-04
   3.45402659e+02   5.79037354e-04
   3.45403147e+02  -9.34230920e-04
   3.45403636e+02  -5.54895552e-04
   3.45404124e+02   1.24415685e-03
   3.45404612e+02   5.52279409e-04
   3.45405101e+02  -1.64040469e-03
   3.45405589e+02  -2.35186215e-03
   3.45406077e+02  -1.61191425e-03
   3.45406566e+02  -2.07645862e-04
   3.45407054e+02   4.13641654e-04
   3.45407542e+02   1.90884326e-04
   3.45408031e+02  -4.73324821e-04
   3.45408519e+02  -1.68779268e-04
   3.45409007e+02   1.13141362e-03
   3.45409496e+02   1.64156209e-03
   3.45409984e+02   1.22632773e-03
   3.45410472e+02   1.13572646e-03
   3.45410960e+02   1.24575675e-03
   3.45411449e+02   1.47479970e-03
   3.45411937e+02   1.43057341e-03
   3.45412425e+02   1.68025284e-03
   3.45412914e+02   1.38349622e-03
   3.45413402e+02  -1.05447997e-03
   3.45413890e+02  -2.13462091e-03
   3.45414379e+02  -4.87230282e-04
   3.45414867e+02   1.10515999e-03
   3.45415355e+02   1.10683218e-03
   3.45415844e+02   2.43407238e-04
   3.45416332e+02  -4.86119592e-04
   3.45416820e+02  -1.76137069e-03
   3.45417308e+02  -1.65559223e-03
   3.45417797e+02   2.39344401e-04
   3.45418285e+02   1.04999391e-03
   3.45418773e+02   1.55958172e-03
   3.45419262e+02   1.05414912e-03
   3.45419750e+02   3.27771704e-04
   3.45420238e+02   1.37038087e-03
   3.45420727e+02   1.69364200e-03
   3.45421215e+02   7.40901509e-04
   3.45421703e+02  -5.53805381e-04
   3.45422192e+02  -1.96256186e-03
   3.45422680e+02  -2.47820257e-03
   3.45423168e+02  -1.77058799e-03
   3.45423656e+02  -1.68520852e-03
   3.45424145e+02  -1.13997108e-03
   3.45424633e+02  -4.67805134e-04
   3.45425121e+02  -1.45882240e-03
   3.45425610e+02  -1.77203643e-03
   3.45426098e+02  -6.57614612e-04
   3.45426586e+02   3.68040724e-04
   3.45427075e+02   6.98625401e-04
   3.45427563e+02   2.33201729e-03
   3.45428051e+02   3.24095343e-03
   3.45428540e+02   1.57553796e-03
   3.45429028e+02   8.78269377e-04
   3.45429516e+02   1.89377251e-03
   3.45430004e+02   1.02657999e-03
   3.45430493e+02  -7.24821701e-04
   3.45430981e+02  -1.45841099e-03
   3.45431469e+02  -2.50887102e-03
   3.45431958e+02  -2.86275451e-03
   3.45432446e+02  -2.51200702e-03
   3.45432934e+02  -2.61509558e-03
   3.45433423e+02  -1.54956791e-03
   3.45433911e+02   1.75662004e-04
   3.45434399e+02   8.42094712e-04
   3.45434888e+02   1.19462621e-03
   3.45435376e+02   6.81316131e-04
   3.45435864e+02  -4.63371980e-04
   3.45436352e+02   8.97392049e-04
   3.45436841e+02   2.57315557e-03
   3.45437329e+02   2.86247092e-03
   3.45437817e+02   2.50477949e-03
   3.45438306e+02   1.31125480e-03
   3.45438794e+02   3.68578883e-04
   3.45439282e+02   2.94263591e-04
   3.45439771e+02   1.23763294e-03
   3.45440259e+02   1.06567168e-03
   3.45440747e+02   3.96994525e-04
   3.45441236e+02   2.89503601e-04
   3.45441724e+02   5.73216181e-04
   3.45442212e+02   7.75670982e-04
   3.45442700e+02   1.61428622e-03
   3.45443189e+02   2.67639011e-03
   3.45443677e+02   1.74879993e-03
   3.45444165e+02  -2.62430985e-04
   3.45444654e+02  -2.16915784e-03
   3.45445142e+02  -1.55622431e-03
   3.45445630e+02   5.62510628e-04
   3.45446119e+02   1.04190700e-03
   3.45446607e+02  -2.18441928e-04
   3.45447095e+02  -1.02994405e-03
   3.45447584e+02  -9.45594511e-04
   3.45448072e+02   6.67802116e-04
   3.45448560e+02   1.58037583e-03
   3.45449049e+02   1.35911326e-03
   3.45449537e+02   9.95681388e-04
   3.45450025e+02  -7.33051565e-04
   3.45450513e+02  -1.68901111e-03
   3.45451002e+02   3.34699900e-04
   3.45451490e+02   1.62437896e-03
   3.45451978e+02  -1.73226843e-04
   3.45452467e+02  -2.49806792e-03
   3.45452955e+02  -1.80138065e-03
   3.45453443e+02   3.64868698e-04
   3.45453932e+02   8.00053414e-04
   3.45454420e+02  -7.79762049e-04
   3.45454908e+02  -1.68954907e-03
   3.45455397e+02   4.48727485e-04
   3.45455885e+02   2.03832006e-03
   3.45456373e+02   7.68192578e-04
   3.45456861e+02  -1.22530991e-03
   3.45457350e+02  -3.45604937e-03
   3.45457838e+02  -3.95569904e-03
   3.45458326e+02  -1.19099906e-03
   3.45458815e+02   5.54684433e-04
   3.45459303e+02  -3.47841968e-04
   3.45459791e+02  -2.11727922e-03
   3.45460280e+02  -3.09643638e-03
   3.45460768e+02  -1.78482616e-03
   3.45461256e+02  -1.14225455e-04
   3.45461745e+02   7.34300760e-04
   3.45462233e+02   2.36555166e-03
   3.45462721e+02   2.03619082e-03
   3.45463209e+02   4.82003088e-04
   3.45463698e+02   1.30911113e-03
   3.45464186e+02   2.46641808e-03
   3.45464674e+02   1.73626351e-03
   3.45465163e+02   1.22843566e-03
   3.45465651e+02   1.13905664e-03
   3.45466139e+02   5.87303774e-04
   3.45466628e+02  -3.41965206e-04
   3.45467116e+02  -1.53047219e-03
   3.45467604e+02  -1.06041681e-03
   3.45468093e+02   2.24892268e-04
   3.45468581e+02   8.13053746e-04
   3.45469069e+02   1.31195429e-05
   3.45469557e+02  -1.13161595e-03
   3.45470046e+02  -1.64121762e-03
   3.45470534e+02  -6.28320151e-04
   3.45471022e+02  -7.98368477e-04
   3.45471511e+02  -1.66007504e-03
   3.45471999e+02  -9.76770418e-04
   3.45472487e+02  -1.76339946e-03
   3.45472976e+02  -1.95546448e-03
   3.45473464e+02   1.77550857e-04
   3.45473952e+02   1.83671934e-03
   3.45474441e+02   1.95851550e-03
   3.45474929e+02   1.41863688e-03
   3.45475417e+02   1.00826344e-03
   3.45475905e+02   9.99902259e-04
   3.45476394e+02  -1.47030992e-03
   3.45476882e+02  -3.85006214e-03
   3.45477370e+02  -3.33159021e-03
   3.45477859e+02  -1.41935609e-03
   3.45478347e+02   5.30372723e-04
   3.45478835e+02   1.20569800e-03
   3.45479324e+02   7.61866337e-04
   3.45479812e+02  -6.29455433e-04
   3.45480300e+02  -5.17855515e-04
   3.45480789e+02   1.97669608e-03
   3.45481277e+02   2.44877092e-03
   3.45481765e+02   4.06616629e-04
   3.45482253e+02   5.36470441e-04
   3.45482742e+02   3.44416243e-03
   3.45483230e+02   2.80373637e-03
   3.45483718e+02  -1.08026492e-03
   3.45484207e+02  -2.15161871e-03
   3.45484695e+02   5.82579174e-04
   3.45485183e+02   2.33401498e-03
   3.45485672e+02   7.23332400e-04
   3.45486160e+02  -9.39556805e-04
   3.45486648e+02  -1.14352466e-03
   3.45487137e+02  -3.21355241e-04
   3.45487625e+02  -2.80073727e-04
   3.45488113e+02   3.67561792e-04
   3.45488602e+02   1.53498573e-03
   3.45489090e+02   2.06206506e-03
   3.45489578e+02   2.70244293e-03
   3.45490066e+02   1.80912635e-03
   3.45490555e+02   3.40807164e-04
   3.45491043e+02   1.76626563e-04
   3.45491531e+02  -4.14011220e-06
   3.45492020e+02   5.25865529e-04
   3.45492508e+02   2.36172928e-03
   3.45492996e+02   1.59439619e-03
   3.45493485e+02  -1.17841386e-03
   3.45493973e+02  -9.47978755e-04
   3.45494461e+02   8.23574257e-04
   3.45494950e+02  -3.96596093e-04
   3.45495438e+02  -1.67733221e-03
   3.45495926e+02  -5.21990354e-04
   3.45496414e+02  -7.02007383e-04
   3.45496903e+02  -2.46954919e-03
   3.45497391e+02  -2.49743112e-03
   3.45497879e+02  -1.02349068e-03
   3.45498368e+02   3.23750137e-04
   3.45498856e+02   8.59917840e-04
   3.45499344e+02   1.16488687e-03
   3.45499833e+02   1.95479020e-03
   3.45500321e+02   3.15958424e-03
   3.45500809e+02   2.52648233e-03
   3.45501298e+02   8.73011479e-04
   3.45501786e+02   3.15815967e-04
   3.45502274e+02  -1.29583626e-04
   3.45502762e+02  -1.59861433e-04
   3.45503251e+02  -1.34619873e-03
   3.45503739e+02  -2.20209523e-03
   3.45504227e+02  -7.30181870e-04
   3.45504716e+02  -3.33081378e-04
   3.45505204e+02  -5.10167971e-04
   3.45505692e+02  -1.17348682e-04
   3.45506181e+02  -4.73123946e-04
   3.45506669e+02  -9.59050609e-04
   3.45507157e+02  -1.16699352e-03
   3.45507646e+02  -5.58432075e-04
   3.45508134e+02   7.33438996e-04
   3.45508622e+02   9.14839620e-04
   3.45509110e+02  -6.18930149e-04
   3.45509599e+02  -5.45471907e-04
   3.45510087e+02   1.32702966e-03
   3.45510575e+02   1.80929410e-03
   3.45511064e+02   2.39904132e-03
   3.45511552e+02   3.35896062e-03
   3.45512040e+02   6.77344296e-03
   3.45512529e+02   2.03189086e-02
   3.45513017e+02   4.74357530e-02
   3.45513505e+02   9.30378139e-02
   3.45513994e+02   1.53481677e-01
   3.45514482e+02   1.85635194e-01
   3.45514970e+02   1.82600588e-01
   3.45515458e+02   1.53359622e-01
   3.45515947e+02   1.41122103e-01
   3.45516435e+02   1.58874661e-01
   3.45516923e+02   1.98380530e-01
   3.45517412e+02   2.73652196e-01
   3.45517900e+02   3.00112605e-01
   3.45518388e+02   3.12411427e-01
   3.45518877e+02   3.01785469e-01
   3.45519365e+02   2.47137770e-01
   3.45519853e+02   2.07044125e-01
   3.45520342e+02   1.16050504e-01
   3.45520830e+02   3.47501822e-02
   3.45521318e+02   4.51327441e-03
   3.45521806e+02  -4.92984487e-04
   3.45522295e+02   5.17664663e-03
   3.45522783e+02   6.64229086e-03
   3.45523271e+02   1.25313569e-02
   3.45523760e+02   1.87312141e-02
   3.45524248e+02   1.91236455e-02
   3.45524736e+02   1.99275296e-02
   3.45525225e+02   1.95790567e-02
   3.45525713e+02   1.65208932e-02
   3.45526201e+02   1.34281218e-02
   3.45526690e+02   1.27684651e-02
   3.45527178e+02   1.21568544e-02
   3.45527666e+02   1.04525071e-02
   3.45528155e+02   9.47739836e-03
   3.45528643e+02   8.21544323e-03
   3.45529131e+02   6.68145809e-03
   3.45529619e+02   7.88743980e-03
   3.45530108e+02   9.98952426e-03
   3.45530596e+02   1.08492952e-02
   3.45531084e+02   9.04112309e-03
   3.45531573e+02   8.82977527e-03
   3.45532061e+02   8.44995212e-03
   3.45532549e+02   9.35574528e-03
   3.45533038e+02   1.07795047e-02
   3.45533526e+02   1.01742977e-02
   3.45534014e+02   9.54619050e-03
   3.45534503e+02   8.67165532e-03
   3.45534991e+02   7.54356524e-03
   3.45535479e+02   6.35701651e-03
   3.45535967e+02   4.25619399e-03
   3.45536456e+02   3.51890502e-03
   3.45536944e+02   3.44322901e-03
   3.45537432e+02   2.99557601e-03
   3.45537921e+02   4.01284825e-03
   3.45538409e+02   5.79563295e-03
   3.45538897e+02   6.29878510e-03
   3.45539386e+02   5.76021196e-03
   3.45539874e+02   5.64296357e-03
   3.45540362e+02   5.21917734e-03
   3.45540851e+02   5.22642862e-03
   3.45541339e+02   4.28491691e-03
   3.45541827e+02   1.59104436e-03
   3.45542315e+02  -9.47539811e-05
   3.45542804e+02  -4.13381407e-04
   3.45543292e+02   1.05208973e-03
   3.45543780e+02   3.95025359e-03
   3.45544269e+02   4.90843365e-03
   3.45544757e+02   3.98338493e-03
   3.45545245e+02   2.19822978e-03
   3.45545734e+02   5.88172406e-04
   3.45546222e+02   1.51989469e-03
   3.45546710e+02   4.60636662e-03
   3.45547199e+02   6.17043301e-03
   3.45547687e+02   3.41321435e-03
   3.45548175e+02   1.35947624e-03
   3.45548663e+02   2.05698865e-03
   3.45549152e+02   1.43945741e-03
   3.45549640e+02  -6.51940063e-04
   3.45550128e+02  -9.51243332e-04
   3.45550617e+02   1.00434152e-03
   3.45551105e+02   2.26118928e-03
   3.45551593e+02   1.62757060e-03
   3.45552082e+02   1.12719147e-03
   3.45552570e+02   1.81502826e-03
   3.45553058e+02   2.08120886e-03
   3.45553547e+02   2.81927246e-03
   3.45554035e+02   1.79064053e-03
   3.45554523e+02  -5.94442536e-04
   3.45555011e+02   7.89340294e-04
   3.45555500e+02   1.72098598e-03
   3.45555988e+02   1.68389932e-03
   3.45556476e+02   2.27037212e-03
   3.45556965e+02   1.81616901e-03
   3.45557453e+02   5.15847714e-05
   3.45557941e+02  -9.16544086e-05
   3.45558430e+02   1.81626901e-03
   3.45558918e+02   3.69351008e-03
   3.45559406e+02   4.50542057e-03
   3.45559895e+02   2.74251867e-03
   3.45560383e+02   1.46215945e-03
   3.45560871e+02   1.74286228e-03
   3.45561359e+02   1.77496241e-03
   3.45561848e+02   2.58044503e-03
   3.45562336e+02   1.67780789e-03
   3.45562824e+02   7.69184480e-05
   3.45563313e+02   1.07228570e-03
   3.45563801e+02   2.80060642e-03
   3.45564289e+02   2.30598194e-03
   3.45564778e+02   1.89801108e-03
   3.45565266e+02   2.21036538e-03
   3.45565754e+02   1.93030119e-03
   3.45566243e+02   1.08780700e-03
   3.45566731e+02   8.28601536e-04
   3.45567219e+02   2.91850558e-03
   3.45567708e+02   4.87009715e-03
   3.45568196e+02   3.59115354e-03
   3.45568684e+02   1.03548169e-03
   3.45569172e+02   7.32677800e-05
   3.45569661e+02   7.58863462e-04
   3.45570149e+02   8.59274704e-04
   3.45570637e+02   3.36944155e-04
   3.45571126e+02   1.80961375e-04
   3.45571614e+02   2.03728137e-04
   3.45572102e+02   7.42206757e-04
   3.45572591e+02   1.30964944e-03
   3.45573079e+02   8.70006159e-04
   3.45573567e+02  -2.71964818e-04
   3.45574056e+02  -1.99455698e-03
   3.45574544e+02  -2.30846135e-03
   3.45575032e+02  -2.38611945e-03
   3.45575520e+02  -1.89043372e-03
   3.45576009e+02   6.89100591e-04
   3.45576497e+02   1.03330088e-03
   3.45576985e+02  -1.16045377e-03
   3.45577474e+02  -2.54303426e-03
   3.45577962e+02  -1.77355541e-03
   3.45578450e+02  -5.16071625e-04
   3.45578939e+02  -1.26607693e-03
   3.45579427e+02  -2.41068355e-03
   3.45579915e+02  -2.48695049e-03
   3.45580404e+02  -1.01719424e-03
   3.45580892e+02   1.42935396e-03
   3.45581380e+02   2.16998439e-03
   3.45581868e+02   9.00371175e-04
   3.45582357e+02  -1.32391229e-03
   3.45582845e+02  -2.12759315e-03
   3.45583333e+02  -1.55068550e-03
   3.45583822e+02  -1.39199547e-03
   3.45584310e+02  -6.32467854e-05
   3.45584798e+02   1.81254558e-03
   3.45585287e+02   1.84992282e-03
   3.45585775e+02   2.36170040e-03
   3.45586263e+02   4.54900041e-03
   3.45586752e+02   5.74371591e-03
   3.45587240e+02   4.53071203e-03
   3.45587728e+02   2.38498556e-03
   3.45588216e+02   8.71655473e-04
   3.45588705e+02  -3.59165017e-04
   3.45589193e+02  -1.52020052e-03
   3.45589681e+02  -1.93297979e-03
   3.45590170e+02  -1.90056465e-03
   3.45590658e+02  -7.21489312e-04
   3.45591146e+02  -2.02545169e-04
   3.45591635e+02  -1.15788111e-03
   3.45592123e+02  -1.07723183e-03
   3.45592611e+02   5.12725128e-05
   3.45593100e+02   1.02239847e-03
   3.45593588e+02   1.21799845e-03
   3.45594076e+02   9.80116194e-04
   3.45594564e+02   7.44464167e-04
   3.45595053e+02  -5.66830335e-04
   3.45595541e+02  -1.94810214e-03
   3.45596029e+02  -1.38784538e-03
   3.45596518e+02   3.44967644e-04
   3.45597006e+02   1.02096028e-03
   3.45597494e+02   4.60127019e-04
   3.45597983e+02   2.63780908e-04
   3.45598471e+02   7.55839224e-04
   3.45598959e+02   5.50211640e-04
   3.45599448e+02   6.33460659e-05
   3.45599936e+02   7.11118453e-04
   3.45600424e+02   7.10931898e-04
   3.45600912e+02  -3.55932192e-04
   3.45601401e+02  -1.24539807e-03
   3.45601889e+02  -1.33074692e-03
   3.45602377e+02  -6.49619848e-04
   3.45602866e+02   3.61861690e-04
   3.45603354e+02  -5.37617343e-05
   3.45603842e+02  -9.19890299e-04
   3.45604331e+02  -7.68764701e-04
   3.45604819e+02  -5.19177935e-04
   3.45605307e+02  -8.42819747e-04
   3.45605796e+02  -1.19760027e-03
   3.45606284e+02  -7.56024849e-04
   3.45606772e+02   1.44574570e-03
   3.45607261e+02   2.39981757e-03
   3.45607749e+02   8.50943907e-04
   3.45608237e+02  -8.23951152e-04
   3.45608725e+02  -5.35951403e-04
   3.45609214e+02   1.66654866e-03
   3.45609702e+02   3.38577060e-03
   3.45610190e+02   3.01481644e-03
   3.45610679e+02   7.65654258e-04
   3.45611167e+02  -1.37855310e-03
   3.45611655e+02  -1.28100195e-03
   3.45612144e+02  -8.73455254e-04
   3.45612632e+02   3.23649183e-05
   3.45613120e+02   1.46241614e-03
   3.45613609e+02   6.84149680e-04
   3.45614097e+02  -9.24037304e-04
   3.45614585e+02  -1.70580519e-03
   3.45615073e+02  -4.40283329e-04
   3.45615562e+02   2.99193431e-03
   3.45616050e+02   4.25880682e-03
   3.45616538e+02   1.79515965e-03
   3.45617027e+02  -7.02939811e-04
   3.45617515e+02   1.05630679e-04
   3.45618003e+02   1.48679386e-03
   3.45618492e+02   1.69229752e-04
   3.45618980e+02  -6.46627042e-04
   3.45619468e+02  -2.83943373e-04
   3.45619957e+02   1.30572659e-03
   3.45620445e+02   2.52497196e-03
   3.45620933e+02   3.12691322e-03
   3.45621421e+02   3.38398991e-03
   3.45621910e+02   1.34299835e-03
   3.45622398e+02  -1.58980009e-04
   3.45622886e+02   1.57561770e-03
   3.45623375e+02   2.33049202e-03
   3.45623863e+02   1.04686094e-03
   3.45624351e+02   6.95977011e-04
   3.45624840e+02   8.87040398e-04
   3.45625328e+02   6.23809581e-04
   3.45625816e+02   1.42671796e-03
   3.45626305e+02   2.29160348e-03
   3.45626793e+02   2.38340441e-03
   3.45627281e+02   2.90769339e-03
   3.45627769e+02   1.98434805e-03
   3.45628258e+02  -1.01604941e-03
   3.45628746e+02  -2.08560028e-03
   3.45629234e+02   9.34310141e-04
   3.45629723e+02   1.43410987e-03
   3.45630211e+02  -7.81155832e-04
   3.45630699e+02   9.31916351e-04
   3.45631188e+02   3.49567132e-03
   3.45631676e+02   3.83827440e-03
   3.45632164e+02   4.00621630e-03
   3.45632653e+02   4.45856433e-03
   3.45633141e+02   2.75932392e-03
   3.45633629e+02  -1.67135929e-03
   3.45634117e+02  -3.12794372e-03
   3.45634606e+02   4.83301206e-04
   3.45635094e+02   2.67995754e-03
   3.45635582e+02   3.01662774e-04
   3.45636071e+02  -8.44947412e-04
   3.45636559e+02  -2.12635496e-04
   3.45637047e+02   2.53919221e-04
   3.45637536e+02   1.21478585e-03
   3.45638024e+02   2.41634873e-04
   3.45638512e+02  -1.93677121e-03
   3.45639001e+02  -3.38205509e-03
   3.45639489e+02  -2.32791947e-03
   3.45639977e+02   2.52149766e-04
   3.45640465e+02   4.02239122e-04
   3.45640954e+02   4.58028546e-04
   3.45641442e+02   1.56405254e-03
   3.45641930e+02   8.70855467e-04
   3.45642419e+02  -3.89927554e-05
   3.45642907e+02  -1.70913743e-04
   3.45643395e+02   7.86385353e-05
   3.45643884e+02   7.11933128e-04
   3.45644372e+02   1.48573646e-03
   3.45644860e+02   1.00656913e-03
   3.45645349e+02  -1.04659749e-03
   3.45645837e+02  -1.29263184e-03
   3.45646325e+02   3.46571906e-04
   3.45646814e+02   1.10586593e-03
   3.45647302e+02   2.20941729e-03
   3.45647790e+02   1.09298481e-03
   3.45648278e+02  -7.60876341e-04
   3.45648767e+02  -1.67198858e-04
   3.45649255e+02  -2.03021205e-04
   3.45649743e+02  -8.05144140e-04
   3.45650232e+02  -1.69019695e-04
   3.45650720e+02  -3.67525296e-04
   3.45651208e+02  -5.11605234e-04
   3.45651697e+02  -2.68402131e-04
   3.45652185e+02  -1.32233527e-05
   3.45652673e+02  -7.98266192e-05
   3.45653162e+02  -6.75486153e-05
   3.45653650e+02  -4.07868036e-04
   3.45654138e+02  -1.38497830e-03
   3.45654626e+02  -1.34467252e-03
   3.45655115e+02  -5.51106932e-04
   3.45655603e+02  -1.06787321e-03
   3.45656091e+02  -1.22686476e-03
   3.45656580e+02   1.10344321e-03
   3.45657068e+02   3.57121043e-03
   3.45657556e+02   3.18838214e-03
   3.45658045e+02  -4.83538424e-05
   3.45658533e+02  -2.34493450e-03
   3.45659021e+02  -1.06484175e-03
   3.45659510e+02  -8.11727223e-05
   3.45659998e+02  -5.20103204e-04
   3.45660486e+02  -3.00080632e-04
   3.45660974e+02  -1.48328149e-03
   3.45661463e+02  -2.87857512e-03
   3.45661951e+02  -1.69732748e-03
   3.45662439e+02   6.17752608e-04
   3.45662928e+02   8.62102315e-04
   3.45663416e+02   1.17853854e-03
   3.45663904e+02   1.82222319e-03
   3.45664393e+02   1.13012863e-03
   3.45664881e+02   6.84841827e-04
   3.45665369e+02  -3.95038835e-04
   3.45665858e+02  -2.10052100e-03
   3.45666346e+02  -2.07334920e-03
   3.45666834e+02  -1.68151548e-03
   3.45667322e+02  -1.82374089e-03
   3.45667811e+02  -6.98454620e-04
   3.45668299e+02   7.87792087e-04
   3.45668787e+02   8.70039687e-04
   3.45669276e+02   6.50971022e-04
   3.45669764e+02   1.99986971e-04
   3.45670252e+02  -5.95303100e-05
   3.45670741e+02   1.27628283e-03
   3.45671229e+02   7.23234436e-04
   3.45671717e+02  -1.37631001e-03
   3.45672206e+02  -9.04306187e-04
   3.45672694e+02   1.07589806e-03
   3.45673182e+02   1.17351196e-03
   3.45673670e+02  -4.78931965e-04
   3.45674159e+02  -6.33040792e-04
   3.45674647e+02   6.60850084e-04
   3.45675135e+02   2.01076129e-03
   3.45675624e+02   2.07899185e-03
   3.45676112e+02   1.26423209e-03
   3.45676600e+02   6.61542406e-04
   3.45677089e+02   1.11497438e-03
   3.45677577e+02   1.55508542e-03
   3.45678065e+02   1.09887286e-03
   3.45678554e+02   1.47551566e-03
   3.45679042e+02   1.66714494e-03
   3.45679530e+02   1.11187599e-03
   3.45680018e+02   1.23969337e-03
   3.45680507e+02   9.54665360e-04
   3.45680995e+02  -2.58768792e-04
   3.45681483e+02   9.65166022e-04
   3.45681972e+02   9.14238859e-04
   3.45682460e+02  -1.51776941e-03
   3.45682948e+02  -4.65468096e-04
   3.45683437e+02   1.69299054e-03
   3.45683925e+02   1.86062767e-03
   3.45684413e+02   3.81193648e-04
   3.45684902e+02  -6.47677109e-04
   3.45685390e+02  -1.04545068e-03
   3.45685878e+02  -1.25366042e-03
   3.45686367e+02  -2.76378469e-05
   3.45686855e+02   9.46367567e-04
   3.45687343e+02   1.28773812e-04
   3.45687831e+02   1.05823368e-04
   3.45688320e+02   1.32395304e-03
   3.45688808e+02   1.51998759e-03
   3.45689296e+02   1.29456515e-03
   3.45689785e+02   1.44101202e-03
   3.45690273e+02   1.07790518e-03
   3.45690761e+02   6.28648093e-04
   3.45691250e+02   7.59666786e-04
   3.45691738e+02   4.59085481e-04
   3.45692226e+02  -7.16492243e-04
   3.45692715e+02  -1.90281530e-03
   3.45693203e+02  -1.62859808e-03
   3.45693691e+02   8.31701618e-04
   3.45694179e+02   1.89178751e-03
   3.45694668e+02   4.66283498e-04
   3.45695156e+02  -2.22999224e-05
   3.45695644e+02   1.54046342e-03
   3.45696133e+02   1.28607813e-03
   3.45696621e+02  -4.76500427e-04
   3.45697109e+02  -8.49231728e-04
   3.45697598e+02  -1.31621980e-03
   3.45698086e+02  -1.42648385e-03
   3.45698574e+02   4.74744520e-05
   3.45699063e+02   1.42689620e-03
   3.45699551e+02   2.14705477e-03
   3.45700039e+02   2.48588389e-03
   3.45700527e+02   1.33338047e-03
   3.45701016e+02   8.38937936e-04
   3.45701504e+02   2.75036227e-03
   3.45701992e+02   2.50971667e-03
   3.45702481e+02   1.00498914e-03
   3.45702969e+02  -2.89915242e-05
   3.45703457e+02  -1.94404076e-03
   3.45703946e+02  -1.53046194e-03
   3.45704434e+02   5.82805311e-04
   3.45704922e+02   1.04677107e-04
   3.45705411e+02  -6.31365634e-04
   3.45705899e+02   2.47650551e-05
   3.45706387e+02  -2.90096359e-04
   3.45706875e+02  -3.32215684e-03
   3.45707364e+02  -3.15394369e-03
   3.45707852e+02   3.92896734e-04
   3.45708340e+02   3.60183162e-03
   3.45708829e+02   1.95361697e-03
   3.45709317e+02  -4.57081274e-04
   3.45709805e+02  -2.00961577e-03
   3.45710294e+02  -2.13813432e-03
   3.45710782e+02  -6.54024596e-04
   3.45711270e+02  -6.23134110e-05
   3.45711759e+02  -1.03287864e-03
   3.45712247e+02  -1.44229282e-03
   3.45712735e+02  -1.70025008e-03
   3.45713223e+02  -2.67418358e-03
   3.45713712e+02  -2.10094173e-03
   3.45714200e+02  -1.87368714e-03
   3.45714688e+02  -2.53902236e-03
   3.45715177e+02  -1.45146984e-03
   3.45715665e+02  -4.40976204e-04
   3.45716153e+02  -8.76745558e-04
   3.45716642e+02  -1.35230273e-03
   3.45717130e+02  -1.72686786e-03
   3.45717618e+02  -2.39656656e-03
   3.45718107e+02  -1.85123144e-03
   3.45718595e+02  -5.12722996e-04
   3.45719083e+02   7.87156285e-04
   3.45719571e+02   9.14035889e-04
   3.45720060e+02  -6.43778621e-05
   3.45720548e+02   8.00921407e-04
   3.45721036e+02   1.12338201e-03
   3.45721525e+02  -3.59096681e-04
   3.45722013e+02  -3.03699107e-05
   3.45722501e+02   6.36523822e-04
   3.45722990e+02  -5.69718948e-04
   3.45723478e+02  -6.26924972e-04
   3.45723966e+02   9.14839911e-04
   3.45724455e+02   7.73978594e-04
   3.45724943e+02  -2.50360663e-05
   3.45725431e+02   3.93206341e-04
   3.45725920e+02   1.88271492e-03
   3.45726408e+02   2.13879556e-03
   3.45726896e+02   1.09057291e-03
   3.45727384e+02   9.33537740e-05
   3.45727873e+02   4.89063212e-04
   3.45728361e+02   1.40496774e-03
   3.45728849e+02   9.05006775e-04
   3.45729338e+02   9.13652650e-04
   3.45729826e+02  -1.21793753e-04
   3.45730314e+02  -1.76264229e-03
   3.45730803e+02  -1.16438291e-03
   3.45731291e+02   5.90665441e-04
   3.45731779e+02   3.87110485e-04
   3.45732268e+02  -1.12530461e-03
   3.45732756e+02  -1.18663581e-03
   3.45733244e+02  -3.05692840e-04
   3.45733732e+02   5.95843827e-04
   3.45734221e+02   1.22221431e-03
   3.45734709e+02   2.57579959e-04
   3.45735197e+02  -2.25582859e-03
   3.45735686e+02  -2.25052587e-03
   3.45736174e+02  -4.05431347e-04
   3.45736662e+02   4.25408682e-04
   3.45737151e+02   1.40860782e-03
   3.45737639e+02   2.61791341e-04
   3.45738127e+02  -3.22807860e-03
   3.45738616e+02  -3.70600144e-03
   3.45739104e+02  -2.45202007e-03
   3.45739592e+02  -1.25286158e-03
   3.45740080e+02   3.18188278e-04
   3.45740569e+02   2.40748981e-04
   3.45741057e+02  -4.90300881e-04
   3.45741545e+02  -8.70660064e-04
   3.45742034e+02  -4.13745089e-04
   3.45742522e+02  -3.55747092e-04
   3.45743010e+02  -4.89618978e-04
   3.45743499e+02   4.45318146e-04
   3.45743987e+02   1.69301790e-03
   3.45744475e+02   1.95506867e-03
   3.45744964e+02   4.46547754e-04
   3.45745452e+02  -9.57360840e-04
   3.45745940e+02  -1.99543242e-03
   3.45746428e+02  -2.49015726e-03
   3.45746917e+02  -1.11613097e-03
   3.45747405e+02  -2.00366438e-03
   3.45747893e+02  -2.88433349e-03
   3.45748382e+02  -4.15976770e-04
   3.45748870e+02   1.48600826e-04
   3.45749358e+02  -7.41031952e-04
   3.45749847e+02   8.71637021e-05
   3.45750335e+02  -3.49012844e-05
   3.45750823e+02  -1.43517030e-03
   3.45751312e+02  -1.09077606e-03
   3.45751800e+02   2.64123402e-04
   3.45752288e+02  -8.62199406e-04
   3.45752776e+02  -3.76763940e-03
   3.45753265e+02  -2.90556205e-03
   3.45753753e+02   4.58203547e-04
   3.45754241e+02   7.90420279e-04
   3.45754730e+02  -4.06754349e-04
   3.45755218e+02  -6.57475844e-04
   3.45755706e+02   9.11526033e-04
   3.45756195e+02   2.03898014e-03
   3.45756683e+02   5.95185789e-04
   3.45757171e+02  -2.14769534e-04
   3.45757660e+02  -2.10354439e-04
   3.45758148e+02  -1.00425372e-04
   3.45758636e+02   1.30100641e-03
   3.45759124e+02   2.31675268e-03
   3.45759613e+02   1.35402277e-03
   3.45760101e+02  -8.23588285e-04
   3.45760589e+02  -1.33551937e-03
   3.45761078e+02  -2.09914986e-04
   3.45761566e+02   4.10928566e-04
   3.45762054e+02   1.29426643e-03
   3.45762543e+02  -2.26827760e-04
   3.45763031e+02  -1.51145458e-03
   3.45763519e+02   7.63374206e-04
   3.45764008e+02   1.30623195e-03
   3.45764496e+02  -8.66926857e-04
   3.45764984e+02  -2.03330396e-03
   3.45765473e+02   1.69837079e-03
   3.45765961e+02   1.09788415e-03
   3.45766449e+02   1.90475417e-04
   3.45766937e+02   5.13922772e-04
   3.45767426e+02   1.49815530e-03
   3.45767914e+02   2.55531608e-03
   3.45768402e+02   2.73618521e-03
   3.45768891e+02   1.65065611e-03
   3.45769379e+02   3.52169882e-04
   3.45769867e+02  -2.46892800e-04
   3.45770356e+02  -5.14240004e-04
   3.45770844e+02  -1.45262131e-03
   3.45771332e+02  -2.11746292e-03
   3.45771821e+02  -1.27227046e-04
   3.45772309e+02   1.75011705e-03
   3.45772797e+02   8.50001757e-04
   3.45773285e+02  -1.08839897e-03
   3.45773774e+02  -2.35153548e-03
   3.45774262e+02  -2.40679202e-03
   3.45774750e+02  -5.03699121e-04
   3.45775239e+02   1.54596858e-03
   3.45775727e+02   1.58916321e-03
   3.45776215e+02   2.24801432e-03
   3.45776704e+02   2.04767752e-03
   3.45777192e+02  -4.82146250e-04
   3.45777680e+02  -2.08858796e-03
   3.45778169e+02  -2.98046111e-03
   3.45778657e+02  -2.24689092e-03
   3.45779145e+02   2.68952368e-04
   3.45779633e+02   1.60614424e-03
   3.45780122e+02  -1.04986504e-03
   3.45780610e+02  -1.69827568e-03
   3.45781098e+02   1.35923107e-03
   3.45781587e+02   2.63664615e-03
   3.45782075e+02   2.04404839e-03
   3.45782563e+02   1.71488896e-03
   3.45783052e+02   1.08844170e-03
   3.45783540e+02   1.14864181e-03
   3.45784028e+02   1.05284213e-03
   3.45784517e+02  -1.08881516e-03
   3.45785005e+02  -3.45208682e-03
   3.45785493e+02  -2.46947701e-03
   3.45785981e+02   6.75322197e-04
   3.45786470e+02   1.36327825e-03
   3.45786958e+02   2.97201826e-04
   3.45787446e+02   7.81975337e-04
   3.45787935e+02   7.70383122e-05
   3.45788423e+02  -2.23859726e-03
   3.45788911e+02  -2.38623796e-03
   3.45789400e+02  -1.31386929e-04
   3.45789888e+02   9.57072538e-04
   3.45790376e+02  -1.03670801e-03
   3.45790865e+02  -2.37270235e-03
   3.45791353e+02  -1.28728279e-03
   3.45791841e+02  -6.59707293e-04
   3.45792329e+02  -1.02699886e-03
   3.45792818e+02  -2.44473718e-04
   3.45793306e+02   1.31534203e-03
   3.45793794e+02  -3.81000777e-04
   3.45794283e+02  -2.53574620e-03
   3.45794771e+02  -2.62085837e-03
   3.45795259e+02  -1.89540954e-03
   3.45795748e+02  -8.04475509e-04
   3.45796236e+02  -1.40329078e-03
   3.45796724e+02  -3.10406229e-03
   3.45797213e+02  -3.14319879e-03
   3.45797701e+02  -1.50572008e-03
   3.45798189e+02   6.83702761e-04
   3.45798677e+02  -1.59256102e-04
   3.45799166e+02  -2.19889684e-03
   3.45799654e+02  -2.21177284e-03
   3.45800142e+02  -8.66838091e-04
   3.45800631e+02  -2.46279349e-04
   3.45801119e+02  -1.52638624e-03
   3.45801607e+02  -1.70604547e-03
   3.45802096e+02   1.04981227e-04
   3.45802584e+02   3.41289490e-03
   3.45803072e+02   5.40948566e-03
   3.45803561e+02   4.04966949e-03
   3.45804049e+02   8.39920831e-04
   3.45804537e+02  -1.04321644e-03
   3.45805026e+02   5.12324914e-04
   3.45805514e+02   2.76813633e-03
   3.45806002e+02   1.81533827e-03
   3.45806490e+02  -1.58195000e-03
   3.45806979e+02  -2.96484213e-03
   3.45807467e+02   2.22642848e-04
   3.45807955e+02   3.45840072e-03
   3.45808444e+02   1.51129975e-03
   3.45808932e+02  -1.62112538e-03
   3.45809420e+02  -1.56886515e-03
   3.45809909e+02  -1.62208977e-04
   3.45810397e+02  -6.19165192e-04
   3.45810885e+02  -1.32212508e-03
   3.45811374e+02   1.09065883e-03
   3.45811862e+02   3.03317886e-03
   3.45812350e+02   1.93472172e-03
   3.45812838e+02  -9.09819617e-04
   3.45813327e+02  -1.05116970e-03
   3.45813815e+02   1.66065770e-03
   3.45814303e+02   2.17981800e-03
   3.45814792e+02   1.47841091e-03
   3.45815280e+02   2.53221486e-03
   3.45815768e+02   1.80587510e-03
   3.45816257e+02   2.52370170e-04
   3.45816745e+02   3.52008821e-04
   3.45817233e+02  -3.48665169e-04
   3.45817722e+02  -1.12574466e-03
   3.45818210e+02  -5.20453323e-04
   3.45818698e+02   1.82439457e-04
   3.45819186e+02   1.46497181e-03
   3.45819675e+02   1.26011774e-03
   3.45820163e+02  -5.80881198e-04
   3.45820651e+02  -1.01376930e-03
   3.45821140e+02  -1.06228946e-03
   3.45821628e+02  -5.45475741e-05
   3.45822116e+02   9.84081067e-04
   3.45822605e+02  -5.51705773e-04
   3.45823093e+02  -1.62154960e-03
