frequency (GHz), flux (Jy/beam)
   3.45010009e+02   1.27940395e-04
   3.45010497e+02   8.81720262e-05
   3.45010985e+02   2.05726625e-04
   3.45011474e+02   3.28983413e-04
   3.45011962e+02   2.15939494e-04
   3.45012450e+02   1.21126926e-04
   3.45012939e+02   9.37169607e-05
   3.45013427e+02   3.53774849e-05
   3.45013915e+02   5.97202488e-05
   3.45014403e+02   5.40645451e-05
   3.45014892e+02  -2.47374305e-06
   3.45015380e+02  -8.43339658e-05
   3.45015868e+02  -2.45606989e-05
   3.45016357e+02   3.68957590e-05
   3.45016845e+02  -6.21864965e-05
   3.45017333e+02  -3.12355696e-04
   3.45017822e+02  -5.10609301e-04
   3.45018310e+02  -2.92890851e-04
   3.45018798e+02   1.12676847e-04
   3.45019287e+02   2.10269922e-04
   3.45019775e+02  -2.18094865e-05
   3.45020263e+02  -3.41649662e-04
   3.45020752e+02  -4.26019396e-04
   3.45021240e+02  -2.69209238e-04
   3.45021728e+02  -2.18605128e-04
   3.45022217e+02  -1.81515599e-04
   3.45022705e+02  -1.36452043e-04
   3.45023193e+02  -1.91087922e-04
   3.45023682e+02  -2.26498421e-04
   3.45024170e+02  -3.57243516e-05
   3.45024658e+02   1.99483824e-04
   3.45025147e+02   1.36984032e-04
   3.45025635e+02  -1.90978371e-05
   3.45026123e+02  -1.28640866e-04
   3.45026611e+02  -1.29433756e-04
   3.45027100e+02  -2.29985351e-04
   3.45027588e+02  -4.02216101e-04
   3.45028076e+02  -3.37942387e-04
   3.45028565e+02  -6.40854196e-05
   3.45029053e+02   2.12516112e-04
   3.45029541e+02   1.97293295e-04
   3.45030030e+02  -9.81931371e-05
   3.45030518e+02  -9.35608259e-05
   3.45031006e+02   2.87333387e-04
   3.45031495e+02   6.27223752e-04
   3.45031983e+02   6.35389471e-04
   3.45032471e+02   3.24801687e-04
   3.45032960e+02  -3.79070007e-05
   3.45033448e+02  -3.38548620e-04
   3.45033936e+02  -3.43012885e-04
   3.45034425e+02  -9.73522328e-05
   3.45034913e+02   3.89081542e-05
   3.45035401e+02  -9.12055402e-05
   3.45035890e+02  -7.91609928e-05
   3.45036378e+02   1.99150163e-04
   3.45036866e+02   1.33934955e-04
   3.45037354e+02  -1.08647138e-04
   3.45037843e+02  -1.37330571e-04
   3.45038331e+02  -1.57582195e-04
   3.45038819e+02  -1.59805131e-04
   3.45039308e+02   7.90084814e-05
   3.45039796e+02   2.84022157e-04
   3.45040284e+02   2.26887991e-04
   3.45040773e+02   1.72769927e-04
   3.45041261e+02   2.43158545e-04
   3.45041749e+02   1.12545153e-04
   3.45042238e+02  -1.05900785e-04
   3.45042726e+02  -8.19975321e-05
   3.45043214e+02  -8.27280746e-05
   3.45043703e+02  -4.80775016e-05
   3.45044191e+02  -1.19946089e-05
   3.45044679e+02  -1.60565090e-04
   3.45045168e+02  -8.54670725e-05
   3.45045656e+02   5.01000068e-06
   3.45046144e+02  -1.48036590e-04
   3.45046633e+02  -2.25426309e-04
   3.45047121e+02  -2.33012557e-04
   3.45047609e+02  -1.73688022e-04
   3.45048097e+02  -1.00200799e-04
   3.45048586e+02  -1.29668580e-04
   3.45049074e+02  -2.00372291e-04
   3.45049562e+02  -1.93556989e-04
   3.45050051e+02  -5.30844736e-05
   3.45050539e+02  -2.03758573e-05
   3.45051027e+02  -1.33264126e-04
   3.45051516e+02  -2.33764542e-04
   3.45052004e+02  -1.84864301e-04
   3.45052492e+02  -1.40639080e-04
   3.45052981e+02  -1.49226180e-04
   3.45053469e+02  -2.55926250e-04
   3.45053957e+02  -4.35530150e-04
   3.45054446e+02  -1.25234234e-04
   3.45054934e+02   2.63889669e-04
   3.45055422e+02   1.87112921e-04
   3.45055911e+02   5.80137894e-05
   3.45056399e+02   5.90031377e-05
   3.45056887e+02   4.27355553e-05
   3.45057376e+02  -7.33185298e-05
   3.45057864e+02  -2.63748516e-04
   3.45058352e+02  -4.91954037e-04
   3.45058841e+02  -4.45332553e-04
   3.45059329e+02  -1.40411794e-04
   3.45059817e+02  -1.37809970e-04
   3.45060305e+02  -4.07233310e-04
   3.45060794e+02  -4.31050197e-04
   3.45061282e+02  -1.07018750e-04
   3.45061770e+02   1.77970200e-04
   3.45062259e+02  -3.04584519e-05
   3.45062747e+02  -3.73427873e-04
   3.45063235e+02  -4.46583057e-04
   3.45063724e+02  -1.44141130e-04
   3.45064212e+02   2.28148609e-04
   3.45064700e+02   4.67465798e-05
   3.45065189e+02  -2.09416656e-04
   3.45065677e+02  -5.87725881e-05
   3.45066165e+02  -4.91882420e-05
   3.45066654e+02  -1.40939621e-04
   3.45067142e+02  -2.51457153e-04
   3.45067630e+02  -3.84591549e-04
   3.45068119e+02  -4.58862458e-04
   3.45068607e+02  -2.16954271e-04
   3.45069095e+02   1.33806432e-04
   3.45069584e+02   1.31970926e-04
   3.45070072e+02  -2.09824793e-04
   3.45070560e+02  -3.08350835e-04
   3.45071048e+02  -1.29369641e-06
   3.45071537e+02   1.91228683e-04
   3.45072025e+02   1.14116621e-04
   3.45072513e+02  -1.98623984e-05
   3.45073002e+02  -2.58420478e-04
   3.45073490e+02  -3.41742823e-04
   3.45073978e+02  -2.81273591e-04
   3.45074467e+02  -2.53240811e-04
   3.45074955e+02  -1.97409114e-04
   3.45075443e+02  -3.19401588e-04
   3.45075932e+02  -3.62152641e-04
   3.45076420e+02  -1.53410438e-04
   3.45076908e+02   9.04501649e-05
   3.45077397e+02   2.36230524e-04
   3.45077885e+02   2.24475356e-04
   3.45078373e+02   1.30746324e-04
   3.45078862e+02   1.03308528e-04
   3.45079350e+02   1.03533966e-04
   3.45079838e+02  -9.76491719e-06
   3.45080327e+02   9.33032970e-06
   3.45080815e+02   4.38646166e-05
   3.45081303e+02  -5.01677496e-05
   3.45081791e+02  -1.35036942e-04
   3.45082280e+02  -2.60035420e-04
   3.45082768e+02  -2.94203899e-04
   3.45083256e+02  -1.13241476e-04
   3.45083745e+02   2.17037275e-04
   3.45084233e+02   1.94194930e-04
   3.45084721e+02  -2.48319993e-04
   3.45085210e+02  -4.74534871e-04
   3.45085698e+02  -2.58254440e-04
   3.45086186e+02  -2.72216512e-05
   3.45086675e+02  -1.94720487e-04
   3.45087163e+02  -4.20926284e-04
   3.45087651e+02  -1.14270377e-04
   3.45088140e+02   1.50631633e-04
   3.45088628e+02  -2.71383196e-05
   3.45089116e+02   5.21470211e-05
   3.45089605e+02   1.07883854e-04
   3.45090093e+02  -1.69399398e-04
   3.45090581e+02  -3.84778396e-04
   3.45091070e+02  -1.88678037e-04
   3.45091558e+02   2.55863823e-04
   3.45092046e+02   3.26701003e-04
   3.45092535e+02  -1.00321682e-04
   3.45093023e+02  -3.53259762e-04
   3.45093511e+02  -1.78790360e-04
   3.45093999e+02   1.65635400e-04
   3.45094488e+02   3.36357276e-04
   3.45094976e+02   3.30963841e-04
   3.45095464e+02   3.50604038e-04
   3.45095953e+02   3.82647791e-04
   3.45096441e+02   2.97795836e-04
   3.45096929e+02  -1.92341795e-05
   3.45097418e+02  -2.75000726e-04
   3.45097906e+02  -3.62625928e-04
   3.45098394e+02  -5.04099997e-04
   3.45098883e+02  -6.93733396e-04
   3.45099371e+02  -6.34269265e-04
   3.45099859e+02  -3.77824093e-04
   3.45100348e+02  -2.71880475e-04
   3.45100836e+02  -2.30268095e-04
   3.45101324e+02  -8.62266170e-05
   3.45101813e+02   1.34503978e-04
   3.45102301e+02   2.20937989e-04
   3.45102789e+02   9.22739346e-05
   3.45103278e+02   4.18227246e-05
   3.45103766e+02   2.09424587e-04
   3.45104254e+02   4.33310459e-04
   3.45104742e+02   5.06451703e-04
   3.45105231e+02   2.57557986e-04
   3.45105719e+02   6.63991959e-05
   3.45106207e+02   2.45368632e-04
   3.45106696e+02   3.09463445e-04
   3.45107184e+02   1.99691713e-04
   3.45107672e+02   1.43162571e-04
   3.45108161e+02  -5.48382341e-05
   3.45108649e+02  -6.92454923e-05
   3.45109137e+02   2.20833361e-04
   3.45109626e+02   3.41465260e-04
   3.45110114e+02   1.75909561e-04
   3.45110602e+02   1.81155148e-04
   3.45111091e+02   3.37881764e-04
   3.45111579e+02   1.87506274e-04
   3.45112067e+02  -5.28985292e-05
   3.45112556e+02  -1.46609091e-04
   3.45113044e+02  -2.26353019e-04
   3.45113532e+02  -3.49636277e-04
   3.45114021e+02  -4.46936756e-04
   3.45114509e+02  -4.03073849e-04
   3.45114997e+02  -3.34084820e-04
   3.45115485e+02  -2.13972729e-04
   3.45115974e+02  -9.26743098e-07
   3.45116462e+02   6.05660171e-05
   3.45116950e+02  -1.00531186e-04
   3.45117439e+02  -1.90906183e-04
   3.45117927e+02   6.05219793e-05
   3.45118415e+02   2.27504308e-04
   3.45118904e+02  -3.86635111e-05
   3.45119392e+02  -8.95230114e-05
   3.45119880e+02   2.47678108e-04
   3.45120369e+02   2.39684014e-04
   3.45120857e+02  -3.06652123e-06
   3.45121345e+02  -4.96143439e-05
   3.45121834e+02  -3.36821322e-05
   3.45122322e+02  -4.22782578e-05
   3.45122810e+02  -1.97072353e-04
   3.45123299e+02  -2.58002110e-04
   3.45123787e+02  -8.12081125e-05
   3.45124275e+02   1.22385274e-04
   3.45124764e+02   3.48658796e-04
   3.45125252e+02   3.96421849e-04
   3.45125740e+02   2.60278495e-04
   3.45126229e+02   8.42700974e-05
   3.45126717e+02   8.03189032e-05
   3.45127205e+02   2.69141765e-05
   3.45127693e+02  -8.56705228e-05
   3.45128182e+02  -2.30089172e-05
   3.45128670e+02  -4.62785174e-05
   3.45129158e+02  -2.38563807e-04
   3.45129647e+02  -2.43646282e-04
   3.45130135e+02   1.25531820e-04
   3.45130623e+02   2.48658733e-04
   3.45131112e+02   9.93980120e-06
   3.45131600e+02   3.89633969e-05
   3.45132088e+02   9.93147332e-05
   3.45132577e+02  -1.04046383e-04
   3.45133065e+02  -2.30886450e-04
   3.45133553e+02  -1.62233904e-04
   3.45134042e+02   9.16700010e-05
   3.45134530e+02   2.21508570e-04
   3.45135018e+02   2.18515008e-04
   3.45135507e+02   3.10563250e-04
   3.45135995e+02   1.50200722e-04
   3.45136483e+02  -1.17865849e-04
   3.45136972e+02   2.67994765e-05
   3.45137460e+02   2.14604166e-04
   3.45137948e+02   2.01591494e-04
   3.45138436e+02   1.51521832e-04
   3.45138925e+02   9.93582507e-05
   3.45139413e+02   1.89575090e-04
   3.45139901e+02   3.08866845e-04
   3.45140390e+02   2.19748355e-04
   3.45140878e+02   2.47193802e-05
   3.45141366e+02  -7.35353751e-05
   3.45141855e+02   5.54684193e-05
   3.45142343e+02   2.50258803e-04
   3.45142831e+02   3.01143387e-04
   3.45143320e+02   1.99944916e-04
   3.45143808e+02   1.92587133e-04
   3.45144296e+02   3.88625689e-04
   3.45144785e+02   3.24176886e-04
   3.45145273e+02   3.02020690e-05
   3.45145761e+02  -1.76974878e-04
   3.45146250e+02  -2.19083013e-04
   3.45146738e+02  -1.74482790e-04
   3.45147226e+02  -1.80124931e-04
   3.45147715e+02  -1.00532845e-04
   3.45148203e+02  -3.98541270e-05
   3.45148691e+02  -2.96998478e-04
   3.45149179e+02  -6.25310699e-04
   3.45149668e+02  -3.67202301e-04
   3.45150156e+02  -4.42392775e-05
   3.45150644e+02  -1.09055582e-04
   3.45151133e+02   1.75172354e-05
   3.45151621e+02   2.98335246e-04
   3.45152109e+02   3.26199719e-04
   3.45152598e+02   5.10044883e-05
   3.45153086e+02  -2.64065922e-04
   3.45153574e+02  -3.87804321e-04
   3.45154063e+02  -1.66642712e-04
   3.45154551e+02   1.98493071e-04
   3.45155039e+02   2.62391986e-04
   3.45155528e+02   1.00441597e-04
   3.45156016e+02  -3.63821709e-05
   3.45156504e+02  -1.13910290e-04
   3.45156993e+02  -3.58631485e-04
   3.45157481e+02  -6.30133611e-04
   3.45157969e+02  -3.45223496e-04
   3.45158458e+02   1.62623706e-04
   3.45158946e+02   3.50615912e-04
   3.45159434e+02   3.86437372e-04
   3.45159923e+02   3.96915450e-04
   3.45160411e+02   1.81405747e-04
   3.45160899e+02  -3.33417993e-05
   3.45161387e+02   2.72855068e-05
   3.45161876e+02   1.74743051e-04
   3.45162364e+02   2.69208860e-04
   3.45162852e+02   5.86466558e-05
   3.45163341e+02  -2.63104768e-04
   3.45163829e+02  -2.97029648e-04
   3.45164317e+02  -1.14688519e-04
   3.45164806e+02  -4.17766496e-05
   3.45165294e+02   3.88020926e-05
   3.45165782e+02  -4.64594850e-05
   3.45166271e+02  -3.74970346e-04
   3.45166759e+02  -3.62130639e-04
   3.45167247e+02  -1.44643069e-04
   3.45167736e+02  -1.47108760e-04
   3.45168224e+02  -1.24701473e-04
   3.45168712e+02   8.11955615e-05
   3.45169201e+02   2.85842136e-04
   3.45169689e+02   1.58177514e-04
   3.45170177e+02  -8.77515195e-05
   3.45170666e+02   1.60103118e-05
   3.45171154e+02   1.78733302e-04
   3.45171642e+02   1.14929026e-04
   3.45172130e+02   1.08710992e-04
   3.45172619e+02   1.44869395e-04
   3.45173107e+02   2.21673530e-04
   3.45173595e+02   3.88542656e-04
   3.45174084e+02   3.77712015e-04
   3.45174572e+02   2.05607794e-04
   3.45175060e+02   1.73564025e-04
   3.45175549e+02   2.24521122e-04
   3.45176037e+02   1.26964369e-04
   3.45176525e+02   1.59437608e-04
   3.45177014e+02   2.20626185e-04
   3.45177502e+02   2.08222482e-04
   3.45177990e+02   9.19424347e-05
   3.45178479e+02  -1.75854759e-04
   3.45178967e+02  -1.12109941e-04
   3.45179455e+02   6.05837376e-05
   3.45179944e+02  -1.10752453e-05
   3.45180432e+02  -1.08866247e-04
   3.45180920e+02  -1.85566270e-04
   3.45181409e+02  -1.09427427e-04
   3.45181897e+02  -7.87711106e-05
   3.45182385e+02  -3.39793973e-04
   3.45182874e+02  -3.81933438e-04
   3.45183362e+02  -5.94182238e-05
   3.45183850e+02  -1.25000661e-04
   3.45184338e+02   3.12906777e-05
   3.45184827e+02   2.24335556e-04
   3.45185315e+02   2.52546772e-04
   3.45185803e+02   1.82519056e-04
   3.45186292e+02   1.30848159e-04
   3.45186780e+02   1.95663728e-04
   3.45187268e+02   1.42231351e-04
   3.45187757e+02  -3.99732526e-05
   3.45188245e+02  -4.70712512e-05
   3.45188733e+02   2.24704767e-04
   3.45189222e+02   2.85682530e-04
   3.45189710e+02  -5.29050885e-05
   3.45190198e+02  -3.21578147e-04
   3.45190687e+02  -3.20265593e-04
   3.45191175e+02  -2.72895879e-04
   3.45191663e+02  -2.48373544e-04
   3.45192152e+02  -9.39435849e-05
   3.45192640e+02   1.84054021e-04
   3.45193128e+02   1.98823298e-04
   3.45193617e+02  -1.51071625e-04
   3.45194105e+02  -2.94419326e-04
   3.45194593e+02   5.43898932e-05
   3.45195081e+02   2.21839524e-04
   3.45195570e+02   1.23302802e-04
   3.45196058e+02   8.40194407e-05
   3.45196546e+02  -5.75106424e-05
   3.45197035e+02  -1.25176201e-04
   3.45197523e+02  -1.67937193e-04
   3.45198011e+02  -2.24832329e-04
   3.45198500e+02   8.55467879e-05
   3.45198988e+02   1.91561601e-04
   3.45199476e+02  -7.30056418e-05
   3.45199965e+02   1.19942897e-05
   3.45200453e+02   1.82969525e-04
   3.45200941e+02   6.65536500e-05
   3.45201430e+02  -1.02796066e-05
   3.45201918e+02   6.01547217e-05
   3.45202406e+02   2.18514891e-04
   3.45202895e+02   1.92569583e-04
   3.45203383e+02   2.29364705e-05
   3.45203871e+02   3.08306844e-05
   3.45204360e+02   5.53388163e-05
   3.45204848e+02   1.95639499e-04
   3.45205336e+02   3.42207175e-04
   3.45205824e+02   2.29894300e-04
   3.45206313e+02   4.01278448e-05
   3.45206801e+02  -2.59089775e-05
   3.45207289e+02   4.94750566e-05
   3.45207778e+02   2.54429207e-04
   3.45208266e+02   3.09126015e-04
   3.45208754e+02   1.17952055e-04
   3.45209243e+02   1.34010086e-04
   3.45209731e+02   1.78961942e-04
   3.45210219e+02   1.11722322e-04
   3.45210708e+02   2.20160873e-04
   3.45211196e+02   2.42852271e-04
   3.45211684e+02   1.27552979e-04
   3.45212173e+02   6.27638074e-05
   3.45212661e+02  -1.46692197e-04
   3.45213149e+02  -2.07082558e-04
   3.45213638e+02  -2.22799772e-05
   3.45214126e+02   5.71111959e-05
   3.45214614e+02  -6.61889644e-05
   3.45215103e+02  -2.20473841e-04
   3.45215591e+02  -7.85577722e-05
   3.45216079e+02   3.67096945e-05
   3.45216568e+02  -2.30404563e-04
   3.45217056e+02  -3.16314050e-04
   3.45217544e+02   3.79576850e-05
   3.45218032e+02   1.89450802e-04
   3.45218521e+02  -1.05563355e-04
   3.45219009e+02  -3.74744501e-04
   3.45219497e+02  -2.76039704e-04
   3.45219986e+02  -2.02454539e-04
   3.45220474e+02  -3.50485469e-04
   3.45220962e+02  -1.15831193e-04
   3.45221451e+02   2.70949618e-04
   3.45221939e+02   3.50682123e-04
   3.45222427e+02   1.80499759e-04
   3.45222916e+02   5.50274272e-05
   3.45223404e+02   1.45750397e-04
   3.45223892e+02   1.16190582e-04
   3.45224381e+02   4.00304671e-05
   3.45224869e+02   8.52534286e-05
   3.45225357e+02  -7.16945433e-05
   3.45225846e+02  -3.42255662e-04
   3.45226334e+02  -2.45234143e-04
   3.45226822e+02   5.05585704e-05
   3.45227311e+02  -1.92440657e-05
   3.45227799e+02  -7.06403735e-05
   3.45228287e+02   2.25809752e-04
   3.45228775e+02   3.38389684e-04
   3.45229264e+02   3.61989252e-04
   3.45229752e+02   3.32950382e-04
   3.45230240e+02   2.83358240e-04
   3.45230729e+02   4.35110735e-04
   3.45231217e+02   3.49235575e-04
   3.45231705e+02   8.19110574e-05
   3.45232194e+02  -7.78274916e-05
   3.45232682e+02  -1.06278436e-04
   3.45233170e+02   3.12400916e-05
   3.45233659e+02   1.26978819e-04
   3.45234147e+02  -8.17500550e-05
   3.45234635e+02  -4.77144436e-04
   3.45235124e+02  -4.81064024e-04
   3.45235612e+02  -2.08251498e-04
   3.45236100e+02  -1.90614242e-04
   3.45236589e+02  -2.60827219e-04
   3.45237077e+02  -3.57239303e-04
   3.45237565e+02  -4.02092963e-04
   3.45238054e+02  -2.50238110e-04
   3.45238542e+02  -1.43445621e-04
   3.45239030e+02  -2.53986091e-05
   3.45239518e+02   3.05965048e-04
   3.45240007e+02   3.97264695e-04
   3.45240495e+02   1.59187519e-04
   3.45240983e+02  -4.17986739e-05
   3.45241472e+02  -5.44402465e-05
   3.45241960e+02   8.70961449e-05
   3.45242448e+02  -1.57191535e-05
   3.45242937e+02  -2.10074795e-04
   3.45243425e+02  -1.81951953e-04
   3.45243913e+02   9.89064938e-05
   3.45244402e+02   3.23337823e-04
   3.45244890e+02   1.03241466e-04
   3.45245378e+02  -3.53708572e-04
   3.45245867e+02  -5.19991445e-04
   3.45246355e+02  -2.92692537e-04
   3.45246843e+02  -3.57529243e-05
   3.45247332e+02   1.16457413e-04
   3.45247820e+02   1.77768903e-04
   3.45248308e+02   3.34247270e-05
   3.45248797e+02  -3.48781105e-05
   3.45249285e+02  -1.50106600e-04
   3.45249773e+02  -2.65651179e-04
   3.45250262e+02  -2.26346281e-04
   3.45250750e+02   4.21744990e-05
   3.45251238e+02   3.28218768e-04
   3.45251726e+02   2.08886762e-04
   3.45252215e+02  -1.07353899e-05
   3.45252703e+02   1.04790044e-04
   3.45253191e+02   2.89942138e-04
   3.45253680e+02   4.47210739e-04
   3.45254168e+02   3.76321346e-04
   3.45254656e+02  -6.12665099e-06
   3.45255145e+02  -2.07028352e-04
   3.45255633e+02   9.93875728e-05
   3.45256121e+02   4.93262836e-04
   3.45256610e+02   3.29259696e-04
   3.45257098e+02   3.53204014e-05
   3.45257586e+02   1.48675186e-04
   3.45258075e+02   1.90077160e-04
   3.45258563e+02  -1.15637093e-04
   3.45259051e+02  -3.25681322e-04
   3.45259540e+02  -3.39330814e-04
   3.45260028e+02  -2.16601911e-04
   3.45260516e+02   4.35580114e-05
   3.45261005e+02   2.99403619e-04
   3.45261493e+02   3.55325406e-04
   3.45261981e+02   2.07733683e-04
   3.45262469e+02   3.37073288e-06
   3.45262958e+02  -2.04572061e-04
   3.45263446e+02  -5.44660652e-05
   3.45263934e+02   1.57699498e-04
   3.45264423e+02  -4.77599242e-05
   3.45264911e+02  -1.60938333e-04
   3.45265399e+02  -1.94650740e-04
   3.45265888e+02  -4.96505410e-04
   3.45266376e+02  -5.70467673e-04
   3.45266864e+02  -2.13926338e-04
   3.45267353e+02   6.26101828e-05
   3.45267841e+02  -3.05610738e-05
   3.45268329e+02  -2.52000289e-04
   3.45268818e+02  -2.64297443e-04
   3.45269306e+02  -2.20737071e-04
   3.45269794e+02  -2.52398808e-04
   3.45270283e+02  -1.74674205e-04
   3.45270771e+02   2.14348875e-05
   3.45271259e+02   1.62398166e-04
   3.45271748e+02   1.75947847e-04
   3.45272236e+02   1.15091090e-04
   3.45272724e+02   5.93377044e-05
   3.45273212e+02  -1.87985104e-04
   3.45273701e+02  -4.14628128e-04
   3.45274189e+02  -2.56892003e-04
   3.45274677e+02   4.77292742e-05
   3.45275166e+02   1.52970708e-04
   3.45275654e+02   1.07133965e-04
   3.45276142e+02  -1.50259584e-05
   3.45276631e+02  -4.18325035e-05
   3.45277119e+02   1.39651951e-04
   3.45277607e+02   2.25437165e-04
   3.45278096e+02   8.87395290e-05
   3.45278584e+02  -2.65025919e-05
   3.45279072e+02   5.87938266e-05
   3.45279561e+02   2.90791853e-04
   3.45280049e+02   4.35640162e-04
   3.45280537e+02   4.40700154e-04
   3.45281026e+02   2.71125929e-04
   3.45281514e+02  -7.21635342e-06
   3.45282002e+02  -6.97175419e-05
   3.45282491e+02   1.10861321e-04
   3.45282979e+02   2.04352837e-04
   3.45283467e+02   8.94177792e-05
   3.45283956e+02  -7.85494121e-05
   3.45284444e+02  -3.28166818e-04
   3.45284932e+02  -4.07503685e-04
   3.45285420e+02  -1.45855272e-04
   3.45285909e+02   8.23978990e-05
   3.45286397e+02   2.42988128e-04
   3.45286885e+02   2.73768208e-04
   3.45287374e+02  -5.91485550e-05
   3.45287862e+02  -5.12364844e-04
   3.45288350e+02  -5.27559838e-04
   3.45288839e+02  -2.74305756e-04
   3.45289327e+02  -1.24518901e-05
   3.45289815e+02   6.28384514e-05
   3.45290304e+02  -5.89625888e-05
   3.45290792e+02  -3.71973947e-05
   3.45291280e+02   2.49081713e-05
   3.45291769e+02   1.26128012e-04
   3.45292257e+02   2.31900864e-04
   3.45292745e+02  -1.62038505e-05
   3.45293234e+02  -3.51397961e-04
   3.45293722e+02  -2.94744270e-04
   3.45294210e+02   7.71246196e-05
   3.45294699e+02   2.17140041e-04
   3.45295187e+02   2.70782692e-07
   3.45295675e+02  -2.03550793e-04
   3.45296163e+02  -2.62932270e-04
   3.45296652e+02  -1.98199807e-04
   3.45297140e+02  -2.19590015e-06
   3.45297628e+02   2.62534413e-05
   3.45298117e+02   3.13606433e-05
   3.45298605e+02   7.73302163e-05
   3.45299093e+02  -3.12339107e-05
   3.45299582e+02  -1.55504560e-04
   3.45300070e+02  -2.39014887e-04
   3.45300558e+02  -1.35887472e-04
   3.45301047e+02   2.35287574e-04
   3.45301535e+02   9.73649148e-05
   3.45302023e+02  -1.85580706e-04
   3.45302512e+02  -6.03715016e-05
   3.45303000e+02   2.50550453e-04
   3.45303488e+02   1.03108046e-04
   3.45303977e+02  -6.19723724e-05
   3.45304465e+02   3.54697440e-05
   3.45304953e+02   1.63358054e-04
   3.45305442e+02   2.82841269e-04
   3.45305930e+02   1.54485271e-04
   3.45306418e+02   1.14969080e-04
   3.45306906e+02   1.19062512e-04
   3.45307395e+02  -1.63970122e-04
   3.45307883e+02  -2.85477465e-04
   3.45308371e+02  -2.21261114e-04
   3.45308860e+02  -9.32863040e-05
   3.45309348e+02  -1.65161182e-05
   3.45309836e+02  -1.65634192e-04
   3.45310325e+02  -3.06786445e-04
   3.45310813e+02  -6.92286703e-05
   3.45311301e+02   9.30386959e-05
   3.45311790e+02  -9.38955054e-05
   3.45312278e+02  -1.67891092e-04
   3.45312766e+02  -9.38376106e-05
   3.45313255e+02  -1.05547238e-04
   3.45313743e+02  -6.74764306e-05
   3.45314231e+02   2.88406045e-06
   3.45314720e+02  -1.13464339e-04
   3.45315208e+02  -2.00122769e-04
   3.45315696e+02  -1.54694702e-04
   3.45316185e+02  -5.03226875e-05
   3.45316673e+02   3.23408349e-05
   3.45317161e+02   1.34442089e-04
   3.45317650e+02   2.47378804e-04
   3.45318138e+02   1.52569613e-04
   3.45318626e+02  -6.58257704e-05
   3.45319114e+02  -1.04934043e-04
   3.45319603e+02  -1.02551210e-04
   3.45320091e+02  -3.06976552e-04
   3.45320579e+02  -4.15392453e-04
   3.45321068e+02  -3.56730947e-04
   3.45321556e+02  -2.78973137e-04
   3.45322044e+02  -7.19023665e-05
   3.45322533e+02   1.01162630e-04
   3.45323021e+02  -1.23326536e-04
   3.45323509e+02  -3.10469564e-04
   3.45323998e+02  -1.82614400e-04
   3.45324486e+02  -1.38933574e-05
   3.45324974e+02   1.92113002e-04
   3.45325463e+02   4.58860624e-04
   3.45325951e+02   4.36883711e-04
   3.45326439e+02   5.89347401e-05
   3.45326928e+02  -1.58779112e-05
   3.45327416e+02   2.54615734e-04
   3.45327904e+02   2.08488898e-04
   3.45328393e+02   1.09928034e-04
   3.45328881e+02   2.84345093e-04
   3.45329369e+02   2.31700556e-04
   3.45329857e+02   6.37546036e-05
   3.45330346e+02  -7.17960429e-05
   3.45330834e+02  -1.21635880e-04
   3.45331322e+02   2.81502405e-04
   3.45331811e+02   5.90281386e-04
   3.45332299e+02   3.64619831e-04
   3.45332787e+02   5.37953310e-05
   3.45333276e+02  -4.99120688e-05
   3.45333764e+02  -4.57599272e-05
   3.45334252e+02  -9.62192207e-05
   3.45334741e+02  -1.89177139e-04
   3.45335229e+02  -8.39855784e-05
   3.45335717e+02  -6.14747696e-05
   3.45336206e+02  -1.46267921e-04
   3.45336694e+02  -1.21795340e-04
   3.45337182e+02  -2.85487258e-05
   3.45337671e+02   2.30287435e-04
   3.45338159e+02   4.00261284e-04
   3.45338647e+02   3.24706227e-04
   3.45339136e+02   2.10868602e-04
   3.45339624e+02   9.94544826e-06
   3.45340112e+02  -1.53324523e-04
   3.45340601e+02  -9.90699118e-06
   3.45341089e+02   1.88157224e-04
   3.45341577e+02   1.44043413e-04
   3.45342065e+02  -1.90197716e-05
   3.45342554e+02  -5.90466771e-05
   3.45343042e+02  -2.54565894e-05
   3.45343530e+02  -6.21007275e-05
   3.45344019e+02   1.07307838e-04
   3.45344507e+02   2.53814942e-04
   3.45344995e+02   6.86340863e-05
   3.45345484e+02  -9.89861364e-05
   3.45345972e+02  -6.49561262e-05
   3.45346460e+02   2.15955224e-05
   3.45346949e+02   1.20610297e-04
   3.45347437e+02   2.20073882e-04
   3.45347925e+02   6.44649699e-05
   3.45348414e+02  -2.68869426e-05
   3.45348902e+02   1.65496356e-04
   3.45349390e+02   2.18285379e-04
   3.45349879e+02   1.92054882e-04
   3.45350367e+02   2.44817755e-04
   3.45350855e+02   1.70106170e-04
   3.45351344e+02   6.62883467e-05
   3.45351832e+02   1.22160476e-04
   3.45352320e+02   1.22581070e-04
   3.45352808e+02  -5.02952535e-05
   3.45353297e+02  -8.43946764e-05
   3.45353785e+02   4.17942829e-05
   3.45354273e+02   1.60034833e-04
   3.45354762e+02   1.67413469e-04
   3.45355250e+02   2.00465627e-04
   3.45355738e+02   2.39752684e-04
   3.45356227e+02   7.73463398e-05
   3.45356715e+02  -9.74151917e-05
   3.45357203e+02  -2.68516364e-04
   3.45357692e+02  -3.95594427e-04
   3.45358180e+02  -3.12811550e-04
   3.45358668e+02  -6.40918370e-05
   3.45359157e+02  -7.67052334e-05
   3.45359645e+02   6.27641057e-05
   3.45360133e+02   9.53707568e-05
   3.45360622e+02   9.25168206e-05
   3.45361110e+02  -9.09473601e-06
   3.45361598e+02  -9.34065611e-06
   3.45362087e+02   1.22465863e-05
   3.45362575e+02  -5.99692612e-05
   3.45363063e+02  -6.28612906e-05
   3.45363551e+02  -5.32205449e-05
   3.45364040e+02  -2.87296803e-04
   3.45364528e+02  -5.52095240e-04
   3.45365016e+02  -6.64315536e-04
   3.45365505e+02  -6.05128706e-04
   3.45365993e+02  -3.59987782e-04
   3.45366481e+02  -9.15404380e-05
   3.45366970e+02   1.27234907e-05
   3.45367458e+02   1.05576451e-04
   3.45367946e+02   2.50196579e-04
   3.45368435e+02   1.81767711e-04
   3.45368923e+02  -4.01084435e-05
   3.45369411e+02  -1.43017722e-04
   3.45369900e+02  -2.49571167e-04
   3.45370388e+02  -2.07434801e-04
   3.45370876e+02   4.13803828e-05
   3.45371365e+02   2.32046441e-05
   3.45371853e+02  -2.32967985e-04
   3.45372341e+02  -4.25315811e-04
   3.45372830e+02  -4.45305428e-04
   3.45373318e+02  -1.97330941e-04
   3.45373806e+02   8.45408067e-05
   3.45374295e+02   1.83191718e-04
   3.45374783e+02   2.17720401e-04
   3.45375271e+02   1.41299315e-04
   3.45375759e+02   1.19743097e-04
   3.45376248e+02   2.33442799e-04
   3.45376736e+02   2.07586927e-04
   3.45377224e+02   7.67463061e-05
   3.45377713e+02   9.11744864e-05
   3.45378201e+02   1.42042380e-04
   3.45378689e+02   1.14534501e-04
   3.45379178e+02   1.14941606e-04
   3.45379666e+02   9.92317728e-05
   3.45380154e+02   3.30046532e-05
   3.45380643e+02   5.40026122e-05
   3.45381131e+02  -1.49429950e-04
   3.45381619e+02  -5.12323284e-04
   3.45382108e+02  -4.20184166e-04
   3.45382596e+02   4.39282885e-05
   3.45383084e+02   2.80308450e-04
   3.45383573e+02   1.35591850e-04
   3.45384061e+02  -9.95278388e-05
   3.45384549e+02  -2.25144555e-04
   3.45385038e+02  -1.60405601e-04
   3.45385526e+02   3.65377164e-05
   3.45386014e+02   1.70005951e-04
   3.45386502e+02   9.70255132e-05
   3.45386991e+02   2.77204290e-05
   3.45387479e+02  -1.02322592e-04
   3.45387967e+02  -2.84058187e-04
   3.45388456e+02  -2.95134174e-04
   3.45388944e+02  -1.27826701e-04
   3.45389432e+02   1.16193609e-04
   3.45389921e+02   2.71452678e-04
   3.45390409e+02   3.25616886e-04
   3.45390897e+02   1.52636188e-04
   3.45391386e+02  -1.55205635e-04
   3.45391874e+02  -3.07328533e-04
   3.45392362e+02  -1.20293902e-04
   3.45392851e+02   6.00300773e-05
   3.45393339e+02  -1.42686869e-04
   3.45393827e+02  -3.88511777e-04
   3.45394316e+02  -3.88754881e-04
   3.45394804e+02  -3.87434353e-04
   3.45395292e+02  -2.25479482e-04
   3.45395781e+02   1.30612927e-04
   3.45396269e+02   1.88716935e-04
   3.45396757e+02   6.19495258e-05
   3.45397245e+02   1.56378155e-05
   3.45397734e+02   9.80304612e-05
   3.45398222e+02   1.96691908e-04
   3.45398710e+02  -4.36158698e-05
   3.45399199e+02  -9.32160910e-05
   3.45399687e+02   3.72740877e-04
   3.45400175e+02   6.78654411e-04
   3.45400664e+02   4.05136612e-04
   3.45401152e+02  -4.27265404e-05
   3.45401640e+02  -6.20005740e-05
   3.45402129e+02   2.67612086e-05
   3.45402617e+02  -1.54009525e-04
   3.45403105e+02  -2.11523817e-04
   3.45403594e+02   1.54852496e-05
   3.45404082e+02   8.15431194e-05
   3.45404570e+02  -8.66232513e-05
   3.45405059e+02  -2.75764050e-05
   3.45405547e+02   2.35980740e-04
   3.45406035e+02   3.18795588e-04
   3.45406524e+02   1.40609845e-04
   3.45407012e+02  -1.18111158e-04
   3.45407500e+02  -1.77516471e-04
   3.45407989e+02   9.86871964e-05
   3.45408477e+02   3.80716083e-04
   3.45408965e+02   2.47580057e-04
   3.45409453e+02   2.61779451e-06
   3.45409942e+02  -1.67147045e-05
   3.45410430e+02   2.66264960e-05
   3.45410918e+02   6.54147952e-05
   3.45411407e+02  -1.50867127e-05
   3.45411895e+02  -1.04227780e-04
   3.45412383e+02   5.39102293e-05
   3.45412872e+02   7.29186868e-05
   3.45413360e+02   7.11556786e-05
   3.45413848e+02   2.17466193e-04
   3.45414337e+02   3.38388490e-04
   3.45414825e+02   4.03540005e-04
   3.45415313e+02   2.41241243e-04
   3.45415802e+02  -1.30942833e-04
   3.45416290e+02  -2.88982963e-04
   3.45416778e+02  -2.22206261e-04
   3.45417267e+02  -3.29449744e-04
   3.45417755e+02  -3.66139197e-04
   3.45418243e+02  -6.52044473e-05
   3.45418732e+02  -1.46821476e-04
   3.45419220e+02  -7.02909019e-05
   3.45419708e+02   1.44096877e-04
   3.45420196e+02   1.84657794e-04
   3.45420685e+02   1.87197948e-04
   3.45421173e+02   1.10416251e-04
   3.45421661e+02   7.30517786e-05
   3.45422150e+02   2.91511853e-04
   3.45422638e+02   3.43410822e-04
   3.45423126e+02   1.29573295e-04
   3.45423615e+02   1.36505068e-05
   3.45424103e+02  -4.79541086e-05
   3.45424591e+02  -6.76720083e-05
   3.45425080e+02   9.39265519e-05
   3.45425568e+02   1.13386988e-04
   3.45426056e+02  -5.60585868e-05
   3.45426545e+02  -9.66197695e-05
   3.45427033e+02   5.84150075e-05
   3.45427521e+02   9.85162987e-05
   3.45428010e+02   1.39858181e-04
   3.45428498e+02   1.52758104e-04
   3.45428986e+02   8.09735138e-05
   3.45429475e+02   8.56918487e-05
   3.45429963e+02   3.79931189e-05
   3.45430451e+02  -3.33653152e-05
   3.45430939e+02  -1.35898503e-04
   3.45431428e+02  -8.37642874e-05
   3.45431916e+02   5.73941179e-06
   3.45432404e+02  -2.03968812e-04
   3.45432893e+02  -3.86052532e-04
   3.45433381e+02  -3.24944500e-04
   3.45433869e+02  -1.91742831e-04
   3.45434358e+02  -1.18275602e-04
   3.45434846e+02  -2.31391998e-04
   3.45435334e+02  -2.56412372e-04
   3.45435823e+02   2.05924207e-05
   3.45436311e+02   1.95192129e-04
   3.45436799e+02   3.09903953e-05
   3.45437288e+02  -6.64733307e-05
   3.45437776e+02   1.67472987e-04
   3.45438264e+02   3.17274156e-04
   3.45438753e+02   3.02559929e-04
   3.45439241e+02   1.95085857e-04
   3.45439729e+02  -4.65534831e-05
   3.45440218e+02  -1.82782271e-04
   3.45440706e+02  -1.31724431e-04
   3.45441194e+02   7.43450873e-05
   3.45441683e+02   1.46702107e-04
   3.45442171e+02  -2.81472603e-05
   3.45442659e+02  -7.52302731e-05
   3.45443147e+02   5.93278892e-05
   3.45443636e+02   2.36574386e-04
   3.45444124e+02   2.99690058e-04
   3.45444612e+02   1.97358517e-04
   3.45445101e+02   1.70356187e-04
   3.45445589e+02   1.53570320e-04
   3.45446077e+02   1.07066357e-04
   3.45446566e+02   1.58843948e-04
   3.45447054e+02   2.49560719e-04
   3.45447542e+02   2.40464244e-04
   3.45448031e+02  -2.26431857e-05
   3.45448519e+02  -1.32616973e-04
   3.45449007e+02   1.20914039e-04
   3.45449496e+02   1.43913014e-04
   3.45449984e+02   1.07170832e-04
   3.45450472e+02   2.27746874e-04
   3.45450961e+02   1.64504658e-04
   3.45451449e+02   1.02898639e-05
   3.45451937e+02  -1.10592509e-05
   3.45452426e+02  -2.60995057e-05
   3.45452914e+02  -1.31404668e-04
   3.45453402e+02  -1.97533533e-04
   3.45453890e+02  -2.08958882e-04
   3.45454379e+02  -2.67978292e-04
   3.45454867e+02  -2.39577741e-04
   3.45455355e+02  -5.42363232e-05
   3.45455844e+02   3.00194195e-04
   3.45456332e+02   4.34202811e-04
   3.45456820e+02   1.63306730e-04
   3.45457309e+02   2.77191953e-06
   3.45457797e+02   8.74791585e-05
   3.45458285e+02   9.96655435e-05
   3.45458774e+02   3.69661575e-05
   3.45459262e+02   4.85431228e-05
   3.45459750e+02   1.14049901e-04
   3.45460239e+02   1.28475309e-04
   3.45460727e+02   9.74997165e-05
   3.45461215e+02   6.78727083e-05
   3.45461704e+02   1.38397329e-04
   3.45462192e+02   2.48052238e-04
   3.45462680e+02   3.60495906e-04
   3.45463169e+02   2.34152481e-04
   3.45463657e+02  -2.71049648e-04
   3.45464145e+02  -5.23825700e-04
   3.45464633e+02  -2.79761647e-04
   3.45465122e+02  -2.01986957e-04
   3.45465610e+02  -2.16262692e-04
   3.45466098e+02  -4.24270729e-05
   3.45466587e+02   9.38675112e-06
   3.45467075e+02   1.52748612e-06
   3.45467563e+02  -9.18382284e-05
   3.45468052e+02  -7.76052548e-05
   3.45468540e+02   1.12164875e-04
   3.45469028e+02   2.34904976e-04
   3.45469517e+02   2.75132974e-04
   3.45470005e+02   2.95085658e-04
   3.45470493e+02   5.83920104e-04
   3.45470982e+02   7.49952684e-04
   3.45471470e+02   1.33672715e-04
   3.45471958e+02  -4.55554691e-04
   3.45472447e+02  -3.95490730e-04
   3.45472935e+02  -1.08051456e-04
   3.45473423e+02  -1.06333871e-04
   3.45473912e+02  -2.30129910e-04
   3.45474400e+02   8.96546953e-06
   3.45474888e+02   2.97919498e-04
   3.45475377e+02   2.08013764e-04
   3.45475865e+02   1.51633067e-04
   3.45476353e+02   7.61976189e-05
   3.45476841e+02  -3.82798346e-04
   3.45477330e+02  -5.59219799e-04
   3.45477818e+02  -3.59690748e-04
   3.45478306e+02  -7.17702351e-05
   3.45478795e+02  -7.42879129e-05
   3.45479283e+02  -1.07360342e-04
   3.45479771e+02  -2.27451164e-04
   3.45480260e+02  -4.12154855e-04
   3.45480748e+02  -1.71416323e-04
   3.45481236e+02  -2.13345011e-05
   3.45481725e+02  -4.53083558e-05
   3.45482213e+02   5.16093387e-05
   3.45482701e+02   5.70038765e-07
   3.45483190e+02  -6.00674412e-06
   3.45483678e+02   3.97137628e-05
   3.45484166e+02  -7.94091684e-05
   3.45484655e+02  -5.97082544e-05
   3.45485143e+02   9.16756035e-05
   3.45485631e+02   8.72219534e-05
   3.45486120e+02   1.98843118e-05
   3.45486608e+02  -1.73318957e-04
   3.45487096e+02  -2.65799812e-04
   3.45487584e+02  -1.70394269e-04
   3.45488073e+02  -8.91438394e-05
   3.45488561e+02  -8.24402450e-05
   3.45489049e+02  -1.66490558e-04
   3.45489538e+02  -1.41452823e-04
   3.45490026e+02  -9.55714786e-05
   3.45490514e+02  -1.60297044e-04
   3.45491003e+02  -2.56287778e-04
   3.45491491e+02  -2.36875348e-04
   3.45491979e+02  -1.21671226e-04
   3.45492468e+02  -9.09699884e-05
   3.45492956e+02  -1.43129000e-05
   3.45493444e+02   1.71852240e-04
   3.45493933e+02   1.03095939e-04
   3.45494421e+02  -6.64151739e-05
   3.45494909e+02  -1.12982583e-04
   3.45495398e+02  -5.08270787e-05
   3.45495886e+02   9.93234207e-05
   3.45496374e+02   1.17949996e-04
   3.45496863e+02   1.02311787e-05
   3.45497351e+02  -6.68275970e-05
   3.45497839e+02  -2.32062812e-05
   3.45498328e+02   3.24830762e-05
   3.45498816e+02  -4.85464334e-05
   3.45499304e+02  -1.69855499e-04
   3.45499792e+02  -1.31619207e-04
   3.45500281e+02  -1.83558106e-04
   3.45500769e+02  -3.49031790e-04
   3.45501257e+02  -1.52382636e-04
   3.45501746e+02   1.36927789e-04
   3.45502234e+02   1.09175180e-05
   3.45502722e+02  -1.11045425e-04
   3.45503211e+02  -7.43036726e-05
   3.45503699e+02   2.12319555e-05
   3.45504187e+02   5.76786697e-05
   3.45504676e+02  -7.70871338e-05
   3.45505164e+02  -1.29472857e-04
   3.45505652e+02  -9.72727939e-05
   3.45506141e+02  -8.00558555e-05
   3.45506629e+02  -6.27263034e-06
   3.45507117e+02   1.12863891e-04
   3.45507606e+02   1.73023145e-05
   3.45508094e+02  -2.62713496e-04
   3.45508582e+02  -3.48751782e-04
   3.45509071e+02  -3.01148248e-04
   3.45509559e+02  -2.94231460e-04
   3.45510047e+02  -2.84999813e-04
   3.45510535e+02  -8.94637415e-05
   3.45511024e+02   1.88352657e-04
   3.45511512e+02   2.63265683e-04
   3.45512000e+02   3.20413325e-04
   3.45512489e+02   4.57396440e-04
   3.45512977e+02   5.75933314e-04
   3.45513465e+02   4.98399779e-04
   3.45513954e+02   2.90387572e-04
   3.45514442e+02   8.27749755e-05
   3.45514930e+02  -2.20419533e-04
   3.45515419e+02  -4.52113251e-04
   3.45515907e+02  -3.55186232e-04
   3.45516395e+02  -1.56683673e-04
   3.45516884e+02  -8.04561932e-05
   3.45517372e+02   9.88154534e-06
   3.45517860e+02   1.73205757e-04
   3.45518349e+02   3.03396897e-04
   3.45518837e+02   1.76366215e-04
   3.45519325e+02  -1.57220638e-05
   3.45519814e+02   1.76809714e-04
   3.45520302e+02   4.27268766e-04
   3.45520790e+02   2.97860825e-04
   3.45521278e+02   3.88802364e-05
   3.45521767e+02   3.56258766e-04
   3.45522255e+02   6.75459218e-04
   3.45522743e+02   1.26698666e-04
   3.45523232e+02  -2.85791379e-04
   3.45523720e+02  -2.17868117e-04
   3.45524208e+02  -3.20130814e-04
   3.45524697e+02  -3.02447850e-04
   3.45525185e+02  -1.12152178e-04
   3.45525673e+02  -1.84776625e-04
   3.45526162e+02  -2.86721304e-04
   3.45526650e+02  -2.22193717e-04
   3.45527138e+02  -7.95991946e-05
   3.45527627e+02   1.36997633e-05
   3.45528115e+02   1.17390788e-04
   3.45528603e+02   2.49769189e-04
   3.45529092e+02   3.23684289e-05
   3.45529580e+02  -2.95042235e-04
   3.45530068e+02  -2.56017433e-04
   3.45530557e+02   1.25784252e-04
   3.45531045e+02   3.54591699e-04
   3.45531533e+02   9.78032040e-05
   3.45532022e+02  -2.32698134e-04
   3.45532510e+02  -8.65854599e-05
   3.45532998e+02   2.30230260e-04
   3.45533486e+02   1.71011910e-04
   3.45533975e+02  -9.72321941e-05
   3.45534463e+02  -2.08747006e-04
   3.45534951e+02  -1.17367519e-04
   3.45535440e+02   1.02566308e-04
   3.45535928e+02   2.45704083e-04
   3.45536416e+02   1.42419638e-04
   3.45536905e+02   1.18613434e-05
   3.45537393e+02   1.43611309e-04
   3.45537881e+02   3.45009466e-04
   3.45538370e+02   3.74948082e-04
   3.45538858e+02   1.28779095e-04
   3.45539346e+02  -1.20082637e-04
   3.45539835e+02  -4.42185410e-05
   3.45540323e+02   2.26261091e-05
   3.45540811e+02  -2.06077253e-04
   3.45541300e+02  -3.29307863e-04
   3.45541788e+02  -1.31225534e-04
   3.45542276e+02   1.39573807e-04
   3.45542765e+02   7.02260513e-05
   3.45543253e+02  -1.82866293e-04
   3.45543741e+02  -2.49458710e-04
   3.45544229e+02  -1.68771294e-04
   3.45544718e+02  -1.14063214e-05
   3.45545206e+02   2.19610418e-04
   3.45545694e+02   1.69623730e-04
   3.45546183e+02   1.94646054e-06
   3.45546671e+02   1.32328976e-04
   3.45547159e+02   1.68605606e-04
   3.45547648e+02   7.95409433e-05
   3.45548136e+02   2.25525117e-04
   3.45548624e+02   3.50145914e-04
   3.45549113e+02   3.39414022e-04
   3.45549601e+02   3.48998088e-04
   3.45550089e+02   3.11442593e-04
   3.45550578e+02  -1.59713841e-06
   3.45551066e+02  -3.27186019e-04
   3.45551554e+02  -5.14626736e-04
   3.45552043e+02  -4.21631761e-04
   3.45552531e+02  -9.13385884e-06
   3.45553019e+02   1.07422165e-04
   3.45553508e+02   7.40828327e-05
   3.45553996e+02   1.13919617e-04
   3.45554484e+02   7.27946390e-05
   3.45554972e+02   6.59780126e-05
   3.45555461e+02   1.03460894e-04
   3.45555949e+02   8.79871222e-05
   3.45556437e+02  -1.95086996e-05
   3.45556926e+02  -2.42261631e-05
   3.45557414e+02   1.63230594e-04
   3.45557902e+02   2.33165702e-04
   3.45558391e+02   1.53788307e-04
   3.45558879e+02   1.27712236e-04
   3.45559367e+02   1.70143423e-04
   3.45559856e+02   8.86371126e-05
   3.45560344e+02  -9.34708078e-05
   3.45560832e+02   1.14568984e-05
   3.45561321e+02   3.15311539e-04
   3.45561809e+02   3.51501716e-04
   3.45562297e+02   2.58863787e-04
   3.45562786e+02   5.17219378e-05
   3.45563274e+02  -2.55256542e-04
   3.45563762e+02  -7.47252707e-05
   3.45564251e+02   3.15231999e-04
   3.45564739e+02   3.13379598e-04
   3.45565227e+02   5.64064903e-05
   3.45565716e+02  -2.00328752e-04
   3.45566204e+02  -2.03949836e-04
   3.45566692e+02  -1.43166719e-04
   3.45567180e+02  -8.78800201e-05
   3.45567669e+02   5.85737689e-05
   3.45568157e+02   1.84459393e-04
   3.45568645e+02   3.13944474e-04
   3.45569134e+02   3.83493636e-04
   3.45569622e+02   2.95877951e-04
   3.45570110e+02   2.96488928e-04
   3.45570599e+02   3.05618218e-04
   3.45571087e+02   3.09236202e-05
   3.45571575e+02  -1.90738385e-04
   3.45572064e+02  -2.24271338e-04
   3.45572552e+02  -1.16029951e-04
   3.45573040e+02  -6.75652063e-06
   3.45573529e+02  -6.30746290e-05
   3.45574017e+02  -2.04164971e-04
   3.45574505e+02  -2.22382863e-04
   3.45574994e+02  -1.40633623e-04
   3.45575482e+02  -3.90561581e-05
   3.45575970e+02   7.57178350e-05
   3.45576459e+02  -4.61892414e-05
   3.45576947e+02  -1.85125915e-04
   3.45577435e+02  -1.68910105e-04
   3.45577923e+02  -1.47331186e-04
   3.45578412e+02   6.23854721e-05
   3.45578900e+02   1.20490949e-04
   3.45579388e+02  -7.14235193e-06
   3.45579877e+02   2.57793115e-04
   3.45580365e+02   5.81207685e-04
   3.45580853e+02   5.04739932e-04
   3.45581342e+02   2.96764774e-04
   3.45581830e+02   1.13656306e-05
   3.45582318e+02  -3.70128459e-04
   3.45582807e+02  -3.39949416e-04
   3.45583295e+02   1.27917665e-05
   3.45583783e+02   6.77163916e-05
   3.45584272e+02  -3.72656395e-05
   3.45584760e+02   4.58187897e-05
   3.45585248e+02   1.30306566e-04
   3.45585737e+02   1.13603812e-04
   3.45586225e+02   9.54730349e-05
   3.45586713e+02   1.47410465e-04
   3.45587202e+02   1.45023529e-04
   3.45587690e+02  -3.65448686e-05
   3.45588178e+02  -1.42833349e-04
   3.45588666e+02  -1.38385542e-04
   3.45589155e+02  -1.25987979e-04
   3.45589643e+02   4.89954291e-05
   3.45590131e+02   1.25012462e-04
   3.45590620e+02   5.91671269e-05
   3.45591108e+02   4.18870004e-05
   3.45591596e+02   7.25188584e-05
   3.45592085e+02   1.21905505e-04
   3.45592573e+02   1.11334972e-04
   3.45593061e+02  -3.50807932e-05
   3.45593550e+02  -8.01207061e-05
   3.45594038e+02   1.28390719e-04
   3.45594526e+02   6.68813955e-05
   3.45595015e+02  -2.71293276e-04
   3.45595503e+02  -3.41221981e-04
   3.45595991e+02  -1.20345976e-04
   3.45596480e+02  -9.21351675e-05
   3.45596968e+02  -1.23848586e-04
   3.45597456e+02  -1.39697613e-05
   3.45597945e+02   4.50034604e-05
   3.45598433e+02  -2.64642931e-05
   3.45598921e+02  -9.46122527e-05
   3.45599410e+02  -8.28242482e-05
   3.45599898e+02  -6.56060802e-05
   3.45600386e+02  -5.63068388e-05
   3.45600874e+02  -4.67121481e-06
   3.45601363e+02   1.73094362e-04
   3.45601851e+02   3.32780677e-04
   3.45602339e+02   7.80558548e-05
   3.45602828e+02  -3.08670016e-04
   3.45603316e+02  -2.24508112e-04
   3.45603804e+02   1.07078340e-04
   3.45604293e+02   7.96336972e-05
   3.45604781e+02  -1.49881758e-04
   3.45605269e+02  -1.61629781e-04
   3.45605758e+02  -5.27133961e-05
   3.45606246e+02  -1.77562379e-05
   3.45606734e+02   8.92560056e-05
   3.45607223e+02   3.85694038e-05
   3.45607711e+02  -9.60730758e-05
   3.45608199e+02   2.92383211e-05
   3.45608688e+02   1.18076285e-04
   3.45609176e+02  -4.86919052e-05
   3.45609664e+02  -1.20440280e-04
   3.45610153e+02   5.69832991e-06
   3.45610641e+02  -6.12942240e-05
   3.45611129e+02  -2.92018085e-04
   3.45611617e+02  -4.16282041e-04
   3.45612106e+02  -3.39004066e-04
   3.45612594e+02  -7.85954253e-05
   3.45613082e+02   1.35147347e-04
   3.45613571e+02   7.27325605e-05
   3.45614059e+02  -1.47533327e-04
   3.45614547e+02  -1.50973603e-04
   3.45615036e+02  -9.19014128e-05
   3.45615524e+02  -6.80436497e-05
   3.45616012e+02   4.82452197e-05
   3.45616501e+02   1.32686037e-04
   3.45616989e+02   2.20534086e-04
   3.45617477e+02   3.73288174e-04
   3.45617966e+02   3.03973444e-04
   3.45618454e+02  -4.68123908e-05
   3.45618942e+02  -1.59310948e-04
   3.45619431e+02   3.50683986e-05
   3.45619919e+02   2.03410105e-04
   3.45620407e+02   2.91796372e-04
   3.45620896e+02   1.50296808e-04
   3.45621384e+02  -2.15624987e-05
   3.45621872e+02   4.63859440e-04
   3.45622360e+02   2.08598073e-03
   3.45622849e+02   4.97930497e-03
   3.45623337e+02   9.51823406e-03
   3.45623825e+02   1.72565896e-02
   3.45624314e+02   3.04511916e-02
   3.45624802e+02   4.86900136e-02
   3.45625290e+02   6.97794333e-02
   3.45625779e+02   9.21583027e-02
   3.45626267e+02   1.11745290e-01
   3.45626755e+02   1.23421289e-01
   3.45627244e+02   1.20939054e-01
   3.45627732e+02   1.02523491e-01
   3.45628220e+02   7.77852461e-02
   3.45628709e+02   5.14756888e-02
   3.45629197e+02   3.06102950e-02
   3.45629685e+02   1.65243465e-02
   3.45630174e+02   7.59445224e-03
   3.45630662e+02   2.69864756e-03
   3.45631150e+02   8.26388481e-04
   3.45631639e+02   3.83274746e-04
   3.45632127e+02   2.05159566e-04
   3.45632615e+02   2.55994149e-04
   3.45633104e+02   3.35787307e-04
   3.45633592e+02   2.49028351e-04
   3.45634080e+02   2.15149368e-04
   3.45634568e+02   2.14438774e-06
   3.45635057e+02  -2.90477125e-04
   3.45635545e+02  -2.46106414e-04
   3.45636033e+02  -1.19683733e-04
   3.45636522e+02   6.94088430e-06
   3.45637010e+02   8.08634832e-06
   3.45637498e+02  -1.45644852e-04
   3.45637987e+02  -8.75188998e-05
   3.45638475e+02  -5.28103701e-05
   3.45638963e+02  -1.30578468e-04
   3.45639452e+02   5.29048657e-06
   3.45639940e+02   2.23498646e-04
   3.45640428e+02   1.77527632e-04
   3.45640917e+02  -8.55652324e-05
   3.45641405e+02  -1.46284714e-04
   3.45641893e+02   4.80702329e-05
   3.45642382e+02   1.12446658e-04
   3.45642870e+02   3.39421445e-06
   3.45643358e+02  -2.06401983e-05
   3.45643847e+02  -6.68027351e-05
   3.45644335e+02  -2.21587703e-04
   3.45644823e+02  -3.04080662e-04
   3.45645311e+02  -2.89786374e-04
   3.45645800e+02  -2.06880242e-04
   3.45646288e+02  -1.95637054e-04
   3.45646776e+02  -1.02208709e-04
   3.45647265e+02   6.20032297e-05
   3.45647753e+02   8.25038078e-05
   3.45648241e+02   1.02996542e-04
   3.45648730e+02   3.04759364e-04
   3.45649218e+02   5.17999695e-04
   3.45649706e+02   3.94502567e-04
   3.45650195e+02   6.19272469e-05
   3.45650683e+02  -8.52894027e-06
   3.45651171e+02   1.04602750e-05
   3.45651660e+02  -9.52476403e-05
   3.45652148e+02  -1.31324516e-04
   3.45652636e+02   1.31145178e-04
   3.45653125e+02   1.31418958e-04
   3.45653613e+02  -8.20437854e-05
   3.45654101e+02  -2.64932140e-04
   3.45654590e+02  -4.68773418e-04
   3.45655078e+02  -4.66114463e-04
   3.45655566e+02  -1.46851031e-04
   3.45656055e+02  -1.98496691e-05
   3.45656543e+02  -3.17875965e-05
   3.45657031e+02   2.89909931e-05
   3.45657519e+02   5.33891580e-05
   3.45658008e+02   2.08541693e-04
   3.45658496e+02   4.20629600e-04
   3.45658984e+02   3.13047320e-04
   3.45659473e+02  -3.61196653e-05
   3.45659961e+02  -1.15262890e-04
   3.45660449e+02  -8.11858263e-05
   3.45660938e+02  -1.62454482e-04
   3.45661426e+02  -1.58927505e-04
   3.45661914e+02  -1.25842955e-04
   3.45662403e+02   7.72310232e-05
   3.45662891e+02   2.71600991e-04
   3.45663379e+02   1.20329802e-04
   3.45663868e+02  -2.51718720e-05
   3.45664356e+02   1.25651117e-04
   3.45664844e+02   1.07586275e-04
   3.45665333e+02  -1.08893673e-05
   3.45665821e+02  -6.11499418e-05
   3.45666309e+02  -1.64084748e-04
   3.45666798e+02  -1.75191919e-04
   3.45667286e+02  -1.46598511e-04
   3.45667774e+02  -1.31147506e-04
   3.45668262e+02  -6.78365832e-05
   3.45668751e+02  -8.37954649e-05
   3.45669239e+02  -1.07117521e-04
   3.45669727e+02  -1.47917399e-05
   3.45670216e+02   7.19473610e-05
   3.45670704e+02   2.48279975e-04
   3.45671192e+02   3.42249608e-04
   3.45671681e+02   2.94658763e-04
   3.45672169e+02   3.77152726e-04
   3.45672657e+02   4.35520196e-04
   3.45673146e+02   3.48270056e-04
   3.45673634e+02   2.89022486e-04
   3.45674122e+02   2.54234881e-04
   3.45674611e+02   2.65541021e-04
   3.45675099e+02   3.02235741e-04
   3.45675587e+02   2.57181440e-04
   3.45676076e+02   1.21971323e-04
   3.45676564e+02  -1.24286249e-04
   3.45677052e+02  -1.42516001e-04
   3.45677541e+02   2.79698233e-05
   3.45678029e+02   1.46087496e-05
   3.45678517e+02   2.99037165e-05
   3.45679005e+02   1.67312450e-04
   3.45679494e+02   2.92653625e-04
   3.45679982e+02   3.12489632e-04
   3.45680470e+02   9.97871830e-05
   3.45680959e+02  -4.38538664e-05
   3.45681447e+02   1.39074153e-04
   3.45681935e+02   2.96596176e-04
   3.45682424e+02   1.52796129e-04
   3.45682912e+02  -1.43668178e-04
   3.45683400e+02  -3.31052579e-04
   3.45683889e+02  -1.88593505e-04
   3.45684377e+02  -9.30103124e-05
   3.45684865e+02  -1.20023491e-04
   3.45685354e+02   3.99964229e-05
   3.45685842e+02   9.60502075e-05
   3.45686330e+02   3.68348083e-05
   3.45686819e+02  -2.14178599e-05
   3.45687307e+02   3.64618027e-05
   3.45687795e+02   1.22710655e-04
   3.45688284e+02  -1.22908299e-04
   3.45688772e+02  -4.42175835e-04
   3.45689260e+02  -5.01534727e-04
   3.45689749e+02  -2.88121431e-04
   3.45690237e+02  -6.12073418e-05
   3.45690725e+02  -4.04945131e-05
   3.45691213e+02  -5.73266043e-05
   3.45691702e+02  -1.37194556e-05
   3.45692190e+02   1.14147646e-04
   3.45692678e+02   2.89604632e-05
   3.45693167e+02  -2.34564417e-04
   3.45693655e+02  -2.98547471e-04
   3.45694143e+02  -1.01449070e-04
   3.45694632e+02   2.65298295e-04
   3.45695120e+02   3.95293318e-04
   3.45695608e+02   3.28102731e-04
   3.45696097e+02   2.36872249e-04
   3.45696585e+02  -2.18014720e-05
   3.45697073e+02  -2.31458762e-04
   3.45697562e+02  -2.33997023e-04
   3.45698050e+02  -1.60407726e-04
   3.45698538e+02  -6.97026262e-05
   3.45699027e+02  -2.61269888e-05
   3.45699515e+02  -1.68872677e-04
   3.45700003e+02  -1.19634919e-04
   3.45700492e+02   1.70136336e-04
   3.45700980e+02   1.93239743e-04
   3.45701468e+02   3.72853574e-05
   3.45701956e+02   4.83963704e-05
   3.45702445e+02   8.38591222e-05
   3.45702933e+02  -1.54568697e-05
   3.45703421e+02   2.99213775e-06
   3.45703910e+02   7.80174159e-05
   3.45704398e+02  -8.80247972e-05
   3.45704886e+02  -4.80461567e-05
   3.45705375e+02   1.55044618e-04
   3.45705863e+02   1.71800886e-04
   3.45706351e+02   1.95083645e-04
   3.45706840e+02   2.22711227e-04
   3.45707328e+02   2.62089288e-05
   3.45707816e+02  -1.06816966e-04
   3.45708305e+02   1.50083302e-04
   3.45708793e+02   3.18104198e-04
   3.45709281e+02   7.56129084e-05
   3.45709770e+02  -1.22555299e-04
   3.45710258e+02   7.45612806e-06
   3.45710746e+02   1.30916567e-04
   3.45711235e+02   8.51703760e-07
   3.45711723e+02  -1.11765054e-04
   3.45712211e+02  -6.65061161e-05
   3.45712699e+02   1.87704005e-04
   3.45713188e+02   2.12829182e-04
   3.45713676e+02  -9.80015611e-05
   3.45714164e+02  -3.47009511e-04
   3.45714653e+02  -2.41227463e-04
   3.45715141e+02  -1.23597696e-04
   3.45715629e+02  -2.14332802e-04
   3.45716118e+02  -7.76050219e-05
   3.45716606e+02   1.72140295e-04
   3.45717094e+02   3.46968918e-05
   3.45717583e+02  -2.90476921e-04
   3.45718071e+02  -3.86765489e-04
   3.45718559e+02  -3.10433941e-04
   3.45719048e+02  -1.05243344e-04
   3.45719536e+02   3.37339618e-04
   3.45720024e+02   5.13330335e-04
   3.45720513e+02   2.61227746e-04
   3.45721001e+02   1.14853574e-05
   3.45721489e+02  -1.70805884e-04
   3.45721978e+02  -1.89061204e-04
   3.45722466e+02  -1.13173752e-04
   3.45722954e+02   2.61644291e-05
   3.45723443e+02   2.50617886e-04
   3.45723931e+02   2.71317636e-04
   3.45724419e+02   2.13974694e-04
   3.45724907e+02   1.55832080e-04
   3.45725396e+02   1.38120304e-04
   3.45725884e+02   9.21727114e-05
   3.45726372e+02  -1.31823384e-04
   3.45726861e+02  -3.68449080e-04
   3.45727349e+02  -3.32627009e-04
   3.45727837e+02  -1.06590276e-04
   3.45728326e+02  -4.75914785e-05
   3.45728814e+02  -4.33739187e-05
   3.45729302e+02  -8.01997487e-07
   3.45729791e+02   2.76294759e-05
   3.45730279e+02  -1.03099330e-04
   3.45730767e+02  -3.33349191e-04
   3.45731256e+02  -2.35526662e-04
   3.45731744e+02   8.47790725e-05
   3.45732232e+02   2.69499811e-04
   3.45732721e+02   3.18193983e-04
   3.45733209e+02  -1.04121518e-05
   3.45733697e+02  -4.96561348e-04
   3.45734186e+02  -5.39365516e-04
   3.45734674e+02  -3.40573868e-04
   3.45735162e+02  -2.76001636e-04
   3.45735650e+02  -8.94283367e-05
   3.45736139e+02   8.03994262e-05
   3.45736627e+02  -1.53116780e-05
   3.45737115e+02  -8.05697637e-05
   3.45737604e+02  -1.17727875e-04
   3.45738092e+02  -4.13236354e-04
   3.45738580e+02  -6.20725390e-04
   3.45739069e+02  -4.12949244e-04
   3.45739557e+02  -2.66519753e-04
   3.45740045e+02  -1.72278145e-04
   3.45740534e+02   1.72506916e-05
   3.45741022e+02   1.00382458e-04
   3.45741510e+02   2.07665158e-04
   3.45741999e+02   2.54383223e-04
   3.45742487e+02   7.27041770e-05
   3.45742975e+02   3.86997453e-05
   3.45743464e+02  -1.76264966e-05
   3.45743952e+02  -3.30115639e-04
   3.45744440e+02  -4.20761673e-04
   3.45744929e+02  -2.01023548e-04
   3.45745417e+02   1.73863173e-05
   3.45745905e+02   4.58791401e-05
   3.45746393e+02   3.94756789e-05
   3.45746882e+02   8.72373348e-05
   3.45747370e+02   1.57596369e-05
   3.45747858e+02   1.56179067e-06
   3.45748347e+02  -5.22742812e-05
   3.45748835e+02  -2.09841659e-04
   3.45749323e+02   1.40227485e-06
   3.45749812e+02   2.50252604e-04
   3.45750300e+02   1.42022633e-04
   3.45750788e+02   7.96357926e-05
   3.45751277e+02   6.60635342e-05
   3.45751765e+02  -1.17371921e-04
   3.45752253e+02  -1.81328898e-04
   3.45752742e+02  -1.79756942e-04
   3.45753230e+02  -2.29260724e-04
   3.45753718e+02  -1.37259893e-04
   3.45754207e+02  -6.17083206e-05
   3.45754695e+02  -1.56167007e-04
   3.45755183e+02  -2.17609617e-04
   3.45755672e+02  -1.58161027e-04
   3.45756160e+02  -5.21190814e-05
   3.45756648e+02  -5.95835918e-05
   3.45757137e+02  -1.37142400e-04
   3.45757625e+02  -1.73228527e-05
   3.45758113e+02   8.91183008e-05
   3.45758601e+02   8.38824126e-05
   3.45759090e+02   7.67082893e-05
   3.45759578e+02  -4.78214206e-05
   3.45760066e+02  -1.77318856e-04
   3.45760555e+02  -1.69042163e-04
   3.45761043e+02  -1.16421164e-04
   3.45761531e+02  -5.97649596e-05
   3.45762020e+02  -9.97351526e-05
   3.45762508e+02  -7.65939967e-06
   3.45762996e+02   2.40729700e-04
   3.45763485e+02   3.24412336e-04
   3.45763973e+02   2.80218635e-04
   3.45764461e+02   1.37705123e-04
   3.45764950e+02  -8.22024522e-05
   3.45765438e+02  -6.05182759e-05
   3.45765926e+02   2.88715569e-06
   3.45766415e+02  -3.73283001e-06
   3.45766903e+02   1.36731411e-04
   3.45767391e+02   1.28125146e-04
   3.45767880e+02  -1.04313265e-04
   3.45768368e+02  -2.92779063e-04
   3.45768856e+02  -2.84062873e-04
   3.45769344e+02  -1.88632082e-04
   3.45769833e+02  -2.56410931e-05
   3.45770321e+02   1.11262169e-04
   3.45770809e+02   1.36471150e-04
   3.45771298e+02   1.39156051e-04
   3.45771786e+02   2.69400567e-04
   3.45772274e+02   2.46673502e-04
   3.45772763e+02   8.53450110e-05
   3.45773251e+02  -1.95064658e-05
   3.45773739e+02  -2.03574004e-04
   3.45774228e+02  -4.71302134e-04
   3.45774716e+02  -2.85222341e-04
   3.45775204e+02   1.37637049e-04
   3.45775693e+02   4.92318759e-05
   3.45776181e+02  -2.10176338e-04
   3.45776669e+02  -8.23269293e-05
   3.45777158e+02   5.34444371e-05
   3.45777646e+02   6.72792521e-06
   3.45778134e+02  -1.06068590e-04
   3.45778623e+02  -2.55012186e-04
   3.45779111e+02  -1.02638725e-04
   3.45779599e+02   2.19482754e-04
   3.45780087e+02   2.15262058e-04
   3.45780576e+02   1.40110278e-04
   3.45781064e+02   2.50482495e-04
   3.45781552e+02   2.94091587e-04
   3.45782041e+02   2.31182610e-04
   3.45782529e+02   1.66034442e-04
   3.45783017e+02   7.82349616e-06
   3.45783506e+02  -8.91880118e-05
   3.45783994e+02  -4.81751158e-05
   3.45784482e+02   9.09884766e-05
   3.45784971e+02   3.28253111e-04
   3.45785459e+02   3.55222233e-04
   3.45785947e+02   2.34923165e-04
   3.45786436e+02   2.87419301e-04
   3.45786924e+02   2.93800957e-04
   3.45787412e+02   2.99547915e-04
   3.45787901e+02   3.07494571e-04
   3.45788389e+02   1.60283758e-04
   3.45788877e+02   8.27678741e-06
   3.45789366e+02  -1.11817986e-04
   3.45789854e+02  -4.03886224e-05
   3.45790342e+02   1.76320711e-04
   3.45790831e+02   3.87087894e-05
   3.45791319e+02  -2.50293437e-04
   3.45791807e+02  -1.68401777e-04
   3.45792295e+02  -7.02257312e-05
   3.45792784e+02  -1.12764923e-04
   3.45793272e+02  -6.07858528e-05
   3.45793760e+02  -1.24591579e-05
   3.45794249e+02  -1.33429145e-04
   3.45794737e+02  -1.56318449e-04
   3.45795225e+02   3.75805212e-05
   3.45795714e+02   5.75925114e-05
   3.45796202e+02  -9.62585400e-05
   3.45796690e+02  -8.84329274e-05
   3.45797179e+02  -1.23570944e-05
   3.45797667e+02  -1.42820092e-04
   3.45798155e+02  -3.46709363e-04
   3.45798644e+02  -1.09239751e-04
   3.45799132e+02   2.87878298e-04
   3.45799620e+02   3.12233984e-04
   3.45800109e+02   1.05145860e-04
   3.45800597e+02   1.26867584e-04
   3.45801085e+02   1.68005237e-04
   3.45801574e+02  -1.39049043e-05
   3.45802062e+02   8.62238012e-05
   3.45802550e+02   3.21132422e-04
   3.45803038e+02   3.45033477e-04
   3.45803527e+02   2.46263749e-04
   3.45804015e+02   1.08142012e-04
   3.45804503e+02   3.67106695e-05
   3.45804992e+02  -2.34280917e-04
   3.45805480e+02  -6.52664632e-04
   3.45805968e+02  -7.02133344e-04
   3.45806457e+02  -4.42452059e-04
   3.45806945e+02  -1.74222863e-04
   3.45807433e+02  -4.66041492e-05
   3.45807922e+02  -1.22888800e-04
   3.45808410e+02  -1.76611575e-04
   3.45808898e+02  -7.34685818e-05
   3.45809387e+02   2.60568299e-06
   3.45809875e+02   1.08478534e-05
   3.45810363e+02   5.28686833e-05
   3.45810852e+02   1.59037867e-04
   3.45811340e+02   1.96517241e-04
   3.45811828e+02   7.37317314e-05
   3.45812317e+02   3.38965001e-05
   3.45812805e+02   1.79043316e-04
   3.45813293e+02   1.90254737e-04
   3.45813781e+02   2.25510288e-04
   3.45814270e+02   3.74970812e-04
   3.45814758e+02   3.43985565e-04
   3.45815246e+02   1.29392603e-04
   3.45815735e+02   3.63865547e-05
   3.45816223e+02   4.67439168e-05
   3.45816711e+02  -4.11756719e-06
   3.45817200e+02   2.44863786e-05
   3.45817688e+02   1.87569152e-04
   3.45818176e+02   1.79876690e-04
   3.45818665e+02   3.38646241e-05
   3.45819153e+02   1.68106970e-04
   3.45819641e+02   2.28265460e-04
   3.45820130e+02   6.80173980e-05
   3.45820618e+02   1.29661188e-04
   3.45821106e+02   1.08413115e-04
   3.45821595e+02  -1.17795891e-04
   3.45822083e+02  -1.36686140e-04
   3.45822571e+02   3.32330419e-05
   3.45823060e+02   1.16118295e-04
   3.45823548e+02  -8.31447906e-05
   3.45824036e+02  -1.63841905e-04
   3.45824525e+02   1.09826455e-04
   3.45825013e+02   2.19998314e-04
   3.45825501e+02   1.36848001e-04
   3.45825989e+02  -8.42752706e-05
   3.45826478e+02  -2.46134587e-04
   3.45826966e+02  -8.90278898e-05
   3.45827454e+02  -1.58666444e-05
   3.45827943e+02  -4.49366235e-05
   3.45828431e+02  -2.85754388e-04
   3.45828919e+02  -1.88371923e-04
   3.45829408e+02   2.52490601e-04
   3.45829896e+02   5.21031150e-04
   3.45830384e+02   3.28124501e-04
   3.45830873e+02   1.62107142e-04
   3.45831361e+02   1.27158040e-04
   3.45831849e+02   5.59916771e-05
   3.45832338e+02   1.04488005e-04
   3.45832826e+02   2.18414541e-04
   3.45833314e+02   1.52639390e-04
   3.45833803e+02  -3.72503091e-05
   3.45834291e+02  -1.14694572e-04
   3.45834779e+02   1.22780439e-05
   3.45835268e+02   2.16968125e-04
   3.45835756e+02   2.61950947e-04
   3.45836244e+02   2.37226690e-04
   3.45836732e+02   3.48765432e-04
   3.45837221e+02   4.58351511e-04
   3.45837709e+02   2.78139662e-04
   3.45838197e+02   6.54200849e-05
   3.45838686e+02   1.05576888e-04
   3.45839174e+02   1.88002232e-04
   3.45839662e+02   2.28354067e-04
   3.45840151e+02   2.69086944e-04
   3.45840639e+02   2.85755523e-04
   3.45841127e+02   1.94372929e-04
   3.45841616e+02  -4.71923304e-05
   3.45842104e+02  -1.98087160e-04
   3.45842592e+02  -5.91829012e-05
   3.45843081e+02   4.94678970e-05
   3.45843569e+02  -2.05065182e-04
   3.45844057e+02  -3.78730329e-04
   3.45844546e+02  -1.80956020e-04
   3.45845034e+02  -1.00447280e-04
   3.45845522e+02  -1.03624443e-04
   3.45846011e+02  -5.35096624e-05
   3.45846499e+02   1.60598192e-05
   3.45846987e+02   8.75671176e-05
   3.45847476e+02  -3.32031959e-05
   3.45847964e+02  -2.33628074e-04
   3.45848452e+02  -2.17013076e-04
   3.45848940e+02  -1.04315084e-04
   3.45849429e+02  -1.55152797e-04
   3.45849917e+02  -2.10724116e-04
   3.45850405e+02  -2.30860009e-04
   3.45850894e+02  -2.67023133e-04
   3.45851382e+02  -1.39626907e-04
   3.45851870e+02   6.08530645e-05
   3.45852359e+02  -1.03952254e-06
   3.45852847e+02  -1.62938173e-04
   3.45853335e+02  -1.77247362e-04
   3.45853824e+02  -1.60775322e-04
   3.45854312e+02  -1.23552207e-04
   3.45854800e+02  -1.91089013e-04
   3.45855289e+02  -1.46375882e-04
   3.45855777e+02   2.20397298e-04
   3.45856265e+02   3.55093536e-04
   3.45856754e+02   2.02529831e-04
   3.45857242e+02  -2.81943558e-05
   3.45857730e+02  -1.25547042e-04
   3.45858219e+02  -3.77848337e-05
   3.45858707e+02  -6.90864399e-05
   3.45859195e+02   3.05219837e-05
   3.45859683e+02   2.43498958e-04
   3.45860172e+02   1.76506321e-04
   3.45860660e+02  -1.95194138e-04
   3.45861148e+02  -3.86780623e-04
   3.45861637e+02  -2.84780865e-04
   3.45862125e+02  -3.06318165e-04
   3.45862613e+02  -4.28360188e-04
   3.45863102e+02  -4.01432830e-04
   3.45863590e+02  -2.74215767e-04
   3.45864078e+02  -3.43548199e-05
   3.45864567e+02   1.62148746e-04
   3.45865055e+02   1.29978667e-04
   3.45865543e+02   8.86817143e-05
   3.45866032e+02   6.98724543e-05
   3.45866520e+02   5.93576879e-05
   3.45867008e+02   1.73946373e-05
   3.45867497e+02   1.73127119e-05
   3.45867985e+02  -5.51772755e-05
   3.45868473e+02  -7.10306122e-05
   3.45868962e+02   3.44549226e-05
   3.45869450e+02  -2.27213695e-05
   3.45869938e+02  -1.13935894e-04
   3.45870426e+02  -8.57465636e-07
   3.45870915e+02   3.96817049e-05
   3.45871403e+02  -5.97829821e-05
   3.45871891e+02  -3.92564107e-05
   3.45872380e+02   8.14907253e-05
   3.45872868e+02  -4.52120119e-08
   3.45873356e+02  -1.76103684e-04
   3.45873845e+02  -2.02023279e-04
   3.45874333e+02  -1.54762631e-04
   3.45874821e+02  -1.05607112e-04
   3.45875310e+02   7.12209439e-05
   3.45875798e+02   1.10567060e-04
   3.45876286e+02  -1.13945513e-04
   3.45876775e+02  -2.49563091e-05
   3.45877263e+02   3.59900470e-04
   3.45877751e+02   2.41318674e-04
   3.45878240e+02  -1.08352957e-04
   3.45878728e+02  -1.52198234e-04
   3.45879216e+02  -1.02489816e-04
   3.45879705e+02  -1.18253214e-04
   3.45880193e+02  -1.01989011e-04
   3.45880681e+02  -1.50931577e-04
   3.45881170e+02  -1.36013012e-04
   3.45881658e+02   1.55031710e-04
   3.45882146e+02   4.22480400e-04
   3.45882634e+02   3.04165413e-04
   3.45883123e+02  -1.54825611e-04
   3.45883611e+02  -4.64070210e-04
   3.45884099e+02  -2.10180733e-04
   3.45884588e+02   1.05257313e-04
   3.45885076e+02   1.60891461e-04
   3.45885564e+02   3.14304867e-04
   3.45886053e+02   4.57491988e-04
   3.45886541e+02   2.86789611e-04
   3.45887029e+02  -8.26431205e-05
   3.45887518e+02   2.34558538e-05
   3.45888006e+02   2.99393287e-04
   3.45888494e+02   2.64250702e-04
   3.45888983e+02   1.59360774e-04
   3.45889471e+02   3.57540011e-05
   3.45889959e+02  -2.61996720e-05
   3.45890448e+02  -1.52093795e-04
   3.45890936e+02  -3.11799551e-04
   3.45891424e+02  -1.68542174e-04
   3.45891913e+02   6.47280322e-05
   3.45892401e+02   5.79306616e-05
   3.45892889e+02  -4.25087928e-05
   3.45893377e+02   3.52254210e-05
   3.45893866e+02   1.12651440e-04
   3.45894354e+02   2.72575726e-05
   3.45894842e+02  -2.33888961e-04
   3.45895331e+02  -3.08718067e-04
   3.45895819e+02  -7.17563089e-05
   3.45896307e+02   9.83162390e-05
   3.45896796e+02  -2.87974108e-05
   3.45897284e+02  -2.61272304e-04
   3.45897772e+02  -2.21811366e-04
   3.45898261e+02  -7.50548570e-05
   3.45898749e+02  -2.10030455e-04
   3.45899237e+02  -2.52652506e-04
   3.45899726e+02   1.52052862e-05
   3.45900214e+02  -6.85149644e-05
   3.45900702e+02  -2.80600681e-04
   3.45901191e+02  -1.70846804e-04
   3.45901679e+02   1.21973644e-05
   3.45902167e+02   1.86501653e-04
   3.45902656e+02   2.87525472e-04
   3.45903144e+02   3.38688376e-04
   3.45903632e+02   3.44654632e-04
   3.45904120e+02   2.06140816e-04
   3.45904609e+02   8.70879958e-05
   3.45905097e+02  -3.30219700e-05
   3.45905585e+02  -2.36700595e-04
   3.45906074e+02  -3.40852130e-04
   3.45906562e+02  -1.49484389e-04
   3.45907050e+02   2.78772408e-04
   3.45907539e+02   5.75116253e-04
   3.45908027e+02   4.38011630e-04
   3.45908515e+02   2.29128098e-04
   3.45909004e+02   2.17856315e-04
   3.45909492e+02   9.45161446e-05
   3.45909980e+02  -1.47051673e-04
   3.45910469e+02  -1.95197237e-04
   3.45910957e+02  -8.88982049e-06
   3.45911445e+02   1.89251034e-04
   3.45911934e+02   2.56365398e-04
   3.45912422e+02   2.22702001e-04
   3.45912910e+02   9.05579000e-05
   3.45913399e+02   1.68349696e-04
   3.45913887e+02   2.67370633e-04
   3.45914375e+02  -1.37179723e-05
   3.45914864e+02  -1.05043451e-04
   3.45915352e+02   2.76585561e-05
   3.45915840e+02  -3.95106836e-05
   3.45916328e+02  -4.95236345e-05
   3.45916817e+02   3.80620768e-05
   3.45917305e+02  -4.11663059e-05
   3.45917793e+02  -1.56871509e-04
   3.45918282e+02  -1.36129980e-04
   3.45918770e+02  -1.50747859e-04
   3.45919258e+02  -1.79851384e-04
   3.45919747e+02   2.75428447e-05
   3.45920235e+02   1.56288821e-04
   3.45920723e+02   5.17414373e-05
   3.45921212e+02  -6.00027452e-05
   3.45921700e+02  -1.52582492e-04
   3.45922188e+02  -2.10163038e-04
   3.45922677e+02  -9.27877118e-05
   3.45923165e+02   1.03816972e-04
   3.45923653e+02   1.26994579e-04
   3.45924142e+02  -4.91921855e-06
   3.45924630e+02   3.65489504e-05
   3.45925118e+02   3.28696071e-04
   3.45925607e+02   2.27236131e-04
   3.45926095e+02  -1.02194368e-04
   3.45926583e+02  -8.55170656e-05
   3.45927071e+02  -4.83208096e-05
   3.45927560e+02  -1.63566601e-05
   3.45928048e+02   7.65902732e-05
   3.45928536e+02  -3.21311963e-05
   3.45929025e+02  -2.48814351e-04
   3.45929513e+02  -3.34471173e-04
   3.45930001e+02  -3.07660521e-04
   3.45930490e+02  -2.97811319e-04
   3.45930978e+02  -6.24512686e-05
   3.45931466e+02   4.00726945e-04
   3.45931955e+02   5.49389457e-04
   3.45932443e+02   2.13955253e-04
   3.45932931e+02  -1.62685741e-04
   3.45933420e+02  -1.98472713e-04
   3.45933908e+02  -2.87767063e-04
   3.45934396e+02  -4.68270038e-04
   3.45934885e+02  -2.56625732e-04
   3.45935373e+02   5.50663608e-05
   3.45935861e+02   3.13362398e-04
   3.45936350e+02   4.76138433e-04
   3.45936838e+02   2.81520479e-04
   3.45937326e+02   2.90672615e-05
   3.45937814e+02  -3.07580704e-05
   3.45938303e+02  -1.11260379e-04
   3.45938791e+02  -2.35351428e-04
   3.45939279e+02  -2.11726699e-04
   3.45939768e+02  -2.13495441e-04
   3.45940256e+02  -2.77854997e-04
   3.45940744e+02  -2.49961071e-04
   3.45941233e+02  -2.31474653e-04
   3.45941721e+02  -8.69941723e-05
   3.45942209e+02   4.93938096e-05
   3.45942698e+02   3.33879580e-05
   3.45943186e+02  -5.08294288e-05
   3.45943674e+02  -2.00548500e-04
   3.45944163e+02  -1.84256904e-04
