frequency (GHz), flux (Jy/beam)
   3.43899310e+02  -8.42172478e-04
   3.43899798e+02  -3.43767228e-04
   3.43900286e+02   1.85155222e-04
   3.43900774e+02   1.59990639e-04
   3.43901263e+02  -3.65966262e-04
   3.43901751e+02  -8.79337429e-04
   3.43902239e+02  -5.66926319e-04
   3.43902728e+02   2.87818330e-05
   3.43903216e+02   2.27022523e-04
   3.43903704e+02   3.81636113e-04
   3.43904193e+02   2.53765174e-04
   3.43904681e+02  -2.91704317e-04
   3.43905169e+02  -4.89899074e-04
   3.43905658e+02  -5.01513248e-04
   3.43906146e+02  -5.16168599e-04
   3.43906634e+02  -6.00328640e-05
   3.43907122e+02   4.62522439e-04
   3.43907611e+02   4.28732135e-04
   3.43908099e+02  -6.04649940e-05
   3.43908587e+02  -1.62781842e-04
   3.43909076e+02  -8.83742759e-05
   3.43909564e+02  -2.05452860e-04
   3.43910052e+02  -2.11880950e-04
   3.43910541e+02   1.16111529e-04
   3.43911029e+02   2.65287144e-05
   3.43911517e+02  -6.05099449e-05
   3.43912006e+02   5.83081099e-04
   3.43912494e+02   8.49825214e-04
   3.43912982e+02   4.59638715e-04
   3.43913470e+02  -8.05536401e-05
   3.43913959e+02  -4.76045563e-04
   3.43914447e+02  -9.77117161e-05
   3.43914935e+02   5.75556711e-04
   3.43915424e+02   3.94258095e-04
   3.43915912e+02  -1.80302726e-04
   3.43916400e+02  -1.48942447e-04
   3.43916889e+02   1.17457625e-04
   3.43917377e+02   1.25828243e-04
   3.43917865e+02   1.08362117e-04
   3.43918354e+02   1.43012498e-04
   3.43918842e+02  -1.09744212e-06
   3.43919330e+02  -2.16961547e-04
   3.43919818e+02  -1.18775686e-04
   3.43920307e+02   1.40840508e-04
   3.43920795e+02   1.33992522e-04
   3.43921283e+02  -2.11326187e-04
   3.43921772e+02  -2.77868239e-04
   3.43922260e+02  -1.02657486e-05
   3.43922748e+02  -9.61265177e-05
   3.43923237e+02  -3.30272655e-04
   3.43923725e+02  -8.26075848e-05
   3.43924213e+02   4.36407950e-04
   3.43924702e+02   7.66218000e-04
   3.43925190e+02   7.71078630e-04
   3.43925678e+02   5.37696818e-04
   3.43926166e+02   1.43589132e-04
   3.43926655e+02  -1.89815561e-04
   3.43927143e+02  -5.56903309e-04
   3.43927631e+02  -8.37906380e-04
   3.43928120e+02  -6.06910791e-04
   3.43928608e+02  -1.80841089e-04
   3.43929096e+02   2.21857204e-04
   3.43929585e+02   4.14222421e-04
   3.43930073e+02   1.21874924e-04
   3.43930561e+02  -3.47775582e-04
   3.43931050e+02  -4.94086940e-04
   3.43931538e+02  -2.83063768e-04
   3.43932026e+02  -1.69381339e-04
   3.43932514e+02  -1.00233090e-04
   3.43933003e+02   2.32584222e-04
   3.43933491e+02   2.26977994e-04
   3.43933979e+02  -2.83928966e-04
   3.43934468e+02  -4.05957835e-04
   3.43934956e+02   3.08797753e-05
   3.43935444e+02   1.26838888e-04
   3.43935933e+02  -1.17251744e-04
   3.43936421e+02   8.54706650e-06
   3.43936909e+02   4.30419022e-04
   3.43937398e+02   6.40955346e-04
   3.43937886e+02   4.98276728e-04
   3.43938374e+02   1.44174279e-04
   3.43938863e+02  -2.65010865e-04
   3.43939351e+02  -7.26161292e-04
   3.43939839e+02  -9.83402366e-04
   3.43940327e+02  -8.52247875e-04
   3.43940816e+02  -3.05432593e-04
   3.43941304e+02   4.14586975e-04
   3.43941792e+02   5.84041700e-04
   3.43942281e+02   3.76572221e-04
   3.43942769e+02   3.40280036e-04
   3.43943257e+02   4.63461096e-04
   3.43943746e+02   5.76720457e-04
   3.43944234e+02   4.35655500e-04
   3.43944722e+02   3.20024177e-04
   3.43945211e+02   3.08194140e-04
   3.43945699e+02   3.57077486e-04
   3.43946187e+02   4.10959125e-04
   3.43946675e+02   3.73437011e-04
   3.43947164e+02   2.13915890e-04
   3.43947652e+02   2.30087127e-04
   3.43948140e+02   1.34274131e-04
   3.43948629e+02  -2.55025720e-04
   3.43949117e+02  -3.35959950e-04
   3.43949605e+02  -1.70039828e-04
   3.43950094e+02  -1.34371076e-04
   3.43950582e+02  -1.45840997e-04
   3.43951070e+02  -3.11606345e-05
   3.43951559e+02   3.81679769e-04
   3.43952047e+02   7.87029043e-04
   3.43952535e+02   7.46637525e-04
   3.43953023e+02   5.79301210e-04
   3.43953512e+02   4.93139145e-04
   3.43954000e+02   3.41449893e-04
   3.43954488e+02   2.63536233e-04
   3.43954977e+02   1.65387639e-04
   3.43955465e+02  -9.67073429e-05
   3.43955953e+02  -9.36190336e-05
   3.43956442e+02   1.34454924e-04
   3.43956930e+02  -8.09234552e-05
   3.43957418e+02  -2.05088494e-04
   3.43957907e+02  -2.99071107e-04
   3.43958395e+02  -4.94892302e-04
   3.43958883e+02  -6.14695193e-04
   3.43959371e+02  -7.21085235e-04
   3.43959860e+02  -9.28614871e-04
   3.43960348e+02  -7.40742718e-04
   3.43960836e+02  -2.18208254e-04
   3.43961325e+02  -2.37885295e-04
   3.43961813e+02  -3.27984453e-04
   3.43962301e+02   2.31246420e-04
   3.43962790e+02   5.78287814e-04
   3.43963278e+02   5.92359225e-04
   3.43963766e+02   8.25736148e-04
   3.43964255e+02   7.66373763e-04
   3.43964743e+02   3.22006905e-04
   3.43965231e+02   4.96661451e-05
   3.43965719e+02  -2.22610615e-04
   3.43966208e+02  -7.87395518e-04
   3.43966696e+02  -7.84324016e-04
   3.43967184e+02  -1.50555381e-04
   3.43967673e+02   9.51742404e-05
   3.43968161e+02  -1.15016097e-04
   3.43968649e+02  -3.22304550e-04
   3.43969138e+02  -3.01437685e-04
   3.43969626e+02  -1.15638853e-04
   3.43970114e+02   1.22234822e-04
   3.43970603e+02   2.34642532e-04
   3.43971091e+02   1.70359097e-04
   3.43971579e+02  -1.09347442e-04
   3.43972067e+02  -5.89724921e-04
   3.43972556e+02  -5.98013401e-04
   3.43973044e+02  -5.24184070e-05
   3.43973532e+02   2.45308067e-04
   3.43974021e+02   1.05596439e-04
   3.43974509e+02  -9.86687837e-07
   3.43974997e+02   3.59474616e-05
   3.43975486e+02   2.28216195e-05
   3.43975974e+02  -2.01507704e-04
   3.43976462e+02  -5.16954693e-04
   3.43976951e+02  -6.49108260e-04
   3.43977439e+02  -5.22521615e-04
   3.43977927e+02  -4.17620700e-04
   3.43978416e+02  -6.29633898e-04
   3.43978904e+02  -4.31005348e-04
   3.43979392e+02   3.41884792e-04
   3.43979880e+02   6.26281253e-04
   3.43980369e+02   4.66793426e-04
   3.43980857e+02   2.98691797e-04
   3.43981345e+02   2.14817570e-04
   3.43981834e+02   8.39576751e-05
   3.43982322e+02  -1.86456979e-04
   3.43982810e+02  -1.17758944e-04
   3.43983299e+02   3.04457441e-04
   3.43983787e+02   4.22313024e-04
   3.43984275e+02   2.91609176e-04
   3.43984764e+02   4.46406892e-04
   3.43985252e+02   3.71417205e-04
   3.43985740e+02   3.71487957e-04
   3.43986228e+02   5.20655885e-04
   3.43986717e+02   2.28070028e-04
   3.43987205e+02  -1.14524031e-04
   3.43987693e+02   9.12837932e-05
   3.43988182e+02   1.60589887e-04
   3.43988670e+02   1.37088646e-04
   3.43989158e+02   1.95300992e-04
   3.43989647e+02   1.82162476e-04
   3.43990135e+02   1.39213080e-04
   3.43990623e+02   1.25628376e-05
   3.43991112e+02  -2.69855722e-04
   3.43991600e+02  -5.58518979e-04
   3.43992088e+02  -3.71482980e-04
   3.43992576e+02   5.59080836e-05
   3.43993065e+02  -9.17537091e-06
   3.43993553e+02  -1.95891917e-04
   3.43994041e+02  -4.32984780e-06
   3.43994530e+02   1.07134561e-04
   3.43995018e+02   4.78561997e-05
   3.43995506e+02  -2.70783039e-05
   3.43995995e+02  -1.52089211e-04
   3.43996483e+02  -1.02704900e-04
   3.43996971e+02   7.33002234e-05
   3.43997460e+02   2.35888190e-04
   3.43997948e+02   5.33660583e-04
   3.43998436e+02   5.38550492e-04
   3.43998924e+02   4.26993269e-04
   3.43999413e+02   5.31597005e-04
   3.43999901e+02   2.79779662e-04
   3.44000389e+02  -2.66082789e-04
   3.44000878e+02  -4.52634529e-04
   3.44001366e+02  -4.61453019e-04
   3.44001854e+02  -4.58109571e-04
   3.44002343e+02  -5.73950820e-04
   3.44002831e+02  -7.88172300e-04
   3.44003319e+02  -5.83756191e-04
   3.44003808e+02  -9.99840340e-05
   3.44004296e+02   6.76312557e-05
   3.44004784e+02   1.29243243e-04
   3.44005272e+02   2.53449311e-04
   3.44005761e+02   2.82006367e-04
   3.44006249e+02   9.29097077e-05
   3.44006737e+02  -5.11561666e-05
   3.44007226e+02   4.97598967e-06
   3.44007714e+02  -1.14065049e-04
   3.44008202e+02  -4.90649953e-04
   3.44008691e+02  -5.03807387e-04
   3.44009179e+02  -2.79073603e-04
   3.44009667e+02  -2.55790539e-04
   3.44010156e+02  -4.80688701e-04
   3.44010644e+02  -5.94081182e-04
   3.44011132e+02  -3.00145504e-04
   3.44011620e+02   8.34700113e-05
   3.44012109e+02   2.94545782e-04
   3.44012597e+02   2.53130856e-04
   3.44013085e+02   9.30675233e-05
   3.44013574e+02   1.39015974e-05
   3.44014062e+02  -2.19031663e-05
   3.44014550e+02  -1.45487182e-04
   3.44015039e+02  -2.98895844e-04
   3.44015527e+02  -1.68428538e-04
   3.44016015e+02   1.97763249e-04
   3.44016504e+02   3.53076204e-04
   3.44016992e+02   5.35084691e-05
   3.44017480e+02  -3.36118363e-04
   3.44017969e+02  -3.91436130e-04
   3.44018457e+02  -3.10871867e-04
   3.44018945e+02  -6.44144311e-05
   3.44019433e+02   3.71276052e-04
   3.44019922e+02   5.38972148e-04
   3.44020410e+02   3.70664551e-04
   3.44020898e+02   1.89129089e-04
   3.44021387e+02   2.32488383e-04
   3.44021875e+02   4.21935489e-04
   3.44022363e+02   1.64569152e-04
   3.44022852e+02  -1.63132121e-04
   3.44023340e+02  -7.63576736e-06
   3.44023828e+02   8.42223890e-05
   3.44024317e+02   2.41210946e-04
   3.44024805e+02   8.53364239e-04
   3.44025293e+02   1.09308469e-03
   3.44025781e+02   6.54665928e-04
   3.44026270e+02   4.39802505e-04
   3.44026758e+02   2.93113437e-04
   3.44027246e+02  -2.89138610e-04
   3.44027735e+02  -3.63684230e-04
   3.44028223e+02   3.58840363e-04
   3.44028711e+02   5.58949076e-04
   3.44029200e+02   6.00449785e-05
   3.44029688e+02  -2.81245069e-04
   3.44030176e+02  -2.94818601e-04
   3.44030665e+02  -1.42837773e-04
   3.44031153e+02   1.80815056e-04
   3.44031641e+02   2.47670105e-04
   3.44032129e+02  -2.84249312e-04
   3.44032618e+02  -5.44084643e-04
   3.44033106e+02  -1.63509452e-04
   3.44033594e+02   2.80870969e-04
   3.44034083e+02   2.97678547e-04
   3.44034571e+02  -2.02820942e-04
   3.44035059e+02  -4.58625669e-04
   3.44035548e+02  -2.01250150e-04
   3.44036036e+02   8.81373926e-05
   3.44036524e+02   1.75853318e-04
   3.44037013e+02   1.74738612e-04
   3.44037501e+02   1.65761478e-04
   3.44037989e+02   3.42144631e-04
   3.44038477e+02   5.86428505e-04
   3.44038966e+02   3.65463900e-04
   3.44039454e+02   1.18849923e-04
   3.44039942e+02   1.60743672e-04
   3.44040431e+02  -1.43548707e-04
   3.44040919e+02  -4.12486115e-04
   3.44041407e+02  -2.27280048e-04
   3.44041896e+02   1.67010057e-05
   3.44042384e+02   5.96854443e-05
   3.44042872e+02   1.38983378e-04
   3.44043361e+02   2.60273140e-04
   3.44043849e+02   9.50456597e-05
   3.44044337e+02  -1.34741189e-04
   3.44044825e+02  -2.24177275e-04
   3.44045314e+02  -3.04419198e-04
   3.44045802e+02  -2.76679439e-05
   3.44046290e+02   2.57940206e-04
   3.44046779e+02   4.45663245e-05
   3.44047267e+02  -2.08797021e-04
   3.44047755e+02  -1.87384903e-05
   3.44048244e+02   3.61659884e-04
   3.44048732e+02   5.06666722e-04
   3.44049220e+02   4.14140726e-04
   3.44049709e+02   2.12801664e-04
   3.44050197e+02   1.70860163e-04
   3.44050685e+02   1.29629145e-04
   3.44051173e+02   1.27155276e-04
   3.44051662e+02   3.60379956e-04
   3.44052150e+02   2.26791657e-04
   3.44052638e+02  -1.77185721e-04
   3.44053127e+02  -6.69212968e-05
   3.44053615e+02   2.15433654e-04
   3.44054103e+02   2.43070259e-04
   3.44054592e+02   1.26589948e-04
   3.44055080e+02   1.48108171e-04
   3.44055568e+02   3.79920617e-04
   3.44056057e+02   3.81357502e-04
   3.44056545e+02   6.89290609e-05
   3.44057033e+02  -1.35418915e-04
   3.44057522e+02  -2.45339033e-04
   3.44058010e+02  -3.55321652e-04
   3.44058498e+02  -1.42889316e-04
   3.44058986e+02   4.47324768e-04
   3.44059475e+02   9.69434972e-04
   3.44059963e+02   1.00408902e-03
   3.44060451e+02   2.47735210e-04
   3.44060940e+02  -6.46510394e-04
   3.44061428e+02  -5.60421322e-04
   3.44061916e+02   6.24105742e-05
   3.44062405e+02   3.35282006e-04
   3.44062893e+02   2.55964114e-04
   3.44063381e+02   1.46350096e-04
   3.44063870e+02  -5.24368224e-05
   3.44064358e+02   2.64000482e-05
   3.44064846e+02   4.63998702e-04
   3.44065334e+02   5.80311171e-04
   3.44065823e+02   5.61720808e-04
   3.44066311e+02   6.43207401e-04
   3.44066799e+02   4.76695073e-04
   3.44067288e+02   2.77432118e-04
   3.44067776e+02   1.27418476e-04
   3.44068264e+02  -5.62651439e-05
   3.44068753e+02  -2.16154411e-04
   3.44069241e+02  -2.49848556e-04
   3.44069729e+02  -2.61720324e-05
   3.44070218e+02   3.71371934e-05
   3.44070706e+02  -2.87456205e-04
   3.44071194e+02  -3.58388847e-04
   3.44071682e+02  -4.11993591e-04
   3.44072171e+02  -7.85345503e-04
   3.44072659e+02  -6.34381140e-04
   3.44073147e+02  -8.92391108e-05
   3.44073636e+02   3.01725260e-04
   3.44074124e+02   1.24603874e-04
   3.44074612e+02   6.54658288e-06
   3.44075101e+02   5.50566874e-05
   3.44075589e+02   4.06385006e-05
   3.44076077e+02   2.34438430e-05
   3.44076566e+02  -2.12787651e-04
   3.44077054e+02  -5.14850079e-04
   3.44077542e+02  -2.80880486e-04
   3.44078030e+02  -6.15030076e-05
   3.44078519e+02  -5.39359869e-04
   3.44079007e+02  -7.95111875e-04
   3.44079495e+02  -2.21888666e-04
   3.44079984e+02   1.87426442e-04
   3.44080472e+02  -2.35786341e-04
   3.44080960e+02  -1.09425397e-03
   3.44081449e+02  -1.48957362e-03
   3.44081937e+02  -8.08353187e-04
   3.44082425e+02   4.97616202e-05
   3.44082914e+02   1.16680800e-04
   3.44083402e+02   1.13244341e-05
   3.44083890e+02   3.24362947e-04
   3.44084378e+02   7.02321180e-04
   3.44084867e+02   6.05905079e-04
   3.44085355e+02   1.00103454e-04
   3.44085843e+02  -2.30968126e-05
   3.44086332e+02   3.46239365e-04
   3.44086820e+02   5.67556650e-04
   3.44087308e+02   6.16166915e-04
   3.44087797e+02   3.63712810e-04
   3.44088285e+02   3.59954038e-06
   3.44088773e+02  -2.24514690e-04
   3.44089262e+02  -2.97665043e-04
   3.44089750e+02   4.10763860e-05
   3.44090238e+02   2.57939158e-04
   3.44090726e+02  -1.67884762e-04
   3.44091215e+02  -4.07953077e-04
   3.44091703e+02   2.86634051e-04
   3.44092191e+02   9.61657905e-04
   3.44092680e+02   8.73218058e-04
   3.44093168e+02   4.95734974e-04
   3.44093656e+02   1.69694904e-04
   3.44094145e+02  -1.68136830e-05
   3.44094633e+02  -2.02851952e-04
   3.44095121e+02  -3.37152305e-04
   3.44095610e+02  -2.01836054e-04
   3.44096098e+02  -3.17569153e-04
   3.44096586e+02  -5.92620519e-04
   3.44097075e+02  -3.65385175e-04
   3.44097563e+02   7.14492417e-05
   3.44098051e+02   2.66314513e-04
   3.44098539e+02   2.63080030e-04
   3.44099028e+02   2.07723424e-04
   3.44099516e+02   2.02760144e-04
   3.44100004e+02   2.68224307e-04
   3.44100493e+02   3.29711940e-04
   3.44100981e+02   1.68845509e-04
   3.44101469e+02  -2.34364357e-04
   3.44101958e+02  -4.52968234e-04
   3.44102446e+02  -1.74694520e-04
   3.44102934e+02  -3.93612208e-06
   3.44103423e+02  -2.47582269e-04
   3.44103911e+02  -2.08560814e-04
   3.44104399e+02   1.04452120e-04
   3.44104887e+02   1.06276515e-04
   3.44105376e+02   1.92675288e-04
   3.44105864e+02   4.76426503e-04
   3.44106352e+02   5.76950610e-04
   3.44106841e+02   4.96873225e-04
   3.44107329e+02   3.12260381e-04
   3.44107817e+02   1.73512773e-04
   3.44108306e+02   3.34116397e-04
   3.44108794e+02   4.90933424e-04
   3.44109282e+02   3.02170403e-04
   3.44109771e+02   8.86886264e-05
   3.44110259e+02   1.07915912e-04
   3.44110747e+02   2.68209551e-04
   3.44111235e+02   5.72319783e-04
   3.44111724e+02   5.32179780e-04
   3.44112212e+02   1.28597210e-04
   3.44112700e+02  -1.26547777e-04
   3.44113189e+02  -1.20416313e-04
   3.44113677e+02   1.71701286e-05
   3.44114165e+02   9.05629204e-05
   3.44114654e+02   1.96380977e-04
   3.44115142e+02   1.32403016e-04
   3.44115630e+02  -1.81972602e-04
   3.44116119e+02  -5.10422455e-04
   3.44116607e+02  -8.40833585e-04
   3.44117095e+02  -9.85585037e-04
   3.44117583e+02  -5.47643576e-04
   3.44118072e+02   8.12132057e-05
   3.44118560e+02   2.58414133e-04
   3.44119048e+02  -1.12586058e-04
   3.44119537e+02  -2.94128753e-04
   3.44120025e+02  -1.39564858e-04
   3.44120513e+02  -1.92972540e-04
   3.44121002e+02  -2.82623543e-04
   3.44121490e+02  -5.18133311e-05
   3.44121978e+02   5.31176593e-05
   3.44122467e+02  -1.28010652e-04
   3.44122955e+02  -1.48834282e-04
   3.44123443e+02  -1.71506865e-04
   3.44123931e+02  -2.97619699e-04
   3.44124420e+02  -3.41316481e-04
   3.44124908e+02  -1.55671951e-04
   3.44125396e+02   6.58247154e-05
   3.44125885e+02  -6.02251821e-05
   3.44126373e+02  -4.04971623e-04
   3.44126861e+02  -3.97017662e-04
   3.44127350e+02   1.31600318e-04
   3.44127838e+02   5.57991792e-04
   3.44128326e+02   4.61082876e-04
   3.44128815e+02   9.98163669e-05
   3.44129303e+02   8.70724616e-05
   3.44129791e+02   4.24543221e-04
   3.44130279e+02   3.72285111e-04
   3.44130768e+02  -6.62511084e-05
   3.44131256e+02  -3.32670868e-04
   3.44131744e+02  -9.34789205e-05
   3.44132233e+02   3.24670924e-04
   3.44132721e+02   5.36878360e-04
   3.44133209e+02   5.82136388e-04
   3.44133698e+02   4.09901841e-04
   3.44134186e+02   2.11607374e-04
   3.44134674e+02   6.55270633e-05
   3.44135163e+02  -6.64154868e-05
   3.44135651e+02   1.67382095e-04
   3.44136139e+02   5.90994430e-04
   3.44136628e+02   6.12379634e-04
   3.44137116e+02   4.98866488e-04
   3.44137604e+02   5.11609192e-04
   3.44138092e+02   3.38389218e-04
   3.44138581e+02   2.17016841e-05
   3.44139069e+02  -3.18622653e-04
   3.44139557e+02  -4.58099472e-04
   3.44140046e+02  -2.20121088e-04
   3.44140534e+02  -6.28152629e-05
   3.44141022e+02  -5.66162380e-05
   3.44141511e+02   3.25455563e-04
   3.44141999e+02   6.88500877e-04
   3.44142487e+02   3.34131328e-04
   3.44142976e+02  -1.76641461e-05
   3.44143464e+02  -5.58755164e-05
   3.44143952e+02   5.11959342e-06
   3.44144440e+02   3.32336029e-04
   3.44144929e+02   7.05596583e-04
   3.44145417e+02   7.16358481e-04
   3.44145905e+02   3.81578080e-04
   3.44146394e+02   1.97891393e-04
   3.44146882e+02   1.61748307e-04
   3.44147370e+02  -5.76873972e-05
   3.44147859e+02  -8.62001179e-05
   3.44148347e+02   7.78171307e-05
   3.44148835e+02  -3.71952265e-05
   3.44149324e+02  -3.42549232e-04
   3.44149812e+02  -2.31498736e-04
   3.44150300e+02   9.61862534e-05
   3.44150788e+02   2.14034575e-04
   3.44151277e+02   1.52946508e-04
   3.44151765e+02   2.38644279e-05
   3.44152253e+02  -2.35879888e-05
   3.44152742e+02   1.47084618e-04
   3.44153230e+02   4.72470740e-04
   3.44153718e+02   2.64134113e-04
   3.44154207e+02  -3.83333827e-04
   3.44154695e+02  -6.21949031e-04
   3.44155183e+02  -5.68653748e-04
   3.44155672e+02  -4.64374287e-04
   3.44156160e+02  -1.96287641e-04
   3.44156648e+02  -3.21180269e-04
   3.44157136e+02  -4.83560667e-04
   3.44157625e+02  -6.61805680e-05
   3.44158113e+02   1.60908661e-04
   3.44158601e+02  -2.23874995e-05
   3.44159090e+02  -4.92678446e-05
   3.44159578e+02  -9.57203520e-06
   3.44160066e+02  -2.47658085e-04
   3.44160555e+02  -2.77096144e-04
   3.44161043e+02   6.82927712e-05
   3.44161531e+02   2.21521768e-04
   3.44162020e+02   8.84947585e-05
   3.44162508e+02   2.23038864e-04
   3.44162996e+02   5.98066486e-04
   3.44163484e+02   5.85331582e-04
   3.44163973e+02   3.34932527e-04
   3.44164461e+02   3.15480778e-04
   3.44164949e+02   4.06727486e-04
   3.44165438e+02   4.33005713e-04
   3.44165926e+02   2.52552709e-04
   3.44166414e+02  -5.66067974e-05
   3.44166903e+02  -1.29743537e-04
   3.44167391e+02  -2.73679098e-06
   3.44167879e+02  -7.96579188e-05
   3.44168368e+02  -9.09835144e-05
   3.44168856e+02   2.02132986e-04
   3.44169344e+02   3.18094855e-04
   3.44169832e+02   2.72427074e-04
   3.44170321e+02   4.08955326e-04
   3.44170809e+02   3.80034908e-04
   3.44171297e+02  -1.58159630e-04
   3.44171786e+02  -5.79387473e-04
   3.44172274e+02  -1.44366117e-04
   3.44172762e+02   7.33570952e-04
   3.44173251e+02   9.36540309e-04
   3.44173739e+02   6.38980011e-04
   3.44174227e+02   2.95484904e-04
   3.44174716e+02  -1.88318110e-04
   3.44175204e+02  -4.51884553e-04
   3.44175692e+02  -2.62673624e-04
   3.44176181e+02   1.38600721e-04
   3.44176669e+02   2.45797477e-04
   3.44177157e+02   2.33992498e-04
   3.44177645e+02   5.16485539e-04
   3.44178134e+02   5.99668419e-04
   3.44178622e+02   1.27702282e-04
   3.44179110e+02  -3.47278343e-04
   3.44179599e+02  -2.47168500e-04
   3.44180087e+02   1.68416213e-04
   3.44180575e+02   4.58734081e-04
   3.44181064e+02   4.90509672e-04
   3.44181552e+02   2.94484431e-04
   3.44182040e+02   2.74340418e-04
   3.44182529e+02   1.87040292e-04
   3.44183017e+02  -1.24533195e-04
   3.44183505e+02   4.97461187e-05
   3.44183993e+02   4.26158309e-04
   3.44184482e+02   6.04984176e-04
   3.44184970e+02   5.47411677e-04
   3.44185458e+02   1.11628222e-04
   3.44185947e+02  -1.12763591e-04
   3.44186435e+02  -8.12421713e-05
   3.44186923e+02  -5.20246795e-05
   3.44187412e+02   1.40468110e-04
   3.44187900e+02   5.40297886e-04
   3.44188388e+02   8.65299720e-04
   3.44188877e+02   8.79872532e-04
   3.44189365e+02   5.57810068e-04
   3.44189853e+02  -3.52162442e-06
   3.44190341e+02  -2.98403320e-04
   3.44190830e+02  -1.14123963e-04
   3.44191318e+02   4.93725202e-05
   3.44191806e+02   2.42180613e-05
   3.44192295e+02  -2.67885443e-05
   3.44192783e+02   1.05963889e-04
   3.44193271e+02   1.95412489e-04
   3.44193760e+02   1.70120024e-04
   3.44194248e+02   3.73908872e-04
   3.44194736e+02   3.56834207e-04
   3.44195225e+02  -1.86297271e-04
   3.44195713e+02  -5.28810488e-04
   3.44196201e+02  -2.77378072e-04
   3.44196689e+02   1.63474731e-04
   3.44197178e+02   5.47951844e-04
   3.44197666e+02   8.55780439e-04
   3.44198154e+02   7.67257647e-04
   3.44198643e+02   3.42483923e-04
   3.44199131e+02   1.56928436e-04
   3.44199619e+02   2.38491979e-04
   3.44200108e+02   2.08984711e-04
   3.44200596e+02   6.98726653e-05
   3.44201084e+02  -1.09322769e-04
   3.44201573e+02  -3.14616744e-04
   3.44202061e+02  -3.95468145e-04
   3.44202549e+02  -2.72661360e-04
   3.44203037e+02  -4.68731625e-04
   3.44203526e+02  -7.43853685e-04
   3.44204014e+02  -1.66899248e-04
   3.44204502e+02   4.57751157e-04
   3.44204991e+02   2.25221505e-04
   3.44205479e+02  -1.93618194e-04
   3.44205967e+02  -2.85057147e-04
   3.44206456e+02  -1.43667348e-04
   3.44206944e+02  -1.95048764e-04
   3.44207432e+02  -3.47665395e-04
   3.44207921e+02  -4.53846966e-04
   3.44208409e+02  -6.56770542e-04
   3.44208897e+02  -5.98037092e-04
   3.44209385e+02  -8.79299841e-05
   3.44209874e+02   3.04916030e-05
   3.44210362e+02  -4.22181300e-04
   3.44210850e+02  -5.16215921e-04
   3.44211339e+02  -5.61068009e-04
   3.44211827e+02  -6.76891941e-04
   3.44212315e+02  -3.08627699e-04
   3.44212804e+02   7.93920408e-05
   3.44213292e+02   1.15425115e-04
   3.44213780e+02   7.97158791e-05
   3.44214269e+02  -3.32715754e-05
   3.44214757e+02  -2.56355183e-04
   3.44215245e+02  -2.24057672e-04
   3.44215734e+02   1.95054250e-04
   3.44216222e+02   5.05874224e-04
   3.44216710e+02   3.94852716e-04
   3.44217198e+02   9.51568727e-05
   3.44217687e+02  -2.51292164e-04
   3.44218175e+02  -3.87421926e-04
   3.44218663e+02  -1.19221790e-04
   3.44219152e+02   9.79888282e-05
   3.44219640e+02   2.66282277e-05
   3.44220128e+02  -5.63281465e-05
   3.44220617e+02  -1.70834610e-04
   3.44221105e+02  -3.12958182e-05
   3.44221593e+02   2.79380794e-04
   3.44222082e+02   1.51443324e-04
   3.44222570e+02  -1.27375752e-04
   3.44223058e+02  -2.84828187e-04
   3.44223546e+02  -4.10105538e-04
   3.44224035e+02  -4.71436128e-04
   3.44224523e+02  -3.53408366e-04
   3.44225011e+02  -2.37839224e-04
   3.44225500e+02  -7.10701352e-05
   3.44225988e+02   9.25835629e-05
   3.44226476e+02  -4.40673502e-05
   3.44226965e+02  -2.55840510e-04
   3.44227453e+02  -2.52953032e-04
   3.44227941e+02  -2.92789075e-04
   3.44228430e+02  -3.72521288e-04
   3.44228918e+02  -2.88693380e-04
   3.44229406e+02  -3.10013202e-05
   3.44229894e+02   5.79564185e-05
   3.44230383e+02   1.17802032e-04
   3.44230871e+02   2.91727018e-04
   3.44231359e+02  -7.38447634e-05
   3.44231848e+02  -3.67310975e-04
   3.44232336e+02  -2.04525677e-05
   3.44232824e+02   2.41500733e-04
   3.44233313e+02  -1.84369455e-05
   3.44233801e+02  -5.27045166e-04
   3.44234289e+02  -6.32125884e-04
   3.44234778e+02  -3.13728728e-04
   3.44235266e+02  -5.28719575e-05
   3.44235754e+02   1.28840165e-05
   3.44236242e+02   6.98885488e-05
   3.44236731e+02  -3.72455224e-06
   3.44237219e+02  -1.24970567e-04
   3.44237707e+02   1.84775199e-04
   3.44238196e+02   3.75890872e-04
   3.44238684e+02  -1.96158999e-05
   3.44239172e+02  -1.31550594e-04
   3.44239661e+02   9.71517002e-05
   3.44240149e+02  -3.99654600e-05
   3.44240637e+02  -1.95501882e-04
   3.44241126e+02   8.99145380e-05
   3.44241614e+02   5.39878965e-04
   3.44242102e+02   6.78876590e-04
   3.44242590e+02   2.96153972e-04
   3.44243079e+02  -2.55835272e-04
   3.44243567e+02  -5.97981911e-04
   3.44244055e+02  -4.90677427e-04
   3.44244544e+02  -8.18843328e-05
   3.44245032e+02   8.92649987e-05
   3.44245520e+02   7.50324762e-05
   3.44246009e+02  -1.10511493e-04
   3.44246497e+02  -2.90089054e-04
   3.44246985e+02  -1.71218868e-04
   3.44247474e+02   8.63870591e-05
   3.44247962e+02   2.79036671e-04
   3.44248450e+02   1.70797663e-04
   3.44248938e+02   1.39669399e-04
   3.44249427e+02   7.56500740e-05
   3.44249915e+02  -2.15642649e-04
   3.44250403e+02  -4.55006812e-04
   3.44250892e+02  -3.22143955e-04
   3.44251380e+02   1.41153660e-05
   3.44251868e+02  -5.73485850e-05
   3.44252357e+02  -2.99572333e-04
   3.44252845e+02  -3.10240546e-04
   3.44253333e+02  -3.49552029e-05
   3.44253822e+02   4.55991860e-04
   3.44254310e+02   5.04562166e-04
   3.44254798e+02   2.12149913e-04
   3.44255286e+02   3.11041716e-04
   3.44255775e+02   1.97967776e-04
   3.44256263e+02  -2.89954158e-04
   3.44256751e+02  -3.54750024e-04
   3.44257240e+02   4.22612829e-05
   3.44257728e+02   4.17563278e-04
   3.44258216e+02   3.67145782e-04
   3.44258705e+02   2.89153279e-04
   3.44259193e+02   3.92138929e-04
   3.44259681e+02   1.16391944e-04
   3.44260170e+02  -1.39514712e-04
   3.44260658e+02  -3.06901406e-04
   3.44261146e+02  -4.22290788e-04
   3.44261635e+02  -1.79231443e-04
   3.44262123e+02  -1.35195141e-05
   3.44262611e+02  -8.43746602e-05
   3.44263099e+02   1.26107785e-04
   3.44263588e+02   4.86939010e-04
   3.44264076e+02   5.85827103e-04
   3.44264564e+02   4.24396392e-04
   3.44265053e+02   2.68560194e-04
   3.44265541e+02   3.04404530e-04
   3.44266029e+02   2.04188007e-04
   3.44266518e+02  -1.59755116e-04
   3.44267006e+02  -2.78230931e-04
   3.44267494e+02  -1.84976685e-04
   3.44267983e+02  -1.73603185e-04
   3.44268471e+02   5.33804159e-05
   3.44268959e+02   2.77827698e-04
   3.44269447e+02   2.09459860e-04
   3.44269936e+02   1.27677602e-04
   3.44270424e+02   1.79738461e-04
   3.44270912e+02   2.66073272e-04
   3.44271401e+02   2.74549500e-04
   3.44271889e+02   1.26823143e-04
   3.44272377e+02  -8.80986079e-07
   3.44272866e+02   1.96573194e-04
   3.44273354e+02   3.99888930e-04
   3.44273842e+02   3.75987234e-04
   3.44274331e+02   1.04088620e-04
   3.44274819e+02  -2.45818548e-04
   3.44275307e+02  -4.13950009e-04
   3.44275795e+02  -3.03741661e-04
   3.44276284e+02   3.71266178e-05
   3.44276772e+02   3.61743354e-04
   3.44277260e+02   7.46982405e-04
   3.44277749e+02   9.18221776e-04
   3.44278237e+02   6.06164278e-04
   3.44278725e+02   7.18448428e-05
   3.44279214e+02  -2.18572837e-04
   3.44279702e+02  -2.49440462e-04
   3.44280190e+02  -1.52435066e-04
   3.44280679e+02   2.00532508e-04
   3.44281167e+02   5.43709612e-04
   3.44281655e+02   3.32449767e-04
   3.44282143e+02   7.24587926e-06
   3.44282632e+02  -2.02739301e-07
   3.44283120e+02  -2.59621331e-04
   3.44283608e+02  -5.46028954e-04
   3.44284097e+02  -2.92013778e-04
   3.44284585e+02   8.17512118e-05
   3.44285073e+02   6.32576630e-05
   3.44285562e+02  -1.72301370e-04
   3.44286050e+02  -1.25961044e-04
   3.44286538e+02   1.00834302e-04
   3.44287027e+02  -5.71545661e-06
   3.44287515e+02  -2.94297352e-04
   3.44288003e+02  -2.92389159e-04
   3.44288491e+02  -3.53378418e-04
   3.44288980e+02  -4.40782896e-04
   3.44289468e+02  -1.52825218e-04
   3.44289956e+02   2.73064623e-04
   3.44290445e+02   5.37595770e-04
   3.44290933e+02   4.71944630e-04
   3.44291421e+02   1.80537885e-04
   3.44291910e+02   1.22620331e-04
   3.44292398e+02   2.81673681e-04
   3.44292886e+02   1.77920272e-04
   3.44293375e+02  -1.60278374e-04
   3.44293863e+02  -2.09406935e-04
   3.44294351e+02   9.86626983e-05
   3.44294839e+02   3.50968941e-04
   3.44295328e+02   3.97089490e-04
   3.44295816e+02   3.58075544e-04
   3.44296304e+02   5.44348368e-05
   3.44296793e+02  -3.83635954e-04
   3.44297281e+02  -3.23986664e-04
   3.44297769e+02   8.29781347e-05
   3.44298258e+02   1.30660919e-04
   3.44298746e+02  -2.69611075e-04
   3.44299234e+02  -5.08147758e-04
   3.44299723e+02  -1.10929621e-04
   3.44300211e+02   2.79653614e-04
   3.44300699e+02   2.16286411e-04
   3.44301188e+02  -1.05785592e-04
   3.44301676e+02  -3.38657090e-04
   3.44302164e+02  -2.66634772e-04
   3.44302652e+02   1.76539379e-05
   3.44303141e+02   1.81592244e-04
   3.44303629e+02   1.97836023e-04
   3.44304117e+02   3.24630964e-04
   3.44304606e+02   3.55398457e-04
   3.44305094e+02   1.21528341e-04
   3.44305582e+02  -2.06450379e-04
   3.44306071e+02  -4.55516449e-04
   3.44306559e+02  -4.98587382e-04
   3.44307047e+02  -4.23762627e-04
   3.44307536e+02  -2.05373217e-04
   3.44308024e+02  -3.93095106e-05
   3.44308512e+02  -1.04817096e-04
   3.44309000e+02   4.66633355e-05
   3.44309489e+02   2.11270471e-05
   3.44309977e+02  -7.02212765e-06
   3.44310465e+02  -1.97649002e-04
   3.44310954e+02  -3.39627877e-04
   3.44311442e+02  -2.90288706e-04
   3.44311930e+02  -1.98391426e-04
   3.44312419e+02   3.68881098e-04
   3.44312907e+02   7.41652038e-04
   3.44313395e+02   4.17534233e-04
   3.44313884e+02   1.96992594e-04
   3.44314372e+02   1.91636682e-05
   3.44314860e+02  -1.64086669e-04
   3.44315348e+02  -2.16249522e-04
   3.44315837e+02  -3.62082792e-04
   3.44316325e+02  -3.14814242e-04
   3.44316813e+02  -4.97496621e-05
   3.44317302e+02   1.55286732e-04
   3.44317790e+02   5.87351642e-05
   3.44318278e+02  -1.09731394e-04
   3.44318767e+02  -1.19354445e-04
   3.44319255e+02  -2.31665836e-04
   3.44319743e+02  -3.98174365e-04
   3.44320232e+02  -1.55310219e-04
   3.44320720e+02   1.91284504e-04
   3.44321208e+02  -2.94798665e-05
   3.44321696e+02  -1.80670337e-04
   3.44322185e+02   1.62548240e-04
   3.44322673e+02   2.33316227e-04
   3.44323161e+02   4.69480910e-05
   3.44323650e+02   2.82177061e-05
   3.44324138e+02  -1.55653135e-04
   3.44324626e+02  -5.61842462e-04
   3.44325115e+02  -5.90224518e-04
   3.44325603e+02  -2.20104135e-04
   3.44326091e+02  -5.03960255e-05
   3.44326580e+02  -2.64038797e-04
   3.44327068e+02  -4.04116785e-04
   3.44327556e+02  -4.36911796e-04
   3.44328044e+02  -4.08545224e-04
   3.44328533e+02  -2.52353988e-04
   3.44329021e+02  -1.52109724e-05
   3.44329509e+02   2.85872869e-04
   3.44329998e+02   3.75904638e-04
   3.44330486e+02   3.61309940e-04
   3.44330974e+02   2.61487352e-04
   3.44331463e+02  -9.15225100e-05
   3.44331951e+02  -3.18756123e-04
   3.44332439e+02  -1.52590044e-04
   3.44332928e+02   1.24301136e-04
   3.44333416e+02   4.74194181e-04
   3.44333904e+02   4.78712522e-04
   3.44334392e+02   2.57492182e-04
   3.44334881e+02   2.88740557e-04
   3.44335369e+02   2.29014535e-04
   3.44335857e+02   8.53025122e-05
   3.44336346e+02  -2.21626306e-05
   3.44336834e+02  -3.16364545e-04
   3.44337322e+02  -5.15942404e-04
   3.44337811e+02  -2.68204865e-04
   3.44338299e+02  -7.44154095e-05
   3.44338787e+02  -2.38139342e-04
   3.44339276e+02  -2.28243749e-04
   3.44339764e+02   8.04881493e-05
   3.44340252e+02   1.84545570e-04
   3.44340741e+02  -2.40617692e-06
   3.44341229e+02  -2.10220780e-04
   3.44341717e+02  -2.25145282e-04
   3.44342205e+02  -3.50417067e-05
   3.44342694e+02  -1.32588539e-04
   3.44343182e+02  -6.10787305e-04
   3.44343670e+02  -9.69912740e-04
   3.44344159e+02  -7.88256526e-04
   3.44344647e+02  -9.55553405e-05
   3.44345135e+02   5.39215049e-04
   3.44345624e+02   9.47018096e-04
   3.44346112e+02   9.82543686e-04
   3.44346600e+02   6.31194562e-04
   3.44347089e+02   2.63179594e-04
   3.44347577e+02   9.54861898e-05
   3.44348065e+02   9.49667708e-07
   3.44348553e+02  -2.54506944e-04
   3.44349042e+02  -4.94148233e-04
   3.44349530e+02  -2.95515900e-04
   3.44350018e+02   3.95298266e-04
   3.44350507e+02   7.87696452e-04
   3.44350995e+02   6.79158082e-04
   3.44351483e+02   4.85788303e-04
   3.44351972e+02   2.89215986e-05
   3.44352460e+02  -3.16604914e-04
   3.44352948e+02  -3.26008594e-04
   3.44353437e+02  -4.11938905e-04
   3.44353925e+02  -5.35178930e-04
   3.44354413e+02  -4.81094525e-04
   3.44354901e+02  -2.08024619e-04
   3.44355390e+02   3.79116624e-04
   3.44355878e+02   8.10415135e-04
   3.44356366e+02   6.63943239e-04
   3.44356855e+02   1.41926197e-04
   3.44357343e+02  -2.36179825e-04
   3.44357831e+02  -1.12206209e-04
   3.44358320e+02   2.51329649e-04
   3.44358808e+02   2.02989992e-04
   3.44359296e+02   4.72030333e-05
   3.44359785e+02   2.41605943e-04
   3.44360273e+02   3.22464039e-04
   3.44360761e+02   2.81877001e-04
   3.44361249e+02   3.22887616e-04
   3.44361738e+02   2.14438580e-04
   3.44362226e+02   1.71458509e-04
   3.44362714e+02   2.33697021e-04
   3.44363203e+02   2.22406801e-04
   3.44363691e+02  -5.20076574e-05
   3.44364179e+02  -2.97798979e-04
   3.44364668e+02  -1.47775063e-04
   3.44365156e+02   9.95230876e-05
   3.44365644e+02   1.86651392e-04
   3.44366133e+02  -5.46370347e-06
   3.44366621e+02  -3.08416609e-04
   3.44367109e+02  -2.32895429e-04
   3.44367597e+02   1.19497308e-04
   3.44368086e+02   4.26350336e-04
   3.44368574e+02   5.73421887e-04
   3.44369062e+02   5.39331231e-04
   3.44369551e+02   4.59188333e-04
   3.44370039e+02   3.04757268e-05
   3.44370527e+02  -4.04095830e-04
   3.44371016e+02  -2.72501959e-04
   3.44371504e+02  -8.38356864e-05
   3.44371992e+02  -1.09686502e-04
   3.44372481e+02  -2.07433128e-04
   3.44372969e+02  -4.07431187e-04
   3.44373457e+02  -5.26675140e-04
   3.44373945e+02  -4.72179236e-04
   3.44374434e+02  -2.68891657e-04
   3.44374922e+02   1.71694235e-04
   3.44375410e+02   4.26781189e-04
   3.44375899e+02   2.70964461e-04
   3.44376387e+02  -8.86896378e-05
   3.44376875e+02  -5.58961474e-04
   3.44377364e+02  -6.39455568e-04
   3.44377852e+02  -3.80777550e-04
   3.44378340e+02  -8.34661259e-05
   3.44378829e+02   5.07984187e-05
   3.44379317e+02  -1.47861851e-04
   3.44379805e+02  -7.00154123e-05
   3.44380294e+02   4.25798004e-04
   3.44380782e+02   5.54253988e-04
   3.44381270e+02   2.95565347e-04
   3.44381758e+02   4.16366784e-05
   3.44382247e+02  -2.60023458e-04
   3.44382735e+02  -4.07242391e-04
   3.44383223e+02  -6.23830711e-05
   3.44383712e+02   4.41255484e-04
   3.44384200e+02   5.08632162e-04
   3.44384688e+02   1.59383242e-04
   3.44385177e+02   1.36990848e-05
   3.44385665e+02  -3.46959387e-05
   3.44386153e+02   8.81121159e-05
   3.44386642e+02   1.79821742e-04
   3.44387130e+02  -1.04844432e-04
   3.44387618e+02  -3.67205175e-05
   3.44388106e+02   3.50290851e-04
   3.44388595e+02   1.24632817e-04
   3.44389083e+02  -4.27748426e-04
   3.44389571e+02  -9.14812263e-04
   3.44390060e+02  -1.00971444e-03
   3.44390548e+02  -4.41165001e-04
   3.44391036e+02   2.33069877e-05
   3.44391525e+02   9.15192722e-05
   3.44392013e+02   2.10477927e-04
   3.44392501e+02   3.82347644e-04
   3.44392990e+02   2.48745491e-04
   3.44393478e+02  -4.62417156e-05
   3.44393966e+02  -2.25116542e-04
   3.44394454e+02  -3.64126754e-04
   3.44394943e+02  -3.50773218e-04
   3.44395431e+02  -6.83340040e-05
   3.44395919e+02   2.23004336e-05
   3.44396408e+02  -1.06946507e-04
   3.44396896e+02   1.31168490e-05
   3.44397384e+02   3.37715552e-04
   3.44397873e+02   4.86699166e-04
   3.44398361e+02   2.90899712e-04
   3.44398849e+02  -1.42920180e-05
   3.44399338e+02  -1.49425769e-05
   3.44399826e+02  -3.79579251e-05
   3.44400314e+02  -3.84588755e-04
   3.44400802e+02  -5.26248477e-04
   3.44401291e+02  -6.08425587e-04
   3.44401779e+02  -8.61779787e-04
   3.44402267e+02  -5.74055361e-04
   3.44402756e+02  -1.62423712e-05
   3.44403244e+02  -4.52587155e-05
   3.44403732e+02  -4.24566097e-04
   3.44404221e+02  -6.67259214e-04
   3.44404709e+02  -6.94864662e-04
   3.44405197e+02  -5.08246419e-04
   3.44405686e+02  -2.60719156e-04
   3.44406174e+02   9.31719551e-05
   3.44406662e+02   4.71091742e-04
   3.44407150e+02   3.00620188e-04
   3.44407639e+02  -1.73378241e-04
   3.44408127e+02  -1.78388203e-04
   3.44408615e+02   5.70378943e-05
   3.44409104e+02   4.02146572e-04
   3.44409592e+02   7.82359100e-04
   3.44410080e+02   8.32841673e-04
   3.44410569e+02   3.61810176e-04
   3.44411057e+02  -1.46131279e-04
   3.44411545e+02  -1.06598134e-04
   3.44412034e+02   1.33102367e-04
   3.44412522e+02   2.88311094e-05
   3.44413010e+02  -2.98719660e-05
   3.44413498e+02  -1.44969104e-04
   3.44413987e+02  -5.77468658e-04
   3.44414475e+02  -7.28348678e-04
   3.44414963e+02  -3.56330740e-04
   3.44415452e+02  -2.27354991e-04
   3.44415940e+02  -2.67547905e-04
   3.44416428e+02   1.87158716e-04
   3.44416917e+02   4.45944286e-04
   3.44417405e+02   2.06301600e-04
   3.44417893e+02   2.73413461e-04
   3.44418382e+02   5.81923523e-04
   3.44418870e+02   6.54518139e-04
   3.44419358e+02   3.64515057e-04
   3.44419847e+02  -1.35065202e-04
   3.44420335e+02  -3.90711240e-04
   3.44420823e+02   4.48642095e-06
   3.44421311e+02   4.73676570e-04
   3.44421800e+02   3.55425058e-04
   3.44422288e+02  -1.00627449e-05
   3.44422776e+02  -2.08343772e-04
   3.44423265e+02  -2.28427962e-04
   3.44423753e+02  -1.64457888e-04
   3.44424241e+02   1.78168284e-06
   3.44424730e+02   1.59083196e-04
   3.44425218e+02   7.99391491e-05
   3.44425706e+02  -8.27761978e-05
   3.44426195e+02  -2.71259865e-04
   3.44426683e+02  -3.06095695e-04
   3.44427171e+02  -1.95929606e-04
   3.44427659e+02  -1.80553892e-04
   3.44428148e+02  -2.98652041e-04
   3.44428636e+02  -4.22727811e-04
   3.44429124e+02  -2.54049635e-04
   3.44429613e+02  -1.05203879e-04
   3.44430101e+02  -2.28257686e-05
   3.44430589e+02   2.96294398e-04
   3.44431078e+02   5.53504273e-04
   3.44431566e+02   4.58133785e-04
   3.44432054e+02   2.34851759e-04
   3.44432543e+02   9.74739451e-05
   3.44433031e+02  -4.52686036e-05
   3.44433519e+02  -3.14178847e-04
   3.44434007e+02  -4.79698298e-04
   3.44434496e+02  -3.44099797e-04
   3.44434984e+02  -1.56876078e-04
   3.44435472e+02  -1.20565644e-04
   3.44435961e+02  -5.13904997e-05
   3.44436449e+02   5.62496753e-05
   3.44436937e+02  -9.70694327e-06
   3.44437426e+02  -1.51448505e-04
   3.44437914e+02  -1.04491046e-04
   3.44438402e+02   2.06567769e-04
   3.44438891e+02   3.46170593e-04
   3.44439379e+02   2.98264873e-04
   3.44439867e+02   2.76277395e-04
   3.44440355e+02   1.98178182e-04
   3.44440844e+02  -1.33508060e-04
   3.44441332e+02  -4.88038990e-04
   3.44441820e+02  -4.09570581e-04
   3.44442309e+02   6.93668335e-05
   3.44442797e+02   5.49807562e-04
   3.44443285e+02   5.96335507e-04
   3.44443774e+02   5.10748534e-04
   3.44444262e+02   4.45300771e-04
   3.44444750e+02   3.58258578e-04
   3.44445239e+02   1.89951956e-04
   3.44445727e+02   1.22239318e-04
   3.44446215e+02   3.68208217e-04
   3.44446703e+02   4.05311643e-04
   3.44447192e+02   1.27877604e-04
   3.44447680e+02  -1.91017607e-04
   3.44448168e+02  -1.10872097e-04
   3.44448657e+02   3.09074298e-04
   3.44449145e+02   3.12507269e-04
   3.44449633e+02   5.38340864e-05
   3.44450122e+02   6.56408956e-05
   3.44450610e+02   1.20432145e-04
   3.44451098e+02   6.97805299e-05
   3.44451587e+02  -2.37443783e-05
   3.44452075e+02  -1.62264187e-04
   3.44452563e+02  -1.31453970e-04
   3.44453051e+02   4.33615824e-05
   3.44453540e+02   9.95286609e-05
   3.44454028e+02   7.47566810e-05
   3.44454516e+02   3.17661004e-04
   3.44455005e+02   5.21414680e-04
   3.44455493e+02   2.59459106e-04
   3.44455981e+02   9.24165361e-05
   3.44456470e+02   1.35275885e-04
   3.44456958e+02   4.67950922e-05
   3.44457446e+02   3.48585381e-05
   3.44457935e+02   7.25530190e-05
   3.44458423e+02  -2.52186965e-05
   3.44458911e+02  -1.75016889e-04
   3.44459400e+02  -6.07198708e-05
   3.44459888e+02   1.52509994e-04
   3.44460376e+02   1.88337217e-05
   3.44460864e+02  -8.81199303e-05
   3.44461353e+02  -9.73352653e-05
   3.44461841e+02  -4.31671826e-04
   3.44462329e+02  -6.54686068e-04
   3.44462818e+02  -5.60579239e-04
   3.44463306e+02  -5.05495409e-04
   3.44463794e+02  -3.70712602e-04
   3.44464283e+02  -4.78538022e-05
   3.44464771e+02   1.90718838e-05
   3.44465259e+02  -1.86591948e-04
   3.44465748e+02   2.26235370e-05
   3.44466236e+02   6.09246839e-04
   3.44466724e+02   8.84271401e-04
   3.44467212e+02   5.83494257e-04
   3.44467701e+02   1.17317941e-04
   3.44468189e+02  -1.10575245e-04
   3.44468677e+02  -7.96161021e-06
   3.44469166e+02   3.44491651e-04
   3.44469654e+02   5.31816448e-04
   3.44470142e+02   2.95619713e-04
   3.44470631e+02   1.55496509e-05
   3.44471119e+02   1.45567305e-04
   3.44471607e+02   2.84396345e-04
   3.44472096e+02   6.43980457e-05
   3.44472584e+02  -6.58569552e-05
   3.44473072e+02  -1.47257479e-05
   3.44473560e+02  -2.03152769e-04
   3.44474049e+02  -3.84155050e-04
   3.44474537e+02  -3.39081598e-04
   3.44475025e+02  -1.20900608e-04
   3.44475514e+02   3.05729744e-04
   3.44476002e+02   4.46037855e-04
   3.44476490e+02  -5.48922026e-06
   3.44476979e+02  -4.36998234e-04
   3.44477467e+02  -3.01174616e-04
   3.44477955e+02  -3.10987292e-04
   3.44478444e+02  -5.82443608e-04
   3.44478932e+02  -3.40442260e-04
   3.44479420e+02  -3.07198134e-05
   3.44479908e+02  -9.88622105e-06
   3.44480397e+02  -3.91938738e-05
   3.44480885e+02  -1.91270199e-04
   3.44481373e+02  -6.04144043e-05
   3.44481862e+02   1.35527283e-04
   3.44482350e+02   4.50814150e-05
   3.44482838e+02   1.12284004e-04
   3.44483327e+02  -9.65874278e-05
   3.44483815e+02  -5.75383194e-04
   3.44484303e+02   4.83390113e-06
   3.44484792e+02   5.82060602e-04
   3.44485280e+02   3.38769285e-04
   3.44485768e+02  -2.44263152e-04
   3.44486256e+02  -4.05918283e-04
   3.44486745e+02   2.66702355e-05
   3.44487233e+02   3.03632638e-04
   3.44487721e+02   1.02139828e-04
   3.44488210e+02  -1.72475935e-04
   3.44488698e+02  -2.76595179e-04
   3.44489186e+02  -1.93653512e-04
   3.44489675e+02  -9.39391030e-05
   3.44490163e+02  -1.44902457e-04
   3.44490651e+02  -8.24184026e-05
   3.44491140e+02   2.61338369e-04
   3.44491628e+02   3.05394788e-04
   3.44492116e+02  -8.86529961e-05
   3.44492604e+02  -1.44453108e-04
   3.44493093e+02  -2.03812870e-05
   3.44493581e+02  -2.52836326e-04
   3.44494069e+02  -6.34006399e-04
   3.44494558e+02  -8.68754461e-04
   3.44495046e+02  -5.34165534e-04
   3.44495534e+02   7.44241843e-05
   3.44496023e+02  -8.14149098e-05
   3.44496511e+02  -4.11939458e-04
   3.44496999e+02   4.64266523e-05
   3.44497488e+02   4.76258952e-04
   3.44497976e+02   1.88118080e-04
   3.44498464e+02  -3.01078166e-04
   3.44498953e+02  -5.50220371e-04
   3.44499441e+02  -5.69806085e-04
   3.44499929e+02  -2.90795462e-04
   3.44500417e+02   3.48004687e-04
   3.44500906e+02   6.98887976e-04
   3.44501394e+02   4.10148030e-04
   3.44501882e+02   9.99156327e-05
   3.44502371e+02  -6.93484981e-05
   3.44502859e+02  -9.55034193e-05
   3.44503347e+02   1.13654241e-05
   3.44503836e+02   1.03995208e-05
   3.44504324e+02   3.06388465e-05
   3.44504812e+02  -2.56211461e-05
   3.44505301e+02  -3.16703779e-04
   3.44505789e+02  -4.53808781e-04
   3.44506277e+02  -6.01308886e-04
   3.44506765e+02  -8.52767844e-04
   3.44507254e+02  -6.38808473e-04
   3.44507742e+02  -1.31234498e-04
   3.44508230e+02  -1.10164161e-04
   3.44508719e+02  -4.46163787e-04
   3.44509207e+02  -2.43455099e-04
   3.44509695e+02   4.19164659e-04
   3.44510184e+02   6.92648871e-04
   3.44510672e+02   4.87014011e-04
   3.44511160e+02   3.36606696e-04
   3.44511649e+02   5.79066633e-04
   3.44512137e+02   8.32259015e-04
   3.44512625e+02   6.36874989e-04
   3.44513113e+02   1.38907897e-04
   3.44513602e+02  -3.39906168e-04
   3.44514090e+02  -6.35433011e-04
   3.44514578e+02  -5.95604710e-04
   3.44515067e+02  -2.63720518e-04
   3.44515555e+02   1.92907159e-04
   3.44516043e+02   2.91583274e-04
   3.44516532e+02  -4.45685946e-05
   3.44517020e+02  -1.57689821e-04
   3.44517508e+02   5.88891126e-05
   3.44517997e+02   1.73428984e-04
   3.44518485e+02   2.46986710e-05
   3.44518973e+02  -1.74601169e-04
   3.44519461e+02   4.00198360e-06
   3.44519950e+02   2.36124542e-04
   3.44520438e+02   2.97912542e-04
   3.44520926e+02   4.68935235e-04
   3.44521415e+02   8.11336387e-04
   3.44521903e+02   1.02276192e-03
   3.44522391e+02   6.96201285e-04
   3.44522880e+02   3.18855979e-04
   3.44523368e+02   3.35141405e-04
   3.44523856e+02   3.59322206e-04
   3.44524345e+02   8.76960476e-05
   3.44524833e+02  -4.06659674e-05
   3.44525321e+02   2.23401992e-04
   3.44525809e+02   2.50494748e-04
   3.44526298e+02   1.11955174e-04
   3.44526786e+02   3.52005620e-04
   3.44527274e+02   3.39936640e-04
   3.44527763e+02  -5.18615307e-05
   3.44528251e+02  -2.70907534e-04
   3.44528739e+02  -6.43835904e-07
   3.44529228e+02   4.74112749e-04
   3.44529716e+02   4.54758323e-04
   3.44530204e+02   3.60105565e-04
   3.44530693e+02   3.59325320e-04
   3.44531181e+02   1.49724350e-04
   3.44531669e+02  -4.31171880e-04
   3.44532157e+02  -8.11855716e-04
   3.44532646e+02  -5.57938940e-04
   3.44533134e+02  -2.91232747e-04
   3.44533622e+02  -2.26708697e-04
   3.44534111e+02  -8.78247884e-05
   3.44534599e+02   9.71206391e-05
   3.44535087e+02   1.64929617e-04
   3.44535576e+02  -7.30637748e-06
   3.44536064e+02  -1.85952507e-04
   3.44536552e+02  -1.20421064e-04
   3.44537041e+02   6.42637169e-05
   3.44537529e+02   9.41042599e-05
   3.44538017e+02   1.68084862e-05
   3.44538506e+02   1.63402146e-04
   3.44538994e+02   1.78186630e-04
   3.44539482e+02  -1.45537051e-04
   3.44539970e+02  -3.45003820e-04
   3.44540459e+02  -5.21301816e-04
   3.44540947e+02  -5.89537201e-04
   3.44541435e+02  -2.53197708e-04
   3.44541924e+02  -4.91206883e-05
   3.44542412e+02  -2.98497558e-04
   3.44542900e+02  -2.96717917e-04
   3.44543389e+02  -2.06324796e-04
   3.44543877e+02  -1.35591792e-04
   3.44544365e+02   2.38037508e-04
   3.44544854e+02   5.62510919e-04
   3.44545342e+02   2.84618640e-04
   3.44545830e+02  -2.47687654e-04
   3.44546318e+02  -5.79353597e-04
   3.44546807e+02  -4.66546539e-04
   3.44547295e+02  -1.46844803e-04
   3.44547783e+02  -1.82237651e-04
   3.44548272e+02  -3.43486550e-04
   3.44548760e+02  -5.41514873e-06
   3.44549248e+02   2.16569999e-04
   3.44549737e+02  -8.79208255e-06
   3.44550225e+02  -1.05743347e-04
   3.44550713e+02   9.50559115e-05
   3.44551202e+02   2.99238862e-04
   3.44551690e+02   8.15219391e-05
   3.44552178e+02  -2.30923033e-04
   3.44552666e+02  -1.33744797e-05
   3.44553155e+02   2.69504817e-04
   3.44553643e+02   7.58811875e-05
   3.44554131e+02  -3.11803946e-04
   3.44554620e+02  -6.17258425e-04
   3.44555108e+02  -8.01571296e-04
   3.44555596e+02  -9.54126474e-04
   3.44556085e+02  -9.08077287e-04
   3.44556573e+02  -4.25627542e-04
   3.44557061e+02  -1.13812042e-04
   3.44557550e+02  -3.38194106e-04
   3.44558038e+02  -4.62206895e-04
   3.44558526e+02  -4.71516454e-04
   3.44559014e+02  -7.11653323e-04
   3.44559503e+02  -8.43178655e-04
   3.44559991e+02  -6.13655662e-04
   3.44560479e+02  -5.53769423e-05
   3.44560968e+02   2.38326276e-04
   3.44561456e+02  -1.62836950e-05
   3.44561944e+02  -2.26093689e-04
   3.44562433e+02  -1.49953121e-04
   3.44562921e+02  -3.87686050e-05
   3.44563409e+02  -1.30498825e-04
   3.44563898e+02  -2.69207027e-04
   3.44564386e+02  -3.30266746e-04
   3.44564874e+02  -2.99578998e-04
   3.44565362e+02  -1.23111182e-04
   3.44565851e+02  -8.78315623e-05
   3.44566339e+02  -2.90028402e-04
   3.44566827e+02  -3.11641110e-04
   3.44567316e+02  -2.33757673e-04
   3.44567804e+02  -2.74130347e-04
   3.44568292e+02   7.82896168e-05
   3.44568781e+02   6.12441450e-04
   3.44569269e+02   5.78878797e-04
   3.44569757e+02   2.39781977e-04
   3.44570246e+02   1.06631509e-04
   3.44570734e+02  -9.71757163e-06
   3.44571222e+02  -4.06194944e-04
   3.44571710e+02  -6.21132262e-04
   3.44572199e+02  -4.88262944e-04
   3.44572687e+02  -2.99271982e-04
   3.44573175e+02   7.24993515e-05
   3.44573664e+02   1.95439745e-04
   3.44574152e+02   3.09864772e-05
   3.44574640e+02   2.87860735e-06
   3.44575129e+02  -4.08528977e-05
   3.44575617e+02  -2.53554375e-04
   3.44576105e+02  -3.16142745e-04
   3.44576594e+02  -9.25956265e-05
   3.44577082e+02   1.00821140e-04
   3.44577570e+02   3.05179652e-04
   3.44578059e+02   5.24314761e-04
   3.44578547e+02   4.44771227e-04
   3.44579035e+02   1.75277368e-04
   3.44579523e+02   2.89535237e-04
   3.44580012e+02   4.39479423e-04
   3.44580500e+02   1.47883999e-04
   3.44580988e+02  -2.10771017e-04
   3.44581477e+02  -5.30425110e-04
   3.44581965e+02  -5.83754736e-04
   3.44582453e+02  -5.14908636e-04
   3.44582942e+02  -5.64584334e-04
   3.44583430e+02  -3.88043292e-04
   3.44583918e+02  -1.48164239e-04
   3.44584407e+02  -2.31802886e-04
   3.44584895e+02  -3.17521393e-04
   3.44585383e+02  -6.56476413e-06
   3.44585871e+02   2.69246899e-04
   3.44586360e+02   1.13137772e-04
   3.44586848e+02  -2.09298698e-04
   3.44587336e+02  -3.16349993e-04
   3.44587825e+02  -4.02857375e-04
   3.44588313e+02  -5.77300438e-04
   3.44588801e+02  -5.46060211e-04
   3.44589290e+02  -2.51911872e-04
   3.44589778e+02   2.77342711e-04
   3.44590266e+02   5.21007576e-04
   3.44590755e+02   3.63070358e-05
   3.44591243e+02  -5.45158982e-04
   3.44591731e+02  -6.63278333e-04
   3.44592219e+02  -5.03769726e-04
   3.44592708e+02  -4.20708238e-04
   3.44593196e+02  -4.71462379e-04
   3.44593684e+02  -1.61569405e-04
   3.44594173e+02   3.89792636e-04
   3.44594661e+02   1.13959242e-04
   3.44595149e+02  -5.72369434e-04
   3.44595638e+02  -3.82810773e-04
   3.44596126e+02   2.11130275e-04
   3.44596614e+02   4.23888268e-04
   3.44597103e+02   5.97624341e-04
   3.44597591e+02   7.94157910e-04
   3.44598079e+02   4.31740773e-04
   3.44598567e+02  -6.82770624e-05
   3.44599056e+02   3.71353622e-06
   3.44599544e+02  -1.48924100e-05
   3.44600032e+02  -2.67442723e-04
   3.44600521e+02  -1.45734419e-04
   3.44601009e+02   2.73682206e-04
   3.44601497e+02   4.20175638e-04
   3.44601986e+02   2.11214069e-06
   3.44602474e+02  -6.85617502e-04
   3.44602962e+02  -8.08935496e-04
   3.44603451e+02  -3.11691780e-04
   3.44603939e+02  -2.50437763e-04
   3.44604427e+02  -5.30156598e-04
   3.44604915e+02  -5.83667897e-05
   3.44605404e+02   6.56882767e-04
   3.44605892e+02   4.70311672e-04
   3.44606380e+02  -1.26924147e-04
   3.44606869e+02  -1.13485337e-04
   3.44607357e+02   3.04573914e-04
   3.44607845e+02   3.71536735e-04
   3.44608334e+02   1.75146837e-04
   3.44608822e+02   8.98734143e-05
   3.44609310e+02  -1.08226195e-04
   3.44609799e+02  -3.04755318e-04
   3.44610287e+02   1.15499432e-04
   3.44610775e+02   3.68982553e-04
   3.44611263e+02   1.13708818e-04
   3.44611752e+02   8.25128518e-05
   3.44612240e+02   3.51272989e-04
   3.44612728e+02   6.51211070e-04
   3.44613217e+02   7.80765607e-04
   3.44613705e+02   4.23456106e-04
   3.44614193e+02  -2.14322703e-04
   3.44614682e+02  -5.82342152e-04
   3.44615170e+02  -2.20788323e-04
   3.44615658e+02   9.66519365e-05
   3.44616147e+02  -4.00366756e-04
   3.44616635e+02  -7.51319923e-04
   3.44617123e+02  -1.20830089e-04
   3.44617612e+02   5.17684966e-04
   3.44618100e+02   1.80282790e-04
   3.44618588e+02  -1.44309219e-04
   3.44619076e+02   2.84599460e-04
   3.44619565e+02   3.06536705e-04
   3.44620053e+02  -3.00711079e-04
   3.44620541e+02  -3.93609749e-04
   3.44621030e+02  -1.84526609e-04
   3.44621518e+02  -3.84745596e-04
   3.44622006e+02  -3.63953091e-04
   3.44622495e+02   1.01353007e-05
   3.44622983e+02   6.78048600e-05
   3.44623471e+02  -1.11940892e-04
   3.44623960e+02  -1.28057975e-04
   3.44624448e+02   6.15644603e-05
   3.44624936e+02   1.26288054e-04
   3.44625424e+02  -6.57768123e-06
   3.44625913e+02   1.63933713e-04
   3.44626401e+02   5.45849791e-04
   3.44626889e+02   6.10043702e-04
   3.44627378e+02   5.50905766e-04
   3.44627866e+02   6.03739638e-04
   3.44628354e+02   5.99741412e-04
   3.44628843e+02   4.52408509e-04
   3.44629331e+02   1.86860299e-04
   3.44629819e+02  -2.87244009e-04
   3.44630308e+02  -4.97497851e-04
   3.44630796e+02  -2.24867705e-04
   3.44631284e+02   8.11067093e-06
   3.44631772e+02   3.28012713e-04
   3.44632261e+02   5.57573512e-04
   3.44632749e+02   2.83163652e-04
   3.44633237e+02  -1.76998856e-05
   3.44633726e+02  -6.29913047e-05
   3.44634214e+02   6.53363677e-05
   3.44634702e+02   2.61553469e-05
   3.44635191e+02  -3.16986407e-04
   3.44635679e+02  -3.97988275e-04
   3.44636167e+02  -1.06185638e-04
   3.44636656e+02   6.69876899e-05
   3.44637144e+02  -1.05722984e-06
   3.44637632e+02  -6.88030923e-05
   3.44638120e+02  -2.63313763e-04
   3.44638609e+02  -4.87501180e-04
   3.44639097e+02  -5.57151157e-04
   3.44639585e+02  -3.15148616e-04
   3.44640074e+02   4.46178638e-05
   3.44640562e+02  -7.51738771e-05
   3.44641050e+02  -3.79046658e-04
   3.44641539e+02  -1.91952742e-04
   3.44642027e+02   2.09192134e-04
   3.44642515e+02   3.13691358e-04
   3.44643004e+02   3.91109526e-04
   3.44643492e+02   2.85916816e-04
   3.44643980e+02  -1.28208136e-04
   3.44644468e+02  -2.54564540e-04
   3.44644957e+02  -2.45591891e-05
   3.44645445e+02   2.71855766e-04
   3.44645933e+02   1.25636390e-04
   3.44646422e+02  -2.09811493e-04
   3.44646910e+02   6.27749905e-05
   3.44647398e+02   5.03180840e-04
   3.44647887e+02   4.33393463e-04
   3.44648375e+02   1.79364695e-04
   3.44648863e+02  -1.08733548e-04
   3.44649352e+02  -5.91976452e-04
   3.44649840e+02  -8.60457832e-04
   3.44650328e+02  -3.99128388e-04
   3.44650816e+02   1.74422530e-04
   3.44651305e+02   2.95867241e-04
   3.44651793e+02   3.33736360e-04
   3.44652281e+02   6.78821409e-04
   3.44652770e+02   7.13952119e-04
   3.44653258e+02   1.08554479e-04
   3.44653746e+02  -2.47156888e-04
   3.44654235e+02  -9.92386558e-05
   3.44654723e+02   7.41197618e-06
   3.44655211e+02   8.31102661e-05
   3.44655700e+02   1.55343470e-04
   3.44656188e+02  -1.04536648e-05
   3.44656676e+02  -4.60893534e-05
   3.44657165e+02  -3.28977012e-06
   3.44657653e+02  -2.20647562e-05
   3.44658141e+02   2.74789578e-04
   3.44658629e+02   2.43215982e-04
   3.44659118e+02  -3.15972575e-04
   3.44659606e+02  -3.16601247e-04
   3.44660094e+02  -3.61604762e-05
   3.44660583e+02   3.20315274e-04
   3.44661071e+02   5.68645992e-05
   3.44661559e+02  -6.35714503e-04
   3.44662048e+02  -6.47832814e-04
   3.44662536e+02  -7.12609108e-06
   3.44663024e+02   3.84622137e-04
   3.44663513e+02   1.71398002e-04
   3.44664001e+02  -3.42221581e-04
   3.44664489e+02  -4.45913494e-04
   3.44664977e+02  -1.90411578e-04
   3.44665466e+02   1.78307659e-04
   3.44665954e+02   5.73801051e-04
   3.44666442e+02   4.49423678e-04
   3.44666931e+02  -4.16197918e-06
   3.44667419e+02  -2.36065578e-04
   3.44667907e+02  -3.27557391e-05
   3.44668396e+02   1.54923953e-04
   3.44668884e+02  -6.43052863e-06
   3.44669372e+02   2.63264665e-05
   3.44669861e+02   3.57952638e-04
   3.44670349e+02   2.98387982e-04
   3.44670837e+02   1.81216776e-04
   3.44671325e+02   2.29134224e-04
   3.44671814e+02   1.42167715e-04
   3.44672302e+02   2.24767733e-04
   3.44672790e+02   3.54333082e-04
   3.44673279e+02   5.25815813e-05
   3.44673767e+02  -1.62727520e-04
   3.44674255e+02   1.80116593e-04
   3.44674744e+02   3.41867039e-04
   3.44675232e+02   4.16625466e-04
   3.44675720e+02   4.68126818e-04
   3.44676209e+02   1.61194082e-04
   3.44676697e+02   7.78424219e-05
   3.44677185e+02   1.85850644e-04
   3.44677673e+02  -2.41495145e-05
   3.44678162e+02  -2.81332934e-04
   3.44678650e+02  -1.90666615e-04
   3.44679138e+02  -1.01584832e-04
   3.44679627e+02  -1.73729044e-04
   3.44680115e+02  -4.73592700e-05
   3.44680603e+02  -1.29107328e-04
   3.44681092e+02  -4.09202999e-04
   3.44681580e+02  -3.10871488e-04
   3.44682068e+02   1.55742367e-04
   3.44682557e+02   2.59395776e-04
   3.44683045e+02   3.63966246e-05
   3.44683533e+02  -1.03878272e-04
   3.44684021e+02  -3.83505801e-04
   3.44684510e+02  -7.95585045e-04
   3.44684998e+02  -8.68292584e-04
   3.44685486e+02  -5.29878307e-04
   3.44685975e+02  -2.23898562e-04
   3.44686463e+02   7.62956261e-05
   3.44686951e+02   4.03670536e-04
   3.44687440e+02   4.14672104e-04
   3.44687928e+02   1.74046305e-04
   3.44688416e+02   5.42187372e-05
   3.44688905e+02   2.36718057e-04
   3.44689393e+02   3.57989571e-04
   3.44689881e+02   5.81155036e-05
   3.44690369e+02   2.27826768e-05
   3.44690858e+02   3.93102440e-04
   3.44691346e+02   3.63011030e-04
   3.44691834e+02   8.05096715e-05
   3.44692323e+02   1.86369885e-04
   3.44692811e+02   2.12566025e-04
   3.44693299e+02   1.86222940e-04
   3.44693788e+02   5.13237144e-04
   3.44694276e+02   6.27261703e-04
   3.44694764e+02   5.40646899e-04
   3.44695253e+02   7.29882217e-04
   3.44695741e+02   7.05266022e-04
   3.44696229e+02   2.13805441e-04
   3.44696718e+02  -3.08744464e-04
   3.44697206e+02  -2.36957014e-04
   3.44697694e+02   1.64158933e-04
   3.44698182e+02   5.34890860e-05
   3.44698671e+02  -3.04635381e-04
   3.44699159e+02  -4.19167773e-04
   3.44699647e+02  -3.89522495e-04
   3.44700136e+02  -2.33444749e-04
   3.44700624e+02  -2.21961731e-04
   3.44701112e+02  -3.36737983e-04
   3.44701601e+02  -2.87281611e-04
   3.44702089e+02  -3.14837351e-04
   3.44702577e+02  -2.81783345e-04
   3.44703066e+02  -8.07397228e-05
   3.44703554e+02   1.13476970e-04
   3.44704042e+02   6.20180072e-05
   3.44704530e+02  -1.88155973e-04
   3.44705019e+02  -2.59684370e-04
   3.44705507e+02  -3.65818647e-04
   3.44705995e+02  -5.91370044e-04
   3.44706484e+02  -5.94702899e-04
   3.44706972e+02  -2.72053177e-04
   3.44707460e+02   3.91686845e-05
   3.44707949e+02  -1.80578172e-05
   3.44708437e+02  -1.91155821e-04
   3.44708925e+02  -1.67408332e-04
   3.44709414e+02  -1.25223654e-04
   3.44709902e+02  -2.27581782e-04
   3.44710390e+02  -7.38692397e-05
   3.44710878e+02   3.64249805e-04
   3.44711367e+02   5.43952803e-04
   3.44711855e+02   2.40733003e-04
   3.44712343e+02  -2.62852467e-04
   3.44712832e+02  -4.52668319e-04
   3.44713320e+02  -1.70727086e-04
   3.44713808e+02  -2.02704861e-04
   3.44714297e+02  -7.27355655e-04
   3.44714785e+02  -7.86786433e-04
   3.44715273e+02  -1.87529324e-04
   3.44715762e+02   2.08426456e-04
   3.44716250e+02  -1.41668525e-05
   3.44716738e+02  -5.17668668e-04
   3.44717226e+02  -8.43858754e-04
   3.44717715e+02  -8.14787229e-04
   3.44718203e+02  -2.28405479e-04
   3.44718691e+02   4.46840859e-04
   3.44719180e+02   5.79277868e-04
   3.44719668e+02   2.97558465e-04
   3.44720156e+02   2.79307860e-04
   3.44720645e+02   2.83770933e-04
   3.44721133e+02   2.14767366e-04
   3.44721621e+02   3.58772813e-04
   3.44722110e+02   5.41765185e-04
   3.44722598e+02   5.41389629e-04
   3.44723086e+02   2.58533139e-04
   3.44723574e+02   8.23020382e-05
   3.44724063e+02  -8.16429019e-05
   3.44724551e+02  -2.46907701e-04
   3.44725039e+02  -2.10535029e-04
   3.44725528e+02  -4.40553886e-05
   3.44726016e+02   2.81344430e-04
   3.44726504e+02   3.23467801e-04
   3.44726993e+02  -9.70371984e-05
   3.44727481e+02  -1.07065127e-04
   3.44727969e+02   2.95762584e-04
   3.44728458e+02   4.47431055e-04
   3.44728946e+02   3.39531864e-04
   3.44729434e+02   2.01319795e-04
   3.44729922e+02  -5.85797643e-05
   3.44730411e+02  -3.25474597e-04
   3.44730899e+02  -2.38650842e-04
   3.44731387e+02   3.91504873e-05
   3.44731876e+02   2.73346552e-04
   3.44732364e+02   3.81497608e-04
   3.44732852e+02   3.59387253e-04
   3.44733341e+02   3.82893224e-04
   3.44733829e+02   5.15812644e-05
   3.44734317e+02  -3.33677279e-04
   3.44734806e+02  -2.99265375e-04
   3.44735294e+02  -1.16276344e-04
   3.44735782e+02  -2.45084375e-04
   3.44736271e+02  -4.85019526e-04
   3.44736759e+02  -2.18398505e-04
   3.44737247e+02  -8.68197603e-05
   3.44737735e+02  -3.64922307e-04
   3.44738224e+02  -2.72111531e-04
   3.44738712e+02   1.46780076e-04
   3.44739200e+02   4.45265701e-04
   3.44739689e+02   4.25989740e-04
   3.44740177e+02   2.54672639e-08
   3.44740665e+02  -3.22040374e-04
   3.44741154e+02  -6.37517078e-05
   3.44741642e+02   4.24879254e-04
   3.44742130e+02   4.75526962e-04
   3.44742619e+02   8.29524506e-05
   3.44743107e+02  -8.51312507e-05
   3.44743595e+02   7.68177706e-05
   3.44744083e+02   2.20922302e-04
   3.44744572e+02   3.10056523e-04
   3.44745060e+02   7.63679345e-05
   3.44745548e+02  -2.62678921e-04
   3.44746037e+02  -1.95353467e-04
   3.44746525e+02   1.50700231e-04
   3.44747013e+02   1.76969814e-04
   3.44747502e+02  -2.53520029e-05
   3.44747990e+02  -1.24549711e-04
   3.44748478e+02  -4.26683924e-04
   3.44748967e+02  -7.97413930e-04
   3.44749455e+02  -8.98392871e-04
   3.44749943e+02  -5.25620766e-04
   3.44750431e+02   5.09995189e-05
   3.44750920e+02   1.55386995e-04
   3.44751408e+02  -1.03004168e-04
   3.44751896e+02  -4.03891347e-04
   3.44752385e+02  -6.97914104e-04
   3.44752873e+02  -5.96103026e-04
   3.44753361e+02  -1.73813591e-04
   3.44753850e+02  -3.67282846e-05
   3.44754338e+02  -3.68371766e-05
   3.44754826e+02   1.69346589e-04
   3.44755315e+02   3.82620870e-04
   3.44755803e+02   5.64284914e-04
   3.44756291e+02   3.73783201e-04
   3.44756779e+02  -1.22166632e-04
   3.44757268e+02  -3.78375204e-04
   3.44757756e+02  -3.80123529e-04
   3.44758244e+02  -2.96107901e-04
   3.44758733e+02  -3.37487028e-04
   3.44759221e+02  -4.79606038e-04
   3.44759709e+02  -3.87576118e-04
   3.44760198e+02   6.79920095e-06
   3.44760686e+02   2.51227873e-04
   3.44761174e+02   1.85686818e-04
   3.44761663e+02   1.08160166e-04
   3.44762151e+02  -5.18945926e-05
   3.44762639e+02  -2.22862946e-04
   3.44763127e+02  -3.00816115e-04
   3.44763616e+02  -2.95342557e-04
   3.44764104e+02  -1.44300109e-04
   3.44764592e+02  -1.30076762e-04
   3.44765081e+02   2.10145750e-04
   3.44765569e+02   8.21554509e-04
   3.44766057e+02   7.98277324e-04
   3.44766546e+02   1.40950375e-04
   3.44767034e+02  -3.73954128e-04
   3.44767522e+02  -1.49035593e-04
   3.44768011e+02   2.18186979e-04
   3.44768499e+02   1.86057339e-04
   3.44768987e+02   4.26675797e-05
   3.44769475e+02  -9.49386376e-05
   3.44769964e+02   2.33832980e-04
   3.44770452e+02   5.15389664e-04
   3.44770940e+02   2.56722924e-05
   3.44771429e+02  -3.82345432e-04
   3.44771917e+02  -5.05584503e-05
   3.44772405e+02   6.97751413e-04
   3.44772894e+02   1.01747131e-03
   3.44773382e+02   5.45710325e-04
   3.44773870e+02   6.27257104e-05
   3.44774359e+02  -1.04957391e-04
   3.44774847e+02   1.09204651e-04
   3.44775335e+02   4.26470127e-04
   3.44775824e+02   3.19038314e-04
   3.44776312e+02   1.96875524e-04
   3.44776800e+02   2.08359896e-04
   3.44777288e+02   5.29232821e-05
   3.44777777e+02  -2.33258164e-04
   3.44778265e+02  -4.09288128e-04
   3.44778753e+02  -5.17786306e-04
   3.44779242e+02  -7.03722239e-04
   3.44779730e+02  -8.08772689e-04
   3.44780218e+02  -5.31114056e-04
   3.44780707e+02  -6.80617231e-05
   3.44781195e+02   7.25368081e-05
   3.44781683e+02  -2.38189474e-04
   3.44782172e+02  -5.77162020e-04
   3.44782660e+02  -5.31991886e-04
   3.44783148e+02  -1.62874727e-04
   3.44783636e+02   1.75042791e-04
   3.44784125e+02   1.18952092e-04
   3.44784613e+02  -1.75680063e-04
   3.44785101e+02  -3.18000850e-04
   3.44785590e+02  -2.77685322e-04
   3.44786078e+02  -9.74179347e-05
   3.44786566e+02   2.46023264e-04
   3.44787055e+02   4.56112961e-04
   3.44787543e+02   4.52208216e-04
   3.44788031e+02   3.40410770e-04
   3.44788520e+02   2.51100602e-04
   3.44789008e+02   2.01190531e-04
   3.44789496e+02   1.64901838e-04
   3.44789984e+02   1.98192371e-04
   3.44790473e+02   1.91436455e-04
   3.44790961e+02   2.39555739e-05
   3.44791449e+02  -1.37069772e-04
   3.44791938e+02  -2.02844385e-04
   3.44792426e+02  -4.33471927e-04
   3.44792914e+02  -4.95817163e-04
   3.44793403e+02  -2.27271419e-04
   3.44793891e+02   2.38739289e-04
   3.44794379e+02   6.71845046e-04
   3.44794868e+02   5.65424387e-04
   3.44795356e+02   3.98840639e-04
   3.44795844e+02   4.43801488e-04
   3.44796332e+02   4.02640318e-04
   3.44796821e+02   5.68372605e-04
   3.44797309e+02   7.68992351e-04
   3.44797797e+02   4.82028758e-04
   3.44798286e+02   1.27472129e-04
   3.44798774e+02   7.45416328e-05
   3.44799262e+02   9.33229021e-05
   3.44799751e+02   2.15370499e-04
   3.44800239e+02   3.11130716e-04
   3.44800727e+02   2.18807516e-04
   3.44801216e+02   3.13192664e-04
   3.44801704e+02   4.64158278e-04
   3.44802192e+02   3.52461822e-04
   3.44802680e+02   3.03904671e-04
   3.44803169e+02   3.68268316e-04
   3.44803657e+02   1.85464014e-04
   3.44804145e+02  -2.26294011e-04
   3.44804634e+02  -3.50564369e-04
   3.44805122e+02  -8.98292274e-05
   3.44805610e+02   1.96556575e-04
   3.44806099e+02   3.90240602e-04
   3.44806587e+02   2.66090850e-04
   3.44807075e+02   1.30492452e-04
   3.44807564e+02   4.30525135e-04
   3.44808052e+02   6.35731441e-04
   3.44808540e+02   2.56423315e-04
   3.44809028e+02  -1.50838459e-04
   3.44809517e+02  -3.77166783e-04
   3.44810005e+02  -4.05055325e-04
   3.44810493e+02  -1.67143953e-04
   3.44810982e+02   1.64216486e-04
   3.44811470e+02   3.40610335e-04
   3.44811958e+02   2.76221108e-04
   3.44812447e+02   1.84439908e-04
   3.44812935e+02  -2.47200114e-05
   3.44813423e+02   7.85781085e-05
   3.44813912e+02   7.73903739e-04
   3.44814400e+02   9.72009089e-04
   3.44814888e+02   7.35091569e-04
   3.44815377e+02   5.82280336e-04
   3.44815865e+02   3.41097330e-05
   3.44816353e+02  -2.53031612e-04
   3.44816841e+02   7.11606708e-06
   3.44817330e+02  -2.01192117e-04
   3.44817818e+02  -4.66562371e-04
   3.44818306e+02  -3.78013210e-04
   3.44818795e+02  -3.77038668e-04
   3.44819283e+02  -3.51438997e-04
   3.44819771e+02  -1.30103595e-04
   3.44820260e+02   1.99016926e-04
   3.44820748e+02   4.97076428e-04
   3.44821236e+02   6.84391533e-04
   3.44821725e+02   7.97058805e-04
   3.44822213e+02   5.06335171e-04
   3.44822701e+02  -5.03172378e-05
   3.44823189e+02  -2.81334011e-04
   3.44823678e+02  -2.11039340e-04
   3.44824166e+02   3.79617959e-05
   3.44824654e+02   3.43073334e-04
   3.44825143e+02   3.58157733e-04
   3.44825631e+02   4.82356372e-05
   3.44826119e+02  -2.37353102e-04
   3.44826608e+02  -1.61062926e-04
   3.44827096e+02   1.40832353e-05
   3.44827584e+02  -1.03192164e-04
   3.44828073e+02  -1.32986213e-04
   3.44828561e+02   3.61140046e-05
   3.44829049e+02   5.56225059e-05
   3.44829537e+02   4.50098742e-05
   3.44830026e+02  -5.43376918e-05
   3.44830514e+02  -3.45159846e-04
   3.44831002e+02  -5.15136984e-04
   3.44831491e+02  -2.89026852e-04
   3.44831979e+02   2.45175237e-04
   3.44832467e+02   5.83028421e-04
   3.44832956e+02   4.06363368e-04
   3.44833444e+02   2.25644049e-04
