frequency (GHz), flux (Jy/beam)
   3.44020461e+02  -7.99073081e-04
   3.44020949e+02  -6.70970301e-04
   3.44021438e+02  -5.16241344e-05
   3.44021926e+02   3.91701673e-04
   3.44022414e+02   2.39987508e-03
   3.44022903e+02   2.73559871e-03
   3.44023391e+02   1.71938533e-04
   3.44023879e+02  -4.31414985e-04
   3.44024367e+02   5.78054634e-04
   3.44024856e+02  -6.75919175e-04
   3.44025344e+02  -1.21602323e-03
   3.44025832e+02   7.17995630e-04
   3.44026321e+02   1.33701216e-03
   3.44026809e+02   4.71540232e-04
   3.44027297e+02   1.53515209e-03
   3.44027786e+02   1.56417722e-03
   3.44028274e+02  -2.83246045e-04
   3.44028762e+02  -2.21195791e-04
   3.44029251e+02   2.37527871e-04
   3.44029739e+02  -3.75052186e-04
   3.44030227e+02   7.80376780e-04
   3.44030716e+02   2.65151588e-03
   3.44031204e+02   1.43602199e-03
   3.44031692e+02  -1.01552182e-03
   3.44032181e+02  -1.06832141e-03
   3.44032669e+02   2.51809601e-04
   3.44033157e+02   5.99138730e-04
   3.44033646e+02  -3.86602536e-04
   3.44034134e+02  -1.01158314e-03
   3.44034622e+02  -7.30868720e-04
   3.44035110e+02   2.38762048e-04
   3.44035599e+02   2.01244769e-03
   3.44036087e+02   1.53826794e-03
   3.44036575e+02   5.21198490e-05
   3.44037064e+02   6.43892155e-04
   3.44037552e+02   6.70688110e-04
   3.44038040e+02  -2.85975082e-04
   3.44038529e+02  -1.96485722e-04
   3.44039017e+02   3.42054496e-04
   3.44039505e+02   2.15924578e-04
   3.44039994e+02  -8.63540801e-04
   3.44040482e+02  -1.19552447e-03
   3.44040970e+02  -2.58815155e-04
   3.44041459e+02   5.68535877e-04
   3.44041947e+02   1.11248356e-03
   3.44042435e+02  -6.58537552e-04
   3.44042924e+02  -3.74240940e-03
   3.44043412e+02  -3.83819756e-03
   3.44043900e+02  -2.15806835e-03
   3.44044389e+02  -1.83120614e-03
   3.44044877e+02  -1.58299645e-03
   3.44045365e+02   7.58117822e-04
   3.44045853e+02   2.29766686e-03
   3.44046342e+02   1.65103679e-03
   3.44046830e+02   1.22822612e-03
   3.44047318e+02   7.98424066e-04
   3.44047807e+02   7.42051052e-04
   3.44048295e+02   1.59649609e-03
   3.44048783e+02   2.25086906e-03
   3.44049272e+02   1.44081900e-03
   3.44049760e+02   4.87035199e-04
   3.44050248e+02   5.30359626e-04
   3.44050737e+02   5.22122951e-04
   3.44051225e+02   9.85605060e-04
   3.44051713e+02   1.20647647e-03
   3.44052202e+02   6.23591419e-04
   3.44052690e+02   5.61821449e-04
   3.44053178e+02   5.52835001e-04
   3.44053667e+02   8.08011857e-04
   3.44054155e+02   1.03335211e-03
   3.44054643e+02  -5.01070353e-05
   3.44055132e+02  -1.36906118e-03
   3.44055620e+02  -7.49013852e-04
   3.44056108e+02   1.01036229e-03
   3.44056597e+02   5.20775211e-04
   3.44057085e+02  -1.26535422e-03
   3.44057573e+02  -1.38056639e-03
   3.44058061e+02  -5.13035920e-04
   3.44058550e+02   2.78681691e-04
   3.44059038e+02   5.47062373e-04
   3.44059526e+02   1.86787613e-04
   3.44060015e+02   7.94587773e-04
   3.44060503e+02   1.83987047e-03
   3.44060991e+02   3.67202156e-04
   3.44061480e+02  -2.27275980e-03
   3.44061968e+02  -2.54956260e-03
   3.44062456e+02  -1.75411429e-03
   3.44062945e+02  -1.24926469e-03
   3.44063433e+02  -8.21401409e-05
   3.44063921e+02   4.58794908e-04
   3.44064410e+02   1.18437677e-03
   3.44064898e+02   2.33644666e-03
   3.44065386e+02   1.77741435e-03
   3.44065875e+02   9.19602171e-04
   3.44066363e+02   1.21141342e-03
   3.44066851e+02   7.50243256e-04
   3.44067340e+02  -1.75988884e-03
   3.44067828e+02  -2.92764115e-03
   3.44068316e+02   2.15602267e-04
   3.44068804e+02   2.37532076e-03
   3.44069293e+02   1.82642334e-03
   3.44069781e+02   9.48559027e-04
   3.44070269e+02  -6.36345998e-04
   3.44070758e+02  -1.00823876e-03
   3.44071246e+02  -3.94013914e-04
   3.44071734e+02   5.91972086e-04
   3.44072223e+02   1.63994764e-03
   3.44072711e+02   1.45207407e-04
   3.44073199e+02  -1.30956154e-03
   3.44073688e+02  -3.94202711e-04
   3.44074176e+02  -3.33663018e-04
   3.44074664e+02  -1.98727837e-04
   3.44075153e+02   1.00655528e-03
   3.44075641e+02   2.57018051e-04
   3.44076129e+02  -3.05861671e-04
   3.44076618e+02   4.92024526e-04
   3.44077106e+02   2.92438956e-04
   3.44077594e+02  -7.77187641e-04
   3.44078083e+02  -3.55573975e-05
   3.44078571e+02   5.57607098e-04
   3.44079059e+02   4.55113273e-04
   3.44079548e+02   1.49076537e-03
   3.44080036e+02   2.54092598e-03
   3.44080524e+02   2.14919169e-03
   3.44081012e+02   1.37218612e-03
   3.44081501e+02   1.98689988e-04
   3.44081989e+02  -4.17740637e-04
   3.44082477e+02  -3.54328913e-05
   3.44082966e+02  -4.00887366e-04
   3.44083454e+02  -5.84564463e-04
   3.44083942e+02   1.46827928e-03
   3.44084431e+02   2.38332758e-03
   3.44084919e+02   1.55112811e-03
   3.44085407e+02   1.94954395e-03
   3.44085896e+02   1.59594778e-03
   3.44086384e+02  -3.10746284e-04
   3.44086872e+02  -9.00106621e-04
   3.44087361e+02  -1.01309700e-03
   3.44087849e+02  -5.59684820e-04
   3.44088337e+02   1.51941355e-03
   3.44088826e+02   2.15207413e-03
   3.44089314e+02  -1.80174058e-04
   3.44089802e+02  -1.95506704e-03
   3.44090291e+02  -1.21281331e-03
   3.44090779e+02  -3.04947142e-04
   3.44091267e+02  -8.64809772e-05
   3.44091755e+02  -1.50959633e-04
   3.44092244e+02  -1.05800515e-03
   3.44092732e+02  -9.31222748e-04
   3.44093220e+02   6.39292935e-04
   3.44093709e+02   7.28280807e-04
   3.44094197e+02  -1.20434409e-03
   3.44094685e+02  -2.24229367e-03
   3.44095174e+02  -9.23045911e-04
   3.44095662e+02   1.49392727e-04
   3.44096150e+02   7.98478082e-04
   3.44096639e+02   1.87464268e-03
   3.44097127e+02   3.81284859e-04
   3.44097615e+02  -1.43435807e-03
   3.44098104e+02  -7.93361047e-04
   3.44098592e+02  -5.07748162e-04
   3.44099080e+02  -1.54900469e-03
   3.44099569e+02  -1.61942758e-03
   3.44100057e+02  -5.98514860e-04
   3.44100545e+02   1.45822720e-04
   3.44101034e+02   3.45397420e-04
   3.44101522e+02  -1.06093567e-03
   3.44102010e+02  -2.92677619e-03
   3.44102498e+02  -2.18943087e-03
   3.44102987e+02  -5.12330560e-04
   3.44103475e+02  -1.42149581e-03
   3.44103963e+02  -1.50070211e-03
   3.44104452e+02   4.94139567e-05
   3.44104940e+02  -2.22812901e-04
   3.44105428e+02  -1.03538635e-03
   3.44105917e+02  -1.67470635e-03
   3.44106405e+02  -2.64588674e-03
   3.44106893e+02  -2.26443959e-03
   3.44107382e+02  -4.04307852e-04
   3.44107870e+02   7.03518104e-04
   3.44108358e+02   5.32420818e-05
   3.44108847e+02  -3.70232447e-04
   3.44109335e+02  -1.51263463e-04
   3.44109823e+02  -3.77598364e-04
   3.44110312e+02  -1.00048399e-03
   3.44110800e+02  -5.35495987e-04
   3.44111288e+02   8.30464356e-04
   3.44111777e+02   5.99346567e-05
   3.44112265e+02  -8.84676119e-04
   3.44112753e+02   1.32079958e-03
   3.44113242e+02   2.24015210e-03
   3.44113730e+02   9.57526849e-04
   3.44114218e+02  -5.71297278e-05
   3.44114706e+02  -4.62090829e-05
   3.44115195e+02   1.10621355e-03
   3.44115683e+02   1.64251146e-03
   3.44116171e+02   2.87894305e-04
   3.44116660e+02  -2.01430800e-03
   3.44117148e+02  -1.99423358e-03
   3.44117636e+02  -6.32107694e-05
   3.44118125e+02   1.12923956e-03
   3.44118613e+02   1.31860888e-03
   3.44119101e+02   2.69242981e-03
   3.44119590e+02   4.12758160e-03
   3.44120078e+02   6.14259765e-03
   3.44120566e+02   9.93134733e-03
   3.44121055e+02   9.42662265e-03
   3.44121543e+02   6.19649701e-03
   3.44122031e+02   3.75709124e-03
   3.44122520e+02   2.83039315e-03
   3.44123008e+02   3.46380635e-03
   3.44123496e+02   2.50350428e-03
   3.44123985e+02   1.10701029e-03
   3.44124473e+02   2.94824596e-04
   3.44124961e+02   3.40166560e-04
   3.44125449e+02   1.44616736e-03
   3.44125938e+02   1.01785455e-03
   3.44126426e+02   2.16498593e-04
   3.44126914e+02   7.26281316e-04
   3.44127403e+02   8.20435176e-04
   3.44127891e+02   6.23232161e-04
   3.44128379e+02   1.38909701e-04
   3.44128868e+02   2.44042618e-04
   3.44129356e+02   1.18806413e-04
   3.44129844e+02   1.85479279e-04
   3.44130333e+02   1.42286043e-03
   3.44130821e+02   9.42432613e-04
   3.44131309e+02   4.99742164e-04
   3.44131798e+02   6.36106881e-04
   3.44132286e+02  -4.91589773e-04
   3.44132774e+02  -7.91976112e-04
   3.44133263e+02  -6.21281433e-05
   3.44133751e+02   2.33050218e-04
   3.44134239e+02   2.70605058e-04
   3.44134728e+02   9.50190530e-04
   3.44135216e+02   1.15657982e-03
   3.44135704e+02   7.84503238e-04
   3.44136192e+02   9.20325809e-04
   3.44136681e+02   1.54390858e-04
   3.44137169e+02  -3.61290033e-04
   3.44137657e+02  -1.16070565e-04
   3.44138146e+02  -9.63531129e-05
   3.44138634e+02   2.71300960e-04
   3.44139122e+02   4.22561308e-04
   3.44139611e+02   5.21864102e-04
   3.44140099e+02   1.54131651e-03
   3.44140587e+02   1.57646276e-03
   3.44141076e+02   1.01612520e-03
   3.44141564e+02   8.33425962e-04
   3.44142052e+02   6.56547141e-04
   3.44142541e+02   1.14813691e-03
   3.44143029e+02   8.26051692e-04
   3.44143517e+02   4.21428675e-04
   3.44144006e+02   5.23393974e-04
   3.44144494e+02   1.53782137e-04
   3.44144982e+02  -6.31910225e-04
   3.44145471e+02  -6.19657221e-04
   3.44145959e+02   5.02286188e-04
   3.44146447e+02   9.04024811e-04
   3.44146936e+02   5.48894517e-04
   3.44147424e+02   1.14940187e-04
   3.44147912e+02  -2.34933090e-04
   3.44148400e+02  -1.10909023e-05
   3.44148889e+02   3.95851181e-04
   3.44149377e+02   5.86643815e-04
   3.44149865e+02   1.43566588e-03
   3.44150354e+02   1.34059996e-03
   3.44150842e+02   1.08827859e-04
   3.44151330e+02  -2.79291446e-04
   3.44151819e+02   6.82042504e-04
   3.44152307e+02   9.86727769e-04
   3.44152795e+02   6.53773663e-04
   3.44153284e+02   8.95718229e-04
   3.44153772e+02   1.44937643e-04
   3.44154260e+02  -1.71205006e-03
   3.44154749e+02  -2.79063266e-03
   3.44155237e+02  -1.38176768e-03
   3.44155725e+02   5.00875642e-04
   3.44156214e+02   6.53718831e-04
   3.44156702e+02   3.58256366e-04
   3.44157190e+02   2.03392512e-04
   3.44157679e+02   9.15600802e-04
   3.44158167e+02   9.64195875e-04
   3.44158655e+02  -6.28796639e-04
   3.44159143e+02  -1.08063349e-03
   3.44159632e+02   4.98161535e-04
   3.44160120e+02   1.06294802e-03
   3.44160608e+02   6.93513502e-05
   3.44161097e+02  -2.90219352e-04
   3.44161585e+02  -3.65397282e-04
   3.44162073e+02  -6.22807711e-04
   3.44162562e+02  -1.49756524e-04
   3.44163050e+02  -1.63928649e-04
   3.44163538e+02  -1.70331425e-03
   3.44164027e+02  -2.92622182e-03
   3.44164515e+02  -1.16797851e-03
   3.44165003e+02   1.41063053e-03
   3.44165492e+02   1.52291812e-03
   3.44165980e+02   1.10735744e-03
   3.44166468e+02   1.19282899e-03
   3.44166957e+02   4.06812731e-04
   3.44167445e+02   2.40720328e-04
   3.44167933e+02   1.15046068e-03
   3.44168422e+02   1.96154253e-03
   3.44168910e+02   1.71087182e-03
   3.44169398e+02   6.38245023e-04
   3.44169886e+02   3.05884663e-04
   3.44170375e+02  -7.12983747e-05
   3.44170863e+02  -3.71109309e-05
   3.44171351e+02   7.32569897e-04
   3.44171840e+02   1.20384189e-04
   3.44172328e+02  -1.14926498e-03
   3.44172816e+02  -8.49273987e-04
   3.44173305e+02   7.75195622e-06
   3.44173793e+02   9.83975362e-04
   3.44174281e+02   9.78833763e-04
   3.44174770e+02  -6.33244694e-04
   3.44175258e+02  -9.27610556e-04
   3.44175746e+02   2.19365014e-04
   3.44176235e+02  -6.83034068e-06
   3.44176723e+02  -3.90121168e-05
   3.44177211e+02  -2.93954159e-04
   3.44177700e+02  -9.85841034e-04
   3.44178188e+02  -3.14656150e-04
   3.44178676e+02  -2.20414659e-05
   3.44179165e+02  -5.12457103e-04
   3.44179653e+02  -6.92669710e-04
   3.44180141e+02  -1.59296760e-04
   3.44180630e+02   8.86179332e-04
   3.44181118e+02   1.30076520e-03
   3.44181606e+02   2.54467130e-04
   3.44182094e+02  -2.80992012e-04
   3.44182583e+02  -4.11991423e-05
   3.44183071e+02  -6.93625945e-04
   3.44183559e+02  -1.80098589e-03
   3.44184048e+02  -2.04009563e-03
   3.44184536e+02  -1.45988510e-04
   3.44185024e+02   1.43642910e-03
   3.44185513e+02   1.02648855e-05
   3.44186001e+02  -7.67305552e-04
   3.44186489e+02   9.79183824e-04
   3.44186978e+02   1.91075169e-03
   3.44187466e+02   1.42849179e-03
   3.44187954e+02   1.07351900e-03
   3.44188443e+02   1.63179633e-04
   3.44188931e+02   7.48495950e-05
   3.44189419e+02   3.81470629e-04
   3.44189908e+02  -8.23964656e-04
   3.44190396e+02  -1.34995393e-03
   3.44190884e+02  -6.56080025e-04
   3.44191373e+02  -7.38438859e-04
   3.44191861e+02  -3.81631544e-04
   3.44192349e+02  -1.51181564e-04
   3.44192837e+02  -5.30078716e-04
   3.44193326e+02   8.14978033e-04
   3.44193814e+02   2.20781192e-03
   3.44194302e+02   2.20186962e-03
   3.44194791e+02   2.53360672e-03
   3.44195279e+02   1.22377661e-03
   3.44195767e+02  -6.77927019e-05
   3.44196256e+02   6.21790823e-04
   3.44196744e+02   1.05436961e-03
   3.44197232e+02   1.05095701e-03
   3.44197721e+02   7.45093450e-04
   3.44198209e+02  -1.33002421e-03
   3.44198697e+02  -2.04221299e-03
   3.44199186e+02  -1.79526152e-03
   3.44199674e+02  -1.89705065e-03
   3.44200162e+02  -1.41277778e-04
   3.44200651e+02   5.73696743e-04
   3.44201139e+02  -1.50062424e-05
   3.44201627e+02  -3.60166276e-04
   3.44202116e+02  -2.25848446e-04
   3.44202604e+02  -5.84076224e-05
   3.44203092e+02  -3.81628779e-04
   3.44203580e+02  -6.87707332e-04
   3.44204069e+02  -1.10299862e-03
   3.44204557e+02  -1.16287894e-03
   3.44205045e+02  -7.50305247e-04
   3.44205534e+02  -1.09643512e-03
   3.44206022e+02  -1.48509571e-03
   3.44206510e+02  -5.01677860e-04
   3.44206999e+02   9.14879784e-04
   3.44207487e+02   1.00848090e-03
   3.44207975e+02  -1.12514696e-04
   3.44208464e+02  -1.00022194e-03
   3.44208952e+02  -7.14736816e-04
   3.44209440e+02   2.04226148e-04
   3.44209929e+02  -4.73502820e-04
   3.44210417e+02  -1.41155941e-03
   3.44210905e+02  -5.27360244e-04
   3.44211394e+02   6.53169933e-04
   3.44211882e+02   5.51040284e-04
   3.44212370e+02  -5.49626246e-04
   3.44212859e+02  -1.20586134e-03
   3.44213347e+02  -1.33468176e-03
   3.44213835e+02  -1.40853983e-04
   3.44214324e+02   1.71981961e-03
   3.44214812e+02   1.71028555e-03
   3.44215300e+02   1.42423742e-04
   3.44215788e+02   4.08904707e-05
   3.44216277e+02   1.40239880e-03
   3.44216765e+02  -4.88675199e-04
   3.44217253e+02  -2.47451966e-03
   3.44217742e+02  -1.11042464e-03
   3.44218230e+02   3.70789530e-05
   3.44218718e+02  -3.84974759e-04
   3.44219207e+02  -9.87086532e-05
   3.44219695e+02   5.78019302e-04
   3.44220183e+02  -1.18133007e-03
   3.44220672e+02  -3.18129058e-03
   3.44221160e+02  -2.24007969e-03
   3.44221648e+02  -9.75992356e-04
   3.44222137e+02   1.23042031e-04
   3.44222625e+02   1.08992925e-03
   3.44223113e+02   1.47110771e-03
   3.44223602e+02   1.64914690e-03
   3.44224090e+02   1.33626990e-03
   3.44224578e+02  -3.76598793e-04
   3.44225067e+02  -1.82846060e-03
   3.44225555e+02  -1.20088889e-03
   3.44226043e+02  -1.06243987e-03
   3.44226531e+02  -1.85543532e-03
   3.44227020e+02  -6.64296269e-04
   3.44227508e+02   6.04163331e-04
   3.44227996e+02   5.19368332e-04
   3.44228485e+02   1.67490856e-04
   3.44228973e+02  -3.66661639e-04
   3.44229461e+02  -1.09993247e-03
   3.44229950e+02  -2.22657877e-03
   3.44230438e+02  -2.51524732e-03
   3.44230926e+02  -5.52290410e-04
   3.44231415e+02   4.47547936e-04
   3.44231903e+02  -7.51420448e-04
   3.44232391e+02  -1.72053254e-03
   3.44232880e+02  -1.90573221e-03
   3.44233368e+02  -1.42272771e-03
   3.44233856e+02  -5.89409727e-04
   3.44234345e+02  -1.17473118e-03
   3.44234833e+02  -2.95622158e-03
   3.44235321e+02  -3.69338319e-03
   3.44235810e+02  -2.66577420e-03
   3.44236298e+02  -5.86678740e-04
   3.44236786e+02   9.11785173e-04
   3.44237275e+02   2.54365936e-04
   3.44237763e+02  -6.55191019e-04
   3.44238251e+02  -1.17359706e-03
   3.44238739e+02  -1.94130302e-03
   3.44239228e+02  -1.10810809e-03
   3.44239716e+02  -7.79714901e-06
   3.44240204e+02  -6.78189506e-04
   3.44240693e+02  -1.67947437e-03
   3.44241181e+02  -1.57373049e-03
   3.44241669e+02  -1.04610197e-04
   3.44242158e+02   7.13432091e-04
   3.44242646e+02   9.48988367e-04
   3.44243134e+02   5.13131730e-04
   3.44243623e+02  -7.12428824e-04
   3.44244111e+02  -1.17775038e-04
   3.44244599e+02   1.56660419e-04
   3.44245088e+02  -1.26260542e-03
   3.44245576e+02  -2.65493669e-04
   3.44246064e+02   9.42444371e-04
   3.44246553e+02   7.10043241e-04
   3.44247041e+02   5.55378967e-04
   3.44247529e+02  -2.60523928e-04
   3.44248018e+02  -1.26411638e-03
   3.44248506e+02  -1.34230847e-03
   3.44248994e+02  -1.42933417e-03
   3.44249482e+02  -1.84596842e-03
   3.44249971e+02  -2.20243260e-03
   3.44250459e+02  -4.44665871e-04
   3.44250947e+02   8.08958837e-04
   3.44251436e+02  -9.07190610e-04
   3.44251924e+02  -2.15446413e-03
   3.44252412e+02  -2.15007993e-03
   3.44252901e+02  -1.49395736e-03
   3.44253389e+02  -5.83619578e-04
   3.44253877e+02  -8.33076367e-04
   3.44254366e+02  -7.47887127e-04
   3.44254854e+02  -1.57419621e-04
   3.44255342e+02   2.74635939e-04
   3.44255831e+02  -7.00435310e-04
   3.44256319e+02  -1.73134066e-03
   3.44256807e+02  -9.21012019e-04
   3.44257296e+02   2.87846371e-04
   3.44257784e+02   3.78332858e-04
   3.44258272e+02   4.92579769e-04
   3.44258761e+02   4.81848285e-04
   3.44259249e+02  -2.50275189e-04
   3.44259737e+02  -1.24208775e-04
   3.44260225e+02   1.14284793e-03
   3.44260714e+02   1.28870097e-03
   3.44261202e+02   6.44336338e-04
   3.44261690e+02   4.63712582e-04
   3.44262179e+02   5.10670769e-04
   3.44262667e+02   3.17973812e-04
   3.44263155e+02  -6.10210991e-04
   3.44263644e+02  -1.36659434e-03
   3.44264132e+02  -4.22609766e-04
   3.44264620e+02   5.14541462e-04
   3.44265109e+02  -4.49090061e-04
   3.44265597e+02  -1.46571978e-03
   3.44266085e+02  -9.21651605e-04
   3.44266574e+02   1.83337528e-04
   3.44267062e+02   1.23931596e-03
   3.44267550e+02   1.61054218e-03
   3.44268039e+02  -4.34252404e-04
   3.44268527e+02  -2.74947099e-03
   3.44269015e+02  -2.40874640e-03
   3.44269504e+02  -2.10225396e-03
   3.44269992e+02  -2.81355111e-03
   3.44270480e+02  -1.46180042e-03
   3.44270969e+02   8.78241204e-04
   3.44271457e+02   7.51640706e-04
   3.44271945e+02  -1.13435846e-03
   3.44272433e+02  -8.81346001e-04
   3.44272922e+02   9.91950626e-04
   3.44273410e+02   1.16478675e-03
   3.44273898e+02  -3.65964552e-05
   3.44274387e+02  -9.73615970e-04
   3.44274875e+02  -1.09118351e-03
   3.44275363e+02  -1.50654186e-03
   3.44275852e+02  -1.67892815e-03
   3.44276340e+02  -4.03549959e-04
   3.44276828e+02  -1.75779322e-04
   3.44277317e+02  -1.37790991e-03
   3.44277805e+02  -9.55656345e-04
   3.44278293e+02   1.02986384e-03
   3.44278782e+02   1.81495282e-03
   3.44279270e+02   8.83605506e-04
   3.44279758e+02   4.23874764e-04
   3.44280247e+02   4.39427589e-04
   3.44280735e+02  -1.94232780e-05
   3.44281223e+02  -7.09193177e-04
   3.44281712e+02  -7.36247574e-04
   3.44282200e+02  -8.62907546e-05
   3.44282688e+02   3.68592184e-04
   3.44283176e+02   5.85181697e-04
   3.44283665e+02   8.29177210e-04
   3.44284153e+02   6.48445159e-04
   3.44284641e+02   9.95566952e-05
   3.44285130e+02  -3.89880792e-04
   3.44285618e+02  -1.42971927e-04
   3.44286106e+02  -3.68630208e-05
   3.44286595e+02  -1.57003393e-04
   3.44287083e+02  -3.42827931e-04
   3.44287571e+02  -8.42172187e-04
   3.44288060e+02  -5.10979095e-04
   3.44288548e+02   2.32192688e-04
   3.44289036e+02  -7.23775767e-04
   3.44289525e+02  -3.64821230e-04
   3.44290013e+02   5.64947841e-04
   3.44290501e+02  -3.13596800e-04
   3.44290990e+02  -5.17348701e-04
   3.44291478e+02  -1.22871064e-03
   3.44291966e+02  -3.01919831e-03
   3.44292455e+02  -2.82549136e-03
   3.44292943e+02  -1.96373835e-03
   3.44293431e+02  -1.76449807e-03
   3.44293919e+02  -9.27443674e-04
   3.44294408e+02   1.83592783e-04
   3.44294896e+02   4.54388850e-04
   3.44295384e+02   1.09548308e-03
   3.44295873e+02   1.22873997e-03
   3.44296361e+02   9.51846654e-04
   3.44296849e+02   3.29315400e-04
   3.44297338e+02  -1.14449929e-03
   3.44297826e+02  -1.33799459e-03
   3.44298314e+02  -3.94608534e-04
   3.44298803e+02   7.18672120e-04
   3.44299291e+02   8.22641596e-04
   3.44299779e+02  -1.11099085e-04
   3.44300268e+02  -1.16962811e-03
   3.44300756e+02  -1.31602096e-03
   3.44301244e+02   3.93497816e-04
   3.44301733e+02   1.72368740e-03
   3.44302221e+02   1.25239289e-03
   3.44302709e+02   8.52496305e-04
   3.44303198e+02   5.68304618e-04
   3.44303686e+02  -1.90393039e-04
   3.44304174e+02  -1.21291319e-03
   3.44304663e+02  -2.30302359e-03
   3.44305151e+02  -1.12013228e-03
   3.44305639e+02   6.62248116e-04
   3.44306127e+02  -5.01427450e-04
   3.44306616e+02  -1.73617282e-03
   3.44307104e+02  -5.00602066e-04
   3.44307592e+02   1.16656255e-03
   3.44308081e+02   1.57972041e-03
   3.44308569e+02   3.35591874e-04
   3.44309057e+02  -1.35120621e-03
   3.44309546e+02  -8.03050410e-04
   3.44310034e+02  -6.18035498e-04
   3.44310522e+02  -1.34453899e-03
   3.44311011e+02  -1.39335636e-03
   3.44311499e+02  -8.34283826e-04
   3.44311987e+02   3.08485498e-04
   3.44312476e+02  -3.25779081e-04
   3.44312964e+02  -7.15798698e-04
   3.44313452e+02  -1.70484971e-04
   3.44313941e+02  -3.00021900e-04
   3.44314429e+02  -1.30697572e-05
   3.44314917e+02   2.40815250e-04
   3.44315406e+02   6.48001616e-04
   3.44315894e+02   9.15900921e-04
   3.44316382e+02  -7.01423036e-04
   3.44316870e+02  -2.01969501e-03
   3.44317359e+02  -6.95221126e-04
   3.44317847e+02   2.35912492e-04
   3.44318335e+02  -1.78453990e-03
   3.44318824e+02  -1.83938362e-03
   3.44319312e+02   1.13389071e-03
   3.44319800e+02   2.36256444e-03
   3.44320289e+02   1.90600776e-03
   3.44320777e+02   1.48304831e-03
   3.44321265e+02   9.67024826e-05
   3.44321754e+02  -2.42758571e-04
   3.44322242e+02  -5.55794504e-05
   3.44322730e+02  -1.99807982e-04
   3.44323219e+02   6.89267938e-04
   3.44323707e+02   2.19814759e-03
   3.44324195e+02   2.12040846e-03
   3.44324684e+02   1.34258799e-03
   3.44325172e+02   9.77262156e-04
   3.44325660e+02  -9.35916833e-05
   3.44326149e+02  -3.67437344e-04
   3.44326637e+02   7.68030062e-04
   3.44327125e+02   1.26139296e-03
   3.44327613e+02   1.02141430e-03
   3.44328102e+02  -2.88109266e-04
   3.44328590e+02  -1.73868926e-03
   3.44329078e+02  -1.33380678e-03
   3.44329567e+02  -9.08863090e-04
   3.44330055e+02  -1.93676970e-03
   3.44330543e+02  -2.48827133e-03
   3.44331032e+02  -1.80199894e-03
   3.44331520e+02  -1.75210356e-03
   3.44332008e+02  -2.21731141e-03
   3.44332497e+02  -1.78751431e-03
   3.44332985e+02  -1.44643083e-04
   3.44333473e+02   1.06938474e-03
   3.44333962e+02   1.07109803e-03
   3.44334450e+02   1.30355544e-03
   3.44334938e+02   3.30933195e-04
   3.44335427e+02  -7.74866843e-04
   3.44335915e+02   1.40456323e-04
   3.44336403e+02   1.77431200e-03
   3.44336892e+02   2.95881904e-03
   3.44337380e+02   2.59151915e-03
   3.44337868e+02   1.90574373e-03
   3.44338357e+02   1.41174614e-03
   3.44338845e+02   1.88733800e-04
   3.44339333e+02  -5.03585907e-04
   3.44339821e+02  -1.24217453e-03
   3.44340310e+02  -1.75522384e-03
   3.44340798e+02   1.98034377e-05
   3.44341286e+02   9.10750066e-04
   3.44341775e+02   1.41477480e-03
   3.44342263e+02   2.36443058e-03
   3.44342751e+02   1.51078985e-03
   3.44343240e+02   7.49214843e-04
   3.44343728e+02  -5.71652257e-04
   3.44344216e+02  -6.29550836e-04
   3.44344705e+02   2.41008285e-03
   3.44345193e+02   3.76277161e-03
   3.44345681e+02   1.32819510e-03
   3.44346170e+02  -4.05069004e-04
   3.44346658e+02  -9.82076162e-04
   3.44347146e+02  -1.93109096e-03
   3.44347635e+02  -1.89623120e-03
   3.44348123e+02  -6.44458050e-04
   3.44348611e+02   2.53920909e-04
   3.44349100e+02  -4.61116979e-05
   3.44349588e+02  -1.10190909e-03
   3.44350076e+02  -1.43749814e-03
   3.44350564e+02  -8.80685169e-04
   3.44351053e+02   4.77089052e-04
   3.44351541e+02   8.04411597e-04
   3.44352029e+02  -2.73668295e-04
   3.44352518e+02  -8.64477595e-04
   3.44353006e+02  -3.37384205e-04
   3.44353494e+02  -4.49802727e-04
   3.44353983e+02  -1.00270810e-03
   3.44354471e+02   3.53896001e-04
   3.44354959e+02   1.50798773e-03
   3.44355448e+02   1.44405733e-03
   3.44355936e+02   1.01036998e-03
   3.44356424e+02   4.31092703e-05
   3.44356913e+02   6.89872832e-04
   3.44357401e+02   2.89103738e-03
   3.44357889e+02   1.34571409e-03
   3.44358378e+02  -1.31960423e-03
   3.44358866e+02  -1.11594889e-03
   3.44359354e+02  -1.18491845e-03
   3.44359843e+02  -2.21158331e-03
   3.44360331e+02  -2.21784995e-03
   3.44360819e+02  -9.51487280e-04
   3.44361307e+02  -3.51214345e-04
   3.44361796e+02  -2.22171121e-03
   3.44362284e+02  -2.62485305e-03
   3.44362772e+02  -8.35626270e-04
   3.44363261e+02   2.41871494e-05
   3.44363749e+02  -5.94811456e-04
   3.44364237e+02  -2.11372142e-04
   3.44364726e+02   1.32966007e-03
   3.44365214e+02   4.60961164e-04
   3.44365702e+02  -1.81117479e-03
   3.44366191e+02  -2.11059465e-03
   3.44366679e+02  -9.42868297e-04
   3.44367167e+02  -9.30828275e-04
   3.44367656e+02  -1.09426875e-03
   3.44368144e+02  -1.10677385e-03
   3.44368632e+02  -1.84889519e-04
   3.44369121e+02   1.00141810e-03
   3.44369609e+02   1.26036443e-03
   3.44370097e+02   1.03943492e-03
   3.44370586e+02   2.45883799e-04
   3.44371074e+02   1.74793007e-04
   3.44371562e+02  -9.90124303e-04
   3.44372051e+02  -1.21227116e-03
   3.44372539e+02  -3.83614170e-05
   3.44373027e+02   4.60003386e-04
   3.44373515e+02  -4.09340428e-04
   3.44374004e+02  -2.48152995e-03
   3.44374492e+02  -3.23334988e-03
   3.44374980e+02  -1.31593773e-03
   3.44375469e+02   4.38564632e-04
   3.44375957e+02   1.45336357e-03
   3.44376445e+02   1.43776543e-03
   3.44376934e+02  -1.08472632e-05
   3.44377422e+02   7.28626561e-04
   3.44377910e+02   2.60782568e-03
   3.44378399e+02   8.97313235e-04
   3.44378887e+02  -1.97644904e-03
   3.44379375e+02  -1.48059032e-03
   3.44379864e+02  -3.38806480e-04
   3.44380352e+02  -8.13213876e-04
   3.44380840e+02  -1.56964699e-03
   3.44381329e+02  -2.16947240e-03
   3.44381817e+02  -1.56752346e-03
   3.44382305e+02  -8.95935955e-05
   3.44382794e+02  -5.67088282e-05
   3.44383282e+02  -1.61020842e-03
   3.44383770e+02  -1.79821160e-03
   3.44384258e+02  -6.15098455e-04
   3.44384747e+02  -1.00132124e-03
   3.44385235e+02  -1.16276997e-03
   3.44385723e+02   8.63829118e-05
   3.44386212e+02   6.59512007e-04
   3.44386700e+02   6.96887262e-04
   3.44387188e+02   2.04551499e-03
   3.44387677e+02   2.59690010e-03
   3.44388165e+02   6.98241754e-04
   3.44388653e+02  -7.65683246e-04
   3.44389142e+02  -4.99233138e-04
   3.44389630e+02   7.35690492e-06
   3.44390118e+02   1.98104564e-04
   3.44390607e+02  -5.08167490e-04
   3.44391095e+02  -7.30963482e-04
   3.44391583e+02   6.08420174e-04
   3.44392072e+02   1.11474073e-03
   3.44392560e+02  -3.64960375e-04
   3.44393048e+02  -1.75899593e-03
   3.44393537e+02  -5.80393476e-04
   3.44394025e+02   2.06628325e-03
   3.44394513e+02   2.82002194e-03
   3.44395002e+02   9.11277079e-04
   3.44395490e+02  -1.10662833e-03
   3.44395978e+02  -1.66991318e-03
   3.44396466e+02  -1.10356102e-03
   3.44396955e+02  -2.41891030e-04
   3.44397443e+02  -7.05244078e-04
   3.44397931e+02  -1.57945696e-03
   3.44398420e+02  -1.57231756e-03
   3.44398908e+02  -1.00093568e-03
   3.44399396e+02  -3.59714701e-04
   3.44399885e+02  -3.11363168e-04
   3.44400373e+02  -5.06873301e-04
   3.44400861e+02  -1.15307572e-03
   3.44401350e+02  -8.42290814e-04
   3.44401838e+02  -2.18369591e-04
   3.44402326e+02  -1.29458407e-04
   3.44402815e+02  -1.60076379e-04
   3.44403303e+02   3.69596237e-04
   3.44403791e+02   8.33897866e-05
   3.44404280e+02  -2.01928616e-03
   3.44404768e+02  -2.48568226e-03
   3.44405256e+02  -3.42096813e-04
   3.44405745e+02  -1.45591348e-05
   3.44406233e+02  -8.52753641e-04
   3.44406721e+02  -7.69218139e-04
   3.44407209e+02   3.40552651e-04
   3.44407698e+02   1.61744736e-03
   3.44408186e+02   1.07964000e-03
   3.44408674e+02  -9.30564071e-04
   3.44409163e+02  -2.12029950e-03
   3.44409651e+02  -8.13083490e-04
   3.44410139e+02   1.65859016e-03
   3.44410628e+02   1.87570683e-03
   3.44411116e+02   8.60708533e-04
   3.44411604e+02   1.56195689e-04
   3.44412093e+02  -6.61296363e-04
   3.44412581e+02  -2.00451771e-03
   3.44413069e+02  -2.06777640e-03
   3.44413558e+02  -4.36078670e-04
   3.44414046e+02   8.33367871e-04
   3.44414534e+02   1.35687922e-04
   3.44415023e+02  -1.72211113e-03
   3.44415511e+02  -9.81274410e-04
   3.44415999e+02   1.11789873e-03
   3.44416488e+02   1.13071140e-03
   3.44416976e+02   8.54213140e-05
   3.44417464e+02  -1.10966072e-03
   3.44417952e+02  -1.31935440e-03
   3.44418441e+02  -6.41045102e-04
   3.44418929e+02  -1.10753835e-03
   3.44419417e+02  -2.68127513e-03
   3.44419906e+02  -1.58131402e-03
   3.44420394e+02   1.61740987e-03
   3.44420882e+02   2.08197231e-03
   3.44421371e+02   4.66094381e-04
   3.44421859e+02   4.60697411e-05
   3.44422347e+02  -1.45610116e-04
   3.44422836e+02  -1.09956961e-03
   3.44423324e+02  -1.10715476e-03
   3.44423812e+02  -2.38566878e-04
   3.44424301e+02   1.87861369e-04
   3.44424789e+02  -6.40699524e-04
   3.44425277e+02  -1.49552303e-03
   3.44425766e+02  -2.33939150e-04
   3.44426254e+02   1.48770853e-03
   3.44426742e+02   1.37389440e-03
   3.44427231e+02   4.38514428e-04
   3.44427719e+02   2.21708164e-04
   3.44428207e+02   1.06873387e-03
   3.44428696e+02   1.38964015e-03
   3.44429184e+02  -1.19092281e-03
   3.44429672e+02  -2.36284989e-03
   3.44430160e+02  -1.59358105e-03
   3.44430649e+02   1.37843133e-04
   3.44431137e+02   1.61605567e-04
   3.44431625e+02   2.19891299e-04
   3.44432114e+02  -1.85803627e-04
   3.44432602e+02  -7.99803645e-04
   3.44433090e+02  -1.45413112e-04
   3.44433579e+02  -3.11409880e-04
   3.44434067e+02  -4.03178186e-04
   3.44434555e+02   5.07921388e-04
   3.44435044e+02   1.03292044e-03
   3.44435532e+02   6.18409133e-04
   3.44436020e+02  -5.39277207e-05
   3.44436509e+02   7.51203988e-05
   3.44436997e+02   3.55760654e-04
   3.44437485e+02  -4.36088449e-04
   3.44437974e+02  -1.11173862e-03
   3.44438462e+02  -2.86091323e-04
   3.44438950e+02   9.92598216e-05
   3.44439439e+02  -1.06762175e-03
   3.44439927e+02  -1.63699023e-03
   3.44440415e+02  -5.27614029e-04
   3.44440903e+02  -2.12888393e-04
   3.44441392e+02  -9.63344704e-04
   3.44441880e+02  -1.14482513e-03
   3.44442368e+02  -1.11379393e-03
   3.44442857e+02  -2.53044942e-04
   3.44443345e+02   3.70438473e-04
   3.44443833e+02  -7.29010862e-05
   3.44444322e+02  -7.43692726e-05
   3.44444810e+02  -4.85451281e-04
   3.44445298e+02  -4.05938976e-04
   3.44445787e+02   1.03740393e-04
   3.44446275e+02  -6.09064940e-04
   3.44446763e+02  -7.31024600e-04
   3.44447252e+02   1.01991405e-03
   3.44447740e+02   1.18886400e-03
   3.44448228e+02   4.51096363e-04
   3.44448717e+02   1.15030864e-03
   3.44449205e+02   9.34360316e-04
   3.44449693e+02   3.90985297e-05
   3.44450182e+02  -3.15818615e-04
   3.44450670e+02  -4.03053738e-04
   3.44451158e+02  -3.23134795e-04
   3.44451646e+02  -9.00326122e-05
   3.44452135e+02   5.90435986e-04
   3.44452623e+02   7.94526888e-04
   3.44453111e+02   2.32481416e-05
   3.44453600e+02  -9.94885922e-04
   3.44454088e+02  -5.46102121e-04
   3.44454576e+02   5.63357084e-04
   3.44455065e+02   7.68791302e-04
   3.44455553e+02   9.51352296e-04
   3.44456041e+02   1.33031642e-03
   3.44456530e+02   1.44615513e-03
   3.44457018e+02   1.57479011e-03
   3.44457506e+02   7.27779348e-04
   3.44457995e+02  -1.80691801e-04
   3.44458483e+02   5.83187386e-04
   3.44458971e+02   7.54663488e-04
   3.44459460e+02  -2.44661031e-04
   3.44459948e+02  -1.17582991e-03
   3.44460436e+02  -9.23714018e-04
   3.44460925e+02  -2.60390399e-04
   3.44461413e+02   2.24700532e-04
   3.44461901e+02   9.20038583e-05
   3.44462390e+02  -1.66963175e-04
   3.44462878e+02   3.52277450e-04
   3.44463366e+02   5.13207808e-04
   3.44463854e+02  -3.48874717e-04
   3.44464343e+02  -1.30002433e-03
   3.44464831e+02  -2.05615605e-03
   3.44465319e+02  -1.74679048e-03
   3.44465808e+02  -1.04230060e-03
   3.44466296e+02  -1.51523692e-03
   3.44466784e+02  -1.39504252e-03
   3.44467273e+02  -8.36935185e-04
   3.44467761e+02  -1.46156561e-03
   3.44468249e+02  -1.17072708e-03
   3.44468738e+02  -1.35454553e-04
   3.44469226e+02   2.36379477e-04
   3.44469714e+02   1.28804636e-03
   3.44470203e+02   2.72286893e-03
   3.44470691e+02   1.57240592e-03
   3.44471179e+02  -3.99517769e-04
   3.44471668e+02   1.14972594e-04
   3.44472156e+02   9.50627960e-04
   3.44472644e+02   8.90915398e-04
   3.44473133e+02   9.26190172e-04
   3.44473621e+02   6.73637725e-04
   3.44474109e+02  -3.93111870e-04
   3.44474597e+02  -2.07465910e-03
   3.44475086e+02  -1.69121893e-03
   3.44475574e+02  -2.41826332e-04
   3.44476062e+02  -1.25820900e-03
   3.44476551e+02  -1.82480866e-03
   3.44477039e+02  -3.71611386e-05
   3.44477527e+02   2.73400452e-04
   3.44478016e+02  -9.22682462e-04
   3.44478504e+02  -1.50488375e-03
   3.44478992e+02  -9.27184941e-04
   3.44479481e+02  -6.12881558e-05
   3.44479969e+02  -1.59306510e-04
   3.44480457e+02  -5.07996301e-04
   3.44480946e+02  -1.07528712e-03
   3.44481434e+02  -3.67813424e-04
   3.44481922e+02   6.40864251e-04
   3.44482411e+02   4.38589283e-04
   3.44482899e+02   2.70780263e-04
   3.44483387e+02  -5.74328646e-04
   3.44483876e+02  -9.36482276e-04
   3.44484364e+02  -1.28892518e-03
   3.44484852e+02  -1.57710782e-03
   3.44485340e+02  -9.91683264e-05
   3.44485829e+02   1.29914159e-04
   3.44486317e+02  -6.97335694e-04
   3.44486805e+02  -3.50964401e-04
   3.44487294e+02  -5.08498284e-04
   3.44487782e+02  -1.28614320e-03
   3.44488270e+02  -5.12593309e-04
   3.44488759e+02   7.71696970e-04
   3.44489247e+02   1.46218677e-04
   3.44489735e+02  -1.10077020e-03
   3.44490224e+02  -1.15487608e-04
   3.44490712e+02   1.13274052e-03
   3.44491200e+02   8.49577773e-04
   3.44491689e+02  -7.25250982e-04
   3.44492177e+02  -8.31396028e-04
   3.44492665e+02   1.16310269e-03
   3.44493154e+02   1.28116971e-03
   3.44493642e+02  -3.93435708e-04
   3.44494130e+02  -1.56504742e-03
   3.44494619e+02  -8.97978141e-04
   3.44495107e+02   2.99125415e-04
   3.44495595e+02   1.05701911e-04
   3.44496084e+02   1.83192955e-04
   3.44496572e+02   6.64823689e-04
   3.44497060e+02   7.54673092e-04
   3.44497548e+02   4.03708313e-04
   3.44498037e+02   4.16964904e-04
   3.44498525e+02   1.14954531e-03
   3.44499013e+02   1.33334007e-03
   3.44499502e+02  -6.39909267e-05
   3.44499990e+02  -1.30859297e-03
   3.44500478e+02  -1.83683238e-04
   3.44500967e+02   1.50230585e-03
   3.44501455e+02   1.09806575e-03
   3.44501943e+02  -1.76022586e-04
   3.44502432e+02  -6.46258006e-04
   3.44502920e+02  -7.28750019e-04
   3.44503408e+02  -4.84391290e-04
   3.44503897e+02   9.33434349e-05
   3.44504385e+02   5.83682093e-04
   3.44504873e+02   7.08043808e-04
   3.44505362e+02   1.06520124e-03
   3.44505850e+02   8.78214196e-04
   3.44506338e+02   4.16010706e-04
   3.44506827e+02   5.53416205e-04
   3.44507315e+02   1.20037107e-03
   3.44507803e+02   2.46332330e-03
   3.44508291e+02   2.03953637e-03
   3.44508780e+02  -1.32953364e-03
   3.44509268e+02  -3.05004790e-03
   3.44509756e+02  -7.39395909e-04
   3.44510245e+02   1.38617505e-03
   3.44510733e+02   7.32529094e-04
   3.44511221e+02  -5.22468879e-04
   3.44511710e+02   6.25338696e-04
   3.44512198e+02   1.39671739e-03
   3.44512686e+02   7.89211888e-04
   3.44513175e+02   1.09455886e-03
   3.44513663e+02   1.03083195e-03
   3.44514151e+02  -1.38614239e-04
   3.44514640e+02  -8.40553374e-04
   3.44515128e+02  -4.30363405e-04
   3.44515616e+02   8.52306606e-04
   3.44516105e+02   2.13092775e-03
   3.44516593e+02   2.40999018e-03
   3.44517081e+02   1.27609691e-03
   3.44517570e+02   1.14033668e-04
   3.44518058e+02   1.98071211e-04
   3.44518546e+02  -1.65836056e-04
   3.44519034e+02   1.96718916e-04
   3.44519523e+02   1.89136330e-03
   3.44520011e+02   1.74024818e-03
   3.44520499e+02  -7.10872482e-05
   3.44520988e+02  -1.19265565e-03
   3.44521476e+02  -1.22165284e-03
   3.44521964e+02  -2.20813818e-04
   3.44522453e+02  -4.46806545e-04
   3.44522941e+02  -1.21383695e-03
   3.44523429e+02   1.67885577e-04
   3.44523918e+02   1.38951116e-03
   3.44524406e+02   7.34156580e-04
   3.44524894e+02   3.97482421e-04
   3.44525383e+02   5.94928744e-04
   3.44525871e+02   1.83218857e-04
   3.44526359e+02   1.52371518e-04
   3.44526848e+02   1.59228861e-03
   3.44527336e+02   1.91216939e-03
   3.44527824e+02   8.97441932e-05
   3.44528313e+02  -1.03563932e-03
   3.44528801e+02  -2.22886470e-03
   3.44529289e+02  -2.89540272e-03
   3.44529778e+02   1.27600681e-04
   3.44530266e+02   2.25562230e-03
   3.44530754e+02   8.18846805e-04
   3.44531242e+02  -5.81824628e-04
   3.44531731e+02  -5.89410542e-04
   3.44532219e+02   1.38750067e-04
   3.44532707e+02   6.94118615e-04
   3.44533196e+02   3.03050387e-04
   3.44533684e+02  -1.51125621e-03
   3.44534172e+02  -1.46645901e-03
   3.44534661e+02   7.86383243e-05
   3.44535149e+02   3.98131961e-04
   3.44535637e+02   7.27172534e-04
   3.44536126e+02   3.06159724e-04
   3.44536614e+02  -4.26024926e-04
   3.44537102e+02  -3.13925353e-04
   3.44537591e+02   1.52661683e-04
   3.44538079e+02   7.61769305e-04
   3.44538567e+02   7.01337529e-04
   3.44539056e+02   1.90406878e-04
   3.44539544e+02  -9.70439170e-04
   3.44540032e+02  -5.30259567e-04
   3.44540521e+02   1.80835149e-03
   3.44541009e+02   2.15664669e-03
   3.44541497e+02   1.40550488e-03
   3.44541985e+02   1.22827757e-03
   3.44542474e+02   3.71731185e-05
   3.44542962e+02   3.12183489e-04
   3.44543450e+02   2.29270686e-03
   3.44543939e+02   1.82868028e-03
   3.44544427e+02  -9.85896797e-04
   3.44544915e+02  -2.42071436e-03
   3.44545404e+02  -1.36777642e-03
   3.44545892e+02  -7.84086151e-05
   3.44546380e+02   5.42411697e-04
   3.44546869e+02   3.06107744e-04
   3.44547357e+02   1.34491464e-04
   3.44547845e+02   3.91162059e-04
   3.44548334e+02  -3.86319123e-04
   3.44548822e+02  -2.76821025e-04
   3.44549310e+02   7.80376606e-04
   3.44549799e+02   5.29609912e-04
   3.44550287e+02  -3.99694458e-04
   3.44550775e+02  -1.44577923e-03
   3.44551264e+02  -1.97076076e-03
   3.44551752e+02  -1.86845753e-03
   3.44552240e+02  -4.40533157e-04
   3.44552729e+02   3.36451194e-04
   3.44553217e+02   3.27339105e-04
   3.44553705e+02   1.96412369e-03
   3.44554193e+02   1.94495090e-03
   3.44554682e+02  -5.94590965e-04
   3.44555170e+02  -1.18160213e-03
   3.44555658e+02   5.68733027e-04
   3.44556147e+02   2.05329340e-03
   3.44556635e+02   1.80329883e-03
   3.44557123e+02   6.91878027e-04
   3.44557612e+02   5.69285126e-04
   3.44558100e+02   1.06487935e-03
   3.44558588e+02   1.45949179e-03
   3.44559077e+02   1.20444584e-03
   3.44559565e+02  -2.59016640e-04
   3.44560053e+02  -1.95693388e-03
   3.44560542e+02  -1.51760620e-03
   3.44561030e+02  -7.72530620e-04
   3.44561518e+02  -2.05197535e-03
   3.44562007e+02  -1.62695732e-03
   3.44562495e+02   2.72948761e-04
   3.44562983e+02   1.09852175e-03
   3.44563472e+02   2.23412854e-03
   3.44563960e+02   2.58023664e-03
   3.44564448e+02   1.10632717e-03
   3.44564936e+02   8.01110873e-04
   3.44565425e+02   2.16921023e-03
   3.44565913e+02   1.63841003e-03
   3.44566401e+02  -8.32830672e-04
   3.44566890e+02  -2.17666430e-03
   3.44567378e+02  -2.05462240e-03
   3.44567866e+02  -1.05043210e-03
   3.44568355e+02  -4.78045149e-05
   3.44568843e+02  -1.58535244e-04
   3.44569331e+02  -7.84179778e-04
   3.44569820e+02  -6.86941203e-04
   3.44570308e+02   2.12609535e-04
   3.44570796e+02   7.77042587e-04
   3.44571285e+02   9.32246738e-04
   3.44571773e+02   1.66278274e-03
   3.44572261e+02   1.44697225e-03
   3.44572750e+02  -5.53302991e-04
   3.44573238e+02  -2.51338148e-04
   3.44573726e+02   1.08473434e-03
   3.44574215e+02  -9.92518744e-06
   3.44574703e+02  -9.35897056e-04
   3.44575191e+02  -1.10862637e-03
   3.44575679e+02  -3.28123628e-04
   3.44576168e+02   1.16550922e-03
   3.44576656e+02   5.89687901e-04
   3.44577144e+02  -1.74272340e-04
   3.44577633e+02  -6.26651163e-04
   3.44578121e+02  -3.56696721e-04
   3.44578609e+02   7.94227526e-04
   3.44579098e+02   1.59744493e-04
   3.44579586e+02  -8.15692823e-04
   3.44580074e+02  -5.77906030e-04
   3.44580563e+02  -2.96713377e-04
   3.44581051e+02  -2.05585588e-04
   3.44581539e+02  -9.44733911e-04
   3.44582028e+02  -6.25630666e-04
   3.44582516e+02   4.65336052e-04
   3.44583004e+02   5.08567318e-04
   3.44583493e+02  -2.76915351e-04
   3.44583981e+02  -7.81986397e-04
   3.44584469e+02  -2.64660717e-04
   3.44584958e+02   7.50688720e-04
   3.44585446e+02   6.01734442e-04
   3.44585934e+02  -3.98043747e-04
   3.44586423e+02   3.83629405e-04
   3.44586911e+02   8.95868230e-04
   3.44587399e+02   6.00642416e-05
   3.44587887e+02  -1.11526402e-04
   3.44588376e+02   4.77401220e-04
   3.44588864e+02   1.31807217e-04
   3.44589352e+02  -1.89630513e-03
   3.44589841e+02  -2.14709481e-03
   3.44590329e+02  -8.52839206e-04
   3.44590817e+02  -9.08287591e-04
   3.44591306e+02  -9.44575731e-05
   3.44591794e+02   1.90121448e-03
   3.44592282e+02   2.10428191e-03
   3.44592771e+02   1.29992317e-03
   3.44593259e+02   3.95571929e-04
   3.44593747e+02  -1.12856750e-03
   3.44594236e+02  -1.24708749e-03
   3.44594724e+02   2.88901152e-04
   3.44595212e+02   5.08155033e-04
   3.44595701e+02   6.35788136e-04
   3.44596189e+02   1.21599017e-03
   3.44596677e+02   6.44828717e-04
   3.44597166e+02   4.79250419e-04
   3.44597654e+02   1.28237286e-03
   3.44598142e+02   1.18654035e-03
   3.44598630e+02  -6.41881314e-04
   3.44599119e+02  -1.42550957e-03
   3.44599607e+02  -4.85225610e-04
   3.44600095e+02  -2.16104047e-04
   3.44600584e+02  -6.12804084e-04
   3.44601072e+02  -1.29902072e-03
   3.44601560e+02  -1.86764216e-03
   3.44602049e+02  -5.23875351e-04
   3.44602537e+02   5.96991158e-04
   3.44603025e+02   5.19479090e-06
   3.44603514e+02  -8.19797511e-04
   3.44604002e+02  -1.41615863e-03
   3.44604490e+02  -6.88086904e-04
   3.44604979e+02  -4.34886606e-04
   3.44605467e+02  -3.36069555e-04
   3.44605955e+02   4.05619969e-04
   3.44606444e+02  -4.89494530e-04
   3.44606932e+02  -1.20202499e-03
   3.44607420e+02  -3.95550276e-04
   3.44607909e+02   4.12806432e-04
   3.44608397e+02  -1.23264435e-05
   3.44608885e+02  -9.17696685e-04
   3.44609373e+02  -1.36818457e-03
   3.44609862e+02  -1.47506490e-03
   3.44610350e+02  -1.48723915e-03
   3.44610838e+02   1.01608595e-04
   3.44611327e+02   1.88218360e-03
   3.44611815e+02   1.01474870e-03
   3.44612303e+02  -7.03612226e-04
   3.44612792e+02  -4.51703498e-04
   3.44613280e+02  -6.26623456e-04
   3.44613768e+02  -1.24931685e-03
   3.44614257e+02  -6.15695608e-04
   3.44614745e+02   3.36983561e-04
   3.44615233e+02   1.41191820e-03
   3.44615722e+02   1.77941378e-03
   3.44616210e+02   5.00743161e-04
   3.44616698e+02  -9.79551114e-04
   3.44617187e+02  -5.53421560e-04
   3.44617675e+02   8.61557317e-04
   3.44618163e+02   3.06140952e-04
   3.44618652e+02  -7.90713239e-04
   3.44619140e+02   1.05532818e-04
   3.44619628e+02   1.06588507e-03
   3.44620117e+02   1.28772913e-03
   3.44620605e+02   1.81278936e-03
   3.44621093e+02   1.50790298e-03
   3.44621581e+02   6.31007948e-04
   3.44622070e+02   4.75080014e-04
   3.44622558e+02  -5.53400547e-04
   3.44623046e+02  -1.94805826e-03
   3.44623535e+02  -1.81793713e-03
   3.44624023e+02  -3.37151170e-04
   3.44624511e+02   6.85386243e-04
   3.44625000e+02   1.88475964e-03
   3.44625488e+02   3.33616789e-03
   3.44625976e+02   2.48560868e-03
   3.44626465e+02   3.16962920e-04
   3.44626953e+02  -1.32308819e-03
   3.44627441e+02  -1.91056880e-03
   3.44627930e+02  -1.87322474e-03
   3.44628418e+02  -3.04215588e-03
   3.44628906e+02  -3.13324435e-03
   3.44629395e+02  -9.10291856e-04
   3.44629883e+02   6.20779465e-04
   3.44630371e+02   1.07373658e-03
   3.44630860e+02   5.53123653e-04
   3.44631348e+02  -3.30132490e-04
   3.44631836e+02  -4.02522390e-04
   3.44632324e+02   8.69463256e-04
   3.44632813e+02   1.28184375e-03
   3.44633301e+02   7.75180117e-04
   3.44633789e+02   1.40113791e-03
   3.44634278e+02   1.85453775e-03
   3.44634766e+02   5.97771956e-04
   3.44635254e+02  -6.32164592e-04
   3.44635743e+02   1.77576032e-04
   3.44636231e+02   1.29121449e-03
   3.44636719e+02   6.47846609e-04
   3.44637208e+02  -2.09380465e-04
   3.44637696e+02  -2.87139439e-04
   3.44638184e+02   2.37476956e-06
   3.44638673e+02  -8.05513337e-05
   3.44639161e+02  -1.60473501e-04
   3.44639649e+02   8.96118989e-04
   3.44640138e+02   1.13080221e-03
   3.44640626e+02   2.05572243e-04
   3.44641114e+02   2.11238716e-04
   3.44641603e+02   3.34193261e-04
   3.44642091e+02  -7.75826455e-04
   3.44642579e+02  -1.09302613e-03
   3.44643067e+02   1.27621621e-04
   3.44643556e+02   6.42583182e-04
   3.44644044e+02   1.00523536e-03
   3.44644532e+02   8.85240559e-04
   3.44645021e+02  -1.15698618e-04
   3.44645509e+02  -1.33059931e-03
   3.44645997e+02  -1.95327005e-03
   3.44646486e+02  -1.89620827e-03
   3.44646974e+02  -1.37757638e-03
   3.44647462e+02  -6.36181285e-05
   3.44647951e+02   9.56036907e-04
   3.44648439e+02   1.08640548e-03
   3.44648927e+02   1.12901710e-03
   3.44649416e+02   1.10595103e-03
   3.44649904e+02   2.00030001e-04
   3.44650392e+02  -1.26608752e-03
   3.44650881e+02  -2.26808293e-03
   3.44651369e+02  -2.17614975e-03
   3.44651857e+02  -1.00069481e-03
   3.44652346e+02  -4.57092363e-04
   3.44652834e+02  -1.49745902e-03
   3.44653322e+02  -2.19405768e-03
   3.44653811e+02  -2.45093531e-03
   3.44654299e+02  -2.32286914e-03
   3.44654787e+02  -1.60895672e-03
   3.44655275e+02  -5.32337057e-04
   3.44655764e+02   7.05188664e-04
   3.44656252e+02   6.73306407e-04
   3.44656740e+02   6.46791013e-05
   3.44657229e+02  -1.51968081e-04
   3.44657717e+02  -3.35262215e-04
   3.44658205e+02   7.68959464e-04
   3.44658694e+02   1.38772570e-03
   3.44659182e+02   1.61187234e-03
   3.44659670e+02   2.88900943e-03
   3.44660159e+02   3.31159891e-03
   3.44660647e+02   1.83235144e-03
   3.44661135e+02  -2.93534802e-04
   3.44661624e+02  -4.43822355e-04
   3.44662112e+02  -1.82845281e-04
   3.44662600e+02  -7.29586871e-04
   3.44663089e+02  -1.07772613e-03
   3.44663577e+02  -1.34135399e-03
   3.44664065e+02   1.55498972e-04
   3.44664554e+02   4.10191627e-04
   3.44665042e+02  -6.60745834e-04
   3.44665530e+02  -1.03364605e-03
   3.44666018e+02  -2.11393315e-04
   3.44666507e+02  -4.97897563e-04
   3.44666995e+02  -1.59421063e-03
   3.44667483e+02  -1.12158514e-03
   3.44667972e+02   5.61222841e-04
   3.44668460e+02   4.79496113e-04
   3.44668948e+02  -6.94260350e-04
   3.44669437e+02  -5.30579709e-04
   3.44669925e+02  -9.23372208e-05
   3.44670413e+02  -2.71458121e-04
   3.44670902e+02  -3.60592356e-04
   3.44671390e+02  -1.62046766e-04
   3.44671878e+02  -3.23434972e-04
   3.44672367e+02  -3.59185855e-04
   3.44672855e+02   6.14882811e-05
   3.44673343e+02  -5.24251431e-04
   3.44673832e+02  -6.74234587e-04
   3.44674320e+02   1.40690143e-04
   3.44674808e+02  -4.41283948e-04
   3.44675297e+02  -5.14749845e-04
   3.44675785e+02   8.88291630e-04
   3.44676273e+02   1.19884859e-03
   3.44676761e+02   3.81630030e-04
   3.44677250e+02  -3.73850751e-04
   3.44677738e+02  -4.11498768e-04
   3.44678226e+02   1.23026548e-04
   3.44678715e+02   4.01320256e-04
   3.44679203e+02  -6.34888202e-05
   3.44679691e+02  -1.13524892e-03
   3.44680180e+02  -1.63915276e-03
   3.44680668e+02  -8.73045297e-04
   3.44681156e+02  -5.96486207e-04
   3.44681645e+02  -1.66589848e-03
   3.44682133e+02  -1.57558511e-03
   3.44682621e+02   3.28640861e-04
   3.44683110e+02   1.38081191e-03
   3.44683598e+02   1.12876680e-03
   3.44684086e+02   1.02066062e-03
   3.44684575e+02   1.98478665e-04
   3.44685063e+02  -2.55928608e-04
   3.44685551e+02   6.92774192e-05
   3.44686040e+02   3.73409799e-04
   3.44686528e+02   8.26396456e-04
   3.44687016e+02   3.59360070e-04
   3.44687505e+02  -8.94065364e-04
   3.44687993e+02  -1.19847641e-03
   3.44688481e+02  -5.91510725e-05
   3.44688969e+02   9.22371750e-04
   3.44689458e+02   8.00038688e-04
   3.44689946e+02  -4.12875204e-04
   3.44690434e+02  -1.30811811e-03
   3.44690923e+02  -1.23319100e-03
   3.44691411e+02  -1.07845361e-03
   3.44691899e+02  -6.19972532e-04
   3.44692388e+02  -8.73993617e-04
   3.44692876e+02  -1.23286981e-03
   3.44693364e+02   5.80738299e-04
   3.44693853e+02   1.54542341e-03
   3.44694341e+02   6.26908732e-05
   3.44694829e+02  -3.50968039e-04
   3.44695318e+02   5.57173742e-04
   3.44695806e+02   9.62435734e-04
   3.44696294e+02   1.04860752e-03
   3.44696783e+02   1.10018183e-03
   3.44697271e+02   9.19011072e-04
   3.44697759e+02   9.76546376e-04
   3.44698248e+02   1.25484366e-03
   3.44698736e+02   1.08010066e-03
   3.44699224e+02   1.45905523e-03
   3.44699712e+02   1.73443288e-03
   3.44700201e+02   6.25547662e-04
   3.44700689e+02  -5.08095603e-04
   3.44701177e+02  -2.55023479e-04
   3.44701666e+02   4.79046634e-04
   3.44702154e+02   4.48321545e-04
   3.44702642e+02  -5.02232928e-04
   3.44703131e+02  -8.17119784e-04
   3.44703619e+02  -3.54934891e-04
   3.44704107e+02  -1.55900088e-05
   3.44704596e+02  -2.63385300e-04
   3.44705084e+02  -6.43657404e-04
   3.44705572e+02  -3.43126623e-04
   3.44706061e+02   1.99001312e-04
   3.44706549e+02   9.66452819e-04
   3.44707037e+02   1.31447508e-03
   3.44707526e+02   1.37371093e-03
   3.44708014e+02   1.93631055e-03
   3.44708502e+02   1.54158799e-03
   3.44708991e+02  -4.29176835e-05
   3.44709479e+02   9.46562068e-06
   3.44709967e+02   2.36149237e-04
   3.44710456e+02  -2.56677631e-05
   3.44710944e+02   2.36335705e-04
   3.44711432e+02  -1.90049959e-05
   3.44711920e+02   3.47996858e-04
   3.44712409e+02   2.05253973e-03
   3.44712897e+02   2.00950098e-03
   3.44713385e+02   6.09937779e-05
   3.44713874e+02  -1.55291316e-04
   3.44714362e+02   8.26754695e-06
   3.44714850e+02   5.38867716e-05
   3.44715339e+02   1.32232474e-03
   3.44715827e+02   1.46304979e-03
   3.44716315e+02   3.86234053e-04
   3.44716804e+02  -4.41766460e-05
   3.44717292e+02  -1.59082978e-04
   3.44717780e+02   1.09796434e-04
   3.44718269e+02   6.02932996e-05
   3.44718757e+02   4.95365493e-05
   3.44719245e+02  -6.39831051e-05
   3.44719734e+02   3.45359877e-04
   3.44720222e+02   8.86733411e-04
   3.44720710e+02  -1.20414530e-04
   3.44721199e+02  -1.35565666e-03
   3.44721687e+02  -8.21944792e-04
   3.44722175e+02  -9.28614114e-04
   3.44722663e+02  -5.03799703e-04
   3.44723152e+02   5.51030622e-04
   3.44723640e+02   4.21647303e-04
   3.44724128e+02  -6.21913117e-04
   3.44724617e+02  -9.78949480e-04
   3.44725105e+02   1.62389188e-04
   3.44725593e+02   9.03466367e-04
   3.44726082e+02   8.51366494e-04
   3.44726570e+02   2.53029808e-04
   3.44727058e+02  -8.87143193e-04
   3.44727547e+02  -3.81515070e-04
   3.44728035e+02   1.04053400e-03
   3.44728523e+02   8.38932872e-04
   3.44729012e+02  -1.77615977e-04
   3.44729500e+02   8.60776170e-04
   3.44729988e+02   2.75150524e-03
   3.44730477e+02   2.38423096e-03
   3.44730965e+02   1.08025130e-03
   3.44731453e+02   9.18973994e-04
   3.44731942e+02   9.00665822e-04
   3.44732430e+02  -3.88035754e-04
   3.44732918e+02  -1.35432824e-03
   3.44733406e+02   8.10748781e-04
   3.44733895e+02   2.30568205e-03
   3.44734383e+02   9.93327587e-04
   3.44734871e+02   4.35539929e-04
   3.44735360e+02   1.21102564e-03
   3.44735848e+02   3.46105342e-04
   3.44736336e+02  -1.05625810e-03
   3.44736825e+02  -5.44680457e-04
   3.44737313e+02   8.28213815e-04
   3.44737801e+02   7.76157947e-04
   3.44738290e+02   6.57678349e-04
   3.44738778e+02   1.14230369e-03
   3.44739266e+02   5.73666068e-04
   3.44739755e+02   1.12762224e-04
   3.44740243e+02  -1.03374168e-05
   3.44740731e+02   7.88786128e-05
   3.44741220e+02   9.15179669e-04
   3.44741708e+02   9.36929602e-04
   3.44742196e+02  -1.47057144e-04
   3.44742685e+02  -7.86935270e-04
   3.44743173e+02  -1.42662565e-03
   3.44743661e+02  -1.60423515e-03
   3.44744150e+02  -5.60608343e-04
   3.44744638e+02  -1.05231651e-04
   3.44745126e+02  -5.84282097e-04
   3.44745614e+02  -5.84088499e-04
   3.44746103e+02   2.82788125e-04
   3.44746591e+02   1.48745906e-03
   3.44747079e+02   1.29060075e-03
   3.44747568e+02   1.78076225e-04
   3.44748056e+02  -1.50962107e-04
   3.44748544e+02  -6.69196816e-05
   3.44749033e+02  -1.53588000e-04
   3.44749521e+02  -5.59580862e-04
   3.44750009e+02  -7.52361433e-04
   3.44750498e+02  -1.91764804e-04
   3.44750986e+02   3.65328335e-04
   3.44751474e+02   2.36434935e-04
   3.44751963e+02  -5.16848522e-04
   3.44752451e+02   3.09385432e-05
   3.44752939e+02   1.99577212e-03
   3.44753428e+02   3.43957916e-03
   3.44753916e+02   3.08665074e-03
   3.44754404e+02   1.03276793e-03
   3.44754893e+02  -5.44627292e-05
   3.44755381e+02   5.97990002e-04
   3.44755869e+02   1.33596861e-03
   3.44756357e+02   9.82899452e-04
   3.44756846e+02   6.07435708e-04
   3.44757334e+02   2.16802346e-05
   3.44757822e+02  -1.00406411e-03
   3.44758311e+02  -3.76520795e-04
   3.44758799e+02   5.40764537e-04
   3.44759287e+02   8.92041644e-05
   3.44759776e+02  -6.52338727e-04
   3.44760264e+02  -1.22618966e-03
   3.44760752e+02   3.14282552e-05
   3.44761241e+02   2.29972089e-03
   3.44761729e+02   3.13746557e-03
   3.44762217e+02   3.14163580e-03
   3.44762706e+02   2.47298437e-03
   3.44763194e+02   8.87730275e-04
   3.44763682e+02  -3.88259010e-04
   3.44764171e+02   1.31260167e-04
   3.44764659e+02   1.29387132e-03
   3.44765147e+02   5.12551051e-04
   3.44765636e+02  -8.39180837e-04
   3.44766124e+02  -1.26348494e-03
   3.44766612e+02  -1.21559284e-03
   3.44767100e+02  -1.22804928e-03
   3.44767589e+02  -1.70384898e-04
   3.44768077e+02   2.00185599e-03
   3.44768565e+02   3.29389633e-03
   3.44769054e+02   2.09004432e-03
   3.44769542e+02  -3.74750351e-04
   3.44770030e+02  -1.30228361e-03
   3.44770519e+02  -9.17631260e-04
   3.44771007e+02  -1.43063522e-03
   3.44771495e+02  -2.10819789e-03
   3.44771984e+02  -1.54606695e-03
   3.44772472e+02  -8.43001006e-04
   3.44772960e+02  -8.28304852e-04
   3.44773449e+02  -1.01044984e-03
   3.44773937e+02  -1.34727638e-03
   3.44774425e+02  -1.12077198e-03
   3.44774914e+02   9.37622390e-05
   3.44775402e+02   3.92356487e-05
   3.44775890e+02  -1.46458828e-04
   3.44776379e+02   1.54701222e-04
   3.44776867e+02   1.88810460e-04
   3.44777355e+02   7.31209409e-04
   3.44777844e+02   9.95236100e-04
   3.44778332e+02  -9.94643342e-05
   3.44778820e+02  -5.13707811e-04
   3.44779308e+02  -4.38256859e-04
   3.44779797e+02   3.15954036e-04
   3.44780285e+02   1.81850942e-03
   3.44780773e+02   2.43700738e-03
   3.44781262e+02   1.91960868e-03
   3.44781750e+02   8.05799791e-04
   3.44782238e+02   2.08986996e-04
   3.44782727e+02  -8.02995753e-04
   3.44783215e+02  -3.46093293e-04
   3.44783703e+02   9.76138748e-04
   3.44784192e+02   2.87868839e-04
   3.44784680e+02  -3.46734741e-04
   3.44785168e+02  -1.92518666e-04
   3.44785657e+02  -5.66559145e-04
   3.44786145e+02  -8.58013926e-04
   3.44786633e+02  -1.48309104e-04
   3.44787122e+02   1.38841011e-03
   3.44787610e+02   2.09297007e-03
   3.44788098e+02   1.31879793e-03
   3.44788587e+02   1.89629383e-04
   3.44789075e+02  -4.89151746e-04
   3.44789563e+02  -3.62775347e-04
   3.44790051e+02   7.34303554e-04
   3.44790540e+02   1.61617878e-03
   3.44791028e+02   1.05676369e-03
   3.44791516e+02   2.67252355e-04
   3.44792005e+02   2.92509736e-04
   3.44792493e+02   9.48119909e-04
   3.44792981e+02   3.48987465e-04
   3.44793470e+02  -1.68951985e-03
   3.44793958e+02  -2.62482767e-03
   3.44794446e+02  -1.97104388e-03
   3.44794935e+02  -9.42712708e-04
   3.44795423e+02  -7.99810980e-04
   3.44795911e+02  -6.35120086e-04
   3.44796400e+02  -7.20235752e-04
   3.44796888e+02  -1.77476765e-03
   3.44797376e+02  -1.32016826e-03
   3.44797865e+02   5.05582721e-04
   3.44798353e+02   1.95327029e-03
   3.44798841e+02   7.18273630e-04
   3.44799330e+02  -1.39548839e-03
   3.44799818e+02  -6.13583659e-04
   3.44800306e+02   6.25261280e-04
   3.44800794e+02   1.44548982e-03
   3.44801283e+02   2.26580980e-03
   3.44801771e+02   1.68160792e-03
   3.44802259e+02  -1.21696386e-04
   3.44802748e+02  -1.21042796e-03
   3.44803236e+02  -1.18264381e-03
   3.44803724e+02  -7.66462064e-04
   3.44804213e+02   8.23841430e-04
   3.44804701e+02   2.84826709e-03
   3.44805189e+02   3.64218303e-03
   3.44805678e+02   2.92318268e-03
   3.44806166e+02   1.49466854e-03
   3.44806654e+02   8.60820292e-05
   3.44807143e+02  -2.61283712e-04
   3.44807631e+02   9.42060782e-04
   3.44808119e+02   2.04058923e-03
   3.44808608e+02   2.14148988e-03
   3.44809096e+02   8.25494528e-04
   3.44809584e+02  -1.93866101e-04
   3.44810073e+02  -4.24916798e-04
   3.44810561e+02  -5.28119854e-04
   3.44811049e+02  -6.41577617e-06
   3.44811538e+02   2.73506361e-04
   3.44812026e+02   1.78651404e-04
   3.44812514e+02   6.43726031e-04
   3.44813002e+02   9.37540550e-04
   3.44813491e+02   7.43258512e-04
   3.44813979e+02   1.53519597e-03
   3.44814467e+02   2.05218419e-03
   3.44814956e+02   1.90857303e-04
   3.44815444e+02  -3.75714822e-04
   3.44815932e+02   8.87838192e-04
   3.44816421e+02   9.11853625e-04
   3.44816909e+02   3.03053705e-04
   3.44817397e+02   3.67751578e-04
   3.44817886e+02   9.11636685e-04
   3.44818374e+02   7.13187619e-04
   3.44818862e+02  -2.10903730e-04
   3.44819351e+02   2.57546402e-04
   3.44819839e+02   1.64671952e-03
   3.44820327e+02   1.26427331e-03
   3.44820816e+02  -3.36310623e-04
   3.44821304e+02  -4.46815655e-04
   3.44821792e+02  -1.37922791e-04
   3.44822281e+02  -1.27237837e-03
   3.44822769e+02  -1.25368813e-03
   3.44823257e+02  -1.16768887e-03
   3.44823745e+02  -1.91707071e-03
   3.44824234e+02  -6.06473477e-04
   3.44824722e+02   1.51959469e-03
   3.44825210e+02   1.26286282e-03
   3.44825699e+02   3.82220373e-04
   3.44826187e+02  -5.74665668e-04
   3.44826675e+02  -1.28628220e-03
   3.44827164e+02   1.92257954e-04
   3.44827652e+02   1.06910907e-03
   3.44828140e+02  -9.72076319e-04
   3.44828629e+02  -1.53272680e-03
   3.44829117e+02   2.53563863e-04
   3.44829605e+02  -9.65127765e-05
   3.44830094e+02  -1.03843340e-03
   3.44830582e+02  -1.08597218e-03
   3.44831070e+02  -1.32817298e-03
   3.44831559e+02  -1.00285944e-03
   3.44832047e+02  -6.59200523e-05
   3.44832535e+02  -2.48339755e-04
   3.44833024e+02  -1.52324571e-03
   3.44833512e+02  -1.94216275e-03
   3.44834000e+02  -1.72229554e-03
   3.44834488e+02  -1.31149194e-03
   3.44834977e+02  -1.20707788e-03
   3.44835465e+02  -1.74287858e-03
   3.44835953e+02  -2.09260988e-03
   3.44836442e+02  -1.93955482e-03
   3.44836930e+02  -3.39250138e-04
   3.44837418e+02   1.30830496e-03
   3.44837907e+02   3.45398468e-04
   3.44838395e+02  -5.65077353e-04
   3.44838883e+02  -2.80861423e-04
   3.44839372e+02   7.50090287e-04
   3.44839860e+02   1.06980324e-05
   3.44840348e+02   4.39101685e-04
   3.44840837e+02   2.19838461e-04
   3.44841325e+02  -7.91950268e-04
   3.44841813e+02  -3.08255578e-04
   3.44842302e+02   7.24992366e-04
   3.44842790e+02   1.47501938e-03
   3.44843278e+02   5.17985900e-04
   3.44843767e+02  -1.10911229e-03
   3.44844255e+02  -1.27871055e-03
   3.44844743e+02  -1.46870792e-03
   3.44845232e+02  -1.48545974e-03
   3.44845720e+02  -2.11237522e-04
   3.44846208e+02   6.29934773e-04
   3.44846696e+02   3.13758123e-04
   3.44847185e+02   5.25905853e-05
   3.44847673e+02   2.73744576e-04
   3.44848161e+02   4.12788388e-04
   3.44848650e+02  -2.27988668e-04
   3.44849138e+02  -8.62047833e-04
   3.44849626e+02  -1.51478438e-04
   3.44850115e+02   8.14102765e-04
   3.44850603e+02   1.12432463e-03
   3.44851091e+02   1.05764961e-03
   3.44851580e+02   6.20585110e-04
   3.44852068e+02   1.84463133e-05
   3.44852556e+02  -7.10965251e-04
   3.44853045e+02  -8.60300090e-04
   3.44853533e+02  -5.45874587e-04
   3.44854021e+02   2.77631189e-04
   3.44854510e+02   2.12647440e-03
   3.44854998e+02   3.19237309e-03
   3.44855486e+02   2.42675538e-03
   3.44855975e+02  -8.13965016e-06
   3.44856463e+02  -1.57862203e-03
   3.44856951e+02  -9.98636009e-04
   3.44857439e+02   1.20046832e-04
   3.44857928e+02   7.08929496e-04
   3.44858416e+02   1.52617955e-04
   3.44858904e+02  -4.23162797e-04
   3.44859393e+02   4.49517131e-04
   3.44859881e+02   7.30623697e-06
   3.44860369e+02  -1.61382323e-03
   3.44860858e+02  -1.62310922e-03
   3.44861346e+02  -9.85775478e-06
   3.44861834e+02   1.28331734e-03
   3.44862323e+02   6.30684197e-04
   3.44862811e+02   5.69038850e-04
   3.44863299e+02   1.16112165e-03
   3.44863788e+02   2.50142737e-04
   3.44864276e+02  -7.44981284e-04
   3.44864764e+02  -4.30299842e-04
   3.44865253e+02   2.48534809e-04
   3.44865741e+02  -4.85720841e-04
   3.44866229e+02  -1.50715827e-03
   3.44866718e+02  -6.74717536e-04
   3.44867206e+02  -1.93511718e-04
   3.44867694e+02  -1.59563380e-03
   3.44868183e+02  -2.13008164e-03
   3.44868671e+02  -1.38492580e-03
   3.44869159e+02  -5.32607373e-04
   3.44869647e+02   5.56262152e-04
   3.44870136e+02   1.01312110e-03
   3.44870624e+02   6.82408747e-04
   3.44871112e+02   3.90381465e-04
   3.44871601e+02   1.12875528e-03
   3.44872089e+02   1.81104417e-03
   3.44872577e+02   1.55764935e-03
   3.44873066e+02   1.94177183e-03
   3.44873554e+02   2.10182206e-03
   3.44874042e+02   7.40506453e-04
   3.44874531e+02  -3.65779531e-04
   3.44875019e+02   1.51562999e-04
   3.44875507e+02   1.28375995e-03
   3.44875996e+02   7.95217115e-04
   3.44876484e+02   2.34268077e-06
   3.44876972e+02  -3.08295392e-04
   3.44877461e+02   4.74470260e-04
   3.44877949e+02   1.45930343e-03
   3.44878437e+02   1.26750302e-03
   3.44878926e+02   6.98577380e-04
   3.44879414e+02   6.45441702e-04
   3.44879902e+02   6.55008364e-04
   3.44880390e+02  -5.04457130e-05
   3.44880879e+02  -3.01842170e-04
   3.44881367e+02   3.03223555e-04
   3.44881855e+02   1.05089252e-03
   3.44882344e+02   7.50305655e-04
   3.44882832e+02   1.25196922e-04
   3.44883320e+02   7.75170556e-05
   3.44883809e+02  -1.18008349e-03
   3.44884297e+02  -2.29455088e-03
   3.44884785e+02  -8.71439115e-04
   3.44885274e+02   9.49370267e-04
   3.44885762e+02   6.03565459e-05
   3.44886250e+02  -1.41871057e-03
   3.44886739e+02  -3.01818858e-04
   3.44887227e+02   1.39183179e-03
   3.44887715e+02   6.04498549e-04
   3.44888204e+02  -9.68347013e-04
   3.44888692e+02  -1.05031312e-03
   3.44889180e+02  -1.00623630e-03
   3.44889669e+02  -2.24807256e-04
   3.44890157e+02   5.17528155e-04
   3.44890645e+02   8.48862401e-04
   3.44891133e+02   1.89600617e-03
   3.44891622e+02   9.65260144e-04
   3.44892110e+02  -8.60574830e-04
   3.44892598e+02  -6.14989316e-04
   3.44893087e+02   4.71009465e-04
   3.44893575e+02   3.40307393e-04
   3.44894063e+02   3.22090549e-04
   3.44894552e+02   2.02410878e-03
   3.44895040e+02   2.89828773e-03
   3.44895528e+02   8.39139509e-04
   3.44896017e+02  -1.05212384e-03
   3.44896505e+02  -2.77141633e-04
   3.44896993e+02  -3.24779830e-04
   3.44897482e+02  -1.73060445e-03
   3.44897970e+02  -2.10743770e-03
   3.44898458e+02  -1.82053843e-03
   3.44898947e+02  -2.69870553e-03
   3.44899435e+02  -3.14045069e-03
   3.44899923e+02  -1.90544478e-03
   3.44900412e+02   1.80801115e-04
   3.44900900e+02   1.62705011e-03
   3.44901388e+02   1.89717708e-03
   3.44901877e+02   7.84529431e-04
   3.44902365e+02  -2.19324982e-04
   3.44902853e+02  -1.23167329e-03
   3.44903341e+02  -1.01392076e-03
   3.44903830e+02   1.08535297e-03
   3.44904318e+02   1.81666249e-03
   3.44904806e+02   5.86722279e-04
   3.44905295e+02   3.66113003e-04
   3.44905783e+02   8.57032195e-04
   3.44906271e+02   1.14656484e-03
   3.44906760e+02   1.03246886e-03
   3.44907248e+02   5.04922762e-04
   3.44907736e+02   1.27999508e-03
   3.44908225e+02   1.73665292e-03
   3.44908713e+02   5.39346365e-04
   3.44909201e+02   9.22902196e-04
   3.44909690e+02   2.57226941e-03
   3.44910178e+02   1.71971670e-03
   3.44910666e+02  -2.80554057e-04
   3.44911155e+02  -9.00996616e-04
   3.44911643e+02  -7.96780514e-04
   3.44912131e+02  -8.04165029e-04
   3.44912620e+02  -7.12047040e-04
   3.44913108e+02   6.42087020e-04
   3.44913596e+02   1.85578712e-03
   3.44914084e+02   1.47286325e-03
   3.44914573e+02   4.34196147e-04
   3.44915061e+02  -3.17755796e-04
   3.44915549e+02  -6.94807502e-04
   3.44916038e+02  -1.45999377e-03
   3.44916526e+02  -1.74256833e-03
   3.44917014e+02  -1.19485089e-03
   3.44917503e+02  -1.37070392e-03
   3.44917991e+02  -8.35121435e-04
   3.44918479e+02   5.54751605e-04
   3.44918968e+02  -2.39181736e-05
   3.44919456e+02  -1.86039309e-04
   3.44919944e+02  -3.05563794e-04
   3.44920433e+02  -8.50192329e-04
   3.44920921e+02  -4.12410067e-04
   3.44921409e+02   7.34547793e-04
   3.44921898e+02   2.45076674e-03
   3.44922386e+02   2.83497595e-03
   3.44922874e+02   1.32687844e-03
   3.44923363e+02  -2.14638145e-04
   3.44923851e+02  -3.72050796e-04
   3.44924339e+02   5.86351147e-04
   3.44924827e+02   8.86984053e-04
   3.44925316e+02   1.51104736e-03
   3.44925804e+02   2.68298737e-03
   3.44926292e+02   2.84869596e-03
   3.44926781e+02   1.16736896e-03
   3.44927269e+02  -1.72602804e-03
   3.44927757e+02  -2.33164127e-03
   3.44928246e+02  -1.90992389e-04
   3.44928734e+02   1.16282678e-03
   3.44929222e+02   1.93287968e-04
   3.44929711e+02  -4.96597262e-04
   3.44930199e+02   2.39176792e-04
   3.44930687e+02  -2.16138666e-04
   3.44931176e+02  -9.81181875e-05
   3.44931664e+02   2.56624946e-04
   3.44932152e+02  -7.78243644e-04
   3.44932641e+02  -1.01827341e-03
   3.44933129e+02  -4.65405232e-04
   3.44933617e+02  -6.59038313e-04
   3.44934106e+02  -7.87666882e-04
   3.44934594e+02  -7.65848556e-04
   3.44935082e+02  -7.50329462e-04
   3.44935571e+02  -1.29502558e-03
   3.44936059e+02  -1.43813400e-03
   3.44936547e+02  -1.45722486e-04
   3.44937035e+02   2.74684979e-04
   3.44937524e+02   2.88563926e-04
   3.44938012e+02   1.58194208e-03
   3.44938500e+02   1.22012349e-03
   3.44938989e+02  -4.52207314e-04
   3.44939477e+02  -9.56519652e-05
   3.44939965e+02   5.35946747e-04
   3.44940454e+02  -1.09543711e-04
   3.44940942e+02  -1.52673194e-04
   3.44941430e+02  -7.20985554e-05
   3.44941919e+02   7.51483196e-04
   3.44942407e+02   2.33070459e-03
   3.44942895e+02   2.22596223e-03
   3.44943384e+02   1.88074494e-03
   3.44943872e+02   1.24429457e-03
   3.44944360e+02   5.79403597e-04
   3.44944849e+02  -3.44576620e-05
   3.44945337e+02  -7.83383439e-04
   3.44945825e+02  -3.19955405e-04
   3.44946314e+02   3.92868882e-04
   3.44946802e+02   7.73555075e-04
   3.44947290e+02   6.74933312e-04
   3.44947778e+02  -1.25182487e-04
   3.44948267e+02  -8.51767662e-04
   3.44948755e+02  -8.09887657e-04
   3.44949243e+02  -7.17755931e-04
   3.44949732e+02   2.08750662e-05
   3.44950220e+02   3.28875001e-04
   3.44950708e+02  -6.00024650e-04
   3.44951197e+02  -6.47075591e-04
   3.44951685e+02   2.31586891e-04
   3.44952173e+02   3.32133903e-04
   3.44952662e+02  -1.09620928e-03
   3.44953150e+02  -1.61492953e-03
   3.44953638e+02  -7.04528298e-04
   3.44954127e+02  -2.15359600e-04
   3.44954615e+02   1.17263489e-03
