frequency (GHz), flux (Jy/beam)
   3.44888470e+02   2.26472985e-04
   3.44888959e+02   2.55964202e-04
   3.44889447e+02   1.25889375e-04
   3.44889935e+02   1.27031002e-04
   3.44890423e+02   2.51992955e-04
   3.44890912e+02   2.31663464e-04
   3.44891400e+02   4.45178681e-04
   3.44891888e+02   6.17623387e-04
   3.44892377e+02   3.82016093e-04
   3.44892865e+02   3.21189145e-04
   3.44893353e+02   2.74962862e-04
   3.44893842e+02   2.24723379e-04
   3.44894330e+02   4.49462939e-04
   3.44894818e+02   2.32814797e-04
   3.44895307e+02  -7.66176818e-05
   3.44895795e+02   1.93720072e-04
   3.44896283e+02   4.84490825e-04
   3.44896771e+02   5.89762465e-04
   3.44897260e+02   4.11942427e-04
   3.44897748e+02   1.87271056e-04
   3.44898236e+02   1.80097632e-04
   3.44898725e+02   1.33199879e-04
   3.44899213e+02   1.52345776e-04
   3.44899701e+02   3.92776012e-04
   3.44900190e+02   5.06351702e-04
   3.44900678e+02   2.61491019e-04
   3.44901166e+02  -1.94564374e-04
   3.44901655e+02  -3.12007236e-04
   3.44902143e+02  -1.92732376e-04
   3.44902631e+02   1.04741684e-05
   3.44903119e+02   1.68360173e-04
   3.44903608e+02  -2.67214341e-06
   3.44904096e+02  -1.34187983e-04
   3.44904584e+02  -1.22101424e-04
   3.44905073e+02  -4.26739076e-04
   3.44905561e+02  -6.59597106e-04
   3.44906049e+02  -3.91651876e-04
   3.44906538e+02   1.31821769e-04
   3.44907026e+02   4.35498077e-04
   3.44907514e+02   3.14411620e-04
   3.44908003e+02  -2.39659585e-05
   3.44908491e+02  -2.85693910e-04
   3.44908979e+02  -2.29320416e-04
   3.44909467e+02   4.91406936e-05
   3.44909956e+02   1.44695310e-04
   3.44910444e+02   1.63666846e-05
   3.44910932e+02   3.75064119e-05
   3.44911421e+02   4.71477324e-05
   3.44911909e+02  -1.47350220e-04
   3.44912397e+02  -2.67666503e-04
   3.44912886e+02  -2.24184871e-04
   3.44913374e+02  -1.44417732e-04
   3.44913862e+02  -1.38596197e-05
   3.44914351e+02  -1.35085749e-04
   3.44914839e+02  -3.84812738e-04
   3.44915327e+02  -2.56218336e-04
   3.44915815e+02  -2.68631557e-05
   3.44916304e+02  -1.18631418e-04
   3.44916792e+02  -2.23038485e-04
   3.44917280e+02  -2.75833212e-04
   3.44917769e+02  -5.13299310e-04
   3.44918257e+02  -4.84285702e-04
   3.44918745e+02   1.13433780e-04
   3.44919234e+02   7.55206449e-04
   3.44919722e+02   5.74189296e-04
   3.44920210e+02   1.26173560e-04
   3.44920699e+02   2.30831589e-04
   3.44921187e+02   3.94295348e-04
   3.44921675e+02   2.97657505e-04
   3.44922163e+02   1.95586224e-04
   3.44922652e+02   1.93348940e-04
   3.44923140e+02   1.04145132e-04
   3.44923628e+02   2.21301947e-04
   3.44924117e+02   5.33446204e-04
   3.44924605e+02   3.23819375e-04
   3.44925093e+02  -4.77318936e-05
   3.44925582e+02  -1.47648112e-04
   3.44926070e+02  -2.84896651e-05
   3.44926558e+02   2.83527217e-04
   3.44927047e+02   1.59710777e-04
   3.44927535e+02  -3.24274879e-04
   3.44928023e+02  -3.87662643e-04
   3.44928512e+02   6.64852178e-06
   3.44929000e+02   3.76597338e-04
   3.44929488e+02   3.24012479e-04
   3.44929976e+02   2.76367151e-04
   3.44930465e+02   4.74475353e-04
   3.44930953e+02   4.85867757e-04
   3.44931441e+02   1.28027983e-04
   3.44931930e+02  -9.20904349e-05
   3.44932418e+02   2.14292741e-04
   3.44932906e+02   9.00675732e-05
   3.44933395e+02  -2.55454041e-04
   3.44933883e+02   8.15726889e-05
   3.44934371e+02   3.03078385e-04
   3.44934860e+02  -7.90862323e-05
   3.44935348e+02  -3.09639465e-04
   3.44935836e+02  -4.95394343e-04
   3.44936324e+02  -4.74695844e-04
   3.44936813e+02   2.15954526e-04
   3.44937301e+02   5.80975960e-04
   3.44937789e+02   6.50267466e-05
   3.44938278e+02  -3.05699650e-04
   3.44938766e+02  -5.54165570e-04
   3.44939254e+02  -8.60477390e-04
   3.44939743e+02  -2.98202096e-04
   3.44940231e+02   4.56252514e-04
   3.44940719e+02   3.69031506e-04
   3.44941208e+02   3.16393016e-05
   3.44941696e+02   7.40065225e-05
   3.44942184e+02   2.25196491e-04
   3.44942672e+02   5.56663726e-04
   3.44943161e+02   6.22743857e-04
   3.44943649e+02  -2.58974960e-05
   3.44944137e+02  -4.15277580e-04
   3.44944626e+02  -3.02109052e-04
   3.44945114e+02  -2.93427031e-04
   3.44945602e+02  -4.08551365e-04
   3.44946091e+02  -4.44072124e-04
   3.44946579e+02  -2.08450801e-04
   3.44947067e+02  -2.19417445e-04
   3.44947556e+02  -3.14135337e-04
   3.44948044e+02  -8.56558618e-05
   3.44948532e+02   1.81943338e-04
   3.44949020e+02   1.83802214e-04
   3.44949509e+02   2.50098296e-04
   3.44949997e+02   2.74529069e-04
   3.44950485e+02   2.08159443e-04
   3.44950974e+02   4.71378997e-04
   3.44951462e+02   2.80060514e-04
   3.44951950e+02  -3.69506102e-04
   3.44952439e+02  -5.04283351e-04
   3.44952927e+02  -2.97243154e-04
   3.44953415e+02  -3.17644037e-04
   3.44953904e+02  -5.04644238e-04
   3.44954392e+02  -5.66139119e-04
   3.44954880e+02  -6.23070577e-04
   3.44955368e+02  -1.34815506e-04
   3.44955857e+02   2.95678445e-04
   3.44956345e+02   1.38084433e-04
   3.44956833e+02   1.26591831e-05
   3.44957322e+02  -2.39992460e-05
   3.44957810e+02   1.06781285e-04
   3.44958298e+02   3.80155921e-04
   3.44958787e+02   3.26097332e-04
   3.44959275e+02   3.85632244e-04
   3.44959763e+02   8.21694790e-04
   3.44960252e+02   8.62134271e-04
   3.44960740e+02   2.44573021e-04
   3.44961228e+02  -1.71781998e-04
   3.44961716e+02  -1.26036553e-04
   3.44962205e+02   3.20381441e-05
   3.44962693e+02   3.12886667e-04
   3.44963181e+02   3.92017915e-04
   3.44963670e+02   1.94647349e-04
   3.44964158e+02  -8.33735176e-05
   3.44964646e+02  -2.29280791e-04
   3.44965135e+02  -1.67803883e-05
   3.44965623e+02   6.23253000e-05
   3.44966111e+02  -1.94332533e-04
   3.44966600e+02  -2.30066042e-04
   3.44967088e+02  -1.50951905e-06
   3.44967576e+02   1.86376230e-04
   3.44968065e+02   7.88128236e-05
   3.44968553e+02  -1.44003589e-05
   3.44969041e+02   3.68092115e-05
   3.44969529e+02  -2.78728585e-05
   3.44970018e+02   2.43994837e-05
   3.44970506e+02   4.76840854e-04
   3.44970994e+02   6.08615053e-04
   3.44971483e+02   2.30444100e-04
   3.44971971e+02  -1.09651839e-04
   3.44972459e+02  -2.43466115e-04
   3.44972948e+02  -1.19950513e-04
   3.44973436e+02  -1.60394866e-05
   3.44973924e+02   1.55026224e-04
   3.44974413e+02   4.01011406e-04
   3.44974901e+02   5.77341765e-04
   3.44975389e+02   7.31639506e-04
   3.44975877e+02   5.17983921e-04
   3.44976366e+02  -2.32459715e-05
   3.44976854e+02  -3.58906836e-04
   3.44977342e+02  -5.63312904e-04
   3.44977831e+02  -4.33851121e-04
   3.44978319e+02  -2.69363256e-04
   3.44978807e+02  -4.86093893e-04
   3.44979296e+02  -3.78381781e-04
   3.44979784e+02   6.25595640e-05
   3.44980272e+02   3.00134037e-04
   3.44980761e+02   3.25712113e-04
   3.44981249e+02   2.06719764e-04
   3.44981737e+02   8.94133336e-05
   3.44982225e+02   1.26189640e-04
   3.44982714e+02   2.25042852e-04
   3.44983202e+02   1.66093843e-04
   3.44983690e+02   1.52469496e-04
   3.44984179e+02   1.27653795e-04
   3.44984667e+02  -3.07218725e-04
   3.44985155e+02  -3.21890257e-04
   3.44985644e+02  -8.25142924e-05
   3.44986132e+02  -3.32975760e-04
   3.44986620e+02  -2.62055837e-04
   3.44987109e+02   1.81403797e-04
   3.44987597e+02   3.40567465e-04
   3.44988085e+02   4.78259375e-04
   3.44988573e+02   7.21082266e-04
   3.44989062e+02   6.65838714e-04
   3.44989550e+02   2.38131921e-04
   3.44990038e+02   2.46940996e-04
   3.44990527e+02   6.52251358e-04
   3.44991015e+02   7.63358898e-04
   3.44991503e+02   4.12964582e-04
   3.44991992e+02   6.62047478e-06
   3.44992480e+02  -1.76073991e-05
   3.44992968e+02   3.39720418e-06
   3.44993457e+02  -4.00373741e-04
   3.44993945e+02  -8.01335264e-04
   3.44994433e+02  -8.56365077e-04
   3.44994921e+02  -5.13870327e-04
   3.44995410e+02   1.52375433e-04
   3.44995898e+02   4.56855574e-04
   3.44996386e+02   3.80801503e-05
   3.44996875e+02  -3.17472965e-04
   3.44997363e+02  -2.24500502e-04
   3.44997851e+02  -2.65568844e-04
   3.44998340e+02  -2.24782896e-04
   3.44998828e+02   7.45461075e-05
   3.44999316e+02   2.01577583e-04
   3.44999805e+02   2.43140195e-04
   3.45000293e+02   3.87627442e-05
   3.45000781e+02  -9.19568047e-05
   3.45001269e+02  -6.08060909e-05
   3.45001758e+02   5.85150665e-05
   3.45002246e+02   2.40207781e-04
   3.45002734e+02   6.63482497e-05
   3.45003223e+02   2.45127721e-05
   3.45003711e+02   3.04420770e-04
   3.45004199e+02   4.59739931e-05
   3.45004688e+02  -1.34170725e-04
   3.45005176e+02   2.05545002e-04
   3.45005664e+02   1.46373481e-04
   3.45006153e+02  -1.39428987e-04
   3.45006641e+02   2.63139718e-05
   3.45007129e+02   2.63593276e-04
   3.45007618e+02   7.61646152e-05
   3.45008106e+02  -2.94374222e-05
   3.45008594e+02   1.78604314e-04
   3.45009082e+02   8.22010406e-05
   3.45009571e+02  -2.25527547e-04
   3.45010059e+02  -4.46974183e-04
   3.45010547e+02  -7.16288574e-04
   3.45011036e+02  -8.05035990e-04
   3.45011524e+02  -6.49920548e-04
   3.45012012e+02  -4.73096705e-04
   3.45012501e+02  -3.85594285e-05
   3.45012989e+02   3.84122308e-04
   3.45013477e+02   2.08649697e-04
   3.45013966e+02  -2.63028283e-04
   3.45014454e+02  -2.17618785e-04
   3.45014942e+02   6.47980341e-05
   3.45015430e+02   1.55517890e-04
   3.45015919e+02  -1.10883986e-04
   3.45016407e+02  -3.13776109e-04
   3.45016895e+02  -2.89423566e-04
   3.45017384e+02  -2.52224534e-04
   3.45017872e+02   1.53214918e-04
   3.45018360e+02   2.11654420e-04
   3.45018849e+02  -1.19413562e-04
   3.45019337e+02  -2.14885848e-04
   3.45019825e+02  -9.74142094e-05
   3.45020314e+02   1.69415707e-05
   3.45020802e+02   4.61845084e-05
   3.45021290e+02   2.93937657e-04
   3.45021778e+02   5.31368365e-04
   3.45022267e+02   6.30336348e-04
   3.45022755e+02   6.66451175e-04
   3.45023243e+02   6.30488736e-04
   3.45023732e+02   3.94124072e-04
   3.45024220e+02  -1.58960873e-04
   3.45024708e+02  -3.85101739e-04
   3.45025197e+02   5.33248385e-05
   3.45025685e+02  -4.93708030e-05
   3.45026173e+02  -7.18820957e-04
   3.45026662e+02  -7.25339283e-04
   3.45027150e+02  -1.41280616e-04
   3.45027638e+02   3.54964213e-05
   3.45028126e+02   9.11095995e-05
   3.45028615e+02   2.60285713e-04
   3.45029103e+02   1.15418625e-04
   3.45029591e+02   1.98164314e-04
   3.45030080e+02   3.15909390e-04
   3.45030568e+02  -2.09302052e-05
   3.45031056e+02  -1.74363537e-04
   3.45031545e+02  -9.19760932e-05
   3.45032033e+02   5.57756866e-05
   3.45032521e+02   1.97208006e-04
   3.45033010e+02  -6.62603197e-05
   3.45033498e+02  -2.54683022e-04
   3.45033986e+02   1.92433465e-04
   3.45034474e+02   3.72654031e-04
   3.45034963e+02   8.71567827e-05
   3.45035451e+02  -5.76385573e-05
   3.45035939e+02  -2.70790828e-04
   3.45036428e+02  -2.55909574e-04
   3.45036916e+02   1.99291375e-04
   3.45037404e+02   1.98559734e-04
   3.45037893e+02  -1.96706736e-04
   3.45038381e+02  -1.85560129e-04
   3.45038869e+02  -2.32080434e-04
   3.45039358e+02  -3.41403531e-04
   3.45039846e+02   3.00916472e-05
   3.45040334e+02   1.93847314e-04
   3.45040822e+02   1.84635093e-04
   3.45041311e+02   4.38660034e-04
   3.45041799e+02   3.36469762e-04
   3.45042287e+02  -2.06003213e-04
   3.45042776e+02  -6.84392056e-04
   3.45043264e+02  -5.94234094e-04
   3.45043752e+02  -1.64794619e-04
   3.45044241e+02  -4.08132255e-05
   3.45044729e+02  -1.25250852e-04
   3.45045217e+02   2.04944474e-04
   3.45045706e+02   5.94867626e-04
   3.45046194e+02   7.20186799e-04
   3.45046682e+02   4.45181387e-04
   3.45047171e+02   9.14607517e-05
   3.45047659e+02   2.58073735e-04
   3.45048147e+02   4.99031681e-04
   3.45048635e+02   4.59240633e-04
   3.45049124e+02   2.24982141e-04
   3.45049612e+02  -3.82571714e-04
   3.45050100e+02  -4.71640931e-04
   3.45050589e+02   1.23676902e-04
   3.45051077e+02   3.25396890e-04
   3.45051565e+02   5.29131677e-04
   3.45052054e+02   5.99930005e-04
   3.45052542e+02   3.10645228e-05
   3.45053030e+02   4.70874656e-05
   3.45053519e+02   4.14091977e-04
   3.45054007e+02   5.04008727e-04
   3.45054495e+02   4.97537316e-04
   3.45054983e+02   1.77515656e-04
   3.45055472e+02  -3.24057837e-05
   3.45055960e+02  -1.12043410e-04
   3.45056448e+02  -3.37226433e-04
   3.45056937e+02  -2.70206801e-04
   3.45057425e+02  -5.59224736e-06
   3.45057913e+02  -7.48838356e-05
   3.45058402e+02  -2.90111260e-04
   3.45058890e+02  -1.62265555e-04
   3.45059378e+02   1.56510883e-04
   3.45059867e+02   3.52804636e-04
   3.45060355e+02   1.72166456e-05
   3.45060843e+02  -5.40410751e-04
   3.45061331e+02  -4.26092534e-04
   3.45061820e+02   5.28788602e-04
   3.45062308e+02   6.81799953e-04
   3.45062796e+02  -3.08228227e-05
   3.45063285e+02  -4.54375811e-04
   3.45063773e+02  -9.03299224e-05
   3.45064261e+02  -7.55789461e-06
   3.45064750e+02  -2.10739337e-04
   3.45065238e+02  -3.05588677e-04
   3.45065726e+02  -3.22499749e-04
   3.45066215e+02   5.80816704e-05
   3.45066703e+02   4.06643230e-04
   3.45067191e+02   2.17516135e-04
   3.45067679e+02   2.37764776e-04
   3.45068168e+02   3.35275487e-04
   3.45068656e+02  -1.01844944e-05
   3.45069144e+02  -3.46427958e-04
   3.45069633e+02  -5.10639162e-04
   3.45070121e+02  -6.99475990e-04
   3.45070609e+02  -8.26731790e-04
   3.45071098e+02  -4.66140656e-04
   3.45071586e+02  -1.93689120e-04
   3.45072074e+02  -3.04479297e-04
   3.45072563e+02  -1.56480281e-04
   3.45073051e+02   3.52704024e-04
   3.45073539e+02   6.94512855e-04
   3.45074027e+02   4.02835693e-04
   3.45074516e+02  -3.59530750e-05
   3.45075004e+02  -6.22862126e-06
   3.45075492e+02   1.53104236e-04
   3.45075981e+02   9.01523235e-05
   3.45076469e+02   1.68521801e-04
   3.45076957e+02   5.08633384e-04
   3.45077446e+02   3.91690002e-04
   3.45077934e+02  -1.99202346e-04
   3.45078422e+02  -4.53448010e-04
   3.45078911e+02  -9.21746323e-05
   3.45079399e+02   7.94470088e-06
   3.45079887e+02  -4.50764521e-04
   3.45080375e+02  -4.13058209e-04
   3.45080864e+02   1.92658685e-04
   3.45081352e+02   4.04404884e-04
   3.45081840e+02   2.61715788e-04
   3.45082329e+02  -6.12774747e-05
   3.45082817e+02  -2.93373945e-04
   3.45083305e+02  -1.08308821e-04
   3.45083794e+02   4.80237977e-05
   3.45084282e+02  -1.04178043e-05
   3.45084770e+02  -7.49333994e-05
   3.45085259e+02  -2.06780358e-04
   3.45085747e+02  -2.39825080e-04
   3.45086235e+02   1.95669745e-05
   3.45086724e+02   3.27806512e-04
   3.45087212e+02   1.85531957e-04
   3.45087700e+02  -1.81489479e-04
   3.45088188e+02  -5.94502315e-04
   3.45088677e+02  -8.47655523e-04
   3.45089165e+02  -5.97037142e-04
   3.45089653e+02   2.89226705e-06
   3.45090142e+02   4.64663492e-04
   3.45090630e+02   2.84133450e-04
   3.45091118e+02  -6.68104549e-05
   3.45091607e+02   7.55758956e-05
   3.45092095e+02   1.01994323e-04
   3.45092583e+02  -1.40715520e-05
   3.45093072e+02  -7.78455724e-05
   3.45093560e+02   3.20416839e-05
   3.45094048e+02   2.40607056e-04
   3.45094536e+02   1.80648014e-04
   3.45095025e+02  -6.09287672e-05
   3.45095513e+02  -1.80874995e-04
   3.45096001e+02  -8.30858917e-05
   3.45096490e+02  -3.46142733e-05
   3.45096978e+02  -3.31003102e-04
   3.45097466e+02  -6.26465830e-04
   3.45097955e+02  -5.13360836e-04
   3.45098443e+02   9.56666408e-05
   3.45098931e+02   7.13077141e-04
   3.45099420e+02   8.52343335e-04
   3.45099908e+02   3.95289244e-04
   3.45100396e+02  -2.39826186e-04
   3.45100884e+02  -2.05783377e-04
   3.45101373e+02   2.69041717e-04
   3.45101861e+02   2.45251053e-04
   3.45102349e+02   3.91186877e-05
   3.45102838e+02  -2.07201971e-04
   3.45103326e+02  -1.39217460e-04
   3.45103814e+02   9.24409323e-05
   3.45104303e+02   2.45942036e-04
   3.45104791e+02   9.72745693e-05
   3.45105279e+02  -1.83007229e-04
   3.45105768e+02  -1.87400656e-04
   3.45106256e+02  -2.10169223e-04
   3.45106744e+02  -3.14538716e-04
   3.45107232e+02  -5.10429207e-04
   3.45107721e+02  -5.20998903e-04
   3.45108209e+02  -4.16357507e-04
   3.45108697e+02  -4.23852907e-04
   3.45109186e+02  -2.17463356e-04
   3.45109674e+02  -6.74005787e-05
   3.45110162e+02  -2.69836921e-04
   3.45110651e+02  -3.55919416e-04
   3.45111139e+02  -3.96696734e-04
   3.45111627e+02  -3.60487349e-04
   3.45112116e+02  -3.45234839e-05
   3.45112604e+02   2.70862976e-04
   3.45113092e+02   4.32961009e-04
   3.45113580e+02   3.45164561e-04
   3.45114069e+02   4.81004507e-04
   3.45114557e+02   9.04580927e-04
   3.45115045e+02   6.25764078e-04
   3.45115534e+02  -1.63775898e-04
   3.45116022e+02  -4.23230347e-04
   3.45116510e+02  -5.44460956e-04
   3.45116999e+02  -6.93563954e-04
   3.45117487e+02  -2.20767542e-05
   3.45117975e+02   4.43843484e-04
   3.45118464e+02   4.20777942e-04
   3.45118952e+02   5.73265657e-04
   3.45119440e+02   2.72990437e-04
   3.45119928e+02  -3.12122393e-05
   3.45120417e+02  -2.37250904e-04
   3.45120905e+02  -7.48081293e-05
   3.45121393e+02   3.07737646e-04
   3.45121882e+02   3.47025925e-04
   3.45122370e+02  -9.37824188e-06
   3.45122858e+02  -1.53368164e-04
   3.45123347e+02   1.11411180e-04
   3.45123835e+02   1.56099108e-04
   3.45124323e+02  -1.19921402e-04
   3.45124812e+02  -2.41420159e-04
   3.45125300e+02  -9.67137312e-05
   3.45125788e+02   7.98398178e-05
   3.45126277e+02   8.22437360e-05
   3.45126765e+02  -3.20749881e-04
   3.45127253e+02  -7.40609656e-04
   3.45127741e+02  -4.39483294e-04
   3.45128230e+02   1.21482830e-04
   3.45128718e+02   1.06202904e-04
   3.45129206e+02   2.84104863e-05
   3.45129695e+02  -2.10190174e-05
   3.45130183e+02  -9.35216085e-05
   3.45130671e+02   1.24536309e-04
   3.45131160e+02   1.41505327e-04
   3.45131648e+02   1.13754621e-04
   3.45132136e+02   3.47552850e-04
   3.45132625e+02   4.36227652e-04
   3.45133113e+02   4.73816501e-04
   3.45133601e+02   4.41146869e-04
   3.45134089e+02   2.05945744e-05
   3.45134578e+02  -4.26391780e-05
   3.45135066e+02   3.11252952e-04
   3.45135554e+02   2.63321970e-04
   3.45136043e+02  -5.71409946e-05
   3.45136531e+02  -4.56260808e-04
   3.45137019e+02  -4.83024749e-04
   3.45137508e+02  -9.30918468e-05
   3.45137996e+02  -1.03088241e-04
   3.45138484e+02  -1.53692396e-04
   3.45138973e+02   2.01672829e-05
   3.45139461e+02   5.38450081e-07
   3.45139949e+02  -2.27802913e-04
   3.45140437e+02  -3.34373472e-04
   3.45140926e+02  -5.18674779e-06
   3.45141414e+02   2.53755989e-05
   3.45141902e+02  -4.47866390e-04
   3.45142391e+02  -7.64040684e-04
   3.45142879e+02  -6.39733975e-04
   3.45143367e+02  -3.42487328e-04
   3.45143856e+02  -3.48052359e-04
   3.45144344e+02  -4.92288906e-04
   3.45144832e+02  -2.12359126e-04
   3.45145321e+02   3.86911473e-04
   3.45145809e+02   4.76987421e-04
   3.45146297e+02   4.46085833e-05
   3.45146785e+02   3.39232720e-05
   3.45147274e+02   4.36816743e-04
   3.45147762e+02   4.44564532e-04
   3.45148250e+02   1.84648379e-04
   3.45148739e+02   4.66843885e-05
   3.45149227e+02   1.37014926e-04
   3.45149715e+02  -2.62491430e-05
   3.45150204e+02  -3.34972457e-04
   3.45150692e+02  -2.06249737e-04
   3.45151180e+02   1.19580669e-04
   3.45151669e+02   1.94873894e-04
   3.45152157e+02   2.29378042e-04
   3.45152645e+02   2.57994398e-04
   3.45153133e+02   3.21966712e-04
   3.45153622e+02   3.31044634e-04
   3.45154110e+02  -1.45640210e-04
   3.45154598e+02  -3.46517278e-04
   3.45155087e+02  -1.26922838e-04
   3.45155575e+02   1.77110313e-04
   3.45156063e+02   5.38993452e-04
   3.45156552e+02   6.34198892e-04
   3.45157040e+02   4.58237773e-04
   3.45157528e+02   3.11103009e-04
   3.45158017e+02   1.93745844e-04
   3.45158505e+02  -2.07761914e-05
   3.45158993e+02   7.65250370e-05
   3.45159481e+02   2.18461064e-04
   3.45159970e+02   1.70590763e-04
   3.45160458e+02   1.58739669e-04
   3.45160946e+02   6.67818167e-05
   3.45161435e+02   1.02847647e-04
   3.45161923e+02   4.88657170e-05
   3.45162411e+02   6.46912376e-05
   3.45162900e+02   1.08209519e-04
   3.45163388e+02  -3.73967079e-04
   3.45163876e+02  -6.74020674e-04
   3.45164365e+02  -4.01539757e-04
   3.45164853e+02  -2.98280967e-04
   3.45165341e+02  -1.95756467e-04
   3.45165830e+02  -2.49774486e-04
   3.45166318e+02  -2.44299939e-04
   3.45166806e+02   1.10587302e-04
   3.45167294e+02   2.16611312e-04
   3.45167783e+02   1.53241621e-04
   3.45168271e+02   4.65008488e-04
   3.45168759e+02   9.60384554e-04
   3.45169248e+02   7.07594038e-04
   3.45169736e+02   1.42222896e-04
   3.45170224e+02  -9.82269557e-05
   3.45170713e+02  -3.33346805e-04
   3.45171201e+02  -2.00101334e-04
   3.45171689e+02   9.50174435e-05
   3.45172178e+02   2.52737722e-04
   3.45172666e+02   3.40632891e-04
   3.45173154e+02   2.58712767e-04
   3.45173642e+02   7.19567543e-05
   3.45174131e+02  -3.28262358e-05
   3.45174619e+02  -1.67222810e-04
   3.45175107e+02  -5.37784246e-04
   3.45175596e+02  -6.15329307e-04
   3.45176084e+02  -3.14171775e-04
   3.45176572e+02  -2.04387397e-04
   3.45177061e+02  -1.68578161e-04
   3.45177549e+02   1.89038590e-04
   3.45178037e+02   8.32298174e-05
   3.45178526e+02  -4.01578407e-04
   3.45179014e+02  -3.67622415e-04
   3.45179502e+02  -5.88282637e-05
   3.45179990e+02   2.54194951e-04
   3.45180479e+02   1.83588243e-04
   3.45180967e+02   6.74180410e-05
   3.45181455e+02   2.67329160e-05
   3.45181944e+02   4.33139712e-06
   3.45182432e+02  -1.10856825e-04
   3.45182920e+02  -1.81575349e-04
   3.45183409e+02   1.32222851e-06
   3.45183897e+02   2.47264223e-04
   3.45184385e+02   3.31537565e-04
   3.45184874e+02   1.16020819e-04
   3.45185362e+02   3.52035277e-04
   3.45185850e+02   8.14920932e-04
   3.45186338e+02   5.45677613e-04
   3.45186827e+02  -8.91013478e-05
   3.45187315e+02  -1.94038628e-04
   3.45187803e+02   6.07978509e-05
   3.45188292e+02   1.80931616e-04
   3.45188780e+02   4.43102144e-05
   3.45189268e+02  -1.12022470e-04
   3.45189757e+02  -6.03114677e-05
   3.45190245e+02  -9.72210255e-05
   3.45190733e+02  -3.18835664e-04
   3.45191222e+02  -2.80162552e-04
   3.45191710e+02  -3.68857436e-05
   3.45192198e+02  -3.88406101e-04
   3.45192686e+02  -5.96261059e-04
   3.45193175e+02  -2.05052565e-04
   3.45193663e+02  -1.80703515e-04
   3.45194151e+02  -3.67331377e-04
   3.45194640e+02  -2.96927319e-04
   3.45195128e+02  -3.17713129e-04
   3.45195616e+02  -3.38256854e-04
   3.45196105e+02  -2.70570570e-04
   3.45196593e+02  -1.87365469e-04
   3.45197081e+02  -1.36482966e-04
   3.45197570e+02  -5.36940315e-05
   3.45198058e+02  -4.02328351e-06
   3.45198546e+02   5.20867470e-05
   3.45199034e+02   3.38295271e-04
   3.45199523e+02   4.25988808e-04
   3.45200011e+02   2.02809999e-04
   3.45200499e+02   2.48580327e-04
   3.45200988e+02   2.98462517e-04
   3.45201476e+02   3.66054475e-04
   3.45201964e+02   3.44165222e-04
   3.45202453e+02  -2.73534941e-04
   3.45202941e+02  -8.58226325e-04
   3.45203429e+02  -4.64068231e-04
   3.45203918e+02   2.52483704e-04
   3.45204406e+02   2.93637306e-04
   3.45204894e+02  -2.50257173e-04
   3.45205383e+02  -3.91359470e-04
   3.45205871e+02  -7.27023507e-05
   3.45206359e+02   1.81497729e-04
   3.45206847e+02   5.14251238e-04
   3.45207336e+02   5.57505991e-04
   3.45207824e+02   3.20001593e-04
   3.45208312e+02   8.89974181e-05
   3.45208801e+02  -3.30435898e-04
   3.45209289e+02  -5.98189537e-04
   3.45209777e+02  -5.41804300e-04
   3.45210266e+02  -5.56479383e-04
   3.45210754e+02  -4.14107286e-04
   3.45211242e+02   1.84053686e-04
   3.45211731e+02   7.03879981e-04
   3.45212219e+02   4.71775420e-04
   3.45212707e+02   1.62623255e-04
   3.45213195e+02   1.16994859e-04
   3.45213684e+02  -1.05363819e-04
   3.45214172e+02  -1.60697338e-04
   3.45214660e+02  -5.51617723e-06
   3.45215149e+02  -1.50397012e-04
   3.45215637e+02  -4.50419524e-04
   3.45216125e+02  -4.67070291e-04
   3.45216614e+02  -3.75971897e-04
   3.45217102e+02  -8.63053210e-05
   3.45217590e+02   2.23637122e-04
   3.45218079e+02   3.18915612e-04
   3.45218567e+02   3.19021288e-04
   3.45219055e+02  -4.12044057e-04
   3.45219543e+02  -9.85208550e-04
   3.45220032e+02  -3.24247376e-04
   3.45220520e+02   4.30723478e-04
   3.45221008e+02   5.37920860e-04
   3.45221497e+02   6.50955553e-05
   3.45221985e+02  -3.63130093e-04
   3.45222473e+02  -2.22475806e-04
   3.45222962e+02   1.08382960e-06
   3.45223450e+02   7.27123916e-05
   3.45223938e+02   1.61516262e-04
   3.45224427e+02  -4.15715876e-05
   3.45224915e+02  -2.65102688e-04
   3.45225403e+02   6.75196206e-05
   3.45225891e+02   2.53303297e-04
   3.45226380e+02   2.33566898e-05
   3.45226868e+02  -1.17224648e-04
   3.45227356e+02  -2.71002180e-04
   3.45227845e+02  -1.44498234e-04
   3.45228333e+02   1.94035150e-04
   3.45228821e+02   1.91233994e-04
   3.45229310e+02   1.24728875e-04
   3.45229798e+02   1.95376822e-04
   3.45230286e+02   4.14575246e-04
   3.45230775e+02   3.77226475e-04
   3.45231263e+02   1.76742848e-04
   3.45231751e+02   9.62298072e-05
   3.45232239e+02  -1.00125064e-04
   3.45232728e+02   3.58427169e-05
   3.45233216e+02   3.62580264e-04
   3.45233704e+02   2.65443203e-04
   3.45234193e+02  -2.67378928e-05
   3.45234681e+02  -1.82556658e-04
   3.45235169e+02  -1.58844457e-04
   3.45235658e+02   1.82965687e-05
   3.45236146e+02  -1.58869607e-05
   3.45236634e+02  -1.95596131e-05
   3.45237123e+02   5.05695025e-05
   3.45237611e+02   1.80282059e-05
   3.45238099e+02   1.42232529e-04
   3.45238587e+02   1.31796172e-04
   3.45239076e+02   1.43015131e-04
   3.45239564e+02   2.46366573e-04
   3.45240052e+02   3.05625261e-04
   3.45240541e+02   3.10341944e-04
   3.45241029e+02   4.39845666e-04
   3.45241517e+02   5.27208438e-04
   3.45242006e+02   3.48102942e-04
   3.45242494e+02   5.29389945e-04
   3.45242982e+02   7.89347687e-04
   3.45243471e+02   6.64064370e-04
   3.45243959e+02   4.38013201e-04
   3.45244447e+02   4.73781256e-04
   3.45244936e+02   5.76315273e-04
   3.45245424e+02   3.67024506e-04
   3.45245912e+02   2.45997304e-04
   3.45246400e+02   2.01281553e-04
   3.45246889e+02   1.41665398e-04
   3.45247377e+02   1.65349586e-04
   3.45247865e+02   2.75656130e-05
   3.45248354e+02  -4.04872590e-05
   3.45248842e+02  -2.74850991e-05
   3.45249330e+02   1.37754600e-04
   3.45249819e+02   1.56256719e-04
   3.45250307e+02  -6.18919148e-05
   3.45250795e+02   6.45680630e-05
   3.45251284e+02   4.08435706e-04
   3.45251772e+02   1.97041474e-04
   3.45252260e+02  -3.66758817e-04
   3.45252748e+02  -8.17741558e-04
   3.45253237e+02  -8.63503199e-04
   3.45253725e+02  -4.50338644e-04
   3.45254213e+02  -2.34019128e-04
   3.45254702e+02  -1.23768361e-04
   3.45255190e+02   3.22936176e-05
   3.45255678e+02  -1.78061237e-04
   3.45256167e+02  -1.56822964e-04
   3.45256655e+02  -3.99899727e-05
   3.45257143e+02  -1.83591095e-04
   3.45257632e+02   2.12131672e-05
   3.45258120e+02   3.32433527e-04
   3.45258608e+02   4.50919615e-04
   3.45259096e+02   2.29536279e-04
   3.45259585e+02  -2.33566068e-04
   3.45260073e+02  -2.36240867e-05
   3.45260561e+02   3.83054401e-04
   3.45261050e+02   1.62383702e-04
   3.45261538e+02   1.17949050e-04
   3.45262026e+02   1.48749983e-04
   3.45262515e+02   4.43212775e-05
   3.45263003e+02   2.08973870e-04
   3.45263491e+02   2.66107527e-04
   3.45263980e+02  -2.30885198e-05
   3.45264468e+02  -2.83587491e-04
   3.45264956e+02  -2.10412254e-04
   3.45265444e+02   7.17978182e-05
   3.45265933e+02   1.99394708e-04
   3.45266421e+02  -1.02675302e-04
   3.45266909e+02  -2.29949190e-04
   3.45267398e+02   9.36997094e-05
   3.45267886e+02   3.10141586e-05
   3.45268374e+02   3.73310759e-05
   3.45268863e+02   6.00593572e-04
   3.45269351e+02   6.03136141e-04
   3.45269839e+02   1.77267866e-04
   3.45270328e+02   1.01038140e-05
   3.45270816e+02  -1.30674249e-04
   3.45271304e+02  -1.68594357e-04
   3.45271792e+02  -1.10829322e-04
   3.45272281e+02  -4.93441148e-05
   3.45272769e+02  -1.95752553e-04
   3.45273257e+02  -5.31019527e-04
   3.45273746e+02  -5.57670137e-04
   3.45274234e+02  -1.11083064e-04
   3.45274722e+02   2.45562023e-05
   3.45275211e+02   3.99111996e-05
   3.45275699e+02   2.10982253e-04
   3.45276187e+02   1.00588422e-05
   3.45276676e+02  -2.72007077e-04
   3.45277164e+02   5.63438698e-05
   3.45277652e+02   4.01182915e-04
   3.45278140e+02   3.39733873e-04
   3.45278629e+02   4.26170474e-04
   3.45279117e+02   5.00186521e-04
   3.45279605e+02   3.31809162e-04
   3.45280094e+02   3.28622082e-05
   3.45280582e+02  -1.58145722e-05
   3.45281070e+02   4.32843401e-04
   3.45281559e+02   2.17044682e-04
   3.45282047e+02  -5.53520513e-04
   3.45282535e+02  -3.81461112e-04
   3.45283024e+02   1.23496080e-04
   3.45283512e+02   1.66770842e-04
   3.45284000e+02   2.82717319e-05
   3.45284489e+02  -1.26601415e-04
   3.45284977e+02   2.94915662e-05
   3.45285465e+02   2.18199595e-04
   3.45285953e+02   2.43704824e-04
   3.45286442e+02   3.13293858e-04
   3.45286930e+02   2.29321828e-04
   3.45287418e+02   2.28222503e-04
   3.45287907e+02   3.82409053e-04
   3.45288395e+02   6.02289336e-04
   3.45288883e+02   6.12070551e-04
   3.45289372e+02   2.73122510e-04
   3.45289860e+02   5.93091791e-05
   3.45290348e+02   1.32181405e-04
   3.45290837e+02   2.76249921e-04
   3.45291325e+02   1.13802031e-04
   3.45291813e+02  -1.76035464e-04
   3.45292301e+02  -3.09314550e-04
   3.45292790e+02  -5.09657140e-04
   3.45293278e+02  -4.40455537e-04
   3.45293766e+02  -8.61206427e-05
   3.45294255e+02  -3.06816277e-04
   3.45294743e+02  -4.89000464e-04
   3.45295231e+02  -7.78900067e-05
   3.45295720e+02   2.35559768e-04
   3.45296208e+02   2.76728417e-04
   3.45296696e+02  -1.05479317e-04
   3.45297185e+02  -1.76340152e-04
   3.45297673e+02   1.99930146e-05
   3.45298161e+02   3.83359351e-04
   3.45298649e+02   5.05301054e-04
   3.45299138e+02   9.77340460e-05
   3.45299626e+02  -9.36163542e-06
   3.45300114e+02   2.19409558e-04
   3.45300603e+02   2.45277712e-04
   3.45301091e+02   2.16543311e-04
   3.45301579e+02   1.58936658e-04
   3.45302068e+02   2.20631235e-04
   3.45302556e+02   2.03160263e-04
   3.45303044e+02  -2.47519696e-04
   3.45303533e+02  -3.91195790e-04
   3.45304021e+02  -1.03635648e-04
   3.45304509e+02  -7.72109852e-05
   3.45304997e+02  -8.67448398e-05
   3.45305486e+02   3.02945584e-04
   3.45305974e+02   5.34574850e-04
   3.45306462e+02   2.58746033e-04
   3.45306951e+02   1.90227220e-04
   3.45307439e+02   4.33176116e-04
   3.45307927e+02   4.93221858e-04
   3.45308416e+02   4.20458091e-04
   3.45308904e+02   1.12451249e-04
   3.45309392e+02  -9.62824488e-05
   3.45309881e+02  -1.24392696e-04
   3.45310369e+02  -1.31454246e-04
   3.45310857e+02   1.49978121e-04
   3.45311345e+02   4.55443398e-04
   3.45311834e+02   4.83898359e-04
   3.45312322e+02   4.25031845e-04
   3.45312810e+02   4.35981958e-04
   3.45313299e+02   2.83185567e-04
   3.45313787e+02   3.37326164e-05
   3.45314275e+02  -1.10837966e-04
   3.45314764e+02  -1.76293252e-04
   3.45315252e+02  -3.94746254e-04
   3.45315740e+02  -3.95806361e-04
   3.45316229e+02  -4.79432201e-05
   3.45316717e+02   7.12677502e-05
   3.45317205e+02  -1.56359165e-04
   3.45317693e+02   9.89725231e-05
   3.45318182e+02   4.90146223e-04
   3.45318670e+02   2.52513681e-04
   3.45319158e+02   1.86742167e-04
   3.45319647e+02   2.53999431e-04
   3.45320135e+02  -9.25123459e-05
   3.45320623e+02  -3.39054066e-04
   3.45321112e+02  -3.09283525e-04
   3.45321600e+02  -3.73941934e-04
   3.45322088e+02  -3.41489620e-04
   3.45322577e+02   2.79764899e-05
   3.45323065e+02   8.82920067e-05
   3.45323553e+02  -2.70555669e-04
   3.45324042e+02  -3.01502907e-04
   3.45324530e+02   1.89262355e-05
   3.45325018e+02   2.28957724e-04
   3.45325506e+02   6.31891773e-04
   3.45325995e+02   6.42310129e-04
   3.45326483e+02  -6.57009296e-05
   3.45326971e+02  -2.13404928e-04
   3.45327460e+02   4.03957310e-05
   3.45327948e+02   1.21117293e-04
   3.45328436e+02   1.06760606e-04
   3.45328925e+02  -8.89835210e-05
   3.45329413e+02  -3.20200110e-04
   3.45329901e+02  -6.27693007e-05
   3.45330390e+02   2.59771448e-04
   3.45330878e+02   6.90675079e-05
   3.45331366e+02  -1.16080591e-04
   3.45331854e+02  -4.76442394e-04
   3.45332343e+02  -8.13849852e-04
   3.45332831e+02  -4.78060567e-04
   3.45333319e+02   2.32037884e-04
   3.45333808e+02   3.79891164e-04
   3.45334296e+02  -1.99132221e-04
   3.45334784e+02  -4.87227342e-04
   3.45335273e+02  -2.46404816e-04
   3.45335761e+02  -1.68505649e-04
   3.45336249e+02  -2.83312344e-04
   3.45336738e+02  -3.21704370e-04
   3.45337226e+02  -4.37665760e-04
   3.45337714e+02  -4.02427773e-04
   3.45338202e+02   8.85090558e-05
   3.45338691e+02   6.00738567e-04
   3.45339179e+02   6.64283813e-04
   3.45339667e+02   3.00733955e-04
   3.45340156e+02  -4.22683252e-06
   3.45340644e+02  -3.27184622e-04
   3.45341132e+02  -5.06261480e-04
   3.45341621e+02  -3.09682277e-04
   3.45342109e+02  -2.30377074e-04
   3.45342597e+02  -3.25078494e-04
   3.45343086e+02  -6.43888605e-04
   3.45343574e+02  -7.10016175e-04
   3.45344062e+02  -3.93784459e-04
   3.45344550e+02  -3.96237592e-04
   3.45345039e+02  -4.84501477e-04
   3.45345527e+02  -6.11342257e-04
   3.45346015e+02  -5.19090216e-04
   3.45346504e+02  -1.23436330e-04
   3.45346992e+02  -1.82619828e-04
   3.45347480e+02  -6.14249089e-04
   3.45347969e+02  -6.17813144e-04
   3.45348457e+02  -3.84649669e-04
   3.45348945e+02  -3.49319271e-05
   3.45349434e+02   1.53446075e-04
   3.45349922e+02  -9.91261622e-05
   3.45350410e+02  -1.49540661e-04
   3.45350898e+02  -1.20679593e-04
   3.45351387e+02  -2.34380728e-04
   3.45351875e+02  -2.96967803e-04
   3.45352363e+02  -3.33896372e-04
   3.45352852e+02  -4.52271051e-04
   3.45353340e+02  -3.55514756e-04
   3.45353828e+02  -3.75143554e-06
   3.45354317e+02   1.21076795e-04
   3.45354805e+02   1.86687874e-04
   3.45355293e+02   6.85114574e-05
   3.45355782e+02   3.13962140e-04
   3.45356270e+02   3.86489497e-04
   3.45356758e+02   2.69872253e-04
   3.45357246e+02   8.68528368e-05
   3.45357735e+02  -5.13681807e-05
   3.45358223e+02   1.91117724e-04
   3.45358711e+02   2.98581668e-04
   3.45359200e+02  -8.98428334e-05
   3.45359688e+02  -1.94080669e-04
   3.45360176e+02  -2.19429829e-04
   3.45360665e+02  -7.54982000e-04
   3.45361153e+02  -7.12889712e-04
   3.45361641e+02  -4.56368653e-05
   3.45362130e+02   1.71985637e-04
   3.45362618e+02  -9.51585098e-05
   3.45363106e+02  -3.20359773e-04
   3.45363595e+02  -8.30134741e-05
   3.45364083e+02   3.97306489e-04
   3.45364571e+02   6.12649252e-04
   3.45365059e+02   3.35478282e-04
   3.45365548e+02   2.15883716e-04
   3.45366036e+02   3.50284943e-04
   3.45366524e+02  -9.88595093e-06
   3.45367013e+02  -3.26173176e-04
   3.45367501e+02   8.79042564e-05
   3.45367989e+02   3.33602744e-04
   3.45368478e+02  -2.03520904e-04
   3.45368966e+02  -2.03120464e-04
   3.45369454e+02   1.87516547e-04
   3.45369943e+02   9.97000316e-05
   3.45370431e+02  -4.82099385e-05
   3.45370919e+02  -3.63703839e-05
   3.45371407e+02  -6.97826690e-05
   3.45371896e+02  -2.32713981e-04
   3.45372384e+02  -1.68418235e-04
   3.45372872e+02  -8.88157956e-05
   3.45373361e+02  -4.09644163e-05
   3.45373849e+02   6.78924043e-05
   3.45374337e+02   2.85783626e-05
   3.45374826e+02   6.36812329e-05
   3.45375314e+02  -8.86374619e-05
   3.45375802e+02  -3.98979755e-04
   3.45376291e+02  -1.69610765e-04
   3.45376779e+02   1.80714807e-04
   3.45377267e+02   3.25438625e-04
   3.45377755e+02   4.11351910e-04
   3.45378244e+02   6.21257495e-05
   3.45378732e+02   2.82627479e-05
   3.45379220e+02   2.02860465e-04
   3.45379709e+02  -6.90958768e-05
   3.45380197e+02  -2.33110695e-04
   3.45380685e+02  -1.67841688e-04
   3.45381174e+02  -1.13421796e-04
   3.45381662e+02   7.13513218e-05
   3.45382150e+02  -1.90856044e-05
   3.45382639e+02  -1.76900081e-04
   3.45383127e+02   7.43938508e-05
   3.45383615e+02   2.23570925e-04
   3.45384103e+02   2.18251633e-04
   3.45384592e+02   2.12511848e-04
   3.45385080e+02   1.60817319e-04
   3.45385568e+02  -5.12090301e-05
   3.45386057e+02  -1.70154715e-04
   3.45386545e+02   6.98558288e-05
   3.45387033e+02   1.27287291e-04
   3.45387522e+02   1.23224905e-04
   3.45388010e+02   2.68749980e-04
   3.45388498e+02   1.65994759e-04
   3.45388987e+02  -4.87479847e-05
   3.45389475e+02  -3.05425230e-04
   3.45389963e+02  -4.26335115e-04
   3.45390451e+02  -3.54296091e-04
   3.45390940e+02  -3.81299935e-04
   3.45391428e+02  -1.88070917e-04
   3.45391916e+02   3.78863566e-04
   3.45392405e+02   4.85915487e-04
   3.45392893e+02   1.73806882e-04
   3.45393381e+02  -3.83246015e-06
   3.45393870e+02  -3.12850869e-04
   3.45394358e+02  -2.92477460e-04
   3.45394846e+02   2.25344105e-04
   3.45395335e+02   6.30629656e-04
   3.45395823e+02   6.43167645e-04
   3.45396311e+02   3.46480410e-05
   3.45396799e+02  -4.03664744e-04
   3.45397288e+02  -1.89237704e-04
   3.45397776e+02   1.69886625e-04
   3.45398264e+02   3.10979522e-04
   3.45398753e+02   4.58666727e-05
   3.45399241e+02  -2.87201983e-04
   3.45399729e+02  -5.95256803e-04
   3.45400218e+02  -9.15669836e-04
   3.45400706e+02  -1.06274814e-03
   3.45401194e+02  -8.84095847e-04
   3.45401683e+02  -4.68401850e-04
   3.45402171e+02  -2.33412706e-04
   3.45402659e+02   5.56563064e-05
   3.45403147e+02   3.12733056e-04
   3.45403636e+02   1.01619560e-04
   3.45404124e+02  -2.65708688e-04
   3.45404612e+02  -4.15543036e-04
   3.45405101e+02  -4.39487660e-04
   3.45405589e+02  -1.49506450e-04
   3.45406077e+02   3.09791940e-04
   3.45406566e+02   3.53393785e-04
   3.45407054e+02   2.66487157e-04
   3.45407542e+02  -3.24031353e-05
   3.45408031e+02  -3.00078333e-04
   3.45408519e+02  -2.74228078e-04
   3.45409007e+02  -9.27173096e-05
   3.45409496e+02  -4.69390980e-05
   3.45409984e+02  -3.54492542e-04
   3.45410472e+02  -4.41131269e-04
   3.45410960e+02  -6.83922553e-05
   3.45411449e+02   3.34474986e-04
   3.45411937e+02   4.18779295e-04
   3.45412425e+02   3.10189178e-04
   3.45412914e+02   6.82517639e-05
   3.45413402e+02  -1.14100039e-04
   3.45413890e+02  -9.66555308e-05
   3.45414379e+02  -2.78950465e-04
   3.45414867e+02  -5.58393149e-05
   3.45415355e+02   1.82551885e-04
   3.45415844e+02   1.29110660e-04
   3.45416332e+02   4.46224039e-05
   3.45416820e+02  -3.43422471e-05
   3.45417308e+02   1.94405395e-04
   3.45417797e+02   3.22870212e-04
   3.45418285e+02  -2.39767076e-04
   3.45418773e+02  -4.43808356e-04
   3.45419262e+02   7.94203443e-05
   3.45419750e+02   3.41729581e-04
   3.45420238e+02  -1.59349234e-04
   3.45420727e+02  -5.57122403e-04
   3.45421215e+02  -1.14048213e-04
   3.45421703e+02   2.24835836e-04
   3.45422192e+02   3.27809044e-04
   3.45422680e+02   5.29722427e-04
   3.45423168e+02   2.05152959e-04
   3.45423656e+02  -2.99747073e-04
   3.45424145e+02  -6.50111935e-04
   3.45424633e+02  -7.53561850e-04
   3.45425121e+02  -3.98160395e-04
   3.45425610e+02   2.23997631e-04
   3.45426098e+02   6.90363115e-04
   3.45426586e+02   9.28710389e-04
   3.45427075e+02   3.83695180e-04
   3.45427563e+02  -3.05824360e-04
   3.45428051e+02  -2.34664796e-04
   3.45428540e+02  -9.60006437e-05
   3.45429028e+02  -6.87832653e-05
   3.45429516e+02   9.78719181e-05
   3.45430004e+02   5.90848977e-05
   3.45430493e+02   8.14676750e-05
   3.45430981e+02   2.42792885e-04
   3.45431469e+02   2.69494689e-04
   3.45431958e+02   1.68757877e-04
   3.45432446e+02   2.39372763e-04
   3.45432934e+02   5.45842398e-04
   3.45433423e+02   5.83900663e-04
   3.45433911e+02   3.12702876e-04
   3.45434399e+02   1.98596768e-04
   3.45434888e+02   1.74705281e-06
   3.45435376e+02   7.21389642e-06
   3.45435864e+02   1.88242702e-05
   3.45436352e+02  -2.01165632e-04
   3.45436841e+02  -1.28533415e-04
   3.45437329e+02  -9.45932552e-05
   3.45437817e+02  -3.06667789e-04
   3.45438306e+02  -5.77343802e-04
   3.45438794e+02  -7.22351600e-04
   3.45439282e+02  -4.97774919e-04
   3.45439771e+02  -3.40009210e-05
   3.45440259e+02   2.70797405e-04
   3.45440747e+02   1.96838751e-04
   3.45441236e+02  -1.08313805e-04
   3.45441724e+02  -2.42614755e-04
   3.45442212e+02  -2.70344626e-05
   3.45442700e+02   4.76523601e-05
   3.45443189e+02  -2.69848038e-04
   3.45443677e+02  -4.44599660e-04
   3.45444165e+02  -4.88170161e-04
   3.45444654e+02  -6.00982203e-05
   3.45445142e+02   9.05241832e-05
   3.45445630e+02  -4.39553143e-04
   3.45446119e+02  -6.95873692e-04
   3.45446607e+02  -8.42756650e-04
   3.45447095e+02  -8.97438964e-04
   3.45447584e+02  -3.76931683e-04
   3.45448072e+02  -7.30130268e-05
   3.45448560e+02  -1.14703114e-04
   3.45449049e+02   2.11435123e-04
   3.45449537e+02   4.07655723e-04
   3.45450025e+02  -7.58622773e-05
   3.45450513e+02  -1.88416452e-04
   3.45451002e+02   3.52921285e-04
   3.45451490e+02   6.68316090e-04
   3.45451978e+02   4.56889858e-04
   3.45452467e+02   2.66038751e-06
   3.45452955e+02  -8.03093790e-05
   3.45453443e+02  -9.94437651e-05
   3.45453932e+02  -3.38351994e-04
   3.45454420e+02  -3.77304386e-04
   3.45454908e+02  -1.09913752e-04
   3.45455397e+02   2.28197736e-04
   3.45455885e+02   3.29791335e-04
   3.45456373e+02   8.85445843e-05
   3.45456861e+02   6.21878280e-05
   3.45457350e+02   4.98547102e-04
   3.45457838e+02   6.26919151e-04
   3.45458326e+02   4.88218444e-04
   3.45458815e+02   6.36760320e-04
   3.45459303e+02   6.97387033e-04
   3.45459791e+02   1.88290520e-04
   3.45460280e+02  -3.36736732e-04
   3.45460768e+02  -2.99400883e-04
   3.45461256e+02   6.20875335e-06
   3.45461745e+02   9.27780711e-05
   3.45462233e+02  -2.72713223e-04
   3.45462721e+02  -2.64951639e-04
   3.45463209e+02   1.71757158e-04
   3.45463698e+02   2.36921012e-04
   3.45464186e+02   4.38013521e-05
   3.45464674e+02  -1.63398890e-05
   3.45465163e+02  -2.68268748e-04
   3.45465651e+02  -2.36304084e-04
   3.45466139e+02   1.80860574e-04
   3.45466628e+02  -1.96629771e-04
   3.45467116e+02  -6.54353003e-04
   3.45467604e+02  -3.86335712e-04
   3.45468093e+02  -1.69423420e-05
   3.45468581e+02  -1.19090684e-04
   3.45469069e+02  -2.62202200e-04
   3.45469557e+02   3.15168989e-04
   3.45470046e+02   9.46193933e-04
   3.45470534e+02   4.60412644e-04
   3.45471022e+02  -3.48587419e-05
   3.45471511e+02   1.50842548e-04
   3.45471999e+02   2.50647514e-04
   3.45472487e+02   1.29376334e-04
   3.45472976e+02  -2.42696173e-04
   3.45473464e+02  -2.88289855e-04
   3.45473952e+02  -2.29277375e-05
   3.45474441e+02   2.46152340e-04
   3.45474929e+02   2.25554264e-04
   3.45475417e+02  -8.51192599e-05
   3.45475905e+02  -1.63178891e-04
   3.45476394e+02   1.62186087e-04
   3.45476882e+02   4.26357205e-04
   3.45477370e+02   5.44757757e-04
   3.45477859e+02   5.24119823e-04
   3.45478347e+02   3.13829805e-04
   3.45478835e+02  -2.35708954e-04
   3.45479324e+02  -5.40496374e-04
   3.45479812e+02  -2.76615116e-04
   3.45480300e+02  -6.36649420e-05
   3.45480789e+02  -3.71229689e-05
   3.45481277e+02   5.60369472e-06
   3.45481765e+02   4.41312208e-04
   3.45482253e+02   6.48000743e-04
   3.45482742e+02   3.02492117e-04
   3.45483230e+02  -5.31246005e-05
   3.45483718e+02  -5.10816280e-05
   3.45484207e+02   1.62201832e-05
   3.45484695e+02  -5.51531193e-05
   3.45485183e+02  -2.11049351e-04
   3.45485672e+02  -3.32207041e-04
   3.45486160e+02  -3.31767718e-04
   3.45486648e+02  -3.76006181e-04
   3.45487137e+02  -5.18699118e-04
   3.45487625e+02  -3.26877052e-04
   3.45488113e+02   3.21093103e-04
   3.45488602e+02   6.19140395e-04
   3.45489090e+02   3.21447034e-04
   3.45489578e+02  -6.25234752e-05
   3.45490066e+02  -4.95869026e-04
   3.45490555e+02  -6.04984292e-04
   3.45491043e+02  -2.21087568e-04
   3.45491531e+02   1.08132990e-04
   3.45492020e+02   7.77970999e-05
   3.45492508e+02  -2.95876758e-04
   3.45492996e+02  -3.64573672e-04
   3.45493485e+02   3.67092056e-04
   3.45493973e+02   7.98282330e-04
   3.45494461e+02   4.27428662e-04
   3.45494950e+02   1.89780432e-04
   3.45495438e+02   3.22020467e-04
   3.45495926e+02   2.63074093e-04
   3.45496414e+02  -4.68774851e-05
   3.45496903e+02  -1.58576731e-04
   3.45497391e+02  -3.76582873e-04
   3.45497879e+02  -4.90253675e-04
   3.45498368e+02  -3.32867639e-04
   3.45498856e+02  -2.43699251e-04
   3.45499344e+02   9.94643124e-05
   3.45499833e+02   1.83511685e-04
   3.45500321e+02  -2.87490926e-04
   3.45500809e+02  -9.11099487e-05
   3.45501298e+02   4.50825144e-04
   3.45501786e+02   2.87098577e-04
   3.45502274e+02  -1.84961580e-04
   3.45502762e+02  -3.36185651e-04
   3.45503251e+02  -2.72273493e-04
   3.45503739e+02   1.26618734e-05
   3.45504227e+02   4.72315092e-04
   3.45504716e+02   4.76402958e-04
   3.45505204e+02   1.04739680e-04
   3.45505692e+02  -3.03495384e-04
   3.45506181e+02  -3.08080635e-04
   3.45506669e+02   6.36285267e-06
   3.45507157e+02   2.06968092e-04
   3.45507646e+02   3.15873476e-04
   3.45508134e+02   1.21803867e-04
   3.45508622e+02  -2.30611346e-04
   3.45509110e+02  -1.53125759e-04
   3.45509599e+02  -2.85177055e-04
   3.45510087e+02  -6.84839906e-04
   3.45510575e+02  -3.33006465e-04
   3.45511064e+02   2.79697531e-04
   3.45511552e+02   4.86753386e-04
   3.45512040e+02   4.57142742e-04
   3.45512529e+02   1.72620450e-04
   3.45513017e+02   7.40630057e-05
   3.45513505e+02   1.64499535e-04
   3.45513994e+02   1.96544570e-04
   3.45514482e+02   3.08419694e-04
   3.45514970e+02   1.27408435e-04
   3.45515458e+02  -3.24691908e-04
   3.45515947e+02  -4.12048947e-04
   3.45516435e+02  -1.61322256e-04
   3.45516923e+02   1.15680246e-04
   3.45517412e+02   8.92894750e-05
   3.45517900e+02  -1.39678246e-04
   3.45518388e+02  -2.59273686e-04
   3.45518877e+02  -3.22525535e-04
   3.45519365e+02  -3.13623197e-04
   3.45519853e+02  -1.19140641e-04
   3.45520342e+02   9.56981821e-05
   3.45520830e+02   1.10669585e-04
   3.45521318e+02   1.50136431e-04
   3.45521806e+02   1.08865555e-03
   3.45522295e+02   2.37024808e-03
   3.45522783e+02   5.42417169e-03
   3.45523271e+02   1.19294431e-02
   3.45523760e+02   2.32036691e-02
   3.45524248e+02   3.66936214e-02
   3.45524736e+02   4.56099808e-02
   3.45525225e+02   4.61003073e-02
   3.45525713e+02   3.84117402e-02
   3.45526201e+02   2.53740139e-02
   3.45526690e+02   1.22945243e-02
   3.45527178e+02   3.55126476e-03
   3.45527666e+02  -2.46882730e-04
   3.45528155e+02  -1.26967498e-03
   3.45528643e+02  -1.12808030e-03
   3.45529131e+02  -1.30036846e-03
   3.45529619e+02  -8.84813606e-04
   3.45530108e+02  -7.45755562e-04
   3.45530596e+02  -5.42191206e-04
   3.45531084e+02  -1.42240984e-04
   3.45531573e+02   2.81559769e-04
   3.45532061e+02   1.98684167e-04
   3.45532549e+02  -5.04207455e-05
   3.45533038e+02   4.95221029e-05
   3.45533526e+02  -1.94891138e-04
   3.45534014e+02  -5.44833718e-04
   3.45534503e+02  -6.31064526e-04
   3.45534991e+02  -5.06481272e-04
   3.45535479e+02  -5.55138569e-04
   3.45535967e+02  -2.59314722e-04
   3.45536456e+02   1.42559438e-04
   3.45536944e+02   2.08721307e-04
   3.45537432e+02   3.02222528e-04
   3.45537921e+02  -1.24463637e-04
   3.45538409e+02  -6.23883505e-04
   3.45538897e+02  -6.07902533e-04
   3.45539386e+02  -2.26170334e-04
   3.45539874e+02   6.01390711e-05
   3.45540362e+02  -1.58721450e-04
   3.45540851e+02  -1.02089638e-04
   3.45541339e+02   7.47020822e-05
   3.45541827e+02  -2.06065335e-04
   3.45542315e+02  -4.66530590e-04
   3.45542804e+02  -4.37454990e-04
   3.45543292e+02  -2.04696786e-04
   3.45543780e+02   1.38418663e-05
   3.45544269e+02   3.22449378e-05
   3.45544757e+02   2.20265520e-05
   3.45545245e+02  -1.33060923e-04
   3.45545734e+02  -3.81085381e-04
   3.45546222e+02  -4.19592921e-04
   3.45546710e+02  -1.50338339e-04
   3.45547199e+02   2.10273618e-04
   3.45547687e+02   1.19658012e-04
   3.45548175e+02  -9.00611631e-05
   3.45548663e+02  -4.20617016e-06
   3.45549152e+02  -7.68137979e-05
   3.45549640e+02  -1.85466590e-04
   3.45550128e+02  -2.79565837e-04
   3.45550617e+02  -1.91247309e-04
   3.45551105e+02   4.32364061e-04
   3.45551593e+02   3.04301037e-04
   3.45552082e+02  -3.54946445e-04
   3.45552570e+02  -2.73823913e-04
   3.45553058e+02   2.12810992e-05
   3.45553547e+02   1.21818979e-04
   3.45554035e+02   1.73273263e-04
   3.45554523e+02   1.97636939e-04
   3.45555011e+02  -3.28017595e-05
   3.45555500e+02  -2.57858512e-04
   3.45555988e+02  -2.81788554e-04
   3.45556476e+02  -3.61072947e-04
   3.45556965e+02  -2.51090416e-04
   3.45557453e+02   2.84659967e-04
   3.45557941e+02   5.20465139e-04
   3.45558430e+02   2.59587337e-04
   3.45558918e+02   2.20218761e-04
   3.45559406e+02  -9.35635180e-05
   3.45559895e+02  -5.60452638e-04
   3.45560383e+02  -4.18460899e-04
   3.45560871e+02  -1.13063325e-04
   3.45561359e+02  -9.68750828e-05
   3.45561848e+02  -2.34826992e-04
   3.45562336e+02   4.96174835e-06
   3.45562824e+02   4.32573666e-04
   3.45563313e+02   1.92960550e-04
   3.45563801e+02  -8.52296434e-05
   3.45564289e+02   7.37657911e-06
   3.45564778e+02   2.18152170e-04
   3.45565266e+02   3.38219485e-04
   3.45565754e+02   3.34862299e-04
   3.45566243e+02   3.92153539e-04
   3.45566731e+02   2.23735115e-04
   3.45567219e+02   3.27994312e-05
   3.45567708e+02   3.46850051e-04
   3.45568196e+02   5.05759672e-04
   3.45568684e+02   1.56070557e-04
   3.45569172e+02   1.04531377e-04
   3.45569661e+02   3.76161741e-04
   3.45570149e+02   3.87775508e-04
   3.45570637e+02   1.23533711e-04
   3.45571126e+02  -1.70171334e-04
   3.45571614e+02  -6.99215452e-05
   3.45572102e+02   1.53420951e-05
   3.45572591e+02  -1.57464936e-04
   3.45573079e+02  -6.40038488e-05
   3.45573567e+02   2.88990152e-04
   3.45574056e+02   6.23298169e-04
   3.45574544e+02   6.32501615e-04
   3.45575032e+02   1.17732852e-04
   3.45575520e+02   2.75623461e-04
   3.45576009e+02   6.37073827e-04
   3.45576497e+02   1.70983258e-04
   3.45576985e+02  -1.21819583e-04
   3.45577474e+02  -1.30035914e-04
   3.45577962e+02  -1.18825876e-04
   3.45578450e+02   1.83824552e-04
   3.45578939e+02   2.39405766e-04
   3.45579427e+02   1.49369444e-04
   3.45579915e+02   3.01308522e-04
   3.45580404e+02   3.26490845e-04
   3.45580892e+02   2.49937526e-04
   3.45581380e+02   1.72003900e-04
   3.45581868e+02   5.99778359e-05
   3.45582357e+02   7.96385575e-05
   3.45582845e+02   1.05556974e-04
   3.45583333e+02  -1.47130486e-04
   3.45583822e+02  -4.27825493e-04
   3.45584310e+02  -4.08169726e-04
   3.45584798e+02  -2.64934817e-04
   3.45585287e+02  -4.03783983e-04
   3.45585775e+02  -5.59680979e-04
   3.45586263e+02  -1.89877188e-04
   3.45586752e+02   4.38136340e-04
   3.45587240e+02   5.14829415e-04
   3.45587728e+02   2.42168520e-04
   3.45588216e+02   5.98681763e-05
   3.45588705e+02  -1.72555912e-04
   3.45589193e+02  -4.04116494e-04
   3.45589681e+02  -1.45639051e-05
   3.45590170e+02   4.43149242e-04
   3.45590658e+02   1.95842746e-04
   3.45591146e+02  -1.65334597e-04
   3.45591635e+02  -1.98836846e-04
   3.45592123e+02   1.38626274e-05
   3.45592611e+02   4.19458956e-04
   3.45593100e+02   5.98905084e-04
   3.45593588e+02   1.40429271e-04
   3.45594076e+02  -3.24980530e-04
   3.45594564e+02  -2.65683280e-04
   3.45595053e+02  -9.27767323e-05
   3.45595541e+02   5.00870883e-05
   3.45596029e+02  -2.93773919e-04
   3.45596518e+02  -5.73385565e-04
   3.45597006e+02  -2.68219097e-04
   3.45597494e+02   1.05106519e-04
   3.45597983e+02   1.42121688e-04
   3.45598471e+02  -1.82149652e-05
   3.45598959e+02  -9.94890070e-06
   3.45599448e+02   1.18988582e-05
   3.45599936e+02  -2.37192420e-04
   3.45600424e+02  -4.66328434e-04
   3.45600912e+02  -2.42927330e-04
   3.45601401e+02   3.23524509e-05
   3.45601889e+02   9.23230546e-05
   3.45602377e+02   5.08184312e-04
   3.45602866e+02   6.47510285e-04
   3.45603354e+02   3.89356719e-04
   3.45603842e+02   5.89926312e-05
   3.45604331e+02  -5.83908812e-04
   3.45604819e+02  -5.12588944e-04
   3.45605307e+02   2.07977355e-04
   3.45605796e+02   3.34315642e-04
   3.45606284e+02  -8.25759253e-06
   3.45606772e+02  -1.88676659e-05
   3.45607261e+02   2.61492591e-04
   3.45607749e+02   5.15708689e-06
   3.45608237e+02  -3.98316159e-04
   3.45608725e+02  -2.36720720e-04
   3.45609214e+02   1.40559177e-05
   3.45609702e+02   7.15824426e-05
   3.45610190e+02   9.21069586e-05
   3.45610679e+02  -5.41773916e-05
   3.45611167e+02  -2.25394731e-04
   3.45611655e+02  -3.36479250e-04
   3.45612144e+02  -4.50941821e-04
   3.45612632e+02  -4.99409914e-04
   3.45613120e+02  -4.85744997e-04
   3.45613609e+02  -3.28173628e-04
   3.45614097e+02   8.30337740e-05
   3.45614585e+02   2.88954354e-04
   3.45615073e+02  -1.26728584e-04
   3.45615562e+02  -6.89785345e-04
   3.45616050e+02  -8.23100680e-04
   3.45616538e+02  -8.26987438e-04
   3.45617027e+02  -8.61424254e-04
   3.45617515e+02  -6.04803674e-04
   3.45618003e+02  -3.42662126e-04
   3.45618492e+02  -4.94125416e-04
   3.45618980e+02  -4.50287189e-04
   3.45619468e+02  -1.79469353e-04
   3.45619957e+02  -1.50699925e-04
   3.45620445e+02  -2.21665934e-04
   3.45620933e+02  -4.76682762e-05
   3.45621421e+02   3.67291737e-04
   3.45621910e+02   4.15232702e-04
   3.45622398e+02   1.11059569e-04
   3.45622886e+02  -2.92921410e-04
   3.45623375e+02  -5.68753923e-04
   3.45623863e+02  -4.20802273e-04
   3.45624351e+02  -2.53763592e-05
   3.45624840e+02   3.53964169e-05
   3.45625328e+02  -4.10372886e-04
   3.45625816e+02  -4.08033928e-04
   3.45626305e+02   8.93510423e-06
   3.45626793e+02   3.12710210e-04
   3.45627281e+02   6.39745325e-04
   3.45627769e+02   2.89106654e-04
   3.45628258e+02  -2.37015905e-04
   3.45628746e+02  -3.10016476e-04
   3.45629234e+02  -3.45630368e-04
   3.45629723e+02  -4.00184290e-05
   3.45630211e+02   2.28004996e-04
   3.45630699e+02  -1.25796578e-05
   3.45631188e+02   9.47543085e-05
   3.45631676e+02   2.87955074e-04
   3.45632164e+02   1.51280256e-04
   3.45632653e+02   2.25898097e-04
   3.45633141e+02   3.33582168e-04
   3.45633629e+02   3.28195893e-04
   3.45634117e+02   6.19097089e-04
   3.45634606e+02   9.16066754e-04
   3.45635094e+02   7.20246811e-04
   3.45635582e+02   2.02331503e-04
   3.45636071e+02   6.99718294e-05
   3.45636559e+02   3.67891189e-04
   3.45637047e+02   6.01892825e-04
   3.45637536e+02   4.95803659e-04
   3.45638024e+02   1.35136172e-04
   3.45638512e+02  -1.23392063e-04
   3.45639001e+02  -1.34324902e-04
   3.45639489e+02  -1.69417792e-04
   3.45639977e+02  -2.75415019e-04
   3.45640465e+02  -6.21549902e-04
   3.45640954e+02  -7.98852183e-04
   3.45641442e+02  -2.05172240e-04
   3.45641930e+02   9.10893505e-05
   3.45642419e+02  -2.62587797e-04
   3.45642907e+02  -3.95205367e-04
   3.45643395e+02  -2.69781740e-04
   3.45643884e+02  -2.85493734e-04
   3.45644372e+02  -2.22339266e-04
   3.45644860e+02   1.98559108e-04
   3.45645349e+02   2.74828897e-04
   3.45645837e+02   5.90772870e-05
   3.45646325e+02   9.70404799e-05
   3.45646814e+02   3.84960964e-04
   3.45647302e+02   5.31077443e-04
   3.45647790e+02   3.95869953e-04
   3.45648278e+02   1.70203435e-04
   3.45648767e+02   3.05772919e-05
   3.45649255e+02   3.60008221e-06
   3.45649743e+02   1.31858949e-04
   3.45650232e+02   4.66503785e-04
   3.45650720e+02   3.06300062e-04
   3.45651208e+02  -1.82944932e-04
   3.45651697e+02  -2.53762737e-05
   3.45652185e+02   8.93529868e-05
   3.45652673e+02  -2.84347007e-05
   3.45653162e+02   1.88266466e-04
   3.45653650e+02   4.64848737e-04
   3.45654138e+02   2.97418097e-04
   3.45654626e+02  -8.66609262e-05
   3.45655115e+02   9.00900632e-05
   3.45655603e+02   1.47947852e-04
   3.45656091e+02   3.03056913e-05
   3.45656580e+02   2.54401733e-04
   3.45657068e+02   1.60562806e-04
   3.45657556e+02   6.22182188e-06
   3.45658045e+02   3.24928667e-04
   3.45658533e+02   4.37285693e-04
   3.45659021e+02   4.64412879e-04
   3.45659510e+02   6.97991985e-04
   3.45659998e+02   4.13715810e-04
   3.45660486e+02  -2.27583354e-04
   3.45660974e+02  -1.83308352e-04
   3.45661463e+02   7.76398883e-05
   3.45661951e+02   2.55700841e-04
   3.45662439e+02   4.78239468e-04
   3.45662928e+02   4.97470144e-04
   3.45663416e+02   5.77775529e-04
   3.45663904e+02   4.65968944e-04
   3.45664393e+02  -6.46937551e-05
   3.45664881e+02  -3.32870346e-04
   3.45665369e+02  -2.81253044e-04
   3.45665858e+02  -2.34860199e-04
   3.45666346e+02  -1.61185453e-04
   3.45666834e+02  -3.06666101e-04
   3.45667322e+02  -7.95887783e-04
   3.45667811e+02  -9.96199320e-04
   3.45668299e+02  -4.35591821e-04
   3.45668787e+02   1.64809258e-04
   3.45669276e+02   2.49866862e-04
   3.45669764e+02  -9.76313604e-05
   3.45670252e+02  -3.14740872e-04
   3.45670741e+02  -2.63108173e-04
   3.45671229e+02  -1.48902735e-04
   3.45671717e+02   1.38217220e-04
   3.45672206e+02   2.48038123e-04
   3.45672694e+02  -1.71326406e-04
   3.45673182e+02  -3.56166274e-04
   3.45673670e+02  -1.26161714e-04
   3.45674159e+02  -6.38154888e-05
   3.45674647e+02  -1.44379548e-04
   3.45675135e+02   3.51427385e-04
   3.45675624e+02   8.19079520e-04
   3.45676112e+02   4.86454141e-04
   3.45676600e+02   2.93820631e-04
   3.45677089e+02   3.04731308e-04
   3.45677577e+02   1.84093151e-04
   3.45678065e+02   2.70513061e-04
   3.45678554e+02   5.17414708e-04
   3.45679042e+02   6.30083436e-04
   3.45679530e+02   3.39580700e-04
   3.45680018e+02   1.03767023e-04
   3.45680507e+02   2.50818703e-04
   3.45680995e+02   4.06635700e-05
   3.45681483e+02  -3.67098022e-04
   3.45681972e+02  -1.59706033e-04
   3.45682460e+02   9.44366766e-05
   3.45682948e+02   9.63204220e-05
   3.45683437e+02  -7.77320092e-05
   3.45683925e+02  -1.25661943e-04
   3.45684413e+02   3.76946002e-04
   3.45684902e+02   7.26804603e-04
   3.45685390e+02   2.30551683e-04
   3.45685878e+02  -2.62211601e-04
   3.45686367e+02  -2.12632498e-04
   3.45686855e+02  -1.14933617e-04
   3.45687343e+02  -2.78620631e-04
   3.45687831e+02  -3.35995544e-04
   3.45688320e+02  -1.70586252e-04
   3.45688808e+02  -4.15690738e-05
   3.45689296e+02  -7.50273830e-05
   3.45689785e+02  -2.85411923e-04
   3.45690273e+02  -2.81227258e-04
   3.45690761e+02  -1.76597139e-04
   3.45691250e+02  -3.08910530e-04
   3.45691738e+02  -2.46675045e-04
   3.45692226e+02  -2.00746086e-04
   3.45692715e+02  -1.46788705e-04
   3.45693203e+02   2.58559798e-04
   3.45693691e+02   5.96114260e-04
   3.45694179e+02   5.06818178e-04
   3.45694668e+02   6.97324795e-05
   3.45695156e+02   3.92325019e-05
   3.45695644e+02   3.35121498e-04
   3.45696133e+02   7.89822734e-05
   3.45696621e+02   1.49754356e-04
   3.45697109e+02   3.83969600e-04
   3.45697598e+02   8.86730268e-05
   3.45698086e+02   7.37770679e-05
   3.45698574e+02   2.51999620e-04
   3.45699063e+02   1.95914414e-04
   3.45699551e+02   2.38436347e-04
   3.45700039e+02   3.94749601e-04
   3.45700527e+02   3.94773379e-04
   3.45701016e+02   2.70469551e-04
   3.45701504e+02   2.29796278e-04
   3.45701992e+02   6.27838162e-05
   3.45702481e+02  -2.60696921e-04
   3.45702969e+02  -4.03132377e-04
   3.45703457e+02  -4.23739082e-04
   3.45703946e+02  -5.85395785e-04
   3.45704434e+02  -4.21561883e-04
   3.45704922e+02  -2.49262899e-04
   3.45705411e+02  -4.73806460e-04
   3.45705899e+02  -3.71523842e-04
   3.45706387e+02   1.82761854e-04
   3.45706875e+02   2.63234018e-04
   3.45707364e+02   3.79953126e-04
   3.45707852e+02   1.04145392e-05
   3.45708340e+02  -2.09577789e-04
   3.45708829e+02  -1.74747023e-04
   3.45709317e+02  -4.44070814e-04
   3.45709805e+02  -5.62315865e-04
   3.45710294e+02  -4.82557341e-04
   3.45710782e+02  -4.22154088e-04
   3.45711270e+02  -3.64509870e-05
   3.45711759e+02   2.71119585e-04
   3.45712247e+02  -7.93888466e-06
   3.45712735e+02  -4.39193624e-04
   3.45713223e+02  -5.52402111e-04
   3.45713712e+02  -4.37484588e-04
   3.45714200e+02  -3.77739314e-04
   3.45714688e+02  -4.45059472e-04
   3.45715177e+02  -2.25651413e-04
   3.45715665e+02   5.41158624e-05
   3.45716153e+02  -1.50804990e-04
   3.45716642e+02  -2.26368793e-04
   3.45717130e+02  -2.81022367e-04
   3.45717618e+02  -5.16853586e-04
   3.45718107e+02  -3.52823845e-04
   3.45718595e+02   7.14012567e-05
   3.45719083e+02  -8.81157757e-05
   3.45719571e+02  -5.52560727e-04
   3.45720060e+02  -6.59866724e-04
   3.45720548e+02  -2.95373582e-04
   3.45721036e+02   4.39849646e-06
   3.45721525e+02  -1.79051043e-04
   3.45722013e+02  -2.82587629e-04
   3.45722501e+02  -2.75072787e-04
   3.45722990e+02  -3.12327640e-04
   3.45723478e+02  -6.03361004e-05
   3.45723966e+02   1.32470712e-04
   3.45724455e+02   4.10544562e-05
   3.45724943e+02  -9.43696141e-05
   3.45725431e+02  -2.67928670e-04
   3.45725920e+02  -2.71031604e-04
   3.45726408e+02   4.85901546e-05
   3.45726896e+02   2.54667713e-04
   3.45727384e+02   6.76055206e-05
   3.45727873e+02  -1.02341706e-04
   3.45728361e+02   9.14586999e-05
   3.45728849e+02   4.79781360e-04
   3.45729338e+02   4.78762318e-04
   3.45729826e+02   2.68297212e-04
   3.45730314e+02   5.79713651e-06
   3.45730803e+02  -5.06389806e-05
   3.45731291e+02   2.83152302e-04
   3.45731779e+02   4.43137571e-04
   3.45732268e+02   6.02336440e-05
   3.45732756e+02  -1.50937576e-05
   3.45733244e+02   1.60062729e-04
   3.45733732e+02   2.37259155e-04
   3.45734221e+02   5.35423693e-04
   3.45734709e+02   1.82868127e-04
   3.45735197e+02  -6.10667397e-04
   3.45735686e+02  -3.30546987e-04
   3.45736174e+02   5.73753678e-05
   3.45736662e+02  -2.87221075e-04
   3.45737151e+02  -3.75871605e-04
   3.45737639e+02  -1.06395775e-04
   3.45738127e+02   7.92984647e-05
   3.45738616e+02  -8.16510583e-05
   3.45739104e+02  -3.42175510e-04
   3.45739592e+02  -1.86795587e-04
   3.45740080e+02  -1.54791269e-04
   3.45740569e+02  -3.76229087e-04
   3.45741057e+02  -3.80132464e-04
   3.45741545e+02  -2.86605908e-04
   3.45742034e+02  -9.73126444e-05
   3.45742522e+02   1.13284850e-05
   3.45743010e+02   2.61871410e-05
   3.45743499e+02  -4.79185255e-05
   3.45743987e+02  -1.97152636e-04
   3.45744475e+02   1.01641335e-05
   3.45744964e+02   3.82869875e-05
   3.45745452e+02  -3.20814288e-04
   3.45745940e+02  -5.11477701e-04
   3.45746428e+02  -1.82214339e-04
   3.45746917e+02   1.11692607e-04
   3.45747405e+02  -2.76584353e-04
   3.45747893e+02  -5.90841228e-04
   3.45748382e+02  -3.02210887e-04
   3.45748870e+02   2.57951106e-05
   3.45749358e+02   1.22000725e-04
   3.45749847e+02  -6.38898782e-05
   3.45750335e+02  -4.43847588e-04
   3.45750823e+02  -5.31780941e-04
   3.45751312e+02  -2.52342317e-04
   3.45751800e+02   7.12896726e-05
   3.45752288e+02  -6.77557691e-05
   3.45752776e+02  -5.59046690e-04
   3.45753265e+02  -3.39048682e-04
   3.45753753e+02   1.96552908e-04
   3.45754241e+02   2.41218644e-04
   3.45754730e+02   2.54671031e-04
   3.45755218e+02   3.71929840e-04
   3.45755706e+02  -3.94991657e-05
   3.45756195e+02  -4.20085824e-04
   3.45756683e+02  -1.19540920e-04
   3.45757171e+02   2.67345575e-04
   3.45757660e+02   2.57725362e-04
   3.45758148e+02  -1.94673994e-05
   3.45758636e+02  -8.30212593e-05
   3.45759124e+02  -6.41069419e-05
   3.45759613e+02  -1.13099661e-04
   3.45760101e+02  -2.96917460e-06
   3.45760589e+02  -7.93808722e-05
   3.45761078e+02  -3.67500877e-04
   3.45761566e+02  -4.92539722e-04
   3.45762054e+02  -2.48170516e-04
   3.45762543e+02  -1.69412480e-04
   3.45763031e+02  -4.19757096e-04
   3.45763519e+02  -5.53752878e-04
   3.45764008e+02  -6.36937504e-04
   3.45764496e+02  -2.96797254e-04
   3.45764984e+02  -2.16620334e-04
   3.45765473e+02   7.26579819e-05
   3.45765961e+02   2.89256306e-04
   3.45766449e+02   1.92262014e-04
   3.45766937e+02  -2.35324638e-04
   3.45767426e+02  -3.86939762e-04
   3.45767914e+02  -1.05783321e-04
   3.45768402e+02   3.47663372e-05
   3.45768891e+02  -1.72792468e-04
   3.45769379e+02  -1.98686263e-04
   3.45769867e+02  -1.59283518e-04
   3.45770356e+02  -4.44027537e-05
   3.45770844e+02  -5.44187715e-05
   3.45771332e+02  -2.45111209e-04
   3.45771821e+02   3.47768400e-05
   3.45772309e+02   2.85326503e-04
   3.45772797e+02   1.77220732e-04
   3.45773285e+02  -1.37988354e-05
   3.45773774e+02   2.48681736e-05
   3.45774262e+02   1.29284075e-04
   3.45774750e+02  -1.79020004e-04
   3.45775239e+02  -5.42987371e-04
   3.45775727e+02  -4.27942374e-04
   3.45776215e+02   1.27033549e-04
   3.45776704e+02   5.71006211e-04
   3.45777192e+02   3.31539050e-04
   3.45777680e+02  -2.60691158e-04
   3.45778169e+02  -5.75865153e-04
   3.45778657e+02  -2.40276160e-04
   3.45779145e+02   1.27308347e-04
   3.45779633e+02   7.81445342e-05
   3.45780122e+02   2.27460725e-04
   3.45780610e+02   4.16121824e-04
   3.45781098e+02   4.25782637e-04
   3.45781587e+02   2.40092268e-04
   3.45782075e+02  -2.83632908e-05
   3.45782563e+02  -7.47860176e-05
   3.45783052e+02  -2.78233667e-04
   3.45783540e+02  -4.34540940e-04
   3.45784028e+02  -5.55629842e-04
   3.45784517e+02  -6.87141728e-04
   3.45785005e+02  -4.16204159e-04
   3.45785493e+02  -1.24441096e-04
   3.45785981e+02  -4.61396739e-05
   3.45786470e+02  -3.13529818e-05
   3.45786958e+02  -1.72189641e-04
   3.45787446e+02  -2.93208228e-04
   3.45787935e+02  -3.84307990e-04
   3.45788423e+02  -7.68342114e-04
   3.45788911e+02  -7.43923592e-04
   3.45789400e+02   1.41389770e-04
   3.45789888e+02   4.63593897e-04
   3.45790376e+02   5.66234085e-05
   3.45790865e+02   4.50336702e-05
   3.45791353e+02   2.76458159e-04
   3.45791841e+02   1.02274214e-04
   3.45792329e+02  -3.76959331e-04
   3.45792818e+02  -6.22614054e-04
   3.45793306e+02  -5.28271717e-04
   3.45793794e+02  -1.35086200e-04
   3.45794283e+02   3.80699967e-05
   3.45794771e+02  -4.21141332e-04
   3.45795259e+02  -6.21103973e-04
   3.45795748e+02  -1.95699060e-04
   3.45796236e+02   2.98902334e-04
   3.45796724e+02   5.34675724e-04
   3.45797213e+02   3.66788649e-04
   3.45797701e+02   6.01407919e-05
   3.45798189e+02   4.44070611e-04
   3.45798677e+02   6.88909960e-04
   3.45799166e+02   3.25272122e-04
   3.45799654e+02   1.65111996e-04
   3.45800142e+02   8.78848823e-06
   3.45800631e+02  -1.60327239e-04
   3.45801119e+02  -1.60870753e-04
   3.45801607e+02  -2.00008129e-04
   3.45802096e+02  -4.09485569e-04
   3.45802584e+02  -4.21695964e-04
   3.45803072e+02   2.43018178e-04
   3.45803561e+02   6.74968062e-04
   3.45804049e+02   4.77099384e-04
   3.45804537e+02   2.71781639e-04
   3.45805026e+02   4.90841107e-04
   3.45805514e+02   5.64185961e-04
   3.45806002e+02   1.35540758e-04
   3.45806490e+02   1.98996077e-05
   3.45806979e+02   1.01339276e-04
   3.45807467e+02   1.08443666e-04
   3.45807955e+02  -7.12796900e-05
   3.45808444e+02  -5.23889146e-04
   3.45808932e+02  -6.93509821e-04
   3.45809420e+02  -3.12630254e-05
   3.45809909e+02   7.96938606e-04
   3.45810397e+02   5.95666468e-04
   3.45810885e+02   2.86919152e-04
   3.45811374e+02   3.73807707e-04
   3.45811862e+02   3.28740221e-04
   3.45812350e+02   3.81384627e-04
   3.45812838e+02   3.69911868e-04
   3.45813327e+02   8.89724106e-05
   3.45813815e+02   1.04536244e-04
   3.45814303e+02  -5.81959175e-05
   3.45814792e+02  -3.16809368e-04
   3.45815280e+02   3.31389310e-05
   3.45815768e+02   4.47926694e-04
   3.45816257e+02   2.04081749e-04
   3.45816745e+02  -3.77978955e-04
   3.45817233e+02  -5.12455124e-04
   3.45817722e+02  -1.15194518e-04
   3.45818210e+02   7.20962853e-05
   3.45818698e+02   3.98661687e-05
   3.45819186e+02   2.02048323e-04
   3.45819675e+02   3.05672729e-04
   3.45820163e+02  -7.25545106e-05
   3.45820651e+02  -1.09249908e-04
   3.45821140e+02   1.32789253e-04
   3.45821628e+02   3.01544816e-04
   3.45822116e+02   6.21756422e-04
   3.45822605e+02   5.37658809e-04
