frequency (GHz), flux (Jy/beam)
   3.44888470e+02   3.98451695e-04
   3.44888959e+02  -1.20451450e-05
   3.44889447e+02  -2.63342023e-04
   3.44889935e+02  -1.33884110e-04
   3.44890423e+02  -1.35999551e-04
   3.44890912e+02  -1.92642867e-04
   3.44891400e+02   6.01393331e-05
   3.44891888e+02   2.22468123e-04
   3.44892377e+02   2.20250760e-04
   3.44892865e+02   3.87214619e-04
   3.44893353e+02   5.87458955e-04
   3.44893842e+02   3.57445882e-04
   3.44894330e+02  -6.62023085e-05
   3.44894818e+02  -1.44551988e-04
   3.44895307e+02   1.06380292e-04
   3.44895795e+02   2.79664935e-04
   3.44896283e+02   3.46128945e-04
   3.44896771e+02   2.65473733e-04
   3.44897260e+02   9.78924654e-05
   3.44897748e+02  -3.39850667e-05
   3.44898236e+02  -4.06157014e-05
   3.44898725e+02  -1.89924569e-04
   3.44899213e+02  -2.04848402e-04
   3.44899701e+02   1.04748149e-04
   3.44900190e+02   1.02793652e-04
   3.44900678e+02  -5.78426079e-06
   3.44901166e+02   1.13153801e-05
   3.44901655e+02  -1.64591984e-04
   3.44902143e+02  -1.17616386e-04
   3.44902631e+02   8.42209411e-05
   3.44903119e+02   1.51855274e-04
   3.44903608e+02   5.39914588e-04
   3.44904096e+02   7.80974340e-04
   3.44904584e+02   5.63376874e-04
   3.44905073e+02   4.12415102e-04
   3.44905561e+02   4.83450334e-04
   3.44906049e+02   4.79238050e-04
   3.44906538e+02   1.31059729e-04
   3.44907026e+02  -7.61019182e-05
   3.44907514e+02   2.55346327e-04
   3.44908003e+02   3.08523042e-04
   3.44908491e+02  -7.65996301e-05
   3.44908979e+02  -4.35566653e-05
   3.44909467e+02   2.94002093e-04
   3.44909956e+02   3.56852892e-04
   3.44910444e+02   1.35872120e-04
   3.44910932e+02  -1.55250644e-04
   3.44911421e+02  -1.07013264e-04
   3.44911909e+02  -1.37851093e-04
   3.44912397e+02  -5.77493280e-04
   3.44912886e+02  -5.94090438e-04
   3.44913374e+02  -1.16010960e-04
   3.44913862e+02  -1.93655724e-04
   3.44914351e+02  -4.80942253e-04
   3.44914839e+02  -2.48327638e-06
   3.44915327e+02   4.71857085e-04
   3.44915815e+02   1.33892390e-04
   3.44916304e+02  -3.39791965e-04
   3.44916792e+02  -2.68925069e-04
   3.44917280e+02   2.75914703e-04
   3.44917769e+02   6.24301145e-04
   3.44918257e+02   2.82086083e-04
   3.44918745e+02   9.81440462e-05
   3.44919234e+02   1.34487098e-04
   3.44919722e+02   1.45495767e-04
   3.44920210e+02   2.51113874e-04
   3.44920699e+02   2.40121881e-04
   3.44921187e+02  -1.59609233e-04
   3.44921675e+02  -4.06687643e-04
   3.44922163e+02  -2.96462240e-04
   3.44922652e+02  -3.56372446e-04
   3.44923140e+02  -1.66495855e-04
   3.44923628e+02   2.92302808e-04
   3.44924117e+02   9.99864933e-05
   3.44924605e+02   6.23432352e-05
   3.44925093e+02   5.36751584e-04
   3.44925582e+02   5.13290754e-04
   3.44926070e+02   2.53082486e-04
   3.44926558e+02   6.10107345e-05
   3.44927047e+02  -1.78616567e-04
   3.44927535e+02  -3.12631601e-04
   3.44928023e+02  -2.00183771e-04
   3.44928512e+02  -4.32257257e-05
   3.44929000e+02  -2.39337489e-04
   3.44929488e+02  -2.08735582e-04
   3.44929976e+02  -1.39728392e-04
   3.44930465e+02  -6.05005946e-04
   3.44930953e+02  -7.60344672e-04
   3.44931441e+02  -5.44395647e-04
   3.44931930e+02  -1.90097635e-04
   3.44932418e+02   3.76893266e-04
   3.44932906e+02   6.44541113e-04
   3.44933395e+02   3.01417400e-04
   3.44933883e+02  -9.33670672e-05
   3.44934371e+02   1.07498854e-05
   3.44934860e+02   1.97951696e-04
   3.44935348e+02  -1.74710760e-04
   3.44935836e+02  -3.24715744e-04
   3.44936324e+02  -2.14606567e-04
   3.44936813e+02  -9.50766043e-05
   3.44937301e+02   2.62319518e-04
   3.44937789e+02   2.42714101e-04
   3.44938278e+02  -7.67078163e-05
   3.44938766e+02   1.01144004e-04
   3.44939254e+02   2.54352606e-04
   3.44939743e+02   1.54404974e-04
   3.44940231e+02   2.52702128e-04
   3.44940719e+02   1.44703663e-04
   3.44941208e+02  -2.26855365e-04
   3.44941696e+02  -2.28145422e-04
   3.44942184e+02  -1.45599406e-04
   3.44942672e+02  -2.80841603e-04
   3.44943161e+02  -2.63406109e-04
   3.44943649e+02   2.45382726e-05
   3.44944137e+02   1.62407290e-04
   3.44944626e+02   1.37337192e-04
   3.44945114e+02   2.53490463e-04
   3.44945602e+02   1.38913063e-04
   3.44946091e+02   7.38506424e-06
   3.44946579e+02  -3.38376740e-05
   3.44947067e+02   4.89039739e-05
   3.44947556e+02   3.17470258e-04
   3.44948044e+02   5.82107692e-04
   3.44948532e+02   3.24476219e-04
   3.44949020e+02   3.88572407e-05
   3.44949509e+02  -1.03442944e-04
   3.44949997e+02  -3.12151969e-04
   3.44950485e+02  -2.54483864e-04
   3.44950974e+02   3.89877896e-05
   3.44951462e+02   4.16524272e-04
   3.44951950e+02   6.23074884e-04
   3.44952439e+02   6.13764743e-04
   3.44952927e+02   5.45576680e-04
   3.44953415e+02   2.85141898e-04
   3.44953904e+02  -1.22254758e-04
   3.44954392e+02  -1.99565358e-04
   3.44954880e+02   2.43722767e-04
   3.44955368e+02   6.76124939e-04
   3.44955857e+02   2.14367581e-04
   3.44956345e+02  -3.14930541e-04
   3.44956833e+02  -3.33330390e-04
   3.44957322e+02  -3.62575054e-04
   3.44957810e+02  -3.60735954e-04
   3.44958298e+02  -1.39784228e-04
   3.44958787e+02  -2.03645686e-06
   3.44959275e+02  -1.45167229e-04
   3.44959763e+02  -2.70969991e-04
   3.44960252e+02  -1.53868561e-04
   3.44960740e+02   1.48693565e-04
   3.44961228e+02   2.22967137e-04
   3.44961716e+02  -2.10023909e-08
   3.44962205e+02  -3.18566599e-04
   3.44962693e+02  -3.59680329e-04
   3.44963181e+02  -5.41962072e-05
   3.44963670e+02   9.40471291e-05
   3.44964158e+02  -1.63552715e-04
   3.44964646e+02  -4.40536533e-04
   3.44965135e+02  -2.98427709e-04
   3.44965623e+02  -8.36789695e-06
   3.44966111e+02  -7.37825249e-05
   3.44966600e+02  -5.08422454e-05
   3.44967088e+02   1.28804342e-04
   3.44967576e+02   2.26493925e-04
   3.44968065e+02   2.47763062e-04
   3.44968553e+02   4.01535130e-04
   3.44969041e+02   3.92217218e-04
   3.44969529e+02   3.09225958e-04
   3.44970018e+02   6.07288617e-04
   3.44970506e+02   7.41133059e-04
   3.44970994e+02   5.97904203e-04
   3.44971483e+02   3.86057043e-04
   3.44971971e+02  -1.27040068e-04
   3.44972459e+02  -1.79712049e-04
   3.44972948e+02   2.96893937e-04
   3.44973436e+02   5.18865301e-04
   3.44973924e+02   4.57495480e-04
   3.44974413e+02   1.32236048e-04
   3.44974901e+02  -1.41063269e-04
   3.44975389e+02  -1.44663776e-04
   3.44975877e+02  -7.08180742e-05
   3.44976366e+02   2.52981437e-04
   3.44976854e+02   6.63967439e-05
   3.44977342e+02  -4.79691429e-04
   3.44977831e+02  -1.23668098e-04
   3.44978319e+02   4.97832196e-04
   3.44978807e+02   4.41848533e-04
   3.44979296e+02   1.63941106e-04
   3.44979784e+02  -3.40453444e-05
   3.44980272e+02   2.59838649e-04
   3.44980761e+02   5.72240038e-04
   3.44981249e+02   2.87142087e-04
   3.44981737e+02  -1.38390256e-04
   3.44982225e+02  -2.92430603e-04
   3.44982714e+02   1.30105536e-05
   3.44983202e+02   3.34984099e-04
   3.44983690e+02   3.10487201e-04
   3.44984179e+02   3.87178770e-05
   3.44984667e+02  -1.98887137e-05
   3.44985155e+02   5.81745953e-05
   3.44985644e+02  -8.50946308e-05
   3.44986132e+02  -7.47677332e-05
   3.44986620e+02   1.21551595e-04
   3.44987109e+02   1.90141669e-04
   3.44987597e+02   3.76420910e-04
   3.44988085e+02   6.12432312e-04
   3.44988573e+02   2.87161092e-04
   3.44989062e+02  -5.32442296e-04
   3.44989550e+02  -7.15861563e-04
   3.44990038e+02  -1.40428403e-06
   3.44990527e+02   2.00729395e-04
   3.44991015e+02  -5.20882131e-05
   3.44991503e+02   1.50520922e-04
   3.44991992e+02   4.67066449e-04
   3.44992480e+02   7.39247887e-04
   3.44992968e+02   6.91020512e-04
   3.44993457e+02   3.45112872e-04
   3.44993945e+02   1.34075904e-04
   3.44994433e+02   2.04332289e-04
   3.44994921e+02   1.30615532e-04
   3.44995410e+02  -3.51604336e-04
   3.44995898e+02  -5.22714516e-04
   3.44996386e+02  -3.14929675e-05
   3.44996875e+02   7.47563972e-05
   3.44997363e+02  -3.69029818e-04
   3.44997851e+02  -2.88505136e-04
   3.44998340e+02   1.16955009e-04
   3.44998828e+02   2.42951093e-04
   3.44999316e+02  -7.06754945e-05
   3.44999805e+02  -6.26763154e-04
   3.45000293e+02  -6.11393363e-04
   3.45000781e+02  -2.48815719e-04
   3.45001269e+02  -6.93360489e-05
   3.45001758e+02   1.05028841e-04
   3.45002246e+02  -2.27800905e-04
   3.45002734e+02  -5.41571644e-04
   3.45003223e+02  -4.11755391e-05
   3.45003711e+02   3.94071831e-04
   3.45004199e+02   7.07499203e-05
   3.45004688e+02   2.75394104e-05
   3.45005176e+02   1.21780577e-04
   3.45005664e+02   5.52090423e-05
   3.45006153e+02   5.23289891e-05
   3.45006641e+02   1.19222132e-04
   3.45007129e+02  -9.63168131e-05
   3.45007618e+02  -3.75636359e-04
   3.45008106e+02  -2.30699676e-04
   3.45008594e+02   5.84888876e-05
   3.45009082e+02   1.51118846e-04
   3.45009571e+02   3.08393351e-06
   3.45010059e+02  -2.04000869e-04
   3.45010547e+02  -4.13955859e-04
   3.45011036e+02  -2.45555362e-04
   3.45011524e+02   2.29287281e-04
   3.45012012e+02   1.94050299e-04
   3.45012501e+02  -2.11736551e-04
   3.45012989e+02  -7.79759197e-04
   3.45013477e+02  -1.19318860e-03
   3.45013966e+02  -7.77904002e-04
   3.45014454e+02  -2.65544280e-04
   3.45014942e+02  -2.31788988e-04
   3.45015430e+02  -1.33027119e-04
   3.45015919e+02  -6.10279531e-05
   3.45016407e+02  -6.16485413e-05
   3.45016895e+02   6.49361846e-06
   3.45017384e+02  -9.26923440e-06
   3.45017872e+02  -1.30759989e-04
   3.45018360e+02  -4.79298586e-04
   3.45018849e+02  -4.48654871e-04
   3.45019337e+02   1.10759371e-04
   3.45019825e+02   4.18758369e-04
   3.45020314e+02   5.09388221e-04
   3.45020802e+02   4.39312542e-04
   3.45021290e+02  -1.54113863e-04
   3.45021778e+02  -3.56981065e-04
   3.45022267e+02   1.66163409e-06
   3.45022755e+02   5.54445251e-05
   3.45023243e+02   3.01085092e-04
   3.45023732e+02   4.97218454e-04
   3.45024220e+02   4.08252148e-04
   3.45024708e+02   2.64546426e-04
   3.45025197e+02  -4.21580989e-05
   3.45025685e+02   2.69450666e-05
   3.45026173e+02   1.50282649e-04
   3.45026662e+02  -8.47847405e-05
   3.45027150e+02  -2.40006528e-04
   3.45027638e+02  -2.39582660e-04
   3.45028126e+02  -9.20741077e-05
   3.45028615e+02   1.32622736e-04
   3.45029103e+02  -4.72320389e-05
   3.45029591e+02  -2.85162765e-04
   3.45030080e+02   6.12379245e-06
   3.45030568e+02   1.72811400e-04
   3.45031056e+02   2.15943888e-04
   3.45031545e+02   4.17201547e-04
   3.45032033e+02   1.51818371e-04
   3.45032521e+02  -2.93682242e-04
   3.45033010e+02  -3.37016041e-04
   3.45033498e+02   4.56082416e-05
   3.45033986e+02   4.26412473e-04
   3.45034474e+02   3.64179345e-04
   3.45034963e+02   2.14379288e-05
   3.45035451e+02  -2.83536414e-04
   3.45035939e+02  -1.00814512e-04
   3.45036428e+02  -3.59345795e-05
   3.45036916e+02  -1.02244521e-04
   3.45037404e+02   1.19299722e-04
   3.45037893e+02  -1.33069683e-04
   3.45038381e+02  -5.44391514e-04
   3.45038869e+02  -2.39451125e-04
   3.45039358e+02   6.97644427e-05
   3.45039846e+02  -4.31254244e-04
   3.45040334e+02  -6.82240468e-04
   3.45040822e+02  -4.32259287e-04
   3.45041311e+02  -5.57188992e-04
   3.45041799e+02  -7.24625774e-04
   3.45042287e+02  -7.32563436e-04
   3.45042776e+02  -8.58442334e-04
   3.45043264e+02  -5.98020735e-04
   3.45043752e+02  -5.69787335e-06
   3.45044241e+02   3.50645889e-04
   3.45044729e+02   3.53488897e-04
   3.45045217e+02   2.44345254e-04
   3.45045706e+02   2.38626380e-05
   3.45046194e+02  -3.90964851e-04
   3.45046682e+02  -4.23342048e-04
   3.45047171e+02  -3.82161030e-04
   3.45047659e+02  -3.29868810e-04
   3.45048147e+02   2.36864915e-04
   3.45048635e+02   3.83971201e-04
   3.45049124e+02   1.39368989e-04
   3.45049612e+02   7.98889857e-07
   3.45050100e+02  -3.06120142e-04
   3.45050589e+02  -2.32842413e-05
   3.45051077e+02   7.00487697e-04
   3.45051565e+02   5.52482321e-04
   3.45052054e+02   4.84391094e-05
   3.45052542e+02   4.02645783e-05
   3.45053030e+02  -1.24570624e-05
   3.45053519e+02  -2.28056655e-04
   3.45054007e+02  -7.09256507e-04
   3.45054495e+02  -9.80558340e-04
   3.45054983e+02  -3.81031423e-04
   3.45055472e+02   4.36280621e-04
   3.45055960e+02   5.15434716e-04
   3.45056448e+02  -1.53267159e-04
   3.45056937e+02  -8.07380362e-04
   3.45057425e+02  -9.53271636e-04
   3.45057913e+02  -8.04789772e-04
   3.45058402e+02  -4.90314560e-04
   3.45058890e+02  -3.47237132e-04
   3.45059378e+02  -3.78075609e-04
   3.45059867e+02  -1.89908707e-04
   3.45060355e+02   2.36760272e-04
   3.45060843e+02   3.85592110e-04
   3.45061331e+02  -6.51670198e-05
   3.45061820e+02  -3.19387735e-04
   3.45062308e+02   1.80532355e-04
   3.45062796e+02   2.67556752e-04
   3.45063285e+02   1.34738933e-04
   3.45063773e+02  -1.08973647e-04
   3.45064261e+02  -2.14958549e-04
   3.45064750e+02  -3.24192923e-04
   3.45065238e+02  -2.82099238e-04
   3.45065726e+02  -2.68406060e-04
   3.45066215e+02  -4.53940040e-04
   3.45066703e+02  -3.01941473e-04
   3.45067191e+02   7.09789165e-05
   3.45067679e+02   4.45007550e-04
   3.45068168e+02   6.86337647e-04
   3.45068656e+02   7.41144817e-04
   3.45069144e+02   4.89842263e-04
   3.45069633e+02   1.35831331e-04
   3.45070121e+02   1.09039676e-04
   3.45070609e+02   3.38221813e-04
   3.45071098e+02   3.15046018e-05
   3.45071586e+02  -3.93674563e-04
   3.45072074e+02  -3.99182863e-05
   3.45072563e+02   3.26241628e-04
   3.45073051e+02   1.74719666e-04
   3.45073539e+02  -3.31448711e-04
   3.45074027e+02  -5.44139766e-04
   3.45074516e+02  -1.01673868e-04
   3.45075004e+02   3.03011038e-04
   3.45075492e+02   5.35719155e-04
   3.45075981e+02   4.37677896e-04
   3.45076469e+02   7.33040797e-05
   3.45076957e+02   3.02423741e-05
   3.45077446e+02   4.45415673e-04
   3.45077934e+02   6.79615827e-04
   3.45078422e+02   4.41698474e-04
   3.45078911e+02   9.87779713e-05
   3.45079399e+02  -1.51183076e-05
   3.45079887e+02  -2.10049748e-05
   3.45080375e+02   1.78665839e-04
   3.45080864e+02   5.76924998e-04
   3.45081352e+02   5.26319374e-04
   3.45081840e+02   2.89727817e-04
   3.45082329e+02   1.86093239e-05
   3.45082817e+02  -3.86533531e-04
   3.45083305e+02  -4.35170950e-04
   3.45083794e+02  -2.98691040e-04
   3.45084282e+02  -6.99701122e-05
   3.45084770e+02   5.22555434e-04
   3.45085259e+02   8.70827585e-04
   3.45085747e+02   6.65040920e-04
   3.45086235e+02   2.06408338e-04
   3.45086724e+02  -9.86570594e-05
   3.45087212e+02   1.57771414e-04
   3.45087700e+02   3.83745268e-04
   3.45088188e+02   2.06037163e-04
   3.45088677e+02  -7.84974545e-05
   3.45089165e+02  -2.80943146e-04
   3.45089653e+02  -5.15723586e-05
   3.45090142e+02   4.01642057e-04
   3.45090630e+02   2.87456613e-04
   3.45091118e+02   2.49033386e-04
   3.45091607e+02   3.29973438e-04
   3.45092095e+02   8.79929503e-05
   3.45092583e+02  -4.28111700e-04
   3.45093072e+02  -8.17301509e-04
   3.45093560e+02  -6.34446973e-04
   3.45094048e+02  -4.11169109e-04
   3.45094536e+02  -4.49879357e-04
   3.45095025e+02  -5.96755417e-04
   3.45095513e+02  -5.68497984e-04
   3.45096001e+02  -2.68301810e-04
   3.45096490e+02  -2.83593283e-04
   3.45096978e+02  -5.42053895e-04
   3.45097466e+02  -8.43333619e-05
   3.45097955e+02   7.79347378e-04
   3.45098443e+02   1.08852738e-03
   3.45098931e+02   8.21119116e-04
   3.45099420e+02   3.19695828e-04
   3.45099908e+02  -9.39292731e-05
   3.45100396e+02  -2.13962951e-04
   3.45100884e+02  -4.36322553e-05
   3.45101373e+02  -9.57979646e-05
   3.45101861e+02  -3.92783637e-04
   3.45102349e+02  -4.52863722e-04
   3.45102838e+02   4.14165697e-05
   3.45103326e+02   4.84646502e-04
   3.45103814e+02   1.68446815e-04
   3.45104303e+02  -1.06865664e-04
   3.45104791e+02   1.19220742e-04
   3.45105279e+02   1.67775026e-04
   3.45105768e+02   1.32335030e-04
   3.45106256e+02   1.53130866e-04
   3.45106744e+02   6.71477464e-05
   3.45107232e+02  -3.37737642e-04
   3.45107721e+02  -4.32463625e-04
   3.45108209e+02  -2.66996067e-05
   3.45108697e+02   3.10085539e-04
   3.45109186e+02   4.62982396e-04
   3.45109674e+02   4.14876646e-04
   3.45110162e+02   3.56113364e-04
   3.45110651e+02   3.71331320e-04
   3.45111139e+02   4.21257428e-04
   3.45111627e+02   1.81320560e-04
   3.45112116e+02  -2.67221068e-04
   3.45112604e+02  -4.78789560e-04
   3.45113092e+02  -1.96380483e-04
   3.45113580e+02   3.79674544e-04
   3.45114069e+02   4.90146514e-04
   3.45114557e+02   9.64742358e-05
   3.45115045e+02  -2.33506071e-04
   3.45115534e+02  -3.47798865e-04
   3.45116022e+02  -3.11531941e-04
   3.45116510e+02  -2.45247938e-04
   3.45116999e+02  -5.58344938e-04
   3.45117487e+02  -8.11237958e-04
   3.45117975e+02  -4.16666880e-04
   3.45118464e+02  -2.84549897e-04
   3.45118952e+02  -4.03365004e-04
   3.45119440e+02  -2.34917039e-04
   3.45119928e+02  -1.00668192e-04
   3.45120417e+02  -2.30509919e-04
   3.45120905e+02  -1.62974568e-04
   3.45121393e+02   1.75921028e-04
   3.45121882e+02   3.00577871e-04
   3.45122370e+02   4.70236904e-04
   3.45122858e+02   8.02413051e-05
   3.45123347e+02  -6.12744596e-04
   3.45123835e+02  -3.05207795e-04
   3.45124323e+02   2.00621114e-04
   3.45124812e+02  -4.37691924e-05
   3.45125300e+02  -2.27225799e-04
   3.45125788e+02  -1.28911823e-04
   3.45126277e+02  -1.68996252e-04
   3.45126765e+02  -1.05616564e-04
   3.45127253e+02  -3.12230077e-05
   3.45127741e+02  -2.01892166e-04
   3.45128230e+02  -3.12413584e-04
   3.45128718e+02  -2.30933307e-04
   3.45129206e+02  -8.60147338e-05
   3.45129695e+02  -3.48893482e-05
   3.45130183e+02   7.68068785e-05
   3.45130671e+02  -1.93750617e-04
   3.45131160e+02  -6.90932153e-04
   3.45131648e+02  -6.67035813e-04
   3.45132136e+02  -2.84408685e-04
   3.45132625e+02  -3.20700310e-05
   3.45133113e+02   2.91782417e-05
   3.45133601e+02  -1.39720833e-05
   3.45134089e+02  -9.55704854e-06
   3.45134578e+02  -8.91878371e-05
   3.45135066e+02  -1.88797727e-04
   3.45135554e+02  -1.17518553e-04
   3.45136043e+02  -9.21233514e-05
   3.45136531e+02  -3.52795672e-04
   3.45137019e+02  -6.11191615e-04
   3.45137508e+02  -4.55983914e-04
   3.45137996e+02  -1.49322805e-04
   3.45138484e+02   2.04998898e-04
   3.45138973e+02   5.55459468e-04
   3.45139461e+02   4.06852574e-04
   3.45139949e+02  -2.05553282e-04
   3.45140437e+02  -7.25747959e-04
   3.45140926e+02  -8.07934499e-04
   3.45141414e+02  -5.22380404e-04
   3.45141902e+02  -1.96372072e-04
   3.45142391e+02  -6.19691637e-05
   3.45142879e+02  -8.12332073e-05
   3.45143367e+02   1.53813686e-04
   3.45143856e+02   2.20864793e-04
   3.45144344e+02  -1.61688058e-05
   3.45144832e+02   7.82117568e-05
   3.45145321e+02   3.20322288e-04
   3.45145809e+02   5.20646339e-04
   3.45146297e+02   8.58001527e-04
   3.45146785e+02   1.18959229e-03
   3.45147274e+02   8.08759942e-04
   3.45147762e+02   7.14049793e-06
   3.45148250e+02  -3.10647651e-04
   3.45148739e+02  -4.01679106e-04
   3.45149227e+02  -2.95585894e-04
   3.45149715e+02   1.55977148e-04
   3.45150204e+02   4.05493454e-04
   3.45150692e+02   7.31538923e-04
   3.45151180e+02   6.38997357e-04
   3.45151669e+02  -8.45633986e-05
   3.45152157e+02  -2.63470196e-04
   3.45152645e+02   1.68225342e-05
   3.45153133e+02   1.03916769e-04
   3.45153622e+02  -2.04652126e-04
   3.45154110e+02  -6.17187878e-04
   3.45154598e+02  -3.96181247e-04
   3.45155087e+02   5.59161854e-05
   3.45155575e+02   2.71854602e-04
   3.45156063e+02   1.60616575e-04
   3.45156552e+02  -1.31844761e-04
   3.45157040e+02   7.04513368e-05
   3.45157528e+02   2.39883855e-04
   3.45158017e+02  -3.56192148e-04
   3.45158505e+02  -9.74311261e-04
   3.45158993e+02  -1.01586815e-03
   3.45159481e+02  -9.21253115e-04
   3.45159970e+02  -6.16632635e-04
   3.45160458e+02   2.89177842e-05
   3.45160946e+02   2.16056738e-04
   3.45161435e+02   1.78468719e-04
   3.45161923e+02   7.22079494e-05
   3.45162411e+02  -4.47373925e-04
   3.45162900e+02  -6.99028431e-04
   3.45163388e+02  -3.04858317e-04
   3.45163876e+02  -8.00806811e-05
   3.45164365e+02  -4.59063274e-04
   3.45164853e+02  -4.19413904e-04
   3.45165341e+02   3.36712183e-05
   3.45165830e+02  -2.55808729e-04
   3.45166318e+02  -6.09552546e-04
   3.45166806e+02  -1.22465994e-04
   3.45167294e+02   9.10074014e-05
   3.45167783e+02   5.16369164e-06
   3.45168271e+02   1.01378646e-04
   3.45168759e+02   1.82473028e-04
   3.45169248e+02   4.39454772e-04
   3.45169736e+02   8.24173796e-04
   3.45170224e+02   6.70549984e-04
   3.45170713e+02   4.32973378e-04
   3.45171201e+02   3.99607001e-04
   3.45171689e+02   8.19472771e-05
   3.45172178e+02  -2.09597492e-04
   3.45172666e+02   5.05532944e-06
   3.45173154e+02   2.87515664e-04
   3.45173642e+02   3.43121967e-04
   3.45174131e+02   3.39030987e-04
   3.45174619e+02   2.16297231e-05
   3.45175107e+02  -3.73989606e-04
   3.45175596e+02  -1.61322561e-04
   3.45176084e+02   3.32973468e-05
   3.45176572e+02  -3.48601519e-04
   3.45177061e+02  -5.40306792e-04
   3.45177549e+02  -5.54169237e-04
   3.45178037e+02  -8.37064581e-04
   3.45178526e+02  -8.44114984e-04
   3.45179014e+02  -6.04477071e-04
   3.45179502e+02  -2.32994076e-04
   3.45179990e+02   2.82877299e-04
   3.45180479e+02   2.29590703e-04
   3.45180967e+02  -3.70846479e-04
   3.45181455e+02  -6.64331601e-04
   3.45181944e+02  -6.79984398e-04
   3.45182432e+02  -4.85374330e-04
   3.45182920e+02   1.71162719e-05
   3.45183409e+02   3.83392937e-04
   3.45183897e+02   2.54973740e-04
   3.45184385e+02  -1.37599427e-05
   3.45184874e+02   4.32270426e-05
   3.45185362e+02   3.76905606e-04
   3.45185850e+02   5.84895490e-04
   3.45186338e+02   2.93220859e-04
   3.45186827e+02  -3.17274971e-05
   3.45187315e+02  -8.46930343e-05
   3.45187803e+02  -1.39849377e-04
   3.45188292e+02  -2.46105745e-04
   3.45188780e+02  -2.85068498e-04
   3.45189268e+02  -4.48370760e-04
   3.45189757e+02  -5.36238716e-04
   3.45190245e+02  -4.47109778e-04
   3.45190733e+02  -4.31836583e-04
   3.45191222e+02  -4.05937550e-04
   3.45191710e+02  -3.97512020e-04
   3.45192198e+02  -5.40460867e-04
   3.45192686e+02  -4.60847514e-04
   3.45193175e+02   1.77624006e-05
   3.45193663e+02   3.50594200e-04
   3.45194151e+02   3.33863369e-04
   3.45194640e+02   2.18242902e-04
   3.45195128e+02  -8.42756053e-05
   3.45195616e+02  -4.40289063e-04
   3.45196105e+02  -1.85988582e-04
   3.45196593e+02   3.27176938e-04
   3.45197081e+02   4.56149253e-04
   3.45197570e+02  -6.81883030e-05
   3.45198058e+02  -4.71748441e-04
   3.45198546e+02  -2.11527993e-04
   3.45199034e+02  -2.87289964e-04
   3.45199523e+02  -2.77175248e-04
   3.45200011e+02   4.08361724e-04
   3.45200499e+02   7.34433183e-04
   3.45200988e+02   8.26282194e-04
   3.45201476e+02   6.74472889e-04
   3.45201964e+02   2.24958771e-04
   3.45202453e+02  -2.54582381e-04
   3.45202941e+02  -4.20674507e-04
   3.45203429e+02   1.40396460e-05
   3.45203918e+02   3.66579188e-04
   3.45204406e+02   3.79431673e-04
   3.45204894e+02   2.66264979e-04
   3.45205383e+02  -2.86418399e-05
   3.45205871e+02  -1.62290104e-04
   3.45206359e+02  -1.10672590e-04
   3.45206847e+02   8.72312012e-05
   3.45207336e+02   3.78995872e-04
   3.45207824e+02   4.04540246e-04
   3.45208312e+02   3.58109974e-04
   3.45208801e+02   5.34940802e-04
   3.45209289e+02   4.60807671e-04
   3.45209777e+02  -2.65031977e-05
   3.45210266e+02  -3.92138376e-04
   3.45210754e+02  -6.51591545e-05
   3.45211242e+02   5.93124772e-04
   3.45211731e+02   5.12315251e-04
   3.45212219e+02   2.19879257e-05
   3.45212707e+02  -5.61704364e-05
   3.45213195e+02  -1.10272078e-04
   3.45213684e+02  -1.84136414e-04
   3.45214172e+02  -1.65983409e-04
   3.45214660e+02  -1.12621652e-04
   3.45215149e+02   9.41240432e-06
   3.45215637e+02   2.35035623e-04
   3.45216125e+02   3.02600092e-04
   3.45216614e+02   1.25624210e-04
   3.45217102e+02  -9.53109120e-05
   3.45217590e+02  -1.15214141e-04
   3.45218079e+02  -1.77177266e-04
   3.45218567e+02  -3.55362368e-04
   3.45219055e+02  -1.76101355e-04
   3.45219543e+02   3.08384951e-05
   3.45220032e+02  -3.18942584e-05
   3.45220520e+02  -7.81072868e-06
   3.45221008e+02   2.08857266e-04
   3.45221497e+02   1.11299276e-04
   3.45221985e+02  -1.05709150e-04
   3.45222473e+02   2.07397010e-04
   3.45222962e+02   1.26606872e-04
   3.45223450e+02  -3.86309024e-04
   3.45223938e+02  -4.44149016e-04
   3.45224427e+02  -2.15227847e-04
   3.45224915e+02  -1.07738328e-04
   3.45225403e+02  -1.48560954e-04
   3.45225891e+02  -8.93859469e-05
   3.45226380e+02   1.20972487e-04
   3.45226868e+02   2.60962173e-04
   3.45227356e+02  -8.12876315e-05
   3.45227845e+02  -3.56561999e-04
   3.45228333e+02  -3.73261137e-04
   3.45228821e+02  -1.91572573e-04
   3.45229310e+02  -5.23747731e-05
   3.45229798e+02  -3.17158061e-04
   3.45230286e+02  -5.82341396e-04
   3.45230775e+02  -7.40318967e-04
   3.45231263e+02  -1.08725659e-03
   3.45231751e+02  -9.23265936e-04
   3.45232239e+02  -3.37894715e-04
   3.45232728e+02  -7.69535545e-05
   3.45233216e+02  -2.59321922e-07
   3.45233704e+02  -2.81077137e-05
   3.45234193e+02   6.54205287e-05
   3.45234681e+02  -1.40263001e-04
   3.45235169e+02  -6.23930246e-04
   3.45235658e+02  -7.12180103e-04
   3.45236146e+02  -4.12124558e-04
   3.45236634e+02  -3.89597029e-04
   3.45237123e+02  -6.81681617e-04
   3.45237611e+02  -3.95020499e-04
   3.45238099e+02   5.52750833e-04
   3.45238587e+02   6.07839145e-04
   3.45239076e+02   4.39823169e-04
   3.45239564e+02   7.15638816e-05
   3.45240052e+02   4.45406367e-05
   3.45240541e+02   6.16218604e-04
   3.45241029e+02   4.88462800e-04
   3.45241517e+02  -2.38551147e-04
   3.45242006e+02  -2.44552124e-04
   3.45242494e+02   1.88404825e-04
   3.45242982e+02   3.26746900e-04
   3.45243471e+02   3.51289549e-04
   3.45243959e+02   1.73717854e-04
   3.45244447e+02  -1.20520061e-04
   3.45244936e+02   3.69257468e-05
   3.45245424e+02   4.75773995e-04
   3.45245912e+02   4.50267951e-04
   3.45246400e+02   1.39329975e-04
   3.45246889e+02  -1.14109425e-04
   3.45247377e+02   3.50333648e-05
   3.45247865e+02   2.79807748e-04
   3.45248354e+02  -1.71705105e-04
   3.45248842e+02  -6.30657654e-04
   3.45249330e+02  -2.82415858e-04
   3.45249819e+02   3.25943169e-04
   3.45250307e+02   4.50787746e-04
   3.45250795e+02   2.74688267e-04
   3.45251284e+02   2.61147623e-04
   3.45251772e+02   2.64386734e-04
   3.45252260e+02   2.11270119e-04
   3.45252748e+02   2.75935949e-04
   3.45253237e+02   2.80898501e-04
   3.45253725e+02  -1.74994943e-06
   3.45254213e+02  -3.50225717e-04
   3.45254702e+02  -3.75988981e-04
   3.45255190e+02  -2.95133010e-04
   3.45255678e+02  -4.13317728e-04
   3.45256167e+02  -3.61185870e-04
   3.45256655e+02  -2.65087234e-04
   3.45257143e+02  -2.68292148e-04
   3.45257632e+02  -9.70889960e-05
   3.45258120e+02  -5.05790267e-05
   3.45258608e+02  -6.96213247e-05
   3.45259096e+02  -7.19261297e-05
   3.45259585e+02  -1.40864679e-04
   3.45260073e+02   2.98311534e-05
   3.45260561e+02   1.57987684e-04
   3.45261050e+02   5.81382010e-05
   3.45261538e+02  -2.47401418e-04
   3.45262026e+02  -8.33699421e-04
   3.45262515e+02  -1.12093950e-03
   3.45263003e+02  -7.18307332e-04
   3.45263491e+02  -3.58931109e-04
   3.45263980e+02  -4.82794334e-04
   3.45264468e+02  -4.21388308e-04
   3.45264956e+02   1.24058919e-04
   3.45265444e+02   4.88845457e-04
   3.45265933e+02   3.11162585e-04
   3.45266421e+02   1.90647217e-04
   3.45266909e+02   2.81279878e-04
   3.45267398e+02   1.43403362e-04
   3.45267886e+02  -5.07181467e-05
   3.45268374e+02  -2.55790394e-04
   3.45268863e+02  -6.27686735e-04
   3.45269351e+02  -3.64073028e-04
   3.45269839e+02   3.50863440e-04
   3.45270328e+02   4.30064974e-04
   3.45270816e+02   2.35617757e-04
   3.45271304e+02   3.08351591e-04
   3.45271792e+02  -2.69295953e-07
   3.45272281e+02  -3.25454108e-04
   3.45272769e+02  -4.37916548e-04
   3.45273257e+02  -5.45333140e-04
   3.45273746e+02  -4.68647224e-04
   3.45274234e+02  -2.35584041e-04
   3.45274722e+02   1.98994225e-04
   3.45275211e+02   6.50066824e-04
   3.45275699e+02   5.78325300e-04
   3.45276187e+02   2.66239978e-04
   3.45276676e+02   3.55171564e-04
   3.45277164e+02   3.36527970e-04
   3.45277652e+02  -1.46823411e-04
   3.45278140e+02  -3.62718245e-04
   3.45278629e+02  -2.48666183e-04
   3.45279117e+02  -2.45997100e-04
   3.45279605e+02   3.10583491e-05
   3.45280094e+02   5.82320827e-05
   3.45280582e+02  -5.87018032e-04
   3.45281070e+02  -9.38919140e-04
   3.45281559e+02  -5.56886545e-04
   3.45282047e+02  -5.67803858e-04
   3.45282535e+02  -8.17616587e-04
   3.45283024e+02  -6.62816456e-05
   3.45283512e+02   5.56746731e-04
   3.45284000e+02   2.35258820e-04
   3.45284489e+02  -7.49447427e-05
   3.45284977e+02   1.00366669e-04
   3.45285465e+02   5.56565297e-04
   3.45285953e+02   8.07366043e-04
   3.45286442e+02   5.31345024e-04
   3.45286930e+02   2.61327863e-04
   3.45287418e+02   2.20136470e-04
   3.45287907e+02  -1.32618923e-04
   3.45288395e+02  -6.32818497e-04
   3.45288883e+02  -8.06696480e-04
   3.45289372e+02  -7.52057356e-04
   3.45289860e+02  -7.12168228e-04
   3.45290348e+02  -4.70239524e-04
   3.45290837e+02  -1.88703489e-04
   3.45291325e+02  -2.14884174e-04
   3.45291813e+02  -7.02476536e-05
   3.45292301e+02   2.64183691e-05
   3.45292790e+02  -3.66391032e-04
   3.45293278e+02  -5.49889228e-04
   3.45293766e+02  -2.41183865e-04
   3.45294255e+02   1.10493107e-04
   3.45294743e+02   5.39120403e-04
   3.45295231e+02   5.32952778e-04
   3.45295720e+02  -8.76885388e-05
   3.45296208e+02  -6.02873915e-04
   3.45296696e+02  -1.93871034e-04
   3.45297185e+02  -7.24465353e-05
   3.45297673e+02   6.23763844e-05
   3.45298161e+02  -4.07277330e-05
   3.45298649e+02  -2.90992699e-04
   3.45299138e+02  -6.74038602e-05
   3.45299626e+02   6.69156434e-05
   3.45300114e+02  -2.95312238e-05
   3.45300603e+02  -5.39096363e-05
   3.45301091e+02  -2.96065671e-04
   3.45301579e+02  -2.54894665e-04
   3.45302068e+02   2.25533906e-04
   3.45302556e+02   5.49289398e-04
   3.45303044e+02   3.74939031e-04
   3.45303533e+02  -2.76936713e-04
   3.45304021e+02  -5.99199790e-04
   3.45304509e+02  -3.57401877e-04
   3.45304997e+02  -2.35208630e-04
   3.45305486e+02  -1.95150147e-04
   3.45305974e+02   6.19582133e-05
   3.45306462e+02   2.40460591e-04
   3.45306951e+02   1.07665634e-04
   3.45307439e+02   1.90776118e-04
   3.45307927e+02   1.89237820e-04
   3.45308416e+02  -2.62277230e-04
   3.45308904e+02  -2.65803013e-04
   3.45309392e+02   9.58633682e-05
   3.45309881e+02  -8.28468671e-07
   3.45310369e+02   1.33987429e-04
   3.45310857e+02   5.74764330e-04
   3.45311345e+02   3.37474456e-04
   3.45311834e+02   1.59282077e-04
   3.45312322e+02   2.02815238e-04
   3.45312810e+02  -4.40820850e-06
   3.45313299e+02   1.13965725e-04
   3.45313787e+02   1.80191782e-04
   3.45314275e+02  -2.68478499e-04
   3.45314764e+02  -5.77333092e-04
   3.45315252e+02  -3.46121175e-04
   3.45315740e+02  -1.40810298e-04
   3.45316229e+02  -9.81273988e-05
   3.45316717e+02  -4.43963254e-05
   3.45317205e+02  -6.49614158e-05
   3.45317693e+02   9.06711357e-05
   3.45318182e+02   2.22476359e-04
   3.45318670e+02  -1.08743203e-04
   3.45319158e+02  -4.16882860e-04
   3.45319647e+02   4.16450057e-05
   3.45320135e+02   4.20806580e-04
   3.45320623e+02  -1.01154947e-05
   3.45321112e+02  -2.51936930e-04
   3.45321600e+02  -1.97122456e-04
   3.45322088e+02  -1.89041588e-04
   3.45322577e+02  -1.49910236e-04
   3.45323065e+02  -4.14654438e-04
   3.45323553e+02  -6.89642911e-04
   3.45324042e+02  -5.14678541e-04
   3.45324530e+02   1.59111558e-04
   3.45325018e+02   6.63793646e-04
   3.45325506e+02   1.42279838e-04
   3.45325995e+02  -3.56845412e-04
   3.45326483e+02  -4.49037580e-05
   3.45326971e+02   1.54614827e-04
   3.45327460e+02  -3.84505780e-04
   3.45327948e+02  -6.62518898e-04
   3.45328436e+02  -2.60474306e-04
   3.45328925e+02  -3.62690946e-04
   3.45329413e+02  -6.95669325e-04
   3.45329901e+02  -8.89234710e-04
   3.45330390e+02  -5.31003810e-04
   3.45330878e+02   2.65172130e-04
   3.45331366e+02   6.71099289e-04
   3.45331854e+02   8.49836739e-04
   3.45332343e+02   7.13629939e-04
   3.45332831e+02   1.07836873e-04
   3.45333319e+02  -4.04601509e-04
   3.45333808e+02  -5.20285859e-04
   3.45334296e+02  -1.88827747e-04
   3.45334784e+02   1.82780805e-05
   3.45335273e+02  -2.55894091e-04
   3.45335761e+02  -3.05741734e-04
   3.45336249e+02   2.18893620e-04
   3.45336738e+02   3.34618817e-04
   3.45337226e+02   3.29194263e-05
   3.45337714e+02   3.03764828e-05
   3.45338202e+02   1.86492995e-04
   3.45338691e+02   7.97400862e-05
   3.45339179e+02  -3.28317634e-04
   3.45339667e+02  -6.59833779e-04
   3.45340156e+02  -7.69229897e-04
   3.45340644e+02  -4.31718479e-04
   3.45341132e+02  -2.00558919e-04
   3.45341621e+02  -2.51700141e-04
   3.45342109e+02   5.04114832e-05
   3.45342597e+02   3.85251442e-05
   3.45343086e+02  -3.55360040e-04
   3.45343574e+02  -3.12966411e-04
   3.45344062e+02   4.72037718e-05
   3.45344550e+02   1.04535982e-04
   3.45345039e+02  -1.26454208e-04
   3.45345527e+02  -2.11136183e-04
   3.45346015e+02   7.12537949e-05
   3.45346504e+02  -1.74751622e-04
   3.45346992e+02  -6.47251843e-04
   3.45347480e+02  -5.31186291e-04
   3.45347969e+02  -7.76314002e-04
   3.45348457e+02  -9.77270771e-04
   3.45348945e+02  -4.59780917e-04
   3.45349434e+02  -6.70919326e-05
   3.45349922e+02  -1.26632891e-04
   3.45350410e+02  -1.57489238e-04
   3.45350898e+02   3.05455469e-04
   3.45351387e+02   4.40253847e-04
   3.45351875e+02  -1.62625030e-04
   3.45352363e+02  -5.37728774e-04
   3.45352852e+02  -5.21414273e-04
   3.45353340e+02  -5.36696229e-04
   3.45353828e+02  -3.75185919e-04
   3.45354317e+02   1.44489513e-05
   3.45354805e+02   9.34879572e-05
   3.45355293e+02   1.06257903e-04
   3.45355782e+02   5.56420928e-05
   3.45356270e+02   1.82122152e-04
   3.45356758e+02   3.25091503e-04
   3.45357246e+02   1.87951664e-04
   3.45357735e+02   1.08475581e-06
   3.45358223e+02   5.94660669e-05
   3.45358711e+02   5.68068004e-04
   3.45359200e+02   6.32999348e-04
   3.45359688e+02   1.26755127e-04
   3.45360176e+02  -6.87823240e-06
   3.45360665e+02   1.71650507e-04
   3.45361153e+02   5.00156486e-04
   3.45361641e+02   4.79342038e-04
   3.45362130e+02   1.32152461e-04
   3.45362618e+02  -1.35097216e-04
   3.45363106e+02  -1.75858208e-04
   3.45363595e+02   1.97688045e-04
   3.45364083e+02   4.71904612e-04
   3.45364571e+02   3.81528458e-04
   3.45365059e+02  -2.08545662e-05
   3.45365548e+02  -3.67590663e-04
   3.45366036e+02  -2.29805184e-04
   3.45366524e+02   8.89213115e-05
   3.45367013e+02   2.48402765e-04
   3.45367501e+02   2.72731879e-04
   3.45367989e+02   7.53178392e-06
   3.45368478e+02  -2.23751864e-04
   3.45368966e+02  -3.85474268e-05
   3.45369454e+02   1.18459611e-04
   3.45369943e+02  -8.89199364e-05
   3.45370431e+02  -2.06352070e-05
   3.45370919e+02   1.05858686e-04
   3.45371407e+02  -1.45830287e-04
   3.45371896e+02  -1.91474042e-04
   3.45372384e+02  -9.67680244e-05
   3.45372872e+02  -3.48892878e-04
   3.45373361e+02  -3.66997032e-04
   3.45373849e+02  -5.84407053e-06
   3.45374337e+02   2.45905452e-04
   3.45374826e+02   2.62945687e-04
   3.45375314e+02  -3.22847744e-04
   3.45375802e+02  -6.55305514e-04
   3.45376291e+02  -5.61026027e-05
   3.45376779e+02   2.49082688e-04
   3.45377267e+02  -5.91114549e-05
   3.45377755e+02  -1.17309319e-04
   3.45378244e+02  -2.20801478e-04
   3.45378732e+02  -4.66473051e-04
   3.45379220e+02  -2.11116625e-04
   3.45379709e+02   2.55263527e-04
   3.45380197e+02   6.29191563e-05
   3.45380685e+02  -3.30907089e-04
   3.45381174e+02  -1.53736153e-04
   3.45381662e+02   9.16586359e-05
   3.45382150e+02   1.06288106e-04
   3.45382639e+02  -6.32868832e-05
   3.45383127e+02  -4.56212932e-04
   3.45383615e+02  -3.08516290e-04
   3.45384103e+02   3.31256451e-04
   3.45384592e+02   3.02254892e-04
   3.45385080e+02   1.54891546e-04
   3.45385568e+02   1.70933490e-04
   3.45386057e+02  -4.97107358e-05
   3.45386545e+02  -2.79256055e-04
   3.45387033e+02  -1.46169710e-04
   3.45387522e+02   2.91799166e-04
   3.45388010e+02   3.31261923e-04
   3.45388498e+02   2.03036892e-04
   3.45388987e+02   4.00356628e-04
   3.45389475e+02   4.80797811e-04
   3.45389963e+02   2.55799881e-04
   3.45390451e+02  -2.96549377e-04
   3.45390940e+02  -8.66430928e-04
   3.45391428e+02  -5.51361416e-04
   3.45391916e+02   1.14319591e-04
   3.45392405e+02  -1.56699462e-05
   3.45392893e+02   2.71800964e-05
   3.45393381e+02   3.40931700e-04
   3.45393870e+02   1.98297363e-04
   3.45394358e+02  -1.18359501e-04
   3.45394846e+02  -2.11755527e-04
   3.45395335e+02  -3.78996745e-04
   3.45395823e+02  -4.79069829e-04
   3.45396311e+02  -1.21532139e-04
   3.45396799e+02   3.53321288e-04
   3.45397288e+02   5.12566010e-04
   3.45397776e+02   5.38443041e-04
   3.45398264e+02   3.34640819e-04
   3.45398753e+02  -3.24420573e-04
   3.45399241e+02  -6.74226671e-04
   3.45399729e+02  -1.87807615e-04
   3.45400218e+02   2.72393256e-04
   3.45400706e+02   4.83258715e-04
   3.45401194e+02   7.73455540e-04
   3.45401683e+02   5.75083017e-04
   3.45402171e+02  -1.57899558e-04
   3.45402659e+02  -1.89008526e-04
   3.45403147e+02   2.16015382e-04
   3.45403636e+02   2.43914459e-04
   3.45404124e+02   1.48098610e-04
   3.45404612e+02   5.21943730e-05
   3.45405101e+02   5.54971266e-05
   3.45405589e+02  -1.14502509e-04
   3.45406077e+02  -3.04362242e-04
   3.45406566e+02  -2.95624613e-05
   3.45407054e+02   1.29765875e-04
   3.45407542e+02  -5.92758697e-05
   3.45408031e+02   2.03986798e-04
   3.45408519e+02   2.04792508e-04
   3.45409007e+02  -1.27763764e-04
   3.45409496e+02  -6.40006256e-05
   3.45409984e+02   3.30494986e-05
   3.45410472e+02  -1.38085932e-04
   3.45410960e+02  -1.18031217e-04
   3.45411449e+02   9.16897698e-05
   3.45411937e+02   6.30960218e-04
   3.45412425e+02   1.20131904e-03
   3.45412914e+02   9.48323228e-04
   3.45413402e+02   2.27170909e-04
   3.45413890e+02  -2.28580713e-04
   3.45414379e+02  -3.16634076e-04
   3.45414867e+02  -2.03971038e-04
   3.45415355e+02   5.42162270e-05
   3.45415844e+02   9.86608720e-05
   3.45416332e+02   4.82086798e-05
   3.45416820e+02  -2.45877745e-05
   3.45417308e+02   1.21878511e-04
   3.45417797e+02   4.28042113e-04
   3.45418285e+02   4.33277863e-04
   3.45418773e+02   1.80417206e-04
   3.45419262e+02  -5.87933580e-04
   3.45419750e+02  -1.15292217e-03
   3.45420238e+02  -4.38039453e-04
   3.45420727e+02   4.75539389e-04
   3.45421215e+02   4.19896969e-04
   3.45421703e+02   2.41800139e-04
   3.45422192e+02   3.43783222e-06
   3.45422680e+02  -3.74703086e-04
   3.45423168e+02  -2.83507485e-04
   3.45423656e+02  -2.60301225e-04
   3.45424145e+02  -3.80942452e-04
   3.45424633e+02  -3.15879908e-04
   3.45425121e+02  -3.16916703e-04
   3.45425610e+02  -3.46210931e-04
   3.45426098e+02  -3.83507228e-04
   3.45426586e+02  -1.54643174e-04
   3.45427075e+02   1.97913148e-04
   3.45427563e+02   9.49225796e-05
   3.45428051e+02  -3.97012591e-05
   3.45428540e+02  -4.49418694e-05
   3.45429028e+02   2.22005925e-04
   3.45429516e+02   1.66909245e-04
   3.45430004e+02  -1.51521686e-04
   3.45430493e+02   5.47736454e-05
   3.45430981e+02   2.74493534e-04
   3.45431469e+02   6.74383598e-04
   3.45431958e+02   1.07506150e-03
   3.45432446e+02   6.97081210e-04
   3.45432934e+02   2.59474124e-04
   3.45433423e+02   3.51641793e-04
   3.45433911e+02   4.98216716e-04
   3.45434399e+02   5.25878022e-05
   3.45434888e+02  -4.90487844e-04
   3.45435376e+02  -1.56278766e-04
   3.45435864e+02   5.05175383e-04
   3.45436352e+02   5.69720112e-04
   3.45436841e+02   3.30354815e-04
   3.45437329e+02   1.83194861e-04
   3.45437817e+02   1.40542834e-04
   3.45438306e+02   5.01302420e-04
   3.45438794e+02   8.43994843e-04
   3.45439282e+02   5.78693056e-04
   3.45439771e+02   2.33455328e-04
   3.45440259e+02  -7.66338708e-05
   3.45440747e+02  -4.57891554e-04
   3.45441236e+02  -4.00380726e-04
   3.45441724e+02   1.14240422e-04
   3.45442212e+02   3.65581334e-04
   3.45442700e+02   3.61945189e-04
   3.45443189e+02   1.87985366e-04
   3.45443677e+02  -1.63757504e-04
   3.45444165e+02  -9.55584546e-05
   3.45444654e+02  -8.73527097e-05
   3.45445142e+02  -2.70726334e-04
   3.45445630e+02  -1.99606784e-05
   3.45446119e+02   8.97038844e-05
   3.45446607e+02  -1.16371382e-04
   3.45447095e+02  -2.48794473e-04
   3.45447584e+02  -1.69679173e-04
   3.45448072e+02  -1.69422667e-04
   3.45448560e+02  -3.25791596e-04
   3.45449049e+02  -3.94524919e-04
   3.45449537e+02  -3.07998096e-04
   3.45450025e+02  -4.39780095e-04
   3.45450513e+02  -1.84043995e-04
   3.45451002e+02   3.09317082e-04
   3.45451490e+02   1.04469582e-04
   3.45451978e+02   8.75312544e-05
   3.45452467e+02   4.23742342e-04
   3.45452955e+02   7.63527205e-05
   3.45453443e+02  -3.20892257e-04
   3.45453932e+02  -2.92946352e-04
   3.45454420e+02  -3.35556659e-04
   3.45454908e+02  -1.16647061e-04
   3.45455397e+02   2.94602301e-04
   3.45455885e+02   4.65825549e-04
   3.45456373e+02   7.27788487e-04
   3.45456861e+02   8.57695704e-04
   3.45457350e+02   6.79454301e-04
   3.45457838e+02   4.59179399e-04
   3.45458326e+02   4.32143512e-04
   3.45458815e+02   4.10723675e-04
   3.45459303e+02   3.80316662e-04
   3.45459791e+02   4.60081908e-04
   3.45460280e+02   3.59511585e-04
   3.45460768e+02   7.38082526e-05
   3.45461256e+02  -3.28423688e-04
   3.45461745e+02  -3.80681216e-04
   3.45462233e+02   9.80775148e-05
   3.45462721e+02   1.52831461e-04
   3.45463209e+02  -3.02852772e-04
   3.45463698e+02  -2.62941496e-04
   3.45464186e+02   2.11601611e-04
   3.45464674e+02   2.49560544e-04
   3.45465163e+02  -3.83232182e-05
   3.45465651e+02   7.17217772e-05
   3.45466139e+02   2.07803576e-04
   3.45466628e+02   1.25313063e-05
   3.45467116e+02  -2.85792310e-04
   3.45467604e+02  -4.36849659e-04
   3.45468093e+02  -1.48269115e-04
   3.45468581e+02   2.81312474e-04
   3.45469069e+02   3.01982451e-04
   3.45469557e+02   4.89996630e-04
   3.45470046e+02   7.47608952e-04
   3.45470534e+02   2.82672729e-04
   3.45471022e+02  -2.28289951e-04
   3.45471511e+02  -9.69340254e-05
   3.45471999e+02   6.29340429e-05
   3.45472487e+02  -2.57830816e-05
   3.45472976e+02   3.71306611e-04
   3.45473464e+02   2.44627387e-04
   3.45473952e+02  -2.46560550e-04
   3.45474441e+02  -3.19076848e-04
   3.45474929e+02  -1.86780497e-04
   3.45475417e+02   6.79609075e-05
   3.45475905e+02   2.66741990e-04
   3.45476394e+02   9.77783930e-05
   3.45476882e+02  -1.79661743e-04
   3.45477370e+02  -2.70390708e-04
   3.45477859e+02  -2.23712879e-04
   3.45478347e+02  -1.33641908e-04
   3.45478835e+02  -2.33307554e-04
   3.45479324e+02  -2.44042254e-04
   3.45479812e+02  -8.40655557e-05
   3.45480300e+02  -1.55348258e-04
   3.45480789e+02  -3.86420637e-04
   3.45481277e+02  -4.55470552e-04
   3.45481765e+02  -4.53431334e-04
   3.45482253e+02   3.69967347e-05
   3.45482742e+02   4.69810970e-04
   3.45483230e+02  -4.44564575e-05
   3.45483718e+02  -4.44690522e-04
   3.45484207e+02  -2.42811599e-04
   3.45484695e+02   1.19053002e-05
   3.45485183e+02   2.25659223e-05
   3.45485672e+02  -1.83321579e-04
   3.45486160e+02  -3.52267671e-05
   3.45486648e+02   5.17512264e-04
   3.45487137e+02   7.97208573e-04
   3.45487625e+02   3.99202865e-04
   3.45488113e+02   2.17359222e-04
   3.45488602e+02   3.31554795e-04
   3.45489090e+02  -3.72727154e-05
   3.45489578e+02  -2.59410357e-04
   3.45490066e+02  -1.25070910e-05
   3.45490555e+02   4.25896404e-04
   3.45491043e+02   5.16473781e-04
   3.45491531e+02   1.60447191e-04
   3.45492020e+02  -8.92528042e-05
   3.45492508e+02  -2.06158671e-04
   3.45492996e+02  -2.95979873e-04
   3.45493485e+02  -2.21944283e-05
   3.45493973e+02   1.10195841e-04
   3.45494461e+02  -2.33012524e-05
   3.45494950e+02   4.60310584e-05
   3.45495438e+02   6.24648455e-05
   3.45495926e+02  -1.69903014e-05
   3.45496414e+02  -1.66612226e-04
   3.45496903e+02  -2.75601546e-04
   3.45497391e+02  -3.90312372e-04
   3.45497879e+02  -4.99583664e-04
   3.45498368e+02  -2.15813285e-04
   3.45498856e+02   7.16641662e-05
   3.45499344e+02  -2.14181437e-05
   3.45499833e+02  -2.63699949e-05
   3.45500321e+02   2.03288480e-04
   3.45500809e+02   6.49239984e-04
   3.45501298e+02   8.44577386e-04
   3.45501786e+02   4.64010285e-04
   3.45502274e+02   2.01717594e-05
   3.45502762e+02  -1.87860263e-04
   3.45503251e+02   1.53321580e-05
   3.45503739e+02   1.54670444e-04
   3.45504227e+02   9.04093977e-05
   3.45504716e+02   1.96077322e-04
   3.45505204e+02   6.52154340e-05
   3.45505692e+02  -6.02803957e-05
   3.45506181e+02   1.06491192e-04
   3.45506669e+02   5.33510456e-06
   3.45507157e+02  -3.85967578e-04
   3.45507646e+02  -4.29714069e-04
   3.45508134e+02   6.77614808e-05
   3.45508622e+02   2.17839304e-04
   3.45509110e+02  -2.23864205e-04
   3.45509599e+02  -4.13387053e-04
   3.45510087e+02  -1.96899375e-04
   3.45510575e+02  -4.01995976e-06
   3.45511064e+02   2.45213247e-04
   3.45511552e+02   1.34284157e-04
   3.45512040e+02  -3.32827243e-04
   3.45512529e+02  -5.46018768e-04
   3.45513017e+02  -4.23013465e-04
   3.45513505e+02   4.76786845e-05
   3.45513994e+02   2.19569003e-04
   3.45514482e+02  -2.73435668e-04
   3.45514970e+02  -7.11951521e-04
   3.45515458e+02  -6.30524126e-04
   3.45515947e+02  -3.83780192e-04
   3.45516435e+02  -7.36822432e-04
   3.45516923e+02  -1.10105961e-03
   3.45517412e+02  -7.90787512e-04
   3.45517900e+02  -4.72234969e-04
   3.45518388e+02  -4.40822652e-04
   3.45518877e+02  -5.71504701e-04
   3.45519365e+02  -1.34693040e-03
   3.45519853e+02  -2.51464895e-03
   3.45520342e+02  -7.29728630e-03
   3.45520830e+02  -1.11594265e-02
   3.45521318e+02  -1.00635551e-02
   3.45521806e+02   2.88605486e-04
   3.45522295e+02   1.76225174e-02
   3.45522783e+02   2.88277250e-02
   3.45523271e+02   3.28465551e-02
   3.45523760e+02   4.93108518e-02
   3.45524248e+02   1.01943575e-01
   3.45524736e+02   1.84633583e-01
   3.45525225e+02   2.74907708e-01
   3.45525713e+02   3.40339452e-01
   3.45526201e+02   3.55543405e-01
   3.45526690e+02   3.25096488e-01
   3.45527178e+02   2.66896456e-01
   3.45527666e+02   1.89874545e-01
   3.45528155e+02   1.17112011e-01
   3.45528643e+02   5.75107969e-02
   3.45529131e+02   2.09424589e-02
   3.45529619e+02   5.74207585e-03
   3.45530108e+02   1.32590253e-03
   3.45530596e+02   2.50435842e-04
   3.45531084e+02  -8.13248102e-04
   3.45531573e+02  -7.57275906e-04
   3.45532061e+02  -5.67673764e-04
   3.45532549e+02  -4.16297466e-04
   3.45533038e+02  -3.38375627e-04
   3.45533526e+02  -4.90665203e-04
   3.45534014e+02  -4.47527622e-04
   3.45534503e+02  -3.88116256e-04
   3.45534991e+02  -2.92368699e-04
   3.45535479e+02  -1.76128684e-04
   3.45535967e+02  -1.04109939e-04
   3.45536456e+02  -5.70523553e-05
   3.45536944e+02  -1.33731053e-04
   3.45537432e+02  -4.14157003e-05
   3.45537921e+02   1.58675160e-04
   3.45538409e+02   2.65689829e-04
   3.45538897e+02   2.68478703e-04
   3.45539386e+02  -1.29121705e-04
   3.45539874e+02  -3.70659574e-04
   3.45540362e+02  -2.28953286e-04
   3.45540851e+02  -2.27681972e-04
   3.45541339e+02  -4.44565929e-04
   3.45541827e+02  -3.89399182e-04
   3.45542315e+02  -8.47087576e-05
   3.45542804e+02   1.33232490e-04
   3.45543292e+02   5.35516701e-05
   3.45543780e+02  -1.85844721e-04
   3.45544269e+02   4.84403290e-06
   3.45544757e+02   1.48548919e-04
   3.45545245e+02  -2.55319406e-04
   3.45545734e+02  -3.80958081e-04
   3.45546222e+02  -1.68625746e-04
   3.45546710e+02  -6.02052278e-05
   3.45547199e+02  -5.00517708e-05
   3.45547687e+02   9.49323730e-05
   3.45548175e+02   3.90988949e-04
   3.45548663e+02   4.00776538e-04
   3.45549152e+02   5.55968909e-05
   3.45549640e+02  -2.66865300e-06
   3.45550128e+02   1.88297228e-04
   3.45550617e+02   1.83743439e-04
   3.45551105e+02   9.65090221e-05
   3.45551593e+02   3.80148276e-06
   3.45552082e+02   1.33012745e-05
   3.45552570e+02   4.04465187e-04
   3.45553058e+02   7.17105111e-04
   3.45553547e+02   7.13848043e-04
   3.45554035e+02   4.75871348e-04
   3.45554523e+02  -1.74334200e-04
   3.45555011e+02  -7.28944258e-04
   3.45555500e+02  -6.54319825e-04
   3.45555988e+02  -2.79222877e-04
   3.45556476e+02  -2.16966640e-04
   3.45556965e+02  -1.03971324e-04
   3.45557453e+02   7.51570187e-05
   3.45557941e+02   4.02960031e-05
   3.45558430e+02   5.91782155e-05
   3.45558918e+02  -1.57369606e-04
   3.45559406e+02  -6.03657740e-04
   3.45559895e+02  -7.06892461e-04
   3.45560383e+02  -6.59870799e-04
   3.45560871e+02  -4.45783982e-04
   3.45561359e+02  -3.51606832e-05
   3.45561848e+02   1.31748136e-04
   3.45562336e+02   1.47723898e-04
   3.45562824e+02   4.67162936e-05
   3.45563313e+02  -9.98923060e-05
   3.45563801e+02   3.97910335e-05
   3.45564289e+02   3.90033674e-04
   3.45564778e+02   4.13235859e-04
   3.45565266e+02   8.74925317e-05
   3.45565754e+02  -1.33232854e-04
   3.45566243e+02  -5.96484024e-05
   3.45566731e+02   1.68286511e-04
   3.45567219e+02   1.69371371e-04
   3.45567708e+02   2.14783631e-05
   3.45568196e+02   2.30140184e-04
   3.45568684e+02   2.89176915e-05
   3.45569172e+02  -3.73365707e-04
   3.45569661e+02  -2.33446117e-04
   3.45570149e+02   2.68928241e-04
   3.45570637e+02   5.12270024e-04
   3.45571126e+02   2.25469077e-04
   3.45571614e+02   1.90079154e-04
   3.45572102e+02  -1.82241474e-05
   3.45572591e+02  -5.65766764e-04
   3.45573079e+02  -5.38293622e-04
   3.45573567e+02  -2.61177396e-04
   3.45574056e+02  -7.42982738e-05
   3.45574544e+02  -2.05474105e-04
   3.45575032e+02  -4.10380570e-04
   3.45575520e+02  -2.95843292e-05
   3.45576009e+02   2.13786087e-04
   3.45576497e+02  -4.04324310e-05
   3.45576985e+02  -9.59067111e-05
   3.45577474e+02   1.41944838e-04
   3.45577962e+02   2.96131439e-05
   3.45578450e+02  -4.03990009e-04
   3.45578939e+02  -4.49238141e-04
   3.45579427e+02  -3.19729297e-04
   3.45579915e+02  -3.28698989e-05
   3.45580404e+02   1.66662358e-04
   3.45580892e+02   3.60500475e-04
   3.45581380e+02   4.20277560e-04
   3.45581868e+02   1.52639541e-06
   3.45582357e+02  -1.03917344e-04
   3.45582845e+02   6.28803245e-05
   3.45583333e+02  -5.13468345e-04
   3.45583822e+02  -5.76450489e-04
   3.45584310e+02   2.05340184e-04
   3.45584798e+02   3.40535684e-04
   3.45585287e+02  -6.52300805e-05
   3.45585775e+02  -2.19176363e-04
   3.45586263e+02   1.17365351e-04
   3.45586752e+02   2.27357246e-04
   3.45587240e+02  -4.26027982e-05
   3.45587728e+02  -2.86374212e-04
   3.45588216e+02  -5.23140596e-04
   3.45588705e+02  -6.71948830e-04
   3.45589193e+02  -6.09642186e-04
   3.45589681e+02  -1.00727470e-04
   3.45590170e+02   2.11183124e-05
   3.45590658e+02   1.69388295e-04
   3.45591146e+02   5.11047489e-04
   3.45591635e+02   5.12627244e-04
   3.45592123e+02   2.46814307e-04
   3.45592611e+02   2.37772867e-04
   3.45593100e+02   4.87625191e-04
   3.45593588e+02   5.70357428e-04
   3.45594076e+02   1.74023997e-04
   3.45594564e+02  -4.97601344e-04
   3.45595053e+02  -5.08691126e-04
   3.45595541e+02   1.20967903e-04
   3.45596029e+02   5.41044807e-04
   3.45596518e+02   4.36852482e-04
   3.45597006e+02   9.39873717e-05
   3.45597494e+02  -1.00202727e-04
   3.45597983e+02  -1.08641878e-04
   3.45598471e+02   1.29662018e-04
   3.45598959e+02   2.25188007e-04
   3.45599448e+02   6.47097768e-05
   3.45599936e+02   2.63210328e-04
   3.45600424e+02   6.19187369e-04
   3.45600912e+02   5.89001691e-04
   3.45601401e+02   2.37807122e-04
   3.45601889e+02  -5.25458890e-05
   3.45602377e+02  -1.97612026e-04
   3.45602866e+02  -3.06540693e-04
   3.45603354e+02  -1.95028682e-04
   3.45603842e+02  -6.47227935e-05
   3.45604331e+02   4.12796835e-05
   3.45604819e+02   1.38374535e-05
   3.45605307e+02  -3.61328886e-04
   3.45605796e+02  -2.27994446e-04
   3.45606284e+02   3.81069258e-04
   3.45606772e+02   5.11780963e-04
   3.45607261e+02   4.36987350e-04
   3.45607749e+02   2.37350672e-04
   3.45608237e+02  -1.55889837e-04
   3.45608725e+02  -2.51275691e-04
   3.45609214e+02   6.65671469e-05
   3.45609702e+02   5.39281114e-04
   3.45610190e+02   4.45033453e-04
   3.45610679e+02   1.94215027e-04
   3.45611167e+02   5.55882987e-04
   3.45611655e+02   7.49715895e-04
   3.45612144e+02   5.31170517e-04
   3.45612632e+02   4.87104146e-04
   3.45613120e+02   3.48629721e-04
   3.45613609e+02  -1.71143445e-04
   3.45614097e+02  -4.77863912e-04
   3.45614585e+02  -4.39275202e-04
   3.45615073e+02  -2.65313691e-04
   3.45615562e+02  -3.82441140e-05
   3.45616050e+02   8.72131350e-05
   3.45616538e+02   2.08860001e-04
   3.45617027e+02   5.18971705e-04
   3.45617515e+02   5.43413043e-04
   3.45618003e+02   4.74508306e-05
   3.45618492e+02   6.55392651e-05
   3.45618980e+02   1.97031623e-04
   3.45619468e+02  -5.36717525e-05
   3.45619957e+02  -4.00833669e-05
   3.45620445e+02   3.05684400e-04
   3.45620933e+02   2.21482507e-04
   3.45621421e+02  -2.71455181e-04
   3.45621910e+02  -5.34344348e-04
   3.45622398e+02  -4.84041957e-04
   3.45622886e+02  -2.06628480e-04
   3.45623375e+02  -9.05390480e-05
   3.45623863e+02  -7.07230538e-06
   3.45624351e+02   2.52634316e-04
   3.45624840e+02   4.25563863e-04
   3.45625328e+02   1.98865164e-04
   3.45625816e+02   3.02933631e-06
   3.45626305e+02   2.31097365e-04
   3.45626793e+02   2.41981601e-04
   3.45627281e+02  -7.52931592e-05
   3.45627769e+02   1.36496557e-04
   3.45628258e+02   4.33079229e-04
   3.45628746e+02   9.34068012e-05
   3.45629234e+02  -8.72414967e-05
   3.45629723e+02   2.69996293e-04
   3.45630211e+02   3.78213124e-04
   3.45630699e+02   7.73479223e-06
   3.45631188e+02  -3.72955139e-04
   3.45631676e+02  -5.72858436e-04
   3.45632164e+02  -1.68375787e-04
   3.45632653e+02   4.63556265e-04
   3.45633141e+02   4.99174057e-04
   3.45633629e+02   3.22134176e-04
   3.45634117e+02   1.45697253e-04
   3.45634606e+02   9.26915745e-05
   3.45635094e+02   2.54814106e-04
   3.45635582e+02  -1.23609949e-04
   3.45636071e+02  -5.72503719e-04
   3.45636559e+02  -4.27373365e-04
   3.45637047e+02   2.28576930e-04
   3.45637536e+02   1.00794458e-03
   3.45638024e+02   8.11153732e-04
   3.45638512e+02  -1.60980198e-04
   3.45639001e+02  -3.76230688e-04
   3.45639489e+02  -1.46052902e-04
   3.45639977e+02  -2.18905898e-05
   3.45640465e+02   1.12737631e-04
   3.45640954e+02   1.64686440e-04
   3.45641442e+02   3.98007949e-04
   3.45641930e+02   7.54580949e-04
   3.45642419e+02   6.67666900e-04
   3.45642907e+02   1.15619499e-04
   3.45643395e+02  -2.18666260e-04
   3.45643884e+02   8.89050352e-05
   3.45644372e+02   3.16264166e-04
   3.45644860e+02  -3.52766328e-05
   3.45645349e+02   1.07406318e-04
   3.45645837e+02   4.98919748e-04
   3.45646325e+02   5.30462770e-04
   3.45646814e+02   5.15158114e-04
   3.45647302e+02   1.60161275e-04
   3.45647790e+02  -7.75636145e-05
   3.45648278e+02  -2.99145031e-04
   3.45648767e+02   4.85292403e-05
   3.45649255e+02   5.56583400e-04
   3.45649743e+02   5.14531508e-04
   3.45650232e+02  -2.77425715e-04
   3.45650720e+02  -6.57854311e-04
   3.45651208e+02  -3.87834036e-04
   3.45651697e+02   1.95789311e-04
   3.45652185e+02   4.12691938e-04
   3.45652673e+02   2.38689652e-04
   3.45653162e+02   2.62108835e-04
   3.45653650e+02  -2.28118879e-04
   3.45654138e+02  -6.27373869e-04
   3.45654626e+02  -1.18329277e-04
   3.45655115e+02   2.12926840e-04
   3.45655603e+02   1.83845870e-04
   3.45656091e+02   1.49786385e-04
   3.45656580e+02  -1.00363330e-04
   3.45657068e+02  -3.57733836e-04
   3.45657556e+02  -2.26199245e-05
   3.45658045e+02   3.63016443e-04
   3.45658533e+02   1.50356354e-04
   3.45659021e+02  -2.35539279e-04
   3.45659510e+02  -3.75352305e-04
   3.45659998e+02  -1.30721863e-04
   3.45660486e+02   2.74445367e-04
   3.45660974e+02   5.45010145e-04
   3.45661463e+02   6.93762733e-04
   3.45661951e+02   6.37960853e-04
   3.45662439e+02   1.91190833e-04
   3.45662928e+02  -6.65618718e-05
   3.45663416e+02   1.32998321e-04
   3.45663904e+02  -6.51357332e-05
   3.45664393e+02  -5.62608824e-04
   3.45664881e+02  -4.44320205e-04
   3.45665369e+02  -2.18111963e-04
   3.45665858e+02  -2.60038825e-04
   3.45666346e+02  -1.76599962e-04
   3.45666834e+02  -1.77766400e-04
   3.45667322e+02  -2.98575789e-04
   3.45667811e+02  -1.89341081e-04
   3.45668299e+02   5.51954545e-05
   3.45668787e+02   2.36536312e-06
   3.45669276e+02  -1.25102626e-04
   3.45669764e+02  -3.52902018e-04
   3.45670252e+02  -6.52403920e-04
   3.45670741e+02  -6.30903116e-04
   3.45671229e+02  -2.94433383e-04
   3.45671717e+02   1.92657360e-04
   3.45672206e+02   2.25298209e-04
   3.45672694e+02  -1.96314053e-04
   3.45673182e+02  -6.82272541e-04
   3.45673670e+02  -8.54460814e-04
   3.45674159e+02  -1.56186798e-04
   3.45674647e+02   4.98382666e-04
   3.45675135e+02   2.35488522e-04
   3.45675624e+02   8.01994829e-05
   3.45676112e+02   4.88632475e-04
   3.45676600e+02   4.08687105e-04
   3.45677089e+02  -4.62350319e-04
   3.45677577e+02  -8.07044038e-04
   3.45678065e+02  -4.09414992e-04
   3.45678554e+02  -1.16261952e-04
   3.45679042e+02  -1.09878652e-04
   3.45679530e+02  -1.62179727e-04
   3.45680018e+02  -1.88282487e-04
   3.45680507e+02   3.82021899e-05
   3.45680995e+02   2.27611585e-04
   3.45681483e+02  -4.14199640e-05
   3.45681972e+02  -1.81901618e-04
   3.45682460e+02  -3.50368384e-04
   3.45682948e+02  -6.04389352e-04
   3.45683437e+02  -4.60212497e-04
   3.45683925e+02  -8.79332438e-05
   3.45684413e+02   8.87406204e-05
   3.45684902e+02   1.83832119e-04
   3.45685390e+02   7.62957206e-05
   3.45685878e+02  -1.06890329e-04
   3.45686367e+02  -3.13507044e-05
   3.45686855e+02  -3.12986158e-05
   3.45687343e+02  -1.18964053e-04
   3.45687831e+02  -5.13503073e-05
   3.45688320e+02  -1.28052532e-04
   3.45688808e+02  -1.59157826e-05
   3.45689296e+02   3.63325962e-04
   3.45689785e+02   4.45439626e-04
   3.45690273e+02   4.17176518e-04
   3.45690761e+02   4.24076221e-04
   3.45691250e+02   2.60571960e-05
   3.45691738e+02  -4.57649789e-04
   3.45692226e+02  -1.95907574e-04
   3.45692715e+02   1.83772252e-04
   3.45693203e+02   2.05143544e-04
   3.45693691e+02   1.59539675e-04
   3.45694179e+02  -1.54555571e-04
   3.45694668e+02  -3.88465647e-04
   3.45695156e+02  -3.17263475e-04
   3.45695644e+02  -3.19495739e-04
   3.45696133e+02  -3.54962744e-04
   3.45696621e+02  -1.28524945e-04
   3.45697109e+02  -1.26918079e-04
   3.45697598e+02  -2.24216259e-04
   3.45698086e+02   1.65927951e-04
   3.45698574e+02   3.91536014e-04
   3.45699063e+02   1.52318273e-04
   3.45699551e+02  -5.85634843e-05
   3.45700039e+02  -1.33798196e-04
   3.45700527e+02  -1.65016652e-04
   3.45701016e+02  -1.69667532e-04
   3.45701504e+02  -4.58733957e-05
   3.45701992e+02  -1.02762868e-04
   3.45702481e+02  -4.16248891e-04
   3.45702969e+02  -5.11511462e-04
   3.45703457e+02  -5.45481977e-04
   3.45703946e+02  -2.08035519e-04
   3.45704434e+02   2.58963613e-04
   3.45704922e+02  -1.00661098e-04
   3.45705411e+02  -2.06301615e-04
   3.45705899e+02   3.05088441e-04
   3.45706387e+02   3.23239365e-04
   3.45706875e+02  -8.39646455e-05
   3.45707364e+02   9.11996358e-06
   3.45707852e+02   9.51842376e-05
   3.45708340e+02  -4.58452560e-05
   3.45708829e+02  -6.42879604e-05
   3.45709317e+02   1.57368981e-04
   3.45709805e+02   2.22839808e-04
   3.45710294e+02   9.49708556e-05
   3.45710782e+02   1.00528945e-04
   3.45711270e+02  -7.37798764e-05
   3.45711759e+02  -2.33764775e-04
   3.45712247e+02   5.86163878e-05
   3.45712735e+02   3.23480170e-04
   3.45713223e+02   2.08493540e-04
   3.45713712e+02   2.09548045e-04
   3.45714200e+02   3.84042796e-04
   3.45714688e+02   6.10567513e-04
   3.45715177e+02   8.42589128e-04
   3.45715665e+02   5.15531050e-04
   3.45716153e+02  -5.95893944e-05
   3.45716642e+02   5.45545845e-05
   3.45717130e+02   3.54787189e-04
   3.45717618e+02   9.94586080e-05
   3.45718107e+02  -1.44991165e-04
   3.45718595e+02  -6.71899543e-05
   3.45719083e+02   1.02173863e-05
   3.45719571e+02  -4.05857500e-05
   3.45720060e+02   2.25371899e-04
   3.45720548e+02   3.24895605e-04
   3.45721036e+02   8.61094886e-05
   3.45721525e+02  -1.66678394e-04
   3.45722013e+02  -2.41495451e-04
   3.45722501e+02   5.08908442e-06
   3.45722990e+02   1.67676873e-04
   3.45723478e+02   3.05345020e-04
   3.45723966e+02   4.72439540e-04
   3.45724455e+02   3.15894547e-04
   3.45724943e+02   1.39584532e-04
   3.45725431e+02   2.14798871e-04
   3.45725920e+02   2.48772878e-04
   3.45726408e+02   1.77321795e-04
   3.45726896e+02   1.50797005e-05
   3.45727384e+02  -1.87342943e-04
   3.45727873e+02  -4.13698406e-04
   3.45728361e+02  -6.29215559e-04
   3.45728849e+02  -6.99289492e-04
   3.45729338e+02  -6.13650831e-04
   3.45729826e+02  -1.26253624e-04
   3.45730314e+02   2.41345231e-04
   3.45730803e+02   1.81041294e-04
   3.45731291e+02   2.72313511e-04
   3.45731779e+02   2.44996423e-04
   3.45732268e+02  -2.34747895e-05
   3.45732756e+02   4.67567552e-05
   3.45733244e+02   3.44020315e-04
   3.45733732e+02   2.37312808e-04
   3.45734221e+02  -1.67048827e-04
   3.45734709e+02  -2.45256640e-04
   3.45735197e+02  -1.13085145e-04
   3.45735686e+02   8.97286736e-05
   3.45736174e+02   2.87646602e-04
   3.45736662e+02  -1.92854750e-05
   3.45737151e+02  -4.70124854e-04
   3.45737639e+02  -5.65492432e-04
   3.45738127e+02  -4.97453730e-04
   3.45738616e+02  -1.78263028e-04
   3.45739104e+02   5.76303646e-05
   3.45739592e+02  -2.69636803e-04
   3.45740080e+02  -5.17097244e-04
   3.45740569e+02  -2.98416882e-04
   3.45741057e+02  -1.24698447e-04
   3.45741545e+02  -1.19133845e-04
   3.45742034e+02   8.22669463e-05
   3.45742522e+02   4.06947598e-04
   3.45743010e+02   4.52814274e-04
   3.45743499e+02   1.50163862e-04
   3.45743987e+02   1.57770424e-04
   3.45744475e+02   5.64859511e-05
   3.45744964e+02  -3.90243425e-04
   3.45745452e+02  -2.57729087e-04
   3.45745940e+02   2.27403234e-06
   3.45746428e+02  -1.59901101e-04
   3.45746917e+02  -3.04323126e-04
   3.45747405e+02  -2.25023396e-04
   3.45747893e+02  -1.38155214e-04
   3.45748382e+02   8.86930065e-05
   3.45748870e+02   1.68475468e-04
   3.45749358e+02   1.33771769e-04
   3.45749847e+02   2.57754669e-04
   3.45750335e+02   3.31011863e-04
   3.45750823e+02   1.40709075e-04
   3.45751312e+02  -4.36950650e-05
   3.45751800e+02  -1.91023661e-04
   3.45752288e+02  -5.70955803e-04
   3.45752776e+02  -2.90968572e-04
   3.45753265e+02   3.26076988e-04
   3.45753753e+02   3.45075503e-04
   3.45754241e+02   4.10692883e-05
   3.45754730e+02  -4.55988193e-04
   3.45755218e+02  -4.01008787e-04
   3.45755706e+02   2.88947223e-04
   3.45756195e+02   3.58315563e-04
   3.45756683e+02  -4.60274205e-05
   3.45757171e+02  -1.55751375e-04
   3.45757660e+02  -1.53393688e-04
   3.45758148e+02  -2.94147176e-04
   3.45758636e+02  -3.00269439e-05
   3.45759124e+02   4.21022152e-04
   3.45759613e+02   2.47942400e-04
   3.45760101e+02  -1.31769440e-04
   3.45760589e+02   9.20522962e-06
   3.45761078e+02   4.15607559e-04
   3.45761566e+02   3.92518967e-04
   3.45762054e+02   1.73223423e-04
   3.45762543e+02  -6.09663539e-06
   3.45763031e+02  -1.26255181e-04
   3.45763519e+02   4.29291358e-05
   3.45764008e+02   3.13120428e-04
   3.45764496e+02   4.34850168e-04
   3.45764984e+02   3.08831019e-04
   3.45765473e+02   4.35439666e-04
   3.45765961e+02   4.28345229e-04
   3.45766449e+02   1.71255044e-04
   3.45766937e+02   1.14278540e-04
   3.45767426e+02   3.55319586e-04
   3.45767914e+02   6.00380299e-04
   3.45768402e+02   3.35636054e-04
   3.45768891e+02  -1.28468848e-04
   3.45769379e+02  -3.25780420e-04
   3.45769867e+02  -1.02140082e-04
   3.45770356e+02   4.56054840e-04
   3.45770844e+02   5.95617632e-04
   3.45771332e+02   4.48896986e-04
   3.45771821e+02   5.20454603e-04
   3.45772309e+02   1.88890859e-04
   3.45772797e+02  -2.70789111e-04
   3.45773285e+02  -4.76145418e-04
   3.45773774e+02  -1.18279888e-04
   3.45774262e+02   5.91105607e-04
   3.45774750e+02   6.11772295e-04
   3.45775239e+02  -2.14354062e-04
   3.45775727e+02  -6.87708147e-04
   3.45776215e+02  -3.54478427e-04
   3.45776704e+02  -2.75704311e-04
   3.45777192e+02  -4.05760278e-04
   3.45777680e+02   6.90397210e-05
   3.45778169e+02   4.07749147e-04
   3.45778657e+02  -2.05603646e-04
   3.45779145e+02  -7.86727120e-04
   3.45779633e+02  -6.79805991e-04
   3.45780122e+02  -5.17400971e-04
   3.45780610e+02  -3.08272691e-04
   3.45781098e+02   4.88660771e-05
   3.45781587e+02   6.84999759e-05
   3.45782075e+02  -6.16961988e-05
   3.45782563e+02   2.52826976e-05
   3.45783052e+02   1.01606929e-04
   3.45783540e+02  -9.19119266e-05
   3.45784028e+02  -3.97773518e-04
   3.45784517e+02  -2.19820184e-04
   3.45785005e+02   4.56161273e-04
   3.45785493e+02   8.63396097e-04
   3.45785981e+02   7.36032205e-04
   3.45786470e+02   2.58516928e-04
   3.45786958e+02  -1.36504430e-04
   3.45787446e+02   1.48682331e-04
   3.45787935e+02   4.59503935e-04
   3.45788423e+02   5.18081011e-04
   3.45788911e+02   6.13929587e-04
   3.45789400e+02   2.42353082e-04
   3.45789888e+02  -1.65033649e-04
   3.45790376e+02  -3.37382575e-04
   3.45790865e+02  -5.04244294e-04
   3.45791353e+02  -2.96598999e-04
   3.45791841e+02   1.85439410e-06
   3.45792329e+02   2.97392544e-04
   3.45792818e+02   4.47855680e-04
   3.45793306e+02   2.85769202e-04
   3.45793794e+02   1.14455674e-04
   3.45794283e+02  -1.70303800e-04
   3.45794771e+02  -2.54468410e-04
   3.45795259e+02  -1.06929438e-04
   3.45795748e+02  -9.24215346e-05
   3.45796236e+02  -2.15033506e-04
   3.45796724e+02  -1.85047815e-04
   3.45797213e+02   2.51314981e-04
   3.45797701e+02   4.54848836e-04
   3.45798189e+02   5.63434151e-04
   3.45798677e+02   6.32711686e-04
   3.45799166e+02   1.47223531e-04
   3.45799654e+02  -3.11854354e-04
   3.45800142e+02  -2.55257997e-04
   3.45800631e+02   5.28137825e-05
   3.45801119e+02   1.28083484e-04
   3.45801607e+02  -7.07051659e-05
   3.45802096e+02  -1.74039669e-04
   3.45802584e+02  -3.36448342e-04
   3.45803072e+02  -3.55675002e-04
   3.45803561e+02  -1.95790097e-04
   3.45804049e+02  -2.70944205e-04
   3.45804537e+02  -2.21187569e-04
   3.45805026e+02   1.89411308e-04
   3.45805514e+02   2.54682935e-04
   3.45806002e+02   2.28573917e-04
   3.45806490e+02   2.38721797e-04
   3.45806979e+02  -2.36934444e-04
   3.45807467e+02  -2.53423292e-04
   3.45807955e+02   1.58942203e-04
   3.45808444e+02   1.61805772e-04
   3.45808932e+02   6.30018694e-05
   3.45809420e+02   3.76928278e-04
   3.45809909e+02   4.75804147e-04
   3.45810397e+02   2.96021695e-04
   3.45810885e+02   1.10480731e-04
   3.45811374e+02  -2.95566628e-04
   3.45811862e+02  -1.14204631e-04
   3.45812350e+02   2.33274943e-04
   3.45812838e+02  -1.95437868e-04
   3.45813327e+02  -4.38282354e-04
   3.45813815e+02   3.58214820e-05
   3.45814303e+02   3.49993468e-04
   3.45814792e+02   1.92242893e-04
   3.45815280e+02   1.13166461e-04
   3.45815768e+02  -4.87336183e-06
   3.45816257e+02  -9.67139495e-05
   3.45816745e+02   2.09181293e-04
   3.45817233e+02   4.49674175e-04
   3.45817722e+02   1.35848852e-04
   3.45818210e+02  -1.26161598e-04
   3.45818698e+02   2.35468236e-04
   3.45819186e+02   3.58940451e-04
   3.45819675e+02   5.06103715e-05
   3.45820163e+02   1.43345693e-04
   3.45820651e+02   6.46384375e-04
   3.45821140e+02   7.07413652e-04
   3.45821628e+02   2.72986596e-04
   3.45822116e+02   7.76672678e-05
   3.45822605e+02   4.91101237e-04
