frequency (GHz), flux (Jy/beam)
   3.43899310e+02  -3.16015881e-04
   3.43899798e+02   7.58567621e-05
   3.43900286e+02   7.54997018e-04
   3.43900774e+02   1.00404490e-03
   3.43901263e+02   5.60480461e-04
   3.43901751e+02   4.18652126e-05
   3.43902239e+02  -3.00156040e-04
   3.43902728e+02  -4.74109489e-04
   3.43903216e+02  -2.98526371e-04
   3.43903704e+02   1.77204260e-04
   3.43904193e+02   3.57662531e-04
   3.43904681e+02  -1.54605004e-04
   3.43905169e+02  -4.54048248e-04
   3.43905658e+02  -1.96145556e-04
   3.43906146e+02   5.61903180e-05
   3.43906634e+02   3.23468616e-04
   3.43907122e+02   5.19658264e-04
   3.43907611e+02   2.04990516e-04
   3.43908099e+02  -1.69750725e-04
   3.43908587e+02  -4.49932966e-04
   3.43909076e+02  -5.91280521e-04
   3.43909564e+02  -3.82553466e-04
   3.43910052e+02  -1.06448409e-04
   3.43910541e+02   1.11042384e-04
   3.43911029e+02   1.94409906e-04
   3.43911517e+02   7.00004894e-05
   3.43912006e+02  -3.54218599e-07
   3.43912494e+02   7.53118802e-05
   3.43912982e+02   6.75051997e-05
   3.43913470e+02  -8.58929707e-06
   3.43913959e+02  -7.46813676e-05
   3.43914447e+02  -2.18803645e-04
   3.43914935e+02  -1.84131830e-04
   3.43915424e+02   5.15798201e-05
   3.43915912e+02   1.07198583e-04
   3.43916400e+02  -5.91024491e-06
   3.43916889e+02  -1.55982663e-04
   3.43917377e+02  -1.54308524e-04
   3.43917865e+02   3.25538967e-05
   3.43918354e+02   3.15924699e-05
   3.43918842e+02  -1.24730388e-04
   3.43919330e+02  -1.42301462e-04
   3.43919818e+02  -6.60355727e-05
   3.43920307e+02   1.73137421e-04
   3.43920795e+02   4.03190526e-04
   3.43921283e+02   2.39397428e-04
   3.43921772e+02   7.00778473e-05
   3.43922260e+02   2.07541525e-04
   3.43922748e+02   1.88492253e-04
   3.43923237e+02   1.15602641e-04
   3.43923725e+02   2.97539314e-04
   3.43924213e+02   4.09980858e-04
   3.43924702e+02   3.41445382e-04
   3.43925190e+02   3.39619641e-04
   3.43925678e+02   5.66220086e-04
   3.43926166e+02   5.24916162e-04
   3.43926655e+02   3.69288355e-05
   3.43927143e+02  -2.18316563e-04
   3.43927631e+02  -2.26074626e-04
   3.43928120e+02  -4.70285217e-04
   3.43928608e+02  -7.11094879e-04
   3.43929096e+02  -5.52563870e-04
   3.43929585e+02  -2.46445590e-04
   3.43930073e+02   5.81284730e-05
   3.43930561e+02   3.74246418e-04
   3.43931050e+02   4.09687927e-04
   3.43931538e+02   1.04956598e-04
   3.43932026e+02  -3.02484928e-04
   3.43932514e+02  -5.50961006e-04
   3.43933003e+02  -2.71319877e-04
   3.43933491e+02   3.06265953e-04
   3.43933979e+02   6.28698501e-04
   3.43934468e+02   6.61321334e-04
   3.43934956e+02   5.68937394e-04
   3.43935444e+02   4.88692138e-04
   3.43935933e+02   2.58093583e-04
   3.43936421e+02  -2.20765243e-04
   3.43936909e+02  -5.69608470e-04
   3.43937398e+02  -3.87897569e-04
   3.43937886e+02   1.71788677e-04
   3.43938374e+02   3.79382342e-04
   3.43938863e+02   8.67949711e-05
   3.43939351e+02  -1.79632349e-04
   3.43939839e+02  -2.99327192e-04
   3.43940327e+02  -3.27936752e-04
   3.43940816e+02  -1.01742022e-04
   3.43941304e+02   2.30895123e-04
   3.43941792e+02   1.73253415e-04
   3.43942281e+02   2.76303072e-05
   3.43942769e+02   1.95892513e-04
   3.43943257e+02   1.31753040e-04
   3.43943746e+02  -3.02810338e-04
   3.43944234e+02  -4.64755663e-04
   3.43944722e+02  -1.76511559e-04
   3.43945211e+02   1.42588746e-04
   3.43945699e+02   1.49670494e-04
   3.43946187e+02   1.36420476e-05
   3.43946675e+02   8.27729382e-05
   3.43947164e+02   2.44149327e-04
   3.43947652e+02   1.98527006e-04
   3.43948140e+02   6.69830915e-05
   3.43948629e+02  -1.37808538e-05
   3.43949117e+02  -1.42586417e-04
   3.43949605e+02  -2.56960659e-04
   3.43950094e+02  -3.72661947e-04
   3.43950582e+02  -2.08688754e-04
   3.43951070e+02  -8.57430641e-05
   3.43951559e+02  -4.38483199e-04
   3.43952047e+02  -4.43183904e-04
   3.43952535e+02   6.32954470e-05
   3.43953023e+02   3.34184355e-04
   3.43953512e+02   3.54409189e-04
   3.43954000e+02   2.96952378e-04
   3.43954488e+02   2.93131627e-04
   3.43954977e+02   5.46833908e-04
   3.43955465e+02   6.40230079e-04
   3.43955953e+02   2.32785198e-04
   3.43956442e+02  -1.02613976e-05
   3.43956930e+02   9.41936814e-05
   3.43957418e+02   2.00756869e-04
   3.43957907e+02  -9.22232812e-06
   3.43958395e+02  -4.04066435e-04
   3.43958883e+02  -4.90466482e-04
   3.43959371e+02  -3.34068085e-04
   3.43959860e+02  -3.35760356e-04
   3.43960348e+02  -3.12221877e-04
   3.43960836e+02  -2.35306958e-04
   3.43961325e+02  -3.03785084e-04
   3.43961813e+02  -3.54528253e-04
   3.43962301e+02  -2.72834790e-04
   3.43962790e+02  -9.03797918e-05
   3.43963278e+02  -5.13377563e-05
   3.43963766e+02  -1.83493466e-04
   3.43964255e+02  -2.14233660e-04
   3.43964743e+02  -3.42973333e-04
   3.43965231e+02  -7.06563704e-04
   3.43965719e+02  -7.21182965e-04
   3.43966208e+02  -4.16720752e-04
   3.43966696e+02  -2.05872027e-04
   3.43967184e+02   1.37784591e-04
   3.43967673e+02   2.47876276e-04
   3.43968161e+02  -9.75464718e-05
   3.43968649e+02  -9.54274656e-05
   3.43969138e+02   2.71438854e-04
   3.43969626e+02   3.93474736e-04
   3.43970114e+02  -2.87764692e-06
   3.43970603e+02  -5.42403199e-04
   3.43971091e+02  -4.85161145e-04
   3.43971579e+02  -6.98113290e-05
   3.43972067e+02   1.98951791e-04
   3.43972556e+02   1.79958559e-04
   3.43973044e+02  -2.15813081e-04
   3.43973532e+02  -4.76461428e-04
   3.43974021e+02  -3.02771514e-04
   3.43974509e+02   1.43003408e-05
   3.43974997e+02   3.17451893e-04
   3.43975486e+02   4.60318668e-04
   3.43975974e+02   3.81209538e-04
   3.43976462e+02   2.56999454e-04
   3.43976951e+02   8.42815425e-05
   3.43977439e+02  -6.68481807e-05
   3.43977927e+02  -2.43216527e-05
   3.43978416e+02   1.98598835e-04
   3.43978904e+02   4.40467324e-04
   3.43979392e+02   4.68081096e-04
   3.43979880e+02   9.89707332e-05
   3.43980369e+02  -2.09373451e-04
   3.43980857e+02  -8.71766388e-05
   3.43981345e+02   1.55507805e-04
   3.43981834e+02   2.87712290e-04
   3.43982322e+02   2.06052355e-04
   3.43982810e+02   1.39304626e-04
   3.43983299e+02   2.16293702e-04
   3.43983787e+02   2.82457127e-04
   3.43984275e+02   1.44604724e-04
   3.43984764e+02  -6.93225411e-06
   3.43985252e+02   8.62392844e-05
   3.43985740e+02   2.45695206e-04
   3.43986228e+02   3.28617520e-04
   3.43986717e+02   1.27755862e-04
   3.43987205e+02  -1.95902583e-04
   3.43987693e+02  -3.13478464e-04
   3.43988182e+02  -1.14023831e-04
   3.43988670e+02   3.63627943e-04
   3.43989158e+02   5.12514904e-04
   3.43989647e+02   1.35101014e-04
   3.43990135e+02  -3.70810390e-04
   3.43990623e+02  -6.06513291e-04
   3.43991112e+02  -9.26027788e-05
   3.43991600e+02   5.53656660e-04
   3.43992088e+02   3.80867074e-04
   3.43992576e+02  -7.89174519e-05
   3.43993065e+02  -4.41722950e-05
   3.43993553e+02   1.62713754e-04
   3.43994041e+02   1.59023839e-04
   3.43994530e+02  -7.23519479e-05
   3.43995018e+02  -2.55882711e-04
   3.43995506e+02   3.69646077e-05
   3.43995995e+02   3.79614765e-04
   3.43996483e+02   2.43259026e-04
   3.43996971e+02   3.71017450e-05
   3.43997460e+02   2.67314870e-04
   3.43997948e+02   6.06771093e-04
   3.43998436e+02   3.80919257e-04
   3.43998924e+02  -2.23205992e-04
   3.43999413e+02  -4.70474159e-04
   3.43999901e+02  -1.39828771e-04
   3.44000389e+02   2.94673868e-04
   3.44000878e+02   4.50429623e-04
   3.44001366e+02   4.25055186e-04
   3.44001854e+02   4.43690660e-04
   3.44002343e+02   4.87641810e-04
   3.44002831e+02   3.42755229e-04
   3.44003319e+02   9.97906027e-05
   3.44003808e+02  -1.21640187e-05
   3.44004296e+02  -1.63811492e-04
   3.44004784e+02  -3.91346082e-04
   3.44005272e+02  -4.69060324e-04
   3.44005761e+02  -2.98636616e-04
   3.44006249e+02  -1.63553304e-05
   3.44006737e+02   1.34980684e-04
   3.44007226e+02   2.55005201e-04
   3.44007714e+02   3.41354491e-04
   3.44008202e+02   1.59483010e-04
   3.44008691e+02  -2.07993289e-04
   3.44009179e+02  -2.04468539e-04
   3.44009667e+02   1.77136390e-05
   3.44010156e+02  -3.00054999e-05
   3.44010644e+02  -1.11252357e-05
   3.44011132e+02   3.38460901e-04
   3.44011620e+02   3.47942871e-04
   3.44012109e+02  -1.08366976e-05
   3.44012597e+02  -9.93618378e-05
   3.44013085e+02   4.17834798e-07
   3.44013574e+02   2.13250576e-04
   3.44014062e+02   5.25617157e-04
   3.44014550e+02   4.54808585e-04
   3.44015039e+02   1.04312836e-04
   3.44015527e+02  -1.44355785e-04
   3.44016015e+02   2.87293624e-05
   3.44016504e+02   3.96360556e-04
   3.44016992e+02   6.20967941e-04
   3.44017480e+02   5.71348297e-04
   3.44017969e+02   3.26106267e-04
   3.44018457e+02   1.31905064e-04
   3.44018945e+02   5.57239509e-05
   3.44019433e+02  -5.45568255e-05
   3.44019922e+02  -2.75175611e-04
   3.44020410e+02  -5.24169707e-04
   3.44020898e+02  -3.88151093e-04
   3.44021387e+02  -6.50918664e-05
   3.44021875e+02   6.26353940e-05
   3.44022363e+02   1.48946769e-04
   3.44022852e+02  -5.19608511e-05
   3.44023340e+02  -3.22578126e-04
   3.44023828e+02   1.79602266e-05
   3.44024317e+02   4.32148663e-04
   3.44024805e+02   3.90571426e-04
   3.44025293e+02   3.80138517e-04
   3.44025781e+02   7.46840320e-04
   3.44026270e+02   1.03400683e-03
   3.44026758e+02   9.97319003e-04
   3.44027246e+02   9.42105253e-04
   3.44027735e+02   1.07398070e-03
   3.44028223e+02   1.06768147e-03
   3.44028711e+02   9.72530281e-04
   3.44029200e+02   1.07157300e-03
   3.44029688e+02   1.43671385e-03
   3.44030176e+02   1.42587826e-03
   3.44030665e+02   6.43634005e-04
   3.44031153e+02  -4.28755084e-05
   3.44031641e+02  -2.43360424e-04
   3.44032129e+02  -7.02014513e-05
   3.44032618e+02   1.09346583e-04
   3.44033106e+02   6.79985533e-05
   3.44033594e+02  -1.74336252e-04
   3.44034083e+02  -4.07664658e-04
   3.44034571e+02  -4.23985184e-04
   3.44035059e+02  -4.64011755e-05
   3.44035548e+02   3.26627342e-04
   3.44036036e+02   2.99734005e-04
   3.44036524e+02   1.45628204e-04
   3.44037013e+02   1.09086592e-04
   3.44037501e+02   1.80830495e-04
   3.44037989e+02   3.34324519e-04
   3.44038477e+02   3.83027713e-04
   3.44038966e+02   2.44536233e-04
   3.44039454e+02   1.32135669e-04
   3.44039942e+02   1.14986877e-04
   3.44040431e+02   5.39051252e-05
   3.44040919e+02   9.08778966e-05
   3.44041407e+02   3.78055352e-04
   3.44041896e+02   3.00145970e-04
   3.44042384e+02  -1.49626430e-04
   3.44042872e+02  -2.01454066e-04
   3.44043361e+02   5.90259588e-05
   3.44043849e+02   9.85767692e-05
   3.44044337e+02   5.90080381e-05
   3.44044825e+02   2.44756520e-04
   3.44045314e+02   6.35677949e-04
   3.44045802e+02   1.00256933e-03
   3.44046290e+02   1.00465328e-03
   3.44046779e+02   5.21805079e-04
   3.44047267e+02  -2.13669744e-04
   3.44047755e+02  -5.80588530e-04
   3.44048244e+02  -5.15255961e-04
   3.44048732e+02  -3.97192605e-04
   3.44049220e+02  -3.42004991e-04
   3.44049709e+02  -2.40544992e-04
   3.44050197e+02   3.38288301e-05
   3.44050685e+02   6.70288791e-05
   3.44051173e+02  -2.05695003e-04
   3.44051662e+02   9.52129722e-06
   3.44052150e+02   5.26294811e-04
   3.44052638e+02   3.73512361e-04
   3.44053127e+02  -1.53090718e-04
   3.44053615e+02  -2.33476239e-04
   3.44054103e+02   1.34239817e-04
   3.44054592e+02   5.80970082e-04
   3.44055080e+02   5.49688179e-04
   3.44055568e+02   2.53833510e-04
   3.44056057e+02   1.69892664e-04
   3.44056545e+02   3.28431284e-04
   3.44057033e+02   6.59593730e-04
   3.44057522e+02   6.81555131e-04
   3.44058010e+02   2.07111050e-04
   3.44058498e+02  -2.10910657e-04
   3.44058986e+02  -2.43018978e-04
   3.44059475e+02  -1.86046382e-04
   3.44059963e+02  -1.67310005e-04
   3.44060451e+02  -1.02901831e-04
   3.44060940e+02  -1.15659415e-04
   3.44061428e+02  -4.61191739e-05
   3.44061916e+02   1.68494254e-04
   3.44062405e+02   1.83072858e-04
   3.44062893e+02   8.33399099e-05
   3.44063381e+02   5.77648752e-05
   3.44063870e+02  -1.33405774e-04
   3.44064358e+02  -2.33142069e-04
   3.44064846e+02  -4.74924627e-06
   3.44065334e+02   5.83364272e-06
   3.44065823e+02  -2.05877033e-04
   3.44066311e+02  -2.97269551e-04
   3.44066799e+02  -2.29364683e-04
   3.44067288e+02  -6.27289191e-05
   3.44067776e+02  -4.28626627e-05
   3.44068264e+02  -2.38153603e-04
   3.44068753e+02  -3.78102937e-04
   3.44069241e+02  -2.73658196e-04
   3.44069729e+02  -7.66441372e-05
   3.44070218e+02   8.89500079e-05
   3.44070706e+02   1.82292104e-04
   3.44071194e+02   3.85511921e-05
   3.44071682e+02  -2.06756031e-05
   3.44072171e+02   2.57303385e-04
   3.44072659e+02   4.14323091e-04
   3.44073147e+02   3.38167854e-04
   3.44073636e+02  -1.76616486e-05
   3.44074124e+02  -1.85892612e-04
   3.44074612e+02   2.62949325e-04
   3.44075101e+02   6.11977070e-04
   3.44075589e+02   3.39439604e-04
   3.44076077e+02  -3.78358382e-05
   3.44076566e+02  -1.92028616e-04
   3.44077054e+02  -2.46017182e-04
   3.44077542e+02  -6.60731821e-05
   3.44078030e+02   1.86817793e-04
   3.44078519e+02   6.47495472e-05
   3.44079007e+02  -2.83546600e-04
   3.44079495e+02  -3.95659008e-04
   3.44079984e+02  -1.61483797e-04
   3.44080472e+02   3.63683575e-05
   3.44080960e+02  -5.45934290e-06
   3.44081449e+02  -9.61821206e-05
   3.44081937e+02  -3.85002582e-04
   3.44082425e+02  -7.41985568e-04
   3.44082914e+02  -5.38967026e-04
   3.44083402e+02  -2.78295011e-05
   3.44083890e+02   2.22915784e-04
   3.44084378e+02   2.15057793e-04
   3.44084867e+02   1.26940169e-04
   3.44085355e+02  -5.92771976e-05
   3.44085843e+02  -4.32894798e-04
   3.44086332e+02  -5.04189928e-04
   3.44086820e+02  -1.31182300e-04
   3.44087308e+02   2.28098274e-04
   3.44087797e+02   5.47319534e-04
   3.44088285e+02   5.97494247e-04
   3.44088773e+02   1.31967114e-04
   3.44089262e+02  -3.72070062e-04
   3.44089750e+02  -4.55771922e-04
   3.44090238e+02  -1.39452561e-04
   3.44090726e+02   2.80147033e-05
   3.44091215e+02  -1.93842323e-04
   3.44091703e+02  -3.32838099e-04
   3.44092191e+02  -2.27300610e-04
   3.44092680e+02   7.88027464e-05
   3.44093168e+02   4.27179650e-04
   3.44093656e+02   4.84829070e-04
   3.44094145e+02   2.40077323e-04
   3.44094633e+02  -2.70217279e-04
   3.44095121e+02  -6.85470295e-04
   3.44095610e+02  -5.98569750e-04
   3.44096098e+02  -3.75703035e-04
   3.44096586e+02  -2.16392276e-04
   3.44097075e+02  -1.26710838e-05
   3.44097563e+02  -6.77500357e-05
   3.44098051e+02  -1.83095035e-04
   3.44098539e+02  -1.34234171e-04
   3.44099028e+02  -9.69907342e-05
   3.44099516e+02  -6.75796327e-05
   3.44100004e+02   1.21861078e-04
   3.44100493e+02   3.49499402e-04
   3.44100981e+02   2.64556060e-04
   3.44101469e+02   6.39632708e-05
   3.44101958e+02  -9.45510401e-05
   3.44102446e+02  -3.25904664e-04
   3.44102934e+02  -4.89235041e-04
   3.44103423e+02  -4.82366537e-04
   3.44103911e+02  -2.83917558e-04
   3.44104399e+02  -1.98747111e-05
   3.44104887e+02   3.55825250e-05
   3.44105376e+02  -2.48377073e-05
   3.44105864e+02   7.60416733e-05
   3.44106352e+02   9.25203058e-05
   3.44106841e+02  -2.67371306e-05
   3.44107329e+02   1.47194718e-04
   3.44107817e+02   3.98880977e-04
   3.44108306e+02   3.95352545e-04
   3.44108794e+02   3.47576337e-04
   3.44109282e+02   1.65537640e-04
   3.44109771e+02  -1.59933974e-04
   3.44110259e+02  -9.45333668e-05
   3.44110747e+02   2.68947479e-04
   3.44111235e+02   3.68547771e-04
   3.44111724e+02   2.79666128e-04
   3.44112212e+02   2.24167015e-04
   3.44112700e+02   6.78027282e-05
   3.44113189e+02  -2.92361983e-05
   3.44113677e+02   1.61055723e-04
   3.44114165e+02   2.83183006e-04
   3.44114654e+02   3.87563414e-05
   3.44115142e+02  -2.04067721e-04
   3.44115630e+02  -2.15582186e-04
   3.44116119e+02  -9.87326057e-05
   3.44116607e+02   3.83232036e-05
   3.44117095e+02   8.75401747e-05
   3.44117583e+02   1.06894469e-04
   3.44118072e+02   6.50458460e-05
   3.44118560e+02  -1.96506677e-04
   3.44119048e+02  -1.03439474e-04
   3.44119537e+02   5.42565773e-04
   3.44120025e+02   9.38654877e-04
   3.44120513e+02   6.83482620e-04
   3.44121002e+02   2.67229072e-04
   3.44121490e+02   8.37267362e-05
   3.44121978e+02   4.72304018e-05
   3.44122467e+02   2.12984287e-05
   3.44122955e+02  -2.21628898e-06
   3.44123443e+02  -6.73954037e-06
   3.44123931e+02  -8.52149387e-05
   3.44124420e+02  -7.15116184e-05
   3.44124908e+02   6.80541198e-05
   3.44125396e+02   1.92603868e-04
   3.44125885e+02   2.40217938e-04
   3.44126373e+02   2.08617916e-04
   3.44126861e+02   4.18576092e-04
   3.44127350e+02   6.83536637e-04
   3.44127838e+02   7.12320674e-04
   3.44128326e+02   5.31494850e-04
   3.44128815e+02   2.39186047e-04
   3.44129303e+02   2.16659857e-04
   3.44129791e+02   2.84624111e-04
   3.44130279e+02   1.53899542e-04
   3.44130768e+02   9.18912556e-05
   3.44131256e+02   1.74242843e-04
   3.44131744e+02   2.96071667e-04
   3.44132233e+02   6.69901958e-04
   3.44132721e+02   8.40973982e-04
   3.44133209e+02   3.13493219e-04
   3.44133698e+02  -1.15967094e-04
   3.44134186e+02   1.19652097e-04
   3.44134674e+02   3.21720319e-04
   3.44135163e+02   3.23982385e-04
   3.44135651e+02   3.24285036e-04
   3.44136139e+02   9.37730438e-05
   3.44136628e+02  -2.38525739e-04
   3.44137116e+02  -9.51624315e-05
   3.44137604e+02   2.67830968e-04
   3.44138092e+02   2.01620089e-04
   3.44138581e+02  -2.47898661e-05
   3.44139069e+02  -1.90649924e-04
   3.44139557e+02  -4.34823742e-04
   3.44140046e+02  -6.75365911e-04
   3.44140534e+02  -4.45092533e-04
   3.44141022e+02   1.74564149e-04
   3.44141511e+02   4.12048801e-04
   3.44141999e+02   2.63429887e-04
   3.44142487e+02   1.89166021e-04
   3.44142976e+02   1.38156407e-04
   3.44143464e+02   1.82687349e-04
   3.44143952e+02   4.60026553e-04
   3.44144440e+02   4.38733405e-04
   3.44144929e+02   1.16571326e-04
   3.44145417e+02   1.35585988e-05
   3.44145905e+02   6.66647466e-05
   3.44146394e+02   2.35318395e-04
   3.44146882e+02   5.57901629e-04
   3.44147370e+02   6.15480007e-04
   3.44147859e+02   4.75596986e-04
   3.44148347e+02   1.54940382e-04
   3.44148835e+02  -4.48163977e-04
   3.44149324e+02  -5.76825230e-04
   3.44149812e+02  -3.29974209e-05
   3.44150300e+02   4.17533360e-04
   3.44150788e+02   4.52733802e-04
   3.44151277e+02   2.60284869e-04
   3.44151765e+02  -3.75692689e-05
   3.44152253e+02  -2.35983331e-04
   3.44152742e+02  -1.12299502e-04
   3.44153230e+02   2.17710418e-04
   3.44153718e+02   4.61421907e-04
   3.44154207e+02   5.60630637e-04
   3.44154695e+02   5.80393884e-04
   3.44155183e+02   4.46091319e-04
   3.44155672e+02  -7.17262083e-05
   3.44156160e+02  -5.99385123e-04
   3.44156648e+02  -4.81776951e-04
   3.44157136e+02  -1.27422361e-04
   3.44157625e+02  -1.19052762e-04
   3.44158113e+02  -1.29098902e-04
   3.44158601e+02   2.04053984e-04
   3.44159090e+02   4.67875303e-04
   3.44159578e+02   3.70321475e-04
   3.44160066e+02   1.63362129e-04
   3.44160555e+02  -1.13600385e-04
   3.44161043e+02  -3.96753749e-04
   3.44161531e+02  -6.03277644e-04
   3.44162020e+02  -8.92236538e-04
   3.44162508e+02  -1.05655659e-03
   3.44162996e+02  -7.82540650e-04
   3.44163484e+02  -5.48304757e-04
   3.44163973e+02  -7.44964345e-04
   3.44164461e+02  -7.73883308e-04
   3.44164949e+02  -3.54414398e-04
   3.44165438e+02  -9.00939340e-05
   3.44165926e+02  -3.01133667e-04
   3.44166414e+02  -3.11466196e-04
   3.44166903e+02   3.49135007e-05
   3.44167391e+02   1.05558451e-04
   3.44167879e+02   7.72290514e-05
   3.44168368e+02   2.90524651e-04
   3.44168856e+02   4.09891451e-04
   3.44169344e+02   4.08056483e-04
   3.44169832e+02   3.52254836e-04
   3.44170321e+02   1.96526918e-04
   3.44170809e+02  -8.62948946e-06
   3.44171297e+02  -1.06707730e-05
   3.44171786e+02   9.71974077e-05
   3.44172274e+02  -1.26572661e-04
   3.44172762e+02  -4.30181826e-04
   3.44173251e+02  -4.50258201e-04
   3.44173739e+02  -2.96532031e-04
   3.44174227e+02  -1.59901232e-04
   3.44174716e+02  -7.53975546e-05
   3.44175204e+02   1.09982930e-05
   3.44175692e+02   1.66907848e-04
   3.44176181e+02   3.99562385e-04
   3.44176669e+02   4.34203394e-04
   3.44177157e+02   2.80875742e-04
   3.44177645e+02   3.24903231e-04
   3.44178134e+02   4.74632339e-04
   3.44178622e+02   4.14079463e-04
   3.44179110e+02   1.76510948e-04
   3.44179599e+02   1.34930975e-04
   3.44180087e+02   1.11736146e-04
   3.44180575e+02  -2.33328625e-04
   3.44181064e+02  -4.95285320e-04
   3.44181552e+02  -4.01546975e-04
   3.44182040e+02  -1.44235222e-04
   3.44182529e+02   3.37785576e-04
   3.44183017e+02   8.47078860e-04
   3.44183505e+02   7.36424932e-04
   3.44183993e+02   1.31898239e-04
   3.44184482e+02  -1.00317975e-05
   3.44184970e+02   3.77532386e-04
   3.44185458e+02   4.88609890e-04
   3.44185947e+02   3.20923777e-04
   3.44186435e+02   3.36665689e-04
   3.44186923e+02   5.21663460e-04
   3.44187412e+02   5.36717591e-04
   3.44187900e+02   3.40628612e-04
   3.44188388e+02   8.89576186e-05
   3.44188877e+02  -2.34522915e-04
   3.44189365e+02  -2.94758036e-04
   3.44189853e+02  -1.20933124e-04
   3.44190341e+02  -1.47775980e-04
   3.44190830e+02  -4.30398621e-04
   3.44191318e+02  -3.70099122e-04
   3.44191806e+02   1.06063366e-04
   3.44192295e+02   4.92348394e-04
   3.44192783e+02   4.02072037e-04
   3.44193271e+02   3.76477728e-05
   3.44193760e+02  -8.06599273e-05
   3.44194248e+02  -8.85057016e-05
   3.44194736e+02  -3.80900601e-04
   3.44195225e+02  -5.99417195e-04
   3.44195713e+02  -5.92729251e-04
   3.44196201e+02  -5.13466017e-04
   3.44196689e+02  -3.09102237e-04
   3.44197178e+02  -1.49051513e-04
   3.44197666e+02  -2.24624418e-05
   3.44198154e+02   1.48926614e-04
   3.44198643e+02  -1.68116821e-05
   3.44199131e+02  -4.54050460e-04
   3.44199619e+02  -6.90594781e-04
   3.44200108e+02  -5.39844390e-04
   3.44200596e+02  -2.34113788e-04
   3.44201084e+02  -1.34470811e-05
   3.44201573e+02   1.39440715e-04
   3.44202061e+02   1.97961621e-04
   3.44202549e+02   2.58317712e-04
   3.44203037e+02   1.81482974e-04
   3.44203526e+02  -6.75385891e-05
   3.44204014e+02  -4.77183021e-05
   3.44204502e+02   1.11251618e-04
   3.44204991e+02  -2.26836146e-05
   3.44205479e+02  -2.44957628e-04
   3.44205967e+02  -8.91622622e-05
   3.44206456e+02   3.37672362e-04
   3.44206944e+02   4.48303676e-04
   3.44207432e+02   1.49192987e-04
   3.44207921e+02  -9.18269725e-05
   3.44208409e+02  -2.09841761e-04
   3.44208897e+02  -2.69428274e-04
   3.44209385e+02  -1.05393563e-04
   3.44209874e+02   1.41217955e-04
   3.44210362e+02   1.06340478e-04
   3.44210850e+02   7.25183927e-05
   3.44211339e+02   3.45738285e-04
   3.44211827e+02   5.73670026e-04
   3.44212315e+02   5.80789405e-04
   3.44212804e+02   4.23270540e-04
   3.44213292e+02  -2.15091404e-06
   3.44213780e+02  -4.19027143e-04
   3.44214269e+02  -2.79544562e-04
   3.44214757e+02   3.81137681e-04
   3.44215245e+02   8.84783047e-04
   3.44215734e+02   9.38609941e-04
   3.44216222e+02   9.89652239e-04
   3.44216710e+02   9.15005745e-04
   3.44217198e+02   4.06836625e-04
   3.44217687e+02   4.81702737e-05
   3.44218175e+02   1.67189763e-04
   3.44218663e+02   1.71564549e-04
   3.44219152e+02  -9.76555166e-05
   3.44219640e+02  -2.30862366e-04
   3.44220128e+02  -3.61832877e-04
   3.44220617e+02  -3.71774862e-04
   3.44221105e+02   1.14107621e-04
   3.44221593e+02   5.20991103e-04
   3.44222082e+02   3.15344019e-04
   3.44222570e+02  -7.23460471e-05
   3.44223058e+02  -2.42860711e-04
   3.44223546e+02  -2.42584909e-04
   3.44224035e+02  -3.86967207e-04
   3.44224523e+02  -7.38258008e-04
   3.44225011e+02  -8.24290270e-04
   3.44225500e+02  -5.84895664e-04
   3.44225988e+02  -4.10857465e-04
   3.44226476e+02  -1.72083513e-04
   3.44226965e+02   1.87254322e-04
   3.44227453e+02  -4.50404077e-05
   3.44227941e+02  -6.96169969e-04
   3.44228430e+02  -9.13423719e-04
   3.44228918e+02  -4.94349457e-04
   3.44229406e+02   6.56993961e-06
   3.44229894e+02  -7.83575672e-07
   3.44230383e+02  -3.23897490e-04
   3.44230871e+02  -3.21638508e-04
   3.44231359e+02  -1.56097914e-04
   3.44231848e+02   2.83795089e-07
   3.44232336e+02   2.42460548e-04
   3.44232824e+02   1.56608206e-04
   3.44233313e+02  -1.52780893e-04
   3.44233801e+02  -1.03403276e-04
   3.44234289e+02   9.90490735e-05
   3.44234778e+02   1.92557301e-04
   3.44235266e+02   2.24018731e-04
   3.44235754e+02   1.87734797e-04
   3.44236242e+02   1.26460567e-04
   3.44236731e+02   1.66715487e-04
   3.44237219e+02   2.79243366e-04
   3.44237707e+02   2.01026909e-04
   3.44238196e+02   1.82282147e-05
   3.44238684e+02  -3.49273469e-05
   3.44239172e+02   6.98251315e-05
   3.44239661e+02   2.85056391e-04
   3.44240149e+02   1.31533336e-04
   3.44240637e+02  -2.89945223e-04
   3.44241126e+02  -2.84289534e-04
   3.44241614e+02   4.93737280e-05
   3.44242102e+02   4.34053945e-04
   3.44242590e+02   6.90375513e-04
   3.44243079e+02   5.27696975e-04
   3.44243567e+02   5.22328715e-04
   3.44244055e+02   5.68562362e-04
   3.44244544e+02   1.93122672e-04
   3.44245032e+02   2.57323409e-04
   3.44245520e+02   7.49165716e-04
   3.44246009e+02   7.06282561e-04
   3.44246497e+02   2.14156433e-04
   3.44246985e+02   5.74505339e-06
   3.44247474e+02   3.90279369e-04
   3.44247962e+02   7.63653254e-04
   3.44248450e+02   7.79945694e-04
   3.44248938e+02   4.04541497e-04
   3.44249427e+02   2.73602403e-04
   3.44249915e+02   6.26050925e-04
   3.44250403e+02   9.07873502e-04
   3.44250892e+02   6.57117751e-04
   3.44251380e+02   4.35823022e-04
   3.44251868e+02   2.41640679e-04
   3.44252357e+02  -2.97421095e-04
   3.44252845e+02  -5.31656027e-04
   3.44253333e+02  -4.52489039e-04
   3.44253822e+02  -4.60891431e-04
   3.44254310e+02  -2.82910536e-04
   3.44254798e+02   6.03934568e-05
   3.44255286e+02  -5.56653868e-06
   3.44255775e+02  -3.51587718e-04
   3.44256263e+02  -3.62903316e-04
   3.44256751e+02  -8.69145588e-05
   3.44257240e+02   1.21279354e-05
   3.44257728e+02  -4.15510003e-05
   3.44258216e+02   2.06535202e-04
   3.44258705e+02   3.24769237e-04
   3.44259193e+02  -2.58262851e-04
   3.44259681e+02  -7.26319267e-04
   3.44260170e+02  -6.36089069e-04
   3.44260658e+02  -5.34642953e-04
   3.44261146e+02  -4.19934804e-04
   3.44261635e+02  -9.57460506e-05
   3.44262123e+02   3.49192531e-04
   3.44262611e+02   4.84116637e-04
   3.44263099e+02   1.50619177e-04
   3.44263588e+02  -3.58588732e-05
   3.44264076e+02  -4.47736284e-06
   3.44264564e+02  -1.52517052e-04
   3.44265053e+02  -4.21644363e-04
   3.44265541e+02  -5.52253798e-04
   3.44266029e+02  -4.56082780e-04
   3.44266518e+02  -9.36746073e-05
   3.44267006e+02  -1.52827797e-05
   3.44267494e+02  -2.03302538e-04
   3.44267983e+02  -3.11807926e-05
   3.44268471e+02   2.38388340e-04
   3.44268959e+02   1.48033878e-05
   3.44269447e+02  -4.34677815e-04
   3.44269936e+02  -4.60451440e-04
   3.44270424e+02   9.03337241e-06
   3.44270912e+02   4.61005984e-04
   3.44271401e+02   2.12519590e-04
   3.44271889e+02  -5.68607822e-04
   3.44272377e+02  -8.19782494e-04
   3.44272866e+02  -5.19208494e-04
   3.44273354e+02  -2.63562310e-04
   3.44273842e+02  -7.51317057e-05
   3.44274331e+02   3.97426666e-05
   3.44274819e+02  -1.53935587e-04
   3.44275307e+02  -5.63401205e-04
   3.44275795e+02  -7.30951200e-04
   3.44276284e+02  -4.00834164e-04
   3.44276772e+02   3.09657276e-04
   3.44277260e+02   7.07865111e-04
   3.44277749e+02   3.99425597e-04
   3.44278237e+02   1.22116573e-04
   3.44278725e+02   1.96256879e-05
   3.44279214e+02  -2.10163576e-04
   3.44279702e+02  -1.08627180e-04
   3.44280190e+02   2.45705538e-04
   3.44280679e+02   2.95956677e-04
   3.44281167e+02   1.16143070e-04
   3.44281655e+02   2.60597008e-05
   3.44282143e+02  -2.51345427e-05
   3.44282632e+02  -1.21901336e-04
   3.44283120e+02  -2.69715183e-05
   3.44283608e+02   1.21876648e-04
   3.44284097e+02   8.34588791e-05
   3.44284585e+02  -5.09401798e-05
   3.44285073e+02  -1.67322622e-04
   3.44285562e+02  -6.70228183e-05
   3.44286050e+02   1.63015808e-04
   3.44286538e+02   1.60175827e-04
   3.44287027e+02  -1.33856802e-05
   3.44287515e+02  -7.30722095e-05
   3.44288003e+02  -1.53119443e-04
   3.44288491e+02  -4.44345817e-04
   3.44288980e+02  -7.82223768e-04
   3.44289468e+02  -7.90603110e-04
   3.44289956e+02  -3.15513404e-04
   3.44290445e+02   7.24866404e-05
   3.44290933e+02   2.15356558e-04
   3.44291421e+02   4.71678475e-04
   3.44291910e+02   5.26366406e-04
   3.44292398e+02   2.41913309e-04
   3.44292886e+02  -1.89901213e-04
   3.44293375e+02  -5.29734942e-04
   3.44293863e+02  -1.68468585e-04
   3.44294351e+02   3.66211345e-04
   3.44294839e+02   2.19112990e-04
   3.44295328e+02  -1.05982890e-05
   3.44295816e+02   1.09084598e-04
   3.44296304e+02   1.40121672e-04
   3.44296793e+02  -7.33065608e-05
   3.44297281e+02  -1.39780706e-04
   3.44297769e+02  -1.04526516e-04
   3.44298258e+02  -1.17744217e-04
   3.44298746e+02   5.47626905e-06
   3.44299234e+02   3.46462984e-05
   3.44299723e+02  -1.45393002e-04
   3.44300211e+02  -3.80105892e-04
   3.44300699e+02  -3.75156902e-04
   3.44301188e+02  -2.13714829e-05
   3.44301676e+02   1.38075105e-04
   3.44302164e+02  -5.53184182e-05
   3.44302652e+02  -1.37556432e-04
   3.44303141e+02  -2.42030932e-04
   3.44303629e+02  -3.89231544e-04
   3.44304117e+02  -3.41032428e-04
   3.44304606e+02  -1.40299628e-04
   3.44305094e+02   2.91986449e-04
   3.44305582e+02   7.10342545e-04
   3.44306071e+02   5.18775312e-04
   3.44306559e+02  -1.04965729e-04
   3.44307047e+02  -4.13161179e-04
   3.44307536e+02  -9.42597544e-05
   3.44308024e+02   3.03178531e-04
   3.44308512e+02   4.36302304e-04
   3.44309000e+02   1.61413263e-04
   3.44309489e+02  -1.88415230e-04
   3.44309977e+02  -2.99677195e-04
   3.44310465e+02  -3.14745208e-04
   3.44310954e+02  -3.70534515e-04
   3.44311442e+02  -1.84914126e-04
   3.44311930e+02   2.36720793e-04
   3.44312419e+02   3.35918157e-04
   3.44312907e+02   1.15748560e-04
   3.44313395e+02  -9.66465304e-05
   3.44313884e+02  -1.62689452e-04
   3.44314372e+02  -8.78448918e-05
   3.44314860e+02  -8.67962226e-05
   3.44315348e+02  -3.14700337e-05
   3.44315837e+02   1.27086416e-04
   3.44316325e+02   1.93057058e-04
   3.44316813e+02   2.61845242e-04
   3.44317302e+02   1.62816417e-04
   3.44317790e+02  -3.66984110e-04
   3.44318278e+02  -9.14069882e-04
   3.44318767e+02  -9.66446183e-04
   3.44319255e+02  -5.74513688e-04
   3.44319743e+02  -1.84478005e-04
   3.44320232e+02  -2.57066804e-05
   3.44320720e+02   2.08449434e-04
   3.44321208e+02   3.16858117e-04
   3.44321696e+02   8.29486235e-05
   3.44322185e+02  -2.56859876e-05
   3.44322673e+02  -5.57837338e-05
   3.44323161e+02  -8.95410049e-05
   3.44323650e+02  -1.51619213e-04
   3.44324138e+02  -2.84793699e-04
   3.44324626e+02  -1.95755623e-04
   3.44325115e+02   2.08280951e-04
   3.44325603e+02   5.06521959e-04
   3.44326091e+02   4.63172590e-04
   3.44326580e+02   1.42468751e-04
   3.44327068e+02  -1.76542730e-04
   3.44327556e+02  -1.20440869e-04
   3.44328044e+02   3.73994044e-05
   3.44328533e+02   4.20049801e-05
   3.44329021e+02   1.38013551e-04
   3.44329509e+02   1.34572343e-04
   3.44329998e+02   9.93230569e-05
   3.44330486e+02   3.29748087e-04
   3.44330974e+02   4.24090598e-04
   3.44331463e+02   3.03658046e-04
   3.44331951e+02   3.39037244e-04
   3.44332439e+02   5.36815845e-04
   3.44332928e+02   4.86077450e-04
   3.44333416e+02   1.96502064e-04
   3.44333904e+02   1.47839979e-04
   3.44334392e+02   2.10940052e-04
   3.44334881e+02  -8.83267276e-05
   3.44335369e+02  -5.22614864e-04
   3.44335857e+02  -5.33932238e-04
   3.44336346e+02  -2.96847487e-04
   3.44336834e+02  -1.44082325e-04
   3.44337322e+02  -2.21772032e-04
   3.44337811e+02  -5.23722905e-04
   3.44338299e+02  -6.55536482e-04
   3.44338787e+02  -4.52078733e-04
   3.44339276e+02  -3.11718963e-04
   3.44339764e+02  -4.20876779e-04
   3.44340252e+02  -4.77376336e-04
   3.44340741e+02  -3.32071155e-04
   3.44341229e+02   9.61518526e-05
   3.44341717e+02   6.09942537e-04
   3.44342205e+02   5.97878476e-04
   3.44342694e+02   9.10603630e-05
   3.44343182e+02  -1.65335223e-04
   3.44343670e+02   1.36978479e-05
   3.44344159e+02   3.28196562e-04
   3.44344647e+02   5.57215651e-04
   3.44345135e+02   5.45012590e-04
   3.44345624e+02   3.31679767e-04
   3.44346112e+02   6.45045702e-06
   3.44346600e+02  -2.82687775e-04
   3.44347089e+02  -3.40829953e-04
   3.44347577e+02   8.17077034e-06
   3.44348065e+02   4.22686979e-04
   3.44348553e+02   2.81387882e-04
   3.44349042e+02   8.83714893e-06
   3.44349530e+02   1.10754190e-04
   3.44350018e+02   1.77376467e-04
   3.44350507e+02   3.67411267e-05
   3.44350995e+02   6.40835497e-05
   3.44351483e+02   1.29257358e-04
   3.44351972e+02   1.74682005e-04
   3.44352460e+02   4.25711682e-04
   3.44352948e+02   4.61547083e-04
   3.44353437e+02   1.99368718e-04
   3.44353925e+02  -1.21235367e-04
   3.44354413e+02  -2.32870574e-04
   3.44354901e+02  -1.63804347e-04
   3.44355390e+02  -3.57262761e-04
   3.44355878e+02  -4.73926950e-04
   3.44356366e+02  -3.03633133e-04
   3.44356855e+02  -3.31403076e-04
   3.44357343e+02  -4.23623191e-04
   3.44357831e+02  -3.57319514e-04
   3.44358320e+02  -4.20587632e-04
   3.44358808e+02  -3.05610214e-04
   3.44359296e+02   1.03639853e-04
   3.44359785e+02   2.85875460e-04
   3.44360273e+02   3.01415421e-04
   3.44360761e+02   2.11926890e-04
   3.44361249e+02  -6.28162816e-05
   3.44361738e+02  -2.72890989e-04
   3.44362226e+02  -1.16335186e-05
   3.44362714e+02   3.89192603e-04
   3.44363203e+02   5.73215475e-05
   3.44363691e+02  -6.02427172e-04
   3.44364179e+02  -7.85819720e-04
   3.44364668e+02  -4.26001148e-04
   3.44365156e+02   3.67410166e-06
   3.44365644e+02   3.54785589e-05
   3.44366133e+02   1.01623162e-04
   3.44366621e+02   1.96176930e-04
   3.44367109e+02   1.12337766e-04
   3.44367597e+02  -4.99532071e-05
   3.44368086e+02  -8.42167283e-05
   3.44368574e+02   2.20670026e-05
   3.44369062e+02   2.04192256e-05
   3.44369551e+02  -6.59970246e-05
   3.44370039e+02  -1.47362429e-04
   3.44370527e+02  -2.46014417e-04
   3.44371016e+02  -3.97876167e-04
   3.44371504e+02  -5.48326876e-04
   3.44371992e+02  -8.88604904e-04
   3.44372481e+02  -1.29333651e-03
   3.44372969e+02  -8.96759448e-04
   3.44373457e+02   1.10159104e-04
   3.44373945e+02   7.86999008e-04
   3.44374434e+02   8.08601500e-04
   3.44374922e+02   3.99841723e-04
   3.44375410e+02   8.36971867e-06
   3.44375899e+02  -1.09337932e-04
   3.44376387e+02  -7.48595412e-05
   3.44376875e+02  -1.05953433e-04
   3.44377364e+02  -2.40844631e-04
   3.44377852e+02  -1.67771548e-04
   3.44378340e+02   6.77672651e-05
   3.44378829e+02   8.74983452e-05
   3.44379317e+02  -3.17509475e-05
   3.44379805e+02   3.04773166e-05
   3.44380294e+02   1.61114323e-04
   3.44380782e+02   2.37997432e-04
   3.44381270e+02   2.61964276e-04
   3.44381758e+02  -7.94063999e-06
   3.44382247e+02  -2.44533992e-04
   3.44382735e+02   3.10454197e-05
   3.44383223e+02   2.66816787e-04
   3.44383712e+02   3.42592248e-05
   3.44384200e+02  -2.56906118e-04
   3.44384688e+02  -2.40476351e-04
   3.44385177e+02   4.25220642e-05
   3.44385665e+02   1.23272475e-04
   3.44386153e+02  -2.86805938e-04
   3.44386642e+02  -6.35662291e-04
   3.44387130e+02  -5.58408210e-04
   3.44387618e+02  -3.60843376e-04
   3.44388106e+02   2.67370415e-05
   3.44388595e+02   3.87744774e-04
   3.44389083e+02   1.92667532e-04
   3.44389571e+02  -1.65230682e-04
   3.44390060e+02  -4.37783710e-05
   3.44390548e+02   2.55197461e-04
   3.44391036e+02   1.95791814e-04
   3.44391525e+02  -5.13027771e-05
   3.44392013e+02  -6.33021264e-05
   3.44392501e+02   1.31240158e-04
   3.44392990e+02   2.01130315e-04
   3.44393478e+02   1.93167798e-04
   3.44393966e+02  -4.20888719e-05
   3.44394454e+02  -3.70842114e-04
   3.44394943e+02  -5.39960565e-05
   3.44395431e+02   4.48613020e-04
   3.44395919e+02   4.52781853e-04
   3.44396408e+02   2.32628561e-04
   3.44396896e+02  -8.98051003e-05
   3.44397384e+02  -2.24518706e-04
   3.44397873e+02   1.29378270e-04
   3.44398361e+02   2.54790852e-04
   3.44398849e+02   8.91086747e-05
   3.44399338e+02   2.79857079e-04
   3.44399826e+02   2.69497134e-04
   3.44400314e+02  -2.24649295e-04
   3.44400802e+02  -4.77200578e-04
   3.44401291e+02  -2.88182055e-04
   3.44401779e+02  -1.98837719e-04
   3.44402267e+02  -3.54572257e-04
   3.44402756e+02  -3.75566917e-04
   3.44403244e+02  -1.57687773e-05
   3.44403732e+02   3.83377948e-04
   3.44404221e+02   2.40641675e-04
   3.44404709e+02  -1.54065536e-04
   3.44405197e+02  -6.76417330e-05
   3.44405686e+02   3.01867170e-04
   3.44406174e+02   2.22038681e-04
   3.44406662e+02  -3.72200564e-04
   3.44407150e+02  -5.95792779e-04
   3.44407639e+02  -2.77589832e-04
   3.44408127e+02  -1.72304426e-04
   3.44408615e+02  -3.35573946e-04
   3.44409104e+02  -3.25122557e-04
   3.44409592e+02   1.82433030e-06
   3.44410080e+02   1.32835426e-04
   3.44410569e+02  -1.05848281e-04
   3.44411057e+02  -1.63282384e-04
   3.44411545e+02   2.11557272e-05
   3.44412034e+02   1.53428045e-04
   3.44412522e+02   1.56445851e-04
   3.44413010e+02   4.81217503e-05
   3.44413498e+02   7.33472698e-05
   3.44413987e+02   1.76919712e-04
   3.44414475e+02  -3.13428100e-05
   3.44414963e+02  -1.50945489e-04
   3.44415452e+02   9.53476410e-05
   3.44415940e+02   5.87469076e-05
   3.44416428e+02  -3.02129425e-04
   3.44416917e+02  -5.67935582e-04
   3.44417405e+02  -6.30589842e-04
   3.44417893e+02  -4.48749022e-04
   3.44418382e+02  -1.29045002e-04
   3.44418870e+02   1.17583819e-04
   3.44419358e+02  -6.49502254e-05
   3.44419847e+02  -3.93776398e-04
   3.44420335e+02  -3.42557207e-04
   3.44420823e+02  -2.41533780e-04
   3.44421311e+02  -1.71130741e-04
   3.44421800e+02  -1.23721620e-04
   3.44422288e+02  -3.14286386e-04
   3.44422776e+02  -4.25107952e-04
   3.44423265e+02  -3.93310038e-04
   3.44423753e+02  -3.07128386e-04
   3.44424241e+02  -3.25656074e-05
   3.44424730e+02  -2.76173196e-05
   3.44425218e+02  -4.97832698e-05
   3.44425706e+02   1.03530343e-04
   3.44426195e+02   2.67633965e-04
   3.44426683e+02   3.11347394e-04
   3.44427171e+02   1.67617371e-04
   3.44427659e+02   5.77940182e-06
   3.44428148e+02  -1.43120167e-04
   3.44428636e+02  -1.58034891e-04
   3.44429124e+02   4.45051191e-05
   3.44429613e+02   9.15622804e-05
   3.44430101e+02  -9.39847087e-05
   3.44430589e+02  -2.83955538e-04
   3.44431078e+02  -4.47754661e-04
   3.44431566e+02  -3.91531503e-04
   3.44432054e+02  -2.61347916e-04
   3.44432543e+02  -3.95084324e-04
   3.44433031e+02  -2.70923745e-04
   3.44433519e+02   1.85891360e-04
   3.44434007e+02   3.27200512e-04
   3.44434496e+02   2.40587484e-04
   3.44434984e+02  -5.95368692e-05
   3.44435472e+02  -2.47544784e-04
   3.44435961e+02   7.08873122e-05
   3.44436449e+02   3.14948993e-04
   3.44436937e+02   2.33420404e-04
   3.44437426e+02   1.00729194e-04
   3.44437914e+02  -1.76722620e-04
   3.44438402e+02  -4.25434147e-04
   3.44438891e+02  -1.84774079e-04
   3.44439379e+02   1.66590122e-04
   3.44439867e+02   2.58065382e-04
   3.44440355e+02   2.47826742e-04
   3.44440844e+02   1.69072766e-04
   3.44441332e+02   4.94828164e-05
   3.44441820e+02  -8.15899984e-05
   3.44442309e+02  -6.79977602e-05
   3.44442797e+02   9.57215161e-05
   3.44443285e+02  -9.45537831e-05
   3.44443774e+02  -3.08507879e-04
   3.44444262e+02  -1.36286661e-04
   3.44444750e+02  -1.53565430e-04
   3.44445239e+02  -3.82478553e-04
   3.44445727e+02  -3.52371600e-04
   3.44446215e+02  -1.50834123e-04
   3.44446703e+02  -7.81540584e-05
   3.44447192e+02  -3.18303733e-04
   3.44447680e+02  -5.06338896e-04
   3.44448168e+02  -3.05846246e-04
   3.44448657e+02  -1.15540992e-04
   3.44449145e+02  -8.95752528e-05
   3.44449633e+02   1.45628990e-04
   3.44450122e+02   3.80457117e-04
   3.44450610e+02   1.67869162e-04
   3.44451098e+02  -1.40285192e-04
   3.44451587e+02  -1.16829957e-04
   3.44452075e+02   8.25572497e-05
   3.44452563e+02   3.70417751e-04
   3.44453051e+02   4.05877014e-04
   3.44453540e+02   1.97614441e-04
   3.44454028e+02   3.39993334e-04
   3.44454516e+02   4.64273937e-04
   3.44455005e+02   1.31374662e-04
   3.44455493e+02  -2.49150762e-04
   3.44455981e+02  -4.29261767e-04
   3.44456470e+02  -2.69669690e-04
   3.44456958e+02   1.90727907e-04
   3.44457446e+02   3.47512163e-04
   3.44457935e+02   2.45528645e-04
   3.44458423e+02   3.00670334e-04
   3.44458911e+02   5.96168466e-05
   3.44459400e+02  -3.83661740e-04
   3.44459888e+02  -4.07286163e-04
   3.44460376e+02  -2.82613910e-04
   3.44460864e+02  -2.38977431e-04
   3.44461353e+02  -2.13846797e-04
   3.44461841e+02  -9.35374264e-05
   3.44462329e+02   5.93833283e-05
   3.44462818e+02  -1.28123647e-04
   3.44463306e+02  -5.89596806e-04
   3.44463794e+02  -8.27891752e-04
   3.44464283e+02  -5.87519142e-04
   3.44464771e+02  -2.87736300e-04
   3.44465259e+02  -2.59576860e-04
   3.44465748e+02  -8.98145736e-05
   3.44466236e+02   3.36424244e-04
   3.44466724e+02   3.00612708e-04
   3.44467212e+02  -9.05166380e-05
   3.44467701e+02  -2.19626338e-04
   3.44468189e+02  -3.61438899e-04
   3.44468677e+02  -3.90873378e-04
   3.44469166e+02  -1.39134325e-04
   3.44469654e+02  -9.48116485e-06
   3.44470142e+02   9.21789106e-05
   3.44470631e+02   1.72750442e-04
   3.44471119e+02   7.63762146e-05
   3.44471607e+02  -4.21723744e-05
   3.44472096e+02  -1.29639200e-04
   3.44472584e+02  -1.07091240e-04
   3.44473072e+02  -2.35093576e-05
   3.44473560e+02  -8.59333377e-05
   3.44474049e+02  -1.06425650e-04
   3.44474537e+02   5.76448620e-05
   3.44475025e+02   7.61785705e-05
   3.44475514e+02  -1.46346589e-04
   3.44476002e+02  -4.04927414e-04
   3.44476490e+02  -3.33303789e-04
   3.44476979e+02   2.70265846e-05
   3.44477467e+02   1.72564163e-04
   3.44477955e+02   2.26860575e-04
   3.44478444e+02   4.68131126e-04
   3.44478932e+02   6.06646296e-04
   3.44479420e+02   6.33520191e-04
   3.44479908e+02   7.11767178e-04
   3.44480397e+02   7.02782883e-04
   3.44480885e+02   4.07890824e-04
   3.44481373e+02  -8.32879014e-05
   3.44481862e+02  -2.48963188e-04
   3.44482350e+02  -3.22050946e-05
   3.44482838e+02   2.33339651e-05
   3.44483327e+02   1.76850910e-04
   3.44483815e+02   4.35177149e-04
   3.44484303e+02   4.84257907e-04
   3.44484792e+02   1.63508405e-04
   3.44485280e+02   9.98078758e-05
   3.44485768e+02   5.02848241e-04
   3.44486256e+02   5.55445789e-04
   3.44486745e+02   2.84173875e-04
   3.44487233e+02   2.19326248e-04
   3.44487721e+02   2.40281413e-04
   3.44488210e+02   1.84547098e-04
   3.44488698e+02   2.76564679e-05
   3.44489186e+02   9.68889799e-05
   3.44489675e+02   4.61283635e-04
   3.44490163e+02   4.31409862e-04
   3.44490651e+02  -4.86227873e-06
   3.44491140e+02  -7.88453399e-05
   3.44491628e+02   2.67217896e-04
   3.44492116e+02   4.21851844e-04
   3.44492604e+02   5.28283235e-05
   3.44493093e+02  -4.43015510e-04
   3.44493581e+02  -6.26871828e-04
   3.44494069e+02  -5.81596512e-04
   3.44494558e+02  -6.06155547e-04
   3.44495046e+02  -5.64705639e-04
   3.44495534e+02  -2.83295871e-04
   3.44496023e+02   7.40435498e-05
   3.44496511e+02   2.15899141e-04
   3.44496999e+02   1.60331911e-04
   3.44497488e+02   2.45970994e-04
   3.44497976e+02   2.18660556e-04
   3.44498464e+02  -5.98675324e-05
   3.44498953e+02   1.50478354e-05
   3.44499441e+02   1.94088396e-04
   3.44499929e+02   1.49395841e-04
   3.44500417e+02   1.41138487e-04
   3.44500906e+02   2.71871818e-06
   3.44501394e+02  -3.43671767e-04
   3.44501882e+02  -8.35504557e-04
   3.44502371e+02  -1.03652605e-03
   3.44502859e+02  -5.75377606e-04
   3.44503347e+02  -1.22630765e-04
   3.44503836e+02  -1.06268722e-04
   3.44504324e+02  -5.62009009e-05
   3.44504812e+02   1.56316499e-04
   3.44505301e+02   7.90499107e-05
   3.44505789e+02  -2.39770801e-04
   3.44506277e+02  -1.66430313e-04
   3.44506765e+02   3.61454877e-05
   3.44507254e+02   4.73407126e-05
   3.44507742e+02   3.13242112e-04
   3.44508230e+02   6.30834023e-04
   3.44508719e+02   5.51433477e-04
   3.44509207e+02   2.58277491e-04
   3.44509695e+02   3.06276430e-04
   3.44510184e+02   6.58454024e-04
   3.44510672e+02   6.54620933e-04
   3.44511160e+02   2.15015447e-04
   3.44511649e+02  -2.17996829e-04
   3.44512137e+02  -5.16472501e-04
   3.44512625e+02  -7.08020118e-04
   3.44513113e+02  -7.37686991e-04
   3.44513602e+02  -5.74768928e-04
   3.44514090e+02  -5.75371552e-04
   3.44514578e+02  -5.21775743e-04
   3.44515067e+02   1.63573117e-04
   3.44515555e+02   6.55884040e-04
   3.44516043e+02   3.94497212e-04
   3.44516532e+02   2.14536019e-04
   3.44517020e+02   1.07865322e-04
   3.44517508e+02  -2.28990873e-04
   3.44517997e+02  -2.73685873e-04
   3.44518485e+02  -2.23422394e-05
   3.44518973e+02   7.33201450e-05
   3.44519461e+02   9.21374158e-05
   3.44519950e+02   1.57501621e-04
   3.44520438e+02   7.93599975e-05
   3.44520926e+02   9.71795889e-05
   3.44521415e+02   2.62171990e-04
   3.44521903e+02   6.09473791e-05
   3.44522391e+02  -2.61154666e-04
   3.44522880e+02  -2.01857081e-04
   3.44523368e+02  -3.49318111e-06
   3.44523856e+02   9.31046598e-05
   3.44524345e+02   1.97644713e-05
   3.44524833e+02  -1.49625455e-04
   3.44525321e+02  -1.53808331e-04
   3.44525809e+02   1.74566867e-05
   3.44526298e+02  -5.56481755e-05
   3.44526786e+02  -1.87320707e-04
   3.44527274e+02   1.08503358e-04
   3.44527763e+02   3.95143230e-04
   3.44528251e+02   3.40751954e-04
   3.44528739e+02   3.02582135e-04
   3.44529228e+02   3.67528934e-04
   3.44529716e+02   3.00588785e-04
   3.44530204e+02   1.30156681e-04
   3.44530693e+02   4.19334465e-05
   3.44531181e+02   3.80664169e-05
   3.44531669e+02  -9.48329398e-06
   3.44532157e+02  -6.18688864e-05
   3.44532646e+02   1.49669315e-04
   3.44533134e+02   6.21311890e-04
   3.44533622e+02   6.32152369e-04
   3.44534111e+02   2.28134464e-04
   3.44534599e+02   2.17556662e-04
   3.44535087e+02   3.20599152e-04
   3.44535576e+02   1.82714444e-04
   3.44536064e+02   1.41190787e-04
   3.44536552e+02  -6.83288017e-05
   3.44537041e+02  -3.28565278e-04
   3.44537529e+02  -1.88691280e-04
   3.44538017e+02  -9.30590031e-05
   3.44538506e+02  -3.39426741e-04
   3.44538994e+02  -3.71332979e-04
   3.44539482e+02  -2.96770359e-05
   3.44539970e+02   2.61374662e-04
   3.44540459e+02   2.12959465e-04
   3.44540947e+02  -1.98660826e-04
   3.44541435e+02  -6.33188407e-04
   3.44541924e+02  -5.11025370e-04
   3.44542412e+02  -2.58622342e-04
   3.44542900e+02  -1.82138261e-04
   3.44543389e+02  -1.93070548e-04
   3.44543877e+02  -1.84678138e-05
   3.44544365e+02   9.98918949e-06
   3.44544854e+02  -3.21752392e-04
   3.44545342e+02  -5.51729172e-04
   3.44545830e+02  -6.25183515e-04
   3.44546318e+02  -3.41094419e-04
   3.44546807e+02   3.80489713e-04
   3.44547295e+02   4.69526392e-04
   3.44547783e+02  -1.58588329e-04
   3.44548272e+02  -3.20195744e-04
   3.44548760e+02  -6.54527175e-05
   3.44549248e+02  -1.48877207e-05
   3.44549737e+02  -1.35686772e-04
   3.44550225e+02  -9.85074948e-05
   3.44550713e+02   4.11843648e-05
   3.44551202e+02  -6.20892824e-05
   3.44551690e+02  -8.82437744e-05
   3.44552178e+02   2.46701209e-04
   3.44552666e+02   3.97745345e-04
   3.44553155e+02   1.32739326e-04
   3.44553643e+02   6.70752124e-05
   3.44554131e+02   3.96277406e-04
   3.44554620e+02   4.15297516e-04
   3.44555108e+02  -2.20021975e-05
   3.44555596e+02  -3.48875707e-04
   3.44556085e+02  -2.99349573e-04
   3.44556573e+02  -2.31264439e-05
   3.44557061e+02   8.90302545e-05
   3.44557550e+02  -1.14082621e-04
   3.44558038e+02  -3.47764726e-04
   3.44558526e+02  -2.07960897e-04
   3.44559014e+02   1.95566332e-04
   3.44559503e+02   2.93466990e-04
   3.44559991e+02   6.59271245e-05
   3.44560479e+02   5.15484899e-05
   3.44560968e+02   3.30769253e-04
   3.44561456e+02   3.95223149e-04
   3.44561944e+02   1.64855956e-04
   3.44562433e+02  -8.61037825e-06
   3.44562921e+02   8.13962397e-05
   3.44563409e+02   3.77437158e-04
   3.44563898e+02   3.78968398e-04
   3.44564386e+02   7.66704688e-05
   3.44564874e+02  -1.38615229e-04
   3.44565362e+02  -3.04027664e-04
   3.44565851e+02  -3.56278499e-04
   3.44566339e+02  -1.56049457e-04
   3.44566827e+02   1.73061426e-06
   3.44567316e+02  -1.86172139e-04
   3.44567804e+02  -4.83174284e-04
   3.44568292e+02  -3.69686953e-04
   3.44568781e+02  -1.21125144e-04
   3.44569269e+02  -1.61410921e-04
   3.44569757e+02  -8.98988001e-05
   3.44570246e+02   1.01451282e-04
   3.44570734e+02   1.11431902e-04
   3.44571222e+02   1.22736121e-04
   3.44571710e+02   9.37453951e-05
   3.44572199e+02   7.72421845e-06
   3.44572687e+02  -2.23393890e-05
   3.44573175e+02  -1.04281222e-04
   3.44573664e+02  -2.69641550e-05
   3.44574152e+02   2.30712540e-04
   3.44574640e+02   3.71580973e-04
   3.44575129e+02   1.47530154e-04
   3.44575617e+02  -2.93649908e-04
   3.44576105e+02  -3.31108895e-04
   3.44576594e+02   1.62155528e-04
   3.44577082e+02   5.00510796e-04
   3.44577570e+02   4.53099376e-04
   3.44578059e+02   2.68831180e-04
   3.44578547e+02   5.91540738e-05
   3.44579035e+02  -2.71011254e-06
   3.44579523e+02   1.70022449e-05
   3.44580012e+02  -1.60392723e-04
   3.44580500e+02  -3.02226836e-04
   3.44580988e+02  -3.51288065e-04
   3.44581477e+02  -4.71371459e-04
   3.44581965e+02  -5.01513947e-04
   3.44582453e+02  -4.77365335e-04
   3.44582942e+02  -3.91938433e-04
   3.44583430e+02  -1.54353722e-04
   3.44583918e+02   2.35493753e-05
   3.44584407e+02   6.24913519e-05
   3.44584895e+02   1.43602347e-05
   3.44585383e+02  -6.38807396e-05
   3.44585871e+02  -1.08064007e-04
   3.44586360e+02   1.22457277e-05
   3.44586848e+02   2.98587925e-04
   3.44587336e+02   4.95168264e-04
   3.44587825e+02   4.99929884e-04
   3.44588313e+02   3.71503324e-04
   3.44588801e+02   4.17355273e-04
   3.44589290e+02   6.91000372e-04
   3.44589778e+02   7.68209109e-04
   3.44590266e+02   7.11773988e-04
   3.44590755e+02   5.54356375e-04
   3.44591243e+02   7.40406758e-05
   3.44591731e+02  -2.11741135e-04
   3.44592219e+02   9.31494505e-05
   3.44592708e+02   6.05856359e-04
   3.44593196e+02   5.89667645e-04
   3.44593684e+02   2.31997965e-05
   3.44594173e+02  -2.39638874e-04
   3.44594661e+02  -3.17418919e-04
   3.44595149e+02  -6.78330718e-04
   3.44595638e+02  -7.66254263e-04
   3.44596126e+02  -1.49021318e-04
   3.44596614e+02   6.50768750e-04
   3.44597103e+02   9.32199764e-04
   3.44597591e+02   5.68077143e-04
   3.44598079e+02   5.35046129e-05
   3.44598567e+02  -2.58260785e-04
   3.44599056e+02  -4.00484336e-04
   3.44599544e+02  -3.27343383e-04
   3.44600032e+02  -3.07073729e-04
   3.44600521e+02  -4.67814243e-04
   3.44601009e+02  -2.62299000e-04
   3.44601497e+02   1.42502380e-04
   3.44601986e+02   3.55877826e-04
   3.44602474e+02   5.36259613e-04
   3.44602962e+02   7.49062456e-04
   3.44603451e+02   7.08908075e-04
   3.44603939e+02   3.93628783e-04
   3.44604427e+02   1.00613790e-04
   3.44604915e+02  -7.05035491e-05
   3.44605404e+02   7.03572223e-05
   3.44605892e+02   3.85497959e-04
   3.44606380e+02   3.00772081e-04
   3.44606869e+02   1.61574222e-04
   3.44607357e+02   3.67346918e-04
   3.44607845e+02   5.07600198e-04
   3.44608334e+02   3.00644257e-04
   3.44608822e+02  -9.88428947e-05
   3.44609310e+02  -2.24963151e-04
   3.44609799e+02   2.38834650e-06
   3.44610287e+02   2.22050250e-04
   3.44610775e+02   2.66973570e-04
   3.44611263e+02   1.57647984e-04
   3.44611752e+02   1.69109728e-04
   3.44612240e+02   3.04739951e-04
   3.44612728e+02   1.56118564e-04
   3.44613217e+02  -1.69512408e-04
   3.44613705e+02  -1.79625233e-04
   3.44614193e+02   2.18171772e-04
   3.44614682e+02   4.99559974e-04
   3.44615170e+02   4.41197975e-04
   3.44615658e+02   1.60652475e-04
   3.44616147e+02  -1.87617101e-04
   3.44616635e+02  -2.38923167e-04
   3.44617123e+02  -3.02007811e-05
   3.44617612e+02   9.23518674e-05
   3.44618100e+02   1.61913296e-04
   3.44618588e+02   4.15212126e-04
   3.44619076e+02   6.45147986e-04
   3.44619565e+02   6.23351021e-04
   3.44620053e+02   6.33706863e-04
   3.44620541e+02   7.22597353e-04
   3.44621030e+02   5.17770124e-04
   3.44621518e+02  -1.63713794e-05
   3.44622006e+02  -2.81772896e-04
   3.44622495e+02  -1.44781079e-04
   3.44622983e+02   1.05720392e-04
   3.44623471e+02   5.15598047e-04
   3.44623960e+02   9.48442961e-04
   3.44624448e+02   1.21585513e-03
   3.44624936e+02   1.13171351e-03
   3.44625424e+02   5.85537753e-04
   3.44625913e+02   1.42495323e-04
   3.44626401e+02   5.16363834e-05
   3.44626889e+02  -4.08305168e-05
   3.44627378e+02   1.96857654e-04
   3.44627866e+02   5.27177355e-04
   3.44628354e+02   4.06737730e-04
   3.44628843e+02   2.14625907e-04
   3.44629331e+02  -4.75221823e-05
   3.44629819e+02  -4.68982500e-04
   3.44630308e+02  -7.11274333e-04
   3.44630796e+02  -6.34411525e-04
   3.44631284e+02  -6.23308239e-04
   3.44631772e+02  -7.58291455e-04
   3.44632261e+02  -6.13570970e-04
   3.44632749e+02  -1.19881304e-04
   3.44633237e+02   2.86566006e-04
   3.44633726e+02   3.90894274e-04
   3.44634214e+02   5.80003078e-04
   3.44634702e+02   8.30534322e-04
   3.44635191e+02   5.99126739e-04
   3.44635679e+02   2.11210165e-04
   3.44636167e+02   1.65672944e-04
   3.44636656e+02   5.61166489e-05
   3.44637144e+02  -3.25949339e-04
   3.44637632e+02  -4.63663397e-04
   3.44638120e+02  -1.31723966e-04
   3.44638609e+02  -4.18460040e-05
   3.44639097e+02  -2.61205714e-04
   3.44639585e+02  -2.52671918e-04
   3.44640074e+02  -1.52567751e-04
   3.44640562e+02  -3.32533091e-05
   3.44641050e+02   1.81036899e-04
   3.44641539e+02   4.87752404e-04
   3.44642027e+02   4.07606451e-04
   3.44642515e+02  -1.60378841e-04
   3.44643004e+02  -2.02218507e-04
   3.44643492e+02   1.37357929e-04
   3.44643980e+02  -4.61955642e-05
   3.44644468e+02  -3.59063997e-04
   3.44644957e+02  -2.00051829e-04
   3.44645445e+02   1.39764699e-04
   3.44645933e+02   3.40948638e-04
   3.44646422e+02   2.44827010e-04
   3.44646910e+02  -1.88106933e-04
   3.44647398e+02  -3.46374087e-04
   3.44647887e+02  -7.66254307e-05
   3.44648375e+02   8.02928844e-06
   3.44648863e+02  -1.11392925e-04
   3.44649352e+02  -1.91703104e-04
   3.44649840e+02  -7.87960234e-05
   3.44650328e+02   5.96005375e-05
   3.44650816e+02  -1.92325722e-04
   3.44651305e+02  -4.95367742e-04
   3.44651793e+02  -5.29762765e-04
   3.44652281e+02  -7.84233329e-04
   3.44652770e+02  -1.05157110e-03
   3.44653258e+02  -6.98355725e-04
   3.44653746e+02  -2.74865397e-05
   3.44654235e+02   2.82291672e-04
   3.44654723e+02   7.46761289e-05
   3.44655211e+02  -4.72638703e-06
   3.44655700e+02   2.51182588e-04
   3.44656188e+02   4.33910202e-04
   3.44656676e+02   2.81901797e-04
   3.44657165e+02   6.89561348e-05
   3.44657653e+02   4.85394121e-05
   3.44658141e+02   2.49064433e-05
   3.44658629e+02   3.10716678e-05
   3.44659118e+02  -2.06921122e-05
   3.44659606e+02   1.03171034e-04
   3.44660094e+02   3.73731978e-04
   3.44660583e+02   3.79261211e-04
   3.44661071e+02   9.24949654e-06
   3.44661559e+02  -4.90416947e-04
   3.44662048e+02  -6.15870871e-04
   3.44662536e+02  -2.66427698e-04
   3.44663024e+02  -4.73793443e-05
   3.44663513e+02  -1.02853395e-04
   3.44664001e+02  -3.10357682e-05
   3.44664489e+02   1.46385690e-04
   3.44664977e+02   2.06500365e-04
   3.44665466e+02   2.79176777e-04
   3.44665954e+02   3.53081123e-04
   3.44666442e+02   2.80527107e-04
   3.44666931e+02   2.04316195e-04
   3.44667419e+02   2.00003095e-04
   3.44667907e+02   9.25041968e-05
   3.44668396e+02  -1.64725061e-04
   3.44668884e+02  -3.70886730e-04
   3.44669372e+02  -4.63991397e-04
   3.44669861e+02  -5.10921585e-04
   3.44670349e+02  -3.85406602e-04
   3.44670837e+02  -4.15336195e-04
   3.44671325e+02  -6.96699368e-04
   3.44671814e+02  -7.84260163e-04
   3.44672302e+02  -5.39693865e-04
   3.44672790e+02  -3.05223220e-04
   3.44673279e+02  -2.78896303e-04
   3.44673767e+02  -2.52273778e-04
   3.44674255e+02  -2.46423937e-04
   3.44674744e+02  -3.92848015e-04
   3.44675232e+02  -2.47039949e-04
   3.44675720e+02   1.55891888e-04
   3.44676209e+02   6.26698093e-05
   3.44676697e+02  -1.56121896e-04
   3.44677185e+02   1.18537137e-04
   3.44677673e+02   4.13004891e-04
   3.44678162e+02   1.68349303e-04
   3.44678650e+02  -2.83398927e-04
   3.44679138e+02  -3.84374231e-04
   3.44679627e+02  -2.42221897e-04
   3.44680115e+02  -1.93943852e-04
   3.44680603e+02  -1.98530906e-04
   3.44681092e+02   5.76916500e-05
   3.44681580e+02   4.23267920e-04
   3.44682068e+02   4.32868168e-04
   3.44682557e+02   8.66781120e-05
   3.44683045e+02  -6.79334189e-05
   3.44683533e+02   1.66567537e-04
   3.44684021e+02   2.05501681e-04
   3.44684510e+02  -2.94551457e-04
   3.44684998e+02  -6.79539109e-04
   3.44685486e+02  -6.98412361e-04
   3.44685975e+02  -6.67224231e-04
   3.44686463e+02  -4.35718073e-04
   3.44686951e+02  -7.42394623e-05
   3.44687440e+02   6.08599066e-06
   3.44687928e+02  -1.49153464e-04
   3.44688416e+02  -1.70454834e-04
   3.44688905e+02  -7.81603812e-05
   3.44689393e+02  -1.77888331e-04
   3.44689881e+02  -3.14713485e-04
   3.44690369e+02  -2.28861303e-04
   3.44690858e+02  -2.11856823e-04
   3.44691346e+02  -2.47910473e-04
   3.44691834e+02  -7.06824503e-05
   3.44692323e+02   9.31842515e-05
   3.44692811e+02  -2.46611671e-05
   3.44693299e+02  -1.72065236e-04
   3.44693788e+02  -8.35042520e-05
   3.44694276e+02  -6.46024710e-05
   3.44694764e+02  -3.03864508e-04
   3.44695253e+02  -3.81862017e-04
   3.44695741e+02  -2.05308548e-04
   3.44696229e+02  -1.87861428e-04
   3.44696718e+02  -2.53583159e-04
   3.44697206e+02  -2.74823455e-04
   3.44697694e+02  -4.18662938e-04
   3.44698182e+02  -4.58237017e-04
   3.44698671e+02  -1.71330084e-05
   3.44699159e+02   2.55431776e-04
   3.44699647e+02   8.42224836e-05
   3.44700136e+02   1.20403347e-04
   3.44700624e+02   1.62598109e-04
   3.44701112e+02  -1.56275346e-04
   3.44701601e+02  -7.18069845e-04
   3.44702089e+02  -1.09949161e-03
   3.44702577e+02  -7.59279006e-04
   3.44703066e+02  -5.41116242e-05
   3.44703554e+02   1.81404510e-04
   3.44704042e+02  -6.67770582e-05
   3.44704530e+02  -2.89310148e-04
   3.44705019e+02  -2.21874128e-04
   3.44705507e+02  -1.20835057e-05
   3.44705995e+02   5.53330974e-05
   3.44706484e+02  -1.36163391e-04
   3.44706972e+02  -2.39049914e-04
   3.44707460e+02   5.96768441e-05
   3.44707949e+02   2.41211499e-04
   3.44708437e+02  -2.66975912e-05
   3.44708925e+02  -2.50257785e-04
   3.44709414e+02  -4.91244755e-05
   3.44709902e+02   2.96853046e-04
   3.44710390e+02   3.42675921e-04
   3.44710878e+02   1.22494981e-04
   3.44711367e+02  -2.50884099e-04
   3.44711855e+02  -7.04621430e-04
   3.44712343e+02  -7.02486257e-04
   3.44712832e+02  -1.60357697e-04
   3.44713320e+02   5.82748733e-04
   3.44713808e+02   1.00620848e-03
   3.44714297e+02   7.17917108e-04
   3.44714785e+02   6.71374801e-05
   3.44715273e+02  -4.43863479e-04
   3.44715762e+02  -6.41397841e-04
   3.44716250e+02  -6.95625436e-04
   3.44716738e+02  -9.16422228e-04
   3.44717226e+02  -9.90996021e-04
   3.44717715e+02  -8.26084870e-04
   3.44718203e+02  -7.18188414e-04
   3.44718691e+02  -5.30465972e-04
   3.44719180e+02  -4.71507141e-04
   3.44719668e+02  -4.52507316e-04
   3.44720156e+02  -3.41091712e-04
   3.44720645e+02  -2.99840729e-04
   3.44721133e+02   1.07075837e-04
   3.44721621e+02   6.92603062e-04
   3.44722110e+02   7.09542481e-04
   3.44722598e+02   2.30739883e-04
   3.44723086e+02  -3.10812378e-04
   3.44723574e+02  -3.64703505e-04
   3.44724063e+02   1.33483132e-04
   3.44724551e+02   4.73822496e-04
   3.44725039e+02   4.24922240e-04
   3.44725528e+02   1.41203273e-04
   3.44726016e+02  -1.25221020e-04
   3.44726504e+02  -8.30429708e-05
   3.44726993e+02   1.09462017e-04
   3.44727481e+02   2.86363473e-04
   3.44727969e+02   4.52500535e-04
   3.44728458e+02   3.57931538e-04
   3.44728946e+02   7.94281877e-05
   3.44729434e+02  -1.49008105e-04
   3.44729922e+02  -4.00530582e-04
   3.44730411e+02  -5.29327546e-04
   3.44730899e+02  -1.71689040e-04
   3.44731387e+02   3.35210992e-04
   3.44731876e+02   4.94415173e-04
   3.44732364e+02   4.20845434e-04
   3.44732852e+02   2.71623081e-04
   3.44733341e+02   1.71415595e-04
   3.44733829e+02   2.97348714e-04
   3.44734317e+02   1.86828431e-04
   3.44734806e+02  -2.73994316e-04
   3.44735294e+02  -1.72693442e-04
   3.44735782e+02   3.23135406e-04
   3.44736271e+02   1.76152767e-04
   3.44736759e+02  -2.40213252e-04
   3.44737247e+02  -3.39244725e-05
   3.44737735e+02   3.69288231e-04
   3.44738224e+02   3.29795759e-04
   3.44738712e+02   4.13517446e-05
   3.44739200e+02  -1.08332562e-04
   3.44739689e+02  -2.83941299e-05
   3.44740177e+02   5.59372384e-05
   3.44740665e+02   5.75776430e-05
   3.44741154e+02   1.64974001e-04
   3.44741642e+02   1.88253543e-04
   3.44742130e+02  -3.40425067e-05
   3.44742619e+02  -7.14385533e-05
   3.44743107e+02   2.72456848e-04
   3.44743595e+02   6.43872598e-04
   3.44744083e+02   5.49153192e-04
   3.44744572e+02   1.44681399e-04
   3.44745060e+02   3.15849393e-05
   3.44745548e+02   1.70125146e-04
   3.44746037e+02   1.56605893e-04
   3.44746525e+02  -2.17303423e-05
   3.44747013e+02  -2.02687355e-04
   3.44747502e+02  -8.43785892e-05
   3.44747990e+02   1.59165618e-04
   3.44748478e+02   3.47337118e-05
   3.44748967e+02  -8.42195586e-05
   3.44749455e+02   2.56727108e-05
   3.44749943e+02  -7.24537604e-05
   3.44750431e+02  -3.20585532e-04
   3.44750920e+02  -3.54682823e-04
   3.44751408e+02  -1.54415000e-04
   3.44751896e+02   9.67774831e-05
   3.44752385e+02   1.40909877e-04
   3.44752873e+02  -2.10701197e-04
   3.44753361e+02  -6.66663749e-04
   3.44753850e+02  -6.87686086e-04
   3.44754338e+02  -1.65782563e-04
   3.44754826e+02   2.73699261e-04
   3.44755315e+02   1.19841556e-04
   3.44755803e+02  -7.91587299e-05
   3.44756291e+02  -1.06281573e-06
   3.44756779e+02   9.30581591e-05
   3.44757268e+02   2.23194249e-04
   3.44757756e+02   2.73094309e-04
   3.44758244e+02   3.56331147e-05
   3.44758733e+02  -5.36711514e-06
   3.44759221e+02   4.04780789e-04
   3.44759709e+02   7.63844000e-04
   3.44760198e+02   6.96997799e-04
   3.44760686e+02   4.26540064e-04
   3.44761174e+02   2.11442777e-04
   3.44761663e+02  -5.83363835e-05
   3.44762151e+02  -2.76275532e-04
   3.44762639e+02  -1.69282575e-04
   3.44763127e+02   5.19557398e-05
   3.44763616e+02  -5.63691574e-05
   3.44764104e+02  -3.75413831e-04
   3.44764592e+02  -2.62053130e-04
   3.44765081e+02   7.65810109e-05
   3.44765569e+02  -1.44169608e-05
   3.44766057e+02  -2.91177450e-04
   3.44766546e+02  -2.07195350e-04
   3.44767034e+02  -2.61767218e-05
   3.44767522e+02  -7.58058522e-05
   3.44768011e+02  -1.55328991e-04
   3.44768499e+02  -1.60859214e-04
   3.44768987e+02  -1.22102734e-04
   3.44769475e+02   2.03484698e-04
   3.44769964e+02   5.12792671e-04
   3.44770452e+02   2.15638385e-04
   3.44770940e+02  -1.17745411e-04
   3.44771429e+02  -2.18673245e-04
   3.44771917e+02  -3.93305178e-04
   3.44772405e+02  -2.71538418e-04
   3.44772894e+02   2.08835481e-04
   3.44773382e+02   4.20192693e-04
   3.44773870e+02   1.78203976e-04
   3.44774359e+02  -8.29315977e-05
   3.44774847e+02  -6.04883644e-05
   3.44775335e+02   1.84210439e-04
   3.44775824e+02   2.86254712e-04
   3.44776312e+02   2.15404201e-04
   3.44776800e+02   3.37230522e-05
   3.44777288e+02  -1.12880480e-04
   3.44777777e+02  -1.20237957e-04
   3.44778265e+02  -1.22985628e-04
   3.44778753e+02  -1.34585804e-04
   3.44779242e+02  -5.88972325e-05
   3.44779730e+02   2.36320902e-05
   3.44780218e+02   1.45772952e-04
   3.44780707e+02   2.13840118e-04
   3.44781195e+02   4.90874045e-05
   3.44781683e+02  -3.21659667e-04
   3.44782172e+02  -4.44097561e-04
   3.44782660e+02  -1.41625089e-04
   3.44783148e+02   1.00387850e-04
   3.44783636e+02   3.03413690e-04
   3.44784125e+02   6.83065096e-04
   3.44784613e+02   6.73698843e-04
   3.44785101e+02   2.87003437e-04
   3.44785590e+02   2.09306862e-04
   3.44786078e+02   2.79513217e-04
   3.44786566e+02  -3.47184941e-05
   3.44787055e+02  -5.37482381e-04
   3.44787543e+02  -5.48860407e-04
   3.44788031e+02  -1.75383670e-04
   3.44788520e+02  -1.03417937e-04
   3.44789008e+02  -2.32022954e-04
   3.44789496e+02  -1.40769451e-04
   3.44789984e+02   1.84045508e-04
   3.44790473e+02   4.70524974e-04
   3.44790961e+02   5.44209208e-04
   3.44791449e+02   5.13231847e-04
   3.44791938e+02   4.77589434e-04
   3.44792426e+02   2.35172003e-04
   3.44792914e+02  -1.15078576e-04
   3.44793403e+02  -1.92032327e-04
   3.44793891e+02  -6.62662715e-05
   3.44794379e+02  -9.37645473e-06
   3.44794868e+02  -2.57717707e-04
   3.44795356e+02  -4.52573819e-04
   3.44795844e+02  -1.88104314e-04
   3.44796332e+02   1.23791018e-04
   3.44796821e+02   1.86944671e-04
   3.44797309e+02   8.23337541e-05
   3.44797797e+02   5.70236080e-05
   3.44798286e+02   1.89350481e-04
   3.44798774e+02   1.98481168e-04
   3.44799262e+02   3.44166983e-05
   3.44799751e+02  -1.23370730e-04
   3.44800239e+02  -2.70087854e-04
   3.44800727e+02  -2.67328520e-04
   3.44801216e+02  -1.08763939e-04
   3.44801704e+02   1.00649420e-04
   3.44802192e+02   1.99612186e-04
   3.44802680e+02  -1.27891835e-04
   3.44803169e+02  -2.95922451e-04
   3.44803657e+02  -1.53928522e-05
   3.44804145e+02   1.71488617e-04
   3.44804634e+02   3.94990901e-04
   3.44805122e+02   6.07575173e-04
   3.44805610e+02   4.76061454e-04
   3.44806099e+02   1.66334925e-04
   3.44806587e+02  -3.12079028e-05
   3.44807075e+02  -2.82008114e-04
   3.44807564e+02  -6.45264459e-04
   3.44808052e+02  -6.86789805e-04
   3.44808540e+02  -4.56195441e-04
   3.44809028e+02  -4.18106472e-04
   3.44809517e+02  -3.08481278e-04
   3.44810005e+02  -2.57933812e-06
   3.44810493e+02  -2.77537765e-05
   3.44810982e+02  -1.97470625e-04
   3.44811470e+02  -1.92386888e-05
   3.44811958e+02   3.67689878e-04
   3.44812447e+02   5.52357291e-04
   3.44812935e+02   3.51374882e-04
   3.44813423e+02   9.23475454e-05
   3.44813912e+02   1.19761398e-05
   3.44814400e+02  -2.16893636e-06
   3.44814888e+02   1.34581584e-04
   3.44815377e+02   2.98004365e-04
   3.44815865e+02   1.88848469e-04
   3.44816353e+02   7.43228957e-05
   3.44816841e+02  -3.21193147e-05
   3.44817330e+02  -2.24823292e-04
   3.44817818e+02  -1.89274360e-04
   3.44818306e+02   1.51434651e-05
   3.44818795e+02   2.21521550e-04
   3.44819283e+02   1.73196604e-04
   3.44819771e+02  -2.57801410e-04
   3.44820260e+02  -4.21107921e-04
   3.44820748e+02  -1.47301354e-04
   3.44821236e+02  -7.66562734e-05
   3.44821725e+02  -1.99057627e-04
   3.44822213e+02  -7.09411033e-05
   3.44822701e+02   5.20653339e-05
   3.44823189e+02  -1.01766869e-04
   3.44823678e+02  -1.10964167e-04
   3.44824166e+02   9.75072981e-05
   3.44824654e+02   5.86261706e-07
   3.44825143e+02  -1.66480590e-04
   3.44825631e+02  -2.33341430e-04
   3.44826119e+02  -3.48939444e-04
   3.44826608e+02  -2.77068000e-04
   3.44827096e+02  -2.90434527e-05
   3.44827584e+02   1.67050588e-04
   3.44828073e+02   3.19613937e-05
   3.44828561e+02  -3.05408525e-04
   3.44829049e+02  -3.77378979e-04
   3.44829537e+02  -1.93442582e-04
   3.44830026e+02  -1.08731911e-04
   3.44830514e+02  -3.31188494e-04
   3.44831002e+02  -7.81579525e-04
   3.44831491e+02  -9.49733774e-04
   3.44831979e+02  -6.97435578e-04
   3.44832467e+02  -3.80121230e-04
   3.44832956e+02  -1.74742439e-04
   3.44833444e+02  -1.79500072e-04
