frequency (GHz), flux (Jy/beam)
   3.44888470e+02   4.91736922e-03
   3.44888959e+02   4.87842504e-03
   3.44889447e+02   3.02713038e-03
   3.44889935e+02   1.78240228e-03
   3.44890423e+02   1.51745568e-03
   3.44890912e+02   7.21661898e-04
   3.44891400e+02  -1.05225241e-04
   3.44891888e+02   1.28988831e-04
   3.44892377e+02   4.10171371e-04
   3.44892865e+02  -1.12574850e-03
   3.44893353e+02  -1.60124491e-03
   3.44893842e+02  -3.54511314e-04
   3.44894330e+02  -3.61163489e-04
   3.44894818e+02  -3.90711648e-04
   3.44895307e+02   1.59321551e-03
   3.44895795e+02   4.05062502e-03
   3.44896283e+02   4.62180981e-03
   3.44896771e+02   3.90457246e-03
   3.44897260e+02   3.35498992e-03
   3.44897748e+02   2.16971058e-03
   3.44898236e+02   7.57861999e-04
   3.44898725e+02   7.57460250e-04
   3.44899213e+02   2.08962549e-04
   3.44899701e+02  -1.47383625e-03
   3.44900190e+02  -1.41998089e-03
   3.44900678e+02  -8.98421917e-04
   3.44901166e+02  -5.34862666e-05
   3.44901655e+02   1.61442254e-03
   3.44902143e+02   1.83675962e-03
   3.44902631e+02  -2.69108539e-04
   3.44903119e+02  -3.48691037e-03
   3.44903608e+02  -4.53749299e-03
   3.44904096e+02  -3.28306505e-03
   3.44904584e+02  -2.74490681e-03
   3.44905073e+02  -5.89441624e-04
   3.44905561e+02   1.58626738e-03
   3.44906049e+02  -4.17949559e-05
   3.44906538e+02  -3.89063056e-03
   3.44907026e+02  -4.68098093e-03
   3.44907514e+02  -3.52885807e-03
   3.44908003e+02  -3.45101114e-03
   3.44908491e+02  -2.91821896e-03
   3.44908979e+02  -2.88913888e-03
   3.44909467e+02  -4.56406875e-03
   3.44909956e+02  -5.73965022e-03
   3.44910444e+02  -4.42888075e-03
   3.44910932e+02  -2.49757268e-03
   3.44911421e+02  -1.49462791e-03
   3.44911909e+02  -2.96443875e-04
   3.44912397e+02   8.27831740e-04
   3.44912886e+02   1.36224390e-03
   3.44913374e+02   2.65016407e-03
   3.44913862e+02   3.66405561e-03
   3.44914351e+02   1.44798425e-03
   3.44914839e+02  -2.13987730e-03
   3.44915327e+02  -2.40377733e-03
   3.44915815e+02  -7.16033159e-04
   3.44916304e+02   5.32129707e-05
   3.44916792e+02   1.62242679e-03
   3.44917280e+02   3.74002079e-03
   3.44917769e+02   3.05016572e-03
   3.44918257e+02   2.50380696e-03
   3.44918745e+02   3.73310759e-03
   3.44919234e+02   3.91071197e-03
   3.44919722e+02   1.32332963e-03
   3.44920210e+02  -1.52045849e-03
   3.44920699e+02  -6.61804748e-04
   3.44921187e+02   1.79824326e-03
   3.44921675e+02   1.59526139e-03
   3.44922163e+02  -7.78876361e-04
   3.44922652e+02  -2.22863071e-03
   3.44923140e+02  -7.92088453e-04
   3.44923628e+02   4.06333944e-04
   3.44924117e+02  -2.11527734e-03
   3.44924605e+02  -4.83895699e-03
   3.44925093e+02  -3.40789743e-03
   3.44925582e+02  -3.80604353e-04
   3.44926070e+02  -3.35719262e-04
   3.44926558e+02  -1.41959439e-03
   3.44927047e+02  -5.70856326e-04
   3.44927535e+02   1.29157433e-03
   3.44928023e+02   1.91566348e-03
   3.44928512e+02   4.51909582e-04
   3.44929000e+02   7.95845408e-04
   3.44929488e+02   3.88052338e-03
   3.44929976e+02   3.20569007e-03
   3.44930465e+02  -1.34829327e-03
   3.44930953e+02  -3.53581924e-03
   3.44931441e+02  -2.23359815e-03
   3.44931930e+02  -5.70439384e-04
   3.44932418e+02  -8.03926087e-04
   3.44932906e+02  -1.63055456e-03
   3.44933395e+02  -1.70297560e-03
   3.44933883e+02  -4.57515816e-05
   3.44934371e+02   1.97019405e-03
   3.44934860e+02   2.68300832e-03
   3.44935348e+02   3.03353462e-03
   3.44935836e+02   1.61520962e-03
   3.44936324e+02  -6.53152645e-04
   3.44936813e+02  -1.03565666e-03
   3.44937301e+02  -8.29901139e-04
   3.44937789e+02  -4.59437899e-04
   3.44938278e+02  -1.00265536e-03
   3.44938766e+02  -1.69682933e-03
   3.44939254e+02  -1.06510019e-03
   3.44939743e+02   9.32544819e-04
   3.44940231e+02   2.69133993e-03
   3.44940719e+02   1.78515422e-03
   3.44941208e+02   7.46825186e-04
   3.44941696e+02   1.54740224e-03
   3.44942184e+02   1.59618538e-03
   3.44942672e+02   1.75413641e-03
   3.44943161e+02   1.49325887e-03
   3.44943649e+02  -2.30622434e-04
   3.44944137e+02  -9.07255511e-04
   3.44944626e+02  -5.24640724e-04
   3.44945114e+02   2.95349979e-03
   3.44945602e+02   1.70157442e-03
   3.44946091e+02  -1.65651363e-04
   3.44946579e+02   7.93444575e-04
   3.44947067e+02   1.27055543e-03
   3.44947556e+02   5.32412727e-04
   3.44948044e+02   1.23452418e-03
   3.44948532e+02   1.44934957e-03
   3.44949020e+02  -8.43861955e-04
   3.44949509e+02  -2.41519348e-03
   3.44949997e+02  -1.48900121e-03
   3.44950485e+02  -4.18261334e-05
   3.44950974e+02   1.09619694e-03
   3.44951462e+02   5.15101186e-04
   3.44951950e+02  -4.11250308e-04
   3.44952439e+02  -7.86775316e-04
   3.44952927e+02  -2.16543814e-03
   3.44953415e+02  -2.80383066e-03
   3.44953904e+02  -1.70709030e-03
   3.44954392e+02   1.67448408e-04
   3.44954880e+02  -3.22331121e-04
   3.44955368e+02  -2.78209755e-03
   3.44955857e+02  -2.24957010e-03
   3.44956345e+02  -1.15130818e-03
   3.44956833e+02  -5.31599100e-04
   3.44957322e+02   1.35763234e-03
   3.44957810e+02   1.50915142e-03
   3.44958298e+02   9.18753678e-04
   3.44958787e+02   1.47487677e-03
   3.44959275e+02   2.44569383e-03
   3.44959763e+02   1.80699409e-03
   3.44960252e+02   6.79640507e-04
   3.44960740e+02   5.61764231e-04
   3.44961228e+02  -5.28066885e-04
   3.44961716e+02  -2.55305460e-03
   3.44962205e+02  -2.54205870e-03
   3.44962693e+02  -2.05468696e-05
   3.44963181e+02   7.48313672e-04
   3.44963670e+02  -1.08923845e-03
   3.44964158e+02  -8.24996445e-04
   3.44964646e+02   8.01161805e-05
   3.44965135e+02   9.56766540e-04
   3.44965623e+02   2.28454266e-03
   3.44966111e+02   1.58495363e-03
   3.44966600e+02   3.31022631e-04
   3.44967088e+02   5.17625245e-04
   3.44967576e+02   4.23340738e-04
   3.44968065e+02   2.43379758e-03
   3.44968553e+02   4.32615215e-03
   3.44969041e+02   2.35267286e-03
   3.44969529e+02   1.15118932e-03
   3.44970018e+02   1.38077780e-03
   3.44970506e+02  -4.73124062e-04
   3.44970994e+02  -1.65728841e-03
   3.44971483e+02  -1.86552687e-04
   3.44971971e+02   2.34222692e-03
   3.44972459e+02   3.85072990e-03
   3.44972948e+02   2.75065959e-03
   3.44973436e+02   7.02369667e-04
   3.44973924e+02  -5.93064178e-04
   3.44974413e+02  -6.63650280e-04
   3.44974901e+02  -1.06409739e-03
   3.44975389e+02   9.02714419e-06
   3.44975877e+02   1.93624117e-03
   3.44976366e+02   1.46133977e-03
   3.44976854e+02   1.19430115e-04
   3.44977342e+02  -1.27502449e-03
   3.44977831e+02  -5.83928544e-04
   3.44978319e+02   6.18993538e-04
   3.44978807e+02  -1.60260021e-03
   3.44979296e+02  -2.95786606e-03
   3.44979784e+02  -6.32155454e-04
   3.44980272e+02   1.31145550e-03
   3.44980761e+02   2.60784233e-04
   3.44981249e+02  -7.33308552e-04
   3.44981737e+02   6.90903244e-06
   3.44982225e+02   8.50210956e-04
   3.44982714e+02   2.39525363e-03
   3.44983202e+02   1.90478016e-03
   3.44983690e+02  -6.15970523e-04
   3.44984179e+02  -4.17733099e-04
   3.44984667e+02  -1.90764156e-04
   3.44985155e+02  -4.49412037e-04
   3.44985644e+02   8.09023855e-04
   3.44986132e+02   1.92289439e-03
   3.44986620e+02   1.86431350e-03
   3.44987109e+02   1.47985597e-03
   3.44987597e+02   1.48240232e-03
   3.44988085e+02   2.00530444e-03
   3.44988573e+02   1.99490949e-03
   3.44989062e+02   7.40537303e-04
   3.44989550e+02  -1.23431196e-03
   3.44990038e+02  -1.45714567e-03
   3.44990527e+02  -9.38568381e-04
   3.44991015e+02  -2.06722063e-03
   3.44991503e+02  -3.03161191e-03
   3.44991992e+02  -2.61791516e-03
   3.44992480e+02  -1.28894683e-03
   3.44992968e+02  -1.64620194e-03
   3.44993457e+02  -2.66622449e-03
   3.44993945e+02  -2.11762381e-03
   3.44994433e+02  -9.25642613e-04
   3.44994921e+02  -7.18891170e-05
   3.44995410e+02   1.56437233e-03
   3.44995898e+02   2.56443070e-03
   3.44996386e+02   4.24560509e-04
   3.44996875e+02  -1.50386360e-03
   3.44997363e+02  -9.25937551e-04
   3.44997851e+02  -7.86505872e-04
   3.44998340e+02  -6.10211340e-04
   3.44998828e+02   1.46146130e-03
   3.44999316e+02   3.45542678e-03
   3.44999805e+02   3.68513097e-03
   3.45000293e+02   2.17402214e-03
   3.45000781e+02   1.78825969e-04
   3.45001269e+02  -2.22119945e-03
   3.45001758e+02  -2.25140294e-03
   3.45002246e+02   1.33674446e-04
   3.45002734e+02   1.48397195e-03
   3.45003223e+02   1.02259486e-03
   3.45003711e+02  -3.71255155e-04
   3.45004199e+02  -1.29048433e-03
   3.45004688e+02  -7.79474387e-04
   3.45005176e+02  -1.20448251e-03
   3.45005664e+02   1.25954015e-04
   3.45006153e+02   2.49344646e-03
   3.45006641e+02   2.30098679e-03
   3.45007129e+02   1.47847366e-03
   3.45007618e+02   1.61070755e-04
   3.45008106e+02  -5.95375139e-04
   3.45008594e+02   9.47391207e-04
   3.45009082e+02   2.10499670e-03
   3.45009571e+02   1.57638779e-03
   3.45010059e+02   9.81960911e-04
   3.45010547e+02   2.23651389e-03
   3.45011036e+02   3.36311827e-03
   3.45011524e+02   2.89478945e-03
   3.45012012e+02   2.04407470e-03
   3.45012501e+02   1.94083632e-03
   3.45012989e+02   1.82649121e-03
   3.45013477e+02   1.59344313e-06
   3.45013966e+02  -9.29127622e-04
   3.45014454e+02  -5.41438640e-04
   3.45014942e+02   1.11889094e-03
   3.45015430e+02   3.60714528e-03
   3.45015919e+02   3.87330400e-03
   3.45016407e+02   1.57482375e-03
   3.45016895e+02   8.92743818e-04
   3.45017384e+02   1.22978725e-03
   3.45017872e+02   6.84579660e-04
   3.45018360e+02   1.97066600e-03
   3.45018849e+02   3.04531935e-03
   3.45019337e+02   1.09473884e-03
   3.45019825e+02  -1.13489968e-03
   3.45020314e+02  -7.44293560e-04
   3.45020802e+02   2.18615006e-03
   3.45021290e+02   3.01667862e-03
   3.45021778e+02   7.28824671e-05
   3.45022267e+02  -2.93277623e-03
   3.45022755e+02  -4.60798200e-03
   3.45023243e+02  -4.92945407e-03
   3.45023732e+02  -3.50066437e-03
   3.45024220e+02  -1.09568576e-03
   3.45024708e+02   1.17792271e-03
   3.45025197e+02   6.94113493e-04
   3.45025685e+02  -1.18441659e-03
   3.45026173e+02  -1.96498656e-03
   3.45026662e+02  -1.72609428e-03
   3.45027150e+02  -1.80436589e-03
   3.45027638e+02  -1.29173941e-03
   3.45028126e+02  -3.95299518e-04
   3.45028615e+02   1.30292366e-03
   3.45029103e+02   4.21132799e-03
   3.45029591e+02   2.66235624e-03
   3.45030080e+02  -2.44374736e-04
   3.45030568e+02   5.00126567e-04
   3.45031056e+02   1.08262466e-03
   3.45031545e+02   9.77697549e-04
   3.45032033e+02   8.05972319e-04
   3.45032521e+02   9.13335942e-04
   3.45033010e+02   1.25743973e-03
   3.45033498e+02   4.36951756e-04
   3.45033986e+02  -1.34941074e-03
   3.45034474e+02  -2.94492464e-03
   3.45034963e+02  -2.30494421e-03
   3.45035451e+02  -9.59270576e-04
   3.45035939e+02  -2.26497836e-03
   3.45036428e+02  -2.36114790e-03
   3.45036916e+02  -8.97339050e-05
   3.45037404e+02   1.01002026e-03
   3.45037893e+02  -8.52493569e-04
   3.45038381e+02  -1.93252822e-03
   3.45038869e+02  -9.82332276e-04
   3.45039358e+02  -6.41600564e-05
   3.45039846e+02   8.79887899e-04
   3.45040334e+02   8.11729580e-04
   3.45040822e+02  -6.09193463e-04
   3.45041311e+02  -9.86532657e-04
   3.45041799e+02  -1.28779223e-03
   3.45042287e+02  -1.76742359e-03
   3.45042776e+02  -1.40415388e-03
   3.45043264e+02  -6.19446917e-04
   3.45043752e+02  -1.11518288e-03
   3.45044241e+02  -1.54765171e-03
   3.45044729e+02   2.07311518e-06
   3.45045217e+02   1.17987616e-03
   3.45045706e+02  -4.71817446e-04
   3.45046194e+02  -2.07562558e-03
   3.45046682e+02  -3.58854159e-04
   3.45047171e+02   2.17824745e-05
   3.45047659e+02  -1.27259444e-03
   3.45048147e+02   2.54852115e-04
   3.45048635e+02   1.32600358e-03
   3.45049124e+02  -1.65763238e-04
   3.45049612e+02  -3.11890966e-04
   3.45050100e+02   1.30716671e-05
   3.45050589e+02   4.56680165e-04
   3.45051077e+02   1.93981003e-04
   3.45051565e+02  -1.65086251e-03
   3.45052054e+02  -2.33430089e-03
   3.45052542e+02  -1.21341471e-03
   3.45053030e+02   9.38743702e-04
   3.45053519e+02   2.18699966e-03
   3.45054007e+02   2.05094181e-03
   3.45054495e+02   1.41171843e-03
   3.45054983e+02  -3.67386994e-04
   3.45055472e+02  -1.25449058e-03
   3.45055960e+02   1.09407085e-03
   3.45056448e+02   1.84656505e-03
   3.45056937e+02   4.37192444e-04
   3.45057425e+02   9.83463367e-04
   3.45057913e+02   3.75243457e-04
   3.45058402e+02  -1.34260138e-03
   3.45058890e+02  -1.57811225e-03
   3.45059378e+02  -1.76657923e-04
   3.45059867e+02   1.72622281e-03
   3.45060355e+02   3.09777213e-03
   3.45060843e+02   4.93050134e-03
   3.45061331e+02   4.76537878e-03
   3.45061820e+02   2.58746697e-03
   3.45062308e+02   1.59273006e-03
   3.45062796e+02   3.95463826e-03
   3.45063285e+02   6.94505312e-03
   3.45063773e+02   1.14628747e-02
   3.45064261e+02   1.62215922e-02
   3.45064750e+02   1.82937011e-02
   3.45065238e+02   1.74910985e-02
   3.45065726e+02   1.89549327e-02
   3.45066215e+02   2.14451849e-02
   3.45066703e+02   2.12049745e-02
   3.45067191e+02   1.74392834e-02
   3.45067679e+02   1.39320148e-02
   3.45068168e+02   1.50382416e-02
   3.45068656e+02   1.64874922e-02
   3.45069144e+02   1.38816200e-02
   3.45069633e+02   8.01292807e-03
   3.45070121e+02   4.99812700e-03
   3.45070609e+02   4.24583908e-03
   3.45071098e+02   4.25724266e-03
   3.45071586e+02   3.80155980e-03
   3.45072074e+02   2.04673246e-03
   3.45072563e+02   1.16253016e-03
   3.45073051e+02   3.38802813e-03
   3.45073539e+02   3.93699948e-03
   3.45074027e+02   6.03994355e-04
   3.45074516e+02  -1.18306209e-03
   3.45075004e+02  -1.71800202e-04
   3.45075492e+02   1.73015823e-03
   3.45075981e+02   9.73778602e-04
   3.45076469e+02  -2.95608910e-03
   3.45076957e+02  -5.04769152e-03
   3.45077446e+02  -3.97442607e-03
   3.45077934e+02  -3.55790555e-03
   3.45078422e+02  -2.88421917e-03
   3.45078911e+02   7.17148301e-04
   3.45079399e+02   3.82669084e-03
   3.45079887e+02   2.10577669e-03
   3.45080375e+02   2.44207506e-04
   3.45080864e+02   6.31702715e-05
   3.45081352e+02  -2.27237795e-03
   3.45081840e+02  -3.57188820e-03
   3.45082329e+02  -1.53896608e-03
   3.45082817e+02  -9.67793749e-04
   3.45083305e+02  -2.46669119e-03
   3.45083794e+02  -3.46945808e-03
   3.45084282e+02  -3.16278520e-03
   3.45084770e+02  -1.04167475e-03
   3.45085259e+02  -5.20765665e-04
   3.45085747e+02  -1.22910272e-03
   3.45086235e+02  -4.99178888e-04
   3.45086724e+02  -1.86274562e-03
   3.45087212e+02  -4.64355713e-03
   3.45087700e+02  -4.28794697e-03
   3.45088188e+02  -1.56875362e-03
   3.45088677e+02  -3.53704585e-04
   3.45089165e+02  -2.48679239e-03
   3.45089653e+02  -4.36510378e-03
   3.45090142e+02  -2.96767917e-03
   3.45090630e+02   1.14853133e-03
   3.45091118e+02   3.94976791e-03
   3.45091607e+02   2.87003256e-03
   3.45092095e+02   1.59420641e-04
   3.45092583e+02  -7.58185168e-04
   3.45093072e+02  -4.78880858e-04
   3.45093560e+02  -3.98700031e-05
   3.45094048e+02   5.83622837e-04
   3.45094536e+02  -1.27510211e-04
   3.45095025e+02  -1.20365014e-03
   3.45095513e+02  -1.75538682e-03
   3.45096001e+02  -2.52866768e-03
   3.45096490e+02  -3.18117347e-03
   3.45096978e+02  -2.42888485e-03
   3.45097466e+02   4.33581677e-04
   3.45097955e+02   2.70396704e-03
   3.45098443e+02   1.22662925e-03
   3.45098931e+02  -3.10870411e-04
   3.45099420e+02   1.81601616e-04
   3.45099908e+02   1.47986284e-03
   3.45100396e+02   1.42569316e-03
   3.45100884e+02   1.29852234e-03
   3.45101373e+02   2.50498741e-03
   3.45101861e+02   2.30968278e-03
   3.45102349e+02   1.74841750e-03
   3.45102838e+02   3.20554362e-04
   3.45103326e+02  -1.35952211e-03
   3.45103814e+02   1.11337562e-04
   3.45104303e+02   4.89007973e-04
   3.45104791e+02  -1.85654277e-03
   3.45105279e+02  -2.13675760e-03
   3.45105768e+02  -1.68265414e-03
   3.45106256e+02  -2.30972352e-03
   3.45106744e+02  -1.86232559e-03
   3.45107232e+02  -2.63380440e-04
   3.45107721e+02   9.91765875e-04
   3.45108209e+02   2.22880533e-03
   3.45108697e+02   2.48623127e-03
   3.45109186e+02   9.10363102e-04
   3.45109674e+02   8.40911875e-04
   3.45110162e+02   3.45254201e-03
   3.45110651e+02   4.63494286e-03
   3.45111139e+02   1.45758071e-03
   3.45111627e+02  -1.78498146e-03
   3.45112116e+02  -6.44015439e-04
   3.45112604e+02   1.59206311e-03
   3.45113092e+02   2.68375431e-03
   3.45113580e+02   1.64507062e-03
   3.45114069e+02  -2.57618958e-03
   3.45114557e+02  -4.38247481e-03
   3.45115045e+02  -1.11619802e-03
   3.45115534e+02   9.85612511e-04
   3.45116022e+02  -4.79232578e-04
   3.45116510e+02  -3.56021360e-03
   3.45116999e+02  -4.62596724e-03
   3.45117487e+02  -3.06343031e-03
   3.45117975e+02  -2.03693449e-03
   3.45118464e+02  -2.16167374e-03
   3.45118952e+02  -1.25421514e-03
   3.45119440e+02   8.10367404e-04
   3.45119928e+02   1.95643911e-03
   3.45120417e+02   1.06198539e-03
   3.45120905e+02   2.43953138e-04
   3.45121393e+02   3.96623684e-04
   3.45121882e+02   1.93746120e-03
   3.45122370e+02   2.42108852e-03
   3.45122858e+02   2.00160057e-03
   3.45123347e+02   2.91730906e-03
   3.45123835e+02   3.13804741e-03
   3.45124323e+02   5.52955200e-04
   3.45124812e+02  -1.43988791e-03
   3.45125300e+02  -1.25405309e-03
   3.45125788e+02  -2.42883063e-04
   3.45126277e+02   9.06135770e-04
   3.45126765e+02   2.49272824e-04
   3.45127253e+02  -9.44789033e-04
   3.45127741e+02  -9.71460122e-06
   3.45128230e+02   1.48518566e-05
   3.45128718e+02  -4.18437674e-04
   3.45129206e+02   3.82203521e-04
   3.45129695e+02   3.07635200e-04
   3.45130183e+02  -3.02537606e-04
   3.45130671e+02  -5.98224578e-04
   3.45131160e+02  -5.76872611e-04
   3.45131648e+02  -8.69058131e-05
   3.45132136e+02  -2.70284654e-04
   3.45132625e+02  -3.35710298e-04
   3.45133113e+02   6.19788188e-04
   3.45133601e+02   1.03395421e-03
   3.45134089e+02   1.21188117e-03
   3.45134578e+02   1.89359230e-03
   3.45135066e+02   2.03111651e-03
   3.45135554e+02   8.19159381e-04
   3.45136043e+02  -1.20676530e-03
   3.45136531e+02  -1.82373158e-03
   3.45137019e+02  -1.23247318e-03
   3.45137508e+02  -4.34789516e-04
   3.45137996e+02   1.09847123e-03
   3.45138484e+02   1.38016511e-03
   3.45138973e+02  -1.44946986e-04
   3.45139461e+02  -1.90198177e-03
   3.45139949e+02  -1.15697924e-03
   3.45140437e+02   7.29706429e-04
   3.45140926e+02   1.60326570e-04
   3.45141414e+02  -3.41465464e-04
   3.45141902e+02   8.24436429e-04
   3.45142391e+02   2.26552645e-03
   3.45142879e+02   2.18253001e-03
   3.45143367e+02   7.69184408e-06
   3.45143856e+02  -7.63399410e-04
   3.45144344e+02   6.85293999e-05
   3.45144832e+02   4.09826811e-04
   3.45145321e+02  -2.25507174e-04
   3.45145809e+02  -1.18095044e-03
   3.45146297e+02  -4.86753743e-05
   3.45146785e+02   1.05034665e-03
   3.45147274e+02  -8.23517737e-04
   3.45147762e+02  -1.12563057e-03
   3.45148250e+02   1.59771019e-03
   3.45148739e+02   1.54975534e-03
   3.45149227e+02   6.21005776e-04
   3.45149715e+02   3.94876627e-03
   3.45150204e+02   4.19657584e-03
   3.45150692e+02   1.06404664e-03
   3.45151180e+02   1.84404047e-03
   3.45151669e+02   2.67082104e-03
   3.45152157e+02   2.35975982e-04
   3.45152645e+02  -2.02045892e-03
   3.45153133e+02  -2.76680756e-03
   3.45153622e+02  -2.51108943e-03
   3.45154110e+02  -1.95775437e-03
   3.45154598e+02  -2.04813760e-03
   3.45155087e+02  -3.32445232e-03
   3.45155575e+02  -2.71214615e-03
   3.45156063e+02  -1.39618956e-03
   3.45156552e+02  -1.43041939e-03
   3.45157040e+02  -8.02725026e-07
   3.45157528e+02  -4.60265932e-04
   3.45158017e+02  -1.91454636e-03
   3.45158505e+02  -4.41166601e-04
   3.45158993e+02   2.79372500e-04
   3.45159481e+02   2.41157089e-04
   3.45159970e+02   2.25191400e-03
   3.45160458e+02   3.81026487e-03
   3.45160946e+02   2.12767860e-03
   3.45161435e+02   1.02750173e-05
   3.45161923e+02   6.84324070e-04
   3.45162411e+02   2.60865479e-03
   3.45162900e+02   3.98176070e-03
   3.45163388e+02   2.13347259e-03
   3.45163876e+02  -1.63977966e-03
   3.45164365e+02  -1.11218076e-03
   3.45164853e+02   1.31671922e-03
   3.45165341e+02   1.03467703e-03
   3.45165830e+02  -2.13252482e-04
   3.45166318e+02   1.49465908e-04
   3.45166806e+02   1.32030202e-03
   3.45167294e+02   1.89037505e-03
   3.45167783e+02   1.42550655e-03
   3.45168271e+02  -1.01939111e-03
   3.45168759e+02  -3.34492535e-03
   3.45169248e+02  -2.04269821e-03
   3.45169736e+02  -2.08558486e-04
   3.45170224e+02  -3.46411252e-04
   3.45170713e+02   1.47589319e-03
   3.45171201e+02   3.06538469e-03
   3.45171689e+02   1.36441737e-03
   3.45172178e+02  -1.54414074e-03
   3.45172666e+02  -1.43703399e-03
   3.45173154e+02  -4.45121550e-04
   3.45173642e+02  -2.07130401e-03
   3.45174131e+02  -9.05608817e-04
   3.45174619e+02   2.39805877e-03
   3.45175107e+02   2.48410110e-03
   3.45175596e+02   1.74151442e-03
   3.45176084e+02   2.02650367e-03
   3.45176572e+02   7.49600586e-05
   3.45177061e+02  -2.81630037e-03
   3.45177549e+02  -4.38196212e-03
   3.45178037e+02  -3.97254899e-03
   3.45178526e+02  -1.58311450e-03
   3.45179014e+02  -1.39607082e-03
   3.45179502e+02  -4.10760334e-03
   3.45179990e+02  -4.29394143e-03
   3.45180479e+02  -3.43466806e-03
   3.45180967e+02  -3.70260119e-03
   3.45181455e+02  -2.50585750e-03
   3.45181944e+02  -4.14536917e-04
   3.45182432e+02   8.05022952e-04
   3.45182920e+02   2.22594850e-03
   3.45183409e+02   2.99106142e-03
   3.45183897e+02   1.13928155e-03
   3.45184385e+02  -1.55337900e-03
   3.45184874e+02  -3.04439804e-03
   3.45185362e+02  -1.83313817e-03
   3.45185850e+02  -1.51410975e-04
   3.45186338e+02  -1.08112959e-04
   3.45186827e+02  -7.64883735e-05
   3.45187315e+02   3.14740726e-04
   3.45187803e+02   1.71635055e-03
   3.45188292e+02   4.74007009e-03
   3.45188780e+02   6.46967394e-03
   3.45189268e+02   4.73983912e-03
   3.45189757e+02   2.18751840e-03
   3.45190245e+02   2.27760174e-03
   3.45190733e+02   2.99182930e-03
   3.45191222e+02   2.63190130e-03
   3.45191710e+02   1.21126079e-03
   3.45192198e+02  -9.28054913e-04
   3.45192686e+02  -2.66153179e-03
   3.45193175e+02  -2.70299334e-03
   3.45193663e+02  -7.21308868e-04
   3.45194151e+02  -2.25899304e-04
   3.45194640e+02  -1.51072314e-03
   3.45195128e+02  -4.84989781e-04
   3.45195616e+02   9.07900569e-04
   3.45196105e+02   6.89366134e-04
   3.45196593e+02   6.99140714e-04
   3.45197081e+02   7.02749763e-04
   3.45197570e+02   9.50118643e-04
   3.45198058e+02   9.88633954e-04
   3.45198546e+02   1.44441787e-03
   3.45199034e+02   1.27110153e-03
   3.45199523e+02  -8.00681359e-04
   3.45200011e+02  -9.15008539e-04
   3.45200499e+02   1.16250524e-03
   3.45200988e+02   2.53096875e-03
   3.45201476e+02   9.29132570e-04
   3.45201964e+02  -1.67640334e-03
   3.45202453e+02  -2.55291932e-03
   3.45202941e+02  -2.92884838e-03
   3.45203429e+02  -2.60925619e-03
   3.45203918e+02  -2.67279404e-03
   3.45204406e+02  -2.35387660e-03
   3.45204894e+02  -2.02060281e-03
   3.45205383e+02  -2.33059609e-03
   3.45205871e+02  -1.97741692e-03
   3.45206359e+02  -4.23064543e-04
   3.45206847e+02   1.23515225e-03
   3.45207336e+02   9.09670256e-04
   3.45207824e+02  -1.12090260e-03
   3.45208312e+02  -2.88695819e-03
   3.45208801e+02  -3.50809656e-03
   3.45209289e+02  -1.85059488e-03
   3.45209777e+02  -2.63363563e-05
   3.45210266e+02  -5.28925273e-04
   3.45210754e+02  -1.92017283e-03
   3.45211242e+02  -3.37442523e-03
   3.45211731e+02  -3.25061427e-03
   3.45212219e+02  -2.48444104e-03
   3.45212707e+02  -2.70613725e-03
   3.45213195e+02  -2.26588361e-03
   3.45213684e+02  -6.86591549e-04
   3.45214172e+02  -6.25232133e-05
   3.45214660e+02  -1.85533252e-03
   3.45215149e+02  -3.57086211e-03
   3.45215637e+02  -2.70393398e-03
   3.45216125e+02  -2.36952052e-04
   3.45216614e+02   1.63001893e-03
   3.45217102e+02   7.70111859e-04
   3.45217590e+02  -1.74395507e-04
   3.45218079e+02   1.81844644e-03
   3.45218567e+02   2.96077761e-03
   3.45219055e+02   1.04791939e-03
   3.45219543e+02   3.87672015e-04
   3.45220032e+02   1.47465908e-03
   3.45220520e+02   1.40672561e-03
   3.45221008e+02  -5.01604984e-04
   3.45221497e+02  -2.43985280e-03
   3.45221985e+02  -8.93888879e-04
   3.45222473e+02   1.58652687e-03
   3.45222962e+02   4.93366912e-04
   3.45223450e+02  -9.64005769e-04
   3.45223938e+02  -1.54514390e-03
   3.45224427e+02  -2.71808845e-03
   3.45224915e+02  -1.93087920e-03
   3.45225403e+02   4.36787290e-04
   3.45225891e+02   1.45063002e-03
   3.45226380e+02   9.04405199e-04
   3.45226868e+02   1.36221258e-03
   3.45227356e+02   8.48238647e-04
   3.45227845e+02  -2.34034238e-03
   3.45228333e+02  -4.27397713e-03
   3.45228821e+02  -3.33978026e-03
   3.45229310e+02  -3.19915736e-04
   3.45229798e+02   2.81486355e-05
   3.45230286e+02  -3.66508844e-03
   3.45230775e+02  -4.57585603e-03
   3.45231263e+02  -8.09942663e-04
   3.45231751e+02   3.44789750e-03
   3.45232239e+02   3.78811127e-03
   3.45232728e+02   4.59707138e-04
   3.45233216e+02  -5.17127628e-04
   3.45233704e+02   1.42243342e-03
   3.45234193e+02   3.04802228e-03
   3.45234681e+02   3.06786015e-03
   3.45235169e+02   1.41918438e-03
   3.45235658e+02   4.26832616e-04
   3.45236146e+02   2.33727647e-03
   3.45236634e+02   3.25310905e-03
   3.45237123e+02   1.05029787e-03
   3.45237611e+02  -4.38221410e-04
   3.45238099e+02   9.52005736e-04
   3.45238587e+02   6.23383792e-04
   3.45239076e+02  -1.21767202e-03
   3.45239564e+02  -2.29807640e-03
   3.45240052e+02  -2.50460883e-03
   3.45240541e+02  -1.70594233e-03
   3.45241029e+02  -6.92564878e-04
   3.45241517e+02  -6.76273659e-04
   3.45242006e+02  -8.87716596e-04
   3.45242494e+02  -1.63517206e-03
   3.45242982e+02  -2.38966523e-03
   3.45243471e+02  -1.30440458e-03
   3.45243959e+02  -3.44930741e-04
   3.45244447e+02  -4.90634236e-04
   3.45244936e+02   1.32573201e-04
   3.45245424e+02   1.86078181e-03
   3.45245912e+02   4.00618324e-03
   3.45246400e+02   4.02815500e-03
   3.45246889e+02   2.43541109e-03
   3.45247377e+02   1.84356701e-03
   3.45247865e+02   7.03061582e-04
   3.45248354e+02  -8.94453144e-04
   3.45248842e+02  -3.68648296e-04
   3.45249330e+02   1.07960519e-03
   3.45249819e+02   1.38159865e-03
   3.45250307e+02   1.18174823e-03
   3.45250795e+02   2.37976154e-03
   3.45251284e+02   3.01008951e-03
   3.45251772e+02   9.51066439e-04
   3.45252260e+02  -1.04515953e-03
   3.45252748e+02  -3.37711972e-04
   3.45253237e+02   1.88000302e-03
   3.45253725e+02   3.89037002e-03
   3.45254213e+02   3.63719091e-03
   3.45254702e+02   1.38702535e-03
   3.45255190e+02   1.27359890e-04
   3.45255678e+02  -5.95418169e-05
   3.45256167e+02  -1.10000593e-03
   3.45256655e+02  -1.49152719e-03
   3.45257143e+02  -3.66723793e-06
   3.45257632e+02   9.20711376e-04
   3.45258120e+02  -5.59677137e-04
   3.45258608e+02  -2.23434344e-03
   3.45259096e+02  -3.60078906e-04
   3.45259585e+02   2.22872733e-03
   3.45260073e+02   1.24741707e-03
   3.45260561e+02   3.96989955e-04
   3.45261050e+02   3.63730709e-04
   3.45261538e+02  -2.40760483e-03
   3.45262026e+02  -4.90978872e-03
   3.45262515e+02  -3.04820342e-03
   3.45263003e+02   2.01189221e-04
   3.45263491e+02   1.88127998e-03
   3.45263980e+02   7.02211109e-04
   3.45264468e+02  -2.52346369e-03
   3.45264956e+02  -3.67382891e-03
   3.45265444e+02  -3.31819314e-03
   3.45265933e+02  -4.22670739e-03
   3.45266421e+02  -4.11831960e-03
   3.45266909e+02  -2.57061701e-03
   3.45267398e+02  -2.15546996e-03
   3.45267886e+02  -1.48340943e-03
   3.45268374e+02  -5.73346915e-04
   3.45268863e+02  -5.59960026e-04
   3.45269351e+02  -6.25722983e-04
   3.45269839e+02   1.18989214e-04
   3.45270328e+02   9.21408064e-04
   3.45270816e+02   1.24739949e-03
   3.45271304e+02   2.02505849e-03
   3.45271792e+02   1.82362495e-03
   3.45272281e+02  -8.09376943e-05
   3.45272769e+02  -1.81665213e-03
   3.45273257e+02  -1.95618626e-03
   3.45273746e+02  -1.38402055e-03
   3.45274234e+02  -1.56416267e-03
   3.45274722e+02  -1.75179087e-03
   3.45275211e+02  -1.43921573e-03
   3.45275699e+02  -5.70475066e-04
   3.45276187e+02   1.38264499e-04
   3.45276676e+02  -1.34876711e-04
   3.45277164e+02   1.01996795e-03
   3.45277652e+02   3.51672061e-03
   3.45278140e+02   4.22321213e-03
   3.45278629e+02   2.82434234e-03
   3.45279117e+02   2.52132351e-03
   3.45279605e+02   2.89260084e-03
   3.45280094e+02   1.20288634e-03
   3.45280582e+02  -1.36931834e-04
   3.45281070e+02   8.22650691e-05
   3.45281559e+02   4.09290486e-04
   3.45282047e+02  -2.67256692e-04
   3.45282535e+02  -1.80162804e-03
   3.45283024e+02  -1.62350025e-03
   3.45283512e+02   1.16125855e-03
   3.45284000e+02   1.66803971e-03
   3.45284489e+02  -1.25772308e-03
   3.45284977e+02  -1.01123459e-03
   3.45285465e+02   1.96693535e-03
   3.45285953e+02   1.26659963e-03
   3.45286442e+02  -1.91090617e-03
   3.45286930e+02  -9.57532495e-04
   3.45287418e+02   5.91112475e-04
   3.45287907e+02  -1.76527258e-03
   3.45288395e+02  -2.49402528e-03
   3.45288883e+02  -1.00760092e-03
   3.45289372e+02  -1.36119372e-04
   3.45289860e+02   9.59284836e-04
   3.45290348e+02   1.81259913e-03
   3.45290837e+02   2.10272358e-03
   3.45291325e+02   1.45635440e-03
   3.45291813e+02   5.09076286e-04
   3.45292301e+02   1.15778728e-03
   3.45292790e+02   2.32276390e-03
   3.45293278e+02   1.83163758e-03
   3.45293766e+02   2.11715276e-04
   3.45294255e+02  -5.68372256e-04
   3.45294743e+02  -5.89306641e-04
   3.45295231e+02  -1.21829368e-03
   3.45295720e+02  -2.58457079e-03
   3.45296208e+02  -3.24786012e-03
   3.45296696e+02  -1.51219443e-04
   3.45297185e+02  -6.60459686e-04
   3.45297673e+02  -1.82063342e-03
   3.45298161e+02  -1.21320132e-03
   3.45298649e+02  -4.61353309e-04
   3.45299138e+02  -4.15756396e-04
   3.45299626e+02  -4.18560230e-04
   3.45300114e+02  -1.66773607e-04
   3.45300603e+02   7.61719130e-04
   3.45301091e+02   1.09060621e-03
   3.45301579e+02   5.49871766e-04
   3.45302068e+02   5.90695650e-04
   3.45302556e+02   1.63006014e-03
   3.45303044e+02   3.33686941e-04
   3.45303533e+02  -2.49306252e-03
   3.45304021e+02  -2.49476335e-03
   3.45304509e+02  -6.67810731e-04
   3.45304997e+02   2.02885200e-03
   3.45305486e+02   2.94171763e-03
   3.45305974e+02   1.13790389e-03
   3.45306462e+02   5.34321705e-04
   3.45306951e+02   8.79917294e-04
   3.45307439e+02   1.28917571e-03
   3.45307927e+02   1.25557324e-03
   3.45308416e+02   6.35683304e-04
   3.45308904e+02   6.60344842e-04
   3.45309392e+02   3.73581599e-04
   3.45309881e+02  -6.31163537e-04
   3.45310369e+02  -1.49839849e-03
   3.45310857e+02  -4.41207812e-04
   3.45311345e+02  -1.03633082e-03
   3.45311834e+02  -2.66913604e-03
   3.45312322e+02  -9.93481837e-04
   3.45312810e+02   5.32095262e-04
   3.45313299e+02  -5.76180697e-04
   3.45313787e+02  -3.85909952e-04
   3.45314275e+02   8.52592872e-04
   3.45314764e+02  -1.46382849e-03
   3.45315252e+02  -4.10013832e-03
   3.45315740e+02  -2.98042665e-03
   3.45316229e+02  -4.95275541e-04
   3.45316717e+02   9.36293451e-04
   3.45317205e+02   1.00590021e-03
   3.45317693e+02   1.18972536e-03
   3.45318182e+02  -1.15721195e-03
   3.45318670e+02  -3.67778540e-03
   3.45319158e+02  -1.66261231e-03
   3.45319647e+02   4.93648171e-04
   3.45320135e+02   1.90342707e-03
   3.45320623e+02   2.76595680e-03
   3.45321112e+02   1.29674783e-03
   3.45321600e+02  -3.50141636e-04
   3.45322088e+02  -2.66887346e-05
   3.45322577e+02   3.29141767e-04
   3.45323065e+02   3.56662676e-05
   3.45323553e+02   2.64302973e-04
   3.45324042e+02  -4.88471705e-04
   3.45324530e+02  -1.63084455e-03
   3.45325018e+02  -2.95113830e-04
   3.45325506e+02   1.22520409e-03
   3.45325995e+02   2.16040947e-03
   3.45326483e+02   3.39140394e-03
   3.45326971e+02   4.56496701e-03
   3.45327460e+02   4.19614837e-03
   3.45327948e+02   1.18800148e-03
   3.45328436e+02  -8.59041349e-04
   3.45328925e+02  -2.92901997e-04
   3.45329413e+02   8.21834023e-04
   3.45329901e+02   8.32230493e-04
   3.45330390e+02  -8.71117401e-04
   3.45330878e+02  -1.68618397e-03
   3.45331366e+02   1.47097569e-04
   3.45331854e+02  -5.74899255e-04
   3.45332343e+02  -2.09762668e-03
   3.45332831e+02  -1.78304221e-03
   3.45333319e+02  -2.86196801e-03
   3.45333808e+02  -2.21931213e-03
   3.45334296e+02  -1.47817977e-04
   3.45334784e+02   7.32905581e-04
   3.45335273e+02   1.23803108e-03
   3.45335761e+02  -1.54863426e-06
   3.45336249e+02  -1.71530584e-03
   3.45336738e+02  -1.85685023e-03
   3.45337226e+02  -1.33328314e-03
   3.45337714e+02  -9.02188476e-04
   3.45338202e+02   9.75486728e-06
   3.45338691e+02  -5.05313183e-05
   3.45339179e+02  -1.25246053e-03
   3.45339667e+02  -9.12962365e-04
   3.45340156e+02  -1.05429778e-03
   3.45340644e+02  -1.43195188e-03
   3.45341132e+02   6.87077176e-04
   3.45341621e+02   2.33852072e-03
   3.45342109e+02   5.61741239e-04
   3.45342597e+02  -1.49077910e-03
   3.45343086e+02  -5.44939598e-04
   3.45343574e+02  -1.14776928e-03
   3.45344062e+02  -4.90522664e-03
   3.45344550e+02  -5.43876644e-03
   3.45345039e+02  -3.14579066e-03
   3.45345527e+02  -1.40793156e-03
   3.45346015e+02   2.21093491e-04
   3.45346504e+02   7.07870640e-04
   3.45346992e+02  -1.62285578e-04
   3.45347480e+02  -1.77379546e-03
   3.45347969e+02  -3.24202795e-03
   3.45348457e+02  -2.63788342e-03
   3.45348945e+02  -1.04253402e-03
   3.45349434e+02  -9.44702115e-05
   3.45349922e+02   1.70400157e-03
   3.45350410e+02   3.06470972e-03
   3.45350898e+02   3.17121297e-03
   3.45351387e+02   3.47790355e-03
   3.45351875e+02   2.62077060e-03
   3.45352363e+02   7.28171552e-04
   3.45352852e+02  -1.16617834e-04
   3.45353340e+02  -1.15834305e-03
   3.45353828e+02  -1.93102635e-03
   3.45354317e+02   5.06076962e-04
   3.45354805e+02   2.00443878e-03
   3.45355293e+02  -8.81723070e-04
   3.45355782e+02  -2.16044788e-03
   3.45356270e+02   3.53394171e-05
   3.45356758e+02   1.79512973e-03
   3.45357246e+02  -3.92952003e-04
   3.45357735e+02  -3.57127492e-03
   3.45358223e+02  -3.46070714e-03
   3.45358711e+02  -1.08804565e-03
   3.45359200e+02  -2.27841920e-05
   3.45359688e+02   8.95133999e-04
   3.45360176e+02   2.71136058e-03
   3.45360665e+02   1.66571140e-03
   3.45361153e+02  -7.36929869e-05
   3.45361641e+02   2.61688023e-04
   3.45362130e+02   7.21371849e-04
   3.45362618e+02   7.57767935e-04
   3.45363106e+02   1.15663151e-03
   3.45363595e+02   1.83575694e-03
   3.45364083e+02   7.19121366e-04
   3.45364571e+02  -2.71252095e-04
   3.45365059e+02   1.67108653e-03
   3.45365548e+02   2.68676504e-03
   3.45366036e+02   1.25317683e-03
   3.45366524e+02  -6.72817463e-04
   3.45367013e+02  -8.29329365e-04
   3.45367501e+02   2.48688535e-04
   3.45367989e+02  -1.93217260e-04
   3.45368478e+02  -1.85072911e-03
   3.45368966e+02  -1.67212496e-03
   3.45369454e+02   1.37106472e-04
   3.45369943e+02   1.23331801e-03
   3.45370431e+02   8.65392270e-04
   3.45370919e+02  -4.05104482e-04
   3.45371407e+02  -1.06929359e-03
   3.45371896e+02  -3.70398717e-04
   3.45372384e+02   2.79549247e-04
   3.45372872e+02   6.24797656e-04
   3.45373361e+02   2.32681353e-03
   3.45373849e+02   2.73354352e-03
   3.45374337e+02  -1.90701932e-04
   3.45374826e+02  -3.08706774e-03
   3.45375314e+02  -3.82002955e-03
   3.45375802e+02  -7.09724671e-04
   3.45376291e+02   2.94426410e-03
   3.45376779e+02   4.67257341e-03
   3.45377267e+02   4.96414583e-03
   3.45377755e+02   3.20160342e-03
   3.45378244e+02   1.22362238e-04
   3.45378732e+02  -1.23666553e-03
   3.45379220e+02   1.82268181e-04
   3.45379709e+02   1.70380436e-03
   3.45380197e+02   2.17911811e-03
   3.45380685e+02   1.31503341e-03
   3.45381174e+02   1.64070603e-04
   3.45381662e+02   1.50855383e-04
   3.45382150e+02  -5.78155101e-04
   3.45382639e+02  -9.49925568e-04
   3.45383127e+02   1.14446448e-03
   3.45383615e+02   2.41832086e-03
   3.45384103e+02   1.99604756e-03
   3.45384592e+02   2.18677567e-03
   3.45385080e+02   1.43333722e-03
   3.45385568e+02  -2.74373248e-04
   3.45386057e+02   5.25315583e-04
   3.45386545e+02   1.77612039e-03
   3.45387033e+02   8.38181237e-04
   3.45387522e+02  -3.67494504e-04
   3.45388010e+02  -4.22416197e-04
   3.45388498e+02   6.45821972e-04
   3.45388987e+02   1.55498623e-03
   3.45389475e+02   2.06286623e-03
   3.45389963e+02   1.66909711e-03
   3.45390451e+02   4.29747393e-04
   3.45390940e+02  -2.12422572e-04
   3.45391428e+02  -8.74358520e-04
   3.45391916e+02  -2.02841661e-03
   3.45392405e+02  -1.45503215e-03
   3.45392893e+02  -9.02724059e-06
   3.45393381e+02   5.84454465e-05
   3.45393870e+02  -1.97242800e-04
   3.45394358e+02   1.21759903e-03
   3.45394846e+02   1.33491179e-03
   3.45395335e+02  -1.45165119e-04
   3.45395823e+02  -5.38920067e-05
   3.45396311e+02   5.40775771e-04
   3.45396799e+02  -1.16103271e-03
   3.45397288e+02  -3.16190720e-03
   3.45397776e+02  -1.32398424e-03
   3.45398264e+02   1.41590275e-03
   3.45398753e+02   2.54710624e-03
   3.45399241e+02   2.35811877e-03
   3.45399729e+02   2.01701652e-03
   3.45400218e+02   2.01110030e-03
   3.45400706e+02   9.98041243e-04
   3.45401194e+02  -8.87117756e-04
   3.45401683e+02  -1.37962238e-03
   3.45402171e+02  -1.45180069e-03
   3.45402659e+02  -2.13255116e-04
   3.45403147e+02   2.84471991e-03
   3.45403636e+02   4.11635777e-03
   3.45404124e+02   3.10381129e-03
   3.45404612e+02   2.59851548e-03
   3.45405101e+02   2.17742496e-03
   3.45405589e+02   2.30139680e-03
   3.45406077e+02   3.37826484e-03
   3.45406566e+02   2.81221466e-03
   3.45407054e+02   1.00481231e-03
   3.45407542e+02  -1.20474549e-03
   3.45408031e+02  -2.67125946e-03
   3.45408519e+02  -7.85739510e-04
   3.45409007e+02   2.03458732e-03
   3.45409496e+02   2.92322738e-03
   3.45409984e+02   2.77326605e-03
   3.45410472e+02  -6.22480584e-05
   3.45410960e+02  -3.18250200e-03
   3.45411449e+02  -1.83502457e-03
   3.45411937e+02   2.15363875e-03
   3.45412425e+02   3.38563765e-03
   3.45412914e+02   1.33809226e-03
   3.45413402e+02   1.05490442e-03
   3.45413890e+02   7.00091914e-05
   3.45414379e+02  -2.82190536e-04
   3.45414867e+02   6.44815213e-04
   3.45415355e+02   1.84134487e-03
   3.45415844e+02   6.20931038e-04
   3.45416332e+02  -6.97069336e-04
   3.45416820e+02  -6.48738234e-04
   3.45417308e+02  -1.56743883e-03
   3.45417797e+02  -3.77151533e-03
   3.45418285e+02  -3.40409437e-03
   3.45418773e+02  -2.47797609e-04
   3.45419262e+02   6.76912547e-04
   3.45419750e+02   3.79159203e-04
   3.45420238e+02   2.44084885e-03
   3.45420727e+02   3.00925015e-03
   3.45421215e+02   3.26828769e-04
   3.45421703e+02  -1.11192686e-03
   3.45422192e+02  -1.77539338e-03
   3.45422680e+02  -2.18871236e-03
   3.45423168e+02  -9.46577697e-04
   3.45423656e+02   3.20739375e-04
   3.45424145e+02   4.13369504e-04
   3.45424633e+02   2.11911378e-04
   3.45425121e+02   2.14724755e-03
   3.45425610e+02   3.72371892e-03
   3.45426098e+02   1.99366058e-03
   3.45426586e+02   8.27121839e-04
   3.45427075e+02   5.68748335e-04
   3.45427563e+02  -1.94430561e-03
   3.45428051e+02  -1.55075605e-03
   3.45428540e+02   1.62603403e-03
   3.45429028e+02   2.01951223e-03
   3.45429516e+02  -3.74092720e-04
   3.45430004e+02  -1.55873352e-03
   3.45430493e+02   9.79210250e-04
   3.45430981e+02   2.33137747e-03
   3.45431469e+02   1.32431730e-03
   3.45431958e+02   2.01893505e-03
   3.45432446e+02   3.36392201e-03
   3.45432934e+02   2.86643836e-03
   3.45433423e+02   8.29275930e-04
   3.45433911e+02  -1.92361360e-03
   3.45434399e+02  -3.16329417e-03
   3.45434888e+02  -1.04150234e-03
   3.45435376e+02   6.18687540e-04
   3.45435864e+02  -5.86674723e-04
   3.45436352e+02  -1.63239578e-03
   3.45436841e+02  -2.46181269e-03
   3.45437329e+02  -3.94060835e-03
   3.45437817e+02  -3.43714259e-03
   3.45438306e+02  -5.42607391e-04
   3.45438794e+02   1.61634164e-03
   3.45439282e+02   2.29873043e-03
   3.45439771e+02   3.31629231e-03
   3.45440259e+02   3.54493596e-03
   3.45440747e+02   1.82387570e-03
   3.45441236e+02   1.17642312e-05
   3.45441724e+02  -5.36418345e-04
   3.45442212e+02  -5.70401957e-04
   3.45442700e+02  -9.18124570e-04
   3.45443189e+02  -8.65158363e-05
   3.45443677e+02   1.34943670e-03
   3.45444165e+02   1.77595974e-03
   3.45444654e+02   1.62396242e-03
   3.45445142e+02   1.01563626e-03
   3.45445630e+02   3.01382843e-05
   3.45446119e+02   6.59105834e-04
   3.45446607e+02   4.88559250e-04
   3.45447095e+02  -1.02427870e-03
   3.45447584e+02  -2.19784421e-03
   3.45448072e+02  -2.71921046e-03
   3.45448560e+02  -1.24008500e-03
   3.45449049e+02  -1.23359801e-04
   3.45449537e+02  -1.86823076e-03
   3.45450025e+02  -2.40905676e-03
   3.45450513e+02  -9.59891186e-04
   3.45451002e+02   1.04669527e-06
   3.45451490e+02   3.48366972e-04
   3.45451978e+02   5.53261954e-04
   3.45452467e+02   8.63269786e-04
   3.45452955e+02   1.00140984e-04
   3.45453443e+02  -2.85511604e-04
   3.45453932e+02   6.64903782e-04
   3.45454420e+02   9.20872553e-04
   3.45454908e+02  -4.41603828e-04
   3.45455397e+02  -1.14493584e-03
   3.45455885e+02   5.92409151e-06
   3.45456373e+02   1.11596927e-03
   3.45456861e+02   9.57346463e-04
   3.45457350e+02   1.25692145e-03
   3.45457838e+02   2.05532555e-03
   3.45458326e+02   2.07942398e-03
   3.45458815e+02   6.01626176e-04
   3.45459303e+02  -3.74085648e-04
   3.45459791e+02   5.67251816e-04
   3.45460280e+02   1.93208817e-03
   3.45460768e+02   1.75251230e-03
   3.45461256e+02  -3.67690285e-04
   3.45461745e+02  -2.10617040e-03
   3.45462233e+02  -3.85489722e-04
   3.45462721e+02   2.66969018e-03
   3.45463209e+02   3.49058257e-03
   3.45463698e+02   2.50821398e-03
   3.45464186e+02   8.07366101e-04
   3.45464674e+02  -2.26139600e-04
   3.45465163e+02   3.49241862e-04
   3.45465651e+02   1.29962724e-03
   3.45466139e+02   2.76437681e-03
   3.45466628e+02   3.54488310e-03
   3.45467116e+02   2.95699737e-03
   3.45467604e+02   4.16278280e-03
   3.45468093e+02   4.06448403e-03
   3.45468581e+02   1.01364439e-03
   3.45469069e+02  -1.30608887e-03
   3.45469557e+02  -1.40385784e-03
   3.45470046e+02   8.44589842e-04
   3.45470534e+02   2.43951264e-03
   3.45471022e+02   2.26984522e-03
   3.45471511e+02   2.80170888e-03
   3.45471999e+02   2.19517224e-03
   3.45472487e+02  -3.73786758e-03
   3.45472976e+02  -4.98782704e-03
   3.45473464e+02  -3.09438468e-03
   3.45473952e+02  -1.54785835e-03
   3.45474441e+02  -1.06462289e-03
   3.45474929e+02  -8.72701698e-04
   3.45475417e+02  -6.39186648e-04
   3.45475905e+02  -1.72951689e-03
   3.45476394e+02  -3.51052312e-03
   3.45476882e+02  -2.33167643e-03
   3.45477370e+02   6.01405220e-04
   3.45477859e+02   3.96138785e-04
   3.45478347e+02  -1.03458308e-03
   3.45478835e+02  -4.33205161e-04
   3.45479324e+02   7.66301004e-04
   3.45479812e+02   1.09477842e-03
   3.45480300e+02   3.80714831e-04
   3.45480789e+02  -5.61148161e-04
   3.45481277e+02  -1.38465909e-03
   3.45481765e+02  -8.64001457e-04
   3.45482253e+02   1.13485591e-03
   3.45482742e+02   1.28199451e-03
   3.45483230e+02   4.15741888e-05
   3.45483718e+02  -1.09288405e-04
   3.45484207e+02  -3.03669949e-04
   3.45484695e+02   4.66875179e-04
   3.45485183e+02   2.61130300e-03
   3.45485672e+02   3.01434728e-03
   3.45486160e+02  -1.13609734e-04
   3.45486648e+02  -2.31920881e-03
   3.45487137e+02  -9.13996017e-04
   3.45487625e+02   3.07595590e-04
   3.45488113e+02   6.80775207e-04
   3.45488602e+02   2.24123802e-03
   3.45489090e+02   3.76841077e-03
   3.45489578e+02   2.86712940e-03
   3.45490066e+02   1.09422521e-03
   3.45490555e+02  -6.72807859e-04
   3.45491043e+02  -7.56125490e-04
   3.45491531e+02   1.71400292e-03
   3.45492020e+02   1.94765546e-03
   3.45492508e+02   3.92997143e-04
   3.45492996e+02   1.15736329e-03
   3.45493485e+02   2.97621591e-03
   3.45493973e+02   3.29927332e-03
   3.45494461e+02   2.78364355e-03
   3.45494950e+02   2.07584142e-03
   3.45495438e+02   2.63913680e-04
   3.45495926e+02  -3.05435417e-04
   3.45496414e+02   2.21853144e-03
   3.45496903e+02   3.03436723e-03
   3.45497391e+02  -7.26817379e-05
   3.45497879e+02  -3.15648358e-04
   3.45498368e+02   1.82680681e-03
   3.45498856e+02   1.12258445e-03
   3.45499344e+02  -9.31364139e-06
   3.45499833e+02   7.45170750e-04
   3.45500321e+02   1.12598471e-03
   3.45500809e+02  -1.48675032e-03
   3.45501298e+02  -3.37917404e-03
   3.45501786e+02   2.65021663e-04
   3.45502274e+02   2.94229924e-03
   3.45502762e+02   2.09547859e-03
   3.45503251e+02   2.87869619e-03
   3.45503739e+02   3.52276186e-03
   3.45504227e+02   3.26501159e-03
   3.45504716e+02   5.61386580e-03
   3.45505204e+02   7.57393055e-03
   3.45505692e+02   9.00598336e-03
   3.45506181e+02   9.81658883e-03
   3.45506669e+02   1.00756846e-02
   3.45507157e+02   1.10329334e-02
   3.45507646e+02   1.13663115e-02
   3.45508134e+02   1.13178045e-02
   3.45508622e+02   1.32732224e-02
   3.45509110e+02   1.90647691e-02
   3.45509599e+02   2.57466510e-02
   3.45510087e+02   3.09698414e-02
   3.45510575e+02   3.68259549e-02
   3.45511064e+02   4.49119695e-02
   3.45511552e+02   5.53609915e-02
   3.45512040e+02   6.82935864e-02
   3.45512529e+02   8.57314914e-02
   3.45513017e+02   1.08221054e-01
   3.45513505e+02   1.36409417e-01
   3.45513994e+02   1.72442809e-01
   3.45514482e+02   2.15852723e-01
   3.45514970e+02   2.70238608e-01
   3.45515458e+02   3.37008893e-01
   3.45515947e+02   4.13203686e-01
   3.45516435e+02   4.97080147e-01
   3.45516923e+02   5.82060695e-01
   3.45517412e+02   6.57370269e-01
   3.45517900e+02   7.04064727e-01
   3.45518388e+02   7.23649561e-01
   3.45518877e+02   7.04694808e-01
   3.45519365e+02   4.09622133e-01
   3.45519853e+02   3.62354606e-01
   3.45520342e+02   3.22111905e-01
   3.45520830e+02   3.04106474e-01
   3.45521318e+02   2.91658103e-01
   3.45521806e+02   3.02544206e-01
   3.45522295e+02   2.75726050e-01
   3.45522783e+02   2.83319771e-01
   3.45523271e+02   3.21329385e-01
   3.45523760e+02   6.26629233e-01
   3.45524248e+02   6.22375607e-01
   3.45524736e+02   5.98472893e-01
   3.45525225e+02   5.83913505e-01
   3.45525713e+02   5.66692114e-01
   3.45526201e+02   5.44754982e-01
   3.45526690e+02   5.20352066e-01
   3.45527178e+02   4.93858159e-01
   3.45527666e+02   4.64445621e-01
   3.45528155e+02   4.33191031e-01
   3.45528643e+02   3.96850765e-01
   3.45529131e+02   3.56757522e-01
   3.45529619e+02   3.14610898e-01
   3.45530108e+02   2.75549918e-01
   3.45530596e+02   2.44822383e-01
   3.45531084e+02   2.09296241e-01
   3.45531573e+02   1.81594521e-01
   3.45532061e+02   1.58244058e-01
   3.45532549e+02   1.38318315e-01
   3.45533038e+02   1.20138109e-01
   3.45533526e+02   1.04505517e-01
   3.45534014e+02   9.17468071e-02
   3.45534503e+02   7.93334171e-02
   3.45534991e+02   6.96045458e-02
   3.45535479e+02   6.04300275e-02
   3.45535967e+02   4.84982021e-02
   3.45536456e+02   4.01049405e-02
   3.45536944e+02   3.62225920e-02
   3.45537432e+02   3.26499529e-02
   3.45537921e+02   2.81622037e-02
   3.45538409e+02   2.55765766e-02
   3.45538897e+02   2.19789129e-02
   3.45539386e+02   1.65509973e-02
   3.45539874e+02   1.47273913e-02
   3.45540362e+02   1.36701576e-02
   3.45540851e+02   1.06636519e-02
   3.45541339e+02   9.19445790e-03
   3.45541827e+02   9.47463512e-03
   3.45542315e+02   1.01935072e-02
   3.45542804e+02   9.59395990e-03
   3.45543292e+02   6.86630420e-03
   3.45543780e+02   5.29584847e-03
   3.45544269e+02   4.75179404e-03
   3.45544757e+02   3.09971045e-03
   3.45545245e+02   2.91681429e-03
   3.45545734e+02   4.24103439e-03
   3.45546222e+02   4.76111611e-03
   3.45546710e+02   5.37630962e-03
   3.45547199e+02   6.18074462e-03
   3.45547687e+02   5.17308293e-03
   3.45548175e+02   3.93167976e-03
   3.45548663e+02   4.21964983e-03
   3.45549152e+02   2.53880885e-03
   3.45549640e+02  -1.08060623e-04
   3.45550128e+02   5.68269985e-04
   3.45550617e+02   3.10459221e-03
   3.45551105e+02   2.42090435e-03
   3.45551593e+02   3.67773726e-04
   3.45552082e+02   1.16532540e-03
   3.45552570e+02   1.40526937e-03
   3.45553058e+02   4.97954097e-05
   3.45553547e+02  -1.24985143e-03
   3.45554035e+02  -4.91659099e-04
   3.45554523e+02   1.67989731e-03
   3.45555011e+02   2.50770268e-03
   3.45555500e+02   2.29186914e-03
   3.45555988e+02   8.48962518e-04
   3.45556476e+02  -1.10088768e-05
   3.45556965e+02   5.09109348e-04
   3.45557453e+02  -7.16943061e-04
   3.45557941e+02  -2.09088204e-03
   3.45558430e+02   2.92075973e-04
   3.45558918e+02   3.51065258e-03
   3.45559406e+02   3.32887936e-03
   3.45559895e+02   2.82445899e-03
   3.45560383e+02   3.87114217e-03
   3.45560871e+02   3.15386360e-03
   3.45561359e+02  -2.38566019e-04
   3.45561848e+02  -2.99259508e-03
   3.45562336e+02  -3.51043022e-03
   3.45562824e+02  -2.88374675e-03
   3.45563313e+02  -5.84637339e-04
   3.45563801e+02  -1.00108453e-04
   3.45564289e+02  -1.71536137e-03
   3.45564778e+02  -1.13373471e-03
   3.45565266e+02  -1.21351623e-03
   3.45565754e+02  -3.36158951e-03
   3.45566243e+02  -3.49650416e-03
   3.45566731e+02  -1.53121527e-03
   3.45567219e+02  -3.92808251e-05
   3.45567708e+02  -1.71963751e-04
   3.45568196e+02   6.36291690e-04
   3.45568684e+02   2.27254676e-03
   3.45569172e+02   2.13259482e-03
   3.45569661e+02   1.13657094e-03
   3.45570149e+02   1.20317214e-03
   3.45570637e+02   8.90783907e-04
   3.45571126e+02  -7.66632147e-04
   3.45571614e+02  -4.50558640e-04
   3.45572102e+02   2.18320894e-03
   3.45572591e+02   2.01572548e-03
   3.45573079e+02  -7.27080915e-04
   3.45573567e+02  -1.31021847e-03
   3.45574056e+02  -9.53329611e-04
   3.45574544e+02  -2.36411346e-03
   3.45575032e+02  -3.42578976e-03
   3.45575520e+02  -3.31963412e-03
   3.45576009e+02  -2.69214995e-03
   3.45576497e+02  -5.42439346e-04
   3.45576985e+02   1.22509361e-03
   3.45577474e+02   1.23376271e-03
   3.45577962e+02   2.69210694e-04
   3.45578450e+02  -6.64035906e-04
   3.45578939e+02  -1.01332611e-03
   3.45579427e+02   2.06147015e-04
   3.45579915e+02   1.67525467e-03
   3.45580404e+02   1.56209210e-03
   3.45580892e+02   5.60043904e-04
   3.45581380e+02   1.02040626e-03
   3.45581868e+02   1.63358182e-03
   3.45582357e+02   3.10388248e-04
   3.45582845e+02  -7.18907977e-04
   3.45583333e+02  -9.97497933e-04
   3.45583822e+02  -2.30739010e-03
   3.45584310e+02  -3.03465431e-03
   3.45584798e+02  -1.03795365e-03
   3.45585287e+02   7.40639283e-04
   3.45585775e+02   2.16310436e-04
   3.45586263e+02  -3.38414364e-04
   3.45586752e+02  -1.75617624e-03
   3.45587240e+02  -3.59386625e-03
   3.45587728e+02  -2.57637887e-03
   3.45588216e+02  -1.01915165e-03
   3.45588705e+02  -1.68472168e-03
   3.45589193e+02  -2.11182283e-03
   3.45589681e+02  -8.58809974e-04
   3.45590170e+02  -2.61159494e-05
   3.45590658e+02  -1.21491565e-03
   3.45591146e+02  -2.03909981e-03
   3.45591635e+02  -6.88195112e-04
   3.45592123e+02   1.29335327e-03
   3.45592611e+02   3.04136681e-03
   3.45593100e+02   1.53631612e-03
   3.45593588e+02  -1.27571111e-03
   3.45594076e+02  -9.57963348e-04
   3.45594564e+02   1.37643691e-03
   3.45595053e+02   2.23247521e-03
   3.45595541e+02   1.41450914e-03
   3.45596029e+02  -2.26576685e-05
   3.45596518e+02  -6.76746015e-04
   3.45597006e+02  -1.78431845e-04
   3.45597494e+02  -1.05367636e-03
   3.45597983e+02  -3.55231017e-03
   3.45598471e+02  -2.66494858e-03
   3.45598959e+02   2.80816785e-05
   3.45599448e+02  -8.91287578e-04
   3.45599936e+02  -2.04128330e-03
   3.45600424e+02  -3.00551811e-03
   3.45600912e+02  -4.09979327e-03
   3.45601401e+02  -2.68611219e-03
   3.45601889e+02   1.30457440e-04
   3.45602377e+02   1.41209539e-03
   3.45602866e+02   5.71857672e-04
   3.45603354e+02   1.27764849e-03
   3.45603842e+02   2.48631416e-03
   3.45604331e+02   1.99751230e-03
   3.45604819e+02   6.06301881e-04
   3.45605307e+02  -1.43218273e-03
   3.45605796e+02  -1.39622821e-03
   3.45606284e+02   2.60866538e-04
   3.45606772e+02   6.15141646e-04
   3.45607261e+02   2.13186417e-04
   3.45607749e+02  -2.34660678e-04
   3.45608237e+02  -9.29725531e-04
   3.45608725e+02  -1.03377586e-03
   3.45609214e+02   2.46070384e-04
   3.45609702e+02   1.44796527e-03
   3.45610190e+02   2.78432830e-03
   3.45610679e+02   2.77523533e-03
   3.45611167e+02   1.00306456e-03
   3.45611655e+02   1.46271090e-03
   3.45612144e+02   2.83337152e-03
   3.45612632e+02   1.60007540e-03
   3.45613120e+02  -8.83157132e-04
   3.45613609e+02  -1.52889348e-03
   3.45614097e+02  -4.50387830e-04
   3.45614585e+02   1.87253914e-04
   3.45615073e+02   1.34939363e-03
   3.45615562e+02   2.15583597e-03
   3.45616050e+02   1.12117990e-03
   3.45616538e+02  -3.10167117e-04
   3.45617027e+02  -1.50598690e-03
   3.45617515e+02  -6.06822548e-04
   3.45618003e+02   9.35347285e-04
   3.45618492e+02   1.48252104e-04
   3.45618980e+02  -1.49141543e-03
   3.45619468e+02  -1.97996921e-03
   3.45619957e+02  -1.48562843e-03
   3.45620445e+02   2.10282506e-05
   3.45620933e+02   7.81573122e-04
   3.45621421e+02  -1.38684904e-04
   3.45621910e+02   3.87157488e-04
   3.45622398e+02   1.23374700e-03
   3.45622886e+02  -1.09779001e-04
   3.45623375e+02  -1.51503400e-03
   3.45623863e+02  -1.84183184e-03
   3.45624351e+02  -1.49395305e-03
   3.45624840e+02  -5.04515832e-04
   3.45625328e+02   8.33179220e-04
   3.45625816e+02   1.16288685e-03
   3.45626305e+02  -7.95625732e-04
   3.45626793e+02  -1.69902702e-03
   3.45627281e+02  -1.58059748e-03
   3.45627769e+02  -1.24763104e-03
   3.45628258e+02   4.01971978e-04
   3.45628746e+02   1.87727343e-03
   3.45629234e+02   1.75423082e-03
   3.45629723e+02   5.07330056e-04
   3.45630211e+02  -4.29415115e-04
   3.45630699e+02  -7.83903699e-04
   3.45631188e+02  -1.03171903e-03
   3.45631676e+02  -2.04468233e-04
   3.45632164e+02   2.69715977e-03
   3.45632653e+02   5.04381396e-03
   3.45633141e+02   3.07009928e-03
   3.45633629e+02  -2.79775704e-04
   3.45634117e+02   3.11783311e-04
   3.45634606e+02   2.39417935e-03
   3.45635094e+02   3.40894889e-03
   3.45635582e+02   3.51186818e-03
   3.45636071e+02   2.95766536e-03
   3.45636559e+02   1.89766940e-03
   3.45637047e+02   5.87660179e-04
   3.45637536e+02   1.49716216e-04
   3.45638024e+02   1.77946233e-03
   3.45638512e+02   2.85837101e-03
   3.45639001e+02   2.53171148e-03
   3.45639489e+02   2.33363407e-03
   3.45639977e+02   2.24333908e-03
   3.45640465e+02   2.01377948e-03
   3.45640954e+02  -9.46201453e-06
   3.45641442e+02  -2.55405367e-03
   3.45641930e+02  -1.76604406e-03
   3.45642419e+02   7.26754719e-04
   3.45642907e+02   3.51443351e-03
   3.45643395e+02   3.74166318e-03
   3.45643884e+02   1.45386474e-03
   3.45644372e+02  -7.45935657e-04
   3.45644860e+02  -2.74729566e-03
   3.45645349e+02  -2.58312421e-03
   3.45645837e+02   1.24988123e-03
   3.45646325e+02   4.40569501e-03
   3.45646814e+02   5.32540586e-03
   3.45647302e+02   3.76986293e-03
   3.45647790e+02   1.05141429e-03
   3.45648278e+02   8.87766306e-04
   3.45648767e+02  -2.05527904e-05
   3.45649255e+02   1.60785294e-05
   3.45649743e+02  -3.64611682e-04
   3.45650232e+02   4.53057401e-05
   3.45650720e+02   8.35462299e-04
   3.45651208e+02  -2.71712168e-04
   3.45651697e+02  -1.83832122e-03
   3.45652185e+02  -1.57047343e-03
   3.45652673e+02  -1.56733411e-04
   3.45653162e+02  -5.06775141e-05
   3.45653650e+02  -1.43191474e-03
   3.45654138e+02  -2.06591445e-03
   3.45654626e+02  -1.51506357e-03
   3.45655115e+02  -9.35652497e-05
   3.45655603e+02  -1.05218518e-04
   3.45656091e+02  -6.48962974e-04
   3.45656580e+02   7.89508515e-04
   3.45657068e+02   8.09061166e-04
   3.45657556e+02   6.74137555e-04
   3.45658045e+02   2.17246148e-03
   3.45658533e+02   1.71062420e-03
   3.45659021e+02   8.83968372e-04
   3.45659510e+02   2.37039989e-03
   3.45659998e+02   2.34364206e-03
   3.45660486e+02   6.53855022e-05
   3.45660974e+02  -8.55234626e-04
   3.45661463e+02  -7.58873357e-04
   3.45661951e+02  -7.90086167e-04
   3.45662439e+02  -5.65404946e-04
   3.45662928e+02  -1.70677686e-05
   3.45663416e+02  -1.16921146e-03
   3.45663904e+02  -2.01452407e-03
   3.45664393e+02  -8.13443447e-04
   3.45664881e+02  -8.38976048e-05
   3.45665369e+02   2.52496829e-04
   3.45665858e+02   1.40562758e-03
   3.45666346e+02   4.22903948e-04
   3.45666834e+02  -3.01196077e-03
   3.45667322e+02  -4.57653496e-03
   3.45667811e+02  -2.82000168e-03
   3.45668299e+02  -1.75656693e-03
   3.45668787e+02  -1.11204910e-03
   3.45669276e+02   1.06334710e-03
   3.45669764e+02   1.80928526e-03
   3.45670252e+02   1.26430183e-03
   3.45670741e+02   1.94670667e-03
   3.45671229e+02   2.84613343e-03
   3.45671717e+02   1.99018908e-03
   3.45672206e+02  -1.27799707e-04
   3.45672694e+02  -1.73921895e-03
   3.45673182e+02  -2.18484760e-03
   3.45673670e+02  -2.17348570e-03
   3.45674159e+02  -2.41056411e-03
   3.45674647e+02  -3.23631964e-03
   3.45675135e+02  -2.19316757e-03
   3.45675624e+02  -5.75573940e-04
   3.45676112e+02  -5.65035793e-04
   3.45676600e+02  -9.51157825e-04
   3.45677089e+02  -1.36109290e-03
   3.45677577e+02  -3.26068584e-05
   3.45678065e+02   2.51214672e-03
   3.45678554e+02   1.29255082e-03
   3.45679042e+02  -1.78848312e-03
   3.45679530e+02  -2.96769384e-03
   3.45680018e+02  -2.36703642e-03
   3.45680507e+02  -1.38649112e-03
   3.45680995e+02  -1.02633983e-03
   3.45681483e+02  -1.40098529e-03
   3.45681972e+02  -2.74228211e-03
   3.45682460e+02  -3.00622499e-03
   3.45682948e+02  -1.89249578e-03
   3.45683437e+02  -1.95886008e-03
   3.45683925e+02  -2.02940847e-03
   3.45684413e+02  -6.36461133e-04
   3.45684902e+02  -5.68642397e-04
   3.45685390e+02  -7.12955196e-04
   3.45685878e+02  -6.09037059e-04
   3.45686367e+02  -6.32239331e-04
   3.45686855e+02  -9.16978242e-05
   3.45687343e+02   7.05001934e-04
   3.45687831e+02   1.98099460e-03
   3.45688320e+02   1.61931012e-03
   3.45688808e+02   3.65551299e-04
   3.45689296e+02   1.36156951e-03
   3.45689785e+02   3.55937751e-03
   3.45690273e+02   3.12794326e-03
   3.45690761e+02   1.96303372e-04
   3.45691250e+02  -4.83775744e-04
   3.45691738e+02   6.97730458e-04
   3.45692226e+02   1.00137421e-03
   3.45692715e+02  -4.40767646e-04
   3.45693203e+02  -2.18884367e-03
   3.45693691e+02  -1.35690114e-03
   3.45694179e+02   1.06865820e-03
   3.45694668e+02   1.19810819e-03
   3.45695156e+02  -2.19431589e-04
   3.45695644e+02  -2.12400057e-03
   3.45696133e+02  -3.60898278e-03
   3.45696621e+02  -5.47747174e-03
   3.45697109e+02  -6.47003530e-03
   3.45697598e+02  -3.22044455e-03
   3.45698086e+02   1.45953195e-03
   3.45698574e+02   9.01343010e-04
   3.45699063e+02  -2.42329435e-03
   3.45699551e+02  -2.46090419e-03
   3.45700039e+02  -1.12134381e-03
   3.45700527e+02  -4.25071456e-04
   3.45701016e+02  -9.34903452e-04
   3.45701504e+02  -1.87787716e-03
   3.45701992e+02  -7.60894734e-04
   3.45702481e+02   3.57898127e-04
   3.45702969e+02   1.22926984e-04
   3.45703457e+02  -4.57306334e-04
   3.45703946e+02  -9.20563762e-04
   3.45704434e+02  -1.47331599e-03
   3.45704922e+02  -7.11051340e-04
   3.45705411e+02   7.78032991e-05
   3.45705899e+02  -7.89611135e-04
   3.45706387e+02  -6.70011097e-04
   3.45706875e+02  -2.63780891e-03
   3.45707364e+02  -4.45191050e-03
   3.45707852e+02  -3.87322647e-03
   3.45708340e+02  -2.13896576e-03
   3.45708829e+02   3.84201558e-04
   3.45709317e+02   1.64605782e-03
   3.45709805e+02   2.06164943e-04
   3.45710294e+02  -1.49263174e-03
   3.45710782e+02  -1.68673613e-03
   3.45711270e+02  -8.73653858e-04
   3.45711759e+02   2.01145042e-04
   3.45712247e+02   2.23369128e-03
   3.45712735e+02   3.63614317e-03
   3.45713223e+02   1.75528333e-03
   3.45713712e+02   9.57046941e-05
   3.45714200e+02   6.36273879e-04
   3.45714688e+02   1.21366458e-04
   3.45715177e+02   8.55182530e-04
   3.45715665e+02   3.30969412e-03
   3.45716153e+02   2.29490269e-03
   3.45716642e+02  -4.72276181e-04
   3.45717130e+02  -1.66178925e-03
   3.45717618e+02  -9.99347772e-04
   3.45718107e+02   8.78805062e-04
   3.45718595e+02   1.39272225e-03
   3.45719083e+02  -3.74820287e-04
   3.45719571e+02  -9.88967717e-04
   3.45720060e+02  -3.11899530e-05
   3.45720548e+02  -2.68586038e-04
   3.45721036e+02  -3.59479280e-04
   3.45721525e+02   1.96875451e-04
   3.45722013e+02  -5.34629507e-04
   3.45722501e+02  -2.09721667e-03
   3.45722990e+02  -3.43190017e-03
   3.45723478e+02  -3.06818937e-03
   3.45723966e+02  -1.97923437e-04
   3.45724455e+02   2.32453155e-03
   3.45724943e+02   1.39761029e-03
   3.45725431e+02   1.38410205e-05
   3.45725920e+02   5.55739389e-04
   3.45726408e+02   2.84135400e-04
   3.45726896e+02  -2.71268451e-04
   3.45727384e+02   9.77035845e-04
   3.45727873e+02   9.91057721e-04
   3.45728361e+02  -2.36525011e-04
   3.45728849e+02   6.44632790e-04
   3.45729338e+02  -1.92619293e-04
   3.45729826e+02  -3.89173767e-03
   3.45730314e+02  -4.28807130e-03
   3.45730803e+02  -3.12399887e-03
   3.45731291e+02  -3.08995321e-03
   3.45731779e+02  -1.84278272e-03
   3.45732268e+02  -1.16295727e-04
   3.45732756e+02   2.96869286e-04
   3.45733244e+02  -4.54485824e-04
   3.45733732e+02  -1.49744086e-03
   3.45734221e+02  -1.53019372e-03
   3.45734709e+02  -9.80817247e-04
   3.45735197e+02  -5.88400871e-05
   3.45735686e+02   7.48001039e-04
   3.45736174e+02   1.48160267e-03
   3.45736662e+02   1.01262401e-03
   3.45737151e+02   4.73236782e-04
   3.45737639e+02   2.29418511e-04
   3.45738127e+02  -7.75838096e-04
   3.45738616e+02  -2.14922591e-03
   3.45739104e+02  -2.70569138e-03
   3.45739592e+02  -1.87815470e-03
   3.45740080e+02  -5.25803654e-04
   3.45740569e+02  -6.29717077e-04
   3.45741057e+02  -1.37535238e-03
   3.45741545e+02  -1.25090557e-03
   3.45742034e+02  -1.32309541e-03
   3.45742522e+02  -1.64203602e-03
   3.45743010e+02  -1.46403676e-03
   3.45743499e+02  -1.85758958e-03
   3.45743987e+02  -2.90398439e-03
   3.45744475e+02  -3.78112681e-03
   3.45744964e+02  -3.05771735e-03
   3.45745452e+02  -1.29907671e-03
   3.45745940e+02  -1.68848352e-03
   3.45746428e+02  -2.90883239e-03
   3.45746917e+02  -1.76611543e-03
   3.45747405e+02  -9.48876259e-04
   3.45747893e+02  -1.57725450e-03
   3.45748382e+02   5.23387047e-04
   3.45748870e+02   3.03579564e-03
   3.45749358e+02   5.88594412e-04
   3.45749847e+02  -2.18781596e-03
   3.45750335e+02  -2.60028057e-03
   3.45750823e+02  -3.11470707e-03
   3.45751312e+02  -3.67173762e-03
   3.45751800e+02  -3.77324992e-03
   3.45752288e+02  -2.38846359e-03
   3.45752776e+02  -3.55537690e-04
   3.45753265e+02  -1.79521542e-03
   3.45753753e+02  -3.76916933e-03
   3.45754241e+02  -2.25764350e-03
   3.45754730e+02  -9.51919646e-04
   3.45755218e+02  -2.86614784e-04
   3.45755706e+02   9.79859848e-04
   3.45756195e+02   9.32345400e-04
   3.45756683e+02   2.42596740e-04
   3.45757171e+02   4.19998920e-04
   3.45757660e+02   2.62285146e-04
   3.45758148e+02   1.57323724e-03
   3.45758636e+02   3.85486078e-03
   3.45759124e+02   3.30520957e-03
   3.45759613e+02   1.52139241e-04
   3.45760101e+02  -2.28369399e-03
   3.45760589e+02  -2.80026137e-03
   3.45761078e+02  -3.00813536e-03
   3.45761566e+02  -2.12095189e-03
   3.45762054e+02   1.19257183e-03
   3.45762543e+02   2.36079143e-03
   3.45763031e+02   5.75213751e-04
   3.45763519e+02   7.91821221e-05
   3.45764008e+02   4.85698984e-04
   3.45764496e+02  -4.08971391e-05
   3.45764984e+02  -4.21336881e-04
   3.45765473e+02  -1.42766687e-03
   3.45765961e+02  -1.22470001e-03
   3.45766449e+02  -1.71167601e-03
   3.45766937e+02  -3.31810652e-03
   3.45767426e+02  -2.67678034e-03
   3.45767914e+02   2.62055895e-03
   3.45768402e+02   4.52539185e-03
   3.45768891e+02  -5.67295065e-05
   3.45769379e+02  -2.09753215e-03
   3.45769867e+02   7.95644592e-05
   3.45770356e+02   3.59332422e-04
   3.45770844e+02  -1.85425219e-03
   3.45771332e+02  -2.64845858e-03
   3.45771821e+02  -1.43506040e-03
   3.45772309e+02  -4.10691893e-04
   3.45772797e+02   1.12082239e-03
   3.45773285e+02   1.39754277e-03
   3.45773774e+02  -1.06194452e-03
   3.45774262e+02  -1.70059619e-03
   3.45774750e+02  -1.16955687e-03
   3.45775239e+02  -2.55611353e-03
   3.45775727e+02  -1.99659471e-03
   3.45776215e+02   9.60403995e-04
   3.45776704e+02   8.46082519e-04
   3.45777192e+02   3.04818328e-04
   3.45777680e+02   3.85306776e-03
   3.45778169e+02   4.32064338e-03
   3.45778657e+02   2.37485813e-03
   3.45779145e+02   2.79536750e-03
   3.45779633e+02   2.57295510e-03
   3.45780122e+02   1.36130548e-03
   3.45780610e+02   6.22923137e-04
   3.45781098e+02   1.50329701e-03
   3.45781587e+02   2.66677444e-03
   3.45782075e+02   1.26957963e-03
   3.45782563e+02   6.12154836e-04
   3.45783052e+02   1.33172784e-03
   3.45783540e+02   3.25509085e-04
   3.45784028e+02  -8.32054415e-04
   3.45784517e+02  -1.24205381e-03
   3.45785005e+02  -2.48464639e-03
   3.45785493e+02  -2.55888607e-03
   3.45785981e+02  -1.47251732e-04
   3.45786470e+02  -2.48407188e-04
   3.45786958e+02  -2.11400469e-03
   3.45787446e+02  -2.15830584e-03
   3.45787935e+02  -5.00379829e-04
   3.45788423e+02   1.27607316e-03
   3.45788911e+02   2.05072621e-03
   3.45789400e+02   2.31258594e-03
   3.45789888e+02   1.97520107e-03
   3.45790376e+02   5.34016406e-04
   3.45790865e+02  -1.39095995e-04
   3.45791353e+02  -8.54264945e-04
   3.45791841e+02  -1.21938344e-03
   3.45792329e+02  -7.08447245e-04
   3.45792818e+02  -3.95118725e-04
   3.45793306e+02  -2.05281205e-04
   3.45793794e+02   1.70441600e-03
   3.45794283e+02   3.82501422e-03
   3.45794771e+02   3.56857129e-03
   3.45795259e+02   1.85336312e-03
   3.45795748e+02   1.04445918e-03
   3.45796236e+02   1.04710110e-03
   3.45796724e+02  -7.60972442e-04
   3.45797213e+02  -2.11643451e-03
   3.45797701e+02  -1.11046305e-03
   3.45798189e+02  -1.17486797e-03
   3.45798677e+02  -9.33407980e-04
   3.45799166e+02   1.09675259e-03
   3.45799654e+02   2.34801834e-03
   3.45800142e+02   7.45139492e-04
   3.45800631e+02  -6.81126607e-04
   3.45801119e+02  -1.68516606e-04
   3.45801607e+02  -4.68118611e-04
   3.45802096e+02  -1.46066153e-03
   3.45802584e+02  -3.58386245e-03
   3.45803072e+02  -4.78855101e-03
   3.45803561e+02  -3.15563660e-03
   3.45804049e+02  -1.54924276e-03
   3.45804537e+02  -1.20248122e-03
   3.45805026e+02  -1.57074560e-03
   3.45805514e+02  -1.74177578e-03
   3.45806002e+02  -7.31200736e-04
   3.45806490e+02  -1.07473240e-03
   3.45806979e+02  -1.51310314e-03
   3.45807467e+02   7.28039187e-04
   3.45807955e+02   2.91951466e-03
   3.45808444e+02   2.87395180e-03
   3.45808932e+02   8.99706443e-04
   3.45809420e+02  -2.25566421e-03
   3.45809909e+02  -4.03092522e-03
   3.45810397e+02  -4.39106161e-03
   3.45810885e+02  -4.94884653e-03
   3.45811374e+02  -3.50039778e-03
   3.45811862e+02  -6.73506351e-04
   3.45812350e+02   4.66750993e-04
   3.45812838e+02  -3.51858216e-05
   3.45813327e+02   6.04881265e-04
   3.45813815e+02   1.55734224e-03
   3.45814303e+02   7.22593744e-04
   3.45814792e+02  -9.45946958e-04
   3.45815280e+02  -1.89791014e-03
   3.45815768e+02  -3.23508546e-04
   3.45816257e+02   8.73234647e-04
   3.45816745e+02  -1.11904647e-03
   3.45817233e+02  -1.99967553e-03
   3.45817722e+02  -6.61993865e-04
   3.45818210e+02  -3.77527380e-04
   3.45818698e+02  -1.76118512e-03
   3.45819186e+02  -3.40282731e-03
   3.45819675e+02  -2.26080744e-03
   3.45820163e+02   3.59770085e-04
   3.45820651e+02  -5.72772464e-04
   3.45821140e+02  -2.35245796e-03
   3.45821628e+02  -1.90058351e-03
   3.45822116e+02  -1.33586512e-03
   3.45822605e+02  -5.06420969e-04
