frequency (GHz), flux (Jy/beam)
   3.44020461e+02   9.54242481e-04
   3.44020949e+02   1.05432991e-03
   3.44021438e+02  -5.58473112e-04
   3.44021926e+02  -2.23684288e-03
   3.44022414e+02  -3.29634477e-03
   3.44022903e+02  -3.06055532e-03
   3.44023391e+02  -1.73428666e-03
   3.44023879e+02  -3.68788838e-04
   3.44024367e+02   1.18758355e-03
   3.44024856e+02   1.63831597e-03
   3.44025344e+02   1.06767786e-03
   3.44025832e+02   2.76669802e-04
   3.44026321e+02  -3.12421646e-04
   3.44026809e+02  -1.49103871e-04
   3.44027297e+02  -1.59488933e-04
   3.44027786e+02  -9.28637106e-04
   3.44028274e+02  -7.73405714e-04
   3.44028762e+02   4.16133727e-04
   3.44029251e+02   1.02940062e-03
   3.44029739e+02   8.81363405e-04
   3.44030227e+02  -1.35927447e-04
   3.44030716e+02  -1.28635217e-03
   3.44031204e+02  -4.54232155e-04
   3.44031692e+02   7.77713605e-04
   3.44032181e+02   7.08096719e-04
   3.44032669e+02   3.58219288e-04
   3.44033157e+02  -8.36003339e-04
   3.44033646e+02  -2.35126773e-03
   3.44034134e+02  -2.49765581e-03
   3.44034622e+02  -1.18566945e-03
   3.44035110e+02   1.41837416e-04
   3.44035599e+02  -5.34304527e-05
   3.44036087e+02  -6.81403792e-04
   3.44036575e+02  -7.98652763e-04
   3.44037064e+02  -1.62394554e-03
   3.44037552e+02  -2.32882053e-03
   3.44038040e+02  -2.11562356e-03
   3.44038529e+02  -2.18602316e-03
   3.44039017e+02  -2.06319545e-03
   3.44039505e+02  -1.21010595e-03
   3.44039994e+02  -2.22945033e-04
   3.44040482e+02   6.10327115e-04
   3.44040970e+02   2.93243531e-04
   3.44041459e+02  -2.92380311e-04
   3.44041947e+02   1.46568040e-04
   3.44042435e+02  -2.77283943e-05
   3.44042924e+02  -8.47286137e-04
   3.44043412e+02  -7.90669990e-04
   3.44043900e+02   1.15194009e-04
   3.44044389e+02   1.37100928e-03
   3.44044877e+02   2.09680293e-03
   3.44045365e+02   1.52724574e-03
   3.44045853e+02   1.04659365e-03
   3.44046342e+02   1.20016071e-03
   3.44046830e+02   9.01251857e-04
   3.44047318e+02   6.90054847e-04
   3.44047807e+02   6.45073305e-04
   3.44048295e+02   2.06063894e-04
   3.44048783e+02   3.50145448e-04
   3.44049272e+02   8.19665438e-04
   3.44049760e+02  -2.29158104e-05
   3.44050248e+02  -1.85482291e-04
   3.44050737e+02   1.67299004e-03
   3.44051225e+02   2.15626811e-03
   3.44051713e+02   7.58098264e-04
   3.44052202e+02  -5.23583032e-04
   3.44052690e+02  -3.31996504e-04
   3.44053178e+02   4.75640962e-04
   3.44053667e+02  -5.53703925e-04
   3.44054155e+02  -1.45741948e-03
   3.44054643e+02  -3.85958410e-04
   3.44055132e+02   2.47577700e-04
   3.44055620e+02  -2.36747292e-04
   3.44056108e+02  -2.44582596e-04
   3.44056597e+02   4.70550876e-04
   3.44057085e+02   1.02596369e-03
   3.44057573e+02   1.17935194e-03
   3.44058061e+02   4.40807926e-04
   3.44058550e+02  -6.78532349e-04
   3.44059038e+02  -9.12792399e-04
   3.44059526e+02  -3.87953914e-04
   3.44060015e+02   5.27507102e-04
   3.44060503e+02   7.39690382e-04
   3.44060991e+02  -6.72828988e-04
   3.44061480e+02  -1.96284894e-03
   3.44061968e+02  -2.20388663e-03
   3.44062456e+02  -1.94052979e-03
   3.44062945e+02  -1.45030813e-03
   3.44063433e+02  -1.05796976e-03
   3.44063921e+02  -1.29774533e-04
   3.44064410e+02   8.39815941e-04
   3.44064898e+02   1.15545328e-04
   3.44065386e+02  -9.28028137e-04
   3.44065875e+02  -5.62822737e-04
   3.44066363e+02   6.34893076e-04
   3.44066851e+02   1.51373097e-03
   3.44067340e+02   1.36540481e-03
   3.44067828e+02   1.03967881e-03
   3.44068316e+02   4.61279298e-04
   3.44068804e+02  -9.45181237e-04
   3.44069293e+02  -1.35465723e-03
   3.44069781e+02  -4.83180716e-04
   3.44070269e+02   2.31172526e-05
   3.44070758e+02   6.18557679e-05
   3.44071246e+02   5.24677220e-04
   3.44071734e+02   8.87305127e-04
   3.44072223e+02   4.29887499e-04
   3.44072711e+02   3.72188661e-04
   3.44073199e+02   4.30370681e-04
   3.44073688e+02  -4.32770212e-05
   3.44074176e+02   1.54561887e-04
   3.44074664e+02   7.13188841e-04
   3.44075153e+02   1.10161421e-03
   3.44075641e+02   9.18649253e-04
   3.44076129e+02  -4.65376943e-05
   3.44076618e+02  -5.79513435e-04
   3.44077106e+02  -1.64581914e-04
   3.44077594e+02   4.31499735e-04
   3.44078083e+02   7.94398831e-04
   3.44078571e+02   9.28704743e-04
   3.44079059e+02   8.53773148e-04
   3.44079548e+02  -3.44278000e-04
   3.44080036e+02  -2.08475930e-03
   3.44080524e+02  -2.48790043e-03
   3.44081012e+02  -1.79506722e-03
   3.44081501e+02  -1.29318016e-03
   3.44081989e+02  -9.17226076e-04
   3.44082477e+02  -7.08953885e-04
   3.44082966e+02  -8.48962460e-04
   3.44083454e+02  -9.88477375e-04
   3.44083942e+02  -1.19095505e-03
   3.44084431e+02  -1.70973234e-03
   3.44084919e+02  -1.87465677e-03
   3.44085407e+02  -9.05710098e-04
   3.44085896e+02   2.22208255e-04
   3.44086384e+02   9.98427160e-04
   3.44086872e+02   1.26532826e-03
   3.44087361e+02   1.24457874e-04
   3.44087849e+02  -4.27167863e-04
   3.44088337e+02   7.62046722e-04
   3.44088826e+02   1.85890018e-03
   3.44089314e+02   2.16007908e-03
   3.44089802e+02   1.90291449e-03
   3.44090291e+02   1.04198139e-03
   3.44090779e+02   2.66256247e-04
   3.44091267e+02   2.61261855e-04
   3.44091755e+02   5.47044037e-04
   3.44092244e+02   8.96935002e-04
   3.44092732e+02   1.67621800e-03
   3.44093220e+02   2.64545204e-03
   3.44093709e+02   2.80219712e-03
   3.44094197e+02   2.08682753e-03
   3.44094685e+02   8.69853888e-04
   3.44095174e+02  -1.71600113e-04
   3.44095662e+02  -4.93692060e-04
   3.44096150e+02  -4.24912287e-04
   3.44096639e+02  -3.07265087e-04
   3.44097127e+02  -1.68686078e-04
   3.44097615e+02  -1.20968716e-05
   3.44098104e+02  -2.97362800e-04
   3.44098592e+02  -3.17728001e-04
   3.44099080e+02   6.21064217e-04
   3.44099569e+02   1.45980692e-03
   3.44100057e+02   1.03458401e-03
   3.44100545e+02   3.64785461e-04
   3.44101034e+02  -3.38100585e-06
   3.44101522e+02  -8.07325298e-04
   3.44102010e+02  -1.39021745e-03
   3.44102498e+02  -7.32142944e-04
   3.44102987e+02  -2.28715711e-04
   3.44103475e+02  -1.01434020e-03
   3.44103963e+02  -1.81268365e-03
   3.44104452e+02  -1.15043717e-03
   3.44104940e+02   9.08267102e-04
   3.44105428e+02   2.69014528e-03
   3.44105917e+02   2.85830046e-03
   3.44106405e+02   2.38481141e-03
   3.44106893e+02   1.42697082e-03
   3.44107382e+02   8.44273236e-05
   3.44107870e+02   7.12857145e-05
   3.44108358e+02   4.66804777e-04
   3.44108847e+02  -5.83094254e-04
   3.44109335e+02  -1.78063510e-03
   3.44109823e+02  -1.41557213e-03
   3.44110312e+02   3.69658985e-04
   3.44110800e+02   9.21927684e-04
   3.44111288e+02  -9.12126270e-04
   3.44111777e+02  -2.49571819e-03
   3.44112265e+02  -2.08013132e-03
   3.44112753e+02  -1.05625624e-03
   3.44113242e+02  -5.03613963e-04
   3.44113730e+02   2.81595945e-04
   3.44114218e+02   4.47827217e-04
   3.44114706e+02  -5.66158502e-04
   3.44115195e+02  -3.27066053e-04
   3.44115683e+02   9.75185190e-04
   3.44116171e+02   9.51143971e-04
   3.44116660e+02   5.38290515e-05
   3.44117148e+02  -5.42649417e-04
   3.44117636e+02  -1.10979623e-03
   3.44118125e+02  -1.79033843e-03
   3.44118613e+02  -1.93770276e-03
   3.44119101e+02  -9.48917062e-04
   3.44119590e+02   6.62039034e-04
   3.44120078e+02   1.88215915e-03
   3.44120566e+02   2.95111188e-03
   3.44121055e+02   3.57223209e-03
   3.44121543e+02   2.76021427e-03
   3.44122031e+02   1.34533516e-03
   3.44122520e+02   1.49816193e-03
   3.44123008e+02   3.53128929e-03
   3.44123496e+02   5.34130121e-03
   3.44123985e+02   5.06910821e-03
   3.44124473e+02   4.43384098e-03
   3.44124961e+02   5.23354160e-03
   3.44125449e+02   5.50939143e-03
   3.44125938e+02   3.28174257e-03
   3.44126426e+02  -4.59491494e-05
   3.44126914e+02  -1.05421676e-03
   3.44127403e+02  -3.41182924e-04
   3.44127891e+02  -7.37935188e-04
   3.44128379e+02  -1.06027722e-03
   3.44128868e+02  -2.96359765e-04
   3.44129356e+02   2.81693385e-04
   3.44129844e+02   2.25426033e-04
   3.44130333e+02  -3.41869527e-05
   3.44130821e+02  -1.97276950e-05
   3.44131309e+02   3.71731549e-05
   3.44131798e+02  -2.22357030e-05
   3.44132286e+02   2.01017741e-04
   3.44132774e+02   7.23483972e-05
   3.44133263e+02  -9.37928970e-04
   3.44133751e+02  -1.97614031e-03
   3.44134239e+02  -2.09671422e-03
   3.44134728e+02  -1.13005762e-03
   3.44135216e+02   1.98051392e-04
   3.44135704e+02   1.33473193e-03
   3.44136192e+02   1.85241643e-03
   3.44136681e+02   1.00022473e-03
   3.44137169e+02  -6.37000427e-04
   3.44137657e+02  -1.40736566e-03
   3.44138146e+02  -1.14823075e-03
   3.44138634e+02  -1.04042923e-03
   3.44139122e+02  -1.07153482e-03
   3.44139611e+02  -7.51643733e-04
   3.44140099e+02  -4.90817707e-04
   3.44140587e+02  -2.70298449e-04
   3.44141076e+02   5.19118214e-04
   3.44141564e+02   1.21613126e-03
   3.44142052e+02   1.34687824e-03
   3.44142541e+02   4.49341518e-04
   3.44143029e+02  -1.16661587e-03
   3.44143517e+02  -1.01190619e-03
   3.44144006e+02   5.70005970e-04
   3.44144494e+02   1.02709432e-03
   3.44144982e+02   1.09177628e-04
   3.44145471e+02  -1.10195298e-03
   3.44145959e+02  -1.37448194e-03
   3.44146447e+02  -7.36417074e-04
   3.44146936e+02  -1.83920842e-04
   3.44147424e+02   1.97068090e-04
   3.44147912e+02   6.86315354e-04
   3.44148400e+02   7.77177862e-04
   3.44148889e+02   2.82944617e-04
   3.44149377e+02   1.15472532e-03
   3.44149865e+02   2.84609105e-03
   3.44150354e+02   2.26157764e-03
   3.44150842e+02  -5.92166325e-05
   3.44151330e+02  -1.76404708e-03
   3.44151819e+02  -2.33782106e-03
   3.44152307e+02  -2.59754574e-03
   3.44152795e+02  -2.59516598e-03
   3.44153284e+02  -1.36795209e-03
   3.44153772e+02   2.34647843e-04
   3.44154260e+02   1.03845858e-04
   3.44154749e+02  -1.09244871e-03
   3.44155237e+02  -1.40414585e-03
   3.44155725e+02  -8.24181712e-04
   3.44156214e+02   6.60218357e-05
   3.44156702e+02   1.24438899e-03
   3.44157190e+02   1.96196837e-03
   3.44157679e+02   1.53454638e-03
   3.44158167e+02   3.51614581e-04
   3.44158655e+02  -5.97701466e-04
   3.44159143e+02  -2.18059402e-04
   3.44159632e+02   4.99243150e-04
   3.44160120e+02   5.10545913e-04
   3.44160608e+02   5.12148428e-04
   3.44161097e+02   3.91883426e-04
   3.44161585e+02  -1.43696103e-04
   3.44162073e+02  -7.88985635e-04
   3.44162562e+02  -5.85868082e-04
   3.44163050e+02   1.64573576e-04
   3.44163538e+02  -5.82943438e-04
   3.44164027e+02  -1.20968185e-03
   3.44164515e+02  -3.91608075e-04
   3.44165003e+02  -9.50710732e-04
   3.44165492e+02  -2.24687229e-03
   3.44165980e+02  -2.01561023e-03
   3.44166468e+02  -1.17218227e-03
   3.44166957e+02  -1.28851936e-03
   3.44167445e+02  -2.14128708e-03
   3.44167933e+02  -1.80275692e-03
   3.44168422e+02  -5.26286371e-04
   3.44168910e+02   4.02072037e-04
   3.44169398e+02   8.03574512e-04
   3.44169886e+02   6.04641624e-04
   3.44170375e+02   4.48549225e-04
   3.44170863e+02   7.08301493e-04
   3.44171351e+02   1.66312512e-03
   3.44171840e+02   2.80016754e-03
   3.44172328e+02   2.50166398e-03
   3.44172816e+02   1.25280791e-03
   3.44173305e+02   9.40121594e-04
   3.44173793e+02   1.02136482e-03
   3.44174281e+02   5.14905609e-04
   3.44174770e+02   4.14786249e-04
   3.44175258e+02   8.79029278e-04
   3.44175746e+02   9.23423271e-04
   3.44176235e+02   9.49729758e-04
   3.44176723e+02   1.19985500e-03
   3.44177211e+02   1.03353441e-03
   3.44177700e+02   3.37717502e-04
   3.44178188e+02  -4.00715799e-04
   3.44178676e+02  -3.60368831e-05
   3.44179165e+02   8.35906016e-04
   3.44179653e+02   3.38728501e-06
   3.44180141e+02  -1.56521215e-03
   3.44180630e+02  -1.65092375e-03
   3.44181118e+02  -7.57877657e-04
   3.44181606e+02   3.01165594e-04
   3.44182094e+02   8.44931812e-04
   3.44182583e+02   4.77594818e-04
   3.44183071e+02   3.96665448e-04
   3.44183559e+02   5.31207188e-04
   3.44184048e+02  -4.08662861e-04
   3.44184536e+02  -1.05822808e-03
   3.44185024e+02  -5.33210841e-05
   3.44185513e+02   8.92858079e-04
   3.44186001e+02   6.65111875e-04
   3.44186489e+02   2.12591272e-04
   3.44186978e+02   7.60176117e-05
   3.44187466e+02   1.28252665e-04
   3.44187954e+02  -2.70320306e-04
   3.44188443e+02  -1.40424015e-03
   3.44188931e+02  -1.78144570e-03
   3.44189419e+02  -8.20895832e-04
   3.44189908e+02   4.21254110e-04
   3.44190396e+02   5.47573669e-04
   3.44190884e+02  -6.69493864e-04
   3.44191373e+02  -6.26393419e-04
   3.44191861e+02   1.37286691e-03
   3.44192349e+02   2.10050400e-03
   3.44192837e+02   1.09086849e-03
   3.44193326e+02   2.67224154e-04
   3.44193814e+02  -4.61346615e-04
   3.44194302e+02  -4.81981871e-04
   3.44194791e+02  -2.85633549e-04
   3.44195279e+02  -4.38269752e-04
   3.44195767e+02  -2.71655968e-04
   3.44196256e+02  -4.22350073e-04
   3.44196744e+02  -1.09208631e-03
   3.44197232e+02  -1.26119214e-03
   3.44197721e+02  -1.61306316e-03
   3.44198209e+02  -2.42528203e-03
   3.44198697e+02  -1.67525769e-03
   3.44199186e+02   2.96001323e-04
   3.44199674e+02   7.70004350e-04
   3.44200162e+02  -3.03756300e-04
   3.44200651e+02  -8.92824261e-04
   3.44201139e+02  -6.90613932e-04
   3.44201627e+02  -1.44860387e-04
   3.44202116e+02  -1.43534007e-05
   3.44202604e+02  -6.04570436e-04
   3.44203092e+02  -6.72653085e-04
   3.44203580e+02  -4.55984584e-04
   3.44204069e+02  -4.15706600e-04
   3.44204557e+02   2.10645929e-04
   3.44205045e+02   3.05504946e-04
   3.44205534e+02  -2.20840491e-04
   3.44206022e+02  -2.03162504e-04
   3.44206510e+02   8.40385546e-05
   3.44206999e+02   2.78188003e-04
   3.44207487e+02  -1.78647053e-04
   3.44207975e+02  -5.27052325e-04
   3.44208464e+02  -1.03214872e-04
   3.44208952e+02   1.11626527e-04
   3.44209440e+02   6.53017836e-04
   3.44209929e+02   1.69911131e-03
   3.44210417e+02   1.20961689e-03
   3.44210905e+02  -1.85764293e-04
   3.44211394e+02   8.86931011e-05
   3.44211882e+02   1.67662441e-03
   3.44212370e+02   2.54853140e-03
   3.44212859e+02   2.70445249e-03
   3.44213347e+02   2.66447454e-03
   3.44213835e+02   2.14327732e-03
   3.44214324e+02   9.21213301e-04
   3.44214812e+02  -2.96437473e-04
   3.44215300e+02  -8.06142634e-04
   3.44215788e+02  -1.20185351e-03
   3.44216277e+02  -1.33473938e-03
   3.44216765e+02  -1.64306769e-03
   3.44217253e+02  -2.71341810e-03
   3.44217742e+02  -2.30128714e-03
   3.44218230e+02  -2.21110880e-04
   3.44218718e+02   9.80375567e-04
   3.44219207e+02   7.45157944e-04
   3.44219695e+02   4.25740553e-04
   3.44220183e+02   5.82917070e-04
   3.44220672e+02  -5.10412028e-05
   3.44221160e+02  -1.08364888e-03
   3.44221648e+02  -9.64207400e-04
   3.44222137e+02  -5.66392613e-04
   3.44222625e+02   7.89618280e-05
   3.44223113e+02   6.20338134e-04
   3.44223602e+02  -3.62352584e-04
   3.44224090e+02  -1.19055761e-03
   3.44224578e+02  -6.00771047e-04
   3.44225067e+02  -3.21518542e-04
   3.44225555e+02  -7.29920284e-04
   3.44226043e+02  -2.57713400e-04
   3.44226531e+02   8.63843714e-04
   3.44227020e+02   1.50146231e-03
   3.44227508e+02   1.92785705e-03
   3.44227996e+02   1.47825794e-03
   3.44228485e+02   6.20028994e-04
   3.44228973e+02   3.70505179e-04
   3.44229461e+02   3.13535624e-04
   3.44229950e+02   4.06882289e-04
   3.44230438e+02   7.04883190e-04
   3.44230926e+02   1.57741061e-03
   3.44231415e+02   2.46469234e-03
   3.44231903e+02   1.90995843e-03
   3.44232391e+02   1.00025651e-03
   3.44232880e+02   9.80324694e-04
   3.44233368e+02   7.47527287e-04
   3.44233856e+02  -1.19943230e-04
   3.44234345e+02  -1.06750312e-03
   3.44234833e+02  -1.59371353e-03
   3.44235321e+02  -1.18561275e-03
   3.44235810e+02  -4.83387761e-04
   3.44236298e+02  -6.48434798e-04
   3.44236786e+02  -1.30773033e-03
   3.44237275e+02  -1.22028752e-03
   3.44237763e+02  -7.08734806e-05
   3.44238251e+02   1.46285840e-03
   3.44238739e+02   2.79947463e-03
   3.44239228e+02   2.82823038e-03
   3.44239716e+02   1.34292583e-03
   3.44240204e+02   4.91228129e-04
   3.44240693e+02   5.56681654e-04
   3.44241181e+02   4.55536734e-04
   3.44241669e+02   3.28621332e-04
   3.44242158e+02   7.69764942e-04
   3.44242646e+02   9.30827053e-04
   3.44243134e+02   8.13828319e-06
   3.44243623e+02  -8.34098144e-04
   3.44244111e+02  -1.00339542e-03
   3.44244599e+02  -1.01134239e-03
   3.44245088e+02  -1.02749432e-03
   3.44245576e+02  -7.01462268e-04
   3.44246064e+02  -2.72523146e-04
   3.44246553e+02  -6.00971922e-04
   3.44247041e+02  -9.08833637e-04
   3.44247529e+02  -3.68827343e-04
   3.44248018e+02  -3.95407769e-05
   3.44248506e+02  -3.61993269e-04
   3.44248994e+02  -9.64994717e-04
   3.44249482e+02  -1.29986322e-03
   3.44249971e+02  -1.59143459e-03
   3.44250459e+02  -2.09632143e-03
   3.44250947e+02  -1.75212824e-03
   3.44251436e+02  -1.39632216e-03
   3.44251924e+02  -1.84014987e-03
   3.44252412e+02  -1.64645968e-03
   3.44252901e+02  -4.62794414e-04
   3.44253389e+02   5.08360332e-04
   3.44253877e+02   1.41701160e-03
   3.44254366e+02   1.70871010e-03
   3.44254854e+02   1.32298737e-03
   3.44255342e+02   8.23839684e-04
   3.44255831e+02   9.71634945e-05
   3.44256319e+02  -3.74630676e-04
   3.44256807e+02  -3.21586384e-04
   3.44257296e+02  -3.44521308e-04
   3.44257784e+02  -5.49639110e-04
   3.44258272e+02   2.34908875e-04
   3.44258761e+02   1.42034830e-03
   3.44259249e+02   1.59180607e-03
   3.44259737e+02   1.76335487e-03
   3.44260225e+02   2.18207412e-03
   3.44260714e+02   1.94387429e-03
   3.44261202e+02   1.27427978e-03
   3.44261690e+02   5.02523035e-04
   3.44262179e+02  -2.84906157e-04
   3.44262667e+02  -1.20039680e-03
   3.44263155e+02  -1.70968263e-03
   3.44263644e+02  -8.70396441e-04
   3.44264132e+02  -1.40275239e-04
   3.44264620e+02  -7.86661985e-04
   3.44265109e+02  -2.02390272e-03
   3.44265597e+02  -2.38212221e-03
   3.44266085e+02  -1.61906518e-03
   3.44266574e+02  -1.28482329e-03
   3.44267062e+02  -1.48280268e-03
   3.44267550e+02  -1.41495047e-03
   3.44268039e+02  -9.23590909e-04
   3.44268527e+02  -7.00618548e-04
   3.44269015e+02  -1.07685348e-03
   3.44269504e+02  -8.91371397e-04
   3.44269992e+02  -1.63317440e-04
   3.44270480e+02  -3.43199463e-05
   3.44270969e+02   6.49836511e-05
   3.44271457e+02   2.44062408e-04
   3.44271945e+02  -2.12261875e-04
   3.44272433e+02  -6.19367871e-04
   3.44272922e+02  -8.36942520e-04
   3.44273410e+02  -1.22732797e-03
   3.44273898e+02  -1.40054675e-03
   3.44274387e+02  -1.73365080e-03
   3.44274875e+02  -1.41170935e-03
   3.44275363e+02   1.00488360e-04
   3.44275852e+02   1.17608299e-03
   3.44276340e+02   1.09598623e-03
   3.44276828e+02   5.58954431e-04
   3.44277317e+02   2.88065203e-04
   3.44277805e+02  -1.09715026e-03
   3.44278293e+02  -2.70239450e-03
   3.44278782e+02  -1.79771613e-03
   3.44279270e+02  -8.63777357e-04
   3.44279758e+02  -9.09348717e-04
   3.44280247e+02  -6.04088564e-05
   3.44280735e+02   8.02996801e-04
   3.44281223e+02   6.47744979e-04
   3.44281712e+02  -1.62172480e-04
   3.44282200e+02  -9.83032980e-04
   3.44282688e+02  -1.37310522e-03
   3.44283176e+02  -9.14568140e-04
   3.44283665e+02  -3.01446387e-04
   3.44284153e+02  -1.18886390e-04
   3.44284641e+02   3.53590905e-04
   3.44285130e+02   5.26150281e-04
   3.44285618e+02   9.07729263e-05
   3.44286106e+02  -2.67633324e-04
   3.44286595e+02  -9.95322262e-05
   3.44287083e+02   9.70270485e-04
   3.44287571e+02   1.40291022e-03
   3.44288060e+02   6.26896741e-04
   3.44288548e+02   5.16362488e-04
   3.44289036e+02   5.14359272e-04
   3.44289525e+02  -3.63256375e-04
   3.44290013e+02  -7.14747875e-04
   3.44290501e+02  -3.61998944e-04
   3.44290990e+02  -1.40884280e-04
   3.44291478e+02   3.77209908e-05
   3.44291966e+02   8.69497817e-05
   3.44292455e+02   2.46932061e-04
   3.44292943e+02   6.52271323e-04
   3.44293431e+02   1.15024974e-03
   3.44293919e+02   2.16910755e-03
   3.44294408e+02   2.32848944e-03
   3.44294896e+02   1.26630941e-03
   3.44295384e+02   7.48702441e-04
   3.44295873e+02   1.06773106e-03
   3.44296361e+02   1.20121264e-03
   3.44296849e+02   1.28961680e-03
   3.44297338e+02   1.27250061e-03
   3.44297826e+02   3.46032437e-04
   3.44298314e+02  -5.71442244e-04
   3.44298803e+02  -1.07707700e-03
   3.44299291e+02  -1.88785850e-03
   3.44299779e+02  -1.73369725e-03
   3.44300268e+02  -5.66237104e-05
   3.44300756e+02   6.49403955e-04
   3.44301244e+02  -5.09775477e-04
   3.44301733e+02  -9.37200326e-04
   3.44302221e+02   2.61182606e-04
   3.44302709e+02   1.24114065e-03
   3.44303198e+02   1.52434397e-03
   3.44303686e+02   1.56116998e-03
   3.44304174e+02   1.18246581e-03
   3.44304663e+02   5.12172934e-04
   3.44305151e+02  -1.56224633e-04
   3.44305639e+02  -3.06619273e-04
   3.44306127e+02  -1.11582754e-04
   3.44306616e+02   2.14493295e-04
   3.44307104e+02   1.45423948e-03
   3.44307592e+02   2.45120144e-03
   3.44308081e+02   2.81825848e-03
   3.44308569e+02   2.94083287e-03
   3.44309057e+02   1.51743728e-03
   3.44309546e+02  -4.23634810e-05
   3.44310034e+02  -2.56967585e-04
   3.44310522e+02   1.90505554e-04
   3.44311011e+02   1.05553365e-03
   3.44311499e+02   2.01216061e-03
   3.44311987e+02   1.34941353e-03
   3.44312476e+02   4.22806741e-04
   3.44312964e+02   7.35364330e-04
   3.44313452e+02   1.32072950e-03
   3.44313941e+02   3.94458446e-04
   3.44314429e+02  -1.19366182e-03
   3.44314917e+02  -1.48881553e-03
   3.44315406e+02  -9.22527863e-04
   3.44315894e+02  -2.96777580e-05
   3.44316382e+02   1.05953403e-03
   3.44316870e+02   1.69116736e-03
   3.44317359e+02   1.41708669e-03
   3.44317847e+02   7.88577890e-04
   3.44318335e+02   6.08626637e-04
   3.44318824e+02   4.28943167e-04
   3.44319312e+02   2.66960909e-04
   3.44319800e+02   2.44304800e-04
   3.44320289e+02   7.48432940e-04
   3.44320777e+02   2.59503303e-03
   3.44321265e+02   3.49921873e-03
   3.44321754e+02   1.70142832e-03
   3.44322242e+02   2.06121385e-05
   3.44322730e+02   4.41093784e-04
   3.44323219e+02   1.04757387e-03
   3.44323707e+02   5.03492018e-04
   3.44324195e+02  -4.13260655e-04
   3.44324684e+02  -1.12299388e-03
   3.44325172e+02  -1.21944398e-03
   3.44325660e+02  -5.46949741e-04
   3.44326149e+02  -1.49930434e-04
   3.44326637e+02  -5.52191690e-04
   3.44327125e+02  -8.17652210e-04
   3.44327613e+02  -6.89688371e-04
   3.44328102e+02  -7.00381002e-04
   3.44328590e+02  -6.08769536e-04
   3.44329078e+02  -2.59387714e-04
   3.44329567e+02  -6.30657538e-04
   3.44330055e+02  -1.10117672e-03
   3.44330543e+02  -7.13647110e-04
   3.44331032e+02  -2.44244467e-04
   3.44331520e+02   4.87679754e-05
   3.44332008e+02   3.81136168e-04
   3.44332497e+02   1.04455021e-03
   3.44332985e+02   1.50861370e-03
   3.44333473e+02   5.72031364e-04
   3.44333962e+02  -1.14889652e-03
   3.44334450e+02  -1.81799324e-03
   3.44334938e+02  -1.94658618e-03
   3.44335427e+02  -2.65813759e-03
   3.44335915e+02  -2.36265105e-03
   3.44336403e+02  -1.06765609e-03
   3.44336892e+02  -7.38541654e-04
   3.44337380e+02  -2.99879845e-04
   3.44337868e+02  -2.45567266e-04
   3.44338357e+02  -1.23057480e-03
   3.44338845e+02  -8.14677973e-04
   3.44339333e+02   4.86539822e-04
   3.44339821e+02   1.02314074e-03
   3.44340310e+02   1.05456484e-03
   3.44340798e+02   2.97480845e-04
   3.44341286e+02  -7.36688671e-04
   3.44341775e+02  -5.07306482e-04
   3.44342263e+02   3.27097398e-04
   3.44342751e+02   4.19316260e-04
   3.44343240e+02   2.08034617e-04
   3.44343728e+02  -3.82250801e-05
   3.44344216e+02  -6.78971759e-04
   3.44344705e+02  -1.05776743e-03
   3.44345193e+02  -1.40994714e-04
   3.44345681e+02   8.36964697e-04
   3.44346170e+02   3.40127852e-04
   3.44346658e+02  -1.00734911e-03
   3.44347146e+02  -1.35149795e-03
   3.44347635e+02  -9.31514136e-04
   3.44348123e+02  -1.00412033e-03
   3.44348611e+02  -1.29727181e-03
   3.44349100e+02  -6.52691582e-04
   3.44349588e+02   1.30255183e-03
   3.44350076e+02   2.43305368e-03
   3.44350564e+02   1.61353312e-03
   3.44351053e+02   4.30156622e-04
   3.44351541e+02   4.25461098e-04
   3.44352029e+02   1.44807401e-03
   3.44352518e+02   1.92756474e-03
   3.44353006e+02   1.32249563e-03
   3.44353494e+02  -5.79706830e-05
   3.44353983e+02  -1.36470061e-03
   3.44354471e+02  -1.48338825e-03
   3.44354959e+02  -5.20148897e-04
   3.44355448e+02   8.17730092e-04
   3.44355936e+02   1.59496127e-03
   3.44356424e+02   8.51678196e-04
   3.44356913e+02  -9.41409962e-04
   3.44357401e+02  -1.99659821e-03
   3.44357889e+02  -2.06627673e-03
   3.44358378e+02  -6.91775174e-04
   3.44358866e+02   1.42943731e-03
   3.44359354e+02   1.81346387e-03
   3.44359843e+02   1.47949287e-03
   3.44360331e+02   1.52773538e-03
   3.44360819e+02   7.87389523e-04
   3.44361307e+02  -8.57713050e-04
   3.44361796e+02  -2.12898548e-03
   3.44362284e+02  -1.93904818e-03
   3.44362772e+02  -6.23673841e-04
   3.44363261e+02   1.03230472e-04
   3.44363749e+02  -4.59742441e-04
   3.44364237e+02  -9.39590565e-04
   3.44364726e+02  -1.01433543e-03
   3.44365214e+02  -1.00177352e-03
   3.44365702e+02  -5.60525863e-04
   3.44366191e+02  -7.47071288e-04
   3.44366679e+02  -2.03331420e-03
   3.44367167e+02  -2.16963165e-03
   3.44367656e+02  -5.41384215e-04
   3.44368144e+02   4.08050022e-04
   3.44368632e+02  -6.24131877e-04
   3.44369121e+02  -2.13342952e-03
   3.44369609e+02  -2.40360713e-03
   3.44370097e+02  -1.90473231e-03
   3.44370586e+02  -2.17246427e-03
   3.44371074e+02  -1.91659189e-03
   3.44371562e+02  -5.01694274e-04
   3.44372051e+02  -5.10814607e-05
   3.44372539e+02  -4.58561466e-04
   3.44373027e+02  -3.49352427e-04
   3.44373515e+02   5.87984978e-04
   3.44374004e+02   2.15805368e-03
   3.44374492e+02   2.76272767e-03
   3.44374980e+02   1.47753593e-03
   3.44375469e+02   5.88745170e-05
   3.44375957e+02  -2.00687078e-04
   3.44376445e+02   1.99929214e-04
   3.44376934e+02   7.96437089e-04
   3.44377422e+02   1.53489097e-03
   3.44377910e+02   1.76848564e-03
   3.44378399e+02   1.46526343e-03
   3.44378887e+02   6.35962409e-04
   3.44379375e+02   9.01493258e-05
   3.44379864e+02   5.73920901e-04
   3.44380352e+02   8.85716363e-05
   3.44380840e+02  -9.59641649e-04
   3.44381329e+02  -5.32883685e-04
   3.44381817e+02   2.22197516e-04
   3.44382305e+02   8.29762954e-04
   3.44382794e+02   1.07458222e-03
   3.44383282e+02   4.67584905e-04
   3.44383770e+02   1.93814602e-04
   3.44384258e+02   1.98903741e-04
   3.44384747e+02  -2.29996906e-04
   3.44385235e+02  -5.32696082e-04
   3.44385723e+02  -1.78276023e-04
   3.44386212e+02  -1.70398649e-04
   3.44386700e+02  -5.42958733e-04
   3.44387188e+02  -2.21512048e-04
   3.44387677e+02   1.25597522e-04
   3.44388165e+02  -5.00394090e-04
   3.44388653e+02  -9.33325908e-04
   3.44389142e+02  -4.86064528e-05
   3.44389630e+02   5.23440947e-04
   3.44390118e+02  -6.28773269e-05
   3.44390607e+02  -2.54718125e-05
   3.44391095e+02   2.64599978e-04
   3.44391583e+02  -4.71965031e-05
   3.44392072e+02  -5.62326983e-04
   3.44392560e+02  -5.89935633e-04
   3.44393048e+02   1.84249890e-04
   3.44393537e+02   1.84594101e-04
   3.44394025e+02  -6.38598285e-04
   3.44394513e+02  -2.55804567e-04
   3.44395002e+02   3.71103233e-04
   3.44395490e+02  -3.68518842e-04
   3.44395978e+02  -7.66508863e-04
   3.44396466e+02   6.53216732e-04
   3.44396955e+02   1.78966892e-03
   3.44397443e+02   1.53669983e-03
   3.44397931e+02   9.99764656e-04
   3.44398420e+02   6.56542426e-04
   3.44398908e+02   3.74951895e-04
   3.44399396e+02   8.54549944e-05
   3.44399885e+02  -1.39055061e-04
   3.44400373e+02  -4.89211641e-04
   3.44400861e+02  -7.51368585e-04
   3.44401350e+02  -1.03478483e-03
   3.44401838e+02  -9.03538603e-04
   3.44402326e+02  -2.18255067e-04
   3.44402815e+02  -6.59069396e-04
   3.44403303e+02  -1.88365055e-03
   3.44403791e+02  -2.14793487e-03
   3.44404280e+02  -1.17675809e-03
   3.44404768e+02   2.94423837e-04
   3.44405256e+02   1.53373356e-03
   3.44405745e+02   1.52968999e-03
   3.44406233e+02   5.50968805e-04
   3.44406721e+02   1.77933034e-04
   3.44407209e+02   3.39574472e-04
   3.44407698e+02   8.22249101e-04
   3.44408186e+02   1.57585798e-03
   3.44408674e+02   1.46317470e-03
   3.44409163e+02   6.05303270e-04
   3.44409651e+02   2.57874286e-04
   3.44410139e+02   6.43220788e-04
   3.44410628e+02   8.28431454e-04
   3.44411116e+02   2.71704048e-04
   3.44411604e+02  -7.51011947e-04
   3.44412093e+02  -9.31461225e-04
   3.44412581e+02  -2.82652618e-04
   3.44413069e+02  -3.27284361e-04
   3.44413558e+02  -4.15384828e-04
   3.44414046e+02   2.45589817e-05
   3.44414534e+02   2.23803600e-05
   3.44415023e+02  -4.99791524e-04
   3.44415511e+02  -6.42400701e-04
   3.44415999e+02  -1.70349522e-04
   3.44416488e+02  -1.31622110e-05
   3.44416976e+02   2.49764562e-04
   3.44417464e+02   7.99623725e-04
   3.44417952e+02   1.77396563e-04
   3.44418441e+02  -1.29105372e-03
   3.44418929e+02  -1.44132378e-03
   3.44419417e+02  -3.91895243e-04
   3.44419906e+02   5.37409447e-04
   3.44420394e+02   5.68356190e-04
   3.44420882e+02  -6.56473858e-04
   3.44421371e+02  -1.60917209e-03
   3.44421859e+02  -1.34228100e-03
   3.44422347e+02  -1.43636984e-03
   3.44422836e+02  -1.32235233e-03
   3.44423324e+02   4.21652017e-04
   3.44423812e+02   2.43873917e-03
   3.44424301e+02   2.79601407e-03
   3.44424789e+02   1.67329982e-03
   3.44425277e+02   6.79608376e-04
   3.44425766e+02   3.75913623e-05
   3.44426254e+02  -5.30843172e-05
   3.44426742e+02   3.04537476e-04
   3.44427231e+02  -2.77093699e-04
   3.44427719e+02  -1.22278009e-03
   3.44428207e+02  -1.42962835e-03
   3.44428696e+02  -1.52783655e-03
   3.44429184e+02  -9.52355505e-04
   3.44429672e+02   4.82008581e-05
   3.44430160e+02   1.86013989e-04
   3.44430649e+02   1.94078057e-05
   3.44431137e+02   2.86067458e-04
   3.44431625e+02   5.51203848e-05
   3.44432114e+02  -1.41885644e-03
   3.44432602e+02  -2.75710737e-03
   3.44433090e+02  -2.85392511e-03
   3.44433579e+02  -2.07854039e-03
   3.44434067e+02  -9.45220236e-04
   3.44434555e+02   2.45869451e-05
   3.44435044e+02   7.04150531e-04
   3.44435532e+02   3.77268821e-04
   3.44436020e+02  -7.15344737e-04
   3.44436509e+02  -3.58995050e-04
   3.44436997e+02   9.67113359e-04
   3.44437485e+02   4.45174577e-04
   3.44437974e+02  -8.59564228e-04
   3.44438462e+02   8.08799632e-06
   3.44438950e+02   1.28330674e-03
   3.44439439e+02   4.32120432e-04
   3.44439927e+02  -1.81017502e-04
   3.44440415e+02   1.42326264e-03
   3.44440903e+02   3.37639335e-03
   3.44441392e+02   3.52788763e-03
   3.44441880e+02   1.72795507e-03
   3.44442368e+02  -3.93712544e-04
   3.44442857e+02  -1.75962108e-03
   3.44443345e+02  -1.72768743e-03
   3.44443833e+02  -6.62062492e-04
   3.44444322e+02  -4.88682534e-04
   3.44444810e+02  -8.10839294e-04
   3.44445298e+02  -5.99359104e-04
   3.44445787e+02   3.58202175e-04
   3.44446275e+02   1.61522452e-03
   3.44446763e+02   1.58365362e-03
   3.44447252e+02   6.91664318e-05
   3.44447740e+02  -6.42197381e-04
   3.44448228e+02   4.59002127e-04
   3.44448717e+02   1.26593118e-03
   3.44449205e+02   1.12168049e-03
   3.44449693e+02   1.46496936e-03
   3.44450182e+02   1.68487558e-03
   3.44450670e+02   7.77183799e-04
   3.44451158e+02  -5.22153045e-04
   3.44451646e+02  -9.58618824e-04
   3.44452135e+02   4.73730361e-05
   3.44452623e+02   8.77961633e-04
   3.44453111e+02   2.56082800e-04
   3.44453600e+02  -9.96413408e-04
   3.44454088e+02  -1.77470793e-03
   3.44454576e+02  -1.42248964e-03
   3.44455065e+02  -2.17364315e-04
   3.44455553e+02   1.28058682e-03
   3.44456041e+02   1.93321169e-03
   3.44456530e+02   1.29405526e-03
   3.44457018e+02  -2.87002131e-05
   3.44457506e+02  -1.22409139e-03
   3.44457995e+02  -1.35022611e-03
   3.44458483e+02  -1.05782587e-03
   3.44458971e+02  -9.59450146e-04
   3.44459460e+02  -3.71988499e-05
   3.44459948e+02   4.64332319e-04
   3.44460436e+02   1.88043225e-04
   3.44460925e+02   6.17469894e-04
   3.44461413e+02   6.34519092e-04
   3.44461901e+02  -7.10860404e-05
   3.44462390e+02  -2.31209815e-05
   3.44462878e+02   4.51442020e-06
   3.44463366e+02   2.78225227e-04
   3.44463854e+02   1.24943384e-03
   3.44464343e+02   1.67127163e-03
   3.44464831e+02   1.01492007e-03
   3.44465319e+02  -1.12585651e-04
   3.44465808e+02  -1.68419705e-04
   3.44466296e+02   3.43448366e-04
   3.44466784e+02   5.89078001e-04
   3.44467273e+02   1.39324495e-03
   3.44467761e+02   1.77193678e-03
   3.44468249e+02   1.60653004e-03
   3.44468738e+02   1.76202261e-03
   3.44469226e+02   1.65262597e-03
   3.44469714e+02   6.82166545e-04
   3.44470203e+02  -5.22186747e-04
   3.44470691e+02  -4.42961435e-04
   3.44471179e+02   5.20507514e-04
   3.44471668e+02   3.19959770e-04
   3.44472156e+02  -1.19420071e-03
   3.44472644e+02  -2.01382930e-03
   3.44473133e+02  -1.29463524e-03
   3.44473621e+02  -8.40569148e-04
   3.44474109e+02  -9.68795735e-04
   3.44474597e+02   4.73248976e-04
   3.44475086e+02   2.74960790e-03
   3.44475574e+02   3.17701278e-03
   3.44476062e+02   2.34105252e-03
   3.44476551e+02   1.79438526e-03
   3.44477039e+02   1.21839379e-03
   3.44477527e+02   4.35853348e-04
   3.44478016e+02  -2.34036299e-04
   3.44478504e+02  -5.86241076e-04
   3.44478992e+02  -1.15726718e-04
   3.44479481e+02   5.03727351e-04
   3.44479969e+02   3.15273064e-04
   3.44480457e+02  -3.01305932e-04
   3.44480946e+02  -1.04194542e-03
   3.44481434e+02  -1.37491687e-03
   3.44481922e+02  -4.83240321e-04
   3.44482411e+02   6.14319171e-04
   3.44482899e+02   5.22481278e-04
   3.44483387e+02  -7.35242851e-04
   3.44483876e+02  -1.55117817e-03
   3.44484364e+02  -8.00963491e-04
   3.44484852e+02  -2.20084956e-04
   3.44485340e+02  -6.13268989e-04
   3.44485829e+02  -3.60315433e-04
   3.44486317e+02   3.30219103e-04
   3.44486805e+02   5.11993072e-04
   3.44487294e+02   7.76633155e-04
   3.44487782e+02   6.41781371e-04
   3.44488270e+02   6.79395918e-04
   3.44488759e+02   2.00617290e-03
   3.44489247e+02   2.22985423e-03
   3.44489735e+02   7.34133937e-04
   3.44490224e+02   2.75046070e-04
   3.44490712e+02   1.09030795e-03
   3.44491200e+02   1.15101843e-03
   3.44491689e+02   6.18607737e-04
   3.44492177e+02   8.76879087e-04
   3.44492665e+02   1.08605018e-03
   3.44493154e+02   6.04822300e-04
   3.44493642e+02   1.89495258e-04
   3.44494130e+02   1.69144507e-04
   3.44494619e+02   4.13414527e-04
   3.44495107e+02   4.37902054e-04
   3.44495595e+02   2.49914010e-04
   3.44496084e+02   3.84863000e-04
   3.44496572e+02   5.11577993e-04
   3.44497060e+02   3.82330327e-04
   3.44497548e+02   6.18394231e-04
   3.44498037e+02   8.92216573e-04
   3.44498525e+02   1.44903461e-04
   3.44499013e+02  -4.10703506e-04
   3.44499502e+02  -4.61724150e-04
   3.44499990e+02  -1.06239435e-03
   3.44500478e+02  -7.93878280e-04
   3.44500967e+02   4.41896234e-04
   3.44501455e+02   8.27328011e-04
   3.44501943e+02   1.26511522e-03
   3.44502432e+02   2.16390705e-03
   3.44502920e+02   2.07191543e-03
   3.44503408e+02   1.35181355e-03
   3.44503897e+02   1.18180714e-03
   3.44504385e+02   8.99443054e-04
   3.44504873e+02   1.81774361e-04
   3.44505362e+02  -2.07703473e-04
   3.44505850e+02   1.05906292e-04
   3.44506338e+02   6.32267620e-04
   3.44506827e+02   3.20366671e-04
   3.44507315e+02  -7.00133620e-04
   3.44507803e+02  -1.22772215e-03
   3.44508291e+02  -4.74266533e-04
   3.44508780e+02   1.36226614e-03
   3.44509268e+02   2.18828628e-03
   3.44509756e+02   1.20989757e-03
   3.44510245e+02  -4.73888722e-05
   3.44510733e+02  -5.64321468e-04
   3.44511221e+02  -7.30797590e-04
   3.44511710e+02  -8.46773561e-04
   3.44512198e+02  -7.42696866e-04
   3.44512686e+02  -3.27916321e-04
   3.44513175e+02   2.07528283e-04
   3.44513663e+02   8.03152798e-04
   3.44514151e+02   7.95099128e-04
   3.44514640e+02  -3.74396797e-04
   3.44515128e+02  -1.26743235e-03
   3.44515616e+02  -1.08310705e-04
   3.44516105e+02   1.85369211e-03
   3.44516593e+02   2.13347632e-03
   3.44517081e+02   1.06766366e-03
   3.44517570e+02   6.22871914e-04
   3.44518058e+02   2.68852833e-04
   3.44518546e+02  -9.16822581e-04
   3.44519034e+02  -1.24614395e-03
   3.44519523e+02  -3.23004817e-04
   3.44520011e+02   7.51353276e-04
   3.44520499e+02   1.15823653e-03
   3.44520988e+02   5.53843449e-04
   3.44521476e+02  -6.48769401e-06
   3.44521964e+02  -5.32528618e-04
   3.44522453e+02  -1.51447230e-03
   3.44522941e+02  -1.40605902e-03
   3.44523429e+02  -1.33855312e-04
   3.44523918e+02  -6.50484653e-05
   3.44524406e+02  -1.23962504e-03
   3.44524894e+02  -1.69306574e-03
   3.44525383e+02  -8.93859717e-04
   3.44525871e+02   3.95983836e-04
   3.44526359e+02   9.99556156e-04
   3.44526848e+02   1.43834192e-03
   3.44527336e+02   2.00896384e-03
   3.44527824e+02   1.43654388e-03
   3.44528313e+02  -1.57960865e-04
   3.44528801e+02  -1.34879060e-03
   3.44529289e+02  -1.98920257e-03
   3.44529778e+02  -2.05890788e-03
   3.44530266e+02  -1.39650179e-03
   3.44530754e+02  -8.26155418e-04
   3.44531242e+02  -3.82860831e-04
   3.44531731e+02   1.37356583e-05
   3.44532219e+02  -3.27868212e-04
   3.44532707e+02  -1.23893155e-03
   3.44533196e+02  -1.57932774e-03
   3.44533684e+02  -6.41244464e-04
   3.44534172e+02  -5.20956761e-04
   3.44534661e+02  -1.70324743e-03
   3.44535149e+02  -1.73864292e-03
   3.44535637e+02  -8.68721225e-04
   3.44536126e+02   3.73919524e-04
   3.44536614e+02   1.59663358e-03
   3.44537102e+02   1.15681160e-03
   3.44537591e+02  -1.60174532e-05
   3.44538079e+02  -3.48554866e-04
   3.44538567e+02  -1.84285847e-04
   3.44539056e+02   1.73186927e-04
   3.44539544e+02   5.27301163e-04
   3.44540032e+02   5.79065701e-04
   3.44540521e+02   3.63053623e-05
   3.44541009e+02  -2.62774673e-04
   3.44541497e+02   5.71686309e-04
   3.44541985e+02   8.29726865e-04
   3.44542474e+02  -3.20173916e-04
   3.44542962e+02  -8.28782504e-05
   3.44543450e+02   8.59907945e-04
   3.44543939e+02   4.21327859e-04
   3.44544427e+02  -2.22111586e-04
   3.44544915e+02  -1.24816620e-03
   3.44545404e+02  -2.48930464e-03
   3.44545892e+02  -8.16518499e-04
   3.44546380e+02   9.31263145e-04
   3.44546869e+02   4.13938775e-04
   3.44547357e+02  -6.58705190e-04
   3.44547845e+02  -3.86912376e-04
   3.44548334e+02   7.15546252e-04
   3.44548822e+02   1.32170820e-03
   3.44549310e+02   1.27170410e-03
   3.44549799e+02   2.95269740e-04
   3.44550287e+02  -8.32749996e-04
   3.44550775e+02  -2.42598995e-04
   3.44551264e+02   7.53160450e-04
   3.44551752e+02   1.53421075e-04
   3.44552240e+02  -4.54006338e-04
   3.44552729e+02  -2.08057390e-04
   3.44553217e+02  -1.38865274e-04
   3.44553705e+02   3.73210089e-04
   3.44554193e+02   1.28369185e-03
   3.44554682e+02   1.29728264e-03
   3.44555170e+02   8.77835322e-04
   3.44555658e+02   1.58151161e-04
   3.44556147e+02  -3.51301540e-04
   3.44556635e+02  -4.28700179e-04
   3.44557123e+02  -1.28744799e-03
   3.44557612e+02  -1.79715245e-03
   3.44558100e+02  -1.19589129e-03
   3.44558588e+02  -9.81649267e-04
   3.44559077e+02  -1.26735447e-03
   3.44559565e+02  -9.48025379e-04
   3.44560053e+02   9.75594812e-05
   3.44560542e+02   5.30108053e-04
   3.44561030e+02   5.18425950e-04
   3.44561518e+02   1.11504307e-03
   3.44562007e+02   1.30535697e-03
   3.44562495e+02   1.71844425e-04
   3.44562983e+02  -6.59447338e-04
   3.44563472e+02  -6.43058214e-04
   3.44563960e+02  -3.56660661e-04
   3.44564448e+02   4.47143830e-05
   3.44564936e+02   9.19038022e-04
   3.44565425e+02   1.65654183e-03
   3.44565913e+02   5.82745066e-04
   3.44566401e+02  -9.46693704e-04
   3.44566890e+02  -8.81480402e-04
   3.44567378e+02  -7.12625973e-04
   3.44567866e+02  -1.40050915e-03
   3.44568355e+02  -1.51059555e-03
   3.44568843e+02  -9.04096116e-04
   3.44569331e+02  -7.13519039e-05
   3.44569820e+02   7.18479976e-04
   3.44570308e+02   2.57475476e-04
   3.44570796e+02  -9.48176719e-04
   3.44571285e+02  -1.29608600e-03
   3.44571773e+02  -7.93946907e-04
   3.44572261e+02  -1.00073330e-05
   3.44572750e+02   8.46400158e-04
   3.44573238e+02   1.45684567e-03
   3.44573726e+02   1.34049833e-03
   3.44574215e+02   1.38244627e-03
   3.44574703e+02   1.62030617e-03
   3.44575191e+02   1.16927084e-03
   3.44575679e+02   6.47513603e-04
   3.44576168e+02   3.90304747e-04
   3.44576656e+02   1.27766703e-04
   3.44577144e+02  -1.91110492e-04
   3.44577633e+02  -3.33789008e-04
   3.44578121e+02  -2.11997773e-04
   3.44578609e+02  -5.25680429e-04
   3.44579098e+02  -9.37608129e-04
   3.44579586e+02  -1.23308075e-03
   3.44580074e+02  -1.34206261e-03
   3.44580563e+02  -1.26057013e-03
   3.44581051e+02  -1.69369718e-03
   3.44581539e+02  -1.72189379e-03
   3.44582028e+02  -1.07825676e-03
   3.44582516e+02  -4.10926092e-04
   3.44583004e+02   9.87051462e-05
   3.44583493e+02   5.60973072e-04
   3.44583981e+02   1.13221188e-03
   3.44584469e+02   1.09094428e-03
   3.44584958e+02   4.25204431e-04
   3.44585446e+02   4.57849703e-04
   3.44585934e+02   1.16430048e-03
   3.44586423e+02   1.25627802e-03
   3.44586911e+02   4.69226041e-04
   3.44587399e+02  -5.46815863e-04
   3.44587887e+02  -9.98642296e-04
   3.44588376e+02  -1.54777808e-04
   3.44588864e+02   7.60960742e-04
   3.44589352e+02   7.84841250e-04
   3.44589841e+02   3.74386058e-04
   3.44590329e+02  -5.70011500e-04
   3.44590817e+02  -6.13015029e-04
   3.44591306e+02   1.01909926e-03
   3.44591794e+02   2.13830872e-03
   3.44592282e+02   1.90860126e-03
   3.44592771e+02   8.77173850e-04
   3.44593259e+02  -3.95624316e-04
   3.44593747e+02  -6.07893278e-04
   3.44594236e+02  -1.22592479e-04
   3.44594724e+02  -1.76231173e-04
   3.44595212e+02  -2.57971609e-04
   3.44595701e+02  -1.94806242e-04
   3.44596189e+02  -5.05589123e-04
   3.44596677e+02  -1.00014359e-03
   3.44597166e+02  -6.65466650e-04
   3.44597654e+02   1.84688673e-04
   3.44598142e+02   2.15754539e-04
   3.44598630e+02  -3.08407791e-04
   3.44599119e+02  -1.20245968e-03
   3.44599607e+02  -1.89674343e-03
   3.44600095e+02  -1.67533197e-03
   3.44600584e+02  -1.01989333e-03
   3.44601072e+02  -3.12791643e-04
   3.44601560e+02  -1.00496749e-04
   3.44602049e+02  -9.09141148e-04
   3.44602537e+02  -1.19706441e-03
   3.44603025e+02  -1.06291438e-04
   3.44603514e+02   2.21189024e-04
   3.44604002e+02  -4.59149625e-04
   3.44604490e+02  -8.46495444e-04
   3.44604979e+02  -6.84098573e-04
   3.44605467e+02  -7.62774900e-04
   3.44605955e+02  -1.94226566e-03
   3.44606444e+02  -2.51267850e-03
   3.44606932e+02  -1.02444983e-03
   3.44607420e+02   4.74852204e-05
   3.44607909e+02  -2.43743794e-04
   3.44608397e+02  -7.87246972e-04
   3.44608885e+02  -1.16912986e-03
   3.44609373e+02  -8.89209623e-04
   3.44609862e+02  -4.81426105e-04
   3.44610350e+02  -4.37856681e-04
   3.44610838e+02  -6.33945689e-04
   3.44611327e+02  -1.21218653e-03
   3.44611815e+02  -1.37504446e-03
   3.44612303e+02  -4.26319893e-04
   3.44612792e+02   8.73272424e-04
   3.44613280e+02   1.61559309e-03
   3.44613768e+02   1.84143346e-03
   3.44614257e+02   2.09595053e-03
   3.44614745e+02   2.06111860e-03
   3.44615233e+02   1.40270335e-03
   3.44615722e+02   4.30779677e-04
   3.44616210e+02   1.79499868e-04
   3.44616698e+02   4.40134929e-04
   3.44617187e+02   2.23662864e-04
   3.44617675e+02  -8.53506033e-04
   3.44618163e+02  -1.85810355e-03
   3.44618652e+02  -1.50171493e-03
   3.44619140e+02  -6.04856526e-04
   3.44619628e+02  -4.49483923e-04
   3.44620117e+02  -4.98073525e-04
   3.44620605e+02   7.91645289e-06
   3.44621093e+02   6.54567521e-06
   3.44621581e+02  -7.02932011e-04
   3.44622070e+02  -1.04805140e-03
   3.44622558e+02  -1.26905320e-03
   3.44623046e+02  -1.65343413e-03
   3.44623535e+02  -1.91455148e-03
   3.44624023e+02  -1.25600072e-03
   3.44624511e+02  -1.80307965e-04
   3.44625000e+02  -5.05141332e-04
   3.44625488e+02  -9.67386644e-04
   3.44625976e+02  -2.16851331e-04
   3.44626465e+02   1.67255726e-04
   3.44626953e+02  -2.91072676e-04
   3.44627441e+02  -9.13513475e-04
   3.44627930e+02  -1.27998460e-03
   3.44628418e+02  -1.00946182e-03
   3.44628906e+02  -6.88296044e-04
   3.44629395e+02  -7.51552812e-04
   3.44629883e+02  -7.29859807e-04
   3.44630371e+02  -7.28644140e-04
   3.44630860e+02  -7.83887168e-04
   3.44631348e+02   3.22725828e-05
   3.44631836e+02   7.33572582e-04
   3.44632324e+02  -2.24627947e-05
   3.44632813e+02  -6.74554438e-04
   3.44633301e+02  -8.30504170e-04
   3.44633789e+02  -9.87674459e-04
   3.44634278e+02  -1.49786923e-04
   3.44634766e+02   4.76216024e-04
   3.44635254e+02  -1.81887503e-04
   3.44635743e+02  -6.30804396e-04
   3.44636231e+02   2.72933576e-05
   3.44636719e+02   5.85359288e-04
   3.44637208e+02   4.17422852e-04
   3.44637696e+02  -9.11442548e-05
   3.44638184e+02  -4.26982588e-04
   3.44638673e+02  -2.44908733e-04
   3.44639161e+02  -2.36578388e-04
   3.44639649e+02  -7.04868115e-04
   3.44640138e+02  -1.14113849e-03
   3.44640626e+02  -1.00109109e-03
   3.44641114e+02  -2.15623499e-04
   3.44641603e+02   6.71557325e-04
   3.44642091e+02   9.10643081e-04
   3.44642579e+02  -5.57864296e-05
   3.44643067e+02  -1.16017484e-03
   3.44643556e+02  -6.35576493e-04
   3.44644044e+02   6.80524856e-04
   3.44644532e+02   1.49265549e-03
   3.44645021e+02   1.83275540e-03
   3.44645509e+02   9.48408560e-04
   3.44645997e+02  -4.64499375e-04
   3.44646486e+02  -9.06928442e-04
   3.44646974e+02  -2.01817325e-04
   3.44647462e+02   1.27447990e-03
   3.44647951e+02   2.27766857e-03
   3.44648439e+02   2.18659360e-03
   3.44648927e+02   1.63969677e-03
   3.44649416e+02   1.31166528e-03
   3.44649904e+02   1.89760723e-03
   3.44650392e+02   2.78483611e-03
   3.44650881e+02   2.16351636e-03
   3.44651369e+02   3.31749849e-04
   3.44651857e+02  -8.94987897e-04
   3.44652346e+02  -5.91064105e-04
   3.44652834e+02   7.40219257e-04
   3.44653322e+02   1.53837923e-03
   3.44653811e+02   1.07117672e-03
   3.44654299e+02   3.15447425e-04
   3.44654787e+02   8.61849752e-04
   3.44655275e+02   1.98295410e-03
   3.44655764e+02   2.16755178e-03
   3.44656252e+02   1.88853068e-03
   3.44656740e+02   7.91637576e-04
   3.44657229e+02  -6.34624390e-04
   3.44657717e+02  -4.93704458e-04
   3.44658205e+02   2.72261768e-05
   3.44658694e+02  -8.70635267e-04
   3.44659182e+02  -2.21521640e-03
   3.44659670e+02  -1.76398177e-03
   3.44660159e+02  -2.81739980e-04
   3.44660647e+02   1.92564999e-04
   3.44661135e+02  -4.87817852e-05
   3.44661624e+02  -1.05686835e-03
   3.44662112e+02  -2.42650136e-03
   3.44662600e+02  -2.85598356e-03
   3.44663089e+02  -1.72115443e-03
   3.44663577e+02  -4.31153632e-04
   3.44664065e+02   1.09180073e-04
   3.44664554e+02   5.51640405e-04
   3.44665042e+02   1.28778943e-03
   3.44665530e+02   6.81425154e-04
   3.44666018e+02  -1.13065273e-03
   3.44666507e+02  -1.64725201e-03
   3.44666995e+02  -5.29519457e-04
   3.44667483e+02   1.34947695e-04
   3.44667972e+02   1.98823545e-04
   3.44668460e+02   4.38051502e-05
   3.44668948e+02  -5.88043069e-04
   3.44669437e+02  -1.01954234e-03
   3.44669925e+02  -1.15890056e-03
   3.44670413e+02  -2.45203031e-04
   3.44670902e+02   8.09962454e-04
   3.44671390e+02   5.85387636e-04
   3.44671878e+02   2.94760073e-04
   3.44672367e+02   5.72665827e-04
   3.44672855e+02   3.36331170e-04
   3.44673343e+02  -2.76520877e-04
   3.44673832e+02  -6.12805597e-04
   3.44674320e+02  -1.06973737e-03
   3.44674808e+02  -1.04517164e-03
   3.44675297e+02  -7.68978440e-04
   3.44675785e+02  -1.60788326e-03
   3.44676273e+02  -2.39311974e-03
   3.44676761e+02  -1.85837434e-03
   3.44677250e+02  -1.33073085e-03
   3.44677738e+02  -1.46804098e-03
   3.44678226e+02  -1.67321111e-03
   3.44678715e+02  -1.39122084e-03
   3.44679203e+02  -6.97825220e-04
   3.44679691e+02  -1.95572138e-04
   3.44680180e+02  -1.97929083e-04
   3.44680668e+02  -8.20635702e-04
   3.44681156e+02  -1.81017444e-03
   3.44681645e+02  -1.59628724e-03
   3.44682133e+02  -4.48460596e-05
   3.44682621e+02   9.11671901e-04
   3.44683110e+02  -1.05802530e-04
   3.44683598e+02  -9.74611088e-04
   3.44684086e+02   3.44490312e-04
   3.44684575e+02   1.86123117e-03
   3.44685063e+02   3.08336131e-03
   3.44685551e+02   3.93142086e-03
   3.44686040e+02   3.15789878e-03
   3.44686528e+02   1.91630109e-03
   3.44687016e+02   1.07069162e-03
   3.44687505e+02   6.16678619e-04
   3.44687993e+02   1.81127252e-04
   3.44688481e+02  -3.38945611e-05
   3.44688969e+02   6.54211035e-04
   3.44689458e+02   8.70859309e-04
   3.44689946e+02   1.28382671e-04
   3.44690434e+02   2.90520082e-04
   3.44690923e+02   8.71333759e-04
   3.44691411e+02   5.37210610e-04
   3.44691899e+02   3.96918011e-04
   3.44692388e+02   6.70082110e-04
   3.44692876e+02   4.54894704e-04
   3.44693364e+02  -2.75190163e-04
   3.44693853e+02  -9.77565302e-04
   3.44694341e+02  -6.66365435e-04
   3.44694829e+02   7.25314952e-04
   3.44695318e+02   1.64770032e-03
   3.44695806e+02   8.82196473e-04
   3.44696294e+02  -5.56488172e-04
   3.44696783e+02  -1.05726463e-03
   3.44697271e+02  -3.89232504e-04
   3.44697759e+02   4.02046193e-04
   3.44698248e+02   4.91389364e-04
   3.44698736e+02   4.57137678e-04
   3.44699224e+02   6.20237028e-04
   3.44699712e+02   3.82985192e-04
   3.44700201e+02   4.05835162e-04
   3.44700689e+02   1.16439478e-03
   3.44701177e+02   1.29730685e-03
   3.44701666e+02   9.99651500e-04
   3.44702154e+02   7.35110545e-04
   3.44702642e+02  -5.24700270e-04
   3.44703131e+02  -1.99172902e-03
   3.44703619e+02  -1.49209192e-03
   3.44704107e+02   3.78348166e-04
   3.44704596e+02   1.26789603e-03
   3.44705084e+02   8.32842488e-04
   3.44705572e+02   6.67631510e-04
   3.44706061e+02   1.35243044e-03
   3.44706549e+02   1.76403660e-03
   3.44707037e+02   1.29365281e-03
   3.44707526e+02   1.08404923e-03
   3.44708014e+02   1.19950494e-03
   3.44708502e+02   2.44127557e-04
   3.44708991e+02  -5.75944665e-04
   3.44709479e+02   2.49630190e-04
   3.44709967e+02   1.41993456e-03
   3.44710456e+02   1.00767380e-03
   3.44710944e+02  -7.59775518e-04
   3.44711432e+02  -1.74575741e-03
   3.44711920e+02  -1.00049656e-03
   3.44712409e+02  -2.95714068e-04
   3.44712897e+02  -8.74345307e-04
   3.44713385e+02  -1.30232086e-03
   3.44713874e+02  -6.41071587e-04
   3.44714362e+02  -9.11693642e-05
   3.44714850e+02   4.42287041e-04
   3.44715339e+02   1.20415958e-03
   3.44715827e+02   1.25530572e-03
   3.44716315e+02   2.13976862e-04
   3.44716804e+02  -9.43561434e-04
   3.44717292e+02  -1.30886139e-04
   3.44717780e+02   1.41919323e-03
   3.44718269e+02   1.08933810e-03
   3.44718757e+02   6.69497458e-05
   3.44719245e+02  -4.50396445e-04
   3.44719734e+02  -7.02242949e-04
   3.44720222e+02  -5.77913190e-04
   3.44720710e+02  -6.67877262e-04
   3.44721199e+02  -8.66442511e-04
   3.44721687e+02  -8.00763257e-04
   3.44722175e+02  -7.07841420e-04
   3.44722663e+02  -6.52537681e-04
   3.44723152e+02   3.03341047e-04
   3.44723640e+02   1.46053161e-03
   3.44724128e+02   1.34475890e-03
   3.44724617e+02   6.08127506e-04
   3.44725105e+02   3.09804076e-04
   3.44725593e+02   6.38761674e-04
   3.44726082e+02   1.27334171e-03
   3.44726570e+02   9.30407376e-04
   3.44727058e+02   1.13968876e-04
   3.44727547e+02   1.21202291e-07
   3.44728035e+02  -3.29941213e-05
   3.44728523e+02  -5.17970766e-04
   3.44729012e+02  -1.59204192e-03
   3.44729500e+02  -1.90572406e-03
   3.44729988e+02  -8.38344393e-04
   3.44730477e+02   3.42618005e-04
   3.44730965e+02   9.83798760e-04
   3.44731453e+02   1.54453883e-04
   3.44731942e+02  -1.49074220e-03
   3.44732430e+02  -1.65355357e-03
   3.44732918e+02  -6.27431844e-04
   3.44733406e+02   4.99776797e-05
   3.44733895e+02   2.12842089e-04
   3.44734383e+02   2.68422555e-05
   3.44734871e+02  -5.24139439e-04
   3.44735360e+02  -1.02732750e-03
   3.44735848e+02  -7.58827024e-04
   3.44736336e+02  -1.43770099e-04
   3.44736825e+02  -3.25315341e-05
   3.44737313e+02  -3.26347217e-04
   3.44737801e+02  -1.16381700e-04
   3.44738290e+02   2.54780956e-04
   3.44738778e+02  -7.18028314e-05
   3.44739266e+02  -7.26135113e-05
   3.44739755e+02   6.04860776e-04
   3.44740243e+02   3.22203297e-04
   3.44740731e+02  -6.53795956e-04
   3.44741220e+02  -1.02007133e-03
   3.44741708e+02  -8.62133224e-04
   3.44742196e+02   3.82101338e-04
   3.44742685e+02   2.19332241e-03
   3.44743173e+02   2.11805571e-03
   3.44743661e+02   8.55153252e-04
   3.44744150e+02   1.03712454e-03
   3.44744638e+02   2.31759530e-03
   3.44745126e+02   2.39121914e-03
   3.44745614e+02   1.22861506e-03
   3.44746103e+02   1.25219871e-03
   3.44746591e+02   2.30708858e-03
   3.44747079e+02   2.21632747e-03
   3.44747568e+02   1.35982072e-03
   3.44748056e+02   2.01646559e-04
   3.44748544e+02  -5.60407701e-04
   3.44749033e+02  -1.51488290e-04
   3.44749521e+02  -6.08074421e-04
   3.44750009e+02  -2.26359395e-03
   3.44750498e+02  -2.70568696e-03
   3.44750986e+02  -1.41100830e-03
   3.44751474e+02  -3.43493506e-04
   3.44751963e+02  -5.45004033e-04
   3.44752451e+02  -1.09219993e-03
   3.44752939e+02  -1.06860930e-03
   3.44753428e+02  -6.92160043e-04
   3.44753916e+02   7.96889653e-05
   3.44754404e+02   1.32991152e-03
   3.44754893e+02   2.10378831e-03
   3.44755381e+02   2.01385701e-03
   3.44755869e+02   1.34968606e-03
   3.44756357e+02   6.97930634e-04
   3.44756846e+02   5.83579822e-04
   3.44757334e+02   9.83922742e-04
   3.44757822e+02   1.09235698e-03
   3.44758311e+02   5.80795051e-04
   3.44758799e+02   8.51047371e-05
   3.44759287e+02  -1.36910967e-04
   3.44759776e+02  -1.28514177e-04
   3.44760264e+02  -4.31397377e-04
   3.44760752e+02  -8.07632459e-04
   3.44761241e+02  -4.05172323e-04
   3.44761729e+02  -2.23200666e-04
   3.44762217e+02  -1.11248030e-03
   3.44762706e+02  -2.01811618e-03
   3.44763194e+02  -9.33142321e-04
   3.44763682e+02   7.06881750e-04
   3.44764171e+02   3.99319222e-04
   3.44764659e+02  -2.19040186e-04
   3.44765147e+02  -1.19528508e-04
   3.44765636e+02   2.62217480e-04
   3.44766124e+02   6.65726780e-04
   3.44766612e+02   3.72433249e-04
   3.44767100e+02  -2.82149063e-04
   3.44767589e+02  -2.98899191e-04
   3.44768077e+02   4.38417483e-04
   3.44768565e+02   2.39024201e-04
   3.44769054e+02  -1.32220157e-03
   3.44769542e+02  -1.97970681e-03
   3.44770030e+02  -1.28418079e-03
   3.44770519e+02  -5.97799837e-04
   3.44771007e+02   6.96785792e-05
   3.44771495e+02   5.16793458e-04
   3.44771984e+02   1.24451990e-05
   3.44772472e+02  -7.57633359e-04
   3.44772960e+02  -5.21628303e-04
   3.44773449e+02   4.24530706e-04
   3.44773937e+02   1.28590630e-03
   3.44774425e+02   1.19747757e-03
   3.44774914e+02   2.36316511e-04
   3.44775402e+02   2.33702667e-04
   3.44775890e+02   1.20614888e-03
   3.44776379e+02   6.98932330e-04
   3.44776867e+02  -1.07600470e-03
   3.44777355e+02  -1.37079065e-03
   3.44777844e+02  -2.35398838e-04
   3.44778332e+02   6.23944274e-04
   3.44778820e+02   8.37753003e-04
   3.44779308e+02   7.94503023e-04
   3.44779797e+02  -1.36963616e-04
   3.44780285e+02  -1.62365660e-03
   3.44780773e+02  -2.36627483e-03
   3.44781262e+02  -1.97634683e-03
   3.44781750e+02  -1.44357700e-03
   3.44782238e+02  -1.98145024e-03
   3.44782727e+02  -2.85434560e-03
   3.44783215e+02  -1.71452016e-03
   3.44783703e+02   6.89908746e-04
   3.44784192e+02   1.15534139e-03
   3.44784680e+02  -5.81931148e-04
   3.44785168e+02  -1.55153743e-03
   3.44785657e+02  -5.53644320e-04
   3.44786145e+02   4.14167007e-04
   3.44786633e+02   6.58603734e-04
   3.44787122e+02   6.88865490e-04
   3.44787610e+02   6.27393369e-04
   3.44788098e+02   4.65062156e-04
   3.44788587e+02  -7.53460743e-04
   3.44789075e+02  -2.19472009e-03
   3.44789563e+02  -1.98532874e-03
   3.44790051e+02  -1.32427574e-03
   3.44790540e+02  -1.04337779e-03
   3.44791028e+02  -1.99876042e-04
   3.44791516e+02   5.48369891e-04
   3.44792005e+02   5.93898178e-04
   3.44792493e+02   1.98337148e-04
   3.44792981e+02   2.26381744e-05
   3.44793470e+02   4.39038762e-04
   3.44793958e+02   5.63039212e-04
   3.44794446e+02   2.94428552e-04
   3.44794935e+02   3.64497508e-04
   3.44795423e+02  -5.60631161e-04
   3.44795911e+02  -1.92809012e-03
   3.44796400e+02  -1.61136640e-03
   3.44796888e+02  -8.67115432e-06
   3.44797376e+02   5.53198915e-04
   3.44797865e+02  -2.67181807e-04
   3.44798353e+02  -1.34459697e-04
   3.44798841e+02   1.05037331e-03
   3.44799330e+02   1.59390119e-03
   3.44799818e+02   1.56662974e-03
   3.44800306e+02   1.63789873e-03
   3.44800794e+02   1.55387609e-03
   3.44801283e+02   1.14591059e-03
   3.44801771e+02   8.85471643e-04
   3.44802259e+02   1.02045794e-03
   3.44802748e+02   1.05596485e-03
   3.44803236e+02   6.98323303e-04
   3.44803724e+02   3.38573795e-04
   3.44804213e+02   5.62325353e-04
   3.44804701e+02   1.59096636e-03
   3.44805189e+02   1.78406411e-03
   3.44805678e+02   1.88994920e-04
   3.44806166e+02  -1.02160545e-03
   3.44806654e+02  -1.34191650e-03
   3.44807143e+02  -1.85758050e-03
   3.44807631e+02  -2.11298512e-03
   3.44808119e+02  -1.92199636e-03
   3.44808608e+02  -1.58212031e-03
   3.44809096e+02  -1.37971865e-03
   3.44809584e+02  -1.06791733e-03
   3.44810073e+02  -9.21331302e-05
   3.44810561e+02   4.20071650e-04
   3.44811049e+02  -2.38172477e-04
   3.44811538e+02  -1.07340491e-03
   3.44812026e+02  -1.48217834e-03
   3.44812514e+02  -1.44571066e-03
   3.44813002e+02  -9.39932128e-04
   3.44813491e+02  -1.39464915e-04
   3.44813979e+02  -3.18874168e-04
   3.44814467e+02  -1.92516658e-03
   3.44814956e+02  -2.18226458e-03
   3.44815444e+02  -4.08127991e-04
   3.44815932e+02   7.78127112e-04
   3.44816421e+02   9.68410110e-04
   3.44816909e+02   1.29209494e-03
   3.44817397e+02   1.89540826e-03
   3.44817886e+02   2.25932524e-03
   3.44818374e+02   1.92954217e-03
   3.44818862e+02   1.21361122e-03
   3.44819351e+02   9.61823098e-04
   3.44819839e+02   1.28686009e-03
   3.44820327e+02   1.02812285e-03
   3.44820816e+02   1.79482173e-04
   3.44821304e+02   5.19311361e-05
   3.44821792e+02   2.97035382e-04
   3.44822281e+02   7.17212912e-04
   3.44822769e+02   2.17324961e-03
   3.44823257e+02   2.84569338e-03
   3.44823745e+02   7.52796419e-04
   3.44824234e+02  -9.46600514e-04
   3.44824722e+02  -1.18599521e-04
   3.44825210e+02   2.80382286e-04
   3.44825699e+02  -8.51153280e-04
   3.44826187e+02  -1.08654273e-03
   3.44826675e+02  -7.05452039e-05
   3.44827164e+02   5.49380027e-04
   3.44827652e+02   1.40368968e-04
   3.44828140e+02  -6.92650443e-04
   3.44828629e+02  -8.27629643e-04
   3.44829117e+02  -3.82635975e-04
   3.44829605e+02  -3.90178378e-04
   3.44830094e+02  -1.19841076e-03
   3.44830582e+02  -1.54418824e-03
   3.44831070e+02  -4.62842581e-04
   3.44831559e+02   7.66902696e-04
   3.44832047e+02   9.16420831e-04
   3.44832535e+02  -2.61813722e-04
   3.44833024e+02  -1.62158930e-03
   3.44833512e+02  -1.85972778e-03
   3.44834000e+02  -9.84446611e-04
   3.44834488e+02   3.35251651e-04
   3.44834977e+02   2.51699676e-04
   3.44835465e+02  -6.91270398e-04
   3.44835953e+02  -9.21255851e-04
   3.44836442e+02  -1.30167953e-03
   3.44836930e+02  -1.68232364e-03
   3.44837418e+02  -8.84308771e-04
   3.44837907e+02   9.03797409e-05
   3.44838395e+02   1.86863239e-04
   3.44838883e+02   7.90010788e-04
   3.44839372e+02   6.79316348e-04
   3.44839860e+02  -1.30691318e-04
   3.44840348e+02  -4.02536447e-04
   3.44840837e+02  -9.41744423e-04
   3.44841325e+02  -1.68826443e-03
   3.44841813e+02  -1.71989924e-03
   3.44842302e+02  -1.32249668e-03
   3.44842790e+02  -1.11431128e-03
   3.44843278e+02  -1.01411133e-03
   3.44843767e+02  -6.96187548e-04
   3.44844255e+02  -7.59489776e-05
   3.44844743e+02   1.05956581e-03
   3.44845232e+02   1.43264805e-03
   3.44845720e+02   4.25585487e-04
   3.44846208e+02  -4.68474609e-04
   3.44846696e+02  -7.99885311e-04
   3.44847185e+02  -5.54790080e-04
   3.44847673e+02   3.05382477e-04
   3.44848161e+02   6.40403887e-04
   3.44848650e+02   2.73268796e-07
   3.44849138e+02  -6.75158924e-04
   3.44849626e+02  -7.03443366e-04
   3.44850115e+02  -1.16347591e-03
   3.44850603e+02  -1.30276906e-03
   3.44851091e+02   5.73504018e-04
   3.44851580e+02   1.95643026e-03
   3.44852068e+02   8.99227860e-04
   3.44852556e+02  -5.62517729e-04
   3.44853045e+02   1.15036928e-04
   3.44853533e+02   2.11699819e-03
   3.44854021e+02   2.28344928e-03
   3.44854510e+02   8.23087466e-04
   3.44854998e+02  -9.95840528e-05
   3.44855486e+02  -3.57256562e-04
   3.44855975e+02   1.53475601e-04
   3.44856463e+02   1.76382717e-04
   3.44856951e+02  -7.95283995e-04
   3.44857439e+02  -8.71427706e-04
   3.44857928e+02  -3.88266752e-04
   3.44858416e+02   1.05381165e-04
   3.44858904e+02   1.33416499e-03
   3.44859393e+02   1.70503184e-03
   3.44859881e+02   1.77393711e-04
   3.44860369e+02  -7.12405308e-04
   3.44860858e+02  -1.19670272e-04
   3.44861346e+02   3.37515492e-04
   3.44861834e+02   2.69632674e-05
   3.44862323e+02  -8.19521898e-04
   3.44862811e+02  -1.64453522e-03
   3.44863299e+02  -8.06137978e-04
   3.44863788e+02   1.41669938e-03
   3.44864276e+02   2.24858453e-03
   3.44864764e+02   1.69331499e-03
   3.44865253e+02   6.11093012e-04
   3.44865741e+02  -2.36078675e-04
   3.44866229e+02  -1.21518409e-04
   3.44866718e+02   1.25450111e-04
   3.44867206e+02  -2.80279171e-04
   3.44867694e+02  -1.16138509e-03
   3.44868183e+02  -1.70100061e-03
   3.44868671e+02  -1.28413481e-03
   3.44869159e+02   1.12703281e-04
   3.44869647e+02   1.95535016e-03
   3.44870136e+02   2.75707175e-03
   3.44870624e+02   1.85082911e-03
   3.44871112e+02   2.51486694e-04
   3.44871601e+02  -6.65355823e-04
   3.44872089e+02  -3.84107814e-04
   3.44872577e+02   3.29446339e-04
   3.44873066e+02   1.17934716e-04
   3.44873554e+02  -5.59046981e-04
   3.44874042e+02  -2.37933287e-04
   3.44874531e+02   1.32044384e-04
   3.44875019e+02  -7.01500161e-04
   3.44875507e+02  -1.63848733e-03
   3.44875996e+02  -1.78921665e-03
   3.44876484e+02  -1.62965246e-03
   3.44876972e+02  -1.08088250e-03
   3.44877461e+02  -6.54002419e-04
   3.44877949e+02  -6.36864628e-04
   3.44878437e+02  -2.19715046e-04
   3.44878926e+02   5.94937708e-04
   3.44879414e+02   1.00681093e-03
   3.44879902e+02   6.90215616e-04
   3.44880390e+02   8.85295391e-04
   3.44880879e+02   1.92199519e-03
   3.44881367e+02   1.65631401e-03
   3.44881855e+02  -6.14707606e-05
   3.44882344e+02  -7.37881404e-04
   3.44882832e+02  -5.62524481e-04
   3.44883320e+02  -1.11021777e-03
   3.44883809e+02  -2.00448767e-03
   3.44884297e+02  -2.41220021e-03
   3.44884785e+02  -1.64663664e-03
   3.44885274e+02   5.66730741e-05
   3.44885762e+02   1.35156163e-03
   3.44886250e+02   1.87111029e-03
   3.44886739e+02   1.78917509e-03
   3.44887227e+02   1.43544306e-03
   3.44887715e+02   1.42725173e-03
   3.44888204e+02   1.81216002e-03
   3.44888692e+02   1.41680648e-03
   3.44889180e+02  -1.86628313e-04
   3.44889669e+02  -1.88800436e-03
   3.44890157e+02  -2.24992703e-03
   3.44890645e+02  -9.66104388e-04
   3.44891133e+02   3.54785181e-04
   3.44891622e+02   9.69803950e-04
   3.44892110e+02   1.66589615e-03
   3.44892598e+02   1.80760422e-03
   3.44893087e+02   7.90342630e-04
   3.44893575e+02  -1.44767895e-04
   3.44894063e+02  -4.61303243e-05
   3.44894552e+02  -1.38204370e-04
   3.44895040e+02  -7.37139897e-04
   3.44895528e+02  -6.60351128e-04
   3.44896017e+02  -7.60716212e-04
   3.44896505e+02  -1.83204364e-03
   3.44896993e+02  -2.01012078e-03
   3.44897482e+02  -6.20647916e-04
   3.44897970e+02   9.02833941e-04
   3.44898458e+02   1.10765756e-03
   3.44898947e+02   7.87176366e-04
   3.44899435e+02   7.74163404e-04
   3.44899923e+02   1.44400532e-04
   3.44900412e+02  -5.43190865e-04
   3.44900900e+02  -6.42787316e-04
   3.44901388e+02  -6.56835502e-04
   3.44901877e+02  -4.70141880e-04
   3.44902365e+02   7.79508409e-05
   3.44902853e+02   2.98522325e-04
   3.44903341e+02  -7.05246406e-04
   3.44903830e+02  -1.79871416e-03
   3.44904318e+02  -9.65608167e-04
   3.44904806e+02   3.44617700e-04
   3.44905295e+02  -9.11364696e-05
   3.44905783e+02  -6.02045970e-04
   3.44906271e+02   3.15181678e-04
   3.44906760e+02   8.25522235e-04
   3.44907248e+02   3.54290387e-04
   3.44907736e+02   2.80730201e-05
   3.44908225e+02   1.01702637e-04
   3.44908713e+02  -3.50838876e-04
   3.44909201e+02  -1.60706649e-03
   3.44909690e+02  -2.34540575e-03
   3.44910178e+02  -1.73950160e-03
   3.44910666e+02  -7.64713215e-04
   3.44911155e+02  -1.00784830e-03
   3.44911643e+02  -2.12182873e-03
   3.44912131e+02  -2.14150059e-03
   3.44912620e+02  -1.79423345e-03
   3.44913108e+02  -2.11815583e-03
   3.44913596e+02  -1.27574359e-03
   3.44914084e+02   8.18410539e-04
   3.44914573e+02   2.18215608e-03
   3.44915061e+02   1.98092917e-03
   3.44915549e+02   2.35239323e-03
   3.44916038e+02   3.79069662e-03
   3.44916526e+02   2.91372952e-03
   3.44917014e+02   3.93403898e-04
   3.44917503e+02  -3.02085158e-04
   3.44917991e+02  -4.69451945e-04
   3.44918479e+02  -1.78406248e-03
   3.44918968e+02  -2.08485406e-03
   3.44919456e+02  -2.36593711e-04
   3.44919944e+02   1.66643795e-03
   3.44920433e+02   1.45595043e-03
   3.44920921e+02  -3.00444197e-04
   3.44921409e+02  -1.51550712e-03
   3.44921898e+02  -1.05431012e-03
   3.44922386e+02   2.99878651e-04
   3.44922874e+02   7.57716422e-04
   3.44923363e+02   6.17886777e-04
   3.44923851e+02   1.12226477e-03
   3.44924339e+02   1.61206839e-03
   3.44924827e+02   1.65793370e-03
   3.44925316e+02   1.04076485e-03
   3.44925804e+02  -7.23334437e-04
   3.44926292e+02  -2.48219911e-03
   3.44926781e+02  -2.56444956e-03
   3.44927269e+02  -7.85423152e-04
   3.44927757e+02   1.53951102e-03
   3.44928246e+02   1.65983301e-03
   3.44928734e+02  -3.29549017e-04
   3.44929222e+02  -1.19050301e-03
   3.44929711e+02  -1.09245954e-03
   3.44930199e+02  -1.97081873e-03
   3.44930687e+02  -2.58899294e-03
   3.44931176e+02  -1.80822972e-03
   3.44931664e+02  -1.18462881e-03
   3.44932152e+02  -1.15094066e-03
   3.44932641e+02  -5.14448388e-04
   3.44933129e+02  -3.37319216e-04
   3.44933617e+02  -9.15812678e-04
   3.44934106e+02  -1.41872419e-03
   3.44934594e+02  -2.20260653e-03
   3.44935082e+02  -1.91794289e-03
   3.44935571e+02  -4.31950204e-04
   3.44936059e+02  -5.37709602e-05
   3.44936547e+02  -5.75218350e-04
   3.44937035e+02  -1.24055694e-03
   3.44937524e+02  -2.13998347e-03
   3.44938012e+02  -2.62344559e-03
   3.44938500e+02  -1.82301702e-03
   3.44938989e+02  -4.91726736e-04
   3.44939477e+02   5.42668509e-04
   3.44939965e+02   1.60543667e-03
   3.44940454e+02   2.17018859e-03
   3.44940942e+02   1.75054173e-03
   3.44941430e+02   8.47278512e-04
   3.44941919e+02   3.91703215e-04
   3.44942407e+02   2.43207280e-04
   3.44942895e+02  -3.37536505e-04
   3.44943384e+02  -2.42504640e-04
   3.44943872e+02   5.27551747e-04
   3.44944360e+02   2.78224179e-04
   3.44944849e+02  -4.07127634e-04
   3.44945337e+02  -2.98266154e-04
   3.44945825e+02  -7.00996970e-05
   3.44946314e+02  -6.44191750e-05
   3.44946802e+02   2.66142364e-04
   3.44947290e+02   1.33184914e-03
   3.44947778e+02   1.93256268e-03
   3.44948267e+02   6.86450454e-04
   3.44948755e+02  -2.55502469e-04
   3.44949243e+02   1.87032638e-04
   3.44949732e+02   9.89345834e-04
   3.44950220e+02   1.47352135e-03
   3.44950708e+02   1.16115960e-03
   3.44951197e+02   7.30365515e-04
   3.44951685e+02   2.14694737e-04
   3.44952173e+02  -4.62973519e-04
   3.44952662e+02  -5.25020587e-04
   3.44953150e+02   2.03987758e-04
   3.44953638e+02   3.08996037e-04
   3.44954127e+02  -6.05860259e-04
   3.44954615e+02  -4.04296006e-04
