frequency (GHz), flux (Jy/beam)
   3.44888470e+02   2.59523309e-04
   3.44888959e+02  -2.49111094e-03
   3.44889447e+02  -3.88542213e-03
   3.44889935e+02  -3.27271665e-03
   3.44890423e+02  -5.99018123e-04
   3.44890912e+02   1.99254160e-03
   3.44891400e+02   6.87137654e-04
   3.44891888e+02  -3.27447592e-03
   3.44892377e+02  -4.90437960e-03
   3.44892865e+02  -3.28317494e-03
   3.44893353e+02  -1.80779723e-03
   3.44893842e+02  -1.38105347e-03
   3.44894330e+02  -5.07482211e-04
   3.44894818e+02  -3.71509319e-04
   3.44895307e+02  -6.86682761e-04
   3.44895795e+02  -7.93966814e-04
   3.44896283e+02   7.30187894e-05
   3.44896771e+02   1.87716354e-03
   3.44897260e+02   3.90142156e-03
   3.44897748e+02   4.39049443e-03
   3.44898236e+02   1.31962541e-03
   3.44898725e+02  -8.31596903e-04
   3.44899213e+02   1.04136096e-04
   3.44899701e+02   2.35042349e-03
   3.44900190e+02   2.74754711e-03
   3.44900678e+02  -7.78260364e-05
   3.44901166e+02  -1.14340207e-03
   3.44901655e+02   1.49476924e-04
   3.44902143e+02   1.53568725e-03
   3.44902631e+02   2.46378896e-03
   3.44903119e+02   1.15601125e-03
   3.44903608e+02  -1.78421789e-03
   3.44904096e+02  -1.76617457e-03
   3.44904584e+02   7.41712167e-04
   3.44905073e+02   1.70063076e-03
   3.44905561e+02   4.61411182e-05
   3.44906049e+02  -1.87350810e-03
   3.44906538e+02  -9.12217249e-04
   3.44907026e+02   1.27729878e-03
   3.44907514e+02   1.44724560e-03
   3.44908003e+02  -6.77705277e-04
   3.44908491e+02  -1.83174585e-03
   3.44908979e+02  -1.57937815e-03
   3.44909467e+02  -1.40048994e-03
   3.44909956e+02  -6.99737284e-04
   3.44910444e+02   3.17559839e-04
   3.44910932e+02   1.81809522e-03
   3.44911421e+02   2.26106797e-03
   3.44911909e+02   1.21321622e-03
   3.44912397e+02   1.43468822e-03
   3.44912886e+02   2.37536477e-03
   3.44913374e+02   1.43417576e-03
   3.44913862e+02   7.03365542e-04
   3.44914351e+02   8.21164926e-04
   3.44914839e+02   7.82623014e-04
   3.44915327e+02   8.72570323e-04
   3.44915815e+02  -1.99545204e-04
   3.44916304e+02  -5.97097329e-04
   3.44916792e+02  -3.86630534e-04
   3.44917280e+02  -2.09877081e-03
   3.44917769e+02  -3.22926533e-03
   3.44918257e+02  -2.42724363e-03
   3.44918745e+02  -1.52290706e-03
   3.44919234e+02  -7.58717826e-04
   3.44919722e+02  -3.67790431e-04
   3.44920210e+02  -1.07682555e-03
   3.44920699e+02  -3.45177390e-03
   3.44921187e+02  -3.69534222e-03
   3.44921675e+02  -1.36012549e-03
   3.44922163e+02  -4.75164765e-04
   3.44922652e+02  -5.81980334e-04
   3.44923140e+02  -8.44885653e-04
   3.44923628e+02  -1.30862067e-03
   3.44924117e+02  -1.68110360e-03
   3.44924605e+02  -1.17835670e-03
   3.44925093e+02  -9.22337713e-05
   3.44925582e+02  -3.55367694e-04
   3.44926070e+02  -1.04094762e-03
   3.44926558e+02  -1.70008221e-04
   3.44927047e+02   7.93775427e-04
   3.44927535e+02   8.68307077e-04
   3.44928023e+02  -2.97332939e-04
   3.44928512e+02  -2.48861703e-04
   3.44929000e+02   1.24065683e-03
   3.44929488e+02   9.42961953e-04
   3.44929976e+02   7.85093172e-04
   3.44930465e+02   1.52798707e-03
   3.44930953e+02   1.11247005e-03
   3.44931441e+02   6.46444096e-04
   3.44931930e+02   1.65446068e-03
   3.44932418e+02   2.68623605e-03
   3.44932906e+02   2.15490675e-03
   3.44933395e+02   8.21362191e-04
   3.44933883e+02  -8.89230694e-04
   3.44934371e+02  -7.99342932e-04
   3.44934860e+02   1.79218210e-03
   3.44935348e+02   2.48939218e-03
   3.44935836e+02  -2.37486074e-05
   3.44936324e+02  -1.66720187e-03
   3.44936813e+02  -1.53863034e-03
   3.44937301e+02  -5.54842060e-04
   3.44937789e+02   9.93894064e-04
   3.44938278e+02   1.24522962e-03
   3.44938766e+02  -5.57607564e-04
   3.44939254e+02  -1.61246851e-03
   3.44939743e+02   1.48631225e-04
   3.44940231e+02   1.09524932e-03
   3.44940719e+02   5.28955541e-04
   3.44941208e+02   1.88805663e-03
   3.44941696e+02   3.01899179e-03
   3.44942184e+02   1.21627573e-03
   3.44942672e+02  -1.24284578e-03
   3.44943161e+02  -1.07965979e-03
   3.44943649e+02   5.71661454e-04
   3.44944137e+02   1.50800741e-03
   3.44944626e+02   2.38986127e-03
   3.44945114e+02   1.42760912e-03
   3.44945602e+02  -8.95815843e-04
   3.44946091e+02   1.03267038e-03
   3.44946579e+02   4.12190612e-03
   3.44947067e+02   4.57308302e-03
   3.44947556e+02   4.34179511e-03
   3.44948044e+02   4.91124159e-03
   3.44948532e+02   4.64992644e-03
   3.44949020e+02   4.06902982e-03
   3.44949509e+02   4.03474830e-03
   3.44949997e+02   3.26246000e-03
   3.44950485e+02  -2.78415595e-04
   3.44950974e+02  -1.83212908e-03
   3.44951462e+02   6.68130175e-04
   3.44951950e+02   1.72405492e-03
   3.44952439e+02   1.52532081e-03
   3.44952927e+02   2.77580740e-03
   3.44953415e+02   4.11793869e-03
   3.44953904e+02   4.77009313e-03
   3.44954392e+02   3.63082136e-03
   3.44954880e+02   4.76622838e-04
   3.44955368e+02  -1.11762574e-03
   3.44955857e+02  -7.75346125e-04
   3.44956345e+02   1.66602153e-03
   3.44956833e+02   4.53660497e-03
   3.44957322e+02   3.45669268e-03
   3.44957810e+02   4.78887268e-05
   3.44958298e+02  -1.61306630e-03
   3.44958787e+02  -8.19449924e-05
   3.44959275e+02   3.71283991e-03
   3.44959763e+02   4.22136020e-03
   3.44960252e+02   2.91077624e-04
   3.44960740e+02  -1.34256564e-03
   3.44961228e+02  -1.76089772e-04
   3.44961716e+02  -1.01856684e-04
   3.44962205e+02  -7.61337578e-04
   3.44962693e+02  -1.07802614e-03
   3.44963181e+02  -5.05808566e-04
   3.44963670e+02   1.09767541e-03
   3.44964158e+02   2.75268871e-03
   3.44964646e+02   4.19592531e-03
   3.44965135e+02   3.85163794e-03
   3.44965623e+02   5.75916085e-04
   3.44966111e+02  -1.45772169e-03
   3.44966600e+02  -1.09074952e-03
   3.44967088e+02  -1.32011110e-03
   3.44967576e+02  -2.18813278e-04
   3.44968065e+02   2.19941209e-03
   3.44968553e+02   2.63839820e-03
   3.44969041e+02   1.74206193e-03
   3.44969529e+02   2.45006493e-04
   3.44970018e+02  -1.27763662e-03
   3.44970506e+02  -1.32293010e-03
   3.44970994e+02  -3.31119991e-05
   3.44971483e+02   1.72335503e-03
   3.44971971e+02   1.93933316e-03
   3.44972459e+02   5.42379683e-04
   3.44972948e+02  -3.03521723e-04
   3.44973436e+02  -4.18115815e-04
   3.44973924e+02  -1.97128276e-03
   3.44974413e+02  -3.33533552e-03
   3.44974901e+02  -1.54515472e-03
   3.44975389e+02   1.48991623e-03
   3.44975877e+02   2.01506820e-03
   3.44976366e+02   6.29912480e-04
   3.44976854e+02   8.16862594e-05
   3.44977342e+02  -5.75794766e-05
   3.44977831e+02   3.20354826e-04
   3.44978319e+02   1.04026683e-03
   3.44978807e+02   4.98099253e-04
   3.44979296e+02   7.29965686e-04
   3.44979784e+02   5.69231517e-04
   3.44980272e+02  -1.82705338e-03
   3.44980761e+02  -2.52215005e-03
   3.44981249e+02  -2.34202264e-04
   3.44981737e+02   3.50184506e-04
   3.44982225e+02  -1.25002873e-03
   3.44982714e+02  -1.42236159e-03
   3.44983202e+02   7.37641531e-04
   3.44983690e+02   2.32364587e-03
   3.44984179e+02   5.61873603e-04
   3.44984667e+02  -7.14050431e-04
   3.44985155e+02   2.18729067e-04
   3.44985644e+02   7.88407400e-04
   3.44986132e+02  -6.18434162e-04
   3.44986620e+02  -2.67851865e-03
   3.44987109e+02  -2.33794772e-03
   3.44987597e+02  -1.53612427e-03
   3.44988085e+02  -2.60852813e-03
   3.44988573e+02  -1.71583262e-03
   3.44989062e+02   1.79388339e-03
   3.44989550e+02   3.11785052e-03
   3.44990038e+02   1.22060801e-03
   3.44990527e+02  -1.20580080e-04
   3.44991015e+02  -2.44203780e-04
   3.44991503e+02  -1.44744001e-03
   3.44991992e+02  -2.70619709e-03
   3.44992480e+02  -2.09765183e-03
   3.44992968e+02  -1.61721127e-03
   3.44993457e+02  -1.33944431e-03
   3.44993945e+02   4.19067364e-04
   3.44994433e+02   2.49795103e-03
   3.44994921e+02   2.21258472e-03
   3.44995410e+02   3.27317946e-04
   3.44995898e+02  -7.37328992e-06
   3.44996386e+02   4.10155364e-04
   3.44996875e+02   1.33763894e-03
   3.44997363e+02   3.20783793e-03
   3.44997851e+02   4.65062633e-03
   3.44998340e+02   3.52331786e-03
   3.44998828e+02   7.77107896e-04
   3.44999316e+02  -8.82381632e-04
   3.44999805e+02  -2.12557800e-03
   3.45000293e+02  -1.45639549e-03
   3.45000781e+02   1.08195585e-03
   3.45001269e+02   1.60530233e-03
   3.45001758e+02   1.33407681e-04
   3.45002246e+02  -8.16512271e-04
   3.45002734e+02  -8.05947580e-04
   3.45003223e+02  -1.06733141e-03
   3.45003711e+02  -9.65139130e-04
   3.45004199e+02   1.51222793e-03
   3.45004688e+02   1.73002039e-03
   3.45005176e+02   7.80164555e-04
   3.45005664e+02   6.36333658e-04
   3.45006153e+02   1.27030420e-03
   3.45006641e+02   1.38482172e-03
   3.45007129e+02  -4.94911277e-04
   3.45007618e+02  -2.57811323e-03
   3.45008106e+02  -3.25450185e-03
   3.45008594e+02  -3.21172690e-03
   3.45009082e+02  -1.87641138e-03
   3.45009571e+02  -6.52404502e-04
   3.45010059e+02  -2.23376369e-03
   3.45010547e+02  -1.87103287e-03
   3.45011036e+02   1.92546693e-03
   3.45011524e+02   3.10916663e-03
   3.45012012e+02   3.03046987e-03
   3.45012501e+02   4.23385017e-03
   3.45012989e+02   3.78522533e-03
   3.45013477e+02   1.49336271e-03
   3.45013966e+02  -1.08972512e-04
   3.45014454e+02  -1.61744270e-03
   3.45014942e+02  -3.21209803e-03
   3.45015430e+02  -3.50853521e-03
   3.45015919e+02  -2.59193941e-03
   3.45016407e+02  -1.96067477e-03
   3.45016895e+02  -2.18873750e-03
   3.45017384e+02  -1.77958945e-03
   3.45017872e+02   3.23126937e-04
   3.45018360e+02   1.50672765e-03
   3.45018849e+02  -5.33146726e-04
   3.45019337e+02  -1.63203827e-03
   3.45019825e+02  -3.91855079e-04
   3.45020314e+02  -4.01341589e-04
   3.45020802e+02  -7.95317173e-04
   3.45021290e+02   1.05058454e-04
   3.45021778e+02   2.87138537e-04
   3.45022267e+02   4.39574724e-05
   3.45022755e+02   1.48657680e-04
   3.45023243e+02   1.81748634e-04
   3.45023732e+02   2.32454366e-03
   3.45024220e+02   3.43071576e-03
   3.45024708e+02   8.87033821e-04
   3.45025197e+02  -1.13371422e-03
   3.45025685e+02  -2.38934695e-03
   3.45026173e+02  -3.02222837e-03
   3.45026662e+02  -3.06431251e-03
   3.45027150e+02  -2.89602950e-03
   3.45027638e+02  -2.30621942e-03
   3.45028126e+02  -1.24378700e-03
   3.45028615e+02  -9.78692435e-04
   3.45029103e+02  -1.72591652e-03
   3.45029591e+02  -1.23520824e-03
   3.45030080e+02  -1.13410538e-03
   3.45030568e+02  -2.13566865e-03
   3.45031056e+02  -1.54325936e-03
   3.45031545e+02  -4.33328067e-04
   3.45032033e+02  -1.19034912e-05
   3.45032521e+02  -3.79004159e-05
   3.45033010e+02  -6.31707197e-04
   3.45033498e+02   2.53827078e-04
   3.45033986e+02   2.20376160e-03
   3.45034474e+02   2.11927365e-03
   3.45034963e+02   4.03778831e-05
   3.45035451e+02  -1.41848158e-03
   3.45035939e+02  -6.39889331e-04
   3.45036428e+02   9.97051480e-04
   3.45036916e+02   7.26811180e-04
   3.45037404e+02   6.00958185e-04
   3.45037893e+02   2.74493272e-04
   3.45038381e+02  -9.11671552e-04
   3.45038869e+02   5.21804846e-04
   3.45039358e+02   1.19686802e-03
   3.45039846e+02  -6.41671824e-04
   3.45040334e+02  -1.15919230e-03
   3.45040822e+02  -1.55841536e-03
   3.45041311e+02  -9.80753801e-04
   3.45041799e+02   2.14555371e-03
   3.45042287e+02   4.47787670e-03
   3.45042776e+02   3.92887788e-03
   3.45043264e+02   2.70491280e-03
   3.45043752e+02   9.48581961e-04
   3.45044241e+02  -1.50903116e-03
   3.45044729e+02  -3.07309791e-03
   3.45045217e+02  -2.26394599e-03
   3.45045706e+02  -1.35459937e-03
   3.45046194e+02  -1.94853079e-03
   3.45046682e+02  -6.60053571e-04
   3.45047171e+02   1.68623799e-03
   3.45047659e+02   1.28885766e-03
   3.45048147e+02   5.06507116e-04
   3.45048635e+02   1.80132058e-03
   3.45049124e+02   2.46046833e-03
   3.45049612e+02   1.52392732e-03
   3.45050100e+02  -1.82629708e-04
   3.45050589e+02  -1.81803980e-03
   3.45051077e+02  -1.03120145e-03
   3.45051565e+02   4.10007124e-05
   3.45052054e+02   3.41169107e-05
   3.45052542e+02   3.74918745e-04
   3.45053030e+02  -4.13774484e-04
   3.45053519e+02  -2.23580073e-03
   3.45054007e+02  -1.75438775e-03
   3.45054495e+02  -6.66492619e-04
   3.45054983e+02  -1.29222078e-03
   3.45055472e+02  -1.20656076e-03
   3.45055960e+02  -9.19311657e-04
   3.45056448e+02  -1.95208122e-03
   3.45056937e+02  -2.89998762e-03
   3.45057425e+02  -4.20868350e-03
   3.45057913e+02  -4.06846963e-03
   3.45058402e+02  -1.76560145e-03
   3.45058890e+02  -1.44085789e-03
   3.45059378e+02  -8.64888309e-04
   3.45059867e+02   1.75443303e-03
   3.45060355e+02   2.39795260e-03
   3.45060843e+02   6.42814033e-04
   3.45061331e+02  -9.54924093e-04
   3.45061820e+02  -2.04720255e-03
   3.45062308e+02  -3.07012582e-03
   3.45062796e+02  -3.03427083e-03
   3.45063285e+02  -2.01821607e-03
   3.45063773e+02  -1.07131345e-04
   3.45064261e+02   1.83489721e-03
   3.45064750e+02   8.97194899e-04
   3.45065238e+02  -8.04636918e-04
   3.45065726e+02   1.12586829e-03
   3.45066215e+02   3.25920922e-03
   3.45066703e+02   1.38735119e-03
   3.45067191e+02  -6.80978061e-04
   3.45067679e+02  -5.24975825e-04
   3.45068168e+02  -9.80273122e-04
   3.45068656e+02  -4.82199364e-04
   3.45069144e+02   2.26251490e-04
   3.45069633e+02  -7.28777901e-04
   3.45070121e+02  -8.89579591e-04
   3.45070609e+02  -7.92151783e-04
   3.45071098e+02  -1.57412631e-03
   3.45071586e+02  -2.59930408e-03
   3.45072074e+02  -3.82956327e-03
   3.45072563e+02  -2.62604468e-03
   3.45073051e+02  -3.48501140e-04
   3.45073539e+02   8.13776918e-04
   3.45074027e+02   1.13583182e-03
   3.45074516e+02  -2.14172207e-04
   3.45075004e+02  -2.42292671e-03
   3.45075492e+02  -2.04614457e-03
   3.45075981e+02  -7.27632316e-04
   3.45076469e+02  -1.04913663e-03
   3.45076957e+02   2.45340110e-04
   3.45077446e+02   2.25985586e-03
   3.45077934e+02   1.60946988e-03
   3.45078422e+02  -1.19674182e-03
   3.45078911e+02  -1.99353206e-03
   3.45079399e+02   7.44599674e-04
   3.45079887e+02   2.94968486e-03
   3.45080375e+02   2.51051807e-03
   3.45080864e+02   5.90904849e-04
   3.45081352e+02   4.47446888e-04
   3.45081840e+02   7.49048835e-04
   3.45082329e+02  -7.82261486e-04
   3.45082817e+02  -1.85544847e-03
   3.45083305e+02  -2.24116957e-03
   3.45083794e+02  -1.69956498e-03
   3.45084282e+02  -3.20910069e-04
   3.45084770e+02   9.39400634e-04
   3.45085259e+02   1.61013554e-03
   3.45085747e+02   1.24883931e-03
   3.45086235e+02   1.33518828e-03
   3.45086724e+02   1.32699416e-03
   3.45087212e+02  -3.45598150e-04
   3.45087700e+02  -1.77098182e-03
   3.45088188e+02  -1.59726606e-03
   3.45088677e+02  -3.92646441e-04
   3.45089165e+02   3.62530176e-04
   3.45089653e+02   5.17523731e-05
   3.45090142e+02   5.57002088e-04
   3.45090630e+02   1.12540799e-03
   3.45091118e+02  -1.56206414e-04
   3.45091607e+02  -1.23075186e-03
   3.45092095e+02  -5.10838116e-04
   3.45092583e+02   5.70376229e-04
   3.45093072e+02  -2.06499768e-04
   3.45093560e+02  -1.63603690e-03
   3.45094048e+02  -2.31165416e-03
   3.45094536e+02  -2.47790129e-03
   3.45095025e+02  -1.26766053e-03
   3.45095513e+02  -1.56217153e-04
   3.45096001e+02  -4.37038980e-04
   3.45096490e+02   3.54796968e-04
   3.45096978e+02   1.16704789e-03
   3.45097466e+02  -4.46150312e-04
   3.45097955e+02  -1.67836237e-03
   3.45098443e+02   1.20822340e-04
   3.45098931e+02   1.41274440e-03
   3.45099420e+02  -2.82908353e-04
   3.45099908e+02  -1.59884535e-03
   3.45100396e+02  -1.07159221e-03
   3.45100884e+02  -1.07561300e-05
   3.45101373e+02   9.00249579e-04
   3.45101861e+02   1.44750311e-03
   3.45102349e+02   7.20053795e-04
   3.45102838e+02  -9.87368287e-04
   3.45103326e+02  -1.42504158e-03
   3.45103814e+02  -1.34877002e-04
   3.45104303e+02   1.48879108e-03
   3.45104791e+02   7.34923582e-04
   3.45105279e+02  -1.21120119e-03
   3.45105768e+02  -9.43315390e-04
   3.45106256e+02   2.16282351e-05
   3.45106744e+02   4.75548033e-04
   3.45107232e+02   1.77538954e-03
   3.45107721e+02   2.20615603e-03
   3.45108209e+02   9.57436219e-04
   3.45108697e+02   1.50356864e-04
   3.45109186e+02  -5.97015230e-07
   3.45109674e+02   4.54787514e-04
   3.45110162e+02   1.47545198e-03
   3.45110651e+02   1.29019725e-03
   3.45111139e+02   9.98214004e-04
   3.45111627e+02   1.93427666e-03
   3.45112116e+02   1.12306338e-03
   3.45112604e+02  -1.38707052e-03
   3.45113092e+02  -1.95814995e-03
   3.45113580e+02   5.54164813e-04
   3.45114069e+02   2.33127014e-03
   3.45114557e+02   2.45187106e-03
   3.45115045e+02   1.49480172e-03
   3.45115534e+02  -9.93899535e-04
   3.45116022e+02  -1.76622230e-03
   3.45116510e+02  -9.77974269e-04
   3.45116999e+02  -1.28437148e-03
   3.45117487e+02  -1.62055867e-03
   3.45117975e+02  -2.17517302e-03
   3.45118464e+02  -2.61596963e-03
   3.45118952e+02  -1.75791001e-03
   3.45119440e+02  -1.25086447e-03
   3.45119928e+02  -2.56066187e-03
   3.45120417e+02  -3.60937440e-03
   3.45120905e+02  -3.60955414e-03
   3.45121393e+02  -2.65534874e-03
   3.45121882e+02  -8.31807090e-04
   3.45122370e+02  -3.32356925e-04
   3.45122858e+02  -1.35883616e-04
   3.45123347e+02   6.41320366e-04
   3.45123835e+02   2.03733725e-04
   3.45124323e+02  -3.37649195e-04
   3.45124812e+02  -6.27645524e-04
   3.45125300e+02  -4.84046555e-04
   3.45125788e+02  -6.29890070e-04
   3.45126277e+02   1.55557849e-04
   3.45126765e+02   1.40956778e-03
   3.45127253e+02   1.17701979e-03
   3.45127741e+02   1.13132282e-03
   3.45128230e+02   2.44683237e-03
   3.45128718e+02   3.71991051e-03
   3.45129206e+02   3.04104434e-03
   3.45129695e+02   1.31509604e-03
   3.45130183e+02   5.86642011e-04
   3.45130671e+02  -5.51000645e-04
   3.45131160e+02  -2.40217312e-03
   3.45131648e+02  -3.52469133e-03
   3.45132136e+02  -3.84146837e-03
   3.45132625e+02  -3.23243299e-03
   3.45133113e+02  -1.55995216e-03
   3.45133601e+02   1.08263630e-03
   3.45134089e+02   1.86902552e-03
   3.45134578e+02  -6.89620618e-04
   3.45135066e+02  -2.39142636e-03
   3.45135554e+02  -1.75662991e-03
   3.45136043e+02  -1.90690916e-03
   3.45136531e+02  -2.33487715e-03
   3.45137019e+02  -7.07625877e-04
   3.45137508e+02   1.12979359e-03
   3.45137996e+02   1.41023821e-03
   3.45138484e+02   1.37944717e-03
   3.45138973e+02   5.56642713e-04
   3.45139461e+02   6.25897956e-04
   3.45139949e+02   1.05271721e-03
   3.45140437e+02  -9.07948357e-04
   3.45140926e+02  -3.02102068e-03
   3.45141414e+02  -3.93803185e-03
   3.45141902e+02  -2.71070888e-03
   3.45142391e+02   4.42208402e-04
   3.45142879e+02   1.11485389e-03
   3.45143367e+02   1.61546527e-03
   3.45143856e+02   2.37057195e-03
   3.45144344e+02  -1.08112476e-03
   3.45144832e+02  -3.36964824e-03
   3.45145321e+02  -8.06301832e-04
   3.45145809e+02   8.15663778e-04
   3.45146297e+02   1.36837130e-04
   3.45146785e+02   4.01914702e-04
   3.45147274e+02   3.07079172e-04
   3.45147762e+02  -3.74319148e-04
   3.45148250e+02  -3.67666245e-04
   3.45148739e+02  -1.66673944e-05
   3.45149227e+02   7.16992130e-04
   3.45149715e+02   1.22028682e-03
   3.45150204e+02   9.11892683e-04
   3.45150692e+02  -5.93671866e-04
   3.45151180e+02  -1.93264091e-03
   3.45151669e+02  -2.73713027e-03
   3.45152157e+02  -2.74131261e-03
   3.45152645e+02  -2.33380450e-03
   3.45153133e+02  -2.48438423e-03
   3.45153622e+02  -2.30008038e-03
   3.45154110e+02  -1.54693739e-03
   3.45154598e+02  -1.39992102e-03
   3.45155087e+02  -1.02766510e-03
   3.45155575e+02  -5.37307526e-04
   3.45156063e+02  -6.21558283e-04
   3.45156552e+02  -4.54829977e-04
   3.45157040e+02  -6.80248719e-04
   3.45157528e+02  -2.23490875e-03
   3.45158017e+02  -3.83461360e-03
   3.45158505e+02  -4.50676167e-03
   3.45158993e+02  -2.46768957e-03
   3.45159481e+02   8.06802942e-04
   3.45159970e+02   1.75306271e-03
   3.45160458e+02  -1.72969667e-05
   3.45160946e+02  -1.07335648e-03
   3.45161435e+02  -3.29421637e-05
   3.45161923e+02  -7.74736167e-04
   3.45162411e+02  -1.91160664e-03
   3.45162900e+02   1.35717837e-05
   3.45163388e+02   1.85315963e-03
   3.45163876e+02   1.04129349e-03
   3.45164365e+02  -4.80617746e-04
   3.45164853e+02  -3.28598428e-04
   3.45165341e+02   9.84259532e-04
   3.45165830e+02   1.49312918e-03
   3.45166318e+02   4.11605870e-04
   3.45166806e+02  -8.02968570e-04
   3.45167294e+02  -1.57675648e-04
   3.45167783e+02   2.57817650e-04
   3.45168271e+02  -1.34251034e-03
   3.45168759e+02  -3.00490228e-03
   3.45169248e+02  -2.68691662e-03
   3.45169736e+02   2.21249516e-04
   3.45170224e+02   2.09450605e-03
   3.45170713e+02   1.58549089e-03
   3.45171201e+02   2.31124996e-03
   3.45171689e+02   2.04527914e-03
   3.45172178e+02   2.74427759e-04
   3.45172666e+02  -2.19340058e-04
   3.45173154e+02  -9.79625387e-04
   3.45173642e+02  -9.39186721e-04
   3.45174131e+02   8.32254649e-04
   3.45174619e+02   4.57181945e-04
   3.45175107e+02  -1.80778606e-03
   3.45175596e+02  -2.10284838e-03
   3.45176084e+02  -1.31281489e-03
   3.45176572e+02  -1.80178497e-03
   3.45177061e+02  -1.50779821e-03
   3.45177549e+02  -9.21285304e-04
   3.45178037e+02  -1.35233055e-03
   3.45178526e+02  -3.33960663e-04
   3.45179014e+02   1.25806034e-03
   3.45179502e+02   1.72777253e-03
   3.45179990e+02   2.53259647e-03
   3.45180479e+02   2.45673792e-03
   3.45180967e+02   1.05237798e-03
   3.45181455e+02  -4.84814926e-04
   3.45181944e+02  -2.35725520e-03
   3.45182432e+02  -3.33462469e-03
   3.45182920e+02  -2.73809698e-03
   3.45183409e+02  -2.97488878e-04
   3.45183897e+02   1.98030937e-03
   3.45184385e+02   1.56411144e-03
   3.45184874e+02   4.24877682e-04
   3.45185362e+02  -4.16362629e-04
   3.45185850e+02  -4.52244887e-04
   3.45186338e+02  -1.01993814e-04
   3.45186827e+02  -6.63847313e-04
   3.45187315e+02  -3.58815101e-04
   3.45187803e+02   7.70057028e-04
   3.45188292e+02   1.68036856e-03
   3.45188780e+02   1.27841928e-03
   3.45189268e+02  -1.25131279e-04
   3.45189757e+02   1.84844219e-04
   3.45190245e+02   9.92892426e-04
   3.45190733e+02  -1.88737278e-04
   3.45191222e+02  -1.50572928e-03
   3.45191710e+02  -1.61675340e-03
   3.45192198e+02  -1.74019404e-03
   3.45192686e+02  -7.05380866e-04
   3.45193175e+02   4.05223051e-04
   3.45193663e+02   1.53137604e-04
   3.45194151e+02   1.79883558e-03
   3.45194640e+02   3.81148560e-03
   3.45195128e+02   2.19981815e-03
   3.45195616e+02   1.73982792e-03
   3.45196105e+02   4.65306919e-03
   3.45196593e+02   5.12546068e-03
   3.45197081e+02   2.54834327e-03
   3.45197570e+02   5.51127770e-04
   3.45198058e+02   1.71428677e-04
   3.45198546e+02  -7.58246053e-04
   3.45199034e+02  -1.90903235e-03
   3.45199523e+02  -1.07494078e-03
   3.45200011e+02  -2.17171293e-03
   3.45200499e+02  -4.63366555e-03
   3.45200988e+02  -3.98415560e-03
   3.45201476e+02  -1.88045588e-03
   3.45201964e+02   2.29906058e-04
   3.45202453e+02   1.48892810e-03
   3.45202941e+02   1.66336494e-03
   3.45203429e+02   2.73643923e-03
   3.45203918e+02   2.58998806e-03
   3.45204406e+02  -8.45762785e-04
   3.45204894e+02  -2.75060371e-03
   3.45205383e+02  -2.11708294e-03
   3.45205871e+02  -1.98669289e-03
   3.45206359e+02  -1.97722181e-03
   3.45206847e+02  -8.15726933e-04
   3.45207336e+02  -5.07338089e-04
   3.45207824e+02   4.02810634e-04
   3.45208312e+02   2.68831197e-03
   3.45208801e+02   2.85546039e-03
   3.45209289e+02   1.88912556e-03
   3.45209777e+02   7.90653809e-04
   3.45210266e+02   6.42260537e-04
   3.45210754e+02   1.58286991e-03
   3.45211242e+02   1.50676235e-03
   3.45211731e+02   1.06274360e-03
   3.45212219e+02   5.90151991e-04
   3.45212707e+02  -1.29045628e-03
   3.45213195e+02  -2.43890891e-03
   3.45213684e+02  -1.35111692e-03
   3.45214172e+02  -1.94940949e-04
   3.45214660e+02   2.84381997e-04
   3.45215149e+02  -5.22839429e-04
   3.45215637e+02  -2.39949278e-03
   3.45216125e+02  -1.72020611e-03
   3.45216614e+02   8.52989324e-04
   3.45217102e+02   6.11989875e-04
   3.45217590e+02  -2.85831839e-03
   3.45218079e+02  -3.90685350e-03
   3.45218567e+02  -1.58021483e-03
   3.45219055e+02   3.34018929e-04
   3.45219543e+02   1.10767293e-03
   3.45220032e+02   8.78877880e-04
   3.45220520e+02  -3.19125858e-04
   3.45221008e+02  -2.60313886e-04
   3.45221497e+02   1.24136789e-03
   3.45221985e+02   2.13941326e-03
   3.45222473e+02   2.30049039e-03
   3.45222962e+02  -2.89394287e-04
   3.45223450e+02  -3.87359690e-03
   3.45223938e+02  -5.71786612e-03
   3.45224427e+02  -5.74066956e-03
   3.45224915e+02  -3.82560701e-03
   3.45225403e+02  -1.38349121e-03
   3.45225891e+02   1.54066045e-04
   3.45226380e+02   4.26054583e-04
   3.45226868e+02  -3.68645095e-04
   3.45227356e+02  -4.01027675e-04
   3.45227845e+02   7.06621737e-04
   3.45228333e+02   1.76489656e-03
   3.45228821e+02   2.19206885e-03
   3.45229310e+02   1.22070650e-03
   3.45229798e+02  -5.12638013e-04
   3.45230286e+02  -1.32080831e-03
   3.45230775e+02  -6.15535071e-04
   3.45231263e+02  -2.81830027e-04
   3.45231751e+02  -8.74825811e-04
   3.45232239e+02  -2.77468334e-05
   3.45232728e+02   1.12167315e-03
   3.45233216e+02   1.14926836e-03
   3.45233704e+02   1.18210632e-03
   3.45234193e+02  -3.01623018e-04
   3.45234681e+02  -2.49831052e-03
   3.45235169e+02  -2.37124576e-03
   3.45235658e+02  -1.97979761e-03
   3.45236146e+02  -2.14785599e-04
   3.45236634e+02   3.43107991e-03
   3.45237123e+02   3.87140340e-03
   3.45237611e+02   5.45837102e-04
   3.45238099e+02  -7.35155947e-04
   3.45238587e+02   1.95322296e-04
   3.45239076e+02  -1.43513607e-03
   3.45239564e+02  -2.92011001e-03
   3.45240052e+02  -7.21123870e-05
   3.45240541e+02   2.84445798e-03
   3.45241029e+02   2.23237276e-03
   3.45241517e+02   1.73531868e-03
   3.45242006e+02   3.23229615e-04
   3.45242494e+02  -3.18624265e-03
   3.45242982e+02  -5.29393088e-03
   3.45243471e+02  -3.38330376e-03
   3.45243959e+02   1.01865407e-04
   3.45244447e+02  -4.15188697e-04
   3.45244936e+02  -3.01229674e-03
   3.45245424e+02  -1.67969707e-03
   3.45245912e+02   3.55080061e-04
   3.45246400e+02   2.93119112e-04
   3.45246889e+02   1.65278162e-03
   3.45247377e+02   2.60711461e-03
   3.45247865e+02   2.65734096e-04
   3.45248354e+02  -1.57889829e-03
   3.45248842e+02  -1.90828030e-03
   3.45249330e+02  -2.43855431e-03
   3.45249819e+02  -2.77705677e-03
   3.45250307e+02  -2.40777899e-03
   3.45250795e+02  -9.06969595e-04
   3.45251284e+02   4.19342861e-04
   3.45251772e+02   3.29839968e-04
   3.45252260e+02   2.80760956e-04
   3.45252748e+02   5.74929931e-04
   3.45253237e+02   2.18933492e-04
   3.45253725e+02   1.13022630e-03
   3.45254213e+02   2.24921550e-03
   3.45254702e+02   8.26547795e-04
   3.45255190e+02  -1.32171251e-03
   3.45255678e+02  -2.45374301e-03
   3.45256167e+02  -1.91843102e-03
   3.45256655e+02   1.13811926e-03
   3.45257143e+02   3.05563491e-03
   3.45257632e+02   1.05077983e-03
   3.45258120e+02  -3.84882704e-04
   3.45258608e+02   6.42884697e-04
   3.45259096e+02   8.12959799e-04
   3.45259585e+02   8.92793061e-04
   3.45260073e+02   2.01856717e-03
   3.45260561e+02   1.68557954e-03
   3.45261050e+02  -3.16760445e-04
   3.45261538e+02  -2.26542982e-03
   3.45262026e+02  -1.55492022e-03
   3.45262515e+02   1.42301293e-03
   3.45263003e+02   4.15397482e-03
   3.45263491e+02   4.84967697e-03
   3.45263980e+02   4.72579105e-03
   3.45264468e+02   4.29227436e-03
   3.45264956e+02   2.31161783e-03
   3.45265444e+02  -1.83376542e-04
   3.45265933e+02  -2.45113857e-03
   3.45266421e+02  -2.90802401e-03
   3.45266909e+02  -1.50131620e-03
   3.45267398e+02  -1.60590920e-03
   3.45267886e+02  -2.32099625e-03
   3.45268374e+02  -1.82883930e-03
   3.45268863e+02  -2.38483609e-03
   3.45269351e+02  -2.46377662e-03
   3.45269839e+02  -9.62880091e-04
   3.45270328e+02  -9.58949619e-04
   3.45270816e+02  -2.15340382e-03
   3.45271304e+02  -1.90443697e-03
   3.45271792e+02  -8.33776779e-04
   3.45272281e+02  -6.90714398e-04
   3.45272769e+02  -8.52065627e-04
   3.45273257e+02  -5.43445116e-04
   3.45273746e+02   6.33128278e-04
   3.45274234e+02   1.84595073e-03
   3.45274722e+02   9.55196039e-04
   3.45275211e+02  -8.34035163e-04
   3.45275699e+02  -1.54870830e-03
   3.45276187e+02  -7.15902483e-04
   3.45276676e+02   8.05548159e-04
   3.45277164e+02   1.70973723e-03
   3.45277652e+02   2.23465776e-03
   3.45278140e+02   2.64824787e-03
   3.45278629e+02   1.82418025e-03
   3.45279117e+02  -4.62705095e-04
   3.45279605e+02  -2.60780496e-03
   3.45280094e+02  -3.02165141e-03
   3.45280582e+02  -2.02457840e-03
   3.45281070e+02  -9.14329896e-04
   3.45281559e+02  -5.04405121e-04
   3.45282047e+02  -8.22877428e-06
   3.45282535e+02  -4.03045211e-04
   3.45283024e+02  -1.47303590e-03
   3.45283512e+02  -1.86672888e-03
   3.45284000e+02  -5.21131151e-04
   3.45284489e+02   1.74360606e-03
   3.45284977e+02   2.04615365e-03
   3.45285465e+02   2.26895092e-03
   3.45285953e+02   2.85027083e-03
   3.45286442e+02   1.77814357e-03
   3.45286930e+02   8.98925413e-04
   3.45287418e+02   6.69717265e-04
   3.45287907e+02   1.38345850e-03
   3.45288395e+02   1.39800971e-03
   3.45288883e+02   3.95631039e-04
   3.45289372e+02   1.89941638e-04
   3.45289860e+02   4.46319726e-04
   3.45290348e+02   1.01906923e-03
   3.45290837e+02   1.64446188e-03
   3.45291325e+02   1.24640623e-03
   3.45291813e+02  -7.68750964e-04
   3.45292301e+02  -2.52972706e-03
   3.45292790e+02  -3.36496695e-03
   3.45293278e+02  -2.17829621e-03
   3.45293766e+02  -2.12572850e-04
   3.45294255e+02   1.07719388e-03
   3.45294743e+02   2.01275805e-03
   3.45295231e+02   3.64414358e-04
   3.45295720e+02  -1.03225338e-03
   3.45296208e+02  -2.47096148e-04
   3.45296696e+02  -6.75013638e-04
   3.45297185e+02  -3.26342066e-03
   3.45297673e+02  -3.89304035e-03
   3.45298161e+02  -1.60958490e-03
   3.45298649e+02   1.25680992e-03
   3.45299138e+02   1.57481281e-03
   3.45299626e+02  -5.29338664e-04
   3.45300114e+02  -2.90420139e-03
   3.45300603e+02  -2.64319568e-03
   3.45301091e+02  -4.77774214e-04
   3.45301579e+02   2.14348795e-04
   3.45302068e+02   1.85088851e-04
   3.45302556e+02   1.71305530e-03
   3.45303044e+02   2.76704994e-03
   3.45303533e+02   3.54781281e-04
   3.45304021e+02  -3.46574024e-03
   3.45304509e+02  -4.69025504e-03
   3.45304997e+02  -4.20394447e-03
   3.45305486e+02  -3.50091537e-03
   3.45305974e+02  -2.46956828e-03
   3.45306462e+02  -1.63506682e-03
   3.45306951e+02  -2.13328446e-03
   3.45307439e+02  -1.78666995e-03
   3.45307927e+02   2.38390741e-04
   3.45308416e+02  -8.12588376e-04
   3.45308904e+02  -3.20747262e-03
   3.45309392e+02  -1.48258032e-03
   3.45309881e+02   1.37976010e-03
   3.45310369e+02   1.76067464e-03
   3.45310857e+02   7.83846888e-04
   3.45311345e+02  -1.07983383e-03
   3.45311834e+02  -2.01052055e-03
   3.45312322e+02   4.34106478e-04
   3.45312810e+02   2.27664853e-03
   3.45313299e+02   1.18515443e-03
   3.45313787e+02   2.28999372e-04
   3.45314275e+02   9.18925740e-04
   3.45314764e+02   1.38250482e-03
   3.45315252e+02   2.55307532e-04
   3.45315740e+02  -5.95375954e-04
   3.45316229e+02  -7.46570004e-05
   3.45316717e+02   3.21441883e-04
   3.45317205e+02  -8.82623935e-05
   3.45317693e+02  -1.36836956e-03
   3.45318182e+02  -2.16818205e-03
   3.45318670e+02  -1.60631281e-03
   3.45319158e+02  -1.03233953e-03
   3.45319647e+02  -9.86758969e-04
   3.45320135e+02  -4.17406380e-04
   3.45320623e+02   4.39002062e-04
   3.45321112e+02  -1.98719004e-04
   3.45321600e+02  -1.62332656e-03
   3.45322088e+02  -1.99425151e-03
   3.45322577e+02  -2.31199758e-03
   3.45323065e+02  -1.98536133e-03
   3.45323553e+02  -3.40072729e-04
   3.45324042e+02  -3.08198883e-04
   3.45324530e+02  -4.06591658e-04
   3.45325018e+02   1.03475561e-03
   3.45325506e+02   1.58695353e-03
   3.45325995e+02   6.97260664e-04
   3.45326483e+02  -8.17295004e-05
   3.45326971e+02  -1.92597145e-05
   3.45327460e+02  -3.74907628e-04
   3.45327948e+02  -2.12926025e-04
   3.45328436e+02   1.02951494e-03
   3.45328925e+02   1.15852593e-03
   3.45329413e+02   9.54343122e-04
   3.45329901e+02   1.95192453e-03
   3.45330390e+02   2.89108697e-03
   3.45330878e+02   2.52321362e-03
   3.45331366e+02   1.04923709e-03
   3.45331854e+02   5.75515500e-04
   3.45332343e+02   8.93808610e-04
   3.45332831e+02  -5.99745545e-04
   3.45333319e+02  -2.58760364e-03
   3.45333808e+02  -1.80092233e-03
   3.45334296e+02   6.77129065e-05
   3.45334784e+02   2.50509365e-05
   3.45335273e+02  -1.07931776e-03
   3.45335761e+02  -1.83295470e-03
   3.45336249e+02  -1.38850394e-03
   3.45336738e+02  -1.21719379e-03
   3.45337226e+02  -2.80471169e-03
   3.45337714e+02  -4.00936324e-03
   3.45338202e+02  -1.78224361e-03
   3.45338691e+02   2.04350008e-03
   3.45339179e+02   3.68161360e-03
   3.45339667e+02   2.22150679e-03
   3.45340156e+02   4.84084012e-04
   3.45340644e+02   3.66636639e-04
   3.45341132e+02   1.25172909e-03
   3.45341621e+02   1.71051151e-03
   3.45342109e+02  -1.08932451e-04
   3.45342597e+02  -2.33985274e-03
   3.45343086e+02  -1.42492249e-03
   3.45343574e+02   4.69742576e-04
   3.45344062e+02   4.28330852e-04
   3.45344550e+02  -7.72767060e-04
   3.45345039e+02  -2.25378177e-03
   3.45345527e+02  -3.03458679e-03
   3.45346015e+02  -1.90612895e-03
   3.45346504e+02   1.22454629e-04
   3.45346992e+02   2.93884496e-03
   3.45347480e+02   3.04913823e-03
   3.45347969e+02  -1.71211213e-04
   3.45348457e+02  -1.09722174e-03
   3.45348945e+02  -2.79090833e-04
   3.45349434e+02  -2.92045705e-04
   3.45349922e+02   1.98311856e-04
   3.45350410e+02  -2.16414133e-04
   3.45350898e+02  -1.02021010e-03
   3.45351387e+02  -1.16951240e-03
   3.45351875e+02  -2.06759525e-03
   3.45352363e+02  -2.07234081e-03
   3.45352852e+02   5.41539921e-04
   3.45353340e+02   2.40205554e-03
   3.45353828e+02   1.23800768e-03
   3.45354317e+02  -8.78797728e-04
   3.45354805e+02  -1.43735635e-03
   3.45355293e+02  -1.40306598e-04
   3.45355782e+02  -2.14759093e-05
   3.45356270e+02  -3.18886800e-04
   3.45356758e+02  -9.28025926e-04
   3.45357246e+02  -3.24859563e-03
   3.45357735e+02  -4.07492649e-03
   3.45358223e+02  -2.60248641e-03
   3.45358711e+02  -1.44547306e-03
   3.45359200e+02  -9.37155506e-04
   3.45359688e+02  -4.41771379e-04
   3.45360176e+02  -7.95811240e-04
   3.45360665e+02  -2.09426205e-03
   3.45361153e+02  -1.04692683e-03
   3.45361641e+02   1.30792335e-03
   3.45362130e+02   1.64574292e-03
   3.45362618e+02   1.96818705e-03
   3.45363106e+02   1.63737871e-03
   3.45363595e+02  -7.24713085e-04
   3.45364083e+02  -1.41494954e-03
   3.45364571e+02   9.36726137e-05
   3.45365059e+02  -1.28113292e-03
   3.45365548e+02  -4.74674581e-03
   3.45366036e+02  -5.75439772e-03
   3.45366524e+02  -4.48083878e-03
   3.45367013e+02  -2.41226633e-03
   3.45367501e+02  -1.61594001e-03
   3.45367989e+02  -2.69347872e-03
   3.45368478e+02  -3.10132140e-03
   3.45368966e+02  -2.38374854e-03
   3.45369454e+02  -2.48235860e-03
   3.45369943e+02  -3.47531494e-03
   3.45370431e+02  -3.68348625e-03
   3.45370919e+02  -2.05266709e-03
   3.45371407e+02  -4.28373227e-04
   3.45371896e+02  -1.42332609e-03
   3.45372384e+02  -2.43560784e-03
   3.45372872e+02  -1.68544147e-03
   3.45373361e+02  -4.52464883e-04
   3.45373849e+02   7.46044272e-04
   3.45374337e+02   1.15525315e-03
   3.45374826e+02   6.84383849e-04
   3.45375314e+02   1.38873380e-04
   3.45375802e+02  -7.03388941e-04
   3.45376291e+02  -2.39741430e-03
   3.45376779e+02  -1.97816314e-03
   3.45377267e+02  -1.18537500e-04
   3.45377755e+02  -1.31922739e-03
   3.45378244e+02  -2.14311527e-03
   3.45378732e+02  -1.94505905e-04
   3.45379220e+02   5.01745264e-04
   3.45379709e+02  -1.62080780e-03
   3.45380197e+02  -3.31965252e-03
   3.45380685e+02  -2.55199196e-03
   3.45381174e+02  -2.99240183e-03
   3.45381662e+02  -2.94443476e-03
   3.45382150e+02  -1.63339733e-04
   3.45382639e+02   2.36050715e-03
   3.45383127e+02   3.15584708e-03
   3.45383615e+02   2.24919524e-03
   3.45384103e+02  -4.52581764e-04
   3.45384592e+02  -3.45582445e-03
   3.45385080e+02  -2.56140274e-03
   3.45385568e+02   3.03688255e-04
   3.45386057e+02  -5.01193921e-04
   3.45386545e+02  -1.47393008e-03
   3.45387033e+02  -4.00677964e-04
   3.45387522e+02  -1.12590543e-03
   3.45388010e+02  -1.71075657e-03
   3.45388498e+02  -1.23000145e-03
   3.45388987e+02  -1.13631750e-03
   3.45389475e+02  -1.76937865e-05
   3.45389963e+02   6.13138720e-04
   3.45390451e+02   9.78911266e-05
   3.45390940e+02  -1.07077730e-03
   3.45391428e+02  -1.82709179e-03
   3.45391916e+02  -1.64059119e-03
   3.45392405e+02  -2.73078610e-03
   3.45392893e+02  -3.17387283e-03
   3.45393381e+02  -8.68492352e-04
   3.45393870e+02   3.25175177e-04
   3.45394358e+02   1.38705058e-04
   3.45394846e+02   1.29539083e-04
   3.45395335e+02  -9.11469047e-04
   3.45395823e+02  -3.43568879e-03
   3.45396311e+02  -4.31040628e-03
   3.45396799e+02  -8.22601956e-04
   3.45397288e+02   2.58297077e-03
   3.45397776e+02   1.70501694e-03
   3.45398264e+02   1.22082536e-03
   3.45398753e+02   3.22134700e-03
   3.45399241e+02   4.43692086e-03
   3.45399729e+02   4.62215906e-03
   3.45400218e+02   2.60579889e-03
   3.45400706e+02  -2.85681657e-04
   3.45401194e+02  -2.05096061e-04
   3.45401683e+02   1.18711602e-03
   3.45402171e+02   1.09204138e-03
   3.45402659e+02   1.92053660e-04
   3.45403147e+02  -9.97356721e-04
   3.45403636e+02  -1.53779250e-03
   3.45404124e+02  -1.17122813e-03
   3.45404612e+02  -9.91126173e-04
   3.45405101e+02   3.80692596e-04
   3.45405589e+02   2.98141059e-03
   3.45406077e+02   3.68274818e-03
   3.45406566e+02   2.13012309e-03
   3.45407054e+02   1.14081474e-03
   3.45407542e+02   1.39244727e-03
   3.45408031e+02   9.27263929e-04
   3.45408519e+02  -2.46680254e-04
   3.45409007e+02  -3.35625809e-04
   3.45409496e+02   3.52590316e-04
   3.45409984e+02   1.39284821e-03
   3.45410472e+02   1.15509960e-03
   3.45410960e+02  -1.96606247e-03
   3.45411449e+02  -2.88788392e-03
   3.45411937e+02   3.28343333e-04
   3.45412425e+02   1.03274605e-03
   3.45412914e+02  -1.04758923e-03
   3.45413402e+02  -1.37068261e-03
   3.45413890e+02  -8.06339202e-04
   3.45414379e+02  -1.46108388e-03
   3.45414867e+02  -3.32181487e-04
   3.45415355e+02   1.34258473e-03
   3.45415844e+02   1.03667611e-03
   3.45416332e+02  -1.86785706e-04
   3.45416820e+02   1.39285694e-04
   3.45417308e+02   1.33459817e-03
   3.45417797e+02   6.68132387e-04
   3.45418285e+02  -1.72312732e-03
   3.45418773e+02  -1.02768396e-03
   3.45419262e+02   1.20410160e-03
   3.45419750e+02  -1.44080186e-04
   3.45420238e+02  -1.78867613e-03
   3.45420727e+02  -1.43123884e-03
   3.45421215e+02  -2.89752905e-04
   3.45421703e+02   2.97871826e-04
   3.45422192e+02   4.89212223e-04
   3.45422680e+02   5.64768154e-04
   3.45423168e+02  -2.40200752e-04
   3.45423656e+02   6.25697357e-05
   3.45424145e+02   1.71669119e-03
   3.45424633e+02   2.55691609e-03
   3.45425121e+02   1.75846310e-03
   3.45425610e+02  -3.58122983e-04
   3.45426098e+02  -1.60739035e-03
   3.45426586e+02  -2.28380537e-04
   3.45427075e+02   1.30859646e-03
   3.45427563e+02   9.97576397e-04
   3.45428051e+02   1.20033708e-03
   3.45428540e+02   3.08221672e-03
   3.45429028e+02   4.52661840e-03
   3.45429516e+02   4.12564678e-03
   3.45430004e+02   3.38993198e-03
   3.45430493e+02   3.25320242e-03
   3.45430981e+02   2.37804558e-03
   3.45431469e+02   4.25186561e-04
   3.45431958e+02  -2.03482836e-04
   3.45432446e+02   1.02044933e-03
   3.45432934e+02   8.07124539e-04
   3.45433423e+02   2.85855262e-04
   3.45433911e+02   9.84809943e-04
   3.45434399e+02  -1.73651410e-04
   3.45434888e+02  -2.57934933e-03
   3.45435376e+02  -3.45364260e-03
   3.45435864e+02  -3.88205773e-03
   3.45436352e+02  -4.19048546e-03
   3.45436841e+02  -3.57951340e-03
   3.45437329e+02  -1.89565751e-03
   3.45437817e+02   1.16325321e-03
   3.45438306e+02   2.32214271e-03
   3.45438794e+02   2.35227431e-04
   3.45439282e+02  -2.21911498e-04
   3.45439771e+02   7.50289066e-04
   3.45440259e+02  -1.74123867e-04
   3.45440747e+02  -7.15301896e-04
   3.45441236e+02  -1.00665062e-03
   3.45441724e+02  -1.77316496e-03
   3.45442212e+02  -6.23972155e-04
   3.45442700e+02   6.14788034e-04
   3.45443189e+02  -6.77409917e-05
   3.45443677e+02   6.69646179e-05
   3.45444165e+02   8.24271934e-04
   3.45444654e+02   4.55290457e-04
   3.45445142e+02  -4.20759927e-04
   3.45445630e+02  -6.93291717e-04
   3.45446119e+02  -6.82549027e-04
   3.45446607e+02  -7.79627764e-04
   3.45447095e+02  -1.01309351e-03
   3.45447584e+02  -8.41244066e-04
   3.45448072e+02  -4.80691437e-04
   3.45448560e+02  -7.11785455e-04
   3.45449049e+02   1.65394522e-04
   3.45449537e+02   3.05067678e-03
   3.45450025e+02   4.53220541e-03
   3.45450513e+02   3.36744706e-03
   3.45451002e+02   9.79146571e-04
   3.45451490e+02  -3.73802090e-04
   3.45451978e+02   6.79261691e-04
   3.45452467e+02   2.16327538e-03
   3.45452955e+02   3.07009323e-03
   3.45453443e+02   4.75715194e-03
   3.45453932e+02   5.58180921e-03
   3.45454420e+02   4.06516623e-03
   3.45454908e+02   3.21303471e-03
   3.45455397e+02   5.48260706e-03
   3.45455885e+02   7.52309524e-03
   3.45456373e+02   6.78502861e-03
   3.45456861e+02   8.39989260e-03
   3.45457350e+02   9.54295415e-03
   3.45457838e+02   1.00735109e-02
   3.45458326e+02   1.27818584e-02
   3.45458815e+02   1.56223355e-02
   3.45459303e+02   1.85440537e-02
   3.45459791e+02   2.13704593e-02
   3.45460280e+02   2.42030062e-02
   3.45460768e+02   2.98221894e-02
   3.45461256e+02   3.90169807e-02
   3.45461745e+02   5.02018034e-02
   3.45462233e+02   6.53472394e-02
   3.45462721e+02   8.59656036e-02
   3.45463209e+02   1.04891740e-01
   3.45463698e+02   1.24443397e-01
   3.45464186e+02   1.09636866e-01
   3.45464674e+02   1.22251220e-01
   3.45465163e+02   1.36587441e-01
   3.45465651e+02   1.69487000e-01
   3.45466139e+02   1.62088230e-01
   3.45466628e+02   1.28170639e-01
   3.45467116e+02   9.85132232e-02
   3.45467604e+02   8.21301043e-02
   3.45468093e+02   7.32498318e-02
   3.45468581e+02   5.74731976e-02
   3.45469069e+02   4.76984046e-02
   3.45469557e+02   4.24430743e-02
   3.45470046e+02   3.82095017e-02
   3.45470534e+02   3.26220766e-02
   3.45471022e+02   1.86291058e-02
   3.45471511e+02  -1.83338067e-03
   3.45471999e+02  -9.75203607e-03
   3.45472487e+02  -2.10371357e-03
   3.45472976e+02   1.18167158e-02
   3.45473464e+02   1.47419041e-02
   3.45473952e+02   2.23703962e-02
   3.45474441e+02   1.66834984e-02
   3.45474929e+02   7.51399761e-03
   3.45475417e+02   4.70687449e-03
   3.45475905e+02   2.34084646e-03
   3.45476394e+02   1.47294009e-03
   3.45476882e+02   2.99788895e-03
   3.45477370e+02   4.24075639e-03
   3.45477859e+02   5.09965932e-03
   3.45478347e+02   5.88372583e-03
   3.45478835e+02   5.41537022e-03
   3.45479324e+02   5.45039261e-03
   3.45479812e+02   5.60226478e-03
   3.45480300e+02   3.72655131e-03
   3.45480789e+02   2.34348606e-03
   3.45481277e+02   2.20561307e-03
   3.45481765e+02   1.88931066e-03
   3.45482253e+02   5.47562900e-04
   3.45482742e+02   5.54119877e-04
   3.45483230e+02   3.61410831e-03
   3.45483718e+02   5.17084030e-03
   3.45484207e+02   2.58212141e-03
   3.45484695e+02  -4.65121673e-04
   3.45485183e+02  -9.45045322e-04
   3.45485672e+02  -6.18040678e-04
   3.45486160e+02   4.74367152e-05
   3.45486648e+02   9.93546797e-04
   3.45487137e+02   5.28477132e-04
   3.45487625e+02  -8.11047212e-04
   3.45488113e+02  -6.75124582e-04
   3.45488602e+02   1.04881695e-03
   3.45489090e+02   8.97532678e-04
   3.45489578e+02  -8.05625401e-04
   3.45490066e+02  -1.78715063e-03
   3.45490555e+02  -3.39900632e-03
   3.45491043e+02  -3.24772857e-03
   3.45491531e+02  -5.01904986e-04
   3.45492020e+02  -3.33747739e-04
   3.45492508e+02  -1.97772076e-03
   3.45492996e+02  -1.20013533e-03
   3.45493485e+02  -5.68778160e-05
   3.45493973e+02  -1.16163617e-04
   3.45494461e+02   1.22835176e-04
   3.45494950e+02  -4.67004691e-04
   3.45495438e+02   7.36864051e-04
   3.45495926e+02   3.91665893e-03
   3.45496414e+02   4.72054817e-03
   3.45496903e+02   2.65872106e-03
   3.45497391e+02   2.12522061e-03
   3.45497879e+02   4.01804363e-03
   3.45498368e+02   3.14193824e-03
   3.45498856e+02  -1.26565981e-04
   3.45499344e+02  -1.35509367e-03
   3.45499833e+02  -3.49618756e-04
   3.45500321e+02   2.26539865e-04
   3.45500809e+02  -9.35514516e-04
   3.45501298e+02  -1.28376239e-03
   3.45501786e+02   1.76181813e-04
   3.45502274e+02   1.65242457e-03
   3.45502762e+02   3.54527496e-03
   3.45503251e+02   3.01296986e-03
   3.45503739e+02   1.01417000e-03
   3.45504227e+02   1.19651388e-03
   3.45504716e+02   1.40048179e-03
   3.45505204e+02   9.85031947e-04
   3.45505692e+02   7.73860549e-04
   3.45506181e+02   1.27314846e-03
   3.45506669e+02   1.75175699e-03
   3.45507157e+02   1.88943624e-04
   3.45507646e+02  -8.69121577e-04
   3.45508134e+02  -1.69474733e-04
   3.45508622e+02  -7.38679199e-04
   3.45509110e+02  -1.29378086e-03
   3.45509599e+02  -5.50119672e-04
   3.45510087e+02  -3.50684539e-04
   3.45510575e+02  -4.71471576e-05
   3.45511064e+02   5.01146678e-05
   3.45511552e+02  -1.29876356e-03
   3.45512040e+02  -2.09294586e-03
   3.45512529e+02  -1.19616231e-03
   3.45513017e+02  -1.00503489e-03
   3.45513505e+02  -1.74049567e-03
   3.45513994e+02  -1.39167719e-03
   3.45514482e+02  -5.96420607e-04
   3.45514970e+02  -1.58563210e-03
   3.45515458e+02  -8.99065926e-04
   3.45515947e+02   3.52549274e-03
   3.45516435e+02   5.95233496e-03
   3.45516923e+02   4.32782341e-03
   3.45517412e+02   1.59984559e-03
   3.45517900e+02  -3.64033680e-04
   3.45518388e+02  -7.54541426e-04
   3.45518877e+02  -1.98999755e-04
   3.45519365e+02   1.35624106e-03
   3.45519853e+02   2.46216985e-03
   3.45520342e+02   2.09218430e-04
   3.45520830e+02  -2.99972831e-03
   3.45521318e+02  -2.50181183e-03
   3.45521806e+02   4.54864115e-04
   3.45522295e+02   1.62839412e-03
   3.45522783e+02   8.89047747e-04
   3.45523271e+02  -9.59365629e-04
   3.45523760e+02  -3.13421618e-03
   3.45524248e+02  -2.64583435e-03
   3.45524736e+02   8.18176952e-04
   3.45525225e+02   2.61476845e-03
   3.45525713e+02   1.26722048e-03
   3.45526201e+02  -3.92656628e-04
   3.45526690e+02  -1.10067276e-03
   3.45527178e+02  -1.54169416e-03
   3.45527666e+02  -1.96219957e-03
   3.45528155e+02  -9.31558490e-04
   3.45528643e+02   2.19005486e-03
   3.45529131e+02   5.30704902e-03
   3.45529619e+02   4.72981390e-03
   3.45530108e+02   1.93543138e-03
   3.45530596e+02   1.84466294e-03
   3.45531084e+02   2.82232068e-03
   3.45531573e+02   1.72481674e-03
   3.45532061e+02  -8.30287230e-04
   3.45532549e+02  -2.91601499e-03
   3.45533038e+02  -2.71556876e-03
   3.45533526e+02  -4.74605098e-04
   3.45534014e+02   1.65856990e-03
   3.45534503e+02   1.90036860e-03
   3.45534991e+02   6.02093933e-04
   3.45535479e+02  -2.39738190e-04
   3.45535967e+02  -3.55617231e-04
   3.45536456e+02   5.65968570e-04
   3.45536944e+02   2.63517303e-03
   3.45537432e+02   3.47752520e-03
   3.45537921e+02   3.42969201e-03
   3.45538409e+02   2.78924149e-03
   3.45538897e+02   8.37748055e-04
   3.45539386e+02   4.97695582e-04
   3.45539874e+02   1.53071736e-03
   3.45540362e+02   1.68714300e-03
   3.45540851e+02   1.53002737e-03
   3.45541339e+02   1.18861767e-03
   3.45541827e+02   1.56987447e-03
   3.45542315e+02   2.78942636e-03
   3.45542804e+02   1.88181619e-03
   3.45543292e+02   7.27973238e-05
   3.45543780e+02  -3.83704260e-04
   3.45544269e+02  -4.96994238e-04
   3.45544757e+02  -6.56187476e-05
   3.45545245e+02   1.47806364e-03
   3.45545734e+02   2.88905180e-03
   3.45546222e+02   4.17267485e-03
   3.45546710e+02   3.86028667e-03
   3.45547199e+02   1.92963099e-03
   3.45547687e+02   7.94075720e-04
   3.45548175e+02   1.29674954e-04
   3.45548663e+02  -8.62087007e-04
   3.45549152e+02   4.61914344e-04
   3.45549640e+02   2.75765010e-03
   3.45550128e+02   3.25083244e-03
   3.45550617e+02   1.94855535e-03
   3.45551105e+02   7.50959094e-04
   3.45551593e+02   1.35554583e-03
   3.45552082e+02   2.53687031e-03
   3.45552570e+02   1.54364307e-03
   3.45553058e+02  -8.57511011e-04
   3.45553547e+02  -9.97774070e-04
   3.45554035e+02  -1.31382301e-04
   3.45554523e+02  -6.12527947e-04
   3.45555011e+02  -1.27020397e-03
   3.45555500e+02  -1.46595971e-03
   3.45555988e+02  -5.67999377e-04
   3.45556476e+02   4.51486412e-04
   3.45556965e+02   6.35878765e-04
   3.45557453e+02   1.07761426e-03
   3.45557941e+02   5.37680113e-04
   3.45558430e+02  -6.74169918e-04
   3.45558918e+02  -5.68456715e-04
   3.45559406e+02   1.15234463e-04
   3.45559895e+02   1.66181475e-04
   3.45560383e+02  -1.77509457e-04
   3.45560871e+02  -1.52007691e-04
   3.45561359e+02   4.35483409e-04
   3.45561848e+02   2.51158810e-04
   3.45562336e+02   9.75603936e-04
   3.45562824e+02   2.53470102e-03
   3.45563313e+02   2.58804346e-03
   3.45563801e+02   1.73979881e-03
   3.45564289e+02   1.86954206e-03
   3.45564778e+02   1.59983069e-03
   3.45565266e+02  -8.12943545e-05
   3.45565754e+02  -6.67548680e-04
   3.45566243e+02   3.29713293e-05
   3.45566731e+02  -7.85836950e-04
   3.45567219e+02  -2.13325419e-03
   3.45567708e+02  -1.58517063e-03
   3.45568196e+02  -1.66611979e-03
   3.45568684e+02  -3.14628123e-03
   3.45569172e+02  -3.38221318e-03
   3.45569661e+02  -2.05557398e-03
   3.45570149e+02  -1.29307737e-03
   3.45570637e+02  -3.02677974e-03
   3.45571126e+02  -3.60872690e-03
   3.45571614e+02  -4.51072963e-04
   3.45572102e+02   1.92113593e-03
   3.45572591e+02   3.25522595e-03
   3.45573079e+02   4.68083890e-03
   3.45573567e+02   4.88690985e-03
   3.45574056e+02   4.36721649e-03
   3.45574544e+02   3.53708025e-03
   3.45575032e+02   2.42355140e-03
   3.45575520e+02   1.27713976e-03
   3.45576009e+02   4.07456828e-04
   3.45576497e+02   5.53318183e-04
   3.45576985e+02   5.33123617e-04
   3.45577474e+02   3.47561145e-04
   3.45577962e+02   7.51854153e-04
   3.45578450e+02   1.40249351e-04
   3.45578939e+02  -2.04718974e-03
   3.45579427e+02  -4.41404385e-03
   3.45579915e+02  -4.13932186e-03
   3.45580404e+02  -9.55056981e-04
   3.45580892e+02   2.29680911e-03
   3.45581380e+02   2.62425863e-03
   3.45581868e+02   1.07114215e-03
   3.45582357e+02   1.43212921e-04
   3.45582845e+02  -6.97394076e-04
   3.45583333e+02   2.35783918e-05
   3.45583822e+02   1.15704187e-03
   3.45584310e+02   3.61118029e-04
   3.45584798e+02   7.26303086e-04
   3.45585287e+02   1.16142770e-03
   3.45585775e+02  -6.14379940e-04
   3.45586263e+02  -2.05394113e-03
   3.45586752e+02  -2.72522727e-03
   3.45587240e+02  -3.91239114e-03
   3.45587728e+02  -3.44496826e-03
   3.45588216e+02  -1.22468674e-03
   3.45588705e+02  -8.05277610e-04
   3.45589193e+02  -1.87746924e-03
   3.45589681e+02  -1.06128212e-03
   3.45590170e+02   2.91259540e-03
   3.45590658e+02   4.18567704e-03
   3.45591146e+02   3.89242778e-03
   3.45591635e+02   2.27385759e-03
   3.45592123e+02   1.27648166e-03
   3.45592611e+02   1.96953095e-03
   3.45593100e+02   1.35617552e-03
   3.45593588e+02  -1.81840744e-03
   3.45594076e+02  -3.35514499e-03
   3.45594564e+02  -9.32550407e-04
   3.45595053e+02   1.46267132e-03
   3.45595541e+02   2.98546685e-04
   3.45596029e+02  -2.23384029e-03
   3.45596518e+02  -3.19920317e-03
   3.45597006e+02  -2.86867237e-03
   3.45597494e+02  -2.84397881e-03
   3.45597983e+02  -2.79502547e-03
   3.45598471e+02  -1.19599584e-03
   3.45598959e+02   5.27984404e-04
   3.45599448e+02   1.04559038e-03
   3.45599936e+02  -7.43251221e-05
   3.45600424e+02  -1.83416740e-03
   3.45600912e+02  -1.18473684e-03
   3.45601401e+02   2.03754811e-04
   3.45601889e+02   3.66122222e-05
   3.45602377e+02  -4.81618277e-04
   3.45602866e+02  -9.16830613e-04
   3.45603354e+02  -1.21987099e-03
   3.45603842e+02  -1.60004699e-03
   3.45604331e+02  -1.60608103e-03
   3.45604819e+02  -1.14411896e-03
   3.45605307e+02  -7.79712049e-04
   3.45605796e+02   3.69222398e-04
   3.45606284e+02   2.26104911e-03
   3.45606772e+02   1.66439603e-03
   3.45607261e+02  -7.37680937e-04
   3.45607749e+02   3.11869575e-04
   3.45608237e+02   1.77879352e-03
   3.45608725e+02  -4.11717221e-04
   3.45609214e+02  -2.06796196e-03
   3.45609702e+02  -1.34669745e-03
   3.45610190e+02   3.75350355e-04
   3.45610679e+02   1.69750175e-03
   3.45611167e+02   2.28198012e-03
   3.45611655e+02   3.12803988e-03
   3.45612144e+02   1.74479908e-03
   3.45612632e+02  -8.18217755e-04
   3.45613120e+02  -7.61570409e-04
   3.45613609e+02  -2.44838884e-04
   3.45614097e+02   2.09525635e-04
   3.45614585e+02   1.82491692e-03
   3.45615073e+02   1.66428834e-03
   3.45615562e+02   2.54018931e-04
   3.45616050e+02  -1.37991432e-04
   3.45616538e+02  -3.86571162e-04
   3.45617027e+02  -9.63761180e-04
   3.45617515e+02  -2.03033909e-03
   3.45618003e+02  -3.60713177e-03
   3.45618492e+02  -3.40168155e-03
   3.45618980e+02  -8.92746670e-04
   3.45619468e+02   6.35943259e-04
   3.45619957e+02   2.03187228e-04
   3.45620445e+02  -8.94789337e-05
   3.45620933e+02   1.54891005e-03
   3.45621421e+02   2.75990367e-03
   3.45621910e+02   1.86796265e-03
   3.45622398e+02   1.27685547e-04
   3.45622886e+02  -1.51106506e-03
   3.45623375e+02  -1.60360010e-03
   3.45623863e+02  -1.19098276e-03
   3.45624351e+02  -3.92439484e-04
   3.45624840e+02   1.38634909e-03
   3.45625328e+02   7.53768079e-04
   3.45625816e+02  -7.19345000e-04
   3.45626305e+02  -2.01134208e-05
   3.45626793e+02   1.22941996e-03
   3.45627281e+02   1.72941189e-03
   3.45627769e+02  -1.53816582e-04
   3.45628258e+02  -3.20548750e-03
   3.45628746e+02  -3.20750312e-03
   3.45629234e+02  -9.80953337e-04
   3.45629723e+02  -5.40887529e-04
   3.45630211e+02  -1.83575368e-03
   3.45630699e+02  -1.31250382e-03
   3.45631188e+02   9.77793708e-04
   3.45631676e+02   2.38827732e-03
   3.45632164e+02   2.70565483e-03
   3.45632653e+02   2.44444562e-03
   3.45633141e+02   1.19317300e-03
   3.45633629e+02  -9.27461602e-04
   3.45634117e+02  -1.63344515e-03
   3.45634606e+02  -6.84902421e-04
   3.45635094e+02   3.93566006e-04
   3.45635582e+02   6.52797578e-04
   3.45636071e+02  -3.19808139e-04
   3.45636559e+02  -3.06947128e-04
   3.45637047e+02   1.26885984e-03
   3.45637536e+02   2.48802127e-03
   3.45638024e+02   2.91056326e-03
   3.45638512e+02   3.36421374e-03
   3.45639001e+02   1.75913377e-03
   3.45639489e+02  -1.29785668e-03
   3.45639977e+02  -1.17805670e-03
   3.45640465e+02   1.26331206e-03
   3.45640954e+02   3.40059563e-03
   3.45641442e+02   3.05554480e-03
   3.45641930e+02   5.51122008e-04
   3.45642419e+02   2.05985009e-04
   3.45642907e+02   1.02793414e-03
   3.45643395e+02  -1.96664369e-05
   3.45643884e+02   9.79629040e-05
   3.45644372e+02   1.48896116e-03
   3.45644860e+02  -1.75838140e-04
   3.45645349e+02  -2.91897031e-03
   3.45645837e+02  -2.62049236e-03
   3.45646325e+02   1.04226543e-04
   3.45646814e+02   2.02125544e-03
   3.45647302e+02   2.26556626e-03
   3.45647790e+02   1.70352391e-03
   3.45648278e+02   1.66085700e-03
   3.45648767e+02   1.23416330e-03
   3.45649255e+02  -9.83360296e-05
   3.45649743e+02  -4.03265090e-04
   3.45650232e+02   1.23105163e-03
   3.45650720e+02   1.88199827e-03
   3.45651208e+02   8.21697759e-04
   3.45651697e+02  -1.84485558e-04
   3.45652185e+02  -7.38295086e-04
   3.45652673e+02  -9.60009289e-04
   3.45653162e+02   3.74050724e-04
   3.45653650e+02   1.86333410e-03
   3.45654138e+02   1.53899624e-03
   3.45654626e+02   6.79186836e-04
   3.45655115e+02   1.20913913e-03
   3.45655603e+02   2.54834187e-03
   3.45656091e+02   2.14590877e-03
   3.45656580e+02  -8.64339992e-04
   3.45657068e+02  -3.41538037e-03
   3.45657556e+02  -3.06516490e-03
   3.45658045e+02  -1.15553779e-03
   3.45658533e+02   6.68848399e-04
   3.45659021e+02   2.95500708e-04
   3.45659510e+02  -8.17778986e-04
   3.45659998e+02  -5.60284068e-04
   3.45660486e+02  -6.00888859e-04
   3.45660974e+02   1.61593489e-04
   3.45661463e+02   2.43589072e-03
   3.45661951e+02   2.67845881e-03
   3.45662439e+02   4.85793513e-04
   3.45662928e+02  -1.39637664e-03
   3.45663416e+02  -1.30503217e-03
   3.45663904e+02   8.93533143e-05
   3.45664393e+02  -5.88551105e-04
   3.45664881e+02  -2.86173774e-03
   3.45665369e+02  -3.13895824e-03
   3.45665858e+02  -1.18156313e-03
   3.45666346e+02   1.49340474e-03
   3.45666834e+02   2.48080632e-03
   3.45667322e+02   1.01152749e-03
   3.45667811e+02  -9.44253989e-05
   3.45668299e+02   5.52612182e-04
   3.45668787e+02   2.90384196e-04
   3.45669276e+02  -9.83243808e-04
   3.45669764e+02  -4.68425045e-04
   3.45670252e+02   7.79846625e-04
   3.45670741e+02   1.64007931e-03
   3.45671229e+02   1.14464725e-03
   3.45671717e+02  -2.03513209e-05
   3.45672206e+02   3.82258237e-04
   3.45672694e+02  -1.59590796e-04
   3.45673182e+02  -1.89570431e-03
   3.45673670e+02  -8.11325968e-04
   3.45674159e+02   1.31506228e-03
   3.45674647e+02   1.41121342e-03
   3.45675135e+02   1.33757235e-03
   3.45675624e+02   8.00650218e-04
   3.45676112e+02  -4.45764221e-04
   3.45676600e+02  -1.40745938e-03
   3.45677089e+02   4.64954553e-07
   3.45677577e+02   2.90791062e-03
   3.45678065e+02   3.79306776e-03
   3.45678554e+02   4.15448286e-03
   3.45679042e+02   4.21276363e-03
   3.45679530e+02   1.80730002e-03
   3.45680018e+02  -1.09998160e-03
   3.45680507e+02  -2.83318316e-03
   3.45680995e+02  -3.84906097e-03
   3.45681483e+02  -3.60510731e-03
   3.45681972e+02  -1.53625605e-03
   3.45682460e+02   8.02909373e-04
   3.45682948e+02   2.06082733e-03
   3.45683437e+02   8.06713768e-04
   3.45683925e+02  -1.27901300e-03
   3.45684413e+02  -1.11024966e-03
   3.45684902e+02   8.77743820e-04
   3.45685390e+02   2.63703102e-03
   3.45685878e+02   2.78085005e-03
   3.45686367e+02   2.17532716e-03
   3.45686855e+02   1.26522477e-03
   3.45687343e+02  -4.34354006e-04
   3.45687831e+02  -1.69217237e-03
   3.45688320e+02  -8.29398516e-04
   3.45688808e+02   1.41178301e-04
   3.45689296e+02   6.49495414e-05
   3.45689785e+02   2.80678971e-04
   3.45690273e+02   1.40955532e-03
   3.45690761e+02   2.25510146e-03
   3.45691250e+02   5.55484556e-04
   3.45691738e+02  -1.31192245e-03
   3.45692226e+02  -1.45943093e-04
   3.45692715e+02   9.64779290e-04
   3.45693203e+02   6.45531574e-04
   3.45693691e+02   1.30254973e-03
   3.45694179e+02   2.60984479e-03
   3.45694668e+02   3.06956237e-03
   3.45695156e+02   3.18099651e-03
   3.45695644e+02   2.86717177e-03
   3.45696133e+02   2.50524771e-03
   3.45696621e+02   2.13618716e-03
   3.45697109e+02   6.01126696e-04
   3.45697598e+02   2.65746174e-04
   3.45698086e+02   5.03197429e-04
   3.45698574e+02  -1.26369216e-03
   3.45699063e+02  -1.95703376e-03
   3.45699551e+02  -1.69018016e-03
   3.45700039e+02  -3.22744437e-03
   3.45700527e+02  -4.35406948e-03
   3.45701016e+02  -2.67158239e-03
   3.45701504e+02   1.25651225e-03
   3.45701992e+02   3.80733283e-03
   3.45702481e+02   2.26662285e-03
   3.45702969e+02  -8.99590552e-04
   3.45703457e+02  -7.55323912e-04
   3.45703946e+02   1.67043169e-03
   3.45704434e+02   1.99127733e-03
   3.45704922e+02  -1.03779879e-04
   3.45705411e+02  -7.02070305e-04
   3.45705899e+02   1.81816297e-03
   3.45706387e+02   4.54333751e-03
   3.45706875e+02   3.68742156e-03
   3.45707364e+02  -9.12407006e-04
   3.45707852e+02  -1.20753248e-03
   3.45708340e+02   6.45400316e-04
   3.45708829e+02   1.00976741e-03
   3.45709317e+02  -7.71023042e-04
   3.45709805e+02  -1.62829296e-03
   3.45710294e+02  -4.64639335e-04
   3.45710782e+02   9.89161548e-04
   3.45711270e+02   2.08893348e-03
   3.45711759e+02   2.06430978e-03
   3.45712247e+02   2.43085553e-03
   3.45712735e+02   3.27458978e-03
   3.45713223e+02   1.58395770e-03
   3.45713712e+02  -9.32218449e-04
   3.45714200e+02  -1.03395013e-03
   3.45714688e+02  -1.27785478e-03
   3.45715177e+02  -2.18398008e-03
   3.45715665e+02  -1.18701160e-03
   3.45716153e+02   3.81814643e-05
   3.45716642e+02  -1.37454097e-03
   3.45717130e+02  -2.61317519e-03
   3.45717618e+02  -2.20386311e-03
   3.45718107e+02  -2.09266483e-03
   3.45718595e+02  -3.22985603e-03
   3.45719083e+02  -2.77238176e-03
   3.45719571e+02  -7.99842004e-04
   3.45720060e+02  -3.31630843e-04
   3.45720548e+02   4.28298372e-04
   3.45721036e+02   6.26260939e-04
   3.45721525e+02  -9.88498214e-04
   3.45722013e+02  -7.52330758e-04
   3.45722501e+02  -1.38706746e-04
   3.45722990e+02  -8.31291312e-04
   3.45723478e+02  -2.18632063e-04
   3.45723966e+02   3.96909018e-04
   3.45724455e+02  -1.60327167e-04
   3.45724943e+02  -6.19795523e-04
   3.45725431e+02  -1.62042736e-03
   3.45725920e+02  -2.33649113e-03
   3.45726408e+02  -2.63379747e-03
   3.45726896e+02  -2.95225042e-03
   3.45727384e+02  -2.07709777e-03
   3.45727873e+02  -2.60685716e-04
   3.45728361e+02   4.70443309e-04
   3.45728849e+02  -9.45198408e-05
   3.45729338e+02   9.40601924e-04
   3.45729826e+02   3.03561846e-03
   3.45730314e+02   2.36901431e-03
   3.45730803e+02  -1.73886350e-04
   3.45731291e+02  -2.10547075e-03
   3.45731779e+02  -2.36903154e-03
   3.45732268e+02  -1.39103259e-03
   3.45732756e+02  -2.52375408e-04
   3.45733244e+02   1.79557514e-03
   3.45733732e+02   4.55710245e-03
   3.45734221e+02   5.05087664e-03
   3.45734709e+02   2.81521818e-03
   3.45735197e+02   1.07485300e-03
   3.45735686e+02   1.12725981e-03
   3.45736174e+02   7.77012552e-04
   3.45736662e+02  -1.14155246e-03
   3.45737151e+02  -9.13002004e-04
   3.45737639e+02   1.39279501e-03
   3.45738127e+02   2.65452801e-03
   3.45738616e+02   3.44292098e-03
   3.45739104e+02   2.93115014e-03
   3.45739592e+02   8.27831740e-04
   3.45740080e+02  -2.77470739e-04
   3.45740569e+02  -6.57388708e-04
   3.45741057e+02  -1.91711460e-03
   3.45741545e+02  -2.03655171e-03
   3.45742034e+02  -4.38597432e-04
   3.45742522e+02   1.67680497e-03
   3.45743010e+02   3.35562928e-03
   3.45743499e+02   2.27688369e-03
   3.45743987e+02   2.46734591e-04
   3.45744475e+02  -4.87414683e-04
   3.45744964e+02  -6.10063027e-04
   3.45745452e+02  -1.54430664e-03
   3.45745940e+02  -3.26914084e-03
   3.45746428e+02  -2.65509333e-03
   3.45746917e+02  -6.58327073e-04
   3.45747405e+02  -6.49659603e-04
   3.45747893e+02  -1.66730152e-03
   3.45748382e+02  -1.93665549e-03
   3.45748870e+02  -1.86669501e-03
   3.45749358e+02  -1.59477326e-03
   3.45749847e+02   1.14518632e-04
   3.45750335e+02   1.74114364e-03
   3.45750823e+02   1.17147295e-03
   3.45751312e+02  -2.85783171e-04
   3.45751800e+02  -9.10123228e-04
   3.45752288e+02  -9.09425144e-05
   3.45752776e+02  -2.72130768e-04
   3.45753265e+02  -3.53448256e-03
   3.45753753e+02  -4.97898553e-03
   3.45754241e+02  -2.66803009e-03
   3.45754730e+02  -6.19413273e-04
   3.45755218e+02   3.21372790e-04
   3.45755706e+02   1.50720810e-03
   3.45756195e+02   2.05953303e-03
   3.45756683e+02   7.61650328e-04
   3.45757171e+02   8.16613319e-05
   3.45757660e+02   1.02352141e-03
   3.45758148e+02   1.66570279e-03
   3.45758636e+02   2.33410276e-03
   3.45759124e+02   2.54901475e-03
   3.45759613e+02   2.04887241e-03
   3.45760101e+02   7.08026113e-04
   3.45760589e+02   3.29160306e-04
   3.45761078e+02   6.26954017e-04
   3.45761566e+02  -2.41744798e-04
   3.45762054e+02   3.50901428e-05
   3.45762543e+02   1.60385296e-03
   3.45763031e+02   2.10440811e-03
   3.45763519e+02   3.13533965e-04
   3.45764008e+02  -7.36108806e-04
   3.45764496e+02   5.86548740e-05
   3.45764984e+02   7.31576467e-04
   3.45765473e+02   1.00232032e-03
   3.45765961e+02   3.29774019e-04
   3.45766449e+02   4.81388241e-04
   3.45766937e+02   2.47189251e-04
   3.45767426e+02  -8.02994473e-05
   3.45767914e+02   7.88163219e-04
   3.45768402e+02   9.90596949e-04
   3.45768891e+02  -3.42390238e-04
   3.45769379e+02  -1.51620095e-03
   3.45769867e+02  -3.17040621e-03
   3.45770356e+02  -3.21934535e-03
   3.45770844e+02   5.52018057e-04
   3.45771332e+02   3.90796829e-03
   3.45771821e+02   2.82285386e-03
   3.45772309e+02   1.74522138e-04
   3.45772797e+02  -4.11079731e-04
   3.45773285e+02  -8.51646910e-05
   3.45773774e+02   1.82751501e-05
   3.45774262e+02   6.72468159e-04
   3.45774750e+02   1.86249393e-03
   3.45775239e+02   2.27772468e-03
   3.45775727e+02   5.53167018e-04
   3.45776215e+02  -1.20438670e-03
   3.45776704e+02  -4.06401901e-04
   3.45777192e+02   9.30857859e-05
   3.45777680e+02  -8.87926260e-04
   3.45778169e+02  -1.06230017e-03
   3.45778657e+02  -7.23820762e-04
   3.45779145e+02   6.95450872e-04
   3.45779633e+02   1.91345054e-03
   3.45780122e+02   1.42720854e-03
   3.45780610e+02   2.36186921e-03
   3.45781098e+02   4.10269247e-03
   3.45781587e+02   3.57643818e-03
   3.45782075e+02   1.72261242e-03
   3.45782563e+02  -7.49303144e-04
   3.45783052e+02  -1.94006716e-03
   3.45783540e+02  -7.08288164e-04
   3.45784028e+02  -1.17383432e-03
   3.45784517e+02  -2.36434559e-03
   3.45785005e+02  -1.25482772e-03
   3.45785493e+02   3.40663100e-04
   3.45785981e+02   1.67178188e-03
   3.45786470e+02   2.40145996e-03
   3.45786958e+02  -1.60058524e-04
   3.45787446e+02  -2.90295156e-03
   3.45787935e+02  -3.09212902e-03
   3.45788423e+02  -1.95177097e-03
   3.45788911e+02  -9.29643375e-06
   3.45789400e+02   6.36367069e-04
   3.45789888e+02  -1.05921575e-03
   3.45790376e+02  -2.49616988e-03
   3.45790865e+02  -1.37324003e-03
   3.45791353e+02  -1.10567396e-03
   3.45791841e+02  -1.26137782e-03
   3.45792329e+02   1.16183015e-03
   3.45792818e+02   2.54423008e-03
   3.45793306e+02   1.47875596e-03
   3.45793794e+02  -1.84082543e-04
   3.45794283e+02  -1.62341725e-03
   3.45794771e+02  -1.71284482e-03
   3.45795259e+02  -1.24234613e-03
   3.45795748e+02  -2.48894421e-03
   3.45796236e+02  -2.88693910e-03
   3.45796724e+02  -1.15867821e-03
   3.45797213e+02   1.56395763e-04
   3.45797701e+02   7.60990661e-04
   3.45798189e+02  -3.88352812e-04
   3.45798677e+02  -2.16417108e-03
   3.45799166e+02  -7.51623302e-04
   3.45799654e+02   1.50270027e-03
   3.45800142e+02   1.05783518e-03
   3.45800631e+02  -1.43581466e-03
   3.45801119e+02  -3.51020368e-03
   3.45801607e+02  -2.60017649e-03
   3.45802096e+02  -9.20073886e-04
   3.45802584e+02  -1.05821528e-03
   3.45803072e+02  -1.31353375e-03
   3.45803561e+02  -1.10603741e-03
   3.45804049e+02  -9.34282783e-04
   3.45804537e+02   8.23411392e-05
   3.45805026e+02   1.07594451e-03
   3.45805514e+02  -1.39608176e-03
   3.45806002e+02  -6.47098385e-03
   3.45806490e+02  -7.18392292e-03
   3.45806979e+02  -4.95907012e-03
   3.45807467e+02  -3.75862978e-03
   3.45807955e+02  -1.01424486e-03
   3.45808444e+02   5.82990062e-04
   3.45808932e+02   1.47316692e-04
   3.45809420e+02   3.05156893e-04
   3.45809909e+02   2.03804666e-04
   3.45810397e+02  -8.63539462e-04
   3.45810885e+02  -1.77140825e-03
   3.45811374e+02  -1.80761528e-03
   3.45811862e+02  -1.15871185e-03
   3.45812350e+02  -1.10634649e-03
   3.45812838e+02  -1.63731258e-03
   3.45813327e+02  -2.03714939e-03
   3.45813815e+02  -2.42418889e-03
   3.45814303e+02  -1.69343944e-03
   3.45814792e+02  -5.48690325e-04
   3.45815280e+02  -2.48348835e-04
   3.45815768e+02   3.43832187e-04
   3.45816257e+02   1.06495176e-03
   3.45816745e+02   9.03416483e-04
   3.45817233e+02   1.24269712e-03
   3.45817722e+02   3.32520716e-03
   3.45818210e+02   4.53399448e-03
   3.45818698e+02   1.86965801e-03
   3.45819186e+02  -2.29234272e-03
   3.45819675e+02  -3.21582821e-03
   3.45820163e+02  -7.54504639e-04
   3.45820651e+02   1.61522871e-03
   3.45821140e+02   2.31495942e-03
   3.45821628e+02   1.71961298e-03
   3.45822116e+02   1.03286793e-03
   3.45822605e+02   4.95824090e-04
