frequency (GHz), flux (Jy/beam)
   3.43899310e+02  -3.64115636e-04
   3.43899798e+02  -7.01894111e-04
   3.43900286e+02  -5.71522862e-04
   3.43900774e+02  -2.50944693e-04
   3.43901263e+02   1.72765740e-05
   3.43901751e+02   1.99060101e-04
   3.43902239e+02  -3.78616678e-05
   3.43902728e+02  -1.30605375e-04
   3.43903216e+02   5.43574977e-04
   3.43903704e+02   9.53378563e-04
   3.43904193e+02   5.73300524e-04
   3.43904681e+02   7.90905833e-05
   3.43905169e+02  -2.74264748e-04
   3.43905658e+02  -5.13803796e-04
   3.43906146e+02  -4.26935672e-04
   3.43906634e+02  -2.16583998e-04
   3.43907122e+02   2.24869927e-05
   3.43907611e+02   3.80711514e-04
   3.43908099e+02   3.30439565e-04
   3.43908587e+02  -2.98656611e-04
   3.43909076e+02  -6.97110256e-04
   3.43909564e+02  -9.14564880e-04
   3.43910052e+02  -9.15581069e-04
   3.43910541e+02  -4.99953632e-04
   3.43911029e+02  -4.28891071e-04
   3.43911517e+02  -5.12246508e-04
   3.43912006e+02  -4.15859686e-04
   3.43912494e+02  -1.26918298e-04
   3.43912982e+02   5.03485673e-04
   3.43913470e+02   7.92657083e-04
   3.43913959e+02   3.78449331e-04
   3.43914447e+02   9.59228200e-05
   3.43914935e+02  -7.10400054e-05
   3.43915424e+02  -2.82269582e-04
   3.43915912e+02  -3.71276750e-04
   3.43916400e+02  -2.82373425e-04
   3.43916889e+02   4.28446328e-05
   3.43917377e+02   3.66426306e-04
   3.43917865e+02   3.13118973e-04
   3.43918354e+02  -5.54491635e-05
   3.43918842e+02  -4.97769543e-05
   3.43919330e+02  -3.80542624e-05
   3.43919818e+02  -3.68957350e-04
   3.43920307e+02  -5.18649875e-04
   3.43920795e+02  -3.47291731e-04
   3.43921283e+02   5.26563148e-04
   3.43921772e+02   9.68166220e-04
   3.43922260e+02   5.66783478e-04
   3.43922748e+02   3.98237084e-04
   3.43923237e+02   3.69543763e-04
   3.43923725e+02  -6.77857861e-06
   3.43924213e+02  -5.33613202e-04
   3.43924702e+02  -5.32015460e-04
   3.43925190e+02  -1.69186504e-04
   3.43925678e+02   1.79939729e-04
   3.43926166e+02   6.08864590e-04
   3.43926655e+02   5.73886908e-04
   3.43927143e+02   1.52220717e-04
   3.43927631e+02  -2.42831156e-05
   3.43928120e+02  -6.62063831e-05
   3.43928608e+02  -8.06464886e-05
   3.43929096e+02   1.85914745e-04
   3.43929585e+02   4.64035547e-04
   3.43930073e+02   3.12374876e-04
   3.43930561e+02   2.02418640e-04
   3.43931050e+02   2.54890911e-04
   3.43931538e+02   3.26619338e-05
   3.43932026e+02  -1.45759768e-05
   3.43932514e+02   2.28298202e-04
   3.43933003e+02   3.74714466e-04
   3.43933491e+02   3.45462002e-04
   3.43933979e+02   6.00984786e-04
   3.43934468e+02   7.50557345e-04
   3.43934956e+02   3.18833452e-04
   3.43935444e+02   1.60072668e-04
   3.43935933e+02   1.96749039e-04
   3.43936421e+02  -1.18813688e-04
   3.43936909e+02  -3.39156453e-04
   3.43937398e+02  -4.64147772e-04
   3.43937886e+02  -4.95618500e-04
   3.43938374e+02  -2.18550354e-04
   3.43938863e+02   3.88491258e-04
   3.43939351e+02   6.67484070e-04
   3.43939839e+02   4.56029404e-04
   3.43940327e+02   1.94658787e-04
   3.43940816e+02   1.85205994e-04
   3.43941304e+02   3.66539520e-04
   3.43941792e+02   3.91507550e-04
   3.43942281e+02   2.65593233e-04
   3.43942769e+02  -2.76769315e-05
   3.43943257e+02  -3.19049926e-04
   3.43943746e+02  -2.06492055e-04
   3.43944234e+02  -7.24346683e-05
   3.43944722e+02  -1.65883001e-04
   3.43945211e+02  -2.24319621e-04
   3.43945699e+02  -1.72623622e-04
   3.43946187e+02  -1.75875190e-04
   3.43946675e+02  -2.15685737e-04
   3.43947164e+02  -2.22151473e-04
   3.43947652e+02  -2.28031262e-04
   3.43948140e+02   1.97361005e-05
   3.43948629e+02   2.21308292e-04
   3.43949117e+02   8.48074196e-05
   3.43949605e+02  -1.35197100e-04
   3.43950094e+02  -3.34811833e-04
   3.43950582e+02  -2.76194536e-04
   3.43951070e+02  -2.22166665e-04
   3.43951559e+02  -4.13244852e-04
   3.43952047e+02  -3.46725457e-04
   3.43952535e+02   2.89277436e-04
   3.43953023e+02   5.62053698e-04
   3.43953512e+02  -6.00183339e-05
   3.43954000e+02  -8.68032002e-05
   3.43954488e+02   5.37912827e-04
   3.43954977e+02   6.91342459e-04
   3.43955465e+02   6.37564459e-04
   3.43955953e+02   2.48619821e-04
   3.43956442e+02  -6.09775925e-05
   3.43956930e+02  -2.54329807e-05
   3.43957418e+02  -8.75819896e-05
   3.43957907e+02  -3.34975426e-04
   3.43958395e+02  -2.24391013e-04
   3.43958883e+02   6.88835571e-05
   3.43959371e+02  -1.85527111e-04
   3.43959860e+02  -5.80544001e-04
   3.43960348e+02  -2.59946566e-04
   3.43960836e+02   8.33271260e-05
   3.43961325e+02  -1.57553935e-04
   3.43961813e+02  -3.92422691e-04
   3.43962301e+02  -1.89400089e-04
   3.43962790e+02  -3.00145126e-04
   3.43963278e+02  -6.90300716e-04
   3.43963766e+02  -3.99973855e-04
   3.43964255e+02   1.49364685e-04
   3.43964743e+02   2.52092344e-04
   3.43965231e+02  -1.44215446e-04
   3.43965719e+02  -3.83380131e-04
   3.43966208e+02  -2.41873249e-06
   3.43966696e+02   2.16222950e-04
   3.43967184e+02  -3.27058660e-05
   3.43967673e+02  -1.85372497e-04
   3.43968161e+02  -7.18589727e-05
   3.43968649e+02  -2.64230446e-04
   3.43969138e+02  -5.77878091e-04
   3.43969626e+02  -3.27881513e-04
   3.43970114e+02   6.26392211e-05
   3.43970603e+02   2.98034629e-05
   3.43971091e+02  -4.32556626e-05
   3.43971579e+02   1.85542318e-04
   3.43972067e+02   7.27117003e-05
   3.43972556e+02  -4.68732906e-04
   3.43973044e+02  -5.69966796e-04
   3.43973532e+02  -1.48466599e-04
   3.43974021e+02   2.16637782e-04
   3.43974509e+02   2.26080083e-05
   3.43974997e+02  -4.50317602e-04
   3.43975486e+02  -5.17189736e-04
   3.43975974e+02  -1.23151185e-05
   3.43976462e+02   5.01024711e-04
   3.43976951e+02   4.98356472e-04
   3.43977439e+02   4.84145683e-04
   3.43977927e+02   4.86769888e-04
   3.43978416e+02  -1.03378028e-04
   3.43978904e+02  -4.43213939e-04
   3.43979392e+02  -1.21025769e-04
   3.43979880e+02  -9.13596159e-05
   3.43980369e+02  -5.19096851e-04
   3.43980857e+02  -6.79398538e-04
   3.43981345e+02  -6.29165268e-04
   3.43981834e+02  -6.27468748e-04
   3.43982322e+02  -1.85049095e-04
   3.43982810e+02   2.54818849e-04
   3.43983299e+02   1.82360833e-04
   3.43983787e+02  -5.97640501e-05
   3.43984275e+02  -1.61739459e-04
   3.43984764e+02  -3.55752360e-04
   3.43985252e+02  -2.19135123e-04
   3.43985740e+02   3.40160565e-04
   3.43986228e+02   6.51181093e-04
   3.43986717e+02   8.25013965e-04
   3.43987205e+02   6.32099516e-04
   3.43987693e+02   3.13676515e-04
   3.43988182e+02   4.27931343e-04
   3.43988670e+02   4.97397152e-04
   3.43989158e+02   4.26930579e-04
   3.43989647e+02   3.32432013e-04
   3.43990135e+02   7.33552224e-05
   3.43990623e+02  -1.23704725e-04
   3.43991112e+02   3.75799718e-05
   3.43991600e+02   1.13999282e-04
   3.43992088e+02  -2.32401708e-05
   3.43992576e+02   1.21840538e-04
   3.43993065e+02   8.40205612e-05
   3.43993553e+02   3.95430743e-06
   3.43994041e+02   2.59439221e-05
   3.43994530e+02  -4.90417806e-05
   3.43995018e+02   1.66504004e-04
   3.43995506e+02   2.52305879e-04
   3.43995995e+02  -6.10827701e-05
   3.43996483e+02  -3.13229131e-04
   3.43996971e+02  -1.13475668e-04
   3.43997460e+02   2.56647927e-05
   3.43997948e+02  -1.40327975e-04
   3.43998436e+02   1.06922766e-04
   3.43998924e+02   5.23167255e-04
   3.43999413e+02   5.04711817e-04
   3.43999901e+02   3.16895574e-04
   3.44000389e+02   3.68270965e-04
   3.44000878e+02   7.19154195e-04
   3.44001366e+02   1.45234796e-03
   3.44001854e+02   2.20467336e-03
   3.44002343e+02   2.62209354e-03
   3.44002831e+02   3.27870250e-03
   3.44003319e+02   4.05450677e-03
   3.44003808e+02   4.46013547e-03
   3.44004296e+02   5.32545755e-03
   3.44004784e+02   6.17907709e-03
   3.44005272e+02   6.45388663e-03
   3.44005761e+02   7.01776147e-03
   3.44006249e+02   7.58788316e-03
   3.44006737e+02   6.98561268e-03
   3.44007226e+02   5.82364528e-03
   3.44007714e+02   4.49008448e-03
   3.44008202e+02   2.96630850e-03
   3.44008691e+02   1.79716165e-03
   3.44009179e+02   1.35404861e-03
   3.44009667e+02   1.35612430e-03
   3.44010156e+02   1.26076501e-03
   3.44010644e+02   5.26988588e-04
   3.44011132e+02  -8.16558895e-05
   3.44011620e+02  -7.41995827e-05
   3.44012109e+02   2.06473866e-04
   3.44012597e+02   4.02943348e-04
   3.44013085e+02   3.63823317e-04
   3.44013574e+02   4.57566930e-04
   3.44014062e+02   4.35460417e-04
   3.44014550e+02   1.59714866e-04
   3.44015039e+02   2.13149906e-04
   3.44015527e+02   3.53957235e-04
   3.44016015e+02   6.41879218e-04
   3.44016504e+02   6.30956201e-04
   3.44016992e+02   3.25311521e-05
   3.44017480e+02   4.40448712e-05
   3.44017969e+02   5.13561652e-04
   3.44018457e+02   2.88730429e-04
   3.44018945e+02  -2.01168412e-04
   3.44019433e+02  -4.38398682e-04
   3.44019922e+02  -6.08880131e-04
   3.44020410e+02  -5.67406416e-04
   3.44020898e+02  -2.58343964e-04
   3.44021387e+02   2.41834459e-06
   3.44021875e+02  -6.04898451e-05
   3.44022363e+02  -2.86335911e-04
   3.44022852e+02  -3.83469043e-04
   3.44023340e+02  -1.34990434e-04
   3.44023828e+02   1.79725437e-04
   3.44024317e+02  -7.31438340e-05
   3.44024805e+02  -4.69310209e-04
   3.44025293e+02  -3.86481057e-04
   3.44025781e+02  -2.10629703e-04
   3.44026270e+02  -2.94127618e-04
   3.44026758e+02  -2.36889828e-04
   3.44027246e+02  -2.43351387e-04
   3.44027735e+02  -5.19443362e-04
   3.44028223e+02  -4.91251994e-04
   3.44028711e+02  -6.64938852e-05
   3.44029200e+02   2.78519787e-04
   3.44029688e+02   2.15944601e-04
   3.44030176e+02  -6.60541918e-05
   3.44030665e+02  -5.26543154e-05
   3.44031153e+02   8.53925303e-05
   3.44031641e+02   1.16887422e-04
   3.44032129e+02   1.51457414e-06
   3.44032618e+02  -1.99414950e-04
   3.44033106e+02  -9.06315545e-05
   3.44033594e+02   3.17211816e-05
   3.44034083e+02  -6.29657006e-05
   3.44034571e+02   3.37567108e-05
   3.44035059e+02   2.28760662e-04
   3.44035548e+02   2.87506031e-04
   3.44036036e+02   2.26402073e-04
   3.44036524e+02   7.97156245e-05
   3.44037013e+02  -1.25482375e-05
   3.44037501e+02  -2.05498072e-05
   3.44037989e+02   2.09091042e-04
   3.44038477e+02   3.97603842e-04
   3.44038966e+02   8.08793920e-05
   3.44039454e+02  -3.26080393e-04
   3.44039942e+02  -4.17433184e-04
   3.44040431e+02   1.81054027e-04
   3.44040919e+02   6.42696396e-04
   3.44041407e+02   7.94514999e-05
   3.44041896e+02  -4.89783008e-04
   3.44042384e+02  -3.51063733e-04
   3.44042872e+02   7.07123181e-05
   3.44043361e+02   4.87026002e-04
   3.44043849e+02   6.20445120e-04
   3.44044337e+02   4.15646384e-04
   3.44044825e+02   1.29636843e-04
   3.44045314e+02  -1.52973051e-04
   3.44045802e+02  -3.19325161e-04
   3.44046290e+02  -1.96628651e-04
   3.44046779e+02   1.06857144e-04
   3.44047267e+02   2.62146332e-05
   3.44047755e+02  -8.31798097e-05
   3.44048244e+02   3.98555247e-04
   3.44048732e+02   8.49651347e-04
   3.44049220e+02   8.09148652e-04
   3.44049709e+02   4.47545754e-04
   3.44050197e+02   1.71376203e-04
   3.44050685e+02   4.82735370e-04
   3.44051173e+02   7.53590255e-04
   3.44051662e+02   2.30920166e-04
   3.44052150e+02  -1.45368511e-04
   3.44052638e+02  -1.15241848e-04
   3.44053127e+02  -4.04936960e-04
   3.44053615e+02  -5.33319137e-04
   3.44054103e+02  -4.93007596e-04
   3.44054592e+02  -5.09323669e-04
   3.44055080e+02  -1.53718676e-04
   3.44055568e+02   2.84923153e-04
   3.44056057e+02   5.62747999e-04
   3.44056545e+02   7.65122066e-04
   3.44057033e+02   4.74919914e-04
   3.44057522e+02   2.74785543e-05
   3.44058010e+02  -1.99028975e-04
   3.44058498e+02  -4.96669265e-04
   3.44058986e+02  -2.78503256e-04
   3.44059475e+02   4.46776510e-04
   3.44059963e+02   9.83490725e-04
   3.44060451e+02   8.70790507e-04
   3.44060940e+02   3.44831205e-04
   3.44061428e+02   2.24513671e-04
   3.44061916e+02  -1.53659334e-04
   3.44062405e+02  -6.29555725e-04
   3.44062893e+02   4.65764897e-05
   3.44063381e+02   7.42492673e-04
   3.44063870e+02   6.15274126e-04
   3.44064358e+02   1.48234001e-04
   3.44064846e+02  -2.38496417e-04
   3.44065334e+02  -3.59822734e-05
   3.44065823e+02   4.04288410e-04
   3.44066311e+02   5.30452642e-04
   3.44066799e+02   7.00629433e-04
   3.44067288e+02   7.18833762e-04
   3.44067776e+02   2.98124534e-04
   3.44068264e+02  -4.09270942e-05
   3.44068753e+02  -1.09717857e-05
   3.44069241e+02   3.01336666e-04
   3.44069729e+02   3.59485362e-04
   3.44070218e+02   1.70432351e-04
   3.44070706e+02  -6.70906375e-05
   3.44071194e+02  -5.02931245e-04
   3.44071682e+02  -5.92885597e-04
   3.44072171e+02  -2.35621905e-04
   3.44072659e+02   4.58012728e-05
   3.44073147e+02   4.86460922e-04
   3.44073636e+02   5.10311162e-04
   3.44074124e+02   3.88885615e-04
   3.44074612e+02   3.57793149e-04
   3.44075101e+02   1.93214524e-04
   3.44075589e+02   3.93908907e-04
   3.44076077e+02   3.69008252e-04
   3.44076566e+02  -1.52056964e-04
   3.44077054e+02  -5.06540528e-04
   3.44077542e+02  -5.20829810e-04
   3.44078030e+02  -1.06826155e-04
   3.44078519e+02   4.85651341e-04
   3.44079007e+02   6.74290815e-04
   3.44079495e+02   4.06532985e-04
   3.44079984e+02  -1.98873837e-04
   3.44080472e+02  -2.47733959e-04
   3.44080960e+02   3.42104147e-04
   3.44081449e+02   4.86735022e-04
   3.44081937e+02  -6.95722629e-05
   3.44082425e+02  -5.76221908e-04
   3.44082914e+02  -6.18896505e-04
   3.44083402e+02  -4.38112213e-04
   3.44083890e+02  -4.04443737e-04
   3.44084378e+02  -2.26049102e-04
   3.44084867e+02   1.25697130e-04
   3.44085355e+02   2.36017659e-05
   3.44085843e+02  -4.57474525e-04
   3.44086332e+02  -5.11253951e-04
   3.44086820e+02  -1.60990166e-04
   3.44087308e+02   5.20221001e-05
   3.44087797e+02  -1.00369551e-04
   3.44088285e+02  -2.33519240e-04
   3.44088773e+02  -1.09153050e-04
   3.44089262e+02  -1.37411524e-04
   3.44089750e+02  -3.53958894e-04
   3.44090238e+02  -5.91018063e-04
   3.44090726e+02  -4.82456933e-04
   3.44091215e+02  -1.11052279e-04
   3.44091703e+02   2.25140044e-04
   3.44092191e+02   3.27492045e-04
   3.44092680e+02   4.34265057e-05
   3.44093168e+02  -2.95568927e-04
   3.44093656e+02  -2.52989066e-05
   3.44094145e+02   6.39872509e-04
   3.44094633e+02   5.65082999e-04
   3.44095121e+02   3.34185810e-04
   3.44095610e+02   5.67660434e-04
   3.44096098e+02   3.93743132e-04
   3.44096586e+02  -8.19445704e-05
   3.44097075e+02  -2.65298237e-04
   3.44097563e+02  -1.65433041e-04
   3.44098051e+02   4.66377642e-05
   3.44098539e+02   1.90631210e-04
   3.44099028e+02   2.30924721e-04
   3.44099516e+02   7.85151569e-05
   3.44100004e+02   3.38784914e-04
   3.44100493e+02   9.13856202e-04
   3.44100981e+02   7.54268549e-04
   3.44101469e+02  -4.56563612e-05
   3.44101958e+02  -2.94687343e-04
   3.44102446e+02   2.83593836e-04
   3.44102934e+02   4.83369600e-04
   3.44103423e+02  -1.30510543e-05
   3.44103911e+02  -3.92788934e-04
   3.44104399e+02  -3.01049324e-04
   3.44104887e+02   1.57851537e-04
   3.44105376e+02   5.51240868e-04
   3.44105864e+02   4.86194011e-04
   3.44106352e+02   5.69394688e-05
   3.44106841e+02  -2.36130159e-04
   3.44107329e+02  -2.26379256e-04
   3.44107817e+02  -6.53332027e-05
   3.44108306e+02   1.08358669e-04
   3.44108794e+02   1.83339173e-04
   3.44109282e+02   1.53577494e-04
   3.44109771e+02  -1.05487896e-04
   3.44110259e+02  -2.60266475e-04
   3.44110747e+02  -2.52693542e-04
   3.44111235e+02  -4.97678353e-04
   3.44111724e+02  -6.42277068e-04
   3.44112212e+02  -7.91017024e-04
   3.44112700e+02  -9.02855652e-04
   3.44113189e+02  -7.22045137e-04
   3.44113677e+02  -6.59569050e-04
   3.44114165e+02  -5.42880560e-04
   3.44114654e+02  -1.96121779e-04
   3.44115142e+02   1.14620700e-04
   3.44115630e+02   1.49062005e-04
   3.44116119e+02  -3.56093187e-05
   3.44116607e+02  -1.44479520e-04
   3.44117095e+02   6.42815212e-05
   3.44117583e+02   1.75381472e-04
   3.44118072e+02   6.53566094e-05
   3.44118560e+02   6.01017746e-05
   3.44119048e+02   1.47113125e-04
   3.44119537e+02   2.60483648e-04
   3.44120025e+02   2.89471995e-04
   3.44120513e+02   3.24261462e-04
   3.44121002e+02   5.38019347e-04
   3.44121490e+02   5.99373190e-04
   3.44121978e+02   1.72827175e-04
   3.44122467e+02  -3.12486191e-05
   3.44122955e+02   4.44859092e-04
   3.44123443e+02   9.54942603e-04
   3.44123931e+02   1.07319991e-03
   3.44124420e+02   7.34440575e-04
   3.44124908e+02   1.76143934e-04
   3.44125396e+02   9.11018797e-05
   3.44125885e+02  -3.28113288e-06
   3.44126373e+02  -3.11118085e-04
   3.44126861e+02  -1.80695148e-04
   3.44127350e+02   5.59433793e-05
   3.44127838e+02   1.98858499e-04
   3.44128326e+02   3.01820517e-04
   3.44128815e+02   2.48511875e-04
   3.44129303e+02   2.00192168e-04
   3.44129791e+02   7.20101816e-05
   3.44130279e+02  -3.63490952e-04
   3.44130768e+02  -3.88193585e-04
   3.44131256e+02   4.06393927e-04
   3.44131744e+02   6.71436195e-04
   3.44132233e+02   3.08143615e-04
   3.44132721e+02  -1.59808638e-04
   3.44133209e+02  -2.17031600e-04
   3.44133698e+02  -1.39065378e-04
   3.44134186e+02  -4.76634341e-05
   3.44134674e+02   1.18359501e-04
   3.44135163e+02   2.03793781e-04
   3.44135651e+02   3.34324082e-04
   3.44136139e+02   3.24475404e-04
   3.44136628e+02   8.72184683e-05
   3.44137116e+02  -2.48243567e-04
   3.44137604e+02  -3.78949597e-04
   3.44138092e+02  -2.07419653e-04
   3.44138581e+02  -1.35940674e-04
   3.44139069e+02  -1.86628440e-05
   3.44139557e+02   1.30829285e-04
   3.44140046e+02   1.36850476e-05
   3.44140534e+02  -2.56897329e-04
   3.44141022e+02  -4.95735476e-05
   3.44141511e+02   3.98668548e-04
   3.44141999e+02   3.91183770e-04
   3.44142487e+02   3.29577539e-04
   3.44142976e+02   4.80907795e-04
   3.44143464e+02   5.35943022e-04
   3.44143952e+02   2.80787994e-04
   3.44144440e+02  -3.76615149e-04
   3.44144929e+02  -7.76294677e-04
   3.44145417e+02  -4.79009468e-04
   3.44145905e+02   1.57394476e-04
   3.44146394e+02   5.54285012e-04
   3.44146882e+02   4.51061089e-04
   3.44147370e+02   3.67699715e-04
   3.44147859e+02   4.49345564e-04
   3.44148347e+02   1.52224980e-04
   3.44148835e+02  -3.89274646e-04
   3.44149324e+02  -5.05416363e-04
   3.44149812e+02  -3.30832554e-04
   3.44150300e+02  -1.34391084e-04
   3.44150788e+02   1.83901007e-04
   3.44151277e+02  -1.07738588e-05
   3.44151765e+02  -6.94273273e-04
   3.44152253e+02  -6.35581848e-04
   3.44152742e+02  -8.89687726e-06
   3.44153230e+02   2.73546146e-04
   3.44153718e+02   1.16334973e-04
   3.44154207e+02   4.85808632e-05
   3.44154695e+02   1.52548615e-04
   3.44155183e+02  -1.15611634e-04
   3.44155672e+02  -3.88527842e-04
   3.44156160e+02  -1.21286030e-04
   3.44156648e+02   2.86476970e-05
   3.44157136e+02  -6.27925692e-05
   3.44157625e+02   2.89221061e-04
   3.44158113e+02   4.37678071e-04
   3.44158601e+02   6.09848830e-05
   3.44159090e+02  -2.52556434e-04
   3.44159578e+02  -2.63800350e-04
   3.44160066e+02  -1.78317161e-04
   3.44160555e+02  -1.36588802e-04
   3.44161043e+02  -2.10749276e-04
   3.44161531e+02  -1.32988614e-04
   3.44162020e+02   3.30898882e-04
   3.44162508e+02   3.48510599e-04
   3.44162996e+02  -4.86620775e-05
   3.44163484e+02   2.09807422e-05
   3.44163973e+02   1.81847136e-04
   3.44164461e+02   1.29367327e-04
   3.44164949e+02   2.12469080e-04
   3.44165438e+02   5.49916993e-04
   3.44165926e+02   5.13134990e-04
   3.44166414e+02  -1.26108920e-04
   3.44166903e+02  -4.39261668e-04
   3.44167391e+02  -3.59212339e-04
   3.44167879e+02  -3.54647287e-04
   3.44168368e+02  -2.86822324e-04
   3.44168856e+02  -1.46274368e-04
   3.44169344e+02  -1.22065467e-04
   3.44169832e+02  -2.20437170e-04
   3.44170321e+02  -9.42090483e-05
   3.44170809e+02   2.02058232e-04
   3.44171297e+02   3.16206366e-04
   3.44171786e+02   1.37907540e-04
   3.44172274e+02   6.26206529e-05
   3.44172762e+02   2.32583887e-04
   3.44173251e+02   1.96717025e-04
   3.44173739e+02  -1.26562300e-04
   3.44174227e+02  -3.40812956e-04
   3.44174716e+02  -3.62968887e-04
   3.44175204e+02  -7.46969381e-05
   3.44175692e+02   1.89846280e-04
   3.44176181e+02  -7.36027723e-05
   3.44176669e+02  -2.31975428e-04
   3.44177157e+02  -1.59089643e-04
   3.44177645e+02  -2.30165460e-04
   3.44178134e+02  -1.20975419e-04
   3.44178622e+02   9.80144541e-05
   3.44179110e+02   1.92161518e-04
   3.44179599e+02   1.43336700e-04
   3.44180087e+02   2.97669787e-04
   3.44180575e+02   1.70079948e-04
   3.44181064e+02  -4.40296659e-04
   3.44181552e+02  -4.56454931e-04
   3.44182040e+02   1.07953965e-04
   3.44182529e+02   1.72639804e-04
   3.44183017e+02  -8.24125091e-05
   3.44183505e+02  -4.13720136e-06
   3.44183993e+02   2.86243099e-04
   3.44184482e+02   1.75167414e-04
   3.44184970e+02  -1.28612446e-04
   3.44185458e+02   7.02903981e-06
   3.44185947e+02   8.88109207e-05
   3.44186435e+02  -2.85700167e-04
   3.44186923e+02  -4.31080902e-04
   3.44187412e+02  -1.95520388e-05
   3.44187900e+02   2.71488447e-04
   3.44188388e+02  -1.11270987e-04
   3.44188877e+02  -4.44209698e-04
   3.44189365e+02  -4.08852007e-04
   3.44189853e+02  -3.23526445e-04
   3.44190341e+02  -5.62955356e-05
   3.44190830e+02   2.06534474e-04
   3.44191318e+02   3.57329554e-04
   3.44191806e+02   2.26237171e-04
   3.44192295e+02   9.14480042e-05
   3.44192783e+02   1.82802600e-04
   3.44193271e+02   6.82644604e-05
   3.44193760e+02  -2.17206150e-04
   3.44194248e+02  -5.21623529e-04
   3.44194736e+02  -4.79417329e-04
   3.44195225e+02  -6.64775362e-05
   3.44195713e+02   1.90696344e-04
   3.44196201e+02   2.01195871e-04
   3.44196689e+02   3.33636563e-04
   3.44197178e+02   6.94327755e-04
   3.44197666e+02   5.61214576e-04
   3.44198154e+02   8.17710388e-05
   3.44198643e+02  -1.13791997e-04
   3.44199131e+02  -1.69698949e-04
   3.44199619e+02  -1.86482386e-04
   3.44200108e+02  -1.27702820e-04
   3.44200596e+02  -7.72263884e-05
   3.44201084e+02   2.29088779e-04
   3.44201573e+02   4.20997763e-04
   3.44202061e+02   3.54227494e-04
   3.44202549e+02   3.77368880e-04
   3.44203037e+02   2.14075495e-04
   3.44203526e+02   1.54716967e-04
   3.44204014e+02   3.38699610e-04
   3.44204502e+02   1.38952993e-04
   3.44204991e+02  -1.71863212e-04
   3.44205479e+02  -1.87590427e-04
   3.44205967e+02  -1.62853452e-04
   3.44206456e+02  -7.88358811e-05
   3.44206944e+02   2.56959815e-04
   3.44207432e+02   3.64394247e-04
   3.44207921e+02  -1.46928724e-04
   3.44208409e+02  -5.70116274e-04
   3.44208897e+02  -8.97693273e-04
   3.44209385e+02  -9.61113605e-04
   3.44209874e+02  -4.38889227e-04
   3.44210362e+02  -6.93468173e-05
   3.44210850e+02   5.38791974e-05
   3.44211339e+02   2.32395629e-04
   3.44211827e+02   2.71310157e-04
   3.44212315e+02  -1.17466938e-04
   3.44212804e+02  -5.29503217e-04
   3.44213292e+02  -5.49190096e-04
   3.44213780e+02  -3.23331100e-04
   3.44214269e+02  -6.29149872e-05
   3.44214757e+02  -2.65148537e-05
   3.44215245e+02   3.99591336e-05
   3.44215734e+02   3.40239028e-04
   3.44216222e+02   3.32990981e-04
   3.44216710e+02   1.99397953e-04
   3.44217198e+02   4.84138960e-04
   3.44217687e+02   7.64146913e-04
   3.44218175e+02   6.18311111e-04
   3.44218663e+02   2.84296722e-04
   3.44219152e+02   7.29959402e-06
   3.44219640e+02  -1.21682941e-04
   3.44220128e+02  -1.47556959e-04
   3.44220617e+02   1.45437662e-04
   3.44221105e+02   6.37442048e-04
   3.44221593e+02   6.73781848e-04
   3.44222082e+02   4.28839732e-04
   3.44222570e+02   2.62926740e-04
   3.44223058e+02  -5.89895681e-05
   3.44223546e+02  -9.40357404e-06
   3.44224035e+02   2.39297369e-04
   3.44224523e+02   1.63163451e-04
   3.44225011e+02   4.57875103e-05
   3.44225500e+02  -9.11484312e-05
   3.44225988e+02  -2.72919307e-04
   3.44226476e+02  -8.82677341e-05
   3.44226965e+02   3.70644004e-04
   3.44227453e+02   5.17792825e-04
   3.44227941e+02   3.93008959e-04
   3.44228430e+02   2.80139182e-04
   3.44228918e+02   4.55247246e-05
   3.44229406e+02  -1.26781248e-04
   3.44229894e+02   1.21021694e-04
   3.44230383e+02   3.74596362e-04
   3.44230871e+02   1.22921687e-04
   3.44231359e+02  -2.60204251e-04
   3.44231848e+02  -3.06401373e-04
   3.44232336e+02  -1.93018877e-05
   3.44232824e+02   4.20917349e-04
   3.44233313e+02   5.74522594e-04
   3.44233801e+02   4.45158337e-04
   3.44234289e+02   4.11977177e-04
   3.44234778e+02   2.60298082e-04
   3.44235266e+02   7.99010832e-06
   3.44235754e+02  -1.69660256e-04
   3.44236242e+02  -3.82123777e-04
   3.44236731e+02  -5.15377149e-04
   3.44237219e+02  -3.01537773e-04
   3.44237707e+02  -1.57946270e-04
   3.44238196e+02  -1.84717923e-04
   3.44238684e+02   1.11573514e-04
   3.44239172e+02   2.84700218e-04
   3.44239661e+02   3.97732918e-04
   3.44240149e+02   6.62462204e-04
   3.44240637e+02   4.39786876e-04
   3.44241126e+02   2.02647379e-06
   3.44241614e+02  -1.13339105e-04
   3.44242102e+02   1.94184940e-05
   3.44242590e+02  -1.06281674e-04
   3.44243079e+02  -4.20947035e-04
   3.44243567e+02  -3.33571254e-04
   3.44244055e+02  -2.15495784e-05
   3.44244544e+02   2.35082698e-04
   3.44245032e+02   2.85879738e-04
   3.44245520e+02   1.29194214e-05
   3.44246009e+02  -1.51588014e-04
   3.44246497e+02   2.77732470e-04
   3.44246985e+02   4.31877270e-04
   3.44247474e+02  -5.29697536e-05
   3.44247962e+02  -2.90905416e-04
   3.44248450e+02  -2.77689542e-04
   3.44248938e+02   1.11119080e-04
   3.44249427e+02   3.33191601e-05
   3.44249915e+02  -1.82997697e-04
   3.44250403e+02  -1.50703956e-04
   3.44250892e+02   5.06827928e-05
   3.44251380e+02   3.28307680e-04
   3.44251868e+02   2.78911350e-04
   3.44252357e+02  -1.28579020e-04
   3.44252845e+02  -4.47057449e-04
   3.44253333e+02  -4.84674383e-04
   3.44253822e+02  -3.61048704e-04
   3.44254310e+02  -1.76670743e-04
   3.44254798e+02   5.43032220e-05
   3.44255286e+02  -1.07777065e-04
   3.44255775e+02  -6.53992582e-04
   3.44256263e+02  -7.56234571e-04
   3.44256751e+02  -2.96642655e-04
   3.44257240e+02   2.12558498e-05
   3.44257728e+02  -2.01774455e-04
   3.44258216e+02  -4.72967600e-04
   3.44258705e+02  -3.76486423e-04
   3.44259193e+02  -2.08637342e-04
   3.44259681e+02   1.48408057e-04
   3.44260170e+02   3.44934931e-04
   3.44260658e+02  -7.24054360e-07
   3.44261146e+02  -2.87693896e-04
   3.44261635e+02  -2.47231859e-04
   3.44262123e+02   1.00708283e-04
   3.44262611e+02   3.65088636e-04
   3.44263099e+02   3.11552547e-04
   3.44263588e+02   4.36109287e-04
   3.44264076e+02   4.42794670e-04
   3.44264564e+02  -3.19437859e-05
   3.44265053e+02   5.96360114e-05
   3.44265541e+02   3.11202282e-04
   3.44266029e+02  -1.06837688e-04
   3.44266518e+02  -5.77175641e-04
   3.44267006e+02  -6.31021743e-04
   3.44267494e+02  -5.15823194e-04
   3.44267983e+02  -6.17849000e-04
   3.44268471e+02  -8.74680525e-04
   3.44268959e+02  -8.81855085e-04
   3.44269447e+02  -5.72162215e-04
   3.44269936e+02  -3.60321079e-04
   3.44270424e+02  -4.39824740e-04
   3.44270912e+02  -4.40096483e-04
   3.44271401e+02  -2.09623700e-04
   3.44271889e+02   2.49838140e-05
   3.44272377e+02   9.05473935e-05
   3.44272866e+02  -1.66175931e-04
   3.44273354e+02  -2.74660939e-04
   3.44273842e+02   1.05547861e-05
   3.44274331e+02   1.81983196e-04
   3.44274819e+02   4.94378502e-04
   3.44275307e+02   5.46347641e-04
   3.44275795e+02   3.20687715e-04
   3.44276284e+02   3.93299444e-04
   3.44276772e+02   1.71238586e-04
   3.44277260e+02  -1.77285823e-04
   3.44277749e+02   4.03920640e-05
   3.44278237e+02   2.67070194e-04
   3.44278725e+02   2.07280886e-04
   3.44279214e+02   2.32557104e-05
   3.44279702e+02  -1.43953657e-04
   3.44280190e+02  -1.02445716e-04
   3.44280679e+02  -1.72125525e-04
   3.44281167e+02  -2.24862742e-04
   3.44281655e+02  -1.64485828e-04
   3.44282143e+02   2.46146519e-04
   3.44282632e+02   8.58086394e-04
   3.44283120e+02   1.06918078e-03
   3.44283608e+02   8.00662383e-04
   3.44284097e+02   2.06236407e-04
   3.44284585e+02  -2.28982550e-04
   3.44285073e+02  -1.83084921e-04
   3.44285562e+02   2.07608013e-04
   3.44286050e+02   6.14284538e-04
   3.44286538e+02   3.68948356e-04
   3.44287027e+02  -4.49028186e-04
   3.44287515e+02  -8.37731466e-04
   3.44288003e+02  -6.65522530e-04
   3.44288491e+02  -1.73560358e-04
   3.44288980e+02   1.48766630e-04
   3.44289468e+02  -8.11739810e-05
   3.44289956e+02   4.01035686e-06
   3.44290445e+02   2.59741559e-04
   3.44290933e+02   2.21322305e-04
   3.44291421e+02   2.77965679e-04
   3.44291910e+02   3.63895932e-04
   3.44292398e+02   4.21040284e-04
   3.44292886e+02   1.68221100e-04
   3.44293375e+02  -2.80229782e-04
   3.44293863e+02  -2.14152329e-04
   3.44294351e+02   4.22155717e-04
   3.44294839e+02   8.86713213e-04
   3.44295328e+02   5.91457356e-04
   3.44295816e+02   1.74204557e-04
   3.44296304e+02   2.86295341e-04
   3.44296793e+02   1.94393520e-04
   3.44297281e+02  -5.91243224e-05
   3.44297769e+02   1.07725529e-04
   3.44298258e+02   2.51965481e-04
   3.44298746e+02   3.40552011e-04
   3.44299234e+02   5.47022035e-04
   3.44299723e+02   5.01674484e-04
   3.44300211e+02  -6.37424382e-05
   3.44300699e+02  -7.32445973e-04
   3.44301188e+02  -7.21502001e-04
   3.44301676e+02  -4.61970136e-04
   3.44302164e+02  -6.59671961e-04
   3.44302652e+02  -6.08877686e-04
   3.44303141e+02  -1.78423972e-04
   3.44303629e+02  -5.22941882e-05
   3.44304117e+02  -1.30425557e-04
   3.44304606e+02  -4.10526554e-05
   3.44305094e+02  -2.42787457e-04
   3.44305582e+02  -5.81893371e-04
   3.44306071e+02  -3.56432953e-04
   3.44306559e+02   7.65398727e-05
   3.44307047e+02   2.43656192e-04
   3.44307536e+02   3.26917361e-04
   3.44308024e+02   2.80066044e-04
   3.44308512e+02   8.83093380e-05
   3.44309000e+02  -1.38254516e-04
   3.44309489e+02  -1.85609650e-04
   3.44309977e+02  -5.18336055e-05
   3.44310465e+02   4.12223424e-04
   3.44310954e+02   7.76077271e-04
   3.44311442e+02   4.96429100e-04
   3.44311930e+02  -1.07122003e-04
   3.44312419e+02  -3.65459680e-04
   3.44312907e+02  -6.87828797e-05
   3.44313395e+02   4.95771637e-05
   3.44313884e+02  -1.72338478e-04
   3.44314372e+02  -3.28958267e-04
   3.44314860e+02  -2.43659495e-04
   3.44315348e+02  -1.94919179e-04
   3.44315837e+02  -2.06034936e-04
   3.44316325e+02   1.81268217e-04
   3.44316813e+02   6.35751290e-04
   3.44317302e+02   5.39605040e-04
   3.44317790e+02   7.20679818e-05
   3.44318278e+02  -7.40585092e-05
   3.44318767e+02   2.60004133e-04
   3.44319255e+02   6.38624129e-04
   3.44319743e+02   6.34845637e-04
   3.44320232e+02   5.60848857e-04
   3.44320720e+02   5.99415915e-04
   3.44321208e+02   3.42269574e-04
   3.44321696e+02   1.32439774e-04
   3.44322185e+02   3.19907820e-04
   3.44322673e+02   2.88114126e-04
   3.44323161e+02   2.33020794e-04
   3.44323650e+02   2.47659977e-04
   3.44324138e+02  -4.40967036e-04
   3.44324626e+02  -1.13287906e-03
   3.44325115e+02  -7.31949811e-04
   3.44325603e+02   5.86454153e-05
   3.44326091e+02   1.21842844e-04
   3.44326580e+02  -2.83433765e-04
   3.44327068e+02  -1.49933374e-04
   3.44327556e+02   5.09655452e-04
   3.44328044e+02   6.73176895e-04
   3.44328533e+02   4.26022852e-05
   3.44329021e+02  -3.27754737e-04
   3.44329509e+02  -2.30304970e-04
   3.44329998e+02  -2.19882015e-04
   3.44330486e+02  -1.90068949e-05
   3.44330974e+02   1.99515431e-04
   3.44331463e+02  -1.19955774e-04
   3.44331951e+02  -6.27164321e-04
   3.44332439e+02  -6.56886143e-04
   3.44332928e+02  -2.10573096e-04
   3.44333416e+02  -4.85709024e-05
   3.44333904e+02  -3.86832369e-04
   3.44334392e+02  -5.00081922e-04
   3.44334881e+02  -2.85817776e-04
   3.44335369e+02  -2.56077183e-04
   3.44335857e+02  -3.99187295e-04
   3.44336346e+02  -3.17627331e-04
   3.44336834e+02  -7.56818918e-05
   3.44337322e+02   4.86204117e-05
   3.44337811e+02   2.81755492e-04
   3.44338299e+02   3.79788340e-04
   3.44338787e+02   3.48100060e-04
   3.44339276e+02   5.76795777e-04
   3.44339764e+02   6.74089941e-04
   3.44340252e+02   1.69641484e-04
   3.44340741e+02  -2.72639998e-04
   3.44341229e+02  -3.37408594e-04
   3.44341717e+02  -3.04574758e-04
   3.44342205e+02  -2.12532090e-04
   3.44342694e+02   1.90669889e-04
   3.44343182e+02   4.89024620e-04
   3.44343670e+02   2.41581991e-04
   3.44344159e+02  -1.54341527e-04
   3.44344647e+02  -1.24622587e-04
   3.44345135e+02   2.78360385e-04
   3.44345624e+02   2.71428027e-04
   3.44346112e+02  -1.51899148e-04
   3.44346600e+02  -2.23912954e-04
   3.44347089e+02   2.93512621e-05
   3.44347577e+02   6.45521068e-05
   3.44348065e+02  -9.15879427e-05
   3.44348553e+02  -4.32504312e-04
   3.44349042e+02  -5.47396427e-04
   3.44349530e+02  -1.50810360e-04
   3.44350018e+02   2.76862469e-04
   3.44350507e+02   3.95834359e-04
   3.44350995e+02   4.96165187e-04
   3.44351483e+02   3.21950851e-04
   3.44351972e+02   4.69227234e-05
   3.44352460e+02   2.33324434e-04
   3.44352948e+02   2.64949806e-04
   3.44353437e+02  -2.74763552e-05
   3.44353925e+02  -2.59836146e-04
   3.44354413e+02  -4.14207985e-04
   3.44354901e+02  -4.83666809e-04
   3.44355390e+02  -5.59585809e-04
   3.44355878e+02  -3.56276636e-04
   3.44356366e+02   1.80366951e-05
   3.44356855e+02   2.99681298e-04
   3.44357343e+02   3.83390812e-04
   3.44357831e+02   1.66261118e-04
   3.44358320e+02   2.48640630e-04
   3.44358808e+02   5.31992293e-04
   3.44359296e+02   9.82441052e-05
   3.44359785e+02  -3.57403362e-04
   3.44360273e+02  -6.48413379e-06
   3.44360761e+02   2.22395844e-04
   3.44361249e+02  -5.83924266e-05
   3.44361738e+02  -2.68984208e-04
   3.44362226e+02  -4.72164043e-04
   3.44362714e+02  -7.70175830e-04
   3.44363203e+02  -5.93684614e-04
   3.44363691e+02  -6.70148365e-05
   3.44364179e+02   1.61716103e-04
   3.44364668e+02   3.06002272e-04
   3.44365156e+02   2.54820246e-04
   3.44365644e+02   4.92266045e-05
   3.44366133e+02   1.83500189e-04
   3.44366621e+02   6.15853525e-04
   3.44367109e+02   7.30506494e-04
   3.44367597e+02   3.86320142e-04
   3.44368086e+02   2.92433368e-04
   3.44368574e+02   2.62159534e-04
   3.44369062e+02   1.56022998e-05
   3.44369551e+02  -1.47331433e-04
   3.44370039e+02   5.50841360e-05
   3.44370527e+02   5.58671542e-04
   3.44371016e+02   9.43837804e-04
   3.44371504e+02   6.79820427e-04
   3.44371992e+02  -1.30245375e-04
   3.44372481e+02  -5.62655448e-04
   3.44372969e+02  -3.58176505e-04
   3.44373457e+02  -3.62863721e-05
   3.44373945e+02   1.56231210e-04
   3.44374434e+02   2.34948413e-04
   3.44374922e+02   1.72405184e-04
   3.44375410e+02   7.62383279e-05
   3.44375899e+02   2.02608298e-05
   3.44376387e+02  -8.23995579e-05
   3.44376875e+02  -1.19723423e-04
   3.44377364e+02  -8.76174818e-06
   3.44377852e+02   1.18412143e-04
   3.44378340e+02   1.23917955e-04
   3.44378829e+02   3.71006288e-04
   3.44379317e+02   6.51755428e-04
   3.44379805e+02   5.56965708e-04
   3.44380294e+02   5.26549236e-04
   3.44380782e+02   4.01493191e-04
   3.44381270e+02  -7.20793178e-05
   3.44381758e+02  -3.93215712e-04
   3.44382247e+02  -1.67940423e-04
   3.44382735e+02   2.29306723e-04
   3.44383223e+02   1.05944266e-04
   3.44383712e+02  -3.16129939e-04
   3.44384200e+02  -3.00795014e-04
   3.44384688e+02   1.05198938e-04
   3.44385177e+02   6.86881365e-04
   3.44385665e+02   7.70178041e-04
   3.44386153e+02   1.66831815e-04
   3.44386642e+02  -3.27423943e-04
   3.44387130e+02  -3.04964429e-04
   3.44387618e+02   7.52830965e-05
   3.44388106e+02   3.71213799e-04
   3.44388595e+02   1.92314445e-04
   3.44389083e+02  -1.84640405e-04
   3.44389571e+02  -2.34538253e-04
   3.44390060e+02  -2.67098676e-06
   3.44390548e+02   1.83808748e-04
   3.44391036e+02  -7.93499712e-05
   3.44391525e+02  -4.19659424e-04
   3.44392013e+02  -3.21343483e-04
   3.44392501e+02  -6.85582781e-05
   3.44392990e+02  -7.99056033e-06
   3.44393478e+02  -1.83330521e-05
   3.44393966e+02   7.57360976e-05
   3.44394454e+02   3.36862897e-04
   3.44394943e+02   6.36086799e-04
   3.44395431e+02   7.06489722e-04
   3.44395919e+02   4.52825159e-04
   3.44396408e+02   9.74190480e-05
   3.44396896e+02  -1.27034902e-04
   3.44397384e+02  -1.42047676e-04
   3.44397873e+02  -2.16582499e-04
   3.44398361e+02  -4.28178813e-04
   3.44398849e+02  -3.08094081e-04
   3.44399338e+02   3.20705061e-04
   3.44399826e+02   8.57408450e-04
   3.44400314e+02   8.81534186e-04
   3.44400802e+02   5.24237053e-04
   3.44401291e+02   3.64670064e-04
   3.44401779e+02   5.88131428e-04
   3.44402267e+02   4.24046506e-04
   3.44402756e+02  -2.67597497e-04
   3.44403244e+02  -5.17839508e-04
   3.44403732e+02  -3.45942506e-04
   3.44404221e+02  -2.89894931e-04
   3.44404709e+02  -2.40287947e-04
   3.44405197e+02  -1.74026107e-04
   3.44405686e+02  -4.04429011e-05
   3.44406174e+02  -7.79881302e-05
   3.44406662e+02  -1.26671570e-04
   3.44407150e+02  -1.66716782e-04
   3.44407639e+02  -2.07471880e-04
   3.44408127e+02  -1.44002537e-04
   3.44408615e+02  -1.11447240e-04
   3.44409104e+02   1.85590412e-04
   3.44409592e+02   6.19906277e-05
   3.44410080e+02  -5.59076958e-04
   3.44410569e+02  -8.20560788e-04
   3.44411057e+02  -6.20600942e-04
   3.44411545e+02  -6.14842225e-04
   3.44412034e+02  -6.68925000e-04
   3.44412522e+02  -2.47818389e-04
   3.44413010e+02  -2.49746017e-06
   3.44413498e+02  -8.65223410e-05
   3.44413987e+02  -3.29971081e-04
   3.44414475e+02  -6.94316695e-04
   3.44414963e+02  -4.57782589e-04
   3.44415452e+02   1.06342341e-04
   3.44415940e+02   3.33428208e-04
   3.44416428e+02   1.90039558e-04
   3.44416917e+02   3.79300793e-04
   3.44417405e+02   5.00516442e-04
   3.44417893e+02  -2.23507959e-04
   3.44418382e+02  -5.99488732e-04
   3.44418870e+02  -1.58876283e-04
   3.44419358e+02   1.64740908e-04
   3.44419847e+02   3.29171133e-04
   3.44420335e+02   2.58173415e-04
   3.44420823e+02   5.18388842e-05
   3.44421311e+02   2.38840817e-04
   3.44421800e+02   4.06492996e-04
   3.44422288e+02   1.50392123e-04
   3.44422776e+02  -1.29960637e-04
   3.44423265e+02  -2.95395294e-04
   3.44423753e+02  -2.77981715e-04
   3.44424241e+02  -1.57810093e-04
   3.44424730e+02  -2.80011242e-04
   3.44425218e+02  -1.36187955e-04
   3.44425706e+02   2.26484277e-04
   3.44426195e+02  -1.54043646e-05
   3.44426683e+02  -2.21187816e-04
   3.44427171e+02   1.45468366e-04
   3.44427659e+02   3.82741768e-04
   3.44428148e+02   2.77357030e-04
   3.44428636e+02   3.41768144e-04
   3.44429124e+02   6.17335143e-04
   3.44429613e+02   5.84553229e-04
   3.44430101e+02   2.43652423e-04
   3.44430589e+02   1.83133336e-04
   3.44431078e+02   3.48127185e-04
   3.44431566e+02   3.86587519e-04
   3.44432054e+02   3.95830924e-04
   3.44432543e+02   4.61309828e-04
   3.44433031e+02   3.34699027e-04
   3.44433519e+02   2.66169285e-04
   3.44434007e+02   4.05517116e-04
   3.44434496e+02   4.86956909e-04
   3.44434984e+02   4.76528396e-04
   3.44435472e+02   7.91443963e-05
   3.44435961e+02  -3.84218525e-04
   3.44436449e+02  -1.16184230e-04
   3.44436937e+02   3.29043076e-04
   3.44437426e+02   2.55697465e-04
   3.44437914e+02   3.99075332e-04
   3.44438402e+02   2.86272843e-04
   3.44438891e+02  -2.14498999e-04
   3.44439379e+02  -4.68439684e-05
   3.44439867e+02   9.90123954e-05
   3.44440355e+02  -1.89127997e-04
   3.44440844e+02  -2.34653024e-04
   3.44441332e+02  -6.18437189e-05
   3.44441820e+02   1.44503632e-04
   3.44442309e+02   1.93084707e-04
   3.44442797e+02   3.04879039e-04
   3.44443285e+02   4.90758219e-04
   3.44443774e+02   2.64544360e-04
   3.44444262e+02   1.04312494e-04
   3.44444750e+02   2.26124685e-04
   3.44445239e+02   3.55890981e-04
   3.44445727e+02   2.44012888e-04
   3.44446215e+02  -9.60728285e-05
   3.44446703e+02  -2.96584622e-04
   3.44447192e+02  -3.10660864e-04
   3.44447680e+02  -1.85344819e-04
   3.44448168e+02  -1.18692333e-04
   3.44448657e+02  -3.80246376e-04
   3.44449145e+02  -4.29893029e-04
   3.44449633e+02  -5.84787358e-06
   3.44450122e+02   3.07483220e-04
   3.44450610e+02   5.02690964e-04
   3.44451098e+02   5.52181096e-04
   3.44451587e+02   4.20915021e-04
   3.44452075e+02   1.08153756e-04
   3.44452563e+02  -2.38883760e-04
   3.44453051e+02  -7.13200861e-05
   3.44453540e+02   3.44139873e-04
   3.44454028e+02   3.38746671e-04
   3.44454516e+02  -5.85529378e-05
   3.44455005e+02   4.84892480e-05
   3.44455493e+02   4.57151327e-04
   3.44455981e+02   2.56189553e-04
   3.44456470e+02   1.45457336e-04
   3.44456958e+02   3.69846734e-04
   3.44457446e+02   1.97507106e-04
   3.44457935e+02   6.87690117e-05
   3.44458423e+02   2.54910759e-04
   3.44458911e+02   3.65340820e-04
   3.44459400e+02   2.32555773e-04
   3.44459888e+02   2.06119090e-04
   3.44460376e+02   2.94910249e-04
   3.44460864e+02   2.34352468e-04
   3.44461353e+02   1.08650784e-04
   3.44461841e+02  -2.36658234e-04
   3.44462329e+02  -4.80363640e-04
   3.44462818e+02  -1.68729428e-04
   3.44463306e+02   2.32423787e-04
   3.44463794e+02   2.82870256e-04
   3.44464283e+02   8.85296831e-05
   3.44464771e+02   2.96698290e-05
   3.44465259e+02   2.25179265e-05
   3.44465748e+02  -1.52998575e-04
   3.44466236e+02   1.52113324e-04
   3.44466724e+02   4.61366173e-04
   3.44467212e+02   3.16779013e-04
   3.44467701e+02   3.02109635e-04
   3.44468189e+02   2.45341449e-04
   3.44468677e+02  -2.26884236e-04
   3.44469166e+02  -5.70134725e-04
   3.44469654e+02  -2.91384727e-04
   3.44470142e+02  -9.02696047e-05
   3.44470631e+02  -2.30172111e-04
   3.44471119e+02  -6.03707995e-05
   3.44471607e+02   3.16339690e-04
   3.44472096e+02   5.13941341e-04
   3.44472584e+02   3.82771803e-04
   3.44473072e+02   6.16404068e-05
   3.44473560e+02   1.26651968e-04
   3.44474049e+02   6.47809065e-04
   3.44474537e+02   8.04772892e-04
   3.44475025e+02   4.17892734e-04
   3.44475514e+02  -1.53613946e-05
   3.44476002e+02  -3.37064732e-04
   3.44476490e+02  -4.31597466e-04
   3.44476979e+02  -2.29935569e-04
   3.44477467e+02  -1.60754953e-05
   3.44477955e+02  -2.32882507e-04
   3.44478444e+02  -4.25640348e-04
   3.44478932e+02  -9.74842260e-05
   3.44479420e+02  -3.33109638e-05
   3.44479908e+02   1.78564896e-05
   3.44480397e+02  -6.66982669e-05
   3.44480885e+02  -4.31129069e-04
   3.44481373e+02  -3.38945043e-04
   3.44481862e+02  -7.79837865e-05
   3.44482350e+02  -2.18890389e-04
   3.44482838e+02  -4.39145602e-04
   3.44483327e+02  -1.53598245e-04
   3.44483815e+02  -1.31560562e-04
   3.44484303e+02  -5.46994794e-04
   3.44484792e+02  -5.36003557e-04
   3.44485280e+02  -9.00978775e-05
   3.44485768e+02   1.59220202e-04
   3.44486256e+02   1.37247524e-04
   3.44486745e+02   4.93712514e-06
   3.44487233e+02   8.47457886e-06
   3.44487721e+02  -8.16699321e-05
   3.44488210e+02  -3.61024460e-04
   3.44488698e+02  -2.24739284e-04
   3.44489186e+02   1.75697831e-04
   3.44489675e+02  -1.01472113e-04
   3.44490163e+02  -5.03033807e-04
   3.44490651e+02  -2.32349892e-04
   3.44491140e+02  -1.04234914e-05
   3.44491628e+02  -3.47635068e-04
   3.44492116e+02  -6.08862087e-04
   3.44492604e+02  -4.78988746e-04
   3.44493093e+02  -1.34407208e-04
   3.44493581e+02   2.22958755e-04
   3.44494069e+02   2.15423861e-05
   3.44494558e+02  -3.73162009e-04
   3.44495046e+02  -3.28717957e-04
   3.44495534e+02  -1.49060317e-04
   3.44496023e+02  -1.32177365e-05
   3.44496511e+02   2.13692154e-04
   3.44496999e+02   4.99666552e-04
   3.44497488e+02   5.03063959e-04
   3.44497976e+02   1.87216749e-04
   3.44498464e+02  -1.47851053e-04
   3.44498953e+02  -1.98855647e-04
   3.44499441e+02  -3.76535318e-05
   3.44499929e+02   1.18632386e-04
   3.44500417e+02   3.45995431e-05
   3.44500906e+02  -1.92556632e-04
   3.44501394e+02  -3.69655492e-04
   3.44501882e+02  -2.24592499e-04
   3.44502371e+02   2.32576604e-05
   3.44502859e+02   2.05409044e-04
   3.44503347e+02   2.45360454e-04
   3.44503836e+02   9.27496512e-05
   3.44504324e+02  -1.90980441e-04
   3.44504812e+02  -6.66295819e-04
   3.44505301e+02  -1.13538990e-03
   3.44505789e+02  -1.09930779e-03
   3.44506277e+02  -6.04453904e-04
   3.44506765e+02  -9.06653659e-05
   3.44507254e+02   3.65131971e-04
   3.44507742e+02   1.68313010e-04
   3.44508230e+02  -5.05769160e-04
   3.44508719e+02  -5.10012440e-04
   3.44509207e+02  -1.19682372e-04
   3.44509695e+02  -5.01688592e-05
   3.44510184e+02  -1.64248035e-04
   3.44510672e+02  -9.10863309e-05
   3.44511160e+02  -7.73268912e-05
   3.44511649e+02  -2.99837498e-04
   3.44512137e+02  -5.68410731e-04
   3.44512625e+02  -6.64226711e-04
   3.44513113e+02  -5.36869164e-04
   3.44513602e+02  -5.60643792e-04
   3.44514090e+02  -6.47626992e-04
   3.44514578e+02  -3.40526196e-04
   3.44515067e+02   1.58456111e-04
   3.44515555e+02   4.00952413e-04
   3.44516043e+02   2.10863567e-04
   3.44516532e+02   1.37534676e-04
   3.44517020e+02   4.55853035e-04
   3.44517508e+02   4.48832259e-04
   3.44517997e+02   1.05658793e-04
   3.44518485e+02  -2.71240948e-04
   3.44518973e+02  -7.08861160e-04
   3.44519461e+02  -9.24741209e-04
   3.44519950e+02  -8.63519148e-04
   3.44520438e+02  -5.43939241e-04
   3.44520926e+02  -6.27753034e-05
   3.44521415e+02   1.65717371e-04
   3.44521903e+02  -1.84088258e-05
   3.44522391e+02  -1.78163493e-04
   3.44522880e+02   2.62071735e-05
   3.44523368e+02   2.11388702e-04
   3.44523856e+02   3.89841094e-04
   3.44524345e+02   5.21486625e-04
   3.44524833e+02   3.27547808e-04
   3.44525321e+02   3.57697609e-05
   3.44525809e+02   7.49052051e-05
   3.44526298e+02  -4.65272751e-06
   3.44526786e+02  -4.93095431e-04
   3.44527274e+02  -7.20504671e-04
   3.44527763e+02  -3.17984959e-04
   3.44528251e+02  -5.08945559e-05
   3.44528739e+02  -1.24335842e-04
   3.44529228e+02  -1.07679089e-05
   3.44529716e+02   6.59982907e-05
   3.44530204e+02  -9.01454550e-05
   3.44530693e+02  -5.37206733e-06
   3.44531181e+02   8.00938433e-05
   3.44531669e+02  -8.48317068e-05
   3.44532157e+02  -1.29493041e-04
   3.44532646e+02  -2.87070172e-04
   3.44533134e+02  -2.62696005e-04
   3.44533622e+02   1.49830274e-04
   3.44534111e+02   3.43893393e-04
   3.44534599e+02   3.46764020e-04
   3.44535087e+02   5.52131038e-04
   3.44535576e+02   4.35072638e-04
   3.44536064e+02  -1.69574196e-04
   3.44536552e+02  -4.08901804e-04
   3.44537041e+02  -2.74439779e-04
   3.44537529e+02  -1.92841588e-04
   3.44538017e+02  -2.20353701e-04
   3.44538506e+02   1.24414937e-05
   3.44538994e+02   4.51158819e-04
   3.44539482e+02   3.78126017e-04
   3.44539970e+02   1.11671587e-04
   3.44540459e+02  -9.55246833e-06
   3.44540947e+02  -1.91216859e-05
   3.44541435e+02   1.05209110e-05
   3.44541924e+02  -1.70935105e-04
   3.44542412e+02   1.43905845e-05
   3.44542900e+02   2.85098708e-04
   3.44543389e+02   9.99444019e-05
   3.44543877e+02  -1.42872741e-04
   3.44544365e+02  -1.73024993e-04
   3.44544854e+02  -1.71273641e-04
   3.44545342e+02  -1.06859748e-04
   3.44545830e+02   6.47362467e-05
   3.44546318e+02  -1.19111064e-04
   3.44546807e+02  -3.28039954e-04
   3.44547295e+02  -1.44866950e-04
   3.44547783e+02  -2.24645002e-04
   3.44548272e+02  -3.92539921e-04
   3.44548760e+02  -3.95674928e-04
   3.44549248e+02  -3.40293132e-04
   3.44549737e+02  -2.06044555e-04
   3.44550225e+02  -1.02878555e-04
   3.44550713e+02  -2.30786871e-04
   3.44551202e+02  -4.25982726e-04
   3.44551690e+02  -2.64522532e-04
   3.44552178e+02   1.89209255e-04
   3.44552666e+02   6.07971924e-05
   3.44553155e+02  -4.07024345e-04
   3.44553643e+02  -5.34972001e-04
   3.44554131e+02  -5.41508372e-04
   3.44554620e+02  -3.46308108e-04
   3.44555108e+02  -9.97498573e-05
   3.44555596e+02  -2.04157172e-04
   3.44556085e+02  -4.20268625e-04
   3.44556573e+02  -4.79230541e-04
   3.44557061e+02  -4.80214454e-04
   3.44557550e+02  -3.50513234e-04
   3.44558038e+02   6.18991253e-05
   3.44558526e+02   5.11994818e-04
   3.44559014e+02   4.88116493e-04
   3.44559503e+02   1.30998174e-04
   3.44559991e+02   2.96151702e-04
   3.44560479e+02   4.32293658e-04
   3.44560968e+02  -1.16641204e-04
   3.44561456e+02  -5.28460834e-04
   3.44561944e+02  -4.24232450e-04
   3.44562433e+02  -5.38455242e-05
   3.44562921e+02   4.61104122e-04
   3.44563409e+02   7.42872711e-04
   3.44563898e+02   5.85169997e-04
   3.44564386e+02   1.75541078e-04
   3.44564874e+02  -1.50489097e-04
   3.44565362e+02  -2.06895362e-04
   3.44565851e+02  -1.85480356e-04
   3.44566339e+02  -2.06782715e-04
   3.44566827e+02  -1.25409308e-04
   3.44567316e+02   1.86122576e-04
   3.44567804e+02   3.13825789e-04
   3.44568292e+02  -7.86124729e-05
   3.44568781e+02  -3.01589811e-04
   3.44569269e+02  -1.30936533e-04
   3.44569757e+02  -9.99927579e-05
   3.44570246e+02   1.60881988e-04
   3.44570734e+02   8.86657101e-04
   3.44571222e+02   8.12680868e-04
   3.44571710e+02   2.20137808e-04
   3.44572199e+02  -7.53453933e-05
   3.44572687e+02  -2.38539811e-04
   3.44573175e+02  -1.19170536e-05
   3.44573664e+02   9.88183237e-05
   3.44574152e+02  -3.09176656e-04
   3.44574640e+02  -1.34903821e-04
   3.44575129e+02   4.93759289e-04
   3.44575617e+02   6.09088573e-04
   3.44576105e+02   2.92788900e-04
   3.44576594e+02  -3.65620435e-05
   3.44577082e+02  -1.60770549e-04
   3.44577570e+02  -9.95507435e-05
   3.44578059e+02   1.35861250e-04
   3.44578547e+02   5.39045373e-04
   3.44579035e+02   8.80269974e-04
   3.44579523e+02   9.17074154e-04
   3.44580012e+02   7.54051667e-04
   3.44580500e+02   4.91577433e-04
   3.44580988e+02   4.94929300e-05
   3.44581477e+02  -3.08058748e-04
   3.44581965e+02   4.38913012e-05
   3.44582453e+02   4.59991803e-04
   3.44582942e+02   3.06863047e-04
   3.44583430e+02   2.56170955e-04
   3.44583918e+02   4.17750998e-04
   3.44584407e+02   9.39821548e-05
   3.44584895e+02  -3.31838964e-04
   3.44585383e+02  -2.19517984e-04
   3.44585871e+02   1.29578824e-04
   3.44586360e+02   1.49987900e-05
   3.44586848e+02  -2.76884879e-04
   3.44587336e+02  -3.43012449e-04
   3.44587825e+02  -4.19861841e-04
   3.44588313e+02   1.70226485e-04
   3.44588801e+02   6.26649125e-04
   3.44589290e+02   2.51768419e-04
   3.44589778e+02  -8.99764200e-06
   3.44590266e+02   7.08855659e-05
   3.44590755e+02   2.99239269e-04
   3.44591243e+02   4.01655649e-04
   3.44591731e+02   2.74560269e-04
   3.44592219e+02   1.07376582e-04
   3.44592708e+02  -1.78328701e-04
   3.44593196e+02  -2.81246961e-04
   3.44593684e+02  -8.02654904e-05
   3.44594173e+02   1.65275749e-04
   3.44594661e+02   3.20987747e-04
   3.44595149e+02   1.06471532e-04
   3.44595638e+02  -1.91859188e-04
   3.44596126e+02  -3.87738488e-04
   3.44596614e+02  -5.03215357e-04
   3.44597103e+02  -2.40400143e-04
   3.44597591e+02   1.32233457e-04
   3.44598079e+02   3.48457776e-04
   3.44598567e+02   4.93570522e-04
   3.44599056e+02   2.82056513e-04
   3.44599544e+02  -2.62540067e-04
   3.44600032e+02  -4.93609754e-04
   3.44600521e+02  -3.80239035e-05
   3.44601009e+02  -1.21001947e-04
   3.44601497e+02  -4.12348512e-04
   3.44601986e+02  -3.19754705e-04
   3.44602474e+02  -2.76806502e-04
   3.44602962e+02  -2.71822995e-04
   3.44603451e+02  -3.45351982e-05
   3.44603939e+02   3.44745858e-05
   3.44604427e+02  -2.41883783e-04
   3.44604915e+02  -1.78991395e-04
   3.44605404e+02   9.73523470e-07
   3.44605892e+02  -1.46906910e-04
   3.44606380e+02  -2.76076345e-04
   3.44606869e+02  -2.89833813e-04
   3.44607357e+02  -2.87994568e-04
   3.44607845e+02  -1.83612414e-04
   3.44608334e+02   1.81909345e-04
   3.44608822e+02   3.27182730e-04
   3.44609310e+02   2.60718283e-04
   3.44609799e+02   2.11415187e-04
   3.44610287e+02  -8.42893060e-05
   3.44610775e+02  -1.85975267e-04
   3.44611263e+02  -4.03880622e-05
   3.44611752e+02  -1.09951986e-06
   3.44612240e+02  -5.68553332e-06
   3.44612728e+02  -6.84964180e-05
   3.44613217e+02  -3.14256962e-04
   3.44613705e+02  -4.61653282e-04
   3.44614193e+02  -2.08620258e-04
   3.44614682e+02  -1.79497816e-04
   3.44615170e+02  -4.37598297e-04
   3.44615658e+02  -4.78840520e-04
   3.44616147e+02  -9.41536200e-05
   3.44616635e+02   3.51235212e-04
   3.44617123e+02   3.68983776e-04
   3.44617612e+02   8.23081791e-05
   3.44618100e+02   2.07128294e-04
   3.44618588e+02   5.38354740e-04
   3.44619076e+02   6.21411134e-04
   3.44619565e+02   4.21492528e-04
   3.44620053e+02   3.47264868e-04
   3.44620541e+02   3.93306313e-04
   3.44621030e+02   2.74087768e-04
   3.44621518e+02  -1.28050442e-05
   3.44622006e+02  -2.86262104e-04
   3.44622495e+02  -3.63763946e-04
   3.44622983e+02  -2.40481633e-04
   3.44623471e+02  -1.37682291e-04
   3.44623960e+02  -3.50583490e-04
   3.44624448e+02  -5.06858516e-04
   3.44624936e+02  -2.10074621e-04
   3.44625424e+02   9.92256682e-05
   3.44625913e+02  -6.28676498e-05
   3.44626401e+02  -2.12439045e-04
   3.44626889e+02  -3.83948827e-06
   3.44627378e+02   2.89182703e-04
   3.44627866e+02   3.58406018e-04
   3.44628354e+02   2.49486126e-04
   3.44628843e+02  -1.07656822e-04
   3.44629331e+02  -6.51607232e-04
   3.44629819e+02  -5.94184210e-04
   3.44630308e+02  -2.28496647e-04
   3.44630796e+02  -3.88088694e-04
   3.44631284e+02  -3.87000327e-04
   3.44631772e+02  -1.21957761e-04
   3.44632261e+02   6.82764730e-05
   3.44632749e+02   1.04372455e-04
   3.44633237e+02  -1.61576900e-04
   3.44633726e+02   1.72527925e-05
   3.44634214e+02   5.20478061e-04
   3.44634702e+02   3.48099653e-04
   3.44635191e+02  -2.69815628e-05
   3.44635679e+02  -1.50413282e-04
   3.44636167e+02  -1.88789912e-04
   3.44636656e+02  -1.64060693e-04
   3.44637144e+02  -1.85554032e-04
   3.44637632e+02  -2.96076178e-04
   3.44638120e+02  -2.09104241e-04
   3.44638609e+02   3.34996294e-05
   3.44639097e+02  -1.46290622e-04
   3.44639585e+02  -4.69786173e-04
   3.44640074e+02  -4.58854687e-04
   3.44640562e+02  -4.95655870e-04
   3.44641050e+02  -5.95793710e-04
   3.44641539e+02  -4.15470859e-04
   3.44642027e+02  -2.27032782e-04
   3.44642515e+02  -2.98127270e-04
   3.44643004e+02  -4.07774554e-04
   3.44643492e+02  -3.64334934e-04
   3.44643980e+02  -2.09933365e-04
   3.44644468e+02  -1.08253480e-04
   3.44644957e+02   1.40896445e-05
   3.44645445e+02   3.27634451e-04
   3.44645933e+02   4.77046706e-04
   3.44646422e+02   3.66020191e-04
   3.44646910e+02   2.29918936e-04
   3.44647398e+02   2.70052173e-04
   3.44647887e+02   4.18532843e-04
   3.44648375e+02   3.90819419e-04
   3.44648863e+02   2.36784312e-04
   3.44649352e+02  -1.80408133e-05
   3.44649840e+02  -4.46727179e-04
   3.44650328e+02  -5.23646362e-04
   3.44650816e+02   1.56912996e-04
   3.44651305e+02   6.55501848e-04
   3.44651793e+02   3.05889029e-04
   3.44652281e+02  -3.51887371e-04
   3.44652770e+02  -6.71570480e-04
   3.44653258e+02  -2.96264741e-04
   3.44653746e+02   1.16298150e-04
   3.44654235e+02  -2.56033905e-04
   3.44654723e+02  -5.22811606e-04
   3.44655211e+02  -4.09255066e-04
   3.44655700e+02  -1.47770756e-04
   3.44656188e+02   4.70501196e-04
   3.44656676e+02   1.03099656e-03
   3.44657165e+02   6.85198291e-04
   3.44657653e+02  -6.65744737e-05
   3.44658141e+02  -2.76058301e-04
   3.44658629e+02  -2.23312556e-04
   3.44659118e+02   6.17329351e-05
   3.44659606e+02   3.63880390e-04
   3.44660094e+02   3.98884731e-04
   3.44660583e+02   5.13577870e-05
   3.44661071e+02  -1.40518052e-04
   3.44661559e+02  -6.88476357e-05
   3.44662048e+02  -1.15199138e-04
   3.44662536e+02  -3.00517684e-04
   3.44663024e+02  -2.67108408e-04
   3.44663513e+02  -3.22608452e-04
   3.44664001e+02  -6.17912097e-04
   3.44664489e+02  -6.41171588e-04
   3.44664977e+02  -1.69394902e-04
   3.44665466e+02   5.11150458e-04
   3.44665954e+02   8.18365312e-04
   3.44666442e+02   5.91834192e-04
   3.44666931e+02   2.13723353e-04
   3.44667419e+02   1.19654687e-04
   3.44667907e+02   2.38519264e-04
   3.44668396e+02   3.55543714e-04
   3.44668884e+02   1.88606151e-04
   3.44669372e+02  -4.87945392e-04
   3.44669861e+02  -5.62846952e-04
   3.44670349e+02   1.66409765e-04
   3.44670837e+02   1.62747572e-04
   3.44671325e+02  -4.77493479e-04
   3.44671814e+02  -6.31166215e-04
   3.44672302e+02  -3.08338203e-04
   3.44672790e+02  -2.33256142e-04
   3.44673279e+02  -3.21452040e-04
   3.44673767e+02  -2.62182730e-04
   3.44674255e+02  -3.78787227e-04
   3.44674744e+02  -5.36883250e-04
   3.44675232e+02  -4.10097447e-04
   3.44675720e+02  -1.54406735e-04
   3.44676209e+02  -1.71671709e-04
   3.44676697e+02  -6.43098829e-05
   3.44677185e+02   3.08171788e-04
   3.44677673e+02   2.06115699e-04
   3.44678162e+02  -1.53865214e-04
   3.44678650e+02  -1.25356673e-04
   3.44679138e+02  -1.57943403e-04
   3.44679627e+02  -2.52821555e-05
   3.44680115e+02   5.96150348e-04
   3.44680603e+02   5.81545057e-04
   3.44681092e+02   6.08914197e-05
   3.44681580e+02  -7.84927615e-05
   3.44682068e+02  -2.90856609e-04
   3.44682557e+02  -4.88005840e-04
   3.44683045e+02  -3.34153854e-04
   3.44683533e+02  -2.99215579e-04
   3.44684021e+02  -3.20146908e-04
   3.44684510e+02  -3.07727169e-04
   3.44684998e+02  -7.19817006e-04
   3.44685486e+02  -1.00644189e-03
   3.44685975e+02  -6.03551860e-04
   3.44686463e+02  -2.26398290e-04
   3.44686951e+02  -1.72052809e-04
   3.44687440e+02   1.14792900e-04
   3.44687928e+02   5.98487037e-04
   3.44688416e+02   7.36975577e-04
   3.44688905e+02   5.03448362e-04
   3.44689393e+02   1.35493192e-05
   3.44689881e+02  -3.73369781e-04
   3.44690369e+02  -5.03757437e-05
   3.44690858e+02   1.23083446e-04
   3.44691346e+02  -1.88793783e-05
   3.44691834e+02   4.61802876e-04
   3.44692323e+02   6.93800044e-04
   3.44692811e+02   2.20985370e-04
   3.44693299e+02  -5.87621507e-05
   3.44693788e+02   1.76411020e-04
   3.44694276e+02   5.34266641e-04
   3.44694764e+02   3.47821595e-04
   3.44695253e+02  -1.30286193e-04
   3.44695741e+02  -9.63433995e-05
   3.44696229e+02   1.63052100e-04
   3.44696718e+02   2.29881131e-04
   3.44697206e+02   3.90024012e-04
   3.44697694e+02  -3.98122429e-05
   3.44698182e+02  -4.86141042e-04
   3.44698671e+02  -1.53963891e-04
   3.44699159e+02   8.15982821e-06
   3.44699647e+02  -2.79948465e-04
   3.44700136e+02  -3.22303473e-04
   3.44700624e+02  -2.83434521e-04
   3.44701112e+02  -3.91826732e-04
   3.44701601e+02  -2.64713715e-04
   3.44702089e+02   8.41629080e-05
   3.44702577e+02   3.37711564e-04
   3.44703066e+02   3.38561658e-04
   3.44703554e+02   6.20466817e-05
   3.44704042e+02  -9.92473870e-05
   3.44704530e+02  -2.20657981e-04
   3.44705019e+02  -4.81941766e-04
   3.44705507e+02  -7.05191633e-04
   3.44705995e+02  -7.99176807e-04
   3.44706484e+02  -5.06888609e-04
   3.44706972e+02   6.55356280e-06
   3.44707460e+02  -3.95328061e-05
   3.44707949e+02  -4.96920838e-04
   3.44708437e+02  -6.00964879e-04
   3.44708925e+02  -3.67910776e-04
   3.44709414e+02  -2.87650269e-04
   3.44709902e+02  -1.18663505e-04
   3.44710390e+02   2.75766884e-04
   3.44710878e+02   3.71452450e-04
   3.44711367e+02  -1.84595468e-04
   3.44711855e+02  -4.95535787e-04
   3.44712343e+02   1.04914914e-04
   3.44712832e+02   8.58436688e-04
   3.44713320e+02   9.47064022e-04
   3.44713808e+02   2.85031914e-04
   3.44714297e+02  -2.20762638e-04
   3.44714785e+02  -5.58326392e-05
   3.44715273e+02   3.54012853e-04
   3.44715762e+02   6.55750337e-04
   3.44716250e+02   7.08201900e-04
   3.44716738e+02   7.86337827e-04
   3.44717226e+02   6.14242570e-04
   3.44717715e+02  -3.64229272e-05
   3.44718203e+02  -3.26616340e-04
   3.44718691e+02  -2.23666386e-04
   3.44719180e+02  -2.96356127e-04
   3.44719668e+02  -5.87529968e-04
   3.44720156e+02  -8.47983349e-04
   3.44720645e+02  -5.65895520e-04
   3.44721133e+02   3.54964723e-05
   3.44721621e+02   1.16271061e-04
   3.44722110e+02   3.69030022e-05
   3.44722598e+02  -7.99966947e-05
   3.44723086e+02  -2.27431141e-04
   3.44723574e+02  -3.39347869e-04
   3.44724063e+02  -3.08904098e-04
   3.44724551e+02  -7.98005058e-05
   3.44725039e+02  -4.62559365e-05
   3.44725528e+02  -1.65497797e-04
   3.44726016e+02  -3.25135596e-04
   3.44726504e+02  -5.38784370e-04
   3.44726993e+02  -6.83210324e-04
   3.44727481e+02  -5.42544760e-04
   3.44727969e+02  -1.86705569e-04
   3.44728458e+02  -8.73079116e-05
   3.44728946e+02  -2.37715038e-04
   3.44729434e+02  -4.04856401e-04
   3.44729922e+02  -4.46236518e-04
   3.44730411e+02  -3.98637814e-04
   3.44730899e+02  -3.03517649e-04
   3.44731387e+02  -3.05947819e-04
   3.44731876e+02  -7.36317132e-04
   3.44732364e+02  -7.81325740e-04
   3.44732852e+02  -2.67194584e-04
   3.44733341e+02  -4.30649634e-05
   3.44733829e+02  -7.20403696e-05
   3.44734317e+02  -7.08005900e-05
   3.44734806e+02  -3.16346232e-05
   3.44735294e+02  -1.81518961e-04
   3.44735782e+02  -1.48671359e-04
   3.44736271e+02   1.97554604e-04
   3.44736759e+02   2.53330683e-04
   3.44737247e+02   1.30338492e-04
   3.44737735e+02   1.24775164e-04
   3.44738224e+02  -1.20361088e-04
   3.44738712e+02  -4.64042794e-04
   3.44739200e+02  -8.00711045e-04
   3.44739689e+02  -1.03577296e-03
   3.44740177e+02  -8.77235492e-04
   3.44740665e+02  -4.60830488e-04
   3.44741154e+02   9.30140959e-05
   3.44741642e+02   4.43463068e-04
   3.44742130e+02   3.31329327e-04
   3.44742619e+02   5.07888508e-05
   3.44743107e+02  -2.43126968e-04
   3.44743595e+02  -1.48695151e-04
   3.44744083e+02   2.78625608e-04
   3.44744572e+02   3.33448552e-04
   3.44745060e+02   1.64236597e-04
   3.44745548e+02   7.04744598e-05
   3.44746037e+02  -2.30161226e-04
   3.44746525e+02  -1.67058577e-04
   3.44747013e+02   1.87832164e-04
   3.44747502e+02  -1.41280645e-04
   3.44747990e+02  -5.37793909e-04
   3.44748478e+02  -4.16440926e-05
   3.44748967e+02   6.34532305e-04
   3.44749455e+02   7.83661264e-04
   3.44749943e+02   5.89841395e-04
   3.44750431e+02   1.35454349e-04
   3.44750920e+02  -2.56688567e-04
   3.44751408e+02  -4.13928094e-04
   3.44751896e+02  -1.64863872e-04
   3.44752385e+02   4.45299811e-04
   3.44752873e+02   5.94838813e-04
   3.44753361e+02   1.61876946e-04
   3.44753850e+02  -9.27690053e-05
   3.44754338e+02  -5.52132442e-05
   3.44754826e+02  -1.74589339e-04
   3.44755315e+02  -2.80982960e-04
   3.44755803e+02  -1.89921178e-04
   3.44756291e+02  -5.12731640e-06
   3.44756779e+02   3.11056327e-04
   3.44757268e+02   4.63502714e-04
   3.44757756e+02   3.50192830e-04
   3.44758244e+02   8.79354484e-05
   3.44758733e+02  -1.73834342e-04
   3.44759221e+02  -1.21003995e-05
   3.44759709e+02   2.03715419e-04
   3.44760198e+02   3.40761180e-04
   3.44760686e+02   5.08236000e-04
   3.44761174e+02   3.75466276e-04
   3.44761663e+02   3.11913755e-05
   3.44762151e+02  -1.91583807e-04
   3.44762639e+02  -1.60725816e-04
   3.44763127e+02   1.15586241e-04
   3.44763616e+02   2.40123016e-04
   3.44764104e+02   1.17980002e-04
   3.44764592e+02  -6.00532694e-05
   3.44765081e+02   2.22073618e-06
   3.44765569e+02   7.79899638e-05
   3.44766057e+02  -1.24578044e-04
   3.44766546e+02  -2.25214098e-04
   3.44767034e+02  -2.87195144e-04
   3.44767522e+02  -4.86610108e-04
   3.44768011e+02  -5.83639136e-04
   3.44768499e+02  -5.69370924e-04
   3.44768987e+02  -4.56617912e-04
   3.44769475e+02  -3.08764080e-04
   3.44769964e+02  -3.24541150e-04
   3.44770452e+02  -2.84759910e-04
   3.44770940e+02  -3.52835486e-04
   3.44771429e+02  -4.40940377e-04
   3.44771917e+02  -2.11531835e-04
   3.44772405e+02  -1.63288532e-05
   3.44772894e+02   3.30523108e-06
   3.44773382e+02  -1.23606093e-04
   3.44773870e+02  -3.57121287e-04
   3.44774359e+02  -3.81446880e-04
   3.44774847e+02  -3.00360844e-04
   3.44775335e+02  -1.41399301e-04
   3.44775824e+02  -3.49738730e-05
   3.44776312e+02  -2.72150181e-04
   3.44776800e+02  -4.05090250e-04
   3.44777288e+02  -3.02370492e-04
   3.44777777e+02  -2.38349894e-04
   3.44778265e+02  -3.52395495e-04
   3.44778753e+02  -4.12391761e-04
   3.44779242e+02  -1.83880766e-04
   3.44779730e+02   5.14615822e-05
   3.44780218e+02   1.46985130e-05
   3.44780707e+02  -7.50958570e-05
   3.44781195e+02   2.66928000e-05
   3.44781683e+02  -2.40939029e-04
   3.44782172e+02  -7.77589041e-04
   3.44782660e+02  -8.62887246e-04
   3.44783148e+02  -6.13687618e-04
   3.44783636e+02  -4.24510770e-04
   3.44784125e+02  -3.92874965e-04
   3.44784613e+02  -3.45586071e-04
   3.44785101e+02   6.97957921e-06
   3.44785590e+02   4.81668452e-04
   3.44786078e+02   7.71953433e-04
   3.44786566e+02   8.65974755e-04
   3.44787055e+02   5.22172486e-04
   3.44787543e+02  -2.00412076e-04
   3.44788031e+02  -4.64872777e-04
   3.44788520e+02  -2.73577112e-04
   3.44789008e+02  -1.37724433e-04
   3.44789496e+02   1.48870467e-05
   3.44789984e+02   9.01575186e-05
   3.44790473e+02  -8.47866431e-06
   3.44790961e+02  -6.70739828e-05
   3.44791449e+02   9.12065589e-05
   3.44791938e+02   1.45854638e-05
   3.44792426e+02  -4.06204053e-04
   3.44792914e+02  -2.81497749e-04
   3.44793403e+02   3.36095400e-04
   3.44793891e+02   3.50763410e-04
   3.44794379e+02   1.71608393e-04
   3.44794868e+02   4.12163325e-04
   3.44795356e+02   3.57194192e-04
   3.44795844e+02  -1.36946255e-04
   3.44796332e+02  -3.05768976e-04
   3.44796821e+02  -7.58863971e-05
   3.44797309e+02   8.59460270e-05
   3.44797797e+02   2.01128405e-05
   3.44798286e+02   1.11547772e-04
   3.44798774e+02   3.65350192e-04
   3.44799262e+02   3.37815232e-04
   3.44799751e+02   1.86081597e-04
   3.44800239e+02  -1.32128393e-04
   3.44800727e+02  -5.82324457e-04
   3.44801216e+02  -5.66691218e-04
   3.44801704e+02  -3.29322414e-04
   3.44802192e+02  -2.99956329e-04
   3.44802680e+02   8.72312376e-05
   3.44803169e+02   5.20802336e-04
   3.44803657e+02   1.96554422e-04
   3.44804145e+02  -3.67013941e-04
   3.44804634e+02  -4.63160221e-04
   3.44805122e+02  -1.69671912e-04
   3.44805610e+02   9.28694499e-05
   3.44806099e+02   1.10122019e-04
   3.44806587e+02  -1.92232532e-04
   3.44807075e+02  -5.53161255e-04
   3.44807564e+02  -5.59750886e-04
   3.44808052e+02  -2.99477135e-04
   3.44808540e+02   4.09823951e-05
   3.44809028e+02   2.96943355e-04
   3.44809517e+02   1.64656100e-04
   3.44810005e+02  -1.19970187e-04
   3.44810493e+02  -1.04936662e-04
   3.44810982e+02   1.71651540e-04
   3.44811470e+02   2.66869261e-04
   3.44811958e+02   1.96095411e-04
   3.44812447e+02   2.52817787e-04
   3.44812935e+02   2.81730987e-04
   3.44813423e+02   2.67782161e-04
   3.44813912e+02   4.18128824e-04
   3.44814400e+02   3.64868989e-04
   3.44814888e+02   1.46458433e-05
   3.44815377e+02  -4.14417491e-06
   3.44815865e+02   1.61068718e-04
   3.44816353e+02   6.31165021e-05
   3.44816841e+02  -2.96027691e-04
   3.44817330e+02  -5.25856740e-04
   3.44817818e+02  -4.26419545e-04
   3.44818306e+02  -3.07924674e-05
   3.44818795e+02   6.33816235e-04
   3.44819283e+02   7.24828918e-04
   3.44819771e+02   1.59034578e-04
   3.44820260e+02  -6.69286004e-04
   3.44820748e+02  -1.22394622e-03
   3.44821236e+02  -6.48666930e-04
   3.44821725e+02   6.56176198e-05
   3.44822213e+02   7.56699228e-05
   3.44822701e+02  -1.65583930e-04
   3.44823189e+02  -2.28619756e-04
   3.44823678e+02  -2.08449594e-04
   3.44824166e+02  -4.08014632e-04
   3.44824654e+02  -5.46913128e-04
   3.44825143e+02  -1.88861886e-04
   3.44825631e+02   1.41912315e-04
   3.44826119e+02   2.23832787e-04
   3.44826608e+02   3.04233225e-04
   3.44827096e+02   3.76021664e-04
   3.44827584e+02   1.08453147e-04
   3.44828073e+02  -4.83285461e-04
   3.44828561e+02  -4.40264237e-04
   3.44829049e+02  -1.10408488e-04
   3.44829537e+02  -1.94348162e-04
   3.44830026e+02  -1.48020074e-04
   3.44830514e+02  -3.57273893e-05
   3.44831002e+02   1.11330824e-04
   3.44831491e+02   2.61795300e-04
   3.44831979e+02   1.86042569e-04
   3.44832467e+02   2.11271123e-04
   3.44832956e+02   2.54819053e-04
   3.44833444e+02   7.27048464e-05
