frequency (GHz), flux (Jy/beam)
   3.43899310e+02   2.19276827e-03
   3.43899798e+02  -6.69267145e-04
   3.43900286e+02  -4.52097598e-03
   3.43900774e+02  -4.53504501e-03
   3.43901263e+02  -1.73103600e-03
   3.43901751e+02  -1.68527570e-03
   3.43902239e+02  -1.63403200e-03
   3.43902728e+02  -1.06614525e-03
   3.43903216e+02  -9.39671940e-04
   3.43903704e+02  -6.35207616e-05
   3.43904193e+02   1.88770576e-03
   3.43904681e+02   2.67415331e-03
   3.43905169e+02   1.26517168e-03
   3.43905658e+02  -2.40323949e-04
   3.43906146e+02  -4.90226434e-04
   3.43906634e+02   5.81695524e-04
   3.43907122e+02  -1.62808152e-04
   3.43907611e+02  -1.74724939e-03
   3.43908099e+02  -1.32737227e-03
   3.43908587e+02  -4.86952136e-04
   3.43909076e+02   5.35308267e-04
   3.43909564e+02   3.21142608e-03
   3.43910052e+02   3.53273866e-03
   3.43910541e+02   1.11643458e-03
   3.43911029e+02  -9.63049024e-05
   3.43911517e+02  -8.25576950e-04
   3.43912006e+02   1.50483416e-03
   3.43912494e+02   4.21911245e-03
   3.43912982e+02   2.25384999e-03
   3.43913470e+02  -1.79691904e-03
   3.43913959e+02  -3.38306441e-03
   3.43914447e+02  -2.47492595e-03
   3.43914935e+02  -9.55873402e-04
   3.43915424e+02   1.64263765e-03
   3.43915912e+02   3.84571194e-03
   3.43916400e+02   2.91567133e-03
   3.43916889e+02   3.91106732e-04
   3.43917377e+02  -5.37741114e-04
   3.43917865e+02  -1.02696780e-04
   3.43918354e+02   2.17827479e-03
   3.43918842e+02   3.44484579e-03
   3.43919330e+02   2.28589424e-03
   3.43919818e+02   9.45771346e-04
   3.43920307e+02   1.44720461e-05
   3.43920795e+02   2.64051312e-04
   3.43921283e+02   1.81253720e-03
   3.43921772e+02   2.58334470e-03
   3.43922260e+02   2.47407588e-03
   3.43922748e+02   1.68805732e-03
   3.43923237e+02  -9.88825457e-04
   3.43923725e+02  -2.52201082e-03
   3.43924213e+02  -1.58426049e-03
   3.43924702e+02  -9.48012923e-04
   3.43925190e+02  -6.21689134e-04
   3.43925678e+02  -1.11930458e-04
   3.43926166e+02  -4.12794652e-05
   3.43926655e+02   1.90263533e-03
   3.43927143e+02   2.49963533e-03
   3.43927631e+02  -7.35370093e-04
   3.43928120e+02  -3.87831335e-03
   3.43928608e+02  -4.26694192e-03
   3.43929096e+02  -1.42617419e-03
   3.43929585e+02   2.60586292e-03
   3.43930073e+02   3.28044663e-03
   3.43930561e+02   6.23962784e-04
   3.43931050e+02   3.88758519e-04
   3.43931538e+02   2.07108888e-03
   3.43932026e+02   9.02286090e-04
   3.43932514e+02  -4.18582233e-04
   3.43933003e+02   1.45908841e-03
   3.43933491e+02   4.42389585e-03
   3.43933979e+02   4.82457690e-03
   3.43934468e+02   3.52729275e-03
   3.43934956e+02   8.87326256e-04
   3.43935444e+02  -2.83475383e-03
   3.43935933e+02  -2.91398005e-03
   3.43936421e+02  -1.18446501e-03
   3.43936909e+02  -1.51088892e-03
   3.43937398e+02  -1.55603979e-03
   3.43937886e+02  -5.23455266e-04
   3.43938374e+02   2.05964127e-04
   3.43938863e+02  -4.30047337e-04
   3.43939351e+02  -1.17306923e-03
   3.43939839e+02  -1.86891368e-04
   3.43940327e+02   1.35011179e-03
   3.43940816e+02   7.43041455e-04
   3.43941304e+02   1.33483791e-05
   3.43941792e+02   9.29395377e-04
   3.43942281e+02   1.14746590e-03
   3.43942769e+02   3.32948803e-05
   3.43943257e+02  -1.46184524e-03
   3.43943746e+02  -2.33747880e-03
   3.43944234e+02  -1.72106479e-03
   3.43944722e+02  -1.29261741e-03
   3.43945211e+02  -9.87389241e-04
   3.43945699e+02   1.79932598e-04
   3.43946187e+02   9.36829252e-04
   3.43946675e+02   7.65872130e-04
   3.43947164e+02  -1.19804688e-04
   3.43947652e+02  -7.00500852e-04
   3.43948140e+02   4.91586339e-04
   3.43948629e+02   2.56430288e-03
   3.43949117e+02   3.51788010e-03
   3.43949605e+02   1.27463136e-03
   3.43950094e+02  -1.25039846e-03
   3.43950582e+02  -5.54758066e-04
   3.43951070e+02  -3.35255172e-04
   3.43951559e+02  -1.73206546e-03
   3.43952047e+02  -8.90470925e-04
   3.43952535e+02   4.47914324e-04
   3.43953023e+02  -9.34105192e-04
   3.43953512e+02  -1.22125691e-03
   3.43954000e+02   3.98956065e-04
   3.43954488e+02   8.31778394e-04
   3.43954977e+02   1.82237802e-03
   3.43955465e+02   2.79946788e-03
   3.43955953e+02   1.53636909e-03
   3.43956442e+02  -2.81765155e-04
   3.43956930e+02  -6.04297034e-04
   3.43957418e+02  -4.23409598e-04
   3.43957907e+02   3.63794679e-04
   3.43958395e+02   7.47899350e-04
   3.43958883e+02  -4.67083679e-04
   3.43959371e+02  -2.21914772e-04
   3.43959860e+02   1.08630757e-03
   3.43960348e+02   2.72662699e-04
   3.43960836e+02   4.76660702e-04
   3.43961325e+02   2.91596772e-03
   3.43961813e+02   3.41743138e-03
   3.43962301e+02   1.45925244e-03
   3.43962790e+02   3.92365968e-04
   3.43963278e+02   8.49003962e-04
   3.43963766e+02   3.65224812e-04
   3.43964255e+02  -1.56890519e-03
   3.43964743e+02  -3.30489897e-03
   3.43965231e+02  -2.62148539e-03
   3.43965719e+02  -1.06598332e-03
   3.43966208e+02  -1.08387950e-03
   3.43966696e+02  -1.38735760e-03
   3.43967184e+02   4.11789923e-04
   3.43967673e+02   2.05076113e-03
   3.43968161e+02   2.02624337e-03
   3.43968649e+02   2.09282269e-03
   3.43969138e+02   1.52609858e-03
   3.43969626e+02   2.09980702e-04
   3.43970114e+02  -6.24728331e-04
   3.43970603e+02  -2.07332103e-03
   3.43971091e+02  -4.38517146e-03
   3.43971579e+02  -4.88442229e-03
   3.43972067e+02  -2.50211335e-03
   3.43972556e+02  -5.25398471e-04
   3.43973044e+02   4.64720360e-04
   3.43973532e+02   1.70820614e-03
   3.43974021e+02   2.12710816e-03
   3.43974509e+02   2.54581799e-03
   3.43974997e+02   3.42471735e-03
   3.43975486e+02   3.12506594e-03
   3.43975974e+02   5.79821353e-04
   3.43976462e+02  -3.87008069e-04
   3.43976951e+02   2.45754287e-04
   3.43977439e+02  -4.16387280e-04
   3.43977927e+02  -7.57964386e-04
   3.43978416e+02  -3.83066392e-04
   3.43978904e+02  -1.66628834e-05
   3.43979392e+02   4.26069280e-04
   3.43979880e+02   6.25421875e-04
   3.43980369e+02   1.74179312e-03
   3.43980857e+02   3.51348612e-03
   3.43981345e+02   3.94742331e-03
   3.43981834e+02   2.04190728e-03
   3.43982322e+02  -1.53621921e-04
   3.43982810e+02   1.02162408e-03
   3.43983299e+02   2.78061582e-03
   3.43983787e+02   3.28523689e-03
   3.43984275e+02   2.29885825e-03
   3.43984764e+02  -1.86522870e-04
   3.43985252e+02  -1.29971246e-03
   3.43985740e+02   3.62910971e-04
   3.43986228e+02   9.99551616e-04
   3.43986717e+02  -2.01253104e-04
   3.43987205e+02  -3.12148739e-04
   3.43987693e+02   2.95268081e-04
   3.43988182e+02   1.42462656e-03
   3.43988670e+02   2.98204832e-03
   3.43989158e+02   2.80649867e-03
   3.43989647e+02   1.09890325e-03
   3.43990135e+02  -9.75114235e-04
   3.43990623e+02  -1.12447760e-03
   3.43991112e+02   1.81017665e-03
   3.43991600e+02   1.35187537e-03
   3.43992088e+02  -2.82223569e-03
   3.43992576e+02  -3.00769578e-03
   3.43993065e+02  -1.24760577e-03
   3.43993553e+02  -1.41789473e-03
   3.43994041e+02  -9.51714988e-04
   3.43994530e+02  -4.51158354e-04
   3.43995018e+02  -1.96935679e-03
   3.43995506e+02  -3.48506472e-03
   3.43995995e+02  -4.44119191e-03
   3.43996483e+02  -4.83705942e-03
   3.43996971e+02  -1.81838428e-03
   3.43997460e+02   2.59861839e-03
   3.43997948e+02   4.73424932e-03
   3.43998436e+02   4.48248116e-03
   3.43998924e+02   2.14387802e-03
   3.43999413e+02  -8.89806717e-04
   3.43999901e+02  -1.45367079e-03
   3.44000389e+02  -4.57620554e-05
   3.44000878e+02   1.55960664e-03
   3.44001366e+02   3.10634286e-03
   3.44001854e+02   1.35058339e-03
   3.44002343e+02  -1.89428485e-03
   3.44002831e+02  -1.56781985e-03
   3.44003319e+02   6.90283370e-04
   3.44003808e+02   1.77063266e-04
   3.44004296e+02  -1.58419518e-03
   3.44004784e+02  -7.20800774e-04
   3.44005272e+02  -3.26154346e-04
   3.44005761e+02  -3.61374085e-04
   3.44006249e+02   4.38856368e-04
   3.44006737e+02   2.20200908e-03
   3.44007226e+02   4.21302672e-03
   3.44007714e+02   3.74698755e-03
   3.44008202e+02   1.74633134e-03
   3.44008691e+02   4.50501131e-04
   3.44009179e+02  -4.66638332e-04
   3.44009667e+02  -1.36766327e-03
   3.44010156e+02  -1.28780701e-03
   3.44010644e+02  -1.92874391e-03
   3.44011132e+02  -2.85922270e-03
   3.44011620e+02  -2.14099558e-03
   3.44012109e+02  -2.42999312e-03
   3.44012597e+02  -2.91925622e-03
   3.44013085e+02  -2.69067730e-03
   3.44013574e+02  -3.80267180e-03
   3.44014062e+02  -3.79560608e-03
   3.44014550e+02  -6.72500522e-04
   3.44015039e+02   1.17304816e-03
   3.44015527e+02   1.90221111e-03
   3.44016015e+02   1.50255510e-03
   3.44016504e+02   2.04734760e-03
   3.44016992e+02   3.45121487e-03
   3.44017480e+02   2.95092445e-03
   3.44017969e+02   3.02448426e-03
   3.44018457e+02   4.19715000e-03
   3.44018945e+02   1.72153290e-03
   3.44019433e+02  -5.96514379e-04
   3.44019922e+02   2.16846331e-03
   3.44020410e+02   4.93361102e-03
   3.44020898e+02   4.33680974e-03
   3.44021387e+02   1.66751002e-03
   3.44021875e+02   1.26716355e-03
   3.44022363e+02   1.99263287e-03
   3.44022852e+02  -4.30950604e-04
   3.44023340e+02  -2.26808107e-03
   3.44023828e+02  -6.64040097e-04
   3.44024317e+02   6.65573461e-04
   3.44024805e+02  -1.92171094e-04
   3.44025293e+02  -4.91075567e-04
   3.44025781e+02   4.45520127e-04
   3.44026270e+02  -4.61540214e-04
   3.44026758e+02  -8.87982198e-04
   3.44027246e+02   1.65644291e-04
   3.44027735e+02   9.30919428e-04
   3.44028223e+02   3.52603639e-03
   3.44028711e+02   6.72352128e-03
   3.44029200e+02   8.88688490e-03
   3.44029688e+02   1.34373205e-02
   3.44030176e+02   1.36511829e-02
   3.44030665e+02   9.04836133e-03
   3.44031153e+02   6.05941657e-03
   3.44031641e+02   2.96012242e-03
   3.44032129e+02   1.27082272e-03
   3.44032618e+02   8.89653689e-04
   3.44033106e+02  -1.28663692e-03
   3.44033594e+02  -2.45490368e-03
   3.44034083e+02  -1.36499829e-03
   3.44034571e+02   2.64358561e-04
   3.44035059e+02   1.74727314e-03
   3.44035548e+02   2.85105105e-03
   3.44036036e+02   2.75011128e-03
   3.44036524e+02   2.85545224e-03
   3.44037013e+02   4.42173472e-03
   3.44037501e+02   4.30254545e-03
   3.44037989e+02   2.68861651e-03
   3.44038477e+02   5.36506937e-04
   3.44038966e+02  -1.34644238e-03
   3.44039454e+02  -1.87841686e-03
   3.44039942e+02  -2.18101777e-03
   3.44040431e+02  -1.92502653e-03
   3.44040919e+02   5.54655562e-04
   3.44041407e+02   1.40048924e-03
   3.44041896e+02  -1.00351719e-03
   3.44042384e+02  -3.07972636e-03
   3.44042872e+02  -1.93486304e-03
   3.44043361e+02   9.23058426e-04
   3.44043849e+02   3.11007444e-03
   3.44044337e+02   4.63781180e-03
   3.44044825e+02   4.58395667e-03
   3.44045314e+02   2.76802713e-03
   3.44045802e+02   1.81526213e-03
   3.44046290e+02   1.13387778e-03
   3.44046779e+02  -1.03909770e-04
   3.44047267e+02  -4.86525358e-04
   3.44047755e+02  -9.71801579e-04
   3.44048244e+02  -9.40033759e-04
   3.44048732e+02   3.19380662e-04
   3.44049220e+02   4.19432705e-04
   3.44049709e+02  -8.65174225e-04
   3.44050197e+02  -1.91107078e-03
   3.44050685e+02  -2.59257248e-03
   3.44051173e+02  -3.40446155e-03
   3.44051662e+02  -2.81372806e-03
   3.44052150e+02  -1.33255380e-04
   3.44052638e+02   1.94108114e-03
   3.44053127e+02   2.15758220e-03
   3.44053615e+02   2.08440027e-03
   3.44054103e+02   2.57491344e-03
   3.44054592e+02   2.43899692e-03
   3.44055080e+02   1.20585063e-03
   3.44055568e+02  -1.08256005e-03
   3.44056057e+02  -2.43153167e-03
   3.44056545e+02  -4.26385505e-03
   3.44057033e+02  -5.35646547e-03
   3.44057522e+02  -2.24908418e-03
   3.44058010e+02   1.49544771e-03
   3.44058498e+02   1.31580816e-03
   3.44058986e+02  -3.95866926e-04
   3.44059475e+02   9.39981954e-04
   3.44059963e+02   1.99227105e-03
   3.44060451e+02   7.30542524e-05
   3.44060940e+02  -1.09621068e-03
   3.44061428e+02  -1.18082529e-03
   3.44061916e+02  -1.98854064e-03
   3.44062405e+02  -5.43421542e-04
   3.44062893e+02   2.87720654e-03
   3.44063381e+02   2.35348567e-03
   3.44063870e+02   3.54258576e-04
   3.44064358e+02   1.20231431e-04
   3.44064846e+02  -3.38504382e-04
   3.44065334e+02   1.27372641e-05
   3.44065823e+02   2.10576807e-03
   3.44066311e+02   3.54937278e-03
   3.44066799e+02   3.39270267e-03
   3.44067288e+02   2.64339056e-03
   3.44067776e+02   3.41754669e-04
   3.44068264e+02  -1.83232874e-03
   3.44068753e+02  -1.16899284e-03
   3.44069241e+02   6.78019365e-04
   3.44069729e+02   2.16574478e-03
   3.44070218e+02   3.14929197e-03
   3.44070706e+02   1.91389257e-03
   3.44071194e+02  -2.31372615e-04
   3.44071682e+02  -9.49494017e-04
   3.44072171e+02  -8.23351380e-04
   3.44072659e+02  -1.06555491e-03
   3.44073147e+02  -1.61206082e-03
   3.44073636e+02  -2.74659204e-03
   3.44074124e+02  -2.87016155e-03
   3.44074612e+02  -2.10732943e-03
   3.44075101e+02  -1.59962324e-03
   3.44075589e+02  -7.61535775e-04
   3.44076077e+02   5.35759027e-04
   3.44076566e+02   1.95355853e-03
   3.44077054e+02   2.25981441e-03
   3.44077542e+02   1.30626676e-03
   3.44078030e+02   3.37835023e-04
   3.44078519e+02  -8.02420545e-04
   3.44079007e+02  -7.83610682e-04
   3.44079495e+02   5.11797145e-04
   3.44079984e+02   1.06014533e-03
   3.44080472e+02   8.94816068e-04
   3.44080960e+02   3.82380036e-04
   3.44081449e+02  -3.48635920e-04
   3.44081937e+02  -6.23129541e-04
   3.44082425e+02  -7.22095487e-04
   3.44082914e+02   6.60874939e-04
   3.44083402e+02   1.24843419e-03
   3.44083890e+02  -2.03236166e-04
   3.44084378e+02  -6.02581349e-05
   3.44084867e+02   2.38338806e-04
   3.44085355e+02  -5.18327812e-04
   3.44085843e+02   1.40050566e-03
   3.44086332e+02   3.64205590e-03
   3.44086820e+02   4.01310762e-03
   3.44087308e+02   2.57923291e-03
   3.44087797e+02   8.15363834e-04
   3.44088285e+02   1.40294852e-03
   3.44088773e+02   2.92366394e-03
   3.44089262e+02   2.24803574e-03
   3.44089750e+02   1.79413613e-03
   3.44090238e+02   3.72437015e-03
   3.44090726e+02   3.95910814e-03
   3.44091215e+02   8.15135543e-04
   3.44091703e+02  -1.57849817e-03
   3.44092191e+02  -4.61185955e-05
   3.44092680e+02   2.39426619e-03
   3.44093168e+02   1.86877465e-03
   3.44093656e+02  -1.22884184e-03
   3.44094145e+02  -1.94964686e-03
   3.44094633e+02   5.70491306e-04
   3.44095121e+02   8.31969897e-04
   3.44095610e+02   1.02878222e-03
   3.44096098e+02   3.30997794e-03
   3.44096586e+02   3.85041558e-03
   3.44097075e+02   1.75463536e-03
   3.44097563e+02  -1.43778033e-03
   3.44098051e+02  -2.83358176e-03
   3.44098539e+02  -1.83570990e-03
   3.44099028e+02  -8.45173956e-04
   3.44099516e+02   1.22588826e-04
   3.44100004e+02   3.76671611e-04
   3.44100493e+02  -6.95045921e-04
   3.44100981e+02  -2.34668769e-04
   3.44101469e+02   3.34973127e-04
   3.44101958e+02  -8.79080035e-04
   3.44102446e+02  -8.84267734e-04
   3.44102934e+02  -8.78591265e-04
   3.44103423e+02  -2.11366476e-03
   3.44103911e+02  -1.61843665e-03
   3.44104399e+02   1.36957341e-03
   3.44104887e+02   4.36717086e-03
   3.44105376e+02   2.87638209e-03
   3.44105864e+02  -2.31507025e-03
   3.44106352e+02  -3.96635197e-03
   3.44106841e+02  -2.86567421e-03
   3.44107329e+02  -6.09958021e-04
   3.44107817e+02   1.20184070e-03
   3.44108306e+02  -1.10829517e-03
   3.44108794e+02  -3.21049709e-03
   3.44109282e+02  -1.97354867e-03
   3.44109771e+02  -1.00380252e-03
   3.44110259e+02  -2.89620395e-04
   3.44110747e+02   1.05886895e-03
   3.44111235e+02   1.85407803e-03
   3.44111724e+02   2.17095972e-03
   3.44112212e+02   2.86948332e-03
   3.44112700e+02   3.23661603e-03
   3.44113189e+02   2.45607039e-03
   3.44113677e+02   8.60001659e-04
   3.44114165e+02   4.53615357e-04
   3.44114654e+02   1.68438966e-03
   3.44115142e+02   2.14868202e-03
   3.44115630e+02   1.71298545e-03
   3.44116119e+02   1.62227557e-03
   3.44116607e+02   2.06727628e-03
   3.44117095e+02   3.83533514e-03
   3.44117583e+02   5.90012223e-03
   3.44118072e+02   5.99183235e-03
   3.44118560e+02   4.55646077e-03
   3.44119048e+02   3.25960992e-03
   3.44119537e+02   1.89613376e-03
   3.44120025e+02   1.21680810e-03
   3.44120513e+02   1.77850365e-03
   3.44121002e+02   5.23087278e-04
   3.44121490e+02  -7.69198057e-04
   3.44121978e+02   3.22270731e-04
   3.44122467e+02   3.10504460e-04
   3.44122955e+02   6.53358351e-04
   3.44123443e+02   2.69318349e-03
   3.44123931e+02   3.18797608e-03
   3.44124420e+02   2.45480333e-03
   3.44124908e+02   2.35321582e-03
   3.44125396e+02   3.77640524e-03
   3.44125885e+02   3.59909050e-03
   3.44126373e+02   1.39863463e-03
   3.44126861e+02   5.23223716e-04
   3.44127350e+02   3.88216489e-04
   3.44127838e+02   1.79812335e-03
   3.44128326e+02   4.63101082e-03
   3.44128815e+02   5.36206784e-03
   3.44129303e+02   4.11870005e-03
   3.44129791e+02   3.86664504e-03
   3.44130279e+02   2.42457772e-03
   3.44130768e+02  -1.00281707e-03
   3.44131256e+02  -2.87467241e-03
   3.44131744e+02  -4.82113159e-04
   3.44132233e+02  -1.67626026e-03
   3.44132721e+02  -1.38812000e-03
   3.44133209e+02   8.22674949e-04
   3.44133698e+02   9.85605991e-04
   3.44134186e+02   1.98779544e-05
   3.44134674e+02  -4.39065479e-04
   3.44135163e+02  -3.57835175e-04
   3.44135651e+02   6.92109053e-04
   3.44136139e+02   1.60377729e-03
   3.44136628e+02   2.52873142e-04
   3.44137116e+02  -1.67434730e-04
   3.44137604e+02   1.30126846e-03
   3.44138092e+02   2.80571840e-04
   3.44138581e+02  -1.50320632e-03
   3.44139069e+02  -1.61369971e-03
   3.44139557e+02  -2.12324481e-03
   3.44140046e+02  -1.86191581e-03
   3.44140534e+02   1.25278626e-03
   3.44141022e+02   2.54798657e-03
   3.44141511e+02   7.78845162e-04
   3.44141999e+02   4.43926372e-04
   3.44142487e+02   1.34455797e-03
   3.44142976e+02   7.99931469e-04
   3.44143464e+02  -2.25713055e-04
   3.44143952e+02  -2.89113872e-04
   3.44144440e+02  -1.52814388e-03
   3.44144929e+02  -3.39713017e-03
   3.44145417e+02  -2.69753626e-03
   3.44145905e+02  -3.07185284e-04
   3.44146394e+02  -6.14329125e-04
   3.44146882e+02  -1.27395720e-03
   3.44147370e+02   6.65972824e-04
   3.44147859e+02   1.09111937e-03
   3.44148347e+02   1.38784200e-03
   3.44148835e+02   1.87000458e-03
   3.44149324e+02   8.39247194e-04
   3.44149812e+02   4.49687097e-04
   3.44150300e+02   9.03653447e-04
   3.44150788e+02   3.78726050e-04
   3.44151277e+02  -3.82021448e-04
   3.44151765e+02   4.86049597e-04
   3.44152253e+02   1.62169815e-03
   3.44152742e+02   1.11014640e-03
   3.44153230e+02  -1.20138895e-04
   3.44153718e+02  -6.20043254e-04
   3.44154207e+02  -6.43731270e-04
   3.44154695e+02  -1.54972763e-03
   3.44155183e+02  -2.83637177e-03
   3.44155672e+02  -3.92645877e-03
   3.44156160e+02  -3.54160788e-03
   3.44156648e+02  -1.18090643e-03
   3.44157136e+02   1.60292882e-04
   3.44157625e+02   7.21225049e-04
   3.44158113e+02   2.31066626e-03
   3.44158601e+02   2.54452461e-03
   3.44159090e+02   1.64344430e-03
   3.44159578e+02   7.12782377e-04
   3.44160066e+02  -2.13828264e-03
   3.44160555e+02  -4.72231302e-03
   3.44161043e+02  -3.67933116e-03
   3.44161531e+02  -8.84581648e-04
   3.44162020e+02   1.89049460e-04
   3.44162508e+02  -8.21921160e-04
   3.44162996e+02  -1.43041089e-03
   3.44163484e+02  -2.02481562e-04
   3.44163973e+02   1.46616856e-03
   3.44164461e+02   1.97349302e-03
   3.44164949e+02   1.21490203e-03
   3.44165438e+02  -2.13185456e-04
   3.44165926e+02  -6.42405765e-04
   3.44166414e+02   3.80386453e-04
   3.44166903e+02   1.65102235e-03
   3.44167391e+02   1.91556581e-03
   3.44167879e+02   3.64186446e-04
   3.44168368e+02  -8.31509358e-04
   3.44168856e+02  -3.95172217e-04
   3.44169344e+02   2.45271833e-04
   3.44169832e+02  -1.10737351e-03
   3.44170321e+02  -2.09190440e-03
   3.44170809e+02   2.81441724e-04
   3.44171297e+02   2.83106975e-03
   3.44171786e+02   1.30973372e-03
   3.44172274e+02  -2.10392685e-03
   3.44172762e+02  -1.52802060e-03
   3.44173251e+02   1.56791718e-03
   3.44173739e+02   2.44494784e-03
   3.44174227e+02   7.43815268e-04
   3.44174716e+02  -1.56720472e-03
   3.44175204e+02  -1.80518068e-03
   3.44175692e+02  -1.37247727e-03
   3.44176181e+02  -6.20321429e-04
   3.44176669e+02   6.59346697e-04
   3.44177157e+02   3.42239946e-04
   3.44177645e+02  -7.94791595e-06
   3.44178134e+02   3.51761148e-04
   3.44178622e+02   5.21410140e-04
   3.44179110e+02   9.21295199e-04
   3.44179599e+02   2.11591643e-04
   3.44180087e+02  -3.65369109e-04
   3.44180575e+02  -1.81821044e-04
   3.44181064e+02  -1.09202543e-03
   3.44181552e+02  -1.81242693e-04
   3.44182040e+02   1.88958552e-03
   3.44182529e+02   1.39244366e-03
   3.44183017e+02   4.01259167e-04
   3.44183505e+02   4.55326925e-04
   3.44183993e+02   1.00684585e-03
   3.44184482e+02   1.24561018e-03
   3.44184970e+02   1.43362253e-04
   3.44185458e+02  -5.86840266e-04
   3.44185947e+02  -7.93714367e-04
   3.44186435e+02  -1.23307866e-03
   3.44186923e+02  -9.75018847e-05
   3.44187412e+02   1.20054139e-03
   3.44187900e+02  -3.12412070e-04
   3.44188388e+02  -1.96028827e-03
   3.44188877e+02  -8.82129476e-04
   3.44189365e+02   1.19946012e-03
   3.44189853e+02   2.00755987e-03
   3.44190341e+02   1.59023784e-03
   3.44190830e+02   1.81451486e-03
   3.44191318e+02   1.20812457e-03
   3.44191806e+02  -5.44336159e-04
   3.44192295e+02   6.63803134e-04
   3.44192783e+02   1.24755525e-03
   3.44193271e+02  -1.12955563e-03
   3.44193760e+02  -2.49586161e-03
   3.44194248e+02  -2.73992773e-03
   3.44194736e+02  -4.09146678e-03
   3.44195225e+02  -4.98396391e-03
   3.44195713e+02  -2.53001903e-03
   3.44196201e+02   2.17213572e-04
   3.44196689e+02   3.30704526e-04
   3.44197178e+02   7.45062425e-05
   3.44197666e+02   2.65562732e-04
   3.44198154e+02   1.42243772e-03
   3.44198643e+02   2.62182346e-03
   3.44199131e+02   1.86878745e-03
   3.44199619e+02   8.72546283e-04
   3.44200108e+02   3.82443744e-04
   3.44200596e+02  -1.57858932e-03
   3.44201084e+02  -2.79678940e-03
   3.44201573e+02  -7.76968431e-04
   3.44202061e+02   1.49478577e-03
   3.44202549e+02   1.57489980e-04
   3.44203037e+02  -4.40551434e-04
   3.44203526e+02   6.17741840e-04
   3.44204014e+02   2.81308312e-04
   3.44204502e+02   4.35520225e-04
   3.44204991e+02   1.47356337e-03
   3.44205479e+02   2.31640530e-03
   3.44205967e+02   7.92091480e-04
   3.44206456e+02  -2.81018461e-03
   3.44206944e+02  -2.50553852e-03
   3.44207432e+02  -9.92384390e-04
   3.44207921e+02  -1.33757701e-03
   3.44208409e+02  -3.31173767e-04
   3.44208897e+02   3.41554696e-04
   3.44209385e+02  -8.06812139e-04
   3.44209874e+02  -5.20689355e-04
   3.44210362e+02   7.72509782e-04
   3.44210850e+02   1.01079597e-04
   3.44211339e+02  -6.16187695e-04
   3.44211827e+02  -1.29965454e-04
   3.44212315e+02   2.27836124e-03
   3.44212804e+02   4.38681617e-03
   3.44213292e+02   2.90229800e-03
   3.44213780e+02   2.36484502e-03
   3.44214269e+02   2.46388093e-03
   3.44214757e+02  -5.62719069e-04
   3.44215245e+02  -1.69387052e-03
   3.44215734e+02  -3.03887849e-04
   3.44216222e+02   5.06722972e-05
   3.44216710e+02  -3.06707749e-04
   3.44217198e+02  -9.85316816e-04
   3.44217687e+02  -4.11165151e-04
   3.44218175e+02   1.85550726e-03
   3.44218663e+02   2.01310916e-03
   3.44219152e+02  -6.84687868e-04
   3.44219640e+02  -1.26950396e-03
   3.44220128e+02  -5.26711461e-04
   3.44220617e+02  -1.59312761e-03
   3.44221105e+02  -1.23074756e-03
   3.44221593e+02  -2.78802589e-04
   3.44222082e+02  -4.83281328e-04
   3.44222570e+02   8.13415609e-05
   3.44223058e+02   5.99574472e-04
   3.44223546e+02  -7.75508233e-04
   3.44224035e+02  -2.02411576e-03
   3.44224523e+02  -2.34475476e-03
   3.44225011e+02  -2.31657992e-03
   3.44225500e+02  -1.17829349e-03
   3.44225988e+02   7.22099212e-05
   3.44226476e+02  -2.65347044e-04
   3.44226965e+02  -6.92872331e-04
   3.44227453e+02  -1.62932347e-03
   3.44227941e+02  -2.27353815e-03
   3.44228430e+02  -1.42729143e-03
   3.44228918e+02  -6.02846325e-04
   3.44229406e+02  -4.44514008e-04
   3.44229894e+02  -8.23835726e-04
   3.44230383e+02  -2.32041803e-05
   3.44230871e+02   1.87091436e-03
   3.44231359e+02   1.63405028e-03
   3.44231848e+02  -3.33472388e-04
   3.44232336e+02  -4.18595155e-04
   3.44232824e+02  -3.78697441e-04
   3.44233313e+02  -1.24295778e-03
   3.44233801e+02  -7.64643948e-04
   3.44234289e+02   6.88786095e-04
   3.44234778e+02   3.66508408e-04
   3.44235266e+02  -1.56745620e-04
   3.44235754e+02   7.06421968e-04
   3.44236242e+02   9.33156232e-04
   3.44236731e+02   7.27323408e-04
   3.44237219e+02   6.90742454e-04
   3.44237707e+02   5.95471065e-04
   3.44238196e+02   8.96503567e-04
   3.44238684e+02   1.94666150e-03
   3.44239172e+02   2.66342727e-03
   3.44239661e+02   1.74121035e-03
   3.44240149e+02  -3.94312083e-04
   3.44240637e+02  -2.38528149e-03
   3.44241126e+02  -1.85004040e-03
   3.44241614e+02   2.95446109e-04
   3.44242102e+02   2.39062691e-04
   3.44242590e+02  -1.72700733e-03
   3.44243079e+02  -2.04756460e-03
   3.44243567e+02  -1.04506069e-03
   3.44244055e+02  -6.82693906e-04
   3.44244544e+02  -4.90881328e-04
   3.44245032e+02   1.35282532e-03
   3.44245520e+02   3.84038407e-03
   3.44246009e+02   2.38027913e-03
   3.44246497e+02  -1.42029987e-03
   3.44246985e+02  -2.69998168e-03
   3.44247474e+02  -1.71149487e-03
   3.44247962e+02  -8.60135828e-04
   3.44248450e+02  -6.24983571e-04
   3.44248938e+02   8.96562648e-04
   3.44249427e+02   2.92911573e-04
   3.44249915e+02  -1.97317847e-03
   3.44250403e+02  -2.11432599e-03
   3.44250892e+02  -1.55654488e-04
   3.44251380e+02  -6.54869888e-04
   3.44251868e+02  -1.69904379e-03
   3.44252357e+02  -3.44782893e-04
   3.44252845e+02   6.93597598e-04
   3.44253333e+02   5.79468091e-04
   3.44253822e+02  -8.63581081e-05
   3.44254310e+02   6.05740534e-05
   3.44254798e+02   5.65942551e-04
   3.44255286e+02  -2.91385571e-04
   3.44255775e+02  -9.24068969e-04
   3.44256263e+02  -2.80730106e-04
   3.44256751e+02   4.01457539e-04
   3.44257240e+02  -1.80272065e-04
   3.44257728e+02  -1.52518216e-03
   3.44258216e+02  -1.93943584e-03
   3.44258705e+02  -1.79937214e-03
   3.44259193e+02  -1.17356342e-03
   3.44259681e+02  -6.88674845e-05
   3.44260170e+02   1.29612465e-03
   3.44260658e+02   1.87076430e-03
   3.44261146e+02   6.25571056e-06
   3.44261635e+02  -2.52864906e-03
   3.44262123e+02  -3.03982082e-03
   3.44262611e+02  -1.81280065e-03
   3.44263099e+02  -6.70550449e-04
   3.44263588e+02   2.99239560e-04
   3.44264076e+02   1.68452098e-04
   3.44264564e+02  -1.39822799e-03
   3.44265053e+02  -1.88564009e-03
   3.44265541e+02  -7.94124906e-04
   3.44266029e+02   8.38628912e-04
   3.44266518e+02   2.93763238e-03
   3.44267006e+02   3.43994983e-03
   3.44267494e+02   5.56296960e-04
   3.44267983e+02  -2.62277643e-03
   3.44268471e+02  -3.16378521e-03
   3.44268959e+02  -1.65703183e-03
   3.44269447e+02  -2.20490983e-04
   3.44269936e+02  -2.32276172e-04
   3.44270424e+02  -1.45236685e-04
   3.44270912e+02   9.63754545e-04
   3.44271401e+02   1.74064934e-03
   3.44271889e+02   1.18417758e-03
   3.44272377e+02  -2.49623467e-04
   3.44272866e+02  -1.23642822e-04
   3.44273354e+02   4.75027220e-04
   3.44273842e+02   4.74953878e-04
   3.44274331e+02   2.90018786e-03
   3.44274819e+02   4.09670221e-03
   3.44275307e+02   1.52709626e-03
   3.44275795e+02  -2.23734212e-04
   3.44276284e+02  -5.38153341e-04
   3.44276772e+02  -4.23791789e-04
   3.44277260e+02  -5.46036987e-04
   3.44277749e+02   2.49043078e-04
   3.44278237e+02   2.74961605e-03
   3.44278725e+02   3.41014541e-03
   3.44279214e+02   2.02538003e-03
   3.44279702e+02   2.04458646e-03
   3.44280190e+02   2.04941398e-03
   3.44280679e+02   1.69152871e-03
   3.44281167e+02   1.52063626e-03
   3.44281655e+02   4.10507753e-04
   3.44282143e+02   1.47754632e-04
   3.44282632e+02   3.74271738e-04
   3.44283120e+02  -3.62499384e-04
   3.44283608e+02  -4.77672475e-05
   3.44284097e+02   9.85699822e-04
   3.44284585e+02   6.60061254e-04
   3.44285073e+02  -2.10715836e-04
   3.44285562e+02  -1.66658987e-03
   3.44286050e+02  -3.22329882e-03
   3.44286538e+02  -3.20417807e-03
   3.44287027e+02  -1.58016500e-03
   3.44287515e+02   2.02458072e-03
   3.44288003e+02   3.99693428e-03
   3.44288491e+02   2.42650812e-03
   3.44288980e+02   9.59017198e-04
   3.44289468e+02   1.54027063e-03
   3.44289956e+02   1.17675739e-03
   3.44290445e+02  -8.18728076e-05
   3.44290933e+02  -2.73314014e-04
   3.44291421e+02  -2.08660634e-03
   3.44291910e+02  -4.42417245e-03
   3.44292398e+02  -4.15990921e-03
   3.44292886e+02  -3.59461433e-03
   3.44293375e+02  -4.57268953e-03
   3.44293863e+02  -3.73785873e-03
   3.44294351e+02  -1.13288275e-04
   3.44294839e+02   3.14477226e-03
   3.44295328e+02   3.08893295e-03
   3.44295816e+02   2.10297247e-03
   3.44296304e+02   3.04254377e-03
   3.44296793e+02   3.52877285e-03
   3.44297281e+02   1.80489104e-03
   3.44297769e+02   2.36019422e-03
   3.44298258e+02   3.67855350e-03
   3.44298746e+02   2.79936916e-03
   3.44299234e+02   1.03543443e-03
   3.44299723e+02   8.68150964e-04
   3.44300211e+02   1.55869056e-03
   3.44300699e+02   9.56638483e-04
   3.44301188e+02   1.00115733e-03
   3.44301676e+02   1.63602678e-03
   3.44302164e+02   1.58116734e-03
   3.44302652e+02   7.33300985e-04
   3.44303141e+02  -1.93949684e-03
   3.44303629e+02  -2.62894016e-03
   3.44304117e+02  -5.36091800e-04
   3.44304606e+02  -2.31812824e-04
   3.44305094e+02  -1.63058680e-03
   3.44305582e+02  -1.42958597e-03
   3.44306071e+02  -5.99696708e-04
   3.44306559e+02  -1.10942434e-04
   3.44307047e+02   1.98259624e-03
   3.44307536e+02   1.59190432e-03
   3.44308024e+02  -9.57768527e-04
   3.44308512e+02  -1.13344635e-03
   3.44309000e+02  -7.95385975e-04
   3.44309489e+02  -1.90394686e-03
   3.44309977e+02  -1.58101262e-03
   3.44310465e+02   4.03370446e-04
   3.44310954e+02   1.72921608e-03
   3.44311442e+02   2.02944875e-03
   3.44311930e+02   1.89449789e-03
   3.44312419e+02   1.37744437e-03
   3.44312907e+02   1.22153398e-03
   3.44313395e+02   2.56479601e-03
   3.44313884e+02   3.67325381e-03
   3.44314372e+02   1.54126470e-03
   3.44314860e+02  -1.85982289e-03
   3.44315348e+02  -2.80347466e-03
   3.44315837e+02  -1.69642130e-03
   3.44316325e+02   6.62237988e-04
   3.44316813e+02   2.10492872e-03
   3.44317302e+02   7.18286494e-04
   3.44317790e+02   7.62690732e-04
   3.44318278e+02   2.15632794e-03
   3.44318767e+02   6.28627487e-04
   3.44319255e+02  -2.43875687e-03
   3.44319743e+02  -2.82211532e-03
   3.44320232e+02  -1.25379860e-03
   3.44320720e+02  -1.01102196e-04
   3.44321208e+02  -4.06111212e-04
   3.44321696e+02  -9.67640313e-04
   3.44322185e+02  -1.33633002e-04
   3.44322673e+02  -1.62294673e-04
   3.44323161e+02  -1.05187960e-03
   3.44323650e+02  -2.23257492e-04
   3.44324138e+02   2.04786169e-03
   3.44324626e+02   3.69071960e-03
   3.44325115e+02   3.40704247e-03
   3.44325603e+02   2.32427684e-03
   3.44326091e+02   2.65151751e-03
   3.44326580e+02   1.78045593e-03
   3.44327068e+02  -6.12269214e-04
   3.44327556e+02  -1.47336524e-03
   3.44328044e+02  -1.30666455e-03
   3.44328533e+02  -1.16331496e-04
   3.44329021e+02   1.38464512e-03
   3.44329509e+02   2.56273337e-03
   3.44329998e+02   2.56669638e-03
   3.44330486e+02   2.02369597e-03
   3.44330974e+02   2.48395186e-03
   3.44331463e+02   1.97715987e-03
   3.44331951e+02   1.10851426e-03
   3.44332439e+02   1.04577059e-03
   3.44332928e+02   9.23842832e-04
   3.44333416e+02   1.90782899e-04
   3.44333904e+02  -1.77527880e-04
   3.44334392e+02   1.00970711e-03
   3.44334881e+02   1.79850939e-03
   3.44335369e+02   1.42142922e-03
   3.44335857e+02   1.68080907e-03
   3.44336346e+02   3.06171132e-03
   3.44336834e+02   1.57332490e-03
   3.44337322e+02  -2.56341510e-03
   3.44337811e+02  -2.52185785e-03
   3.44338299e+02  -7.69266859e-04
   3.44338787e+02  -5.22386050e-04
   3.44339276e+02   6.92716916e-04
   3.44339764e+02   1.73428142e-03
   3.44340252e+02   2.25442066e-03
   3.44340741e+02   2.33278843e-03
   3.44341229e+02   1.47591240e-03
   3.44341717e+02   9.57532437e-04
   3.44342205e+02   7.18481315e-05
   3.44342694e+02  -9.10808158e-04
   3.44343182e+02  -8.14228028e-04
   3.44343670e+02  -7.58494425e-04
   3.44344159e+02  -2.36489024e-04
   3.44344647e+02   1.61855167e-03
   3.44345135e+02   1.07109698e-03
   3.44345624e+02  -5.35320898e-04
   3.44346112e+02   5.93076365e-05
   3.44346600e+02   1.49624422e-04
   3.44347089e+02  -1.05562655e-03
   3.44347577e+02  -1.32015022e-03
   3.44348065e+02  -1.40913168e-03
   3.44348553e+02  -7.33544817e-04
   3.44349042e+02   1.62421458e-03
   3.44349530e+02   2.33060215e-03
   3.44350018e+02   2.04967521e-03
   3.44350507e+02   2.09634169e-03
   3.44350995e+02   2.01025209e-03
   3.44351483e+02   1.93107151e-03
   3.44351972e+02   6.34695461e-04
   3.44352460e+02   7.74242450e-04
   3.44352948e+02   1.79436419e-03
   3.44353437e+02   7.19549833e-04
   3.44353925e+02  -1.02904905e-03
   3.44354413e+02  -3.94420094e-05
   3.44354901e+02   3.86891048e-03
   3.44355390e+02   5.86827518e-03
   3.44355878e+02   3.69816367e-03
   3.44356366e+02   7.32210246e-05
   3.44356855e+02  -1.64000492e-03
   3.44357343e+02  -3.42347776e-05
   3.44357831e+02   1.62265659e-03
   3.44358320e+02   1.03159563e-03
   3.44358808e+02  -2.87272997e-04
   3.44359296e+02  -1.14129984e-03
   3.44359785e+02  -2.34033470e-03
   3.44360273e+02  -2.36130552e-03
   3.44360761e+02  -6.49492722e-04
   3.44361249e+02   9.97360330e-05
   3.44361738e+02  -4.27552150e-04
   3.44362226e+02  -4.02936130e-04
   3.44362714e+02   1.22865464e-03
   3.44363203e+02   1.94462808e-03
   3.44363691e+02   8.23876821e-04
   3.44364179e+02  -3.42539657e-04
   3.44364668e+02  -7.30592117e-04
   3.44365156e+02  -6.58584468e-05
   3.44365644e+02  -8.53438745e-04
   3.44366133e+02  -1.75704947e-03
   3.44366621e+02  -2.46036419e-04
   3.44367109e+02   8.38899723e-05
   3.44367597e+02  -9.59424651e-04
   3.44368086e+02  -1.70858600e-03
   3.44368574e+02  -3.21041793e-03
   3.44369062e+02  -3.49574466e-03
   3.44369551e+02  -1.79016194e-03
   3.44370039e+02  -1.34520151e-03
   3.44370527e+02  -2.79960991e-03
   3.44371016e+02  -3.85813881e-03
   3.44371504e+02  -2.33878614e-03
   3.44371992e+02   1.34796646e-04
   3.44372481e+02  -8.67728551e-04
   3.44372969e+02  -3.33429803e-03
   3.44373457e+02  -1.93527807e-03
   3.44373945e+02   1.26769461e-04
   3.44374434e+02   4.10489811e-05
   3.44374922e+02  -3.19071842e-04
   3.44375410e+02  -2.30147853e-04
   3.44375899e+02   1.86526868e-05
   3.44376387e+02   2.29202240e-04
   3.44376875e+02   1.93580822e-03
   3.44377364e+02   3.95688135e-03
   3.44377852e+02   2.47563096e-03
   3.44378340e+02  -2.16183573e-04
   3.44378829e+02  -1.46128773e-03
   3.44379317e+02  -2.12522526e-03
   3.44379805e+02  -5.56993065e-04
   3.44380294e+02   3.03767039e-03
   3.44380782e+02   4.68897726e-03
   3.44381270e+02   2.75438721e-03
   3.44381758e+02   2.81401561e-04
   3.44382247e+02  -1.97049849e-05
   3.44382735e+02   8.63665366e-04
   3.44383223e+02   1.69240183e-03
   3.44383712e+02   2.24133697e-03
   3.44384200e+02   3.39416950e-03
   3.44384688e+02   3.79582448e-03
   3.44385177e+02   1.47870940e-03
   3.44385665e+02  -2.54636980e-04
   3.44386153e+02   7.19083415e-04
   3.44386642e+02   7.41791853e-04
   3.44387130e+02  -5.10194397e-04
   3.44387618e+02   6.49130321e-04
   3.44388106e+02   2.89242435e-03
   3.44388595e+02   2.50895391e-03
   3.44389083e+02   2.22161668e-03
   3.44389571e+02   3.07765696e-03
   3.44390060e+02   2.23449664e-03
   3.44390548e+02   6.68707537e-04
   3.44391036e+02  -5.28438366e-04
   3.44391525e+02  -5.30951191e-04
   3.44392013e+02   1.99829185e-04
   3.44392501e+02   3.37055797e-04
   3.44392990e+02   5.88568975e-04
   3.44393478e+02   8.93073040e-04
   3.44393966e+02   1.12713932e-03
   3.44394454e+02   1.61198538e-03
   3.44394943e+02   2.01081391e-03
   3.44395431e+02   1.06277328e-03
   3.44395919e+02  -5.73404541e-04
   3.44396408e+02  -9.77659016e-04
   3.44396896e+02  -6.77280594e-04
   3.44397384e+02  -1.89036550e-03
   3.44397873e+02  -2.75331107e-03
   3.44398361e+02  -3.71813978e-04
   3.44398849e+02   1.03706191e-03
   3.44399338e+02  -1.41502314e-04
   3.44399826e+02   7.45594734e-04
   3.44400314e+02   2.00271141e-03
   3.44400802e+02   1.70512253e-03
   3.44401291e+02   2.08540616e-04
   3.44401779e+02  -6.18142949e-04
   3.44402267e+02   1.06583687e-03
   3.44402756e+02   7.10181368e-04
   3.44403244e+02  -1.43011310e-03
   3.44403732e+02  -1.79511926e-03
   3.44404221e+02  -6.25042012e-04
   3.44404709e+02  -1.32774259e-03
   3.44405197e+02  -3.85968853e-03
   3.44405686e+02  -2.33820197e-03
   3.44406174e+02   1.17547018e-03
   3.44406662e+02   1.73003250e-03
   3.44407150e+02   2.47614854e-03
   3.44407639e+02   1.68677419e-03
   3.44408127e+02  -9.97755094e-04
   3.44408615e+02  -2.20573926e-03
   3.44409104e+02  -1.87992875e-03
   3.44409592e+02  -7.73662614e-05
   3.44410080e+02   2.82124896e-03
   3.44410569e+02   3.31521523e-03
   3.44411057e+02   1.09072449e-03
   3.44411545e+02  -1.60213409e-03
   3.44412034e+02  -3.59075051e-03
   3.44412522e+02  -2.40424648e-03
   3.44413010e+02   4.48203704e-04
   3.44413498e+02   8.83077155e-04
   3.44413987e+02  -2.96327606e-04
   3.44414475e+02  -2.27267388e-04
   3.44414963e+02   1.51189638e-03
   3.44415452e+02   1.99457817e-03
   3.44415940e+02   3.48582398e-04
   3.44416428e+02  -2.57331366e-03
   3.44416917e+02  -5.11261914e-03
   3.44417405e+02  -4.14467975e-03
   3.44417893e+02  -1.49385107e-03
   3.44418382e+02  -1.94971217e-03
   3.44418870e+02  -2.69847922e-03
   3.44419358e+02  -1.70691649e-03
   3.44419847e+02  -1.58051855e-03
   3.44420335e+02  -4.35479102e-04
   3.44420823e+02   7.06579711e-04
   3.44421311e+02   1.12990383e-03
   3.44421800e+02   1.98299740e-03
   3.44422288e+02   2.18472909e-03
   3.44422776e+02   2.04477017e-03
   3.44423265e+02   8.17346736e-04
   3.44423753e+02   4.68814600e-04
   3.44424241e+02   1.82583847e-03
   3.44424730e+02   2.91332696e-03
   3.44425218e+02   2.88653350e-03
   3.44425706e+02   1.98420323e-03
   3.44426195e+02  -1.81523545e-04
   3.44426683e+02  -7.15012779e-04
   3.44427171e+02   1.11455214e-03
   3.44427659e+02   2.08059070e-03
   3.44428148e+02   1.06720871e-03
   3.44428636e+02  -7.42732780e-04
   3.44429124e+02  -1.49783876e-03
   3.44429613e+02  -9.69081942e-04
   3.44430101e+02   1.20290541e-04
   3.44430589e+02   6.21896936e-04
   3.44431078e+02   6.24286709e-04
   3.44431566e+02  -9.02633823e-04
   3.44432054e+02  -2.67798058e-03
   3.44432543e+02  -1.93582068e-03
   3.44433031e+02  -9.96142771e-05
   3.44433519e+02   1.06733583e-03
   3.44434007e+02   1.87525630e-03
   3.44434496e+02   2.39015068e-03
   3.44434984e+02   2.30338701e-04
   3.44435472e+02  -2.66087987e-03
   3.44435961e+02  -1.24846457e-03
   3.44436449e+02   2.02395068e-03
   3.44436937e+02   2.30861432e-03
   3.44437426e+02   3.26506619e-04
   3.44437914e+02  -6.36951183e-04
   3.44438402e+02   3.35579680e-05
   3.44438891e+02   3.73316696e-04
   3.44439379e+02  -6.93821406e-04
   3.44439867e+02  -1.06589217e-03
   3.44440355e+02   1.04093087e-04
   3.44440844e+02   9.25700180e-04
   3.44441332e+02   3.67512635e-04
   3.44441820e+02   7.19132295e-05
   3.44442309e+02   8.26179108e-04
   3.44442797e+02   1.46397098e-04
   3.44443285e+02  -1.28692354e-03
   3.44443774e+02   2.77046638e-04
   3.44444262e+02   1.23481429e-03
   3.44444750e+02  -9.89317195e-04
   3.44445239e+02  -1.70533021e-03
   3.44445727e+02  -2.48574052e-05
   3.44446215e+02   1.72802666e-03
   3.44446703e+02   2.56118365e-03
   3.44447192e+02   1.52638380e-03
   3.44447680e+02  -1.20439951e-03
   3.44448168e+02  -2.68768054e-03
   3.44448657e+02  -2.34250911e-03
   3.44449145e+02  -2.70386506e-03
   3.44449633e+02  -1.57729932e-03
   3.44450122e+02   1.83114514e-03
   3.44450610e+02   2.68272217e-03
   3.44451098e+02   1.55182625e-03
   3.44451587e+02   1.29087956e-03
   3.44452075e+02   1.27340760e-03
   3.44452563e+02   7.14808528e-04
   3.44453051e+02   1.06868590e-03
   3.44453540e+02   1.50345825e-03
   3.44454028e+02   2.25666779e-04
   3.44454516e+02   2.82177818e-04
   3.44455005e+02   1.23676367e-03
   3.44455493e+02   7.41885335e-04
   3.44455981e+02  -5.09349164e-04
   3.44456470e+02  -2.15207343e-03
   3.44456958e+02  -2.82765157e-03
   3.44457446e+02  -9.86712519e-04
   3.44457935e+02  -4.20420474e-05
   3.44458423e+02  -7.91479659e-04
   3.44458911e+02  -5.65199880e-04
   3.44459400e+02   1.41749787e-03
   3.44459888e+02   1.95772434e-03
   3.44460376e+02  -4.86106146e-04
   3.44460864e+02  -1.69449800e-03
   3.44461353e+02   3.25497618e-04
   3.44461841e+02   2.14510132e-03
   3.44462329e+02   2.21817871e-03
   3.44462818e+02   1.37391267e-03
   3.44463306e+02   1.66050135e-03
   3.44463794e+02   1.39565836e-03
   3.44464283e+02  -2.17982894e-03
   3.44464771e+02  -3.55077023e-03
   3.44465259e+02  -1.41552801e-03
   3.44465748e+02   4.63626697e-04
   3.44466236e+02   1.44638086e-03
   3.44466724e+02   5.23535011e-04
   3.44467212e+02   1.09494152e-03
   3.44467701e+02   2.44880235e-03
   3.44468189e+02   5.96636673e-04
   3.44468677e+02   6.53782685e-04
   3.44469166e+02   1.96785480e-03
   3.44469654e+02  -1.17085336e-04
   3.44470142e+02  -1.62575365e-04
   3.44470631e+02   2.08536652e-03
   3.44471119e+02   2.90008076e-03
   3.44471607e+02   2.51643616e-03
   3.44472096e+02   6.20663282e-04
   3.44472584e+02  -1.43540138e-03
   3.44473072e+02  -3.15743219e-03
   3.44473560e+02  -3.02812643e-03
   3.44474049e+02  -1.68633799e-03
   3.44474537e+02  -3.04586813e-03
   3.44475025e+02  -3.76883592e-03
   3.44475514e+02  -2.83464603e-03
   3.44476002e+02  -3.36273829e-03
   3.44476490e+02  -2.76646414e-03
   3.44476979e+02  -8.00528564e-04
   3.44477467e+02   1.42519013e-04
   3.44477955e+02  -8.79421481e-04
   3.44478444e+02  -2.71266815e-03
   3.44478932e+02  -2.98446766e-03
   3.44479420e+02  -2.06070999e-03
   3.44479908e+02  -1.66958058e-03
   3.44480397e+02  -7.33616296e-04
   3.44480885e+02   2.25785305e-03
   3.44481373e+02   2.82028504e-03
   3.44481862e+02  -6.76893338e-04
   3.44482350e+02  -1.77815754e-03
   3.44482838e+02   1.05377717e-03
   3.44483327e+02   1.09081063e-03
   3.44483815e+02   1.11555879e-03
   3.44484303e+02   1.65697304e-03
   3.44484792e+02   1.52790570e-03
   3.44485280e+02   2.21864437e-03
   3.44485768e+02   2.70262733e-03
   3.44486256e+02   1.58511882e-03
   3.44486745e+02   1.32813375e-03
   3.44487233e+02   2.84079975e-03
   3.44487721e+02   4.00731433e-03
   3.44488210e+02   3.07528488e-03
   3.44488698e+02   6.30782510e-04
   3.44489186e+02  -4.63518722e-04
   3.44489675e+02   5.08480647e-04
   3.44490163e+02   3.72482318e-04
   3.44490651e+02  -1.89464667e-03
   3.44491140e+02  -2.59859022e-03
   3.44491628e+02   3.79065023e-04
   3.44492116e+02   2.77035334e-03
   3.44492604e+02   1.89024629e-03
   3.44493093e+02   9.50113928e-04
   3.44493581e+02   1.27057510e-03
   3.44494069e+02   9.39384976e-04
   3.44494558e+02  -4.09371598e-04
   3.44495046e+02  -1.92211382e-03
   3.44495534e+02  -3.36384773e-03
   3.44496023e+02  -3.28944717e-03
   3.44496511e+02   6.39416452e-04
   3.44496999e+02   3.82099953e-03
   3.44497488e+02   1.22091977e-03
   3.44497976e+02  -7.62643933e-04
   3.44498464e+02   7.58424576e-04
   3.44498953e+02   2.12797453e-03
   3.44499441e+02   3.19135329e-03
   3.44499929e+02   3.77399568e-03
   3.44500417e+02   1.88970298e-03
   3.44500906e+02  -6.29439626e-07
   3.44501394e+02   1.09168398e-03
   3.44501882e+02   1.48249953e-03
   3.44502371e+02  -8.19037541e-06
   3.44502859e+02   8.19819572e-04
   3.44503347e+02   2.17153924e-03
   3.44503836e+02   9.65374114e-04
   3.44504324e+02  -8.16515589e-04
   3.44504812e+02   8.05257660e-05
   3.44505301e+02   2.72773788e-03
   3.44505789e+02   2.80049699e-03
   3.44506277e+02   2.18025316e-03
   3.44506765e+02   1.32020633e-03
   3.44507254e+02  -1.70406990e-03
   3.44507742e+02  -2.12033209e-03
   3.44508230e+02   5.96119673e-04
   3.44508719e+02   1.28109357e-03
   3.44509207e+02  -3.75557342e-04
   3.44509695e+02  -1.28380721e-03
   3.44510184e+02  -5.96548663e-04
   3.44510672e+02   7.69069360e-04
   3.44511160e+02   7.32052315e-04
   3.44511649e+02  -9.74502182e-04
   3.44512137e+02  -1.41983270e-03
   3.44512625e+02   3.11805547e-04
   3.44513113e+02   1.66766986e-03
   3.44513602e+02   1.18837238e-03
   3.44514090e+02   5.21829235e-04
   3.44514578e+02   2.85982969e-04
   3.44515067e+02  -3.87376698e-04
   3.44515555e+02  -1.18298014e-03
   3.44516043e+02  -7.22579600e-04
   3.44516532e+02  -8.47564719e-04
   3.44517020e+02  -1.92422688e-03
   3.44517508e+02  -1.95066584e-03
   3.44517997e+02  -4.82377101e-04
   3.44518485e+02   2.10388144e-03
   3.44518973e+02   2.35445239e-03
   3.44519461e+02  -3.51717666e-04
   3.44519950e+02  -1.75676320e-03
   3.44520438e+02  -6.25026878e-04
   3.44520926e+02  -2.16260625e-04
   3.44521415e+02  -2.64982390e-03
   3.44521903e+02  -4.40032547e-03
   3.44522391e+02  -3.52028874e-03
   3.44522880e+02  -2.18749093e-03
   3.44523368e+02  -9.44555853e-04
   3.44523856e+02   6.04938483e-04
   3.44524345e+02   5.54724887e-04
   3.44524833e+02  -3.04318848e-04
   3.44525321e+02  -2.06058525e-04
   3.44525809e+02  -2.17978246e-04
   3.44526298e+02  -1.35099195e-04
   3.44526786e+02  -3.89604043e-04
   3.44527274e+02  -1.21403113e-03
   3.44527763e+02  -1.58751651e-03
   3.44528251e+02  -1.59697281e-03
   3.44528739e+02  -1.88365497e-03
   3.44529228e+02  -2.18854565e-03
   3.44529716e+02  -2.19469494e-03
   3.44530204e+02  -1.72758067e-03
   3.44530693e+02  -1.11288251e-03
   3.44531181e+02  -1.93154527e-04
   3.44531669e+02   9.70337656e-04
   3.44532157e+02   9.30587179e-04
   3.44532646e+02   5.63366280e-04
   3.44533134e+02   1.89169927e-03
   3.44533622e+02   2.67273141e-03
   3.44534111e+02   1.23217795e-03
   3.44534599e+02  -8.36908366e-05
   3.44535087e+02   1.34670804e-03
   3.44535576e+02   2.17785151e-03
   3.44536064e+02   1.32448727e-03
   3.44536552e+02   2.19719671e-03
   3.44537041e+02   1.34762423e-03
   3.44537529e+02  -1.76106172e-03
   3.44538017e+02  -1.13022246e-03
   3.44538506e+02   8.37127955e-05
   3.44538994e+02  -2.49236211e-04
   3.44539482e+02   1.17755844e-03
   3.44539970e+02   2.67984043e-03
   3.44540459e+02   2.47515086e-03
   3.44540947e+02   1.46681047e-03
   3.44541435e+02   3.57013865e-04
   3.44541924e+02  -7.68818718e-05
   3.44542412e+02   4.45898069e-04
   3.44542900e+02   1.92808954e-03
   3.44543389e+02   6.55615469e-04
   3.44543877e+02  -2.16190564e-03
   3.44544365e+02  -7.61385425e-04
   3.44544854e+02   2.96064862e-03
   3.44545342e+02   3.38881207e-03
   3.44545830e+02   1.72715366e-03
   3.44546318e+02   1.13991124e-03
   3.44546807e+02   9.51287337e-04
   3.44547295e+02   1.80459197e-03
   3.44547783e+02   3.35909962e-03
   3.44548272e+02   4.23567416e-03
   3.44548760e+02   3.93363182e-03
   3.44549248e+02   2.36671953e-03
   3.44549737e+02   1.65784045e-03
   3.44550225e+02   2.63433345e-03
   3.44550713e+02   1.31794252e-03
   3.44551202e+02  -9.78036202e-04
   3.44551690e+02  -1.79833500e-04
   3.44552178e+02   1.04577001e-03
   3.44552666e+02   2.21439288e-03
   3.44553155e+02   2.63280608e-03
   3.44553643e+02   1.14622037e-03
   3.44554131e+02   3.14984645e-04
   3.44554620e+02   1.03736587e-03
   3.44555108e+02   1.95419020e-03
   3.44555596e+02   1.32713490e-03
   3.44556085e+02  -1.25514297e-03
   3.44556573e+02  -2.40934989e-03
   3.44557061e+02  -1.06935471e-03
   3.44557550e+02  -1.37605603e-04
   3.44558038e+02   3.94670147e-04
   3.44558526e+02   5.62846661e-04
   3.44559014e+02  -1.10816630e-03
   3.44559503e+02  -2.47039413e-03
   3.44559991e+02  -3.77045682e-04
   3.44560479e+02   2.24946323e-03
   3.44560968e+02   1.23813807e-03
   3.44561456e+02   6.70335212e-05
   3.44561944e+02   9.66063992e-04
   3.44562433e+02   4.63118311e-04
   3.44562921e+02  -6.02051325e-04
   3.44563409e+02  -1.48485808e-04
   3.44563898e+02   7.13500631e-05
   3.44564386e+02  -5.29981509e-04
   3.44564874e+02  -7.05027545e-04
   3.44565362e+02  -5.36130901e-05
   3.44565851e+02   3.38038313e-04
   3.44566339e+02  -1.47337283e-04
   3.44566827e+02  -9.27092799e-04
   3.44567316e+02  -3.67130968e-04
   3.44567804e+02  -8.11743666e-05
   3.44568292e+02  -1.97301293e-03
   3.44568781e+02  -3.48379184e-03
   3.44569269e+02  -3.11681908e-03
   3.44569757e+02  -1.93029118e-03
   3.44570246e+02  -2.00723807e-04
   3.44570734e+02   1.64429680e-03
   3.44571222e+02   1.67455315e-03
   3.44571710e+02   1.17771234e-03
   3.44572199e+02   1.81399554e-03
   3.44572687e+02   2.01484165e-03
   3.44573175e+02   2.27625389e-03
   3.44573664e+02   3.47732217e-03
   3.44574152e+02   3.93862929e-03
   3.44574640e+02   2.45466665e-03
   3.44575129e+02   6.09786457e-06
   3.44575617e+02  -1.32181181e-03
   3.44576105e+02  -4.53483735e-05
   3.44576594e+02   1.10811379e-03
   3.44577082e+02   1.86844636e-03
   3.44577570e+02   3.41768586e-03
   3.44578059e+02   2.43378291e-03
   3.44578547e+02  -2.16114095e-05
   3.44579035e+02   8.57175692e-05
   3.44579523e+02   1.14030263e-04
   3.44580012e+02  -9.83295613e-04
   3.44580500e+02   1.31728302e-04
   3.44580988e+02   1.62741682e-03
   3.44581477e+02   4.38318180e-04
   3.44581965e+02  -4.91139770e-04
   3.44582453e+02   3.14920093e-04
   3.44582942e+02   1.11089228e-03
   3.44583430e+02   1.04366336e-03
   3.44583918e+02  -8.60800574e-05
   3.44584407e+02  -7.49777362e-04
   3.44584895e+02  -7.05616258e-04
   3.44585383e+02  -8.31559359e-04
   3.44585871e+02  -7.33321882e-04
   3.44586360e+02  -6.77716336e-04
   3.44586848e+02   4.48172912e-04
   3.44587336e+02   2.25518574e-03
   3.44587825e+02   1.61720265e-03
   3.44588313e+02   2.42397837e-05
   3.44588801e+02  -1.86834077e-04
   3.44589290e+02   6.28836051e-06
   3.44589778e+02   4.21916047e-04
   3.44590266e+02   9.02781729e-04
   3.44590755e+02   4.62458527e-04
   3.44591243e+02  -5.86641836e-04
   3.44591731e+02  -3.58225428e-04
   3.44592219e+02   9.36616387e-04
   3.44592708e+02   4.12791356e-04
   3.44593196e+02   2.21875998e-05
   3.44593684e+02   4.45957616e-04
   3.44594173e+02   6.89599256e-04
   3.44594661e+02   2.03340710e-03
   3.44595149e+02   2.01463932e-03
   3.44595638e+02   3.89865541e-04
   3.44596126e+02  -1.80390562e-04
   3.44596614e+02   2.54871673e-04
   3.44597103e+02   1.53151806e-03
   3.44597591e+02   1.26179610e-03
   3.44598079e+02  -3.21606686e-03
   3.44598567e+02  -6.20676531e-03
   3.44599056e+02  -3.93315358e-03
   3.44599544e+02  -9.49795009e-04
   3.44600032e+02   1.62914628e-04
   3.44600521e+02  -5.86346607e-04
   3.44601009e+02   1.96979308e-04
   3.44601497e+02   2.59828026e-04
   3.44601986e+02   1.93088039e-04
   3.44602474e+02  -1.14508446e-04
   3.44602962e+02   4.19504126e-04
   3.44603451e+02   1.63426530e-03
   3.44603939e+02   2.13968684e-03
   3.44604427e+02   2.40598596e-03
   3.44604915e+02   2.69954267e-04
   3.44605404e+02  -1.55512325e-03
   3.44605892e+02   2.61463138e-05
   3.44606380e+02   4.99944319e-04
   3.44606869e+02  -6.79750345e-04
   3.44607357e+02  -6.67239219e-05
   3.44607845e+02   9.88092972e-04
   3.44608334e+02   1.27761310e-03
   3.44608822e+02   1.23267923e-03
   3.44609310e+02   7.79121183e-04
   3.44609799e+02  -3.34341399e-04
   3.44610287e+02  -1.51905976e-03
   3.44610775e+02  -1.76307338e-03
   3.44611263e+02  -1.02649478e-03
   3.44611752e+02   7.45290017e-04
   3.44612240e+02   1.96521287e-03
   3.44612728e+02   2.93717021e-03
   3.44613217e+02   3.16619268e-03
   3.44613705e+02   2.38097040e-03
   3.44614193e+02   5.41822053e-04
   3.44614682e+02  -1.23528589e-03
   3.44615170e+02   3.74354604e-05
   3.44615658e+02   1.25999399e-03
   3.44616147e+02  -4.42702440e-04
   3.44616635e+02  -1.03992550e-03
   3.44617123e+02   8.16296437e-04
   3.44617612e+02   7.92059698e-04
   3.44618100e+02  -1.73179584e-03
   3.44618588e+02  -2.16456060e-03
   3.44619076e+02  -6.15776691e-04
   3.44619565e+02  -4.06521867e-04
   3.44620053e+02  -2.21298978e-04
   3.44620541e+02   1.96184454e-04
   3.44621030e+02  -2.68103118e-04
   3.44621518e+02  -1.88321143e-03
   3.44622006e+02  -1.52488356e-03
   3.44622495e+02   1.28576928e-03
   3.44622983e+02   2.45347060e-03
   3.44623471e+02   3.67760978e-04
   3.44623960e+02  -2.45003169e-03
   3.44624448e+02  -2.38005398e-03
   3.44624936e+02  -5.22760267e-04
   3.44625424e+02   3.72818977e-05
   3.44625913e+02  -5.40809007e-04
   3.44626401e+02  -2.07056734e-03
   3.44626889e+02  -2.49675731e-03
   3.44627378e+02  -7.48092600e-04
   3.44627866e+02  -7.22769415e-04
   3.44628354e+02  -1.45650422e-03
   3.44628843e+02   1.81624069e-04
   3.44629331e+02   8.32062040e-04
   3.44629819e+02   3.45851382e-04
   3.44630308e+02  -1.01134414e-03
   3.44630796e+02  -3.85629828e-03
   3.44631284e+02  -4.06919932e-03
   3.44631772e+02  -2.25869799e-03
   3.44632261e+02  -1.26704387e-03
   3.44632749e+02  -2.06265575e-03
   3.44633237e+02  -3.69084114e-03
   3.44633726e+02  -1.90311496e-03
   3.44634214e+02  -4.02139995e-04
   3.44634702e+02  -1.21703569e-03
   3.44635191e+02  -1.13103399e-03
   3.44635679e+02  -1.12017849e-03
   3.44636167e+02  -9.34263691e-04
   3.44636656e+02  -4.22800105e-04
   3.44637144e+02  -2.22158633e-04
   3.44637632e+02  -1.27151154e-03
   3.44638120e+02  -2.32829060e-03
   3.44638609e+02  -1.55369204e-03
   3.44639097e+02  -2.10406398e-03
   3.44639585e+02  -3.53333959e-03
   3.44640074e+02  -1.88768434e-03
   3.44640562e+02   2.30563310e-04
   3.44641050e+02  -7.94885738e-04
   3.44641539e+02  -1.75626436e-03
   3.44642027e+02  -3.28463677e-04
   3.44642515e+02   8.18886096e-04
   3.44643004e+02   3.15114536e-04
   3.44643492e+02  -2.87958188e-04
   3.44643980e+02  -1.05422048e-03
   3.44644468e+02  -1.42505707e-03
   3.44644957e+02  -2.14367406e-03
   3.44645445e+02  -2.18020263e-03
   3.44645933e+02  -2.94926460e-04
   3.44646422e+02  -2.79420870e-04
   3.44646910e+02  -1.87243195e-03
   3.44647398e+02  -2.33592000e-03
   3.44647887e+02  -2.06055562e-03
   3.44648375e+02  -1.01790938e-03
   3.44648863e+02   2.28867517e-04
   3.44649352e+02   7.52713939e-04
   3.44649840e+02  -5.95105579e-04
   3.44650328e+02  -1.62045215e-03
   3.44650816e+02  -5.51286677e-04
   3.44651305e+02   9.33115429e-04
   3.44651793e+02   2.47654133e-03
   3.44652281e+02   2.03953171e-03
   3.44652770e+02  -1.21495652e-03
   3.44653258e+02  -2.32935208e-03
   3.44653746e+02  -1.44366722e-03
   3.44654235e+02  -3.35757155e-04
   3.44654723e+02  -4.61250456e-04
   3.44655211e+02  -1.65063387e-03
   3.44655700e+02  -2.42545590e-04
   3.44656188e+02   2.17169523e-03
   3.44656676e+02   3.87084368e-03
   3.44657165e+02   3.48002673e-03
   3.44657653e+02   9.96034476e-04
   3.44658141e+02   1.92134059e-04
   3.44658629e+02  -6.01521926e-04
   3.44659118e+02  -5.69426455e-04
   3.44659606e+02   3.32761789e-04
   3.44660094e+02   1.14521931e-03
   3.44660583e+02   5.54766739e-04
   3.44661071e+02   8.79907893e-05
   3.44661559e+02   4.18332376e-04
   3.44662048e+02   5.13545878e-04
   3.44662536e+02  -2.41232498e-04
   3.44663024e+02  -2.46690167e-03
   3.44663513e+02  -4.31964640e-03
   3.44664001e+02  -2.29115901e-03
   3.44664489e+02   3.07506387e-04
   3.44664977e+02  -3.71912407e-04
   3.44665466e+02  -9.68326814e-04
   3.44665954e+02  -7.45668731e-05
   3.44666442e+02   1.04301213e-03
   3.44666931e+02   1.79453485e-03
   3.44667419e+02   1.79267998e-04
   3.44667907e+02  -2.84529035e-03
   3.44668396e+02  -5.05153043e-03
   3.44668884e+02  -6.10948494e-03
   3.44669372e+02  -5.24144759e-03
   3.44669861e+02  -3.19431257e-03
   3.44670349e+02  -1.13836804e-03
   3.44670837e+02  -2.17763823e-04
   3.44671325e+02  -9.92703353e-05
   3.44671814e+02   1.70238875e-03
   3.44672302e+02   2.98523740e-03
   3.44672790e+02   1.39006705e-03
   3.44673279e+02  -3.75182484e-04
   3.44673767e+02  -8.20031215e-04
   3.44674255e+02  -9.13752010e-04
   3.44674744e+02  -3.07654147e-03
   3.44675232e+02  -4.99864807e-03
   3.44675720e+02  -3.56386695e-03
   3.44676209e+02  -4.68241633e-04
   3.44676697e+02   4.66161146e-04
   3.44677185e+02  -7.24030251e-05
   3.44677673e+02   9.52043454e-04
   3.44678162e+02   2.60322331e-03
   3.44678650e+02   3.01990006e-03
   3.44679138e+02   2.08819262e-03
   3.44679627e+02   1.06705073e-03
   3.44680115e+02  -2.91917735e-04
   3.44680603e+02  -1.53220049e-03
   3.44681092e+02  -4.98189649e-04
   3.44681580e+02   5.97361766e-04
   3.44682068e+02   2.25744749e-04
   3.44682557e+02   4.64736746e-04
   3.44683045e+02   1.54614763e-03
   3.44683533e+02   1.54252443e-03
   3.44684021e+02   1.31950702e-03
   3.44684510e+02   3.11488938e-03
   3.44684998e+02   3.16044432e-03
   3.44685486e+02   1.80751405e-04
   3.44685975e+02  -2.27774540e-03
   3.44686463e+02  -2.13194988e-03
   3.44686951e+02  -5.95007907e-04
   3.44687440e+02  -4.69562256e-05
   3.44687928e+02   1.77441529e-04
   3.44688416e+02   6.00815460e-04
   3.44688905e+02   6.45324180e-04
   3.44689393e+02   9.81251476e-04
   3.44689881e+02   1.56687561e-03
   3.44690369e+02   5.46764059e-04
   3.44690858e+02  -1.57795800e-03
   3.44691346e+02  -2.00981600e-03
   3.44691834e+02  -4.49266576e-04
   3.44692323e+02   7.55301618e-04
   3.44692811e+02   5.67048206e-04
   3.44693299e+02   4.50165215e-04
   3.44693788e+02   6.62322098e-04
   3.44694276e+02   3.13045981e-04
   3.44694764e+02  -1.05867442e-03
   3.44695253e+02  -1.87525840e-03
   3.44695741e+02   9.81184538e-04
   3.44696229e+02   3.69672664e-03
   3.44696718e+02   3.48643516e-03
   3.44697206e+02   2.24125432e-03
   3.44697694e+02   5.07986580e-04
   3.44698182e+02  -1.01789611e-03
   3.44698671e+02  -1.64349016e-03
   3.44699159e+02  -1.39974942e-03
   3.44699647e+02  -2.01046164e-03
   3.44700136e+02  -2.23678467e-03
   3.44700624e+02  -1.40200066e-03
   3.44701112e+02  -1.29152497e-03
   3.44701601e+02  -1.74672611e-03
   3.44702089e+02  -2.52336846e-03
   3.44702577e+02  -2.08729762e-03
   3.44703066e+02  -6.19182189e-04
   3.44703554e+02   5.74180740e-05
   3.44704042e+02   6.58338176e-05
   3.44704530e+02   2.82490480e-04
   3.44705019e+02   1.45842193e-03
   3.44705507e+02   2.49823672e-03
   3.44705995e+02   1.88742823e-03
   3.44706484e+02   3.10861971e-04
   3.44706972e+02  -1.85650564e-03
   3.44707460e+02  -2.80437898e-03
   3.44707949e+02  -2.10201973e-03
   3.44708437e+02  -2.57879565e-03
   3.44708925e+02  -3.48089100e-03
   3.44709414e+02  -1.87386479e-03
   3.44709902e+02   6.75773132e-04
   3.44710390e+02   6.15187455e-04
   3.44710878e+02  -1.44410587e-04
   3.44711367e+02   1.40488462e-03
   3.44711855e+02   2.04496458e-03
   3.44712343e+02   9.14260047e-04
   3.44712832e+02   5.46785712e-04
   3.44713320e+02   7.94034102e-04
   3.44713808e+02  -7.79179740e-04
   3.44714297e+02  -2.71644699e-03
   3.44714785e+02  -2.44704168e-03
   3.44715273e+02  -2.29224283e-03
   3.44715762e+02  -3.37675051e-03
   3.44716250e+02  -2.64275516e-03
   3.44716738e+02  -7.74262007e-04
   3.44717226e+02  -9.85237886e-04
   3.44717715e+02  -1.05276692e-03
   3.44718203e+02  -9.04557179e-04
   3.44718691e+02  -2.07583676e-03
   3.44719180e+02  -2.60395953e-03
   3.44719668e+02  -2.80227559e-03
   3.44720156e+02  -2.89703882e-03
   3.44720645e+02  -2.95076706e-03
   3.44721133e+02  -3.46078328e-03
   3.44721621e+02  -3.20425141e-03
   3.44722110e+02  -3.42362793e-03
   3.44722598e+02  -3.66027583e-03
   3.44723086e+02  -2.80970102e-03
   3.44723574e+02  -1.55121670e-03
   3.44724063e+02   2.43058123e-04
   3.44724551e+02   1.23063696e-03
   3.44725039e+02   7.12469569e-04
   3.44725528e+02   3.15666810e-04
   3.44726016e+02  -2.15946799e-04
   3.44726504e+02  -1.63386844e-03
   3.44726993e+02  -1.37514470e-03
   3.44727481e+02   1.18379762e-06
   3.44727969e+02   8.18596527e-06
   3.44728458e+02  -1.39817747e-03
   3.44728946e+02  -1.89879222e-03
   3.44729434e+02  -9.09619499e-04
   3.44729922e+02  -1.63436215e-03
   3.44730411e+02  -1.74583297e-03
   3.44730899e+02   5.99044724e-04
   3.44731387e+02   1.91170827e-03
   3.44731876e+02   1.59799773e-03
   3.44732364e+02   6.14955730e-04
   3.44732852e+02   1.98993064e-03
   3.44733341e+02   3.45451524e-03
   3.44733829e+02   1.19500770e-03
   3.44734317e+02  -6.27985864e-04
   3.44734806e+02  -3.71546193e-04
   3.44735294e+02   4.78311063e-04
   3.44735782e+02   6.42009545e-04
   3.44736271e+02   4.71059939e-05
   3.44736759e+02   1.20170612e-03
   3.44737247e+02   1.77738490e-03
   3.44737735e+02  -2.80350971e-04
   3.44738224e+02  -1.14232418e-03
   3.44738712e+02  -1.68271852e-03
   3.44739200e+02  -1.03933481e-03
   3.44739689e+02   1.62457814e-03
   3.44740177e+02   9.18814272e-04
   3.44740665e+02  -1.82831311e-03
   3.44741154e+02  -1.30366383e-03
   3.44741642e+02   8.25921423e-04
   3.44742130e+02   5.33254875e-04
   3.44742619e+02  -1.02114864e-03
   3.44743107e+02  -2.49893637e-04
   3.44743595e+02   1.38646422e-03
   3.44744083e+02   9.65393381e-04
   3.44744572e+02   4.39753581e-04
   3.44745060e+02  -8.93080432e-05
   3.44745548e+02  -5.83561668e-05
   3.44746037e+02   2.58757267e-04
   3.44746525e+02  -8.28038086e-04
   3.44747013e+02   2.72583333e-04
   3.44747502e+02   7.44508870e-04
   3.44747990e+02  -6.92169066e-04
   3.44748478e+02  -1.70944992e-03
   3.44748967e+02  -3.89023800e-03
   3.44749455e+02  -4.03775321e-03
   3.44749943e+02  -2.20091850e-03
   3.44750431e+02  -2.58149928e-03
   3.44750920e+02  -1.90493732e-03
   3.44751408e+02   2.07454155e-04
   3.44751896e+02  -6.06422196e-04
   3.44752385e+02  -1.57351943e-03
   3.44752873e+02  -7.89539306e-04
   3.44753361e+02  -8.13953957e-05
   3.44753850e+02  -1.06112531e-03
   3.44754338e+02  -3.05157271e-03
   3.44754826e+02  -3.66331125e-03
   3.44755315e+02  -3.21646594e-03
   3.44755803e+02  -2.40920996e-03
   3.44756291e+02   5.58910018e-04
   3.44756779e+02   3.77222756e-03
   3.44757268e+02   2.70104036e-03
   3.44757756e+02  -1.42669666e-03
   3.44758244e+02  -2.78189895e-03
   3.44758733e+02  -1.06266642e-03
   3.44759221e+02  -8.38021748e-04
   3.44759709e+02  -2.39228387e-03
   3.44760198e+02  -3.75467748e-03
   3.44760686e+02  -3.56209325e-03
   3.44761174e+02  -2.21198844e-03
   3.44761663e+02  -1.48284598e-03
   3.44762151e+02  -7.66679179e-04
   3.44762639e+02   1.37820747e-03
   3.44763127e+02   2.12369999e-03
   3.44763616e+02   1.49137899e-03
   3.44764104e+02   2.62804446e-03
   3.44764592e+02   2.18213140e-03
   3.44765081e+02   1.11550708e-05
   3.44765569e+02  -8.18459957e-04
   3.44766057e+02  -8.86436435e-04
   3.44766546e+02  -4.42378107e-04
   3.44767034e+02   1.48333522e-04
   3.44767522e+02   9.07292881e-04
   3.44768011e+02   1.68649841e-03
   3.44768499e+02   1.47679669e-03
   3.44768987e+02   1.46837241e-03
   3.44769475e+02   2.50380207e-03
   3.44769964e+02   1.59606687e-03
   3.44770452e+02  -1.08128076e-03
   3.44770940e+02  -2.59677460e-03
   3.44771429e+02  -1.26589683e-03
   3.44771917e+02   9.62061749e-04
   3.44772405e+02   1.73191936e-03
   3.44772894e+02   9.93215712e-04
   3.44773382e+02   1.06624648e-04
   3.44773870e+02   1.39883964e-03
   3.44774359e+02   4.47909784e-04
   3.44774847e+02  -1.75689091e-03
   3.44775335e+02  -1.00897939e-03
   3.44775824e+02  -5.28256176e-04
   3.44776312e+02  -2.75038555e-03
   3.44776800e+02  -4.16147942e-03
   3.44777288e+02  -3.11553874e-03
   3.44777777e+02  -1.94638292e-03
   3.44778265e+02  -3.35206947e-04
   3.44778753e+02   3.13001219e-03
   3.44779242e+02   4.92751366e-03
   3.44779730e+02   3.70039651e-03
   3.44780218e+02   3.07654659e-03
   3.44780707e+02   2.61852704e-03
   3.44781195e+02   9.23657906e-04
   3.44781683e+02   2.06099226e-04
   3.44782172e+02  -1.56947746e-04
   3.44782660e+02  -2.48734170e-04
   3.44783148e+02   8.99182691e-04
   3.44783636e+02   7.13931513e-04
   3.44784125e+02   3.37168894e-04
   3.44784613e+02   1.50489248e-03
   3.44785101e+02   2.24601128e-03
   3.44785590e+02   3.55826388e-03
   3.44786078e+02   4.08789981e-03
   3.44786566e+02   1.02716230e-03
   3.44787055e+02  -2.10054219e-03
   3.44787543e+02  -2.09965580e-03
   3.44788031e+02  -1.15202670e-03
   3.44788520e+02  -7.96989130e-04
   3.44789008e+02  -3.03491455e-04
   3.44789496e+02   8.27679876e-04
   3.44789984e+02   2.28081190e-04
   3.44790473e+02  -9.39252321e-04
   3.44790961e+02  -3.50646907e-04
   3.44791449e+02  -3.70254682e-04
   3.44791938e+02  -1.74878875e-03
   3.44792426e+02  -1.73197896e-03
   3.44792914e+02  -1.98204163e-03
   3.44793403e+02  -3.51615995e-03
   3.44793891e+02  -1.69714785e-03
   3.44794379e+02   1.08501478e-03
   3.44794868e+02   2.80942884e-04
   3.44795356e+02  -4.18973883e-04
   3.44795844e+02   1.01123599e-03
   3.44796332e+02   4.40454060e-05
   3.44796821e+02  -1.97918573e-03
   3.44797309e+02  -2.11032876e-03
   3.44797797e+02  -4.38610645e-04
   3.44798286e+02   2.23668379e-04
   3.44798774e+02  -2.30863970e-03
   3.44799262e+02  -3.33682634e-03
   3.44799751e+02  -1.10822194e-03
   3.44800239e+02   5.96508209e-04
   3.44800727e+02   4.23067890e-04
   3.44801216e+02  -2.10301194e-04
   3.44801704e+02  -5.36733540e-04
   3.44802192e+02  -8.96249403e-05
   3.44802680e+02  -4.18336975e-04
   3.44803169e+02  -1.43028598e-03
   3.44803657e+02  -9.70956287e-04
   3.44804145e+02   1.84164877e-04
   3.44804634e+02   2.07045069e-03
   3.44805122e+02   3.13781807e-03
   3.44805610e+02   1.89290533e-03
   3.44806099e+02   1.09730696e-03
   3.44806587e+02   1.24379643e-03
   3.44807075e+02   2.24639522e-03
   3.44807564e+02   3.48134059e-03
   3.44808052e+02   2.65310099e-03
   3.44808540e+02   3.64000676e-04
   3.44809028e+02  -4.31375316e-04
   3.44809517e+02  -4.84299060e-04
   3.44810005e+02  -3.53799442e-05
   3.44810493e+02   2.35168426e-03
   3.44810982e+02   3.36626964e-03
   3.44811470e+02   1.40389090e-03
   3.44811958e+02   4.00885881e-04
   3.44812447e+02   1.64194836e-03
   3.44812935e+02   1.25856127e-03
   3.44813423e+02   7.08547886e-04
   3.44813912e+02   2.89653824e-03
   3.44814400e+02   3.37425922e-03
   3.44814888e+02   1.63895253e-03
   3.44815377e+02  -7.96153792e-04
   3.44815865e+02  -2.02836469e-03
   3.44816353e+02  -1.53662020e-03
   3.44816841e+02  -2.03924184e-03
   3.44817330e+02  -1.99583871e-03
   3.44817818e+02  -1.69002591e-03
   3.44818306e+02  -2.17189966e-03
   3.44818795e+02  -7.88284407e-04
   3.44819283e+02   5.47337520e-04
   3.44819771e+02   6.65222004e-04
   3.44820260e+02   8.87423754e-04
   3.44820748e+02   3.05021560e-04
   3.44821236e+02  -9.22986190e-04
   3.44821725e+02  -9.95909941e-05
   3.44822213e+02   1.66922470e-03
   3.44822701e+02   2.54267897e-03
   3.44823189e+02   1.74313516e-03
   3.44823678e+02  -6.25158951e-04
   3.44824166e+02  -3.15833138e-04
   3.44824654e+02   2.03930098e-03
   3.44825143e+02   8.80680629e-04
   3.44825631e+02  -2.02318770e-03
   3.44826119e+02  -1.50000548e-03
   3.44826608e+02   1.23556308e-03
   3.44827096e+02   7.49050407e-04
   3.44827584e+02  -1.45896978e-03
   3.44828073e+02  -1.47123018e-03
   3.44828561e+02  -2.35687621e-04
   3.44829049e+02   1.62741460e-03
   3.44829537e+02   2.37256056e-03
   3.44830026e+02   1.40779640e-03
   3.44830514e+02   1.54337438e-03
   3.44831002e+02   1.65307207e-03
   3.44831491e+02   7.42718054e-04
   3.44831979e+02  -6.71990449e-04
   3.44832467e+02  -2.86422228e-03
   3.44832956e+02  -4.85621346e-03
   3.44833444e+02  -4.20721155e-03
