frequency (GHz), flux (Jy/beam)
   3.43899310e+02   2.64373666e-04
   3.43899798e+02   3.31645599e-04
   3.43900286e+02   3.43728345e-04
   3.43900774e+02   4.68743034e-04
   3.43901263e+02   3.20158841e-04
   3.43901751e+02  -5.62362256e-05
   3.43902239e+02  -1.09073721e-04
   3.43902728e+02  -1.50030217e-04
   3.43903216e+02  -7.95279338e-05
   3.43903704e+02   1.61049771e-04
   3.43904193e+02   3.10098054e-04
   3.43904681e+02   5.35142899e-04
   3.43905169e+02   5.02853538e-04
   3.43905658e+02   2.03719261e-04
   3.43906146e+02  -1.23585633e-04
   3.43906634e+02  -7.75352673e-05
   3.43907122e+02   1.82711039e-04
   3.43907611e+02   7.20999742e-05
   3.43908099e+02  -4.84036464e-05
   3.43908587e+02   2.22091883e-04
   3.43909076e+02   6.79280609e-04
   3.43909564e+02   6.83080172e-04
   3.43910052e+02   4.43474826e-04
   3.43910541e+02   2.86643946e-04
   3.43911029e+02   4.36432092e-05
   3.43911517e+02  -2.43788541e-04
   3.43912006e+02  -5.65213093e-04
   3.43912494e+02  -7.74197164e-04
   3.43912982e+02  -8.21415917e-04
   3.43913470e+02  -7.35170906e-04
   3.43913959e+02  -1.74960282e-04
   3.43914447e+02   5.76976599e-05
   3.43914935e+02  -4.63748962e-04
   3.43915424e+02  -5.07011602e-04
   3.43915912e+02  -1.38824917e-05
   3.43916400e+02   2.07580902e-04
   3.43916889e+02  -8.88743089e-05
   3.43917377e+02  -5.28365781e-04
   3.43917865e+02  -3.79929057e-04
   3.43918354e+02  -7.82209245e-05
   3.43918842e+02  -4.63442193e-05
   3.43919330e+02   1.87177818e-06
   3.43919818e+02  -2.81356679e-05
   3.43920307e+02  -1.88462102e-04
   3.43920795e+02  -1.07424901e-04
   3.43921283e+02   3.26132984e-04
   3.43921772e+02   5.61055844e-04
   3.43922260e+02   4.22172045e-04
   3.43922748e+02   4.94984211e-04
   3.43923237e+02   6.69623667e-04
   3.43923725e+02   4.51725762e-04
   3.43924213e+02  -1.87593891e-04
   3.43924702e+02  -6.02175773e-04
   3.43925190e+02  -5.07910736e-04
   3.43925678e+02  -5.23561554e-04
   3.43926166e+02  -4.34955320e-04
   3.43926655e+02  -6.85941850e-05
   3.43927143e+02   4.42258715e-05
   3.43927631e+02   8.82162453e-07
   3.43928120e+02   1.59948177e-05
   3.43928608e+02   2.29263125e-04
   3.43929096e+02   6.85922278e-04
   3.43929585e+02   9.13852244e-04
   3.43930073e+02   2.30273858e-04
   3.43930561e+02  -5.48284152e-04
   3.43931050e+02  -6.22089836e-04
   3.43931538e+02  -6.83271268e-04
   3.43932026e+02  -7.29171443e-04
   3.43932514e+02  -2.82879890e-04
   3.43933003e+02   1.48838633e-04
   3.43933491e+02   2.75644823e-04
   3.43933979e+02   2.48554541e-04
   3.43934468e+02   2.21756873e-05
   3.43934956e+02   2.81485754e-05
   3.43935444e+02   1.27816209e-04
   3.43935933e+02  -5.20817084e-05
   3.43936421e+02  -2.90681492e-04
   3.43936909e+02  -4.60235024e-04
   3.43937398e+02  -3.52448144e-04
   3.43937886e+02  -3.86619649e-05
   3.43938374e+02   2.61355861e-04
   3.43938863e+02   3.48302565e-04
   3.43939351e+02   2.07502148e-04
   3.43939839e+02  -2.42646292e-05
   3.43940327e+02   2.26983248e-05
   3.43940816e+02   4.65902063e-04
   3.43941304e+02   5.48734097e-04
   3.43941792e+02   3.11688811e-04
   3.43942281e+02   3.32680997e-04
   3.43942769e+02   2.37773667e-04
   3.43943257e+02   1.68081679e-04
   3.43943746e+02   2.44388328e-04
   3.43944234e+02   5.11683174e-05
   3.43944722e+02  -1.20759112e-04
   3.43945211e+02   3.19549581e-05
   3.43945699e+02   3.03218665e-04
   3.43946187e+02   3.94905743e-04
   3.43946675e+02   8.43887028e-05
   3.43947164e+02  -6.63551400e-05
   3.43947652e+02   1.93967091e-04
   3.43948140e+02  -4.00883437e-05
   3.43948629e+02  -5.07369987e-04
   3.43949117e+02  -5.19897498e-04
   3.43949605e+02  -2.90607888e-04
   3.43950094e+02   6.02009386e-05
   3.43950582e+02   3.39178747e-04
   3.43951070e+02   2.84291658e-04
   3.43951559e+02   2.70130142e-04
   3.43952047e+02   3.85084946e-04
   3.43952535e+02   3.91883194e-04
   3.43953023e+02   4.71469510e-04
   3.43953512e+02   3.24655586e-04
   3.43954000e+02  -2.40255031e-04
   3.43954488e+02  -4.55674337e-04
   3.43954977e+02  -5.27042066e-05
   3.43955465e+02   5.99277613e-04
   3.43955953e+02   9.80140059e-04
   3.43956442e+02   7.09888351e-04
   3.43956930e+02   1.92151492e-04
   3.43957418e+02   4.54274377e-05
   3.43957907e+02   4.20036144e-04
   3.43958395e+02   8.86859023e-04
   3.43958883e+02   8.95260018e-04
   3.43959371e+02   4.35369555e-04
   3.43959860e+02  -3.44853179e-05
   3.43960348e+02  -3.09599069e-04
   3.43960836e+02  -4.49922896e-04
   3.43961325e+02  -3.83730803e-04
   3.43961813e+02   7.90613103e-06
   3.43962301e+02   2.51848134e-04
   3.43962790e+02   1.71412976e-04
   3.43963278e+02   9.13567274e-05
   3.43963766e+02   3.23176428e-05
   3.43964255e+02  -7.84047079e-05
   3.43964743e+02  -9.64817082e-05
   3.43965231e+02  -6.83622784e-05
   3.43965719e+02  -6.47544657e-05
   3.43966208e+02   4.72111569e-05
   3.43966696e+02   1.47874423e-04
   3.43967184e+02   2.45082716e-04
   3.43967673e+02   5.04561584e-04
   3.43968161e+02   6.50391448e-04
   3.43968649e+02   6.18966995e-04
   3.43969138e+02   4.16468276e-04
   3.43969626e+02   7.88415491e-05
   3.43970114e+02  -1.71604333e-04
   3.43970603e+02  -9.86854211e-05
   3.43971091e+02   1.22371901e-04
   3.43971579e+02   2.20972157e-04
   3.43972067e+02   3.20468476e-04
   3.43972556e+02   3.57030833e-04
   3.43973044e+02   4.16074443e-04
   3.43973532e+02   3.97171883e-04
   3.43974021e+02   2.58192391e-04
   3.43974509e+02   3.78691911e-04
   3.43974997e+02   4.71858686e-04
   3.43975486e+02   4.22484038e-04
   3.43975974e+02   3.06500122e-04
   3.43976462e+02   1.12105707e-04
   3.43976951e+02  -7.13714689e-05
   3.43977439e+02  -3.70128022e-04
   3.43977927e+02  -5.21081092e-04
   3.43978416e+02  -4.01197351e-04
   3.43978904e+02  -3.62835766e-04
   3.43979392e+02  -1.28056245e-05
   3.43979880e+02   5.92164928e-04
   3.43980369e+02   6.16985722e-04
   3.43980857e+02   5.98955012e-05
   3.43981345e+02  -2.51013145e-04
   3.43981834e+02  -2.86433526e-04
   3.43982322e+02  -4.16526280e-04
   3.43982810e+02  -4.68398532e-04
   3.43983299e+02  -5.48617216e-04
   3.43983787e+02  -6.83884195e-04
   3.43984275e+02  -4.56486887e-04
   3.43984764e+02  -1.82661301e-04
   3.43985252e+02  -3.08059272e-04
   3.43985740e+02  -6.80109952e-04
   3.43986228e+02  -7.45184254e-04
   3.43986717e+02  -1.65800448e-04
   3.43987205e+02   1.37560142e-04
   3.43987693e+02  -7.29660533e-05
   3.43988182e+02  -3.10024843e-05
   3.43988670e+02  -9.16611243e-05
   3.43989158e+02  -1.87717800e-04
   3.43989647e+02  -1.66537957e-05
   3.43990135e+02   1.36687668e-05
   3.43990623e+02   7.19259879e-06
   3.43991112e+02   5.45237890e-05
   3.43991600e+02  -6.90691450e-05
   3.43992088e+02  -2.74915248e-04
   3.43992576e+02  -4.88433216e-05
   3.43993065e+02   4.39636264e-04
   3.43993553e+02   5.28910139e-04
   3.43994041e+02   2.43873845e-04
   3.43994530e+02   1.94974229e-04
   3.43995018e+02   6.17127283e-04
   3.43995506e+02   8.59076972e-04
   3.43995995e+02   5.89714502e-04
   3.43996483e+02   9.19678059e-05
   3.43996971e+02  -2.12893559e-04
   3.43997460e+02  -1.57015951e-04
   3.43997948e+02   1.16939569e-04
   3.43998436e+02   1.25886829e-04
   3.43998924e+02   9.87170351e-05
   3.43999413e+02   1.09073459e-04
   3.43999901e+02  -1.57385523e-06
   3.44000389e+02   3.24696652e-04
   3.44000878e+02   5.51547331e-04
   3.44001366e+02   3.28287337e-04
   3.44001854e+02   2.53692066e-04
   3.44002343e+02   6.63955871e-05
   3.44002831e+02  -2.76303210e-04
   3.44003319e+02  -1.67418868e-04
   3.44003808e+02   2.02497904e-04
   3.44004296e+02   4.28320054e-04
   3.44004784e+02   4.17077739e-04
   3.44005272e+02   2.18489367e-04
   3.44005761e+02   1.53688925e-05
   3.44006249e+02  -6.35508040e-05
   3.44006737e+02  -2.46369775e-04
   3.44007226e+02  -2.33896411e-04
   3.44007714e+02   2.30239704e-04
   3.44008202e+02   4.42223361e-04
   3.44008691e+02   3.41036532e-04
   3.44009179e+02   2.94060417e-04
   3.44009667e+02   9.38613593e-05
   3.44010156e+02  -3.19013663e-04
   3.44010644e+02  -5.73057914e-04
   3.44011132e+02  -4.09841596e-04
   3.44011620e+02  -2.80305889e-04
   3.44012109e+02  -5.35893079e-04
   3.44012597e+02  -7.28936866e-04
   3.44013085e+02  -3.92018264e-04
   3.44013574e+02  -1.49881191e-04
   3.44014062e+02  -3.17507278e-04
   3.44014550e+02  -5.69706724e-04
   3.44015039e+02  -4.97729343e-04
   3.44015527e+02  -3.87566572e-04
   3.44016015e+02  -2.57176755e-04
   3.44016504e+02   5.31942824e-05
   3.44016992e+02   9.23121552e-05
   3.44017480e+02  -1.70747910e-04
   3.44017969e+02   4.95116765e-05
   3.44018457e+02   3.99170123e-04
   3.44018945e+02   3.03366047e-04
   3.44019433e+02   1.19610355e-04
   3.44019922e+02   3.23938410e-04
   3.44020410e+02   5.82467183e-04
   3.44020898e+02   4.69391671e-04
   3.44021387e+02   7.71173000e-05
   3.44021875e+02  -3.69690242e-04
   3.44022363e+02  -4.53865825e-04
   3.44022852e+02  -1.89433951e-04
   3.44023340e+02  -9.02668398e-05
   3.44023828e+02  -2.58155778e-04
   3.44024317e+02  -5.58101863e-04
   3.44024805e+02  -7.71959370e-04
   3.44025293e+02  -7.07678730e-04
   3.44025781e+02  -3.31686140e-04
   3.44026270e+02   1.61972610e-04
   3.44026758e+02   3.24643828e-04
   3.44027246e+02  -6.77694625e-05
   3.44027735e+02  -5.44299779e-04
   3.44028223e+02  -5.25334501e-04
   3.44028711e+02  -2.10091137e-04
   3.44029200e+02   8.16364773e-05
   3.44029688e+02   1.73476452e-04
   3.44030176e+02   1.83741286e-04
   3.44030665e+02   1.31420587e-04
   3.44031153e+02   1.83787371e-04
   3.44031641e+02   2.08095909e-04
   3.44032129e+02   5.06338120e-06
   3.44032618e+02   2.24320156e-05
   3.44033106e+02   2.43242175e-04
   3.44033594e+02   3.62825405e-04
   3.44034083e+02   5.95484511e-04
   3.44034571e+02   6.84105733e-04
   3.44035059e+02   4.63687669e-04
   3.44035548e+02   4.99787973e-04
   3.44036036e+02   7.03412399e-04
   3.44036524e+02   6.27620844e-04
   3.44037013e+02   4.58318711e-04
   3.44037501e+02   4.29009990e-04
   3.44037989e+02   2.37494431e-04
   3.44038477e+02  -3.00399755e-04
   3.44038966e+02  -2.38455585e-04
   3.44039454e+02   4.67668549e-04
   3.44039942e+02   5.70193632e-04
   3.44040431e+02   3.13371798e-04
   3.44040919e+02   7.60658659e-05
   3.44041407e+02  -2.99820793e-04
   3.44041896e+02  -3.87775915e-04
   3.44042384e+02  -7.50815743e-05
   3.44042872e+02   9.42315310e-05
   3.44043361e+02   1.90979074e-04
   3.44043849e+02   3.17991333e-04
   3.44044337e+02   8.73049939e-05
   3.44044825e+02  -3.09416821e-04
   3.44045314e+02  -3.10712931e-04
   3.44045802e+02  -1.31850220e-05
   3.44046290e+02   1.24396654e-04
   3.44046779e+02   5.16360415e-05
   3.44047267e+02   2.01761213e-04
   3.44047755e+02   3.47196707e-04
   3.44048244e+02   1.78837145e-04
   3.44048732e+02   1.98349851e-04
   3.44049220e+02   7.27571256e-04
   3.44049709e+02   1.10680377e-03
   3.44050197e+02   8.67108756e-04
   3.44050685e+02   5.64726943e-04
   3.44051173e+02   3.77588934e-04
   3.44051662e+02   1.90387727e-04
   3.44052150e+02  -2.09680322e-04
   3.44052638e+02  -6.49705937e-04
   3.44053127e+02  -5.62101253e-04
   3.44053615e+02   7.04824051e-05
   3.44054103e+02   3.10575269e-04
   3.44054592e+02  -2.20648915e-04
   3.44055080e+02  -6.66583248e-04
   3.44055568e+02  -6.90104498e-04
   3.44056057e+02  -4.71200561e-04
   3.44056545e+02   6.69450237e-05
   3.44057033e+02   5.20199421e-04
   3.44057522e+02   3.78718862e-04
   3.44058010e+02  -1.24630504e-04
   3.44058498e+02  -4.15110931e-04
   3.44058986e+02  -3.75301577e-04
   3.44059475e+02  -2.78388063e-04
   3.44059963e+02  -9.83090431e-05
   3.44060451e+02   2.08084894e-04
   3.44060940e+02   4.65044432e-04
   3.44061428e+02   3.89596884e-04
   3.44061916e+02   1.98141162e-04
   3.44062405e+02   4.55242174e-04
   3.44062893e+02   7.89297163e-04
   3.44063381e+02   4.93727741e-04
   3.44063870e+02   3.71050519e-05
   3.44064358e+02   2.53355865e-05
   3.44064846e+02   1.48813182e-04
   3.44065334e+02   4.83154727e-04
   3.44065823e+02   8.33834405e-04
   3.44066311e+02   4.60629642e-04
   3.44066799e+02  -1.46847218e-04
   3.44067288e+02  -1.84438846e-04
   3.44067776e+02  -1.14562266e-04
   3.44068264e+02  -5.36968546e-05
   3.44068753e+02   6.66221458e-05
   3.44069241e+02  -2.44436320e-04
   3.44069729e+02  -6.00820815e-04
   3.44070218e+02  -3.92819784e-04
   3.44070706e+02  -6.36022669e-05
   3.44071194e+02  -1.76466579e-04
   3.44071682e+02  -4.10282199e-04
   3.44072171e+02  -4.51067317e-04
   3.44072659e+02  -2.61169014e-04
   3.44073147e+02  -3.13572149e-04
   3.44073636e+02  -1.61536038e-04
   3.44074124e+02   8.11265418e-05
   3.44074612e+02   1.17514874e-05
   3.44075101e+02  -1.99823757e-04
   3.44075589e+02   5.03676783e-05
   3.44076077e+02   5.51073288e-04
   3.44076566e+02   5.42781141e-04
   3.44077054e+02  -2.48160668e-05
   3.44077542e+02  -3.97313590e-04
   3.44078030e+02  -2.46798038e-04
   3.44078519e+02   7.33028792e-05
   3.44079007e+02   2.86415918e-04
   3.44079495e+02   1.59411327e-04
   3.44079984e+02  -9.94376205e-06
   3.44080472e+02  -1.67468272e-04
   3.44080960e+02  -2.75893952e-04
   3.44081449e+02  -2.01189134e-04
   3.44081937e+02  -2.10688988e-04
   3.44082425e+02   1.41860846e-05
   3.44082914e+02   2.22296250e-04
   3.44083402e+02   1.08353772e-04
   3.44083890e+02   1.57713257e-05
   3.44084378e+02  -1.79940453e-05
   3.44084867e+02   4.70915111e-05
   3.44085355e+02   2.61143541e-05
   3.44085843e+02  -1.02210186e-04
   3.44086332e+02   5.34865976e-05
   3.44086820e+02   2.64151196e-04
   3.44087308e+02   2.25523472e-04
   3.44087797e+02  -2.32283910e-05
   3.44088285e+02  -4.34750546e-04
   3.44088773e+02  -7.92133040e-04
   3.44089262e+02  -4.44106903e-04
   3.44089750e+02   2.46438576e-05
   3.44090238e+02  -9.75710805e-07
   3.44090726e+02   2.18600268e-04
   3.44091215e+02   5.08029829e-04
   3.44091703e+02   5.30795369e-04
   3.44092191e+02   8.80185340e-04
   3.44092680e+02   1.07413309e-03
   3.44093168e+02   3.93616065e-04
   3.44093656e+02  -1.85575700e-04
   3.44094145e+02  -1.46428647e-04
   3.44094633e+02  -1.34671311e-04
   3.44095121e+02  -1.24529339e-04
   3.44095610e+02   2.39614048e-04
   3.44096098e+02   4.97077126e-04
   3.44096586e+02   5.58796397e-04
   3.44097075e+02   5.37632965e-04
   3.44097563e+02   1.52382490e-04
   3.44098051e+02   7.14965718e-05
   3.44098539e+02   2.80883745e-04
   3.44099028e+02  -4.33329797e-06
   3.44099516e+02  -4.41458338e-04
   3.44100004e+02  -3.92828137e-04
   3.44100493e+02  -1.86729230e-04
   3.44100981e+02  -3.94869305e-04
   3.44101469e+02  -3.92521295e-04
   3.44101958e+02  -1.68518993e-04
   3.44102446e+02  -1.36241099e-04
   3.44102934e+02   1.52679801e-04
   3.44103423e+02   4.91999323e-04
   3.44103911e+02   4.08297929e-04
   3.44104399e+02   4.44454083e-04
   3.44104887e+02   8.54211976e-04
   3.44105376e+02   8.52803409e-04
   3.44105864e+02   5.06508455e-04
   3.44106352e+02   4.61503310e-04
   3.44106841e+02   1.92703985e-04
   3.44107329e+02  -3.01363616e-04
   3.44107817e+02  -3.41234496e-04
   3.44108306e+02  -5.73976977e-05
   3.44108794e+02   4.61528944e-05
   3.44109282e+02  -6.20825303e-05
   3.44109771e+02  -1.92831823e-04
   3.44110259e+02  -2.26929216e-04
   3.44110747e+02  -2.27478246e-04
   3.44111235e+02  -4.36932285e-04
   3.44111724e+02  -5.17065579e-04
   3.44112212e+02  -2.29135650e-04
   3.44112700e+02   8.08734967e-06
   3.44113189e+02   2.96153914e-04
   3.44113677e+02   3.08804854e-04
   3.44114165e+02   8.79716317e-05
   3.44114654e+02   1.32370275e-04
   3.44115142e+02   1.17782387e-04
   3.44115630e+02   1.07256812e-04
   3.44116119e+02   1.26303321e-05
   3.44116607e+02  -1.72751534e-04
   3.44117095e+02  -1.00350713e-04
   3.44117583e+02  -2.91794626e-04
   3.44118072e+02  -4.35951602e-04
   3.44118560e+02  -1.14060174e-04
   3.44119048e+02   4.36014743e-05
   3.44119537e+02  -1.71063148e-04
   3.44120025e+02  -2.43002869e-04
   3.44120513e+02   1.27498453e-04
   3.44121002e+02   6.85988925e-04
   3.44121490e+02   9.95879527e-04
   3.44121978e+02   5.36975684e-04
   3.44122467e+02  -2.27644254e-04
   3.44122955e+02  -6.12037838e-04
   3.44123443e+02  -7.64332537e-04
   3.44123931e+02  -4.87742684e-04
   3.44124420e+02   1.27650477e-04
   3.44124908e+02   3.38997052e-04
   3.44125396e+02   1.70291460e-04
   3.44125885e+02   1.38977397e-04
   3.44126373e+02   9.16487697e-05
   3.44126861e+02  -8.26208052e-05
   3.44127350e+02  -1.64166515e-04
   3.44127838e+02  -4.56908834e-04
   3.44128326e+02  -5.57428866e-04
   3.44128815e+02  -1.98967071e-04
   3.44129303e+02  -7.83318974e-05
   3.44129791e+02  -1.23566788e-04
   3.44130279e+02   1.32335175e-04
   3.44130768e+02   2.98083265e-04
   3.44131256e+02   1.71331321e-05
   3.44131744e+02  -2.77117506e-04
   3.44132233e+02  -2.27172175e-04
   3.44132721e+02   4.14648312e-05
   3.44133209e+02   5.75472332e-05
   3.44133698e+02  -1.71878055e-04
   3.44134186e+02  -3.51543596e-04
   3.44134674e+02  -3.10228963e-04
   3.44135163e+02  -1.16333875e-04
   3.44135651e+02   8.72663804e-05
   3.44136139e+02   2.24966381e-04
   3.44136628e+02   4.51385531e-05
   3.44137116e+02  -2.22620860e-04
   3.44137604e+02  -1.17489530e-04
   3.44138092e+02   7.18536467e-06
   3.44138581e+02  -7.70543993e-05
   3.44139069e+02  -4.21672439e-06
   3.44139557e+02   2.32473700e-04
   3.44140046e+02   3.43516411e-04
   3.44140534e+02   3.78191762e-04
   3.44141022e+02   3.89367022e-04
   3.44141511e+02   4.20102879e-04
   3.44141999e+02   3.55071301e-04
   3.44142487e+02  -8.24875679e-06
   3.44142976e+02  -2.92372890e-04
   3.44143464e+02  -1.36194154e-04
   3.44143952e+02  -7.49706596e-05
   3.44144440e+02  -2.59501539e-04
   3.44144929e+02  -2.37963002e-04
   3.44145417e+02   2.78065592e-04
   3.44145905e+02   5.50128578e-04
   3.44146394e+02   8.77947023e-05
   3.44146882e+02  -5.76411549e-05
   3.44147370e+02   1.45268350e-04
   3.44147859e+02   1.36512695e-04
   3.44148347e+02   4.19304451e-05
   3.44148835e+02   3.44389591e-05
   3.44149324e+02   1.25687031e-04
   3.44149812e+02  -2.67237538e-05
   3.44150300e+02  -2.06560464e-04
   3.44150788e+02  -1.35066904e-04
   3.44151277e+02  -2.13453925e-04
   3.44151765e+02  -5.15043328e-04
   3.44152253e+02  -8.37527623e-04
   3.44152742e+02  -8.32875725e-04
   3.44153230e+02  -5.97074511e-04
   3.44153718e+02  -5.63183683e-04
   3.44154207e+02  -2.99439736e-04
   3.44154695e+02   2.39659086e-04
   3.44155183e+02   3.40724306e-04
   3.44155672e+02  -1.84895180e-05
   3.44156160e+02  -2.47686694e-04
   3.44156648e+02  -2.03143733e-04
   3.44157136e+02  -1.87487691e-04
   3.44157625e+02  -5.52948506e-04
   3.44158113e+02  -5.93863253e-04
   3.44158601e+02  -1.60475014e-04
   3.44159090e+02  -2.59235676e-04
   3.44159578e+02  -7.06456194e-04
   3.44160066e+02  -6.40783110e-04
   3.44160555e+02  -8.59498541e-05
   3.44161043e+02   3.32973519e-04
   3.44161531e+02   2.05137636e-04
   3.44162020e+02   1.12936679e-04
   3.44162508e+02   3.39759747e-04
   3.44162996e+02   3.33680655e-04
   3.44163484e+02   7.48356615e-05
   3.44163973e+02   1.36624541e-04
   3.44164461e+02   4.54174093e-04
   3.44164949e+02   5.88881376e-04
   3.44165438e+02   7.06921041e-04
   3.44165926e+02   8.37219704e-04
   3.44166414e+02   5.33944578e-04
   3.44166903e+02   5.24502648e-05
   3.44167391e+02   4.04230377e-05
   3.44167879e+02   3.25739296e-04
   3.44168368e+02   2.86611350e-04
   3.44168856e+02   4.41464290e-05
   3.44169344e+02  -3.59657075e-04
   3.44169832e+02  -5.51974750e-04
   3.44170321e+02  -3.33991658e-04
   3.44170809e+02  -3.10788222e-04
   3.44171297e+02  -1.45388360e-04
   3.44171786e+02   2.44693016e-04
   3.44172274e+02   2.90852069e-04
   3.44172762e+02  -1.20133860e-04
   3.44173251e+02  -6.69554458e-04
   3.44173739e+02  -8.50984710e-04
   3.44174227e+02  -6.44626969e-04
   3.44174716e+02  -2.69587123e-04
   3.44175204e+02  -2.03079282e-04
   3.44175692e+02  -5.27915196e-04
   3.44176181e+02  -6.46021857e-04
   3.44176669e+02  -4.01229976e-04
   3.44177157e+02   2.70984856e-05
   3.44177645e+02   5.90218231e-04
   3.44178134e+02   8.73190933e-04
   3.44178622e+02   5.07646473e-04
   3.44179110e+02   2.48468627e-04
   3.44179599e+02   4.56331851e-04
   3.44180087e+02   3.49085138e-04
   3.44180575e+02  -9.13406911e-05
   3.44181064e+02  -3.03371809e-04
   3.44181552e+02  -3.81528167e-04
   3.44182040e+02  -2.23811716e-04
   3.44182529e+02   3.64167026e-05
   3.44183017e+02  -2.18483619e-05
   3.44183505e+02  -1.78751943e-04
   3.44183993e+02  -4.93222207e-04
   3.44184482e+02  -1.01983547e-03
   3.44184970e+02  -1.15252333e-03
   3.44185458e+02  -7.91221217e-04
   3.44185947e+02  -4.23373887e-04
   3.44186435e+02  -1.85009427e-04
   3.44186923e+02  -1.06976724e-04
   3.44187412e+02  -1.03091603e-04
   3.44187900e+02   1.27837164e-04
   3.44188388e+02   2.17914887e-04
   3.44188877e+02   3.97053554e-05
   3.44189365e+02  -8.67830313e-05
   3.44189853e+02   5.29532590e-05
   3.44190341e+02   5.51802281e-04
   3.44190830e+02   4.87683224e-04
   3.44191318e+02   7.79977854e-05
   3.44191806e+02  -3.13307944e-04
   3.44192295e+02  -4.97083471e-04
   3.44192783e+02  -2.50923302e-04
   3.44193271e+02   7.02725665e-05
   3.44193760e+02   7.65439327e-05
   3.44194248e+02   9.39209349e-05
   3.44194736e+02   1.51837026e-04
   3.44195225e+02   1.23068778e-04
   3.44195713e+02   2.53271981e-04
   3.44196201e+02   4.30937100e-04
   3.44196689e+02   2.13192878e-04
   3.44197178e+02  -2.70495191e-04
   3.44197666e+02  -2.88339390e-04
   3.44198154e+02   1.30914821e-04
   3.44198643e+02   5.72833291e-04
   3.44199131e+02   7.15524598e-04
   3.44199619e+02   3.54851421e-04
   3.44200108e+02   1.57473798e-04
   3.44200596e+02   3.72708426e-04
   3.44201084e+02   5.57529798e-04
   3.44201573e+02   5.87794755e-04
   3.44202061e+02   2.14497733e-04
   3.44202549e+02  -4.23979218e-04
   3.44203037e+02  -4.99677379e-04
   3.44203526e+02  -9.56506337e-05
   3.44204014e+02   2.65079034e-05
   3.44204502e+02   1.38795425e-04
   3.44204991e+02   4.49480023e-04
   3.44205479e+02   6.65162108e-04
   3.44205967e+02   4.67175589e-04
   3.44206456e+02   1.19833596e-04
   3.44206944e+02   2.55933614e-04
   3.44207432e+02   3.98052012e-04
   3.44207921e+02   1.68890998e-04
   3.44208409e+02   2.85354690e-05
   3.44208897e+02  -7.82527568e-05
   3.44209385e+02  -2.59098219e-04
   3.44209874e+02  -3.07186943e-04
   3.44210362e+02  -1.68202227e-04
   3.44210850e+02   3.58744910e-05
   3.44211339e+02  -1.00423320e-04
   3.44211827e+02  -2.78705091e-04
   3.44212315e+02  -1.07611384e-04
   3.44212804e+02   6.15356985e-05
   3.44213292e+02   5.89504671e-05
   3.44213780e+02   8.81916640e-05
   3.44214269e+02  -7.09363158e-05
   3.44214757e+02  -4.30427142e-04
   3.44215245e+02  -4.97623696e-04
   3.44215734e+02  -4.25746490e-04
   3.44216222e+02  -3.22643464e-04
   3.44216710e+02   3.32457785e-05
   3.44217198e+02   4.19982884e-04
   3.44217687e+02   7.64990575e-04
   3.44218175e+02   9.67184431e-04
   3.44218663e+02   6.77852542e-04
   3.44219152e+02   3.40513565e-04
   3.44219640e+02   2.06274912e-04
   3.44220128e+02   1.10314366e-04
   3.44220617e+02   1.41532291e-04
   3.44221105e+02   1.62306620e-04
   3.44221593e+02   4.40650037e-05
   3.44222082e+02   1.77630296e-04
   3.44222570e+02   4.23944468e-04
   3.44223058e+02   2.60966277e-04
   3.44223546e+02  -9.34214331e-05
   3.44224035e+02  -4.98590409e-04
   3.44224523e+02  -5.20199712e-04
   3.44225011e+02  -2.06297264e-04
   3.44225500e+02  -3.40126397e-04
   3.44225988e+02  -4.58967901e-04
   3.44226476e+02  -1.71393840e-04
   3.44226965e+02  -6.92613639e-07
   3.44227453e+02  -2.24244533e-04
   3.44227941e+02  -4.41590179e-04
   3.44228430e+02  -2.54343875e-04
   3.44228918e+02  -4.73406835e-05
   3.44229406e+02   1.26995437e-04
   3.44229894e+02   3.16648831e-04
   3.44230383e+02   3.38496844e-04
   3.44230871e+02   3.47635505e-04
   3.44231359e+02   1.64874567e-04
   3.44231848e+02  -3.29637231e-04
   3.44232336e+02  -4.42883087e-04
   3.44232824e+02  -4.09813110e-05
   3.44233313e+02   3.65096028e-04
   3.44233801e+02   2.84141628e-04
   3.44234289e+02  -1.13596609e-04
   3.44234778e+02  -5.85011512e-05
   3.44235266e+02   2.53117207e-04
   3.44235754e+02   7.91061848e-06
   3.44236242e+02  -2.54828105e-04
   3.44236731e+02  -2.95185775e-04
   3.44237219e+02  -4.03017795e-04
   3.44237707e+02  -3.88900080e-04
   3.44238196e+02  -5.33875602e-04
   3.44238684e+02  -5.20200119e-04
   3.44239172e+02  -1.86471545e-04
   3.44239661e+02  -4.06037689e-05
   3.44240149e+02   1.43272621e-06
   3.44240637e+02   1.43096477e-04
   3.44241126e+02   1.27205290e-04
   3.44241614e+02  -1.59984964e-04
   3.44242102e+02  -5.37269167e-04
   3.44242590e+02  -6.18312799e-04
   3.44243079e+02  -1.55250164e-04
   3.44243567e+02   3.31394316e-04
   3.44244055e+02   3.47760215e-04
   3.44244544e+02   1.00099263e-04
   3.44245032e+02  -3.19574581e-04
   3.44245520e+02  -2.37403263e-04
   3.44246009e+02   5.30516496e-04
   3.44246497e+02   7.09237764e-04
   3.44246985e+02   4.02969745e-04
   3.44247474e+02   5.40536072e-04
   3.44247962e+02   5.22355025e-04
   3.44248450e+02   2.46386335e-04
   3.44248938e+02   1.59512740e-04
   3.44249427e+02   3.59147554e-04
   3.44249915e+02   5.38214168e-04
   3.44250403e+02   5.74097736e-04
   3.44250892e+02   3.36369529e-04
   3.44251380e+02   5.26337390e-05
   3.44251868e+02   1.36724513e-04
   3.44252357e+02   1.70808868e-04
   3.44252845e+02  -1.35402253e-04
   3.44253333e+02  -1.31361041e-04
   3.44253822e+02   3.08466406e-04
   3.44254310e+02   6.50694361e-04
   3.44254798e+02   6.10163901e-04
   3.44255286e+02   4.04131686e-04
   3.44255775e+02   5.34220017e-04
   3.44256263e+02   6.42406929e-04
   3.44256751e+02   2.42603739e-04
   3.44257240e+02  -1.12558249e-04
   3.44257728e+02  -8.22355578e-05
   3.44258216e+02   1.92156335e-06
   3.44258705e+02   1.58546227e-05
   3.44259193e+02   2.66607851e-04
   3.44259681e+02   3.96815507e-04
   3.44260170e+02   5.39568064e-05
   3.44260658e+02  -1.69046063e-04
   3.44261146e+02  -1.00780308e-04
   3.44261635e+02  -9.10680465e-05
   3.44262123e+02  -8.28945558e-05
   3.44262611e+02  -3.46359557e-05
   3.44263099e+02  -1.82367381e-04
   3.44263588e+02  -4.69757331e-04
   3.44264076e+02  -4.26065177e-04
   3.44264564e+02  -4.04613602e-05
   3.44265053e+02   2.45803007e-04
   3.44265541e+02   2.41685761e-04
   3.44266029e+02   1.31375928e-04
   3.44266518e+02   9.63266357e-05
   3.44267006e+02  -1.99669594e-04
   3.44267494e+02  -6.65632309e-04
   3.44267983e+02  -6.07630645e-04
   3.44268471e+02  -3.17949802e-04
   3.44268959e+02  -3.72101116e-04
   3.44269447e+02  -2.53852166e-04
   3.44269936e+02  -5.19419336e-05
   3.44270424e+02  -3.05242254e-04
   3.44270912e+02  -5.85364643e-04
   3.44271401e+02  -6.48772169e-04
   3.44271889e+02  -5.37469983e-04
   3.44272377e+02   9.70925976e-05
   3.44272866e+02   3.03538458e-04
   3.44273354e+02  -8.08103796e-05
   3.44273842e+02  -1.60427895e-04
   3.44274331e+02  -2.07972756e-04
   3.44274819e+02  -2.28121236e-04
   3.44275307e+02   1.48272666e-04
   3.44275795e+02   5.91552816e-04
   3.44276284e+02   4.36750619e-04
   3.44276772e+02   1.03357906e-05
   3.44277260e+02   2.07097066e-04
   3.44277749e+02   4.71623323e-04
   3.44278237e+02   5.61261040e-05
   3.44278725e+02  -1.91304774e-04
   3.44279214e+02  -8.99464285e-05
   3.44279702e+02  -4.01042984e-04
   3.44280190e+02  -8.27809970e-04
   3.44280679e+02  -6.77448115e-04
   3.44281167e+02  -3.90950416e-04
   3.44281655e+02  -4.34183195e-04
   3.44282143e+02  -5.33861981e-04
   3.44282632e+02  -3.17697966e-04
   3.44283120e+02  -2.22699400e-05
   3.44283608e+02  -2.16323984e-04
   3.44284097e+02  -4.67688398e-04
   3.44284585e+02  -2.08063779e-04
   3.44285073e+02   1.57508854e-04
   3.44285562e+02   1.59215808e-04
   3.44286050e+02  -1.17291260e-04
   3.44286538e+02  -4.37536801e-04
   3.44287027e+02  -5.29591460e-04
   3.44287515e+02  -1.39605007e-04
   3.44288003e+02   1.60931333e-04
   3.44288491e+02   3.95360257e-05
   3.44288980e+02  -7.44755816e-05
   3.44289468e+02  -3.47881520e-04
   3.44289956e+02  -3.15833720e-04
   3.44290445e+02   1.30531014e-04
   3.44290933e+02   1.80839794e-04
   3.44291421e+02   3.74377632e-05
   3.44291910e+02   4.33880487e-05
   3.44292398e+02   1.63627890e-04
   3.44292886e+02   3.60223523e-04
   3.44293375e+02   2.02517069e-04
   3.44293863e+02  -3.27425863e-04
   3.44294351e+02  -3.90248693e-04
   3.44294839e+02   1.10300236e-04
   3.44295328e+02   5.36317704e-04
   3.44295816e+02   4.51744418e-04
   3.44296304e+02  -1.23689213e-04
   3.44296793e+02  -4.32815315e-04
   3.44297281e+02  -2.20421556e-04
   3.44297769e+02   1.60394353e-04
   3.44298258e+02   2.62684218e-04
   3.44298746e+02   7.43888813e-05
   3.44299234e+02  -8.60061919e-05
   3.44299723e+02  -3.08047835e-04
   3.44300211e+02  -4.75104433e-04
   3.44300699e+02  -3.82750382e-04
   3.44301188e+02  -1.48579915e-04
   3.44301676e+02   3.73679613e-05
   3.44302164e+02  -2.40379977e-05
   3.44302652e+02   9.10984090e-05
   3.44303141e+02   3.83503764e-04
   3.44303629e+02   2.93714780e-04
   3.44304117e+02   8.82176100e-05
   3.44304606e+02   2.30082034e-04
   3.44305094e+02   5.54445316e-04
   3.44305582e+02   6.15783560e-04
   3.44306071e+02   4.60537063e-04
   3.44306559e+02   3.64819076e-04
   3.44307047e+02   2.82990921e-04
   3.44307536e+02   1.04408391e-04
   3.44308024e+02   2.44687271e-05
   3.44308512e+02  -7.94430598e-05
   3.44309000e+02  -3.34925659e-04
   3.44309489e+02  -3.45768058e-04
   3.44309977e+02  -3.34012875e-04
   3.44310465e+02  -5.65336901e-04
   3.44310954e+02  -6.10840216e-04
   3.44311442e+02  -3.08580813e-04
   3.44311930e+02   1.09474255e-04
   3.44312419e+02   2.75928294e-04
   3.44312907e+02  -2.04646669e-04
   3.44313395e+02  -8.51875462e-04
   3.44313884e+02  -6.92573725e-04
   3.44314372e+02  -2.31509068e-04
   3.44314860e+02  -1.64269542e-04
   3.44315348e+02  -2.59538036e-04
   3.44315837e+02  -4.49757033e-04
   3.44316325e+02  -7.69923034e-04
   3.44316813e+02  -5.68835181e-04
   3.44317302e+02  -2.14600423e-05
   3.44317790e+02  -1.26885032e-04
   3.44318278e+02  -2.83381989e-04
   3.44318767e+02  -2.64282844e-05
   3.44319255e+02   1.81688185e-04
   3.44319743e+02   2.53467646e-04
   3.44320232e+02   1.96093722e-04
   3.44320720e+02   2.14386149e-04
   3.44321208e+02   1.16334886e-04
   3.44321696e+02  -3.50082191e-05
   3.44322185e+02  -3.39760372e-05
   3.44322673e+02  -2.61960347e-04
   3.44323161e+02  -2.47729768e-04
   3.44323650e+02   5.76982857e-05
   3.44324138e+02  -3.99056225e-05
   3.44324626e+02   1.46054794e-04
   3.44325115e+02   5.89947507e-04
   3.44325603e+02   7.38178904e-04
   3.44326091e+02   8.75807367e-04
   3.44326580e+02   6.41999184e-04
   3.44327068e+02   5.48394979e-04
   3.44327556e+02   6.99508470e-04
   3.44328044e+02   4.06114181e-04
   3.44328533e+02   3.75381525e-04
   3.44329021e+02   6.06234127e-04
   3.44329509e+02   4.32811590e-04
   3.44329998e+02   2.41059184e-04
   3.44330486e+02   2.36965658e-04
   3.44330974e+02   3.77156015e-04
   3.44331463e+02   4.99619055e-04
   3.44331951e+02   4.95532760e-04
   3.44332439e+02   3.28876224e-04
   3.44332928e+02  -9.44555359e-05
   3.44333416e+02  -4.48028499e-04
   3.44333904e+02  -3.35359568e-04
   3.44334392e+02  -4.69917686e-05
   3.44334881e+02   8.58686763e-05
   3.44335369e+02   2.25093070e-04
   3.44335857e+02   4.85736382e-04
   3.44336346e+02   4.32952947e-04
   3.44336834e+02   3.55189914e-05
   3.44337322e+02   8.72716191e-05
   3.44337811e+02   4.69319086e-04
   3.44338299e+02   4.30223008e-04
   3.44338787e+02   1.97415182e-04
   3.44339276e+02   1.45232858e-04
   3.44339764e+02   1.34973716e-05
   3.44340252e+02  -1.76318892e-04
   3.44340741e+02   1.96080600e-06
   3.44341229e+02   4.21579782e-04
   3.44341717e+02   4.47395112e-04
   3.44342205e+02   1.78127404e-04
   3.44342694e+02   8.33314116e-05
   3.44343182e+02   3.13450058e-04
   3.44343670e+02   4.95636894e-04
   3.44344159e+02   4.59740200e-04
   3.44344647e+02   3.59188562e-04
   3.44345135e+02   2.88033450e-04
   3.44345624e+02   7.62678110e-06
   3.44346112e+02  -3.67344008e-04
   3.44346600e+02  -3.34890850e-04
   3.44347089e+02   3.73723451e-05
   3.44347577e+02   3.38315847e-04
   3.44348065e+02   2.27729048e-04
   3.44348553e+02  -2.99303647e-05
   3.44349042e+02  -3.48031208e-05
   3.44349530e+02   4.06077270e-05
   3.44350018e+02  -9.43837367e-05
   3.44350507e+02  -3.79583624e-04
   3.44350995e+02  -3.30903771e-04
   3.44351483e+02  -9.37054938e-05
   3.44351972e+02  -7.61697407e-08
   3.44352460e+02   1.79531402e-04
   3.44352948e+02   2.14630112e-04
   3.44353437e+02   2.06537497e-05
   3.44353925e+02   7.71310661e-05
   3.44354413e+02   3.28695809e-04
   3.44354901e+02   4.74864501e-04
   3.44355390e+02   3.82467319e-04
   3.44355878e+02  -8.95901030e-05
   3.44356366e+02  -5.40673092e-04
   3.44356855e+02  -4.47803264e-04
   3.44357343e+02  -1.55747330e-04
   3.44357831e+02  -6.89461303e-05
   3.44358320e+02  -2.23704454e-04
   3.44358808e+02  -2.45391566e-04
   3.44359296e+02  -9.06178757e-05
   3.44359785e+02   2.86505128e-05
   3.44360273e+02   5.28005075e-05
   3.44360761e+02  -5.77723185e-05
   3.44361249e+02  -1.91740823e-04
   3.44361738e+02  -2.12514075e-04
   3.44362226e+02  -9.75035655e-05
   3.44362714e+02  -1.58742972e-04
   3.44363203e+02  -1.63571080e-04
   3.44363691e+02   1.76807051e-04
   3.44364179e+02   2.67282710e-04
   3.44364668e+02  -2.44997296e-04
   3.44365156e+02  -7.66564975e-04
   3.44365644e+02  -7.18655006e-04
   3.44366133e+02  -5.48454758e-04
   3.44366621e+02  -4.80074115e-04
   3.44367109e+02  -1.19453325e-04
   3.44367597e+02   1.90736537e-04
   3.44368086e+02   1.44907186e-04
   3.44368574e+02  -3.60028498e-05
   3.44369062e+02   1.14962153e-04
   3.44369551e+02   2.60419067e-04
   3.44370039e+02   2.52919945e-05
   3.44370527e+02  -3.39617400e-05
   3.44371016e+02   1.74306173e-04
   3.44371504e+02   3.56918987e-04
   3.44371992e+02   5.49704942e-04
   3.44372481e+02   6.29988848e-04
   3.44372969e+02   2.42004608e-04
   3.44373457e+02  -4.35798196e-04
   3.44373945e+02  -4.66905767e-04
   3.44374434e+02  -5.06007927e-05
   3.44374922e+02   3.82141916e-05
   3.44375410e+02   2.21557333e-04
   3.44375899e+02   5.30564284e-04
   3.44376387e+02   1.62044176e-04
   3.44376875e+02  -3.55561526e-04
   3.44377364e+02  -2.80815409e-04
   3.44377852e+02   2.15682769e-04
   3.44378340e+02   3.54935532e-04
   3.44378829e+02  -1.52647393e-04
   3.44379317e+02  -5.85688627e-04
   3.44379805e+02  -4.84266027e-04
   3.44380294e+02  -2.26903518e-04
   3.44380782e+02  -1.31676998e-07
   3.44381270e+02   1.57638351e-04
   3.44381758e+02   2.02320603e-04
   3.44382247e+02   2.89418647e-04
   3.44382735e+02   3.06308852e-04
   3.44383223e+02   6.30290961e-05
   3.44383712e+02  -3.20743944e-04
   3.44384200e+02  -4.43270692e-04
   3.44384688e+02  -7.42503908e-05
   3.44385177e+02   3.71862443e-05
   3.44385665e+02  -1.01073652e-04
   3.44386153e+02   1.24797676e-04
   3.44386642e+02   2.42001654e-04
   3.44387130e+02  -1.47198167e-04
   3.44387618e+02  -5.38833672e-04
   3.44388106e+02  -4.03578713e-04
   3.44388595e+02  -1.34760785e-05
   3.44389083e+02   6.70390000e-05
   3.44389571e+02  -2.65077309e-04
   3.44390060e+02  -5.52238547e-04
   3.44390548e+02  -6.62006263e-04
   3.44391036e+02  -4.26736893e-04
   3.44391525e+02   1.64160941e-04
   3.44392013e+02   3.69892630e-04
   3.44392501e+02   1.97771864e-04
   3.44392990e+02   7.14950147e-06
   3.44393478e+02  -5.82044449e-05
   3.44393966e+02   7.46846272e-05
   3.44394454e+02  -7.11574467e-05
   3.44394943e+02  -3.25692614e-04
   3.44395431e+02  -2.29179263e-04
   3.44395919e+02  -1.15234157e-04
   3.44396408e+02  -9.18317819e-05
   3.44396896e+02   2.55954248e-04
   3.44397384e+02   7.23696488e-04
   3.44397873e+02   7.98499736e-04
   3.44398361e+02   6.16778445e-04
   3.44398849e+02   4.30517423e-04
   3.44399338e+02   2.45916362e-05
   3.44399826e+02  -3.64053412e-04
   3.44400314e+02  -1.30222994e-04
   3.44400802e+02   1.96940673e-04
   3.44401291e+02   2.79702013e-04
   3.44401779e+02   4.25256731e-04
   3.44402267e+02   3.73427960e-04
   3.44402756e+02   1.75627749e-04
   3.44403244e+02   3.63292929e-05
   3.44403732e+02  -2.07512683e-04
   3.44404221e+02  -2.37881759e-04
   3.44404709e+02   6.09554518e-05
   3.44405197e+02   3.39140155e-04
   3.44405686e+02   3.72553244e-04
   3.44406174e+02   2.50320882e-04
   3.44406662e+02   1.73804492e-05
   3.44407150e+02  -4.67260921e-04
   3.44407639e+02  -6.88111759e-04
   3.44408127e+02  -4.34398738e-04
   3.44408615e+02  -3.28842434e-04
   3.44409104e+02  -2.54786079e-04
   3.44409592e+02   4.18256495e-05
   3.44410080e+02   3.65281594e-04
   3.44410569e+02   3.34909564e-04
   3.44411057e+02   1.61658427e-05
   3.44411545e+02   3.08538474e-05
   3.44412034e+02   1.47042912e-04
   3.44412522e+02  -8.59724169e-05
   3.44413010e+02  -5.41941787e-04
   3.44413498e+02  -7.22197816e-04
   3.44413987e+02  -3.67817440e-04
   3.44414475e+02   3.89613451e-05
   3.44414963e+02   1.96815949e-04
   3.44415452e+02   6.77678981e-05
   3.44415940e+02  -1.86548263e-04
   3.44416428e+02  -5.57631938e-05
   3.44416917e+02   1.48745574e-04
   3.44417405e+02  -8.06874959e-05
   3.44417893e+02  -4.17423405e-04
   3.44418382e+02  -5.35050465e-04
   3.44418870e+02  -4.54284382e-05
   3.44419358e+02   6.14812481e-04
   3.44419847e+02   5.50985802e-04
   3.44420335e+02   3.13134457e-04
   3.44420823e+02   3.76673823e-04
   3.44421311e+02   1.59280389e-04
   3.44421800e+02  -7.60439143e-05
   3.44422288e+02  -1.70824860e-04
   3.44422776e+02  -8.37952539e-05
   3.44423265e+02   3.65618762e-04
   3.44423753e+02   4.63093369e-04
   3.44424241e+02   1.05314612e-04
   3.44424730e+02  -2.32342369e-04
   3.44425218e+02  -4.08032152e-04
   3.44425706e+02  -6.28788315e-04
   3.44426195e+02  -5.89143427e-04
   3.44426683e+02  -1.97871021e-04
   3.44427171e+02   1.15406969e-04
   3.44427659e+02   1.75401874e-04
   3.44428148e+02   1.86507517e-04
   3.44428636e+02   2.76357692e-04
   3.44429124e+02   3.95542593e-04
   3.44429613e+02   1.07197462e-04
   3.44430101e+02  -1.59234027e-04
   3.44430589e+02   1.15639406e-04
   3.44431078e+02   2.53140664e-04
   3.44431566e+02   2.44725030e-04
   3.44432054e+02   2.88861047e-04
   3.44432543e+02   1.86086501e-04
   3.44433031e+02   8.03606599e-05
   3.44433519e+02   1.54268564e-04
   3.44434007e+02   2.19335037e-04
   3.44434496e+02   1.94437889e-04
   3.44434984e+02  -1.46274833e-04
   3.44435472e+02  -3.00787273e-04
   3.44435961e+02   2.92579120e-04
   3.44436449e+02   8.05163931e-04
   3.44436937e+02   5.52197977e-04
   3.44437426e+02   8.39889763e-05
   3.44437914e+02  -9.31927716e-05
   3.44438402e+02  -1.66841681e-04
   3.44438891e+02  -1.44224090e-04
   3.44439379e+02  -6.07840921e-05
   3.44439867e+02  -2.41298694e-04
   3.44440355e+02  -3.52736912e-04
   3.44440844e+02  -1.82288801e-04
   3.44441332e+02   4.31653389e-05
   3.44441820e+02   1.29840948e-04
   3.44442309e+02  -1.70553059e-04
   3.44442797e+02  -4.40000964e-04
   3.44443285e+02  -4.42789344e-04
   3.44443774e+02  -4.02331149e-04
   3.44444262e+02  -3.70421039e-04
   3.44444750e+02  -3.04487883e-04
   3.44445239e+02  -8.60527944e-05
   3.44445727e+02  -1.63667020e-04
   3.44446215e+02  -4.59142320e-04
   3.44446703e+02  -4.70598199e-04
   3.44447192e+02  -2.93854595e-04
   3.44447680e+02  -1.07910215e-04
   3.44448168e+02  -1.02536193e-04
   3.44448657e+02  -1.96990834e-04
   3.44449145e+02  -3.64981679e-04
   3.44449633e+02  -5.02570008e-04
   3.44450122e+02  -1.82181204e-04
   3.44450610e+02   1.19344208e-04
   3.44451098e+02  -1.96136734e-05
   3.44451587e+02  -2.16417411e-05
   3.44452075e+02   2.55462277e-04
   3.44452563e+02   2.77297862e-04
   3.44453051e+02  -1.46454797e-04
   3.44453540e+02  -2.94158875e-04
   3.44454028e+02   3.35209079e-05
   3.44454516e+02   1.10020679e-04
   3.44455005e+02  -2.18976402e-06
   3.44455493e+02   8.18110566e-05
   3.44455981e+02   2.12208906e-04
   3.44456470e+02   1.19605866e-04
   3.44456958e+02   2.40194131e-05
   3.44457446e+02   2.56379397e-04
   3.44457935e+02   4.89116879e-04
   3.44458423e+02   1.98208581e-04
   3.44458911e+02  -4.64452096e-05
   3.44459400e+02   8.92125245e-05
   3.44459888e+02   7.03162805e-05
   3.44460376e+02  -7.67301244e-05
   3.44460864e+02  -3.09795505e-05
   3.44461353e+02   5.96072969e-05
   3.44461841e+02  -1.89119412e-04
   3.44462329e+02  -4.43320052e-04
   3.44462818e+02  -1.38650430e-04
   3.44463306e+02   4.25654493e-04
   3.44463794e+02   5.24748582e-04
   3.44464283e+02   2.48304073e-04
   3.44464771e+02   2.86663097e-04
   3.44465259e+02   4.79449460e-04
   3.44465748e+02   2.64051603e-04
   3.44466236e+02  -2.56337051e-04
   3.44466724e+02  -6.34661701e-04
   3.44467212e+02  -5.69068652e-04
   3.44467701e+02  -3.12693272e-04
   3.44468189e+02  -8.34382881e-05
   3.44468677e+02   1.31363966e-04
   3.44469166e+02   1.37217983e-04
   3.44469654e+02  -7.12387991e-05
   3.44470142e+02  -1.09848959e-04
   3.44470631e+02   1.08954875e-04
   3.44471119e+02   2.91811622e-04
   3.44471607e+02   2.85547721e-04
   3.44472096e+02   1.81809373e-04
   3.44472584e+02   2.94418169e-05
   3.44473072e+02  -9.23927873e-05
   3.44473560e+02  -9.65165309e-05
   3.44474049e+02   3.65747801e-05
   3.44474537e+02   1.19125805e-04
   3.44475025e+02  -1.01267964e-04
   3.44475514e+02  -4.09556291e-04
   3.44476002e+02  -5.23228664e-04
   3.44476490e+02  -2.30448175e-04
   3.44476979e+02  -6.26063484e-05
   3.44477467e+02  -1.46453502e-04
   3.44477955e+02   1.15161143e-04
   3.44478444e+02   2.46935262e-04
   3.44478932e+02   2.00165377e-04
   3.44479420e+02   1.62520882e-04
   3.44479908e+02  -8.76554768e-05
   3.44480397e+02  -1.96259818e-04
   3.44480885e+02  -3.14726785e-04
   3.44481373e+02  -7.67094025e-04
   3.44481862e+02  -7.96879933e-04
   3.44482350e+02  -4.36345115e-04
   3.44482838e+02  -1.97788715e-04
   3.44483327e+02  -2.91308708e-04
   3.44483815e+02  -3.96215881e-04
   3.44484303e+02  -1.99803675e-04
   3.44484792e+02   3.11654527e-04
   3.44485280e+02   5.81317116e-04
   3.44485768e+02   4.76265850e-04
   3.44486256e+02   2.51599733e-04
   3.44486745e+02   5.89125484e-05
   3.44487233e+02   2.16171582e-04
   3.44487721e+02   6.02763786e-04
   3.44488210e+02   5.76601480e-04
   3.44488698e+02   1.73981913e-04
   3.44489186e+02  -7.38383778e-06
   3.44489675e+02   7.71601044e-05
   3.44490163e+02  -1.12821162e-05
   3.44490651e+02  -7.23737248e-05
   3.44491140e+02   1.78103310e-05
   3.44491628e+02   1.14291739e-04
   3.44492116e+02   1.90171791e-04
   3.44492604e+02  -6.79226432e-05
   3.44493093e+02  -5.49744989e-04
   3.44493581e+02  -5.43098664e-04
   3.44494069e+02  -1.00824167e-04
   3.44494558e+02   1.97985864e-04
   3.44495046e+02  -1.96804867e-05
   3.44495534e+02  -3.90184403e-04
   3.44496023e+02  -3.79291043e-04
   3.44496511e+02  -3.37978679e-04
   3.44496999e+02  -2.33677551e-04
   3.44497488e+02   7.31680993e-05
   3.44497976e+02   1.68893865e-04
   3.44498464e+02   1.42644320e-04
   3.44498953e+02  -1.47483166e-04
   3.44499441e+02  -5.36293723e-04
   3.44499929e+02  -4.39737632e-04
   3.44500417e+02  -1.42612364e-04
   3.44500906e+02   3.75135787e-05
   3.44501394e+02   8.97335267e-05
   3.44501882e+02   1.07003354e-04
   3.44502371e+02   2.25490527e-04
   3.44502859e+02   1.33338588e-04
   3.44503347e+02  -6.44075990e-05
   3.44503836e+02  -3.27461603e-05
   3.44504324e+02   1.61470292e-04
   3.44504812e+02   1.59198913e-04
   3.44505301e+02   1.83379336e-04
   3.44505789e+02   2.90165743e-04
   3.44506277e+02   3.10354459e-04
   3.44506765e+02   1.85375553e-04
   3.44507254e+02  -3.05386988e-04
   3.44507742e+02  -6.96883828e-04
   3.44508230e+02  -3.92802409e-04
   3.44508719e+02   2.47733024e-05
   3.44509207e+02  -1.93094937e-04
   3.44509695e+02  -5.80742257e-04
   3.44510184e+02  -6.64349820e-04
   3.44510672e+02  -7.26474682e-04
   3.44511160e+02  -7.38617848e-04
   3.44511649e+02  -3.84031911e-04
   3.44512137e+02   1.33388399e-04
   3.44512625e+02   2.57238571e-04
   3.44513113e+02   1.60654672e-04
   3.44513602e+02   3.20736726e-04
   3.44514090e+02   6.01901789e-04
   3.44514578e+02   3.74716736e-04
   3.44515067e+02   1.16897405e-04
   3.44515555e+02   3.12101678e-04
   3.44516043e+02   1.83485623e-04
   3.44516532e+02  -2.83283531e-04
   3.44517020e+02  -2.71326775e-04
   3.44517508e+02  -2.15716573e-04
   3.44517997e+02  -2.47156131e-04
   3.44518485e+02  -8.29042165e-06
   3.44518973e+02  -1.33687747e-04
   3.44519461e+02  -4.58434806e-04
   3.44519950e+02  -3.78696277e-04
   3.44520438e+02  -2.62441026e-04
   3.44520926e+02  -1.99060451e-04
   3.44521415e+02  -1.43790676e-04
   3.44521903e+02  -3.34196113e-04
   3.44522391e+02  -4.57322283e-04
   3.44522880e+02  -4.37704730e-04
   3.44523368e+02  -6.45759748e-04
   3.44523856e+02  -6.88471308e-04
   3.44524345e+02  -2.78013205e-04
   3.44524833e+02   6.65358966e-05
   3.44525321e+02  -9.61304031e-05
   3.44525809e+02  -5.29013807e-04
   3.44526298e+02  -6.62064587e-04
   3.44526786e+02  -4.99868358e-04
   3.44527274e+02  -8.09292178e-05
   3.44527763e+02   2.01431481e-04
   3.44528251e+02   2.17727706e-04
   3.44528739e+02   1.95198983e-04
   3.44529228e+02  -4.95976856e-05
   3.44529716e+02  -2.25566488e-04
   3.44530204e+02  -1.12422807e-04
   3.44530693e+02   1.00474288e-04
   3.44531181e+02   2.17273919e-04
   3.44531669e+02   2.97341699e-04
   3.44532157e+02   4.91948158e-04
   3.44532646e+02   6.10968331e-04
   3.44533134e+02   3.45364359e-04
   3.44533622e+02  -4.44472767e-04
   3.44534111e+02  -9.77033400e-04
   3.44534599e+02  -6.92542177e-04
   3.44535087e+02  -1.39125230e-04
   3.44535576e+02   3.13627999e-04
   3.44536064e+02   6.25416520e-04
   3.44536552e+02   7.07497180e-04
   3.44537041e+02   4.09391912e-04
   3.44537529e+02  -5.45466573e-05
   3.44538017e+02   6.65662674e-06
   3.44538506e+02   2.79045838e-04
   3.44538994e+02   1.56291906e-04
   3.44539482e+02  -1.69650066e-05
   3.44539970e+02  -3.30777148e-05
   3.44540459e+02   2.72142439e-04
   3.44540947e+02   4.27984312e-04
   3.44541435e+02   8.66789196e-05
   3.44541924e+02  -2.61289591e-04
   3.44542412e+02  -3.50781222e-04
   3.44542900e+02  -7.84016156e-05
   3.44543389e+02   2.87300878e-04
   3.44543877e+02   2.85979360e-04
   3.44544365e+02   1.62279423e-04
   3.44544854e+02  -9.16420831e-05
   3.44545342e+02  -2.00186376e-04
   3.44545830e+02   8.41210749e-06
   3.44546318e+02  -1.25323704e-05
   3.44546807e+02  -2.88970296e-05
   3.44547295e+02   1.44949634e-04
   3.44547783e+02   1.62497920e-04
   3.44548272e+02   2.30214573e-04
   3.44548760e+02   5.09397127e-04
   3.44549248e+02   4.28125815e-04
   3.44549737e+02   7.79938709e-05
   3.44550225e+02  -6.89868193e-06
   3.44550713e+02   2.11584818e-04
   3.44551202e+02   2.07910620e-04
   3.44551690e+02  -2.99623847e-04
   3.44552178e+02  -5.19365421e-04
   3.44552666e+02  -2.24135234e-04
   3.44553155e+02   8.04266092e-05
   3.44553643e+02   2.26067394e-04
   3.44554131e+02   2.87781702e-04
   3.44554620e+02   3.61293205e-04
   3.44555108e+02   2.01558956e-04
   3.44555596e+02  -1.72118496e-04
   3.44556085e+02  -2.82422407e-04
   3.44556573e+02  -4.06280364e-04
   3.44557061e+02  -4.11881687e-04
   3.44557550e+02  -1.28121959e-04
   3.44558038e+02   2.07591147e-04
   3.44558526e+02   4.02592967e-04
   3.44559014e+02  -3.41942505e-05
   3.44559503e+02  -5.55333507e-04
   3.44559991e+02  -4.05772676e-04
   3.44560479e+02  -1.83821699e-04
   3.44560968e+02  -2.11428167e-04
   3.44561456e+02  -1.17764183e-04
   3.44561944e+02   1.41804885e-05
   3.44562433e+02   9.62886697e-05
   3.44562921e+02   4.69235965e-04
   3.44563409e+02   7.50157691e-04
   3.44563898e+02   5.17591834e-04
   3.44564386e+02   2.48096243e-04
   3.44564874e+02   1.50838576e-04
   3.44565362e+02  -1.71083404e-04
   3.44565851e+02  -3.17358092e-04
   3.44566339e+02  -1.28773274e-04
   3.44566827e+02  -1.27782012e-04
   3.44567316e+02  -3.86975706e-04
   3.44567804e+02  -5.32569655e-04
   3.44568292e+02  -3.15831596e-04
   3.44568781e+02   1.85557597e-04
   3.44569269e+02   2.57272273e-04
   3.44569757e+02  -2.22033123e-04
   3.44570246e+02  -6.25420886e-04
   3.44570734e+02  -5.00159571e-04
   3.44571222e+02  -1.86563339e-05
   3.44571710e+02   2.74158840e-04
   3.44572199e+02   2.26155695e-04
   3.44572687e+02   7.45054876e-06
   3.44573175e+02  -2.24208416e-04
   3.44573664e+02  -2.15425724e-04
   3.44574152e+02  -1.38275864e-04
   3.44574640e+02  -2.02323165e-04
   3.44575129e+02  -1.69282866e-04
   3.44575617e+02  -2.99353735e-04
   3.44576105e+02  -4.67494276e-04
   3.44576594e+02  -2.10515878e-04
   3.44577082e+02   7.27528313e-05
   3.44577570e+02   7.23987905e-05
   3.44578059e+02   8.93967735e-05
   3.44578547e+02  -1.70927233e-05
   3.44579035e+02  -3.18251754e-04
   3.44579523e+02  -6.00153689e-05
   3.44580012e+02   3.79429664e-04
   3.44580500e+02   3.07272538e-04
   3.44580988e+02   2.56171024e-05
   3.44581477e+02  -3.85045947e-04
   3.44581965e+02  -4.39181254e-04
   3.44582453e+02  -1.19669166e-04
   3.44582942e+02  -1.50352120e-04
   3.44583430e+02  -3.92746122e-04
   3.44583918e+02  -4.18793003e-04
   3.44584407e+02  -1.60406940e-04
   3.44584895e+02   1.51680128e-04
   3.44585383e+02   2.57188454e-04
   3.44585871e+02   2.41761940e-04
   3.44586360e+02   1.55736750e-04
   3.44586848e+02  -1.94541804e-04
   3.44587336e+02  -7.40459189e-04
   3.44587825e+02  -8.35727027e-04
   3.44588313e+02  -2.82552297e-04
   3.44588801e+02   3.46293295e-04
   3.44589290e+02   5.91545948e-04
   3.44589778e+02   3.62168241e-04
   3.44590266e+02   2.04365773e-04
   3.44590755e+02   4.25952225e-04
   3.44591243e+02   3.02933098e-04
   3.44591731e+02  -1.30884582e-04
   3.44592219e+02  -1.75639725e-04
   3.44592708e+02  -1.22687254e-06
   3.44593196e+02  -5.97953222e-05
   3.44593684e+02  -2.46833632e-04
   3.44594173e+02  -2.32665538e-04
   3.44594661e+02   4.00506215e-05
   3.44595149e+02   3.31103540e-04
   3.44595638e+02   2.34409817e-04
   3.44596126e+02  -6.95181297e-05
   3.44596614e+02  -7.88182588e-05
   3.44597103e+02  -4.69650404e-05
   3.44597591e+02  -3.10049887e-04
   3.44598079e+02  -4.17860603e-04
   3.44598567e+02  -3.82573053e-04
   3.44599056e+02  -5.68282849e-04
   3.44599544e+02  -3.32391181e-04
   3.44600032e+02   4.18090713e-05
   3.44600521e+02  -2.16013403e-04
   3.44601009e+02  -5.31735248e-04
   3.44601497e+02  -4.80096060e-04
   3.44601986e+02   2.77972194e-05
   3.44602474e+02   5.60822431e-04
   3.44602962e+02   3.56600096e-04
   3.44603451e+02  -9.55553332e-05
   3.44603939e+02   2.90110947e-05
   3.44604427e+02   2.88600393e-04
   3.44604915e+02   5.75143677e-05
   3.44605404e+02  -4.20599623e-04
   3.44605892e+02  -4.60548472e-04
   3.44606380e+02  -4.55892819e-04
   3.44606869e+02  -5.15508524e-04
   3.44607357e+02  -1.61057018e-04
   3.44607845e+02   1.99116490e-04
   3.44608334e+02   1.25167513e-04
   3.44608822e+02  -4.78388138e-05
   3.44609310e+02   3.68736073e-05
   3.44609799e+02   5.66013478e-05
   3.44610287e+02  -2.14600339e-04
   3.44610775e+02  -5.42823516e-04
   3.44611263e+02  -5.88890980e-04
   3.44611752e+02  -2.04623182e-04
   3.44612240e+02   1.51539352e-04
   3.44612728e+02   7.92985520e-05
   3.44613217e+02   4.85981764e-05
   3.44613705e+02   1.94968175e-04
   3.44614193e+02   2.95327645e-05
   3.44614682e+02  -3.24408973e-07
   3.44615170e+02   2.16208005e-04
   3.44615658e+02   2.90270109e-04
   3.44616147e+02   1.71058535e-04
   3.44616635e+02  -2.24493298e-04
   3.44617123e+02  -5.60983026e-04
   3.44617612e+02  -7.44812773e-04
   3.44618100e+02  -7.27256876e-04
   3.44618588e+02  -2.66018091e-04
   3.44619076e+02   3.52096540e-05
   3.44619565e+02  -2.19770576e-04
   3.44620053e+02  -3.17446800e-04
   3.44620541e+02   1.11227610e-05
   3.44621030e+02   1.73855136e-04
   3.44621518e+02   3.10096948e-04
   3.44622006e+02   5.06318465e-04
   3.44622495e+02   1.68954924e-04
   3.44622983e+02  -1.60577692e-04
   3.44623471e+02  -1.62107735e-05
   3.44623960e+02  -1.53395755e-04
   3.44624448e+02  -5.40393521e-04
   3.44624936e+02  -4.83329175e-04
   3.44625424e+02  -4.48819701e-05
   3.44625913e+02   2.72101111e-04
   3.44626401e+02   2.60911096e-04
   3.44626889e+02   5.88275834e-05
   3.44627378e+02  -7.63081625e-05
   3.44627866e+02  -3.55612428e-04
   3.44628354e+02  -6.68007589e-04
   3.44628843e+02  -4.62236902e-04
   3.44629331e+02   1.52782246e-04
   3.44629819e+02   3.11499898e-04
   3.44630308e+02   1.58913608e-04
   3.44630796e+02   2.42333961e-04
   3.44631284e+02   2.09644058e-04
   3.44631772e+02   1.23025762e-04
   3.44632261e+02   7.26698054e-05
   3.44632749e+02  -1.46876482e-04
   3.44633237e+02  -6.42185769e-05
   3.44633726e+02   3.67010914e-04
   3.44634214e+02   5.79227519e-04
   3.44634702e+02   7.66977377e-04
   3.44635191e+02   7.03969155e-04
   3.44635679e+02   2.61154055e-04
   3.44636167e+02   6.33496602e-05
   3.44636656e+02   9.00928571e-05
   3.44637144e+02   1.48358740e-04
   3.44637632e+02   2.24475487e-04
   3.44638120e+02   1.98393289e-04
   3.44638609e+02   2.22099494e-04
   3.44639097e+02   2.95198115e-04
   3.44639585e+02   2.97563471e-04
   3.44640074e+02   3.09802825e-04
   3.44640562e+02   4.03414597e-04
   3.44641050e+02   4.37928014e-04
   3.44641539e+02   1.12534712e-04
   3.44642027e+02  -1.75589492e-04
   3.44642515e+02  -2.39052781e-04
   3.44643004e+02  -1.67619830e-04
   3.44643492e+02   2.45031784e-04
   3.44643980e+02   3.83737788e-04
   3.44644468e+02  -4.76719360e-05
   3.44644957e+02  -1.31212844e-04
   3.44645445e+02   1.99533519e-04
   3.44645933e+02   1.81847950e-04
   3.44646422e+02  -5.08549529e-05
   3.44646910e+02  -1.22551646e-04
   3.44647398e+02   6.38270067e-05
   3.44647887e+02   4.26762650e-04
   3.44648375e+02   6.76355732e-04
   3.44648863e+02   5.89165720e-04
   3.44649352e+02   8.34992097e-05
   3.44649840e+02  -3.99046869e-04
   3.44650328e+02  -3.25801084e-04
   3.44650816e+02   1.14563787e-04
   3.44651305e+02   5.08696190e-04
   3.44651793e+02   5.89838426e-04
   3.44652281e+02   5.80509834e-04
   3.44652770e+02   4.87349898e-04
   3.44653258e+02   1.40991076e-04
   3.44653746e+02   2.52623468e-05
   3.44654235e+02   5.27618340e-06
   3.44654723e+02  -2.24185002e-04
   3.44655211e+02  -2.15215827e-04
   3.44655700e+02  -5.50586155e-05
   3.44656188e+02  -1.39742071e-04
   3.44656676e+02  -2.95440201e-04
   3.44657165e+02  -2.72013946e-04
   3.44657653e+02   1.03631919e-06
   3.44658141e+02  -1.55198475e-04
   3.44658629e+02  -4.49261133e-04
   3.44659118e+02   8.72063101e-05
   3.44659606e+02   3.04160232e-04
   3.44660094e+02   2.86416413e-04
   3.44660583e+02   4.07097745e-04
   3.44661071e+02   4.34351212e-04
   3.44661559e+02   4.61792697e-05
   3.44662048e+02  -6.54850097e-04
   3.44662536e+02  -8.72442324e-04
   3.44663024e+02  -5.04039752e-04
   3.44663513e+02  -1.62707016e-04
   3.44664001e+02  -7.90305967e-06
   3.44664489e+02   1.07388660e-04
   3.44664977e+02   2.68226049e-05
   3.44665466e+02  -2.90573458e-04
   3.44665954e+02  -3.16882157e-04
   3.44666442e+02  -3.03813053e-04
   3.44666931e+02  -4.62479104e-04
   3.44667419e+02  -5.58431260e-04
   3.44667907e+02  -7.51991232e-04
   3.44668396e+02  -7.51406013e-04
   3.44668884e+02  -3.31450196e-04
   3.44669372e+02  -7.24906276e-05
   3.44669861e+02  -2.07003570e-04
   3.44670349e+02  -4.62607160e-04
   3.44670837e+02  -6.07112132e-04
   3.44671325e+02  -4.03945014e-04
   3.44671814e+02  -3.02930257e-05
   3.44672302e+02   1.73812601e-04
   3.44672790e+02   3.02751374e-04
   3.44673279e+02   2.25196374e-04
   3.44673767e+02  -1.51028711e-04
   3.44674255e+02  -1.89211220e-04
   3.44674744e+02   3.76478965e-05
   3.44675232e+02   1.37093069e-04
   3.44675720e+02  -1.09953826e-05
   3.44676209e+02  -2.11924780e-04
   3.44676697e+02   2.83165165e-04
   3.44677185e+02   7.39044743e-04
   3.44677673e+02   2.17278983e-04
   3.44678162e+02  -1.82582851e-04
   3.44678650e+02  -1.00202029e-04
   3.44679138e+02  -1.59692834e-04
   3.44679627e+02  -2.43032104e-04
   3.44680115e+02  -1.24588172e-04
   3.44680603e+02   1.82347663e-04
   3.44681092e+02   2.59207765e-04
   3.44681580e+02  -7.31615946e-05
   3.44682068e+02  -2.77056650e-04
   3.44682557e+02   9.95624396e-06
   3.44683045e+02   5.03050105e-04
   3.44683533e+02   4.46948106e-04
   3.44684021e+02  -1.17770760e-05
   3.44684510e+02  -2.76115927e-04
   3.44684998e+02  -2.84508540e-04
   3.44685486e+02  -5.32535014e-05
   3.44685975e+02   2.50226673e-04
   3.44686463e+02   1.93455577e-04
   3.44686951e+02   2.69627926e-05
   3.44687440e+02   1.62926648e-04
   3.44687928e+02   1.59549701e-04
   3.44688416e+02  -1.86219957e-04
   3.44688905e+02  -3.77562130e-04
   3.44689393e+02  -3.43667780e-04
   3.44689881e+02  -3.28780065e-04
   3.44690369e+02  -5.16572676e-04
   3.44690858e+02  -6.58563920e-04
   3.44691346e+02  -2.71203055e-04
   3.44691834e+02   3.12847056e-04
   3.44692323e+02   3.03041394e-04
   3.44692811e+02  -1.02398015e-04
   3.44693299e+02  -2.49284931e-04
   3.44693788e+02  -1.14671988e-04
   3.44694276e+02  -6.29657443e-05
   3.44694764e+02  -1.69849198e-04
   3.44695253e+02  -3.68240580e-04
   3.44695741e+02  -9.31550312e-05
   3.44696229e+02   5.73856931e-04
   3.44696718e+02   6.51784008e-04
   3.44697206e+02   6.82912796e-05
   3.44697694e+02  -2.18243003e-04
   3.44698182e+02  -2.90550728e-04
   3.44698671e+02  -4.00382676e-04
   3.44699159e+02  -1.17409771e-04
   3.44699647e+02   1.56579088e-04
   3.44700136e+02  -6.29178758e-05
   3.44700624e+02  -3.63590487e-04
   3.44701112e+02  -2.00653201e-04
   3.44701601e+02   7.76054803e-05
   3.44702089e+02  -1.14566774e-05
   3.44702577e+02  -3.55742231e-04
   3.44703066e+02  -5.64474554e-04
   3.44703554e+02  -2.38508233e-04
   3.44704042e+02   2.53739825e-04
   3.44704530e+02   3.48183414e-04
   3.44705019e+02   3.84449959e-05
   3.44705507e+02  -3.19796498e-04
   3.44705995e+02  -5.20759553e-04
   3.44706484e+02  -4.98489127e-04
   3.44706972e+02  -2.42415321e-04
   3.44707460e+02   5.89835565e-07
   3.44707949e+02   1.31602574e-04
   3.44708437e+02   2.74697639e-04
   3.44708925e+02   5.30315621e-04
   3.44709414e+02   4.91195242e-04
   3.44709902e+02   9.45226348e-05
   3.44710390e+02   2.81431876e-05
   3.44710878e+02   1.04826642e-04
   3.44711367e+02   5.93481818e-05
   3.44711855e+02   5.00070564e-05
   3.44712343e+02  -1.27024527e-04
   3.44712832e+02  -3.71434144e-04
   3.44713320e+02  -2.23014009e-04
   3.44713808e+02  -6.76397322e-05
   3.44714297e+02  -4.03906772e-04
   3.44714785e+02  -7.49357103e-04
   3.44715273e+02  -3.73770221e-04
   3.44715762e+02   3.77873133e-04
   3.44716250e+02   4.93890606e-04
   3.44716738e+02   6.58996360e-05
   3.44717226e+02  -1.73434266e-04
   3.44717715e+02   2.92937271e-04
   3.44718203e+02   5.17190900e-04
   3.44718691e+02   1.69568681e-04
   3.44719180e+02  -3.42790590e-04
   3.44719668e+02  -5.56721352e-04
   3.44720156e+02  -2.68050935e-04
   3.44720645e+02   1.03930048e-04
   3.44721133e+02   2.39033034e-04
   3.44721621e+02   2.50099081e-04
   3.44722110e+02   5.57579740e-04
   3.44722598e+02   6.54247648e-04
   3.44723086e+02   2.02770825e-05
   3.44723574e+02  -2.29084879e-04
   3.44724063e+02   1.69777893e-04
   3.44724551e+02   4.59041796e-04
   3.44725039e+02   1.84279968e-04
   3.44725528e+02  -4.96164314e-04
   3.44726016e+02  -5.84032328e-04
   3.44726504e+02  -6.54348187e-05
   3.44726993e+02  -2.95469417e-05
   3.44727481e+02  -5.38611028e-04
   3.44727969e+02  -5.99981751e-04
   3.44728458e+02  -2.01227434e-04
   3.44728946e+02   5.96395112e-05
   3.44729434e+02   2.14635249e-04
   3.44729922e+02   2.56969739e-04
   3.44730411e+02   2.53306847e-04
   3.44730899e+02   3.96692980e-04
   3.44731387e+02   4.16691822e-04
   3.44731876e+02   1.87038997e-04
   3.44732364e+02   3.61589686e-04
   3.44732852e+02   7.97681685e-04
   3.44733341e+02   7.66167592e-04
   3.44733829e+02   4.47014201e-04
   3.44734317e+02   1.99405826e-04
   3.44734806e+02   1.43137164e-04
   3.44735294e+02   3.10906355e-04
   3.44735782e+02   5.93577046e-04
   3.44736271e+02   4.55150352e-04
   3.44736759e+02  -1.79886280e-04
   3.44737247e+02  -3.61077313e-04
   3.44737735e+02   3.49984803e-05
   3.44738224e+02   1.60991680e-04
   3.44738712e+02   5.55836050e-05
   3.44739200e+02   8.23746377e-05
   3.44739689e+02   2.20741815e-04
   3.44740177e+02   2.80876557e-04
   3.44740665e+02   1.58113253e-04
   3.44741154e+02   2.62867659e-04
   3.44741642e+02   3.80694051e-04
   3.44742130e+02  -6.75394840e-05
   3.44742619e+02  -5.86061389e-04
   3.44743107e+02  -7.39666284e-04
   3.44743595e+02  -4.02472011e-04
   3.44744083e+02   8.11094360e-05
   3.44744572e+02   3.14057485e-04
   3.44745060e+02   5.02728915e-04
   3.44745548e+02   6.06352813e-04
   3.44746037e+02   3.69317160e-04
   3.44746525e+02   3.43726540e-04
   3.44747013e+02   4.30295069e-04
   3.44747502e+02   1.80909279e-04
   3.44747990e+02   1.08600441e-04
   3.44748478e+02   2.00378476e-04
   3.44748967e+02   2.72932411e-05
   3.44749455e+02  -2.38451583e-04
   3.44749943e+02  -3.17431521e-04
   3.44750431e+02  -6.86508283e-05
   3.44750920e+02   1.57630711e-04
   3.44751408e+02  -1.55912421e-04
   3.44751896e+02  -6.87708962e-04
   3.44752385e+02  -5.33722399e-04
   3.44752873e+02   2.88908894e-04
   3.44753361e+02   6.88320433e-04
   3.44753850e+02   3.89974506e-04
   3.44754338e+02  -2.80987751e-05
   3.44754826e+02  -2.11143939e-04
   3.44755315e+02   1.91957788e-05
   3.44755803e+02   2.90407945e-04
   3.44756291e+02   3.33432516e-04
   3.44756779e+02  -6.66694250e-05
   3.44757268e+02  -6.60285063e-04
   3.44757756e+02  -8.16239917e-04
   3.44758244e+02  -6.14970224e-04
   3.44758733e+02  -2.23856929e-04
   3.44759221e+02   5.65295559e-05
   3.44759709e+02   6.05820169e-05
   3.44760198e+02   2.26110889e-04
   3.44760686e+02   5.44216658e-04
   3.44761174e+02   4.96207387e-04
   3.44761663e+02   2.90184224e-04
   3.44762151e+02   1.80723771e-04
   3.44762639e+02   2.25756638e-04
   3.44763127e+02   2.39976507e-04
   3.44763616e+02  -7.25406062e-06
   3.44764104e+02  -1.11893169e-04
   3.44764592e+02  -2.30577964e-04
   3.44765081e+02  -4.20820201e-04
   3.44765569e+02  -1.99482194e-04
   3.44766057e+02   1.08419328e-04
   3.44766546e+02   3.11599142e-04
   3.44767034e+02   5.08037803e-04
   3.44767522e+02   6.32348296e-04
   3.44768011e+02   6.00379892e-04
   3.44768499e+02   3.98477772e-04
   3.44768987e+02   2.80977372e-04
   3.44769475e+02   9.40931350e-05
   3.44769964e+02  -4.70455270e-04
   3.44770452e+02  -7.49948260e-04
   3.44770940e+02  -3.27232905e-04
   3.44771429e+02   1.58960829e-04
   3.44771917e+02   2.99418258e-04
   3.44772405e+02   9.04461995e-05
   3.44772894e+02   5.53410609e-05
   3.44773382e+02   3.18895938e-04
   3.44773870e+02   3.26337235e-04
   3.44774359e+02  -3.14213867e-05
   3.44774847e+02  -2.87658419e-04
   3.44775335e+02  -2.29984667e-04
   3.44775824e+02  -1.01460304e-04
   3.44776312e+02  -2.53165315e-04
   3.44776800e+02  -9.59425597e-05
   3.44777288e+02  -3.25309120e-05
   3.44777777e+02  -1.86783465e-04
   3.44778265e+02  -2.20176749e-04
   3.44778753e+02  -6.20599239e-05
   3.44779242e+02   2.17116802e-04
   3.44779730e+02   2.50276615e-04
   3.44780218e+02   1.55355723e-04
   3.44780707e+02   1.11645058e-04
   3.44781195e+02   7.34723071e-05
   3.44781683e+02   3.17520869e-04
   3.44782172e+02   3.83711915e-04
   3.44782660e+02   1.56932641e-04
   3.44783148e+02   8.15293170e-05
   3.44783636e+02   3.08161107e-04
   3.44784125e+02   6.31804985e-04
   3.44784613e+02   4.23460733e-04
   3.44785101e+02  -1.84423130e-04
   3.44785590e+02  -2.92671903e-04
   3.44786078e+02   9.95790688e-05
   3.44786566e+02   5.40877591e-05
   3.44787055e+02  -4.09617642e-04
   3.44787543e+02  -6.50340866e-04
   3.44788031e+02  -6.21990825e-04
   3.44788520e+02  -5.22438902e-04
   3.44789008e+02  -2.25070253e-04
   3.44789496e+02   6.33225281e-05
   3.44789984e+02  -8.62440211e-05
   3.44790473e+02  -6.92692483e-05
   3.44790961e+02   2.83555331e-04
   3.44791449e+02   3.55747354e-04
   3.44791938e+02   1.91452258e-04
   3.44792426e+02   7.41337717e-05
   3.44792914e+02   5.58092543e-05
   3.44793403e+02   1.81259340e-04
   3.44793891e+02   3.31169635e-04
   3.44794379e+02   4.57872084e-04
   3.44794868e+02   5.18932007e-04
   3.44795356e+02   4.38076066e-04
   3.44795844e+02   4.03417274e-04
   3.44796332e+02   2.74268124e-04
   3.44796821e+02  -1.15651732e-04
   3.44797309e+02  -3.11411975e-04
   3.44797797e+02  -3.77189775e-04
   3.44798286e+02  -3.45270761e-04
   3.44798774e+02   4.23924612e-05
   3.44799262e+02   4.67123755e-04
   3.44799751e+02   6.35149830e-04
   3.44800239e+02   4.10513370e-04
   3.44800727e+02  -1.89031503e-04
   3.44801216e+02  -6.90563698e-04
   3.44801704e+02  -8.88720679e-04
   3.44802192e+02  -7.28995132e-04
   3.44802680e+02  -1.85262194e-04
   3.44803169e+02   2.63774738e-04
   3.44803657e+02   2.88471114e-04
   3.44804145e+02   6.90169691e-05
   3.44804634e+02  -2.12383702e-06
   3.44805122e+02  -5.71971941e-05
   3.44805610e+02  -2.23378462e-04
   3.44806099e+02   2.66653369e-05
   3.44806587e+02   3.28533410e-04
   3.44807075e+02  -3.04629648e-05
   3.44807564e+02  -4.38456016e-04
   3.44808052e+02  -3.38277896e-04
   3.44808540e+02  -2.16721055e-05
   3.44809028e+02   1.60448544e-04
   3.44809517e+02   1.92306354e-04
   3.44810005e+02   4.24408936e-05
   3.44810493e+02  -1.91211948e-04
   3.44810982e+02  -2.38383815e-04
   3.44811470e+02  -1.01022757e-04
   3.44811958e+02   1.84410819e-04
   3.44812447e+02   2.72521953e-04
   3.44812935e+02  -1.84600562e-04
   3.44813423e+02  -4.22571669e-04
   3.44813912e+02  -1.72833767e-04
   3.44814400e+02   7.39370662e-05
   3.44814888e+02  -4.22079302e-06
   3.44815377e+02  -4.61195508e-04
   3.44815865e+02  -8.02578405e-04
   3.44816353e+02  -5.94399811e-04
   3.44816841e+02  -1.86058183e-04
   3.44817330e+02   1.10375055e-04
   3.44817818e+02   1.91761283e-04
   3.44818306e+02  -1.50024352e-04
   3.44818795e+02  -2.47083488e-04
   3.44819283e+02   4.97237197e-05
   3.44819771e+02  -1.12538997e-04
   3.44820260e+02  -3.45005450e-04
   3.44820748e+02   1.22579004e-04
   3.44821236e+02   2.31402286e-04
   3.44821725e+02  -4.34631482e-04
   3.44822213e+02  -4.45913727e-04
   3.44822701e+02   2.39043016e-04
   3.44823189e+02   5.18899644e-04
   3.44823678e+02   3.93790106e-04
   3.44824166e+02   2.78912921e-04
   3.44824654e+02   7.64135766e-05
   3.44825143e+02   5.34656556e-06
   3.44825631e+02   6.49531557e-06
   3.44826119e+02  -3.64846142e-04
   3.44826608e+02  -5.77477796e-04
   3.44827096e+02  -3.80619458e-04
   3.44827584e+02  -2.32243037e-04
   3.44828073e+02  -1.92444713e-04
   3.44828561e+02  -2.51366582e-04
   3.44829049e+02  -3.26741167e-04
   3.44829537e+02  -1.37336290e-04
   3.44830026e+02   1.27679596e-04
   3.44830514e+02   3.95897223e-04
   3.44831002e+02   7.47530605e-04
   3.44831491e+02   7.62355223e-04
   3.44831979e+02   1.29058666e-04
   3.44832467e+02  -3.27575312e-04
   3.44832956e+02   8.89754938e-06
   3.44833444e+02   2.59497989e-04
