frequency (GHz), flux (Jy/beam)
   3.44888470e+02   3.23853834e-04
   3.44888959e+02   2.57780339e-04
   3.44889447e+02  -3.56289034e-04
   3.44889935e+02  -5.61308116e-04
   3.44890423e+02  -3.09235387e-04
   3.44890912e+02   5.72824174e-05
   3.44891400e+02   2.82016088e-04
   3.44891888e+02   5.40231471e-04
   3.44892377e+02   3.94620642e-04
   3.44892865e+02  -2.59901368e-04
   3.44893353e+02  -3.06148635e-04
   3.44893842e+02  -8.71566499e-06
   3.44894330e+02   1.65001966e-05
   3.44894818e+02  -1.29526248e-04
   3.44895307e+02  -6.93978363e-05
   3.44895795e+02   2.39379980e-04
   3.44896283e+02   4.17971256e-04
   3.44896771e+02   4.09104192e-04
   3.44897260e+02   1.09897366e-04
   3.44897748e+02  -5.50526283e-06
   3.44898236e+02   1.89708342e-04
   3.44898725e+02   2.94473612e-05
   3.44899213e+02  -3.06187139e-04
   3.44899701e+02  -1.96719557e-04
   3.44900190e+02   9.39115944e-06
   3.44900678e+02   2.62230838e-04
   3.44901166e+02   2.92821467e-04
   3.44901655e+02  -1.71646097e-04
   3.44902143e+02  -2.66177434e-04
   3.44902631e+02   2.37015163e-04
   3.44903119e+02   4.05886851e-04
   3.44903608e+02   1.51535918e-04
   3.44904096e+02   2.47870212e-05
   3.44904584e+02   7.51138168e-06
   3.44905073e+02   4.61464297e-05
   3.44905561e+02  -5.67443240e-05
   3.44906049e+02  -7.18989977e-05
   3.44906538e+02  -6.25523098e-05
   3.44907026e+02   1.04429437e-05
   3.44907514e+02   4.28778731e-04
   3.44908003e+02   1.61681659e-04
   3.44908491e+02  -4.87556797e-04
   3.44908979e+02  -5.43134578e-04
   3.44909467e+02  -3.13396798e-04
   3.44909956e+02  -1.19655859e-04
   3.44910444e+02   2.66163348e-04
   3.44910932e+02   6.17506274e-04
   3.44911421e+02   2.38950815e-04
   3.44911909e+02  -2.25648066e-04
   3.44912397e+02  -1.86319056e-04
   3.44912886e+02   2.63830998e-06
   3.44913374e+02   1.44883616e-05
   3.44913862e+02  -1.56332171e-04
   3.44914351e+02   1.68526403e-05
   3.44914839e+02   1.50647378e-04
   3.44915327e+02  -1.49295010e-04
   3.44915815e+02  -1.51833301e-04
   3.44916304e+02  -1.73120570e-04
   3.44916792e+02  -3.07963666e-04
   3.44917280e+02  -2.64903472e-04
   3.44917769e+02  -3.52722447e-04
   3.44918257e+02  -6.22180174e-04
   3.44918745e+02  -5.39502653e-04
   3.44919234e+02  -3.19369079e-04
   3.44919722e+02  -5.89675154e-04
   3.44920210e+02  -6.76087104e-04
   3.44920699e+02  -4.83589247e-05
   3.44921187e+02   5.30027144e-04
   3.44921675e+02   4.15271061e-04
   3.44922163e+02   8.90574447e-05
   3.44922652e+02  -1.64058554e-04
   3.44923140e+02   1.95497487e-05
   3.44923628e+02   5.34184743e-04
   3.44924117e+02   4.20028897e-04
   3.44924605e+02  -3.81723134e-04
   3.44925093e+02  -6.51994138e-04
   3.44925582e+02  -3.07974813e-04
   3.44926070e+02  -3.70431284e-04
   3.44926558e+02  -4.62196971e-04
   3.44927047e+02  -1.10868183e-04
   3.44927535e+02   4.00260033e-04
   3.44928023e+02   4.10358363e-04
   3.44928512e+02  -4.82979485e-05
   3.44929000e+02  -7.20595490e-05
   3.44929488e+02   3.33275908e-04
   3.44929976e+02   4.55850502e-04
   3.44930465e+02  -6.60959267e-05
   3.44930953e+02  -4.81779076e-04
   3.44931441e+02  -2.46102019e-04
   3.44931930e+02  -2.60870656e-05
   3.44932418e+02  -1.68452243e-05
   3.44932906e+02   1.43722340e-04
   3.44933395e+02   3.32622236e-04
   3.44933883e+02   8.85962436e-05
   3.44934371e+02  -3.35739518e-04
   3.44934860e+02  -3.47168127e-04
   3.44935348e+02  -2.16449713e-04
   3.44935836e+02   3.29670002e-05
   3.44936324e+02   3.97804368e-04
   3.44936813e+02   3.04591813e-04
   3.44937301e+02  -5.64729125e-05
   3.44937789e+02  -2.57059728e-04
   3.44938278e+02  -3.02124419e-04
   3.44938766e+02   8.19080742e-05
   3.44939254e+02   4.97246976e-04
   3.44939743e+02   2.96891783e-04
   3.44940231e+02  -1.19921169e-04
   3.44940719e+02  -2.97077087e-04
   3.44941208e+02  -3.31762771e-04
   3.44941696e+02  -4.36663220e-04
   3.44942184e+02  -4.08306718e-04
   3.44942672e+02  -1.18825970e-04
   3.44943161e+02   1.75002162e-04
   3.44943649e+02   1.36617207e-04
   3.44944137e+02  -1.88336126e-04
   3.44944626e+02  -2.46240030e-04
   3.44945114e+02   6.33936725e-05
   3.44945602e+02   4.39854630e-05
   3.44946091e+02  -3.32813157e-04
   3.44946579e+02  -3.92121961e-04
   3.44947067e+02   5.08665216e-05
   3.44947556e+02   5.21901646e-04
   3.44948044e+02   6.23143569e-04
   3.44948532e+02   6.55560405e-04
   3.44949020e+02   5.36271837e-04
   3.44949509e+02   1.91797692e-04
   3.44949997e+02   1.04894760e-04
   3.44950485e+02   2.35838175e-04
   3.44950974e+02   2.45122617e-04
   3.44951462e+02   2.76104489e-04
   3.44951950e+02   3.58465652e-04
   3.44952439e+02   4.37770883e-04
   3.44952927e+02   2.81030108e-04
   3.44953415e+02  -3.31250121e-05
   3.44953904e+02  -1.60478972e-04
   3.44954392e+02   3.81221689e-05
   3.44954880e+02   1.87647471e-04
   3.44955368e+02  -3.02828412e-05
   3.44955857e+02  -3.42452637e-04
   3.44956345e+02   4.05549799e-05
   3.44956833e+02   4.34774207e-04
   3.44957322e+02   1.81924988e-04
   3.44957810e+02   9.57709999e-05
   3.44958298e+02  -2.37151398e-04
   3.44958787e+02  -7.13898567e-04
   3.44959275e+02  -5.52230049e-04
   3.44959763e+02  -1.63679419e-04
   3.44960252e+02   8.57775958e-05
   3.44960740e+02   1.52748427e-04
   3.44961228e+02   1.70911706e-04
   3.44961716e+02   2.98634142e-04
   3.44962205e+02   1.80748029e-04
   3.44962693e+02   1.53036090e-04
   3.44963181e+02   5.78986655e-04
   3.44963670e+02   6.76502765e-04
   3.44964158e+02   1.81573239e-04
   3.44964646e+02  -1.62910772e-04
   3.44965135e+02  -3.55688389e-05
   3.44965623e+02   2.88659387e-04
   3.44966111e+02   3.15766170e-04
   3.44966600e+02   5.67257921e-05
   3.44967088e+02  -1.11491805e-04
   3.44967576e+02  -1.30787739e-04
   3.44968065e+02   7.76091838e-05
   3.44968553e+02   1.38919961e-04
   3.44969041e+02  -2.10628525e-04
   3.44969529e+02  -4.71787265e-04
   3.44970018e+02  -4.16194001e-04
   3.44970506e+02  -1.69873907e-04
   3.44970994e+02   2.28304532e-04
   3.44971483e+02   5.47526230e-04
   3.44971971e+02   2.65821745e-05
   3.44972459e+02  -8.91503936e-04
   3.44972948e+02  -7.31068081e-04
   3.44973436e+02   2.22253511e-04
   3.44973924e+02   5.85230591e-04
   3.44974413e+02   4.14757436e-04
   3.44974901e+02   4.35908005e-04
   3.44975389e+02   3.13552766e-04
   3.44975877e+02  -1.81887153e-04
   3.44976366e+02  -5.72043762e-04
   3.44976854e+02  -3.55917815e-04
   3.44977342e+02  -5.36228254e-05
   3.44977831e+02   1.23418038e-04
   3.44978319e+02   3.25323024e-04
   3.44978807e+02   2.05298769e-04
   3.44979296e+02  -7.84600634e-05
   3.44979784e+02  -3.54642631e-04
   3.44980272e+02  -6.33945805e-04
   3.44980761e+02  -1.08252000e-03
   3.44981249e+02  -1.21081201e-03
   3.44981737e+02  -7.65823352e-04
   3.44982225e+02  -5.16679895e-04
   3.44982714e+02  -4.35219728e-04
   3.44983202e+02  -4.24889266e-04
   3.44983690e+02  -5.98782208e-04
   3.44984179e+02  -2.70271150e-04
   3.44984667e+02   1.22114434e-04
   3.44985155e+02  -7.49080937e-05
   3.44985644e+02  -9.10324670e-05
   3.44986132e+02   5.61452063e-04
   3.44986620e+02   9.39058606e-04
   3.44987109e+02   6.78646960e-04
   3.44987597e+02   5.62857094e-05
   3.44988085e+02  -2.32398204e-04
   3.44988573e+02   1.88348349e-05
   3.44989062e+02   7.20210373e-05
   3.44989550e+02  -1.29443069e-04
   3.44990038e+02   2.28663848e-05
   3.44990527e+02   4.38282004e-05
   3.44991015e+02  -1.04761006e-04
   3.44991503e+02  -7.47432205e-06
   3.44991992e+02   7.63063217e-05
   3.44992480e+02   7.37147493e-05
   3.44992968e+02   2.34427862e-04
   3.44993457e+02   3.84145620e-04
   3.44993945e+02   3.69913352e-04
   3.44994433e+02   5.26190910e-04
   3.44994921e+02   5.83070738e-04
   3.44995410e+02  -3.20160703e-04
   3.44995898e+02  -1.22850528e-03
   3.44996386e+02  -1.09395955e-03
   3.44996875e+02  -5.97297214e-04
   3.44997363e+02  -4.23860678e-04
   3.44997851e+02  -2.50189885e-04
   3.44998340e+02   1.07755353e-04
   3.44998828e+02   2.24606832e-04
   3.44999316e+02   2.20120477e-04
   3.44999805e+02  -1.75296402e-04
   3.45000293e+02  -5.21004025e-04
   3.45000781e+02  -2.20493836e-04
   3.45001269e+02  -3.26486661e-05
   3.45001758e+02   1.24002627e-05
   3.45002246e+02  -5.12692059e-05
   3.45002734e+02  -3.37012432e-04
   3.45003223e+02  -5.47256823e-05
   3.45003711e+02   3.11055890e-04
   3.45004199e+02  -9.83065765e-05
   3.45004688e+02  -1.99855611e-04
   3.45005176e+02  -3.02063690e-05
   3.45005664e+02   5.05053504e-05
   3.45006153e+02  -1.54705907e-04
   3.45006641e+02  -6.16875535e-04
   3.45007129e+02  -6.03136199e-04
   3.45007618e+02  -3.64799693e-04
   3.45008106e+02  -4.34336485e-04
   3.45008594e+02  -2.52661761e-04
   3.45009082e+02   7.15921124e-05
   3.45009571e+02   2.49066390e-04
   3.45010059e+02  -4.71316853e-05
   3.45010547e+02  -7.60524883e-04
   3.45011036e+02  -8.36337742e-04
   3.45011524e+02  -4.28473664e-04
   3.45012012e+02  -2.17999710e-04
   3.45012501e+02   1.27257605e-04
   3.45012989e+02   4.27987194e-04
   3.45013477e+02   3.57324694e-04
   3.45013966e+02  -9.42224433e-05
   3.45014454e+02  -3.69888818e-04
   3.45014942e+02  -1.56334616e-04
   3.45015430e+02   2.44158611e-04
   3.45015919e+02   4.82926233e-04
   3.45016407e+02   4.25469858e-04
   3.45016895e+02   4.37159935e-04
   3.45017384e+02   4.52561100e-04
   3.45017872e+02   9.20388848e-05
   3.45018360e+02  -2.45116040e-04
   3.45018849e+02  -2.49665754e-04
   3.45019337e+02   8.68749339e-05
   3.45019825e+02  -2.53667058e-05
   3.45020314e+02  -7.60000024e-04
   3.45020802e+02  -8.24951800e-04
   3.45021290e+02  -1.36191142e-04
   3.45021778e+02   3.08665971e-04
   3.45022267e+02   4.89438418e-04
   3.45022755e+02   3.26975889e-04
   3.45023243e+02  -3.78406585e-05
   3.45023732e+02  -1.97092537e-04
   3.45024220e+02  -2.71846802e-04
   3.45024708e+02  -1.51381493e-04
   3.45025197e+02   7.88390898e-05
   3.45025685e+02   2.13193180e-05
   3.45026173e+02  -2.80324457e-04
   3.45026662e+02  -2.80664332e-04
   3.45027150e+02   6.70817244e-05
   3.45027638e+02   1.56595604e-04
   3.45028126e+02  -1.12328220e-04
   3.45028615e+02  -2.58223998e-04
   3.45029103e+02  -3.57202895e-04
   3.45029591e+02  -6.61088037e-04
   3.45030080e+02  -8.59737338e-04
   3.45030568e+02  -4.67692007e-04
   3.45031056e+02   1.64084791e-04
   3.45031545e+02   1.92415988e-04
   3.45032033e+02  -1.47754443e-04
   3.45032521e+02  -2.47725548e-04
   3.45033010e+02  -1.86951424e-04
   3.45033498e+02  -4.44219040e-04
   3.45033986e+02  -6.53550378e-04
   3.45034474e+02  -5.51744364e-04
   3.45034963e+02  -7.04660662e-04
   3.45035451e+02  -3.71727248e-04
   3.45035939e+02   1.88677688e-04
   3.45036428e+02   1.32452740e-04
   3.45036916e+02  -1.04885316e-04
   3.45037404e+02  -2.35397325e-04
   3.45037893e+02  -9.95098799e-06
   3.45038381e+02   5.60446584e-04
   3.45038869e+02   3.55866418e-04
   3.45039358e+02  -3.49420327e-04
   3.45039846e+02  -4.80861694e-04
   3.45040334e+02  -2.92401353e-04
   3.45040822e+02  -1.61886710e-04
   3.45041311e+02  -8.59534121e-05
   3.45041799e+02   1.10214833e-05
   3.45042287e+02   5.45576841e-05
   3.45042776e+02  -7.22818868e-06
   3.45043264e+02  -2.51035264e-04
   3.45043752e+02  -3.30304290e-04
   3.45044241e+02   1.64220066e-04
   3.45044729e+02   2.78909894e-04
   3.45045217e+02  -7.66319354e-05
   3.45045706e+02  -7.17321454e-05
   3.45046194e+02   2.21552127e-05
   3.45046682e+02  -5.79418156e-05
   3.45047171e+02  -6.90717716e-05
   3.45047659e+02   1.94501656e-04
   3.45048147e+02   2.18429283e-04
   3.45048635e+02  -1.03736566e-04
   3.45049124e+02  -5.75308550e-05
   3.45049612e+02   1.14322786e-04
   3.45050100e+02   1.73779006e-06
   3.45050589e+02   4.08311571e-05
   3.45051077e+02   2.45256844e-04
   3.45051565e+02   2.32121907e-04
   3.45052054e+02   3.54954303e-04
   3.45052542e+02   5.05410775e-04
   3.45053030e+02   4.43583005e-04
   3.45053519e+02   3.05747439e-04
   3.45054007e+02  -3.67230787e-05
   3.45054495e+02  -3.62041406e-04
   3.45054983e+02  -1.47170416e-04
   3.45055472e+02   1.77503287e-04
   3.45055960e+02   1.14903080e-04
   3.45056448e+02  -5.33282764e-05
   3.45056937e+02   1.16705916e-04
   3.45057425e+02   3.70783469e-04
   3.45057913e+02   6.11029158e-04
   3.45058402e+02   7.08537933e-04
   3.45058890e+02   3.56065226e-04
   3.45059378e+02  -4.12763875e-05
   3.45059867e+02  -2.93245423e-04
   3.45060355e+02  -4.60719224e-04
   3.45060843e+02  -5.54702594e-04
   3.45061331e+02  -1.91233761e-04
   3.45061820e+02   3.93438851e-04
   3.45062308e+02   5.33481652e-04
   3.45062796e+02   2.82203342e-04
   3.45063285e+02   1.14534407e-04
   3.45063773e+02  -2.69534871e-06
   3.45064261e+02   8.06731114e-05
   3.45064750e+02  -2.25108117e-04
   3.45065238e+02  -4.52038686e-04
   3.45065726e+02  -2.21802373e-04
   3.45066215e+02  -1.40657590e-04
   3.45066703e+02  -7.81061535e-05
   3.45067191e+02   1.15419653e-06
   3.45067679e+02   1.00933576e-04
   3.45068168e+02   6.86128624e-05
   3.45068656e+02  -1.57452814e-04
   3.45069144e+02  -2.49715551e-04
   3.45069633e+02  -4.64564160e-04
   3.45070121e+02  -4.27841383e-04
   3.45070609e+02  -2.11525753e-06
   3.45071098e+02   4.00492318e-05
   3.45071586e+02   1.65358186e-04
   3.45072074e+02   5.13739127e-04
   3.45072563e+02   4.93832282e-04
   3.45073051e+02   4.86663543e-04
   3.45073539e+02   4.16636787e-04
   3.45074027e+02   2.16921093e-04
   3.45074516e+02  -2.31791550e-04
   3.45075004e+02  -5.73114608e-04
   3.45075492e+02  -2.20985548e-05
   3.45075981e+02   5.09595382e-04
   3.45076469e+02   3.26069858e-05
   3.45076957e+02   3.07509981e-05
   3.45077446e+02   3.12258635e-04
   3.45077934e+02   2.43978298e-04
   3.45078422e+02   3.33229167e-04
   3.45078911e+02   4.44003177e-04
   3.45079399e+02   3.58128746e-04
   3.45079887e+02   1.02312959e-04
   3.45080375e+02   2.00215756e-04
   3.45080864e+02   4.55145841e-04
   3.45081352e+02   1.43655037e-04
   3.45081840e+02  -1.57361857e-08
   3.45082329e+02   1.75268273e-04
   3.45082817e+02   1.22840545e-04
   3.45083305e+02   2.94879515e-04
   3.45083794e+02   5.16805856e-04
   3.45084282e+02   5.02971641e-04
   3.45084770e+02   4.83370764e-04
   3.45085259e+02   2.00333976e-04
   3.45085747e+02   1.49271946e-04
   3.45086235e+02   5.17818902e-04
   3.45086724e+02   4.90229286e-04
   3.45087212e+02   3.36872705e-04
   3.45087700e+02   4.57214686e-04
   3.45088188e+02   5.04976953e-04
   3.45088677e+02   4.96709778e-04
   3.45089165e+02   3.37228616e-04
   3.45089653e+02  -1.11546731e-04
   3.45090142e+02  -1.96272027e-04
   3.45090630e+02   1.06872089e-04
   3.45091118e+02   9.10845411e-05
   3.45091607e+02   5.48340213e-05
   3.45092095e+02   4.04641265e-04
   3.45092583e+02   5.49405231e-04
   3.45093072e+02   6.77177595e-05
   3.45093560e+02  -4.82995267e-04
   3.45094048e+02  -5.42203197e-04
   3.45094536e+02  -3.66697022e-05
   3.45095025e+02   1.02838923e-04
   3.45095513e+02  -2.09823731e-04
   3.45096001e+02  -2.29139201e-04
   3.45096490e+02   3.69073132e-05
   3.45096978e+02   7.04320046e-05
   3.45097466e+02  -1.16241063e-04
   3.45097955e+02  -1.73986904e-04
   3.45098443e+02  -3.58724734e-04
   3.45098931e+02  -7.68391415e-04
   3.45099420e+02  -5.89523464e-04
   3.45099908e+02   6.11702344e-05
   3.45100396e+02   5.72411402e-04
   3.45100884e+02   4.91788320e-04
   3.45101373e+02   4.13333073e-05
   3.45101861e+02  -1.64539306e-04
   3.45102349e+02  -1.67048231e-04
   3.45102838e+02   2.28416702e-05
   3.45103326e+02   2.07689518e-04
   3.45103814e+02   1.62395940e-04
   3.45104303e+02  -1.72191649e-05
   3.45104791e+02  -8.20576170e-05
   3.45105279e+02   2.56579689e-04
   3.45105768e+02   5.15896361e-04
   3.45106256e+02   2.55376304e-04
   3.45106744e+02  -5.76040184e-05
   3.45107232e+02   1.80180941e-04
   3.45107721e+02   5.40841429e-04
   3.45108209e+02   4.65897931e-04
   3.45108697e+02   3.00395652e-04
   3.45109186e+02   1.65751015e-04
   3.45109674e+02   1.08942011e-04
   3.45110162e+02   3.41436185e-04
   3.45110651e+02   5.04500291e-04
   3.45111139e+02   5.34034858e-04
   3.45111627e+02   6.78290264e-04
   3.45112116e+02   7.99041009e-04
   3.45112604e+02   4.99013579e-04
   3.45113092e+02  -7.41944314e-05
   3.45113580e+02   4.25576654e-05
   3.45114069e+02   3.87535925e-04
   3.45114557e+02   3.83404229e-04
   3.45115045e+02   3.02894769e-04
   3.45115534e+02   2.30322141e-04
   3.45116022e+02   1.35949376e-04
   3.45116510e+02   2.78132138e-05
   3.45116999e+02  -2.23614523e-04
   3.45117487e+02  -1.98322363e-04
   3.45117975e+02  -3.43880529e-04
   3.45118464e+02  -2.98982632e-04
   3.45118952e+02   8.20366840e-05
   3.45119440e+02   1.21711812e-04
   3.45119928e+02   2.09957419e-04
   3.45120417e+02   3.83190782e-04
   3.45120905e+02   2.77132203e-04
   3.45121393e+02   9.46516593e-05
   3.45121882e+02   4.01148078e-04
   3.45122370e+02   6.00352883e-04
   3.45122858e+02   1.43466576e-04
   3.45123347e+02   6.80636076e-05
   3.45123835e+02   3.66433698e-04
   3.45124323e+02   1.38997063e-06
   3.45124812e+02  -5.00058406e-04
   3.45125300e+02  -3.27906251e-04
   3.45125788e+02   1.06002022e-04
   3.45126277e+02   1.13414339e-04
   3.45126765e+02   3.45637847e-04
   3.45127253e+02   8.19076260e-04
   3.45127741e+02   7.29723892e-04
   3.45128230e+02   5.34158782e-04
   3.45128718e+02   2.24016563e-04
   3.45129206e+02  -2.62113695e-04
   3.45129695e+02   4.65195808e-05
   3.45130183e+02   6.98464923e-04
   3.45130671e+02   2.26144271e-04
   3.45131160e+02  -6.24300214e-04
   3.45131648e+02  -5.47601143e-04
   3.45132136e+02  -5.67394382e-05
   3.45132625e+02  -2.50753714e-04
   3.45133113e+02  -5.98569401e-04
   3.45133601e+02  -4.79555514e-04
   3.45134089e+02  -3.16281483e-04
   3.45134578e+02  -4.94178930e-05
   3.45135066e+02   3.62772756e-04
   3.45135554e+02   3.34701297e-04
   3.45136043e+02  -9.41338512e-05
   3.45136531e+02  -3.20363120e-04
   3.45137019e+02  -2.79389351e-04
   3.45137508e+02  -3.75804666e-04
   3.45137996e+02  -3.21260683e-04
   3.45138484e+02  -2.19681460e-04
   3.45138973e+02  -2.92201032e-04
   3.45139461e+02  -1.24483442e-04
   3.45139949e+02  -2.49562963e-05
   3.45140437e+02  -1.29112479e-04
   3.45140926e+02   2.87143553e-06
   3.45141414e+02   1.39778727e-04
   3.45141902e+02   9.35886565e-05
   3.45142391e+02   3.60003105e-05
   3.45142879e+02  -1.44998587e-04
   3.45143367e+02  -1.54819325e-04
   3.45143856e+02  -1.70822561e-04
   3.45144344e+02  -3.51117662e-04
   3.45144832e+02  -2.30328471e-04
   3.45145321e+02  -9.49974346e-05
   3.45145809e+02  -2.27972516e-04
   3.45146297e+02  -3.32702795e-04
   3.45146785e+02  -2.68403528e-04
   3.45147274e+02  -9.05556808e-05
   3.45147762e+02   1.05288338e-04
   3.45148250e+02   5.70039665e-05
   3.45148739e+02  -1.50556370e-04
   3.45149227e+02   8.53605306e-05
   3.45149715e+02   4.19107528e-04
   3.45150204e+02   3.16132879e-04
   3.45150692e+02   2.54279556e-04
   3.45151180e+02   2.52537691e-04
   3.45151669e+02  -1.73818611e-04
   3.45152157e+02  -3.71347502e-04
   3.45152645e+02   2.60015895e-05
   3.45153133e+02   1.20982811e-04
   3.45153622e+02  -1.52928478e-04
   3.45154110e+02  -6.11255469e-04
   3.45154598e+02  -5.28609788e-04
   3.45155087e+02   5.28800068e-04
   3.45155575e+02   1.07531156e-03
   3.45156063e+02   6.59868936e-04
   3.45156552e+02   2.92563083e-04
   3.45157040e+02  -2.19384510e-05
   3.45157528e+02  -1.34818867e-04
   3.45158017e+02   4.52469940e-05
   3.45158505e+02  -1.37077859e-05
   3.45158993e+02  -6.28174384e-05
   3.45159481e+02   8.28598349e-05
   3.45159970e+02   1.37674491e-04
   3.45160458e+02   1.55038273e-04
   3.45160946e+02   1.45277183e-04
   3.45161435e+02  -5.38158965e-05
   3.45161923e+02  -1.43119090e-04
   3.45162411e+02  -2.13249914e-05
   3.45162900e+02   1.66678888e-04
   3.45163388e+02   4.47865634e-04
   3.45163876e+02   4.13938746e-04
   3.45164365e+02   4.03476843e-05
   3.45164853e+02  -8.21836693e-06
   3.45165341e+02   3.47244990e-04
   3.45165830e+02   5.35827363e-04
   3.45166318e+02   5.85129659e-04
   3.45166806e+02   3.51730152e-04
   3.45167294e+02  -1.10798937e-04
   3.45167783e+02  -6.38128768e-05
   3.45168271e+02   3.31693067e-04
   3.45168759e+02   4.11569112e-04
   3.45169248e+02   2.22400384e-04
   3.45169736e+02   9.37280638e-05
   3.45170224e+02  -8.37847256e-05
   3.45170713e+02   1.93993066e-04
   3.45171201e+02   8.70237709e-04
   3.45171689e+02   5.33081300e-04
   3.45172178e+02  -2.45149655e-04
   3.45172666e+02  -3.04029643e-04
   3.45173154e+02  -1.61195465e-04
   3.45173642e+02   5.81104287e-05
   3.45174131e+02   6.77533317e-05
   3.45174619e+02  -3.84495594e-04
   3.45175107e+02  -5.70653996e-04
   3.45175596e+02  -1.72453598e-04
   3.45176084e+02   2.80266919e-04
   3.45176572e+02   1.64331985e-04
   3.45177061e+02  -6.78190190e-05
   3.45177549e+02  -5.89907395e-05
   3.45178037e+02   1.39171010e-04
   3.45178526e+02   3.14689212e-04
   3.45179014e+02   2.51192483e-04
   3.45179502e+02   1.57956922e-04
   3.45179990e+02  -8.79559302e-05
   3.45180479e+02   1.07764434e-04
   3.45180967e+02   2.42859678e-04
   3.45181455e+02   8.53183665e-05
   3.45181944e+02   9.28824811e-05
   3.45182432e+02  -1.54150694e-04
   3.45182920e+02  -4.97590576e-04
   3.45183409e+02  -1.79970142e-04
   3.45183897e+02   3.39275197e-04
   3.45184385e+02   3.69030255e-04
   3.45184874e+02   1.34074699e-05
   3.45185362e+02  -2.00963754e-04
   3.45185850e+02  -5.38642635e-04
   3.45186338e+02  -1.31256529e-03
   3.45186827e+02  -1.03982911e-03
   3.45187315e+02   2.87286181e-04
   3.45187803e+02   6.44325512e-04
   3.45188292e+02   2.34977299e-04
   3.45188780e+02   3.28828581e-04
   3.45189268e+02  -1.02913436e-05
   3.45189757e+02  -5.84668014e-04
   3.45190245e+02   5.69526965e-05
   3.45190733e+02   4.89461760e-04
   3.45191222e+02   2.71299126e-04
   3.45191710e+02   4.87984915e-04
   3.45192198e+02   3.61989689e-04
   3.45192686e+02  -2.17237684e-04
   3.45193175e+02  -6.06570684e-04
   3.45193663e+02  -6.42429222e-04
   3.45194151e+02  -2.42099068e-05
   3.45194640e+02   5.08099445e-04
   3.45195128e+02   4.39063617e-04
   3.45195616e+02   3.42042855e-04
   3.45196105e+02   3.99229612e-04
   3.45196593e+02   4.44038364e-04
   3.45197081e+02   3.47106979e-04
   3.45197570e+02  -6.49017093e-05
   3.45198058e+02  -1.35191454e-04
   3.45198546e+02   2.58716376e-04
   3.45199034e+02   3.19174025e-04
   3.45199523e+02   2.23293391e-04
   3.45200011e+02   3.43467458e-04
   3.45200499e+02   1.01753751e-04
   3.45200988e+02  -3.19963816e-04
   3.45201476e+02  -9.50458343e-05
   3.45201964e+02  -1.09780471e-04
   3.45202453e+02  -2.66700517e-04
   3.45202941e+02   2.10105340e-04
   3.45203429e+02   1.45337734e-04
   3.45203918e+02  -3.63336934e-04
   3.45204406e+02  -1.78281422e-04
   3.45204894e+02   1.23336082e-04
   3.45205383e+02   3.53856303e-04
   3.45205871e+02   6.99491997e-04
   3.45206359e+02   5.29085810e-04
   3.45206847e+02   2.42246424e-05
   3.45207336e+02  -7.99499176e-05
   3.45207824e+02  -3.33136959e-05
   3.45208312e+02  -9.64295104e-05
   3.45208801e+02  -2.27073488e-05
   3.45209289e+02  -2.60617613e-04
   3.45209777e+02  -3.33203032e-04
   3.45210266e+02   1.12899324e-04
   3.45210754e+02   3.29076662e-04
   3.45211242e+02   1.07272550e-04
   3.45211731e+02  -1.35290917e-04
   3.45212219e+02   3.20845152e-06
   3.45212707e+02   1.81882890e-04
   3.45213195e+02   2.24475909e-04
   3.45213684e+02   1.90289633e-04
   3.45214172e+02   8.41724323e-05
   3.45214660e+02   1.10262532e-04
   3.45215149e+02   4.09287313e-04
   3.45215637e+02   2.77186569e-04
   3.45216125e+02  -2.80783512e-04
   3.45216614e+02  -3.95056384e-04
   3.45217102e+02  -2.82979920e-04
   3.45217590e+02  -5.18679793e-04
   3.45218079e+02  -3.86355590e-04
   3.45218567e+02   3.80746729e-04
   3.45219055e+02   4.81022813e-04
   3.45219543e+02   1.82875927e-04
   3.45220032e+02   4.10527631e-04
   3.45220520e+02   5.09311445e-04
   3.45221008e+02  -6.72270980e-05
   3.45221497e+02  -1.82758464e-04
   3.45221985e+02   3.37677135e-04
   3.45222473e+02   4.30119195e-04
   3.45222962e+02   4.21388773e-04
   3.45223450e+02   5.81903267e-04
   3.45223938e+02   6.96854491e-04
   3.45224427e+02   5.07435063e-04
   3.45224915e+02   4.15290648e-04
   3.45225403e+02   4.82593779e-04
   3.45225891e+02   1.18642878e-04
   3.45226380e+02  -1.85658195e-04
   3.45226868e+02  -2.94696201e-05
   3.45227356e+02   2.44183611e-04
   3.45227845e+02   3.19972722e-04
   3.45228333e+02   3.02058703e-04
   3.45228821e+02   1.72369851e-04
   3.45229310e+02   1.72985150e-04
   3.45229798e+02   1.43113313e-04
   3.45230286e+02  -2.70331569e-04
   3.45230775e+02  -2.90413707e-04
   3.45231263e+02   3.63114232e-04
   3.45231751e+02   7.72435043e-04
   3.45232239e+02   5.43264672e-04
   3.45232728e+02   1.87187397e-04
   3.45233216e+02  -1.75593246e-04
   3.45233704e+02  -2.75571045e-04
   3.45234193e+02   4.58603026e-04
   3.45234681e+02   9.24337248e-04
   3.45235169e+02   6.94505230e-04
   3.45235658e+02   3.79572040e-04
   3.45236146e+02   1.39237498e-04
   3.45236634e+02   1.58311799e-04
   3.45237123e+02   2.02210300e-04
   3.45237611e+02  -5.94931626e-05
   3.45238099e+02  -2.03424337e-04
   3.45238587e+02  -4.15588933e-04
   3.45239076e+02  -5.03263494e-04
   3.45239564e+02  -2.49403121e-04
   3.45240052e+02  -5.25834475e-05
   3.45240541e+02   1.32881178e-04
   3.45241029e+02   3.47194931e-04
   3.45241517e+02   8.19470588e-05
   3.45242006e+02  -2.66348768e-04
   3.45242494e+02  -3.54471849e-04
   3.45242982e+02  -2.54566927e-04
   3.45243471e+02   1.18270240e-04
   3.45243959e+02   3.45256267e-04
   3.45244447e+02   7.97391040e-05
   3.45244936e+02  -5.50239965e-05
   3.45245424e+02   1.87071317e-04
   3.45245912e+02   3.96633637e-04
   3.45246400e+02   8.89417643e-05
   3.45246889e+02  -2.60720670e-04
   3.45247377e+02  -2.75002185e-05
   3.45247865e+02   6.79352233e-05
   3.45248354e+02   1.92779306e-04
   3.45248842e+02   9.91878565e-04
   3.45249330e+02   1.04344846e-03
   3.45249819e+02   2.37712971e-04
   3.45250307e+02  -3.32606985e-04
   3.45250795e+02  -4.82518022e-04
   3.45251284e+02  -5.46313939e-04
   3.45251772e+02  -6.23345666e-04
   3.45252260e+02  -2.19692723e-04
   3.45252748e+02   1.31799054e-04
   3.45253237e+02  -1.11675894e-04
   3.45253725e+02  -3.93036142e-04
   3.45254213e+02  -5.51947742e-04
   3.45254702e+02  -6.01706735e-04
   3.45255190e+02  -3.45786597e-04
   3.45255678e+02   1.45168102e-04
   3.45256167e+02   5.27979224e-04
   3.45256655e+02   4.79848124e-04
   3.45257143e+02   1.33769863e-04
   3.45257632e+02  -6.80086741e-05
   3.45258120e+02  -1.55035115e-04
   3.45258608e+02  -2.03191914e-04
   3.45259096e+02  -4.39689786e-04
   3.45259585e+02  -5.38110326e-04
   3.45260073e+02  -3.63618834e-04
   3.45260561e+02  -1.39005875e-04
   3.45261050e+02   4.35601251e-04
   3.45261538e+02   6.05341222e-04
   3.45262026e+02   1.59464238e-04
   3.45262515e+02  -2.83813715e-04
   3.45263003e+02  -6.89650653e-04
   3.45263491e+02  -4.45664307e-04
   3.45263980e+02   1.25369828e-04
   3.45264468e+02   1.46787206e-04
   3.45264956e+02  -3.69557471e-04
   3.45265444e+02  -4.77160414e-04
   3.45265933e+02  -9.22262625e-05
   3.45266421e+02   5.52264573e-05
   3.45266909e+02   8.46195835e-05
   3.45267398e+02   4.36228729e-05
   3.45267886e+02   9.66403386e-05
   3.45268374e+02   2.59029301e-04
   3.45268863e+02   6.37904013e-05
   3.45269351e+02  -2.79844735e-05
   3.45269839e+02   1.84650387e-04
   3.45270328e+02   3.71565002e-05
   3.45270816e+02  -4.07621817e-04
   3.45271304e+02  -2.74116843e-04
   3.45271792e+02   5.11279868e-05
   3.45272281e+02  -4.42570687e-04
   3.45272769e+02  -5.46679774e-04
   3.45273257e+02   1.95738350e-04
   3.45273746e+02   2.93330842e-04
   3.45274234e+02  -1.17898533e-04
   3.45274722e+02  -1.29320091e-04
   3.45275211e+02   2.61570331e-05
   3.45275699e+02   3.83085018e-04
   3.45276187e+02   9.29342641e-04
   3.45276676e+02   9.94125847e-04
   3.45277164e+02   4.55504458e-04
   3.45277652e+02   7.24029669e-05
   3.45278140e+02  -5.80565393e-06
   3.45278629e+02  -3.38072481e-04
   3.45279117e+02  -3.03185137e-04
   3.45279605e+02   3.16451013e-04
   3.45280094e+02   6.03632361e-04
   3.45280582e+02   3.74224241e-04
   3.45281070e+02  -1.82615258e-05
   3.45281559e+02  -1.61105665e-04
   3.45282047e+02   2.23203373e-04
   3.45282535e+02   3.22890584e-04
   3.45283024e+02   1.29091801e-04
   3.45283512e+02   2.22262024e-04
   3.45284000e+02   4.40012343e-04
   3.45284489e+02   3.30526120e-04
   3.45284977e+02   2.35042113e-04
   3.45285465e+02   2.68248055e-04
   3.45285953e+02  -1.53661735e-04
   3.45286442e+02  -6.74862065e-04
   3.45286930e+02  -8.67666735e-04
   3.45287418e+02  -7.64921133e-04
   3.45287907e+02  -1.42700901e-05
   3.45288395e+02   4.52165288e-04
   3.45288883e+02   8.44745882e-05
   3.45289372e+02   8.04220963e-06
   3.45289860e+02   1.11297573e-04
   3.45290348e+02   1.41429127e-05
   3.45290837e+02  -2.42722672e-04
   3.45291325e+02  -3.62620398e-04
   3.45291813e+02  -1.47063634e-04
   3.45292301e+02  -2.87710759e-06
   3.45292790e+02  -3.95093230e-05
   3.45293278e+02  -8.94717305e-05
   3.45293766e+02   6.23951855e-05
   3.45294255e+02   2.71628960e-04
   3.45294743e+02   1.86113073e-04
   3.45295231e+02   3.68935755e-04
   3.45295720e+02   5.40224195e-04
   3.45296208e+02  -1.28280531e-04
   3.45296696e+02  -5.83572546e-04
   3.45297185e+02  -3.12298856e-04
   3.45297673e+02   1.23352831e-04
   3.45298161e+02   3.05420603e-04
   3.45298649e+02   9.19898084e-05
   3.45299138e+02  -1.62831508e-04
   3.45299626e+02  -3.83432052e-05
   3.45300114e+02   8.14691302e-05
   3.45300603e+02   8.72860401e-05
   3.45301091e+02  -1.39556403e-04
   3.45301579e+02  -2.22108196e-04
   3.45302068e+02   3.50084942e-04
   3.45302556e+02   4.94053820e-04
   3.45303044e+02   1.12900190e-04
   3.45303533e+02  -9.68210297e-05
   3.45304021e+02  -2.68477888e-04
   3.45304509e+02  -2.76494917e-04
   3.45304997e+02  -7.51587577e-05
   3.45305486e+02   3.48418456e-04
   3.45305974e+02   3.46747314e-04
   3.45306462e+02   4.62642760e-08
   3.45306951e+02  -3.77586621e-05
   3.45307439e+02   1.57664894e-04
   3.45307927e+02   5.91132848e-04
   3.45308416e+02   6.31664181e-04
   3.45308904e+02   1.99175454e-04
   3.45309392e+02   1.75532812e-04
   3.45309881e+02   2.74881779e-04
   3.45310369e+02   1.89020182e-04
   3.45310857e+02   4.05604456e-04
   3.45311345e+02   7.31905282e-04
   3.45311834e+02   6.78502489e-04
   3.45312322e+02   4.41929995e-04
   3.45312810e+02   3.20543128e-04
   3.45313299e+02   3.87829816e-04
   3.45313787e+02   2.79958971e-04
   3.45314275e+02  -1.04149200e-04
   3.45314764e+02  -4.20625584e-05
   3.45315252e+02   3.59788428e-05
   3.45315740e+02   1.76838730e-04
   3.45316229e+02   4.77637397e-04
   3.45316717e+02   6.46422792e-04
   3.45317205e+02   4.96047316e-04
   3.45317693e+02  -9.97170537e-06
   3.45318182e+02  -2.19308946e-04
   3.45318670e+02  -9.93313879e-05
   3.45319158e+02  -2.21553564e-04
   3.45319647e+02  -2.59347755e-04
   3.45320135e+02   4.08967644e-05
   3.45320623e+02   2.46254727e-04
   3.45321112e+02   2.53734412e-04
   3.45321600e+02   6.70657755e-05
   3.45322088e+02  -2.58669461e-04
   3.45322577e+02   1.01558559e-04
   3.45323065e+02   4.39203141e-04
   3.45323553e+02   7.39624229e-05
   3.45324042e+02  -2.89512478e-04
   3.45324530e+02  -3.97569762e-04
   3.45325018e+02  -3.60527629e-05
   3.45325506e+02   4.20675147e-04
   3.45325995e+02   5.56467916e-04
   3.45326483e+02   3.49900714e-04
   3.45326971e+02  -2.20519447e-04
   3.45327460e+02  -8.36959865e-04
   3.45327948e+02  -8.94312398e-04
   3.45328436e+02  -4.52558248e-04
   3.45328925e+02  -1.30674613e-04
   3.45329413e+02  -1.77903450e-04
   3.45329901e+02  -5.11322753e-04
   3.45330390e+02  -3.09776544e-04
   3.45330878e+02   3.29738075e-04
   3.45331366e+02   6.05282432e-04
   3.45331854e+02   2.88006529e-04
   3.45332343e+02   1.26211919e-04
   3.45332831e+02   3.12500633e-04
   3.45333319e+02   2.04474258e-04
   3.45333808e+02   2.48915079e-04
   3.45334296e+02   1.53518398e-04
   3.45334784e+02  -3.45217675e-04
   3.45335273e+02  -3.07649694e-04
   3.45335761e+02   1.31871537e-04
   3.45336249e+02   3.09083640e-04
   3.45336738e+02   1.09925466e-04
   3.45337226e+02  -1.67128892e-04
   3.45337714e+02  -1.23479855e-04
   3.45338202e+02   1.94027365e-04
   3.45338691e+02   1.88536156e-04
   3.45339179e+02  -2.82758527e-04
   3.45339667e+02  -1.82513293e-04
   3.45340156e+02   2.04415788e-04
   3.45340644e+02  -5.39681459e-05
   3.45341132e+02  -2.39849702e-04
   3.45341621e+02  -3.51160881e-04
   3.45342109e+02  -4.06877109e-04
   3.45342597e+02  -1.99648130e-04
   3.45343086e+02  -1.66655765e-04
   3.45343574e+02  -1.10069246e-04
   3.45344062e+02  -9.07585199e-05
   3.45344550e+02  -1.46666818e-04
   3.45345039e+02   1.35318362e-04
   3.45345527e+02   3.04349989e-04
   3.45346015e+02   1.89364713e-04
   3.45346504e+02   1.55647140e-04
   3.45346992e+02   1.05255611e-04
   3.45347480e+02   3.82595725e-04
   3.45347969e+02   5.68519230e-04
   3.45348457e+02   4.45639977e-04
   3.45348945e+02   3.83862760e-04
   3.45349434e+02   1.86802936e-04
   3.45349922e+02   3.89205816e-05
   3.45350410e+02   1.19162600e-04
   3.45350898e+02   1.64201425e-04
   3.45351387e+02  -6.11785435e-05
   3.45351875e+02  -3.12516553e-04
   3.45352363e+02   1.29567241e-04
   3.45352852e+02   7.23226694e-04
   3.45353340e+02   7.44792691e-04
   3.45353828e+02   6.61898230e-04
   3.45354317e+02   4.05514234e-04
   3.45354805e+02   1.83785145e-04
   3.45355293e+02   4.38457093e-04
   3.45355782e+02   7.28949264e-04
   3.45356270e+02   4.38683899e-04
   3.45356758e+02   3.16864287e-04
   3.45357246e+02   5.94095211e-04
   3.45357735e+02   3.66748660e-04
   3.45358223e+02  -2.38381719e-04
   3.45358711e+02  -2.85404185e-05
   3.45359200e+02   1.73462060e-04
   3.45359688e+02   1.32044632e-04
   3.45360176e+02   4.17934847e-04
   3.45360665e+02   3.33090837e-04
   3.45361153e+02   2.46793556e-04
   3.45361641e+02   2.19789392e-04
   3.45362130e+02   5.35631189e-05
   3.45362618e+02   1.83233744e-04
   3.45363106e+02   3.66984081e-04
   3.45363595e+02   4.29934211e-04
   3.45364083e+02   2.48352531e-04
   3.45364571e+02  -2.88703566e-04
   3.45365059e+02  -6.89849490e-04
   3.45365548e+02  -5.70732343e-04
   3.45366036e+02  -4.19039483e-04
   3.45366524e+02  -5.66443603e-04
   3.45367013e+02  -3.98562959e-04
   3.45367501e+02   4.69424995e-05
   3.45367989e+02   3.43678577e-04
   3.45368478e+02   2.44638009e-04
   3.45368966e+02  -3.82849521e-06
   3.45369454e+02   1.59734380e-04
   3.45369943e+02   2.71724159e-04
   3.45370431e+02   1.29557535e-04
   3.45370919e+02   1.16199881e-04
   3.45371407e+02   1.50215390e-04
   3.45371896e+02   1.85393175e-04
   3.45372384e+02   1.67167062e-04
   3.45372872e+02  -2.97393308e-05
   3.45373361e+02  -1.74941990e-04
   3.45373849e+02  -4.54158057e-04
   3.45374337e+02  -6.22396648e-04
   3.45374826e+02  -4.12022491e-04
   3.45375314e+02  -1.08939581e-04
   3.45375802e+02   1.29887530e-05
   3.45376291e+02   2.17955996e-04
   3.45376779e+02   1.77944064e-04
   3.45377267e+02  -1.84225952e-04
   3.45377755e+02  -7.11393834e-04
   3.45378244e+02  -1.07282936e-03
   3.45378732e+02  -4.81999363e-04
   3.45379220e+02   2.71220808e-04
   3.45379709e+02   1.26378116e-04
   3.45380197e+02  -3.58686841e-04
   3.45380685e+02  -5.09865000e-04
   3.45381174e+02  -3.57516430e-04
   3.45381662e+02  -2.99216656e-04
   3.45382150e+02  -4.35485388e-04
   3.45382639e+02  -4.14007460e-04
   3.45383127e+02  -2.93449557e-04
   3.45383615e+02  -1.96907757e-04
   3.45384103e+02   7.65411751e-05
   3.45384592e+02   3.97194788e-04
   3.45385080e+02   5.82903856e-04
   3.45385568e+02   7.57057860e-04
   3.45386057e+02   4.10998415e-04
   3.45386545e+02  -3.37202655e-04
   3.45387033e+02  -1.58061972e-04
   3.45387522e+02   2.11320352e-04
   3.45388010e+02   1.91974195e-05
   3.45388498e+02  -1.72473170e-04
   3.45388987e+02  -5.21037611e-04
   3.45389475e+02  -6.75197400e-04
   3.45389963e+02  -1.00766265e-04
   3.45390451e+02   2.21713912e-04
   3.45390940e+02  -8.16876855e-05
   3.45391428e+02  -4.04803053e-04
   3.45391916e+02  -3.89569730e-04
   3.45392405e+02   1.51123995e-05
   3.45392893e+02   2.81308836e-04
   3.45393381e+02   1.57860093e-04
   3.45393870e+02   3.37035817e-05
   3.45394358e+02  -4.66431375e-05
   3.45394846e+02  -2.81035227e-05
   3.45395335e+02   6.80974608e-06
   3.45395823e+02  -4.43792873e-04
   3.45396311e+02  -8.31075129e-04
   3.45396799e+02  -5.10756159e-04
   3.45397288e+02  -1.72436368e-04
   3.45397776e+02  -1.33149122e-04
   3.45398264e+02   2.28635530e-04
   3.45398753e+02   6.04196335e-04
   3.45399241e+02   3.72672308e-04
   3.45399729e+02  -2.38882392e-04
   3.45400218e+02  -6.91079244e-04
   3.45400706e+02  -6.35423406e-04
   3.45401194e+02  -3.26445646e-04
   3.45401683e+02  -1.16570693e-04
   3.45402171e+02  -1.00250283e-04
   3.45402659e+02   9.62730410e-05
   3.45403147e+02   3.52066563e-04
   3.45403636e+02   2.48341588e-04
   3.45404124e+02   6.60412989e-05
   3.45404612e+02  -1.16115072e-04
   3.45405101e+02  -1.26165396e-04
   3.45405589e+02   1.31659821e-04
   3.45406077e+02   1.63418863e-05
   3.45406566e+02  -4.80670897e-05
   3.45407054e+02   2.79271335e-04
   3.45407542e+02   3.89932218e-04
   3.45408031e+02   3.40398547e-04
   3.45408519e+02   4.40574164e-04
   3.45409007e+02   3.35177872e-04
   3.45409496e+02   1.04848397e-04
   3.45409984e+02   1.89383383e-04
   3.45410472e+02   1.92799547e-04
   3.45410960e+02  -2.32551043e-04
   3.45411449e+02  -4.96715365e-04
   3.45411937e+02  -2.52693164e-04
   3.45412425e+02  -1.12303467e-04
   3.45412914e+02  -4.59365780e-04
   3.45413402e+02  -5.21323585e-04
   3.45413890e+02  -1.64737081e-04
   3.45414379e+02   4.86590443e-06
   3.45414867e+02  -1.41814686e-04
   3.45415355e+02  -3.97386902e-05
   3.45415844e+02   1.82929158e-04
   3.45416332e+02  -4.69613406e-05
   3.45416820e+02  -4.46651306e-04
   3.45417308e+02  -3.43449385e-04
   3.45417797e+02  -8.53396632e-05
   3.45418285e+02  -3.38959973e-04
   3.45418773e+02  -4.42765362e-04
   3.45419262e+02   2.01593448e-05
   3.45419750e+02  -7.09437809e-05
   3.45420238e+02  -4.61766671e-04
   3.45420727e+02  -3.15958692e-04
   3.45421215e+02  -1.11262401e-04
   3.45421703e+02  -1.92783496e-04
   3.45422192e+02  -3.05024121e-04
   3.45422680e+02  -1.73189372e-04
   3.45423168e+02  -2.15586697e-04
   3.45423656e+02  -4.10718087e-04
   3.45424145e+02  -1.42974997e-04
   3.45424633e+02   1.07024527e-04
   3.45425121e+02   3.58371675e-04
   3.45425610e+02   4.08585882e-04
   3.45426098e+02   5.68165997e-05
   3.45426586e+02  -2.64127710e-04
   3.45427075e+02  -3.59553087e-04
   3.45427563e+02  -2.50345416e-04
   3.45428051e+02   2.27651472e-04
   3.45428540e+02   5.59274107e-04
   3.45429028e+02   3.27272253e-04
   3.45429516e+02  -2.45541829e-04
   3.45430004e+02  -4.19464399e-04
   3.45430493e+02  -2.03283809e-04
   3.45430981e+02  -3.30815499e-04
   3.45431469e+02  -1.94685912e-04
   3.45431958e+02   1.26501516e-04
   3.45432446e+02   1.56400827e-04
   3.45432934e+02   2.94857979e-04
   3.45433423e+02   3.12540331e-04
   3.45433911e+02  -3.54630101e-05
   3.45434399e+02  -1.87328595e-04
   3.45434888e+02   3.89136490e-04
   3.45435376e+02   7.38348404e-04
   3.45435864e+02   2.04873082e-04
   3.45436352e+02  -6.96335337e-04
   3.45436841e+02  -8.94607219e-04
   3.45437329e+02  -4.68539685e-04
   3.45437817e+02  -2.08098514e-04
   3.45438306e+02   1.81615469e-05
   3.45438794e+02  -5.94280391e-05
   3.45439282e+02  -5.09944570e-04
   3.45439771e+02  -6.72630442e-04
   3.45440259e+02  -5.23644034e-04
   3.45440747e+02  -4.20609111e-04
   3.45441236e+02   1.95068515e-05
   3.45441724e+02   5.19159832e-04
   3.45442212e+02   3.42772488e-04
   3.45442700e+02   8.36079635e-05
   3.45443189e+02  -1.11270492e-04
   3.45443677e+02  -3.73136456e-04
   3.45444165e+02  -3.78157943e-04
   3.45444654e+02  -2.76408391e-04
   3.45445142e+02  -8.78788196e-05
   3.45445630e+02  -2.78477200e-05
   3.45446119e+02  -1.45613420e-04
   3.45446607e+02   2.97896486e-06
   3.45447095e+02   2.43627335e-04
   3.45447584e+02   1.71148538e-04
   3.45448072e+02  -1.45968355e-04
   3.45448560e+02  -3.33148055e-04
   3.45449049e+02  -2.40658483e-04
   3.45449537e+02  -2.73343758e-04
   3.45450025e+02  -4.20135126e-04
   3.45450513e+02  -9.46818545e-05
   3.45451002e+02   2.44181079e-04
   3.45451490e+02   1.29210137e-04
   3.45451978e+02   1.40908058e-04
   3.45452467e+02   4.07448417e-04
   3.45452955e+02   4.67304228e-04
   3.45453443e+02   3.17330938e-04
   3.45453932e+02   4.66662575e-04
   3.45454420e+02   8.32431717e-04
   3.45454908e+02   5.87739574e-04
   3.45455397e+02  -2.11178063e-04
   3.45455885e+02  -5.69467702e-05
   3.45456373e+02   5.99106424e-04
   3.45456861e+02   7.35174282e-04
   3.45457350e+02   7.00792763e-04
   3.45457838e+02   8.15817213e-04
   3.45458326e+02   6.56480959e-04
   3.45458815e+02   6.39143400e-05
   3.45459303e+02  -9.15457349e-05
   3.45459791e+02   6.74340816e-04
   3.45460280e+02   1.72313175e-03
   3.45460768e+02   3.14399856e-03
   3.45461256e+02   5.33175049e-03
   3.45461745e+02   9.06843133e-03
   3.45462233e+02   1.64693072e-02
   3.45462721e+02   3.16750705e-02
   3.45463209e+02   5.56430519e-02
   3.45463698e+02   8.72772932e-02
   3.45464186e+02   1.23408169e-01
   3.45464674e+02   1.58170715e-01
   3.45465163e+02   1.80247292e-01
   3.45465651e+02   1.85051396e-01
   3.45466139e+02   1.69660583e-01
   3.45466628e+02   1.32190198e-01
   3.45467116e+02   8.33339319e-02
   3.45467604e+02   4.21810374e-02
   3.45468093e+02   1.90711208e-02
   3.45468581e+02   8.23877845e-03
   3.45469069e+02   3.50553542e-03
   3.45469557e+02   2.10465188e-03
   3.45470046e+02   1.48250198e-03
   3.45470534e+02   1.02358463e-03
   3.45471022e+02   1.22579036e-03
   3.45471511e+02   1.04607898e-03
   3.45471999e+02   3.24059947e-04
   3.45472487e+02  -9.85348088e-05
   3.45472976e+02   4.05820814e-04
   3.45473464e+02   2.86744355e-04
   3.45473952e+02   1.63719422e-04
   3.45474441e+02   3.42655723e-04
   3.45474929e+02   1.40805205e-04
   3.45475417e+02  -1.09453904e-04
   3.45475905e+02   2.33576749e-04
   3.45476394e+02   3.83477251e-04
   3.45476882e+02   8.22097572e-05
   3.45477370e+02  -3.26531532e-04
   3.45477859e+02  -5.50914498e-04
   3.45478347e+02  -4.68001061e-04
   3.45478835e+02  -2.61286070e-04
   3.45479324e+02  -6.02465952e-05
   3.45479812e+02   2.33778046e-04
   3.45480300e+02   4.69469436e-04
   3.45480789e+02   3.86910920e-04
   3.45481277e+02   9.90830449e-05
   3.45481765e+02  -1.66120066e-04
   3.45482253e+02  -3.26033914e-04
   3.45482742e+02  -3.29971372e-04
   3.45483230e+02  -6.09180934e-05
   3.45483718e+02   1.68015322e-04
   3.45484207e+02   6.33798263e-05
   3.45484695e+02  -6.89919470e-05
   3.45485183e+02  -1.18327924e-04
   3.45485672e+02  -2.54796585e-04
   3.45486160e+02  -6.47735200e-04
   3.45486648e+02  -8.54975602e-04
   3.45487137e+02  -8.05944670e-04
   3.45487625e+02  -5.98440762e-04
   3.45488113e+02  -3.18564649e-04
   3.45488602e+02  -5.57069106e-05
   3.45489090e+02   1.43635858e-04
   3.45489578e+02   4.52544075e-04
   3.45490066e+02   8.26463976e-04
   3.45490555e+02   8.50968238e-04
   3.45491043e+02   3.71896953e-04
   3.45491531e+02  -1.57437695e-04
   3.45492020e+02  -2.37528890e-04
   3.45492508e+02  -1.18621585e-06
   3.45492996e+02   1.02629885e-04
   3.45493485e+02   1.80852163e-04
   3.45493973e+02   3.39522056e-04
   3.45494461e+02   1.14724840e-04
   3.45494950e+02  -1.18984004e-04
   3.45495438e+02  -8.91374148e-05
   3.45495926e+02  -4.43230820e-04
   3.45496414e+02  -4.50358872e-04
   3.45496903e+02  -7.69067628e-06
   3.45497391e+02   2.97119618e-06
   3.45497879e+02  -1.79121314e-04
   3.45498368e+02  -1.61845208e-04
   3.45498856e+02  -2.32312290e-04
   3.45499344e+02  -5.25797484e-04
   3.45499833e+02  -4.50353633e-04
   3.45500321e+02   8.80199423e-06
   3.45500809e+02   2.46369600e-04
   3.45501298e+02   3.38126381e-04
   3.45501786e+02   3.03131965e-04
   3.45502274e+02   3.96752410e-04
   3.45502762e+02   5.95346442e-04
   3.45503251e+02   5.23706316e-04
   3.45503739e+02   2.29570607e-04
   3.45504227e+02  -2.60863279e-04
   3.45504716e+02  -3.64970911e-04
   3.45505204e+02  -3.62926585e-05
   3.45505692e+02  -1.10814486e-04
   3.45506181e+02  -5.45610848e-04
   3.45506669e+02  -3.84864834e-04
   3.45507157e+02   2.57043925e-04
   3.45507646e+02   3.72685259e-04
   3.45508134e+02   2.54072744e-04
   3.45508622e+02   3.61089973e-04
   3.45509110e+02   5.28558041e-04
   3.45509599e+02   4.24903526e-04
   3.45510087e+02   1.38346077e-04
   3.45510575e+02   1.53957721e-04
   3.45511064e+02   3.01542532e-05
   3.45511552e+02  -3.48910340e-04
   3.45512040e+02  -3.90285888e-04
   3.45512529e+02  -2.93507415e-04
   3.45513017e+02  -3.16243793e-04
   3.45513505e+02   1.08995649e-04
   3.45513994e+02   6.33979333e-04
   3.45514482e+02   7.04688544e-04
   3.45514970e+02   2.61895912e-04
   3.45515458e+02  -2.90570373e-04
   3.45515947e+02  -3.00931773e-04
   3.45516435e+02  -6.76518175e-05
   3.45516923e+02   7.18125157e-05
   3.45517412e+02   1.02190352e-05
   3.45517900e+02  -1.40473698e-04
   3.45518388e+02  -9.31397735e-05
   3.45518877e+02   1.17490803e-04
   3.45519365e+02   3.02079337e-04
   3.45519853e+02   1.36495786e-04
   3.45520342e+02  -3.27886301e-05
   3.45520830e+02   8.97152495e-05
   3.45521318e+02   2.39968300e-04
   3.45521806e+02   4.89291793e-04
   3.45522295e+02   6.55960641e-04
   3.45522783e+02   4.44051868e-04
   3.45523271e+02   2.47259304e-04
   3.45523760e+02   2.44433497e-04
   3.45524248e+02   1.73360531e-04
   3.45524736e+02  -2.56314343e-05
   3.45525225e+02  -3.28725349e-04
   3.45525713e+02  -3.48707399e-04
   3.45526201e+02   2.46612017e-05
   3.45526690e+02  -3.19269486e-04
   3.45527178e+02  -8.52154917e-04
   3.45527666e+02  -4.33003122e-04
   3.45528155e+02  -2.48778932e-04
   3.45528643e+02  -6.49164896e-04
   3.45529131e+02  -6.34025375e-04
   3.45529619e+02  -2.61917681e-04
   3.45530108e+02   5.16256769e-05
   3.45530596e+02   9.58016244e-05
   3.45531084e+02  -2.51637131e-04
   3.45531573e+02  -7.94319785e-04
   3.45532061e+02  -6.85072679e-04
   3.45532549e+02  -2.72165315e-04
   3.45533038e+02   1.17545402e-04
   3.45533526e+02   3.03377426e-04
   3.45534014e+02  -1.08412249e-04
   3.45534503e+02  -5.15528023e-04
   3.45534991e+02  -3.14090546e-04
   3.45535479e+02  -1.13211157e-04
   3.45535967e+02  -1.17201649e-04
   3.45536456e+02   4.17330448e-05
   3.45536944e+02   2.78330990e-04
   3.45537432e+02   7.73807988e-05
   3.45537921e+02  -2.89585121e-04
   3.45538409e+02  -1.90021921e-04
   3.45538897e+02   1.79176830e-04
   3.45539386e+02   9.96210292e-05
   3.45539874e+02  -2.55351304e-04
   3.45540362e+02  -1.23391350e-04
   3.45540851e+02  -4.04693164e-05
   3.45541339e+02  -4.99755202e-04
   3.45541827e+02  -6.12243603e-04
   3.45542315e+02  -5.01095259e-04
   3.45542804e+02  -4.29071486e-04
   3.45543292e+02  -3.40054394e-04
   3.45543780e+02  -8.03018047e-05
   3.45544269e+02   1.15416959e-04
   3.45544757e+02  -2.24012809e-04
   3.45545245e+02  -3.07468523e-04
   3.45545734e+02   1.82337826e-04
   3.45546222e+02   4.44603793e-04
   3.45546710e+02   5.27675904e-04
   3.45547199e+02   3.89922963e-04
   3.45547687e+02   1.02372062e-04
   3.45548175e+02   2.01175615e-04
   3.45548663e+02   1.21549645e-04
   3.45549152e+02  -2.37562766e-04
   3.45549640e+02  -2.13594540e-04
   3.45550128e+02   1.89225495e-04
   3.45550617e+02   4.95823915e-04
   3.45551105e+02   1.25359526e-04
   3.45551593e+02  -2.69058510e-04
   3.45552082e+02  -8.03914081e-05
   3.45552570e+02   1.10586981e-04
   3.45553058e+02   2.12432074e-04
   3.45553547e+02  -2.21517075e-05
   3.45554035e+02  -3.49591952e-04
   3.45554523e+02  -1.15086645e-04
   3.45555011e+02  -3.95705229e-06
   3.45555500e+02  -1.88651262e-04
   3.45555988e+02  -3.33318341e-04
   3.45556476e+02  -5.26994234e-04
   3.45556965e+02  -3.26261536e-04
   3.45557453e+02  -2.55155988e-04
   3.45557941e+02  -5.75955841e-04
   3.45558430e+02  -5.19986090e-04
   3.45558918e+02  -1.24566650e-04
   3.45559406e+02   4.11036832e-04
   3.45559895e+02   6.41622115e-04
   3.45560383e+02   5.48411917e-04
   3.45560871e+02   1.80967822e-04
   3.45561359e+02  -9.68337044e-05
   3.45561848e+02   1.10748610e-04
   3.45562336e+02  -2.73575806e-05
   3.45562824e+02  -4.23411664e-04
   3.45563313e+02  -4.41151235e-04
   3.45563801e+02  -4.88325080e-04
   3.45564289e+02  -5.00218885e-04
   3.45564778e+02  -4.36223607e-04
   3.45565266e+02  -6.23611850e-04
   3.45565754e+02  -4.01239726e-04
   3.45566243e+02  -5.69644362e-05
   3.45566731e+02   5.47816780e-05
   3.45567219e+02   2.55781255e-04
   3.45567708e+02  -2.68780350e-05
   3.45568196e+02  -5.76379418e-04
   3.45568684e+02  -7.14691414e-04
   3.45569172e+02  -9.78940749e-04
   3.45569661e+02  -1.10946863e-03
   3.45570149e+02  -8.40297143e-04
   3.45570637e+02  -4.43578261e-04
   3.45571126e+02   1.64121840e-04
   3.45571614e+02   6.23267115e-05
   3.45572102e+02  -2.47034710e-04
   3.45572591e+02   1.41546434e-05
   3.45573079e+02  -1.80325573e-04
   3.45573567e+02  -2.50592537e-04
   3.45574056e+02  -4.83625809e-05
   3.45574544e+02  -4.39567411e-05
   3.45575032e+02   1.02667749e-04
   3.45575520e+02   1.66984290e-04
   3.45576009e+02   2.02247931e-04
   3.45576497e+02   3.59283207e-04
   3.45576985e+02  -1.75798705e-04
   3.45577474e+02  -6.30185357e-04
   3.45577962e+02  -3.53478390e-04
   3.45578450e+02  -4.25425496e-05
   3.45578939e+02   3.90803980e-05
   3.45579427e+02  -2.68174364e-04
   3.45579915e+02  -6.76597294e-04
   3.45580404e+02  -5.43279049e-04
   3.45580892e+02  -1.83420067e-04
   3.45581380e+02  -1.28210260e-04
   3.45581868e+02  -1.42337158e-04
   3.45582357e+02   7.77168862e-06
   3.45582845e+02  -1.17143863e-04
   3.45583333e+02  -1.74936999e-04
   3.45583822e+02   1.30332177e-04
   3.45584310e+02   1.15923081e-04
   3.45584798e+02   3.42065498e-04
   3.45585287e+02   5.00492693e-04
   3.45585775e+02   1.20290402e-04
   3.45586263e+02   4.69151055e-05
   3.45586752e+02   1.85157420e-04
   3.45587240e+02   1.42234072e-04
   3.45587728e+02   1.88886042e-04
   3.45588216e+02   3.09358758e-04
   3.45588705e+02   4.53112560e-04
   3.45589193e+02   5.46804687e-04
   3.45589681e+02   6.86365413e-04
   3.45590170e+02   7.98807247e-04
   3.45590658e+02   7.38842238e-04
   3.45591146e+02   5.31091937e-04
   3.45591635e+02   1.27227890e-04
   3.45592123e+02   7.09778078e-07
   3.45592611e+02   2.80535896e-04
   3.45593100e+02   2.66537187e-04
   3.45593588e+02  -1.52286113e-04
   3.45594076e+02  -4.49378713e-04
   3.45594564e+02  -2.23568961e-04
   3.45595053e+02   1.78978691e-04
   3.45595541e+02   2.69508251e-04
   3.45596029e+02   7.77525420e-05
   3.45596518e+02  -1.68040904e-04
   3.45597006e+02  -5.45737275e-04
   3.45597494e+02  -4.02947102e-04
   3.45597983e+02   2.01568095e-04
   3.45598471e+02   1.70651838e-04
   3.45598959e+02  -2.49037112e-05
   3.45599448e+02   2.73592013e-05
   3.45599936e+02   2.13118619e-04
   3.45600424e+02   4.47572645e-04
   3.45600912e+02   2.33277227e-04
   3.45601401e+02  -6.55831536e-05
   3.45601889e+02   1.00050071e-04
   3.45602377e+02   5.29212935e-04
   3.45602866e+02   4.53300861e-04
   3.45603354e+02   6.97237119e-05
   3.45603842e+02   1.51307599e-04
   3.45604331e+02   1.67456790e-04
   3.45604819e+02   2.57070733e-05
   3.45605307e+02  -1.13361399e-04
   3.45605796e+02  -1.13164286e-04
   3.45606284e+02   2.05824894e-04
   3.45606772e+02   2.41537899e-04
   3.45607261e+02   1.23505233e-04
   3.45607749e+02   2.77242099e-04
   3.45608237e+02   4.53782268e-04
   3.45608725e+02   3.04998684e-04
   3.45609214e+02  -3.05230628e-06
   3.45609702e+02   4.90696766e-06
   3.45610190e+02   7.22183104e-05
   3.45610679e+02   2.88049141e-05
   3.45611167e+02  -4.03504491e-05
   3.45611655e+02   1.12967893e-04
   3.45612144e+02   3.49203242e-06
   3.45612632e+02  -4.95899760e-04
   3.45613120e+02  -6.53182855e-04
   3.45613609e+02  -7.49115061e-05
   3.45614097e+02   4.16272436e-04
   3.45614585e+02   1.26344778e-04
   3.45615073e+02  -8.76153645e-05
   3.45615562e+02   4.06354811e-04
   3.45616050e+02   4.97553498e-04
   3.45616538e+02   4.27244377e-05
   3.45617027e+02   2.54925282e-04
   3.45617515e+02   4.20450757e-04
   3.45618003e+02  -7.24940901e-06
   3.45618492e+02  -4.54960449e-04
   3.45618980e+02  -4.62276541e-04
   3.45619468e+02  -1.34490489e-04
   3.45619957e+02  -4.54104920e-05
   3.45620445e+02  -4.45989390e-05
   3.45620933e+02   2.68093099e-05
   3.45621421e+02  -7.52298947e-05
   3.45621910e+02  -2.08140540e-04
   3.45622398e+02   1.34071393e-04
   3.45622886e+02   3.81736463e-04
   3.45623375e+02   2.48889064e-05
   3.45623863e+02  -2.73467769e-04
   3.45624351e+02  -1.45865110e-04
   3.45624840e+02   1.06896368e-04
   3.45625328e+02  -1.07809159e-04
   3.45625816e+02  -3.83148028e-04
   3.45626305e+02  -1.24945393e-04
   3.45626793e+02  -9.09688060e-06
   3.45627281e+02   2.59812623e-05
   3.45627769e+02   5.81020940e-05
   3.45628258e+02  -2.43799455e-04
   3.45628746e+02  -1.83856784e-04
   3.45629234e+02   1.01129001e-04
   3.45629723e+02  -1.04431048e-04
   3.45630211e+02  -2.25793672e-04
   3.45630699e+02  -5.29445606e-05
   3.45631188e+02  -1.78654562e-04
   3.45631676e+02  -2.35034415e-04
   3.45632164e+02  -3.08699266e-04
   3.45632653e+02  -4.98186564e-04
   3.45633141e+02  -2.22029543e-04
   3.45633629e+02  -6.26774272e-05
   3.45634117e+02  -1.08938526e-04
   3.45634606e+02   3.69770278e-04
   3.45635094e+02   6.58607401e-04
   3.45635582e+02  -1.15843468e-05
   3.45636071e+02  -4.78598668e-04
   3.45636559e+02  -2.31161728e-04
   3.45637047e+02  -3.70748489e-06
   3.45637536e+02   5.23821618e-05
   3.45638024e+02   5.17321678e-05
   3.45638512e+02  -2.21317503e-04
   3.45639001e+02  -4.53425193e-04
   3.45639489e+02  -3.30665236e-04
   3.45639977e+02  -1.00645535e-04
   3.45640465e+02  -1.03112769e-04
   3.45640954e+02  -2.58857239e-04
   3.45641442e+02  -1.45594662e-04
   3.45641930e+02   1.45973609e-05
   3.45642419e+02   1.37539591e-05
   3.45642907e+02   3.49182345e-04
   3.45643395e+02   5.27794531e-04
   3.45643884e+02   5.20698843e-04
   3.45644372e+02   4.60995245e-04
   3.45644860e+02  -1.80810603e-05
   3.45645349e+02  -4.57322982e-04
   3.45645837e+02  -5.09948470e-04
   3.45646325e+02  -5.85361558e-04
   3.45646814e+02  -6.19487080e-04
   3.45647302e+02  -3.90504894e-04
   3.45647790e+02  -1.51679094e-04
   3.45648278e+02   1.85860408e-04
   3.45648767e+02   3.28075868e-04
   3.45649255e+02   4.47435559e-05
   3.45649743e+02   8.88956420e-05
   3.45650232e+02   2.14744054e-04
   3.45650720e+02   1.77308655e-04
   3.45651208e+02   2.40413665e-05
   3.45651697e+02  -1.45999265e-05
   3.45652185e+02   3.19559884e-04
   3.45652673e+02   4.05586907e-04
   3.45653162e+02   4.29261185e-04
   3.45653650e+02   3.17253725e-04
   3.45654138e+02  -1.77253591e-04
   3.45654626e+02  -1.92852185e-05
   3.45655115e+02   4.78378584e-04
   3.45655603e+02   3.88044718e-04
   3.45656091e+02   5.89164592e-05
   3.45656580e+02   9.60417765e-06
   3.45657068e+02   1.20584606e-04
   3.45657556e+02  -6.46932967e-05
   3.45658045e+02  -9.04362387e-05
   3.45658533e+02   1.23364647e-04
   3.45659021e+02  -8.07111337e-06
   3.45659510e+02  -1.88167003e-04
   3.45659998e+02  -1.50611711e-04
   3.45660486e+02  -7.94137959e-05
   3.45660974e+02   2.59241533e-05
   3.45661463e+02   1.73999622e-04
   3.45661951e+02   4.03291167e-04
   3.45662439e+02   4.23808233e-04
   3.45662928e+02   3.00171436e-04
   3.45663416e+02   1.72074360e-05
   3.45663904e+02  -2.70933087e-04
   3.45664393e+02  -4.09463857e-04
   3.45664881e+02  -3.47269990e-04
   3.45665369e+02  -8.02859813e-06
   3.45665858e+02   3.05605412e-04
   3.45666346e+02   3.77052788e-06
   3.45666834e+02  -3.87957203e-04
   3.45667322e+02  -2.85094604e-04
   3.45667811e+02   8.56098486e-05
   3.45668299e+02   5.78147447e-05
   3.45668787e+02  -5.22127666e-05
   3.45669276e+02   1.78339833e-04
   3.45669764e+02   1.60860465e-04
   3.45670252e+02  -2.87092931e-04
   3.45670741e+02  -4.93565050e-04
   3.45671229e+02  -2.57065636e-04
   3.45671717e+02   5.55277211e-08
   3.45672206e+02  -2.57548905e-04
   3.45672694e+02  -4.43594181e-04
   3.45673182e+02  -2.34989129e-05
   3.45673670e+02   3.08776303e-04
   3.45674159e+02   4.33258218e-04
   3.45674647e+02   4.87877289e-04
   3.45675135e+02   7.24618076e-05
   3.45675624e+02  -1.49095300e-04
   3.45676112e+02  -2.44982046e-04
   3.45676600e+02  -4.52453678e-04
   3.45677089e+02  -3.09294497e-04
   3.45677577e+02  -1.53051937e-04
   3.45678065e+02   1.05172112e-05
   3.45678554e+02   2.04413358e-04
   3.45679042e+02   7.16671639e-06
   3.45679530e+02  -2.44024064e-04
   3.45680018e+02  -4.08445514e-04
   3.45680507e+02  -3.18769453e-04
   3.45680995e+02   1.78495593e-05
   3.45681483e+02   5.49510914e-05
   3.45681972e+02  -9.20899911e-05
   3.45682460e+02  -1.10538502e-04
   3.45682948e+02  -1.27531850e-04
   3.45683437e+02   7.05505663e-05
   3.45683925e+02   3.38268059e-04
   3.45684413e+02   2.89028860e-04
   3.45684902e+02  -1.26816391e-04
   3.45685390e+02  -1.92288833e-04
   3.45685878e+02   3.71554634e-04
   3.45686367e+02   5.75274811e-04
   3.45686855e+02   3.61077429e-04
   3.45687343e+02  -2.67910451e-04
   3.45687831e+02  -7.79792026e-04
   3.45688320e+02  -3.45521868e-04
   3.45688808e+02   1.04699458e-04
   3.45689296e+02  -1.93145577e-04
   3.45689785e+02  -6.33288175e-04
   3.45690273e+02  -6.34464668e-04
   3.45690761e+02  -3.00831802e-04
   3.45691250e+02  -1.50819484e-04
   3.45691738e+02   3.66026303e-04
   3.45692226e+02   8.22119240e-04
   3.45692715e+02   2.09210615e-04
   3.45693203e+02  -4.01320809e-04
   3.45693691e+02  -1.83847282e-04
   3.45694179e+02   1.50068605e-04
   3.45694668e+02   2.80921697e-04
   3.45695156e+02   4.89057798e-04
   3.45695644e+02   6.20486855e-04
   3.45696133e+02   4.63921984e-04
   3.45696621e+02   3.41638166e-04
   3.45697109e+02   3.49301612e-04
   3.45697598e+02   5.72484278e-05
   3.45698086e+02  -6.35410688e-05
   3.45698574e+02   9.71962436e-05
   3.45699063e+02  -5.09858583e-05
   3.45699551e+02  -7.64155848e-05
   3.45700039e+02   1.54278780e-04
   3.45700527e+02   5.19531568e-05
   3.45701016e+02  -3.68690846e-04
   3.45701504e+02  -4.67630452e-04
   3.45701992e+02   1.16499992e-04
   3.45702481e+02   5.52581099e-04
   3.45702969e+02   5.39199857e-04
   3.45703457e+02   4.34864516e-04
   3.45703946e+02   1.94740147e-04
   3.45704434e+02  -1.87002122e-04
   3.45704922e+02  -5.27225260e-04
   3.45705411e+02  -6.19216589e-04
   3.45705899e+02  -4.41288139e-04
   3.45706387e+02  -6.30926443e-05
   3.45706875e+02   3.11016687e-04
   3.45707364e+02   3.34284065e-04
   3.45707852e+02   2.91217671e-04
   3.45708340e+02   1.56567636e-04
   3.45708829e+02   1.21530531e-04
   3.45709317e+02  -6.70945810e-05
   3.45709805e+02  -3.51975759e-04
   3.45710294e+02  -1.45166079e-04
   3.45710782e+02   1.33156471e-04
   3.45711270e+02  -3.35263576e-05
   3.45711759e+02  -5.75459097e-04
   3.45712247e+02  -4.52786277e-04
   3.45712735e+02   1.11954978e-04
   3.45713223e+02   3.96959455e-04
   3.45713712e+02   5.47631760e-04
   3.45714200e+02   4.32125991e-04
   3.45714688e+02   2.51021789e-04
   3.45715177e+02  -3.45851367e-05
   3.45715665e+02  -3.27055401e-04
   3.45716153e+02  -2.06255310e-04
   3.45716642e+02  -1.43496130e-04
   3.45717130e+02  -3.73137329e-04
   3.45717618e+02  -5.81657398e-04
   3.45718107e+02  -5.78962034e-04
   3.45718595e+02  -3.52778618e-04
   3.45719083e+02  -1.88220612e-04
   3.45719571e+02   4.30531836e-05
   3.45720060e+02   2.65379727e-04
   3.45720548e+02   1.37198600e-04
   3.45721036e+02  -7.55453148e-05
   3.45721525e+02  -8.29912824e-05
   3.45722013e+02   4.65825542e-05
   3.45722501e+02   6.73791292e-05
   3.45722990e+02   4.46562663e-05
   3.45723478e+02  -1.72058295e-04
   3.45723966e+02  -2.77329440e-04
   3.45724455e+02  -1.40463118e-04
   3.45724943e+02  -3.22224252e-04
   3.45725431e+02  -9.47505760e-05
   3.45725920e+02   4.98422480e-04
   3.45726408e+02   5.70632110e-04
   3.45726896e+02  -5.16433320e-05
   3.45727384e+02  -5.87896735e-04
   3.45727873e+02  -2.83484027e-04
   3.45728361e+02  -7.92979627e-05
   3.45728849e+02  -3.77094897e-04
   3.45729338e+02  -4.35571710e-04
   3.45729826e+02  -2.73868296e-04
   3.45730314e+02  -1.58231895e-04
   3.45730803e+02  -5.33865605e-05
   3.45731291e+02   1.59460251e-04
   3.45731779e+02  -3.82027392e-05
   3.45732268e+02  -4.39268013e-04
   3.45732756e+02  -3.31176794e-04
   3.45733244e+02  -3.08110903e-05
   3.45733732e+02  -2.73798487e-05
   3.45734221e+02   4.68753606e-05
   3.45734709e+02   2.07483303e-04
   3.45735197e+02   7.89866099e-05
   3.45735686e+02  -4.25387771e-06
   3.45736174e+02   6.46808112e-05
   3.45736662e+02   5.46371048e-05
   3.45737151e+02  -6.70429654e-05
   3.45737639e+02  -6.05368914e-05
   3.45738127e+02  -3.24733301e-05
   3.45738616e+02  -2.52236525e-04
   3.45739104e+02  -6.68332912e-04
   3.45739592e+02  -9.69563727e-04
   3.45740080e+02  -4.37121780e-04
   3.45740569e+02   2.37940942e-04
   3.45741057e+02   2.61166628e-04
   3.45741545e+02   3.57693680e-05
   3.45742034e+02   1.48945212e-04
   3.45742522e+02   5.15025051e-04
   3.45743010e+02   5.91485470e-04
   3.45743499e+02   1.17822092e-04
   3.45743987e+02  -4.55243106e-04
   3.45744475e+02  -4.27367719e-04
   3.45744964e+02  -1.29188251e-04
   3.45745452e+02  -1.68868617e-04
   3.45745940e+02  -3.47746420e-04
   3.45746428e+02  -1.53593646e-04
   3.45746917e+02   6.29366434e-04
   3.45747405e+02   1.10333238e-03
   3.45747893e+02   5.76806779e-04
   3.45748382e+02  -2.49089237e-04
   3.45748870e+02  -6.02661865e-04
   3.45749358e+02  -5.50752564e-04
   3.45749847e+02  -3.16800637e-04
   3.45750335e+02   2.67673109e-04
   3.45750823e+02   5.10425423e-04
   3.45751312e+02   2.03975986e-04
   3.45751800e+02  -1.52305875e-04
   3.45752288e+02  -4.50586609e-04
   3.45752776e+02  -4.33898822e-04
   3.45753265e+02  -4.25539969e-04
   3.45753753e+02  -3.32716736e-04
   3.45754241e+02   7.31821856e-05
   3.45754730e+02   2.33229905e-04
   3.45755218e+02   1.91265921e-04
   3.45755706e+02   6.86933272e-05
   3.45756195e+02  -4.67664977e-05
   3.45756683e+02   2.46123418e-05
   3.45757171e+02  -1.44072110e-04
   3.45757660e+02  -7.63732649e-04
   3.45758148e+02  -1.21843477e-03
   3.45758636e+02  -7.03721715e-04
   3.45759124e+02  -6.71143425e-05
   3.45759613e+02   1.71251537e-04
   3.45760101e+02   3.08571587e-04
   3.45760589e+02  -1.35289723e-04
   3.45761078e+02  -5.95944293e-04
   3.45761566e+02  -6.35585922e-04
   3.45762054e+02  -2.74598686e-04
   3.45762543e+02   2.27119031e-04
   3.45763031e+02   3.78716577e-05
   3.45763519e+02  -3.52257950e-04
   3.45764008e+02   3.69311565e-05
   3.45764496e+02   6.17451617e-04
   3.45764984e+02   5.17743581e-04
   3.45765473e+02   6.40820435e-05
   3.45765961e+02  -2.35374217e-04
   3.45766449e+02   4.12625159e-05
   3.45766937e+02   5.51024626e-04
   3.45767426e+02   7.61279603e-04
   3.45767914e+02   1.60313386e-04
   3.45768402e+02  -7.85686425e-04
   3.45768891e+02  -1.12090958e-03
   3.45769379e+02  -8.05099902e-04
   3.45769867e+02  -3.92528076e-04
   3.45770356e+02  -1.75329216e-04
   3.45770844e+02   2.10904720e-04
   3.45771332e+02   3.46877816e-04
   3.45771821e+02   3.61113671e-05
   3.45772309e+02   9.71799000e-06
   3.45772797e+02   2.17498266e-04
   3.45773285e+02   1.60969023e-04
   3.45773774e+02   2.60381377e-04
   3.45774262e+02   6.10118499e-04
   3.45774750e+02   2.47128221e-04
   3.45775239e+02  -4.18237061e-04
   3.45775727e+02  -3.77537130e-04
   3.45776215e+02  -2.16043700e-05
   3.45776704e+02  -2.12157960e-04
   3.45777192e+02  -5.74972248e-04
   3.45777680e+02  -3.99271405e-04
   3.45778169e+02  -2.94689497e-04
   3.45778657e+02  -5.80207678e-04
   3.45779145e+02  -3.06354108e-04
   3.45779633e+02   4.59632109e-04
   3.45780122e+02   6.23070810e-04
   3.45780610e+02   6.11318217e-04
   3.45781098e+02   6.68011722e-04
   3.45781587e+02   4.58126975e-04
   3.45782075e+02   5.53736521e-04
   3.45782563e+02   9.59532801e-04
   3.45783052e+02   8.32056801e-04
   3.45783540e+02   6.62444509e-04
   3.45784028e+02   5.10364072e-04
   3.45784517e+02   1.04082073e-06
   3.45785005e+02  -4.20737924e-04
   3.45785493e+02  -5.60305547e-04
   3.45785981e+02  -3.53601470e-04
   3.45786470e+02   1.80579736e-04
   3.45786958e+02   2.32149207e-04
   3.45787446e+02   3.58711186e-05
   3.45787935e+02   1.00961246e-04
   3.45788423e+02  -3.82354883e-05
   3.45788911e+02  -3.27570189e-04
   3.45789400e+02  -3.76331998e-04
   3.45789888e+02  -1.18237134e-04
   3.45790376e+02   2.72076810e-04
   3.45790865e+02   2.26486474e-04
   3.45791353e+02  -1.15839219e-04
   3.45791841e+02  -2.91452772e-04
   3.45792329e+02  -2.10737882e-04
   3.45792818e+02   2.25556032e-05
   3.45793306e+02   1.88329985e-04
   3.45793794e+02   9.95204682e-05
   3.45794283e+02  -2.71989120e-04
   3.45794771e+02  -5.06413809e-04
   3.45795259e+02  -2.81127170e-04
   3.45795748e+02   2.17048771e-04
   3.45796236e+02   4.37447976e-04
   3.45796724e+02   1.86026591e-04
   3.45797213e+02   3.70289599e-05
   3.45797701e+02   1.63554141e-04
   3.45798189e+02   1.09993656e-04
   3.45798677e+02  -1.08784807e-04
   3.45799166e+02  -7.97143875e-05
   3.45799654e+02   3.15752666e-04
   3.45800142e+02   5.73735393e-04
   3.45800631e+02   4.36399656e-04
   3.45801119e+02   2.30406775e-04
   3.45801607e+02   1.06079569e-04
   3.45802096e+02  -1.66944577e-04
   3.45802584e+02  -8.99620354e-05
   3.45803072e+02   2.30969585e-04
   3.45803561e+02   1.97890578e-04
   3.45804049e+02   2.35261585e-04
   3.45804537e+02   1.16086798e-04
   3.45805026e+02  -4.34521906e-04
   3.45805514e+02  -5.94410929e-04
   3.45806002e+02  -2.69523473e-04
   3.45806490e+02  -3.01631080e-04
   3.45806979e+02  -5.71869896e-04
   3.45807467e+02  -2.04773693e-04
   3.45807955e+02   9.37447112e-05
   3.45808444e+02  -1.67869264e-04
   3.45808932e+02  -1.21201687e-04
   3.45809420e+02   1.59038100e-04
   3.45809909e+02   5.36724801e-05
   3.45810397e+02  -2.87879957e-04
   3.45810885e+02  -3.72938288e-04
   3.45811374e+02   1.01617836e-04
   3.45811862e+02   4.72287444e-04
   3.45812350e+02  -1.45206386e-05
   3.45812838e+02  -3.11885262e-04
   3.45813327e+02  -3.25036031e-04
   3.45813815e+02  -6.06727204e-04
   3.45814303e+02  -6.09162962e-04
   3.45814792e+02  -5.75646060e-04
   3.45815280e+02  -6.09541021e-04
   3.45815768e+02  -2.35397471e-04
   3.45816257e+02   5.95061501e-05
   3.45816745e+02  -1.38954856e-04
   3.45817233e+02  -3.21310217e-04
   3.45817722e+02  -1.23030331e-04
   3.45818210e+02   3.41681647e-04
   3.45818698e+02   3.16390215e-04
   3.45819186e+02  -4.77817666e-05
   3.45819675e+02  -3.17573111e-04
   3.45820163e+02  -2.26781616e-04
   3.45820651e+02   3.24531808e-04
   3.45821140e+02   5.51467179e-04
   3.45821628e+02   3.92915128e-04
   3.45822116e+02   2.91248172e-04
   3.45822605e+02   2.52756116e-04
