frequency (GHz), flux (Jy/beam)
   3.44020461e+02  -1.53749029e-03
   3.44020949e+02  -7.98408699e-04
   3.44021438e+02  -7.96534005e-04
   3.44021926e+02   5.03655940e-07
   3.44022414e+02   1.35114486e-03
   3.44022903e+02   9.08422284e-04
   3.44023391e+02   5.11523220e-04
   3.44023879e+02   1.62808620e-03
   3.44024367e+02   2.54908879e-03
   3.44024856e+02   2.01862655e-03
   3.44025344e+02   1.29902060e-03
   3.44025832e+02   1.43848546e-03
   3.44026321e+02   6.63930841e-04
   3.44026809e+02  -5.96104830e-04
   3.44027297e+02  -9.57527431e-04
   3.44027786e+02  -3.07410082e-04
   3.44028274e+02   7.12580106e-04
   3.44028762e+02   2.00290745e-03
   3.44029251e+02   1.27640879e-03
   3.44029739e+02  -4.34127229e-04
   3.44030227e+02  -2.76102335e-04
   3.44030716e+02   9.07767389e-04
   3.44031204e+02   1.46903098e-03
   3.44031692e+02  -5.47216681e-04
   3.44032181e+02  -2.43724696e-03
   3.44032669e+02  -1.30646524e-03
   3.44033157e+02  -5.38073291e-05
   3.44033646e+02   6.94842776e-04
   3.44034134e+02   1.45340816e-03
   3.44034622e+02   1.33483356e-03
   3.44035110e+02   1.58784201e-03
   3.44035599e+02   1.19004434e-03
   3.44036087e+02  -1.09583954e-03
   3.44036575e+02  -1.55603338e-03
   3.44037064e+02  -8.49932330e-05
   3.44037552e+02   4.57777584e-04
   3.44038040e+02   1.13954616e-03
   3.44038529e+02   3.29808006e-03
   3.44039017e+02   3.05001694e-03
   3.44039505e+02   1.01197115e-03
   3.44039994e+02   9.29569418e-04
   3.44040482e+02   1.77274796e-03
   3.44040970e+02   2.61495681e-03
   3.44041459e+02   1.74744031e-03
   3.44041947e+02  -1.19505078e-03
   3.44042435e+02  -2.84512993e-03
   3.44042924e+02  -1.58401160e-03
   3.44043412e+02   2.51898309e-04
   3.44043900e+02   4.36868577e-04
   3.44044389e+02  -3.94872157e-04
   3.44044877e+02  -1.81917462e-03
   3.44045365e+02  -2.85939383e-03
   3.44045853e+02  -2.12868699e-03
   3.44046342e+02   4.49748331e-04
   3.44046830e+02   2.53422721e-03
   3.44047318e+02   1.66135910e-03
   3.44047807e+02  -4.96419379e-04
   3.44048295e+02  -9.82784899e-04
   3.44048783e+02  -2.07649704e-04
   3.44049272e+02   6.58226127e-05
   3.44049760e+02   2.42966897e-04
   3.44050248e+02   2.03265576e-04
   3.44050737e+02   1.82986172e-04
   3.44051225e+02   1.31809956e-03
   3.44051713e+02   8.94001860e-04
   3.44052202e+02  -3.12462915e-04
   3.44052690e+02  -6.81409256e-06
   3.44053178e+02  -4.24111699e-04
   3.44053667e+02  -8.20307992e-04
   3.44054155e+02   8.18389992e-04
   3.44054643e+02   1.45990052e-03
   3.44055132e+02   3.36531724e-04
   3.44055620e+02  -3.24566616e-04
   3.44056108e+02  -7.05718528e-04
   3.44056597e+02  -5.50620898e-04
   3.44057085e+02   1.04992265e-04
   3.44057573e+02   4.00725985e-04
   3.44058061e+02   7.26120197e-04
   3.44058550e+02   9.18756559e-05
   3.44059038e+02  -1.07371889e-03
   3.44059526e+02  -8.52682337e-04
   3.44060015e+02   4.85312106e-04
   3.44060503e+02   1.92051625e-03
   3.44060991e+02   2.92440876e-03
   3.44061480e+02   2.06389395e-03
   3.44061968e+02   3.57737066e-04
   3.44062456e+02  -3.76083801e-04
   3.44062945e+02  -2.81103043e-04
   3.44063433e+02   1.64922400e-04
   3.44063921e+02   1.61149525e-04
   3.44064410e+02  -2.16444882e-04
   3.44064898e+02   3.96551884e-04
   3.44065386e+02   2.74562713e-04
   3.44065875e+02  -2.77282059e-04
   3.44066363e+02  -6.41178456e-04
   3.44066851e+02   1.00061508e-04
   3.44067340e+02   7.81099603e-04
   3.44067828e+02  -5.56129264e-04
   3.44068316e+02  -7.55098357e-04
   3.44068804e+02   7.89326150e-04
   3.44069293e+02   1.03052694e-03
   3.44069781e+02   3.96345800e-04
   3.44070269e+02  -3.54504416e-04
   3.44070758e+02   3.83039413e-04
   3.44071246e+02   2.85979477e-03
   3.44071734e+02   2.81807804e-03
   3.44072223e+02  -2.04483571e-04
   3.44072711e+02  -1.49393966e-03
   3.44073199e+02   8.78262654e-05
   3.44073688e+02   1.32596388e-03
   3.44074176e+02   3.37423960e-04
   3.44074664e+02  -1.55516551e-03
   3.44075153e+02  -1.34140626e-03
   3.44075641e+02  -8.76373495e-04
   3.44076129e+02  -1.74611888e-03
   3.44076618e+02  -8.45042930e-04
   3.44077106e+02   3.24492459e-04
   3.44077594e+02   4.20266675e-04
   3.44078083e+02   1.62881496e-03
   3.44078571e+02   9.67981701e-04
   3.44079059e+02   2.12418876e-04
   3.44079548e+02   7.24188867e-04
   3.44080036e+02   4.45420388e-04
   3.44080524e+02   2.59631401e-04
   3.44081012e+02  -3.14133308e-06
   3.44081501e+02  -3.94855102e-04
   3.44081989e+02   1.04665480e-04
   3.44082477e+02   5.65492373e-04
   3.44082966e+02   6.23872271e-04
   3.44083454e+02   6.81157748e-04
   3.44083942e+02  -2.87931209e-04
   3.44084431e+02  -4.23978781e-04
   3.44084919e+02   1.29983865e-03
   3.44085407e+02   2.29941634e-03
   3.44085896e+02   2.96236388e-03
   3.44086384e+02   3.21916537e-03
   3.44086872e+02   2.21023755e-03
   3.44087361e+02   1.36155763e-03
   3.44087849e+02   1.96360704e-03
   3.44088337e+02   3.29412753e-03
   3.44088826e+02   4.34216112e-03
   3.44089314e+02   5.81028080e-03
   3.44089802e+02   8.33889004e-03
   3.44090291e+02   9.76985879e-03
   3.44090779e+02   1.21894637e-02
   3.44091267e+02   1.50732538e-02
   3.44091755e+02   1.50442338e-02
   3.44092244e+02   1.56409983e-02
   3.44092732e+02   1.74575169e-02
   3.44093220e+02   1.60341002e-02
   3.44093709e+02   1.20605975e-02
   3.44094197e+02   8.15873593e-03
   3.44094685e+02   5.61901089e-03
   3.44095174e+02   2.94191204e-03
   3.44095662e+02   2.23345682e-03
   3.44096150e+02   2.61229533e-03
   3.44096639e+02   1.15035323e-03
   3.44097127e+02   4.12710215e-04
   3.44097615e+02   1.46047852e-03
   3.44098104e+02   1.36153714e-03
   3.44098592e+02   6.64428109e-04
   3.44099080e+02   1.10890809e-03
   3.44099569e+02   9.11857176e-04
   3.44100057e+02   1.40799547e-03
   3.44100545e+02   2.13724328e-03
   3.44101034e+02   1.01158302e-03
   3.44101522e+02   1.69594496e-04
   3.44102010e+02   1.61433779e-03
   3.44102498e+02   2.60425452e-03
   3.44102987e+02   2.06289100e-04
   3.44103475e+02  -1.65730261e-03
   3.44103963e+02  -8.86315713e-04
   3.44104452e+02   1.08035351e-03
   3.44104940e+02   2.13829428e-03
   3.44105428e+02   6.98633259e-04
   3.44105917e+02   3.09146766e-04
   3.44106405e+02   9.97336581e-04
   3.44106893e+02   6.75787509e-04
   3.44107382e+02   9.29387810e-04
   3.44107870e+02   5.31329832e-04
   3.44108358e+02  -7.31674547e-04
   3.44108847e+02  -9.06389207e-04
   3.44109335e+02   6.44565211e-04
   3.44109823e+02   9.56735341e-04
   3.44110312e+02  -7.93777726e-05
   3.44110800e+02  -7.88806065e-04
   3.44111288e+02  -1.33030175e-03
   3.44111777e+02  -5.93197241e-04
   3.44112265e+02   4.56664333e-04
   3.44112753e+02  -1.23631515e-04
   3.44113242e+02  -2.59480719e-03
   3.44113730e+02  -2.99719558e-03
   3.44114218e+02  -5.49634802e-04
   3.44114706e+02   3.30395007e-04
   3.44115195e+02  -5.52627898e-04
   3.44115683e+02  -9.44905099e-04
   3.44116171e+02  -3.27574853e-05
   3.44116660e+02   8.17849475e-04
   3.44117148e+02   1.02130068e-03
   3.44117636e+02   9.83781414e-04
   3.44118125e+02   4.59483213e-04
   3.44118613e+02  -5.18666857e-05
   3.44119101e+02  -3.58809120e-05
   3.44119590e+02  -4.40178817e-04
   3.44120078e+02  -3.52930307e-04
   3.44120566e+02   1.06697189e-04
   3.44121055e+02  -6.33512798e-04
   3.44121543e+02  -2.07683421e-03
   3.44122031e+02  -2.44330848e-03
   3.44122520e+02  -1.48730737e-03
   3.44123008e+02  -4.28813044e-04
   3.44123496e+02  -4.66206518e-04
   3.44123985e+02  -2.03269534e-04
   3.44124473e+02  -2.66931602e-04
   3.44124961e+02  -1.43961608e-03
   3.44125449e+02  -1.42642658e-03
   3.44125938e+02  -1.09156419e-03
   3.44126426e+02  -5.37853863e-04
   3.44126914e+02   4.62496741e-04
   3.44127403e+02  -7.53289423e-05
   3.44127891e+02  -1.03272777e-03
   3.44128379e+02  -4.17305448e-04
   3.44128868e+02   4.91105020e-04
   3.44129356e+02   1.04428087e-04
   3.44129844e+02   1.30921631e-04
   3.44130333e+02   5.57227875e-04
   3.44130821e+02  -5.89643081e-04
   3.44131309e+02  -1.07549026e-03
   3.44131798e+02  -5.18854533e-04
   3.44132286e+02  -8.50574928e-04
   3.44132774e+02  -1.08723296e-03
   3.44133263e+02  -7.08482636e-04
   3.44133751e+02  -5.73786034e-04
   3.44134239e+02  -1.40278495e-03
   3.44134728e+02  -1.12315989e-03
   3.44135216e+02   3.87442306e-05
   3.44135704e+02  -1.25867795e-04
   3.44136192e+02   3.30053299e-04
   3.44136681e+02   1.39411830e-03
   3.44137169e+02   5.09240374e-04
   3.44137657e+02  -1.31983927e-03
   3.44138146e+02  -2.03289464e-03
   3.44138634e+02  -1.47521915e-03
   3.44139122e+02  -8.58781044e-04
   3.44139611e+02  -6.73394679e-05
   3.44140099e+02   5.87296789e-04
   3.44140587e+02   1.30746092e-04
   3.44141076e+02  -1.37611362e-03
   3.44141564e+02  -1.24632218e-03
   3.44142052e+02  -3.46113316e-04
   3.44142541e+02   5.56969171e-05
   3.44143029e+02   1.71025633e-03
   3.44143517e+02   3.42303142e-03
   3.44144006e+02   2.32206448e-03
   3.44144494e+02  -3.08091519e-04
   3.44144982e+02  -8.76114180e-04
   3.44145471e+02  -4.79276150e-06
   3.44145959e+02   9.77386371e-05
   3.44146447e+02   6.32066396e-04
   3.44146936e+02   6.63818442e-04
   3.44147424e+02  -2.47489865e-04
   3.44147912e+02  -6.48664834e-04
   3.44148400e+02  -9.96132148e-04
   3.44148889e+02  -9.13576630e-04
   3.44149377e+02  -5.17199805e-04
   3.44149865e+02   1.70818839e-05
   3.44150354e+02  -7.15763192e-04
   3.44150842e+02  -1.40616810e-03
   3.44151330e+02  -4.12358961e-04
   3.44151819e+02   2.95891427e-04
   3.44152307e+02  -4.94036940e-04
   3.44152795e+02  -1.40919711e-03
   3.44153284e+02  -2.26715836e-03
   3.44153772e+02  -3.15069268e-03
   3.44154260e+02  -2.46342109e-03
   3.44154749e+02  -3.35431017e-04
   3.44155237e+02   7.68231868e-04
   3.44155725e+02   1.52842069e-04
   3.44156214e+02   5.93634904e-05
   3.44156702e+02   1.20279752e-03
   3.44157190e+02   2.19764584e-03
   3.44157679e+02   1.16867176e-03
   3.44158167e+02  -1.00745237e-03
   3.44158655e+02  -1.38739357e-03
   3.44159143e+02  -3.95537500e-04
   3.44159632e+02   3.69735673e-04
   3.44160120e+02   1.70647021e-04
   3.44160608e+02   3.30051203e-04
   3.44161097e+02   1.86963112e-03
   3.44161585e+02   1.69417739e-03
   3.44162073e+02   1.11462327e-03
   3.44162562e+02   1.93068082e-03
   3.44163050e+02   1.04919262e-03
   3.44163538e+02   8.78879291e-05
   3.44164027e+02   9.45934502e-04
   3.44164515e+02   1.07018137e-03
   3.44165003e+02  -9.65630228e-04
   3.44165492e+02  -1.88673940e-03
   3.44165980e+02   4.72628017e-04
   3.44166468e+02   2.67185830e-03
   3.44166957e+02   2.63056555e-03
   3.44167445e+02   2.05626362e-03
   3.44167933e+02   1.18051411e-03
   3.44168422e+02  -6.74527604e-04
   3.44168910e+02  -1.08353153e-03
   3.44169398e+02  -3.48900678e-04
   3.44169886e+02  -1.34134933e-03
   3.44170375e+02  -1.97553891e-03
   3.44170863e+02  -1.00810954e-03
   3.44171351e+02  -1.28532504e-03
   3.44171840e+02  -1.11720385e-03
   3.44172328e+02   2.24233969e-04
   3.44172816e+02   4.51480970e-04
   3.44173305e+02  -1.55244838e-04
   3.44173793e+02  -3.91038251e-04
   3.44174281e+02  -1.67646038e-04
   3.44174770e+02   2.49110763e-05
   3.44175258e+02  -5.61939261e-04
   3.44175746e+02  -1.24564581e-03
   3.44176235e+02  -5.22509043e-04
   3.44176723e+02   9.78997676e-04
   3.44177211e+02   4.96733235e-04
   3.44177700e+02  -2.89766205e-04
   3.44178188e+02   4.20172961e-04
   3.44178676e+02   1.50144007e-03
   3.44179165e+02   2.03648675e-03
   3.44179653e+02   1.42157474e-03
   3.44180141e+02   5.77081919e-05
   3.44180630e+02  -4.16411756e-04
   3.44181118e+02   1.10655150e-03
   3.44181606e+02   1.16528431e-03
   3.44182094e+02  -8.34449194e-04
   3.44182583e+02  -1.68801483e-03
   3.44183071e+02  -2.86838901e-03
   3.44183559e+02  -3.25135305e-03
   3.44184048e+02  -9.53887124e-04
   3.44184536e+02   4.34249494e-04
   3.44185024e+02   1.07779563e-03
   3.44185513e+02   1.37611292e-03
   3.44186001e+02   1.19737664e-03
   3.44186489e+02   1.78413594e-03
   3.44186978e+02   1.40731398e-03
   3.44187466e+02  -3.37378733e-04
   3.44187954e+02  -7.46259233e-04
   3.44188443e+02   1.47659262e-03
   3.44188931e+02   2.42522522e-03
   3.44189419e+02   1.10992917e-03
   3.44189908e+02   5.76467079e-04
   3.44190396e+02  -5.09155252e-05
   3.44190884e+02  -1.75222289e-04
   3.44191373e+02   3.36442135e-05
   3.44191861e+02  -5.36166597e-04
   3.44192349e+02  -8.89581337e-04
   3.44192837e+02   2.11732025e-04
   3.44193326e+02   4.06539359e-04
   3.44193814e+02  -9.49391571e-04
   3.44194302e+02  -1.50086835e-03
   3.44194791e+02  -9.90373781e-04
   3.44195279e+02   1.38948762e-05
   3.44195767e+02  -8.34480816e-05
   3.44196256e+02  -2.41840747e-03
   3.44196744e+02  -2.62843259e-03
   3.44197232e+02  -7.02428748e-04
   3.44197721e+02   3.21268977e-04
   3.44198209e+02   1.66995917e-04
   3.44198697e+02   3.44793953e-04
   3.44199186e+02   1.62543601e-03
   3.44199674e+02   1.54996000e-03
   3.44200162e+02  -3.66100809e-04
   3.44200651e+02  -1.93390076e-03
   3.44201139e+02  -2.20138323e-03
   3.44201627e+02  -1.25993916e-03
   3.44202116e+02  -8.42000823e-04
   3.44202604e+02  -1.05313573e-03
   3.44203092e+02  -7.63446093e-04
   3.44203580e+02  -3.04392335e-04
   3.44204069e+02   7.21922144e-04
   3.44204557e+02   1.61807984e-03
   3.44205045e+02   1.51590933e-03
   3.44205534e+02   5.01645671e-04
   3.44206022e+02  -4.87270590e-04
   3.44206510e+02  -1.08475517e-03
   3.44206999e+02  -2.09032372e-03
   3.44207487e+02  -2.35687033e-03
   3.44207975e+02  -1.67173869e-03
   3.44208464e+02  -2.00020775e-04
   3.44208952e+02   1.33633311e-03
   3.44209440e+02   9.31199058e-04
   3.44209929e+02  -2.04534488e-04
   3.44210417e+02  -3.11878015e-04
   3.44210905e+02  -9.30869719e-04
   3.44211394e+02  -1.83924055e-03
   3.44211882e+02  -1.26327132e-03
   3.44212370e+02  -3.78761644e-04
   3.44212859e+02   6.94009301e-04
   3.44213347e+02   1.28109416e-03
   3.44213835e+02   4.50830994e-04
   3.44214324e+02  -6.86125946e-04
   3.44214812e+02  -1.04794325e-03
   3.44215300e+02   2.10593935e-04
   3.44215788e+02   6.69108704e-04
   3.44216277e+02  -1.82588541e-04
   3.44216765e+02  -5.32673206e-04
   3.44217253e+02  -3.01049266e-04
   3.44217742e+02  -8.00435955e-05
   3.44218230e+02   2.09290840e-04
   3.44218718e+02  -6.37439516e-05
   3.44219207e+02  -5.24002127e-04
   3.44219695e+02   8.20300193e-05
   3.44220183e+02   5.92948752e-04
   3.44220672e+02   2.37202039e-05
   3.44221160e+02   1.35200942e-04
   3.44221648e+02   1.34490198e-03
   3.44222137e+02   2.09053443e-03
   3.44222625e+02   2.12638243e-03
   3.44223113e+02   1.16877269e-03
   3.44223602e+02  -4.95544635e-04
   3.44224090e+02  -9.67766682e-04
   3.44224578e+02  -1.83571203e-04
   3.44225067e+02   4.89191989e-05
   3.44225555e+02   7.01369601e-04
   3.44226043e+02   1.68385834e-03
   3.44226531e+02   1.79979648e-03
   3.44227020e+02   2.20435392e-03
   3.44227508e+02   1.38691801e-03
   3.44227996e+02   9.88596468e-04
   3.44228485e+02   2.41602259e-03
   3.44228973e+02   2.43345229e-03
   3.44229461e+02   1.18161493e-03
   3.44229950e+02   9.31259710e-04
   3.44230438e+02   1.09612790e-03
   3.44230926e+02   3.14792822e-04
   3.44231415e+02  -6.97743380e-04
   3.44231903e+02  -2.04153053e-04
   3.44232391e+02   1.64290552e-03
   3.44232880e+02   1.57011743e-03
   3.44233368e+02  -4.13552683e-04
   3.44233856e+02  -6.32790732e-04
   3.44234345e+02   7.09347776e-04
   3.44234833e+02   4.56211092e-05
   3.44235321e+02  -1.60630827e-03
   3.44235810e+02  -1.46390661e-03
   3.44236298e+02  -5.69482741e-04
   3.44236786e+02  -4.25991340e-04
   3.44237275e+02  -1.22141035e-03
   3.44237763e+02  -1.74335472e-03
   3.44238251e+02  -1.69393606e-03
   3.44238739e+02  -1.95062510e-03
   3.44239228e+02  -8.22259346e-04
   3.44239716e+02   7.99103349e-04
   3.44240204e+02   1.09272182e-03
   3.44240693e+02   1.47216764e-04
   3.44241181e+02   1.00814784e-03
   3.44241669e+02   2.24268087e-03
   3.44242158e+02   8.77548300e-04
   3.44242646e+02  -4.27517734e-05
   3.44243134e+02   1.00757100e-03
   3.44243623e+02   8.68944335e-04
   3.44244111e+02  -1.12754940e-04
   3.44244599e+02  -1.44866295e-03
   3.44245088e+02  -2.69047008e-03
   3.44245576e+02  -2.91945296e-03
   3.44246064e+02  -2.67149764e-03
   3.44246553e+02  -1.19020778e-03
   3.44247041e+02   2.69400014e-04
   3.44247529e+02   4.93779662e-04
   3.44248018e+02   1.34971237e-03
   3.44248506e+02   1.15423533e-03
   3.44248994e+02   3.77543271e-04
   3.44249482e+02   8.61275941e-04
   3.44249971e+02   8.36782041e-04
   3.44250459e+02  -9.60150384e-04
   3.44250947e+02  -1.01403124e-03
   3.44251436e+02   1.38001109e-03
   3.44251924e+02   2.14323890e-03
   3.44252412e+02   2.06702924e-03
   3.44252901e+02   2.25903722e-03
   3.44253389e+02   7.13511370e-04
   3.44253877e+02   6.51884417e-04
   3.44254366e+02   1.31512736e-03
   3.44254854e+02   1.46418309e-03
   3.44255342e+02   1.50113227e-03
   3.44255831e+02   1.92672794e-03
   3.44256319e+02   1.26317493e-03
   3.44256807e+02  -7.06465216e-04
   3.44257296e+02  -1.22960622e-03
   3.44257784e+02  -4.27648862e-04
   3.44258272e+02  -7.21571501e-04
   3.44258761e+02   4.89121710e-04
   3.44259249e+02   1.33441947e-03
   3.44259737e+02  -1.42269055e-04
   3.44260225e+02   5.69779542e-04
   3.44260714e+02   1.95539300e-03
   3.44261202e+02   2.62096571e-03
   3.44261690e+02   2.32021743e-03
   3.44262179e+02   6.11112919e-04
   3.44262667e+02  -6.81619160e-04
   3.44263155e+02  -1.68308592e-03
   3.44263644e+02  -2.96643865e-03
   3.44264132e+02  -2.97104940e-03
   3.44264620e+02  -1.00291055e-03
   3.44265109e+02   6.89959561e-04
   3.44265597e+02   1.09897670e-03
   3.44266085e+02   1.10993884e-03
   3.44266574e+02   1.87833724e-03
   3.44267062e+02   1.37723796e-03
   3.44267550e+02  -1.01868401e-03
   3.44268039e+02  -1.77780830e-03
   3.44268527e+02  -1.39437732e-03
   3.44269015e+02  -9.50560090e-04
   3.44269504e+02   4.44074190e-04
   3.44269992e+02   4.43198514e-04
   3.44270480e+02  -1.05368125e-03
   3.44270969e+02  -1.49659626e-03
   3.44271457e+02  -6.14977616e-04
   3.44271945e+02   3.52974195e-04
   3.44272433e+02   6.28932379e-04
   3.44272922e+02   7.27445411e-04
   3.44273410e+02  -2.25210228e-04
   3.44273898e+02  -2.11811019e-03
   3.44274387e+02  -2.33704410e-03
   3.44274875e+02  -1.20324839e-03
   3.44275363e+02   2.11339153e-04
   3.44275852e+02   9.30154347e-04
   3.44276340e+02   7.75444729e-04
   3.44276828e+02   6.06087851e-04
   3.44277317e+02  -4.19029646e-04
   3.44277805e+02  -1.01930962e-03
   3.44278293e+02   2.21875089e-04
   3.44278782e+02   1.16181362e-03
   3.44279270e+02   6.33227348e-04
   3.44279758e+02  -1.10589946e-03
   3.44280247e+02  -2.84816325e-03
   3.44280735e+02  -2.76020309e-03
   3.44281223e+02  -1.82022958e-03
   3.44281712e+02  -1.21101842e-03
   3.44282200e+02  -5.33498183e-04
   3.44282688e+02   6.39644335e-04
   3.44283176e+02   1.75676320e-03
   3.44283665e+02   2.51861499e-03
   3.44284153e+02   1.83830492e-03
   3.44284641e+02   9.39844234e-04
   3.44285130e+02   1.11782376e-03
   3.44285618e+02   1.72540755e-03
   3.44286106e+02   1.62334449e-03
   3.44286595e+02  -1.70574684e-04
   3.44287083e+02  -2.38527800e-03
   3.44287571e+02  -2.59299926e-03
   3.44288060e+02  -1.54593505e-03
   3.44288548e+02  -2.29053339e-03
   3.44289036e+02  -3.55442520e-03
   3.44289525e+02  -2.26477371e-03
   3.44290013e+02  -1.54123554e-04
   3.44290501e+02  -2.53708306e-04
   3.44290990e+02  -1.14221056e-03
   3.44291478e+02  -1.57901633e-03
   3.44291966e+02  -1.03498029e-03
   3.44292455e+02  -4.21261095e-04
   3.44292943e+02   2.20081274e-04
   3.44293431e+02   9.52231116e-04
   3.44293919e+02   1.31663028e-03
   3.44294408e+02   1.82470528e-03
   3.44294896e+02   8.24969669e-04
   3.44295384e+02  -9.41453152e-04
   3.44295873e+02  -1.10558502e-03
   3.44296361e+02  -3.46088549e-04
   3.44296849e+02  -8.20792164e-04
   3.44297338e+02  -1.82251283e-03
   3.44297826e+02  -5.44136507e-04
   3.44298314e+02   1.75719359e-03
   3.44298803e+02   1.72209553e-03
   3.44299291e+02   5.90166019e-04
   3.44299779e+02   4.90808510e-04
   3.44300268e+02   6.79017336e-04
   3.44300756e+02   2.09492253e-04
   3.44301244e+02  -5.36698732e-04
   3.44301733e+02  -7.93329731e-04
   3.44302221e+02  -5.49938297e-04
   3.44302709e+02   1.24121041e-04
   3.44303198e+02   6.31821866e-04
   3.44303686e+02   6.77029777e-04
   3.44304174e+02   4.46845806e-04
   3.44304663e+02   1.72583939e-04
   3.44305151e+02  -1.60539363e-04
   3.44305639e+02  -1.33761147e-03
   3.44306127e+02  -2.39285897e-03
   3.44306616e+02  -2.84816418e-03
   3.44307104e+02  -1.89982913e-03
   3.44307592e+02   1.93513770e-04
   3.44308081e+02  -2.43469636e-04
   3.44308569e+02  -1.38359447e-03
   3.44309057e+02  -9.33048257e-04
   3.44309546e+02   3.60237755e-04
   3.44310034e+02   9.08186135e-04
   3.44310522e+02  -5.03692660e-04
   3.44311011e+02  -1.43794506e-03
   3.44311499e+02  -3.43613938e-04
   3.44311987e+02   4.11987538e-04
   3.44312476e+02   2.59985263e-03
   3.44312964e+02   2.86351400e-03
   3.44313452e+02   6.98309086e-05
   3.44313941e+02  -9.76898824e-04
   3.44314429e+02   3.38091690e-04
   3.44314917e+02  -7.73706051e-05
   3.44315406e+02  -1.03319844e-03
   3.44315894e+02  -4.31595603e-04
   3.44316382e+02  -8.78513383e-05
   3.44316870e+02  -4.77843074e-04
   3.44317359e+02  -6.32218551e-04
   3.44317847e+02  -3.15075682e-04
   3.44318335e+02  -1.73217006e-04
   3.44318824e+02  -4.44248610e-04
   3.44319312e+02  -4.50725056e-04
   3.44319800e+02  -3.36566632e-06
   3.44320289e+02   4.53962974e-04
   3.44320777e+02   7.67461839e-04
   3.44321265e+02   1.96448556e-04
   3.44321754e+02  -1.75723817e-05
   3.44322242e+02  -1.02127044e-04
   3.44322730e+02  -3.90202331e-04
   3.44323219e+02  -5.11818835e-05
   3.44323707e+02   7.09145446e-04
   3.44324195e+02   1.33017323e-03
   3.44324684e+02   3.88737099e-04
   3.44325172e+02  -1.11781387e-03
   3.44325660e+02  -1.36657921e-03
   3.44326149e+02  -2.90067139e-04
   3.44326637e+02   2.18608556e-03
   3.44327125e+02   2.83158524e-03
   3.44327613e+02   1.44259341e-03
   3.44328102e+02   1.11759163e-03
   3.44328590e+02   5.19824098e-04
   3.44329078e+02  -6.36214449e-04
   3.44329567e+02  -1.20590441e-03
   3.44330055e+02  -1.67808507e-03
   3.44330543e+02  -1.13675022e-03
   3.44331032e+02   1.00878871e-03
   3.44331520e+02   1.88887026e-03
   3.44332008e+02   1.24835095e-03
   3.44332497e+02   1.10387220e-03
   3.44332985e+02   1.55815028e-03
   3.44333473e+02   1.16685918e-03
   3.44333962e+02   8.37279717e-04
   3.44334450e+02   1.42369862e-03
   3.44334938e+02   8.98709462e-04
   3.44335427e+02   3.46268062e-04
   3.44335915e+02   5.86745271e-04
   3.44336403e+02   2.36638225e-04
   3.44336892e+02   1.10002432e-03
   3.44337380e+02   1.76872662e-03
   3.44337868e+02  -5.98988299e-05
   3.44338357e+02  -1.83692272e-03
   3.44338845e+02  -1.05996709e-03
   3.44339333e+02   9.05107416e-04
   3.44339821e+02   9.84758604e-04
   3.44340310e+02  -3.85542022e-04
   3.44340798e+02  -3.02366680e-04
   3.44341286e+02   4.85248049e-04
   3.44341775e+02   1.11272954e-03
   3.44342263e+02   9.51931288e-04
   3.44342751e+02  -4.94857726e-04
   3.44343240e+02  -6.13603101e-04
   3.44343728e+02   2.75693106e-04
   3.44344216e+02  -1.59273914e-04
   3.44344705e+02  -1.99522896e-04
   3.44345193e+02   7.19483010e-04
   3.44345681e+02   5.25552721e-04
   3.44346170e+02  -1.86267833e-04
   3.44346658e+02  -6.18175472e-05
   3.44347146e+02   2.08583093e-04
   3.44347635e+02   3.32112453e-04
   3.44348123e+02  -5.31242695e-04
   3.44348611e+02  -1.59249560e-03
   3.44349100e+02  -1.21345336e-03
   3.44349588e+02  -6.75579242e-04
   3.44350076e+02  -1.02389735e-04
   3.44350564e+02   8.29761906e-04
   3.44351053e+02   1.10713684e-03
   3.44351541e+02   7.73894659e-04
   3.44352029e+02   5.68830583e-04
   3.44352518e+02   2.57819454e-04
   3.44353006e+02   4.54160443e-04
   3.44353494e+02   1.07365614e-03
   3.44353983e+02   1.81645504e-03
   3.44354471e+02   2.17631040e-03
   3.44354959e+02   1.06629089e-03
   3.44355448e+02  -1.80468254e-04
   3.44355936e+02  -8.74561083e-04
   3.44356424e+02  -1.72663771e-03
   3.44356913e+02  -2.15581106e-03
   3.44357401e+02  -8.40141613e-04
   3.44357889e+02   1.34495506e-03
   3.44358378e+02   2.06033653e-03
   3.44358866e+02   2.31633894e-03
   3.44359354e+02   1.48258090e-03
   3.44359843e+02   1.50238357e-05
   3.44360331e+02   4.30343352e-05
   3.44360819e+02   1.40661796e-04
   3.44361307e+02  -1.92676071e-05
   3.44361796e+02   3.99076554e-04
   3.44362284e+02   3.19789338e-04
   3.44362772e+02   6.70091307e-04
   3.44363261e+02   1.05803052e-03
   3.44363749e+02   1.52917375e-04
   3.44364237e+02  -2.71903788e-04
   3.44364726e+02  -9.45778447e-04
   3.44365214e+02  -1.78764493e-03
   3.44365702e+02  -7.98171794e-04
   3.44366191e+02  -8.80315725e-04
   3.44366679e+02  -1.99216814e-03
   3.44367167e+02  -9.07807087e-04
   3.44367656e+02   4.34604299e-04
   3.44368144e+02   1.27130968e-03
   3.44368632e+02   2.53396109e-03
   3.44369121e+02   2.25068047e-03
   3.44369609e+02   5.69479133e-04
   3.44370097e+02  -1.13814091e-03
   3.44370586e+02  -1.34020447e-04
   3.44371074e+02   8.80595879e-04
   3.44371562e+02   2.27905242e-04
   3.44372051e+02   4.19683085e-04
   3.44372539e+02   1.15302927e-03
   3.44373027e+02   1.18576654e-03
   3.44373515e+02   7.29986175e-04
   3.44374004e+02   3.03416833e-04
   3.44374492e+02  -5.45807816e-05
   3.44374980e+02  -6.75596821e-04
   3.44375469e+02  -1.64795283e-03
   3.44375957e+02  -2.00672541e-03
   3.44376445e+02  -3.98554723e-04
   3.44376934e+02   6.21312880e-04
   3.44377422e+02   3.24693799e-04
   3.44377910e+02   9.56736767e-05
   3.44378399e+02   2.45699746e-04
   3.44378887e+02   7.67259335e-04
   3.44379375e+02   4.50191437e-05
   3.44379864e+02  -6.42697793e-04
   3.44380352e+02  -5.50919794e-04
   3.44380840e+02  -6.62918028e-04
   3.44381329e+02  -3.02287022e-04
   3.44381817e+02   4.19592398e-04
   3.44382305e+02   8.22220638e-04
   3.44382794e+02  -1.33754002e-04
   3.44383282e+02  -7.69490493e-04
   3.44383770e+02  -6.53918949e-04
   3.44384258e+02  -7.02977995e-04
   3.44384747e+02  -2.68855772e-04
   3.44385235e+02  -3.78146826e-04
   3.44385723e+02  -1.78556680e-03
   3.44386212e+02  -2.57330923e-03
   3.44386700e+02  -1.29512139e-03
   3.44387188e+02   1.37400610e-04
   3.44387677e+02   3.93208844e-04
   3.44388165e+02  -3.02505621e-04
   3.44388653e+02  -1.61392719e-03
   3.44389142e+02  -2.69117905e-03
   3.44389630e+02  -2.05768994e-03
   3.44390118e+02  -6.71142072e-04
   3.44390607e+02   4.15957416e-04
   3.44391095e+02   5.75830345e-04
   3.44391583e+02   1.02427532e-03
   3.44392072e+02   1.58908195e-03
   3.44392560e+02   1.12721976e-03
   3.44393048e+02   1.07893073e-04
   3.44393537e+02  -1.06601836e-03
   3.44394025e+02  -1.23708358e-03
   3.44394513e+02   2.84078007e-04
   3.44395002e+02   1.09760626e-03
   3.44395490e+02   7.57642993e-05
   3.44395978e+02  -8.58753046e-04
   3.44396466e+02  -1.31320441e-03
   3.44396955e+02  -3.52932082e-04
   3.44397443e+02   9.24832711e-04
   3.44397931e+02   1.12450845e-03
   3.44398420e+02   1.22408348e-03
   3.44398908e+02   4.36318951e-04
   3.44399396e+02  -1.19439757e-03
   3.44399885e+02  -2.19758670e-03
   3.44400373e+02  -2.36870442e-03
   3.44400861e+02  -6.41441904e-04
   3.44401350e+02   2.30808696e-03
   3.44401838e+02   2.57548434e-03
   3.44402326e+02   7.20263997e-05
   3.44402815e+02  -1.46662677e-03
   3.44403303e+02  -1.01023575e-03
   3.44403791e+02  -1.38122297e-03
   3.44404280e+02  -1.44272565e-03
   3.44404768e+02   1.05061149e-03
   3.44405256e+02   2.20374390e-03
   3.44405745e+02   8.09586782e-04
   3.44406233e+02   6.22921973e-04
   3.44406721e+02   1.21005066e-03
   3.44407209e+02   1.37392816e-03
   3.44407698e+02   1.11858069e-03
   3.44408186e+02   1.34861941e-04
   3.44408674e+02  -7.16655748e-04
   3.44409163e+02   2.76401901e-04
   3.44409651e+02   7.27940409e-04
   3.44410139e+02  -5.86423266e-04
   3.44410628e+02  -6.25804998e-04
   3.44411116e+02   5.49565419e-04
   3.44411604e+02   1.04325742e-03
   3.44412093e+02   9.87834996e-04
   3.44412581e+02   6.20160776e-04
   3.44413069e+02   4.60094947e-04
   3.44413558e+02   4.11997098e-06
   3.44414046e+02  -8.74066318e-04
   3.44414534e+02  -7.66930694e-04
   3.44415023e+02   4.27480176e-04
   3.44415511e+02   1.32186175e-03
   3.44415999e+02   1.44909238e-04
   3.44416488e+02  -2.02243938e-03
   3.44416976e+02  -1.56519562e-03
   3.44417464e+02   5.65240509e-04
   3.44417952e+02   9.83472797e-04
   3.44418441e+02   3.05129535e-04
   3.44418929e+02   9.86393075e-04
   3.44419417e+02   2.11468898e-03
   3.44419906e+02   1.95344081e-04
   3.44420394e+02  -2.56080693e-03
   3.44420882e+02  -2.14836979e-03
   3.44421371e+02  -1.16795558e-03
   3.44421859e+02  -1.93047582e-03
   3.44422347e+02  -1.16822741e-03
   3.44422836e+02   3.96444550e-04
   3.44423324e+02   1.32320070e-04
   3.44423812e+02   1.01922743e-03
   3.44424301e+02   2.92044762e-03
   3.44424789e+02   2.10780022e-03
   3.44425277e+02   3.16128629e-04
   3.44425766e+02   1.99054528e-04
   3.44426254e+02   3.09995696e-04
   3.44426742e+02   1.33319618e-03
   3.44427231e+02   2.41925358e-03
   3.44427719e+02   1.61719078e-03
   3.44428207e+02  -1.21391693e-03
   3.44428696e+02  -2.85751955e-03
   3.44429184e+02  -1.36777444e-03
   3.44429672e+02  -4.10003646e-04
   3.44430160e+02  -7.11663160e-04
   3.44430649e+02  -5.19233057e-04
   3.44431137e+02  -1.59347244e-03
   3.44431625e+02  -2.81286146e-03
   3.44432114e+02  -2.20092433e-03
   3.44432602e+02  -1.25108147e-03
   3.44433090e+02  -9.25356406e-04
   3.44433579e+02   2.74537597e-04
   3.44434067e+02   1.30201713e-03
   3.44434555e+02   1.08763413e-03
   3.44435044e+02   3.97194293e-04
   3.44435532e+02   1.25408158e-04
   3.44436020e+02   1.36602402e-03
   3.44436509e+02   5.08596480e-04
   3.44436997e+02  -2.03235517e-03
   3.44437485e+02  -1.87248981e-03
   3.44437974e+02  -4.93495434e-04
   3.44438462e+02   7.35216483e-04
   3.44438950e+02   1.34947931e-03
   3.44439439e+02   1.52875879e-03
   3.44439927e+02   6.33685035e-04
   3.44440415e+02  -9.95722949e-04
   3.44440903e+02  -1.24292402e-03
   3.44441392e+02  -8.38064123e-04
   3.44441880e+02  -4.28733823e-04
   3.44442368e+02   5.21432492e-04
   3.44442857e+02   5.86455863e-04
   3.44443345e+02   4.57553950e-04
   3.44443833e+02  -9.77033487e-05
   3.44444322e+02  -7.79518217e-04
   3.44444810e+02  -3.77159275e-04
   3.44445298e+02   5.13398380e-04
   3.44445787e+02   9.34207696e-04
   3.44446275e+02   1.64242147e-03
   3.44446763e+02   1.46619114e-03
   3.44447252e+02   8.06013821e-04
   3.44447740e+02   1.20782608e-03
   3.44448228e+02   1.56403240e-03
   3.44448717e+02   1.24347652e-03
   3.44449205e+02   2.78202962e-04
   3.44449693e+02  -3.50186339e-04
   3.44450182e+02   4.46224003e-04
   3.44450670e+02   4.84181859e-04
   3.44451158e+02  -4.36220762e-05
   3.44451646e+02   4.06430365e-04
   3.44452135e+02   1.37051346e-03
   3.44452623e+02   1.87035266e-03
   3.44453111e+02   1.27747096e-03
   3.44453600e+02   3.68648529e-04
   3.44454088e+02   6.94602088e-04
   3.44454576e+02   2.07811012e-03
   3.44455065e+02   9.01910360e-04
   3.44455553e+02  -3.18051571e-05
   3.44456041e+02   2.25139898e-03
   3.44456530e+02   3.10793193e-03
   3.44457018e+02   1.01259246e-03
   3.44457506e+02  -2.29869343e-04
   3.44457995e+02   7.64458382e-04
   3.44458483e+02   1.70524837e-03
   3.44458971e+02   9.11758863e-04
   3.44459460e+02  -5.47945092e-04
   3.44459948e+02  -1.68509362e-03
   3.44460436e+02  -1.98406912e-03
   3.44460925e+02  -1.22981542e-03
   3.44461413e+02  -6.27078931e-04
   3.44461901e+02  -5.66915143e-04
   3.44462390e+02  -1.20827055e-03
   3.44462878e+02  -1.12674257e-03
   3.44463366e+02   4.86372417e-04
   3.44463854e+02   2.91539286e-03
   3.44464343e+02   3.60032916e-03
   3.44464831e+02   2.03880644e-03
   3.44465319e+02   1.45513960e-03
   3.44465808e+02   1.22787850e-03
   3.44466296e+02  -1.52360648e-04
   3.44466784e+02  -1.23713969e-03
   3.44467273e+02  -1.21039350e-03
   3.44467761e+02  -6.33136078e-04
   3.44468249e+02  -7.36709335e-04
   3.44468738e+02  -1.96647202e-03
   3.44469226e+02  -1.77175016e-03
   3.44469714e+02   6.75322517e-05
   3.44470203e+02  -3.00469081e-04
   3.44470691e+02  -1.63106970e-03
   3.44471179e+02  -3.32574011e-04
   3.44471668e+02   2.25184392e-03
   3.44472156e+02   2.44830269e-03
   3.44472644e+02   2.04366515e-04
   3.44473133e+02  -6.77463075e-04
   3.44473621e+02   3.38372716e-04
   3.44474109e+02   2.18067100e-04
   3.44474597e+02  -5.69345546e-04
   3.44475086e+02  -3.30119743e-04
   3.44475574e+02   1.47280240e-04
   3.44476062e+02  -5.02689509e-04
   3.44476551e+02  -7.74072658e-04
   3.44477039e+02  -9.72979935e-04
   3.44477527e+02  -1.79165753e-03
   3.44478016e+02  -6.44019456e-04
   3.44478504e+02   8.41059198e-04
   3.44478992e+02   1.27376494e-04
   3.44479481e+02  -9.15584678e-04
   3.44479969e+02  -1.32569374e-04
   3.44480457e+02   1.47125975e-03
   3.44480946e+02   1.20359845e-03
   3.44481434e+02  -9.65370855e-05
   3.44481922e+02  -5.65467053e-05
   3.44482411e+02  -4.83271026e-04
   3.44482899e+02  -1.64772209e-03
   3.44483387e+02  -1.83316669e-03
   3.44483876e+02  -1.02635357e-03
   3.44484364e+02  -8.16968386e-04
   3.44484852e+02  -1.46074418e-03
   3.44485340e+02  -7.36921793e-04
   3.44485829e+02   1.47476140e-03
   3.44486317e+02   2.13057804e-03
   3.44486805e+02   5.46398223e-05
   3.44487294e+02  -1.58676074e-03
   3.44487782e+02  -1.72237866e-03
   3.44488270e+02  -2.33799475e-03
   3.44488759e+02  -1.18789228e-03
   3.44489247e+02  -1.06218713e-03
   3.44489735e+02  -3.03917052e-03
   3.44490224e+02  -1.90979207e-03
   3.44490712e+02  -9.99438416e-05
   3.44491200e+02   2.31310027e-04
   3.44491689e+02   8.62302375e-04
   3.44492177e+02   1.89151464e-03
   3.44492665e+02   2.49858527e-03
   3.44493154e+02   1.93304627e-03
   3.44493642e+02   8.53993290e-04
   3.44494130e+02   9.26235080e-05
   3.44494619e+02  -1.44483594e-04
   3.44495107e+02   1.16262978e-04
   3.44495595e+02  -5.06119221e-04
   3.44496084e+02  -1.67814293e-03
   3.44496572e+02  -1.92353362e-03
   3.44497060e+02  -1.11416259e-04
   3.44497548e+02   1.45658408e-03
   3.44498037e+02   1.32576667e-03
   3.44498525e+02   7.81279057e-04
   3.44499013e+02  -2.26073316e-05
   3.44499502e+02   1.98467664e-04
   3.44499990e+02   1.27827388e-03
   3.44500478e+02   1.66044675e-03
   3.44500967e+02   1.00610720e-03
   3.44501455e+02  -8.10301026e-06
   3.44501943e+02  -1.17273501e-03
   3.44502432e+02  -1.38007931e-03
   3.44502920e+02  -1.36314996e-03
   3.44503408e+02  -1.29934307e-03
   3.44503897e+02  -1.05901971e-03
   3.44504385e+02  -1.23989733e-03
   3.44504873e+02  -1.73386454e-03
   3.44505362e+02  -1.62714662e-03
   3.44505850e+02  -9.75795498e-04
   3.44506338e+02  -8.70292017e-04
   3.44506827e+02   5.26456046e-04
   3.44507315e+02   1.43838441e-03
   3.44507803e+02  -5.42819398e-05
   3.44508291e+02  -3.88113222e-05
   3.44508780e+02   1.03734829e-03
   3.44509268e+02   1.06919615e-03
   3.44509756e+02   1.74079859e-03
   3.44510245e+02   1.29658147e-03
   3.44510733e+02   5.18256820e-06
   3.44511221e+02   1.07385230e-03
   3.44511710e+02   2.38364539e-03
   3.44512198e+02   1.73879019e-03
   3.44512686e+02   1.39161304e-03
   3.44513175e+02   9.19841812e-04
   3.44513663e+02  -1.56181603e-04
   3.44514151e+02  -6.72794413e-04
   3.44514640e+02  -9.93494643e-04
   3.44515128e+02  -1.63115468e-03
   3.44515616e+02  -2.10070284e-03
   3.44516105e+02  -1.89190800e-03
   3.44516593e+02  -2.20193691e-03
   3.44517081e+02  -1.72394514e-03
   3.44517570e+02  -3.85086983e-04
   3.44518058e+02   7.92081875e-04
   3.44518546e+02   1.99009478e-03
   3.44519034e+02   1.64078712e-03
   3.44519523e+02  -3.37846199e-04
   3.44520011e+02  -1.30244717e-03
   3.44520499e+02  -1.79218373e-03
   3.44520988e+02  -1.34160777e-03
   3.44521476e+02  -4.90466482e-04
   3.44521964e+02  -9.46674612e-04
   3.44522453e+02  -8.27298791e-04
   3.44522941e+02   2.14476371e-04
   3.44523429e+02   6.06370042e-04
   3.44523918e+02  -1.10173482e-04
   3.44524406e+02  -7.96143897e-04
   3.44524894e+02   3.35623808e-05
   3.44525383e+02   4.91770334e-04
   3.44525871e+02  -5.51822595e-04
   3.44526359e+02  -8.91131465e-04
   3.44526848e+02  -1.32608670e-03
   3.44527336e+02  -1.30916305e-03
   3.44527824e+02   1.62697892e-04
   3.44528313e+02   1.25106738e-03
   3.44528801e+02   6.98281918e-04
   3.44529289e+02   1.54861700e-05
   3.44529778e+02   1.04633882e-03
   3.44530266e+02   6.01458712e-04
   3.44530754e+02  -1.43412151e-03
   3.44531242e+02  -5.62254630e-04
   3.44531731e+02   2.50981702e-03
   3.44532219e+02   3.85141862e-03
   3.44532707e+02   1.86893018e-03
   3.44533196e+02   4.59600706e-04
   3.44533684e+02  -3.90231071e-05
   3.44534172e+02  -1.45545893e-03
   3.44534661e+02  -2.36132671e-03
   3.44535149e+02  -2.20715930e-03
   3.44535637e+02  -9.79811302e-04
   3.44536126e+02  -6.77780830e-04
   3.44536614e+02  -1.67789462e-03
   3.44537102e+02  -7.88444711e-04
   3.44537591e+02   5.45811898e-04
   3.44538079e+02   2.66956689e-04
   3.44538567e+02   1.70414016e-04
   3.44539056e+02   8.13327555e-04
   3.44539544e+02   1.55418157e-03
   3.44540032e+02   1.15256256e-03
   3.44540521e+02  -4.58727372e-05
   3.44541009e+02  -9.17805708e-04
   3.44541497e+02  -1.08417624e-03
   3.44541985e+02  -1.33287790e-03
   3.44542474e+02  -1.96306361e-03
   3.44542962e+02  -1.67796167e-03
   3.44543450e+02  -5.13161009e-04
   3.44543939e+02  -5.39473374e-04
   3.44544427e+02  -9.22313775e-04
   3.44544915e+02  -1.67499078e-04
   3.44545404e+02   6.88887783e-04
   3.44545892e+02  -6.08928203e-05
   3.44546380e+02  -1.40175654e-03
   3.44546869e+02  -2.37459681e-05
   3.44547357e+02   2.40884675e-03
   3.44547845e+02   2.78124772e-03
   3.44548334e+02   3.89639754e-04
   3.44548822e+02  -9.59391124e-04
   3.44549310e+02  -2.33961648e-04
   3.44549799e+02   3.79726465e-04
   3.44550287e+02   3.90060304e-04
   3.44550775e+02  -1.44539095e-04
   3.44551264e+02  -1.57559244e-03
   3.44551752e+02  -2.64107669e-03
   3.44552240e+02  -1.81388319e-03
   3.44552729e+02  -9.95149385e-05
   3.44553217e+02  -5.63718822e-05
   3.44553705e+02  -6.74155657e-04
   3.44554193e+02   2.96310318e-04
   3.44554682e+02   8.27647862e-04
   3.44555170e+02  -8.10496567e-05
   3.44555658e+02   4.68173559e-04
   3.44556147e+02   6.30241528e-04
   3.44556635e+02  -7.75891705e-04
   3.44557123e+02  -1.06329797e-03
   3.44557612e+02  -6.43662934e-04
   3.44558100e+02  -5.21950307e-04
   3.44558588e+02  -1.11659640e-03
   3.44559077e+02  -1.18866947e-03
   3.44559565e+02   1.33263175e-05
   3.44560053e+02   6.25158369e-04
   3.44560542e+02   8.98997459e-05
   3.44561030e+02  -7.14768772e-04
   3.44561518e+02  -9.84538579e-04
   3.44562007e+02  -1.05939200e-03
   3.44562495e+02  -8.59405729e-04
   3.44562983e+02  -4.68586164e-04
   3.44563472e+02   1.38972086e-04
   3.44563960e+02   2.57932319e-04
   3.44564448e+02   4.32130182e-04
   3.44564936e+02   1.20118761e-03
   3.44565425e+02   1.15111074e-03
   3.44565913e+02  -8.86192083e-06
   3.44566401e+02  -7.78317510e-04
   3.44566890e+02  -1.02699420e-03
   3.44567378e+02  -8.14357656e-04
   3.44567866e+02   1.43183584e-04
   3.44568355e+02  -9.91181005e-04
   3.44568843e+02  -1.91549771e-03
   3.44569331e+02  -4.94973385e-04
   3.44569820e+02  -3.95740644e-04
   3.44570308e+02  -1.46877032e-03
   3.44570796e+02  -1.23930222e-03
   3.44571285e+02   7.01393175e-04
   3.44571773e+02   1.75974669e-03
   3.44572261e+02   4.20650671e-04
   3.44572750e+02  -1.56462111e-03
   3.44573238e+02  -2.29756697e-03
   3.44573726e+02  -1.72506180e-03
   3.44574215e+02  -3.39102757e-04
   3.44574703e+02   9.08071990e-04
   3.44575191e+02   5.42310474e-04
   3.44575679e+02  -4.55699228e-05
   3.44576168e+02  -2.24190357e-04
   3.44576656e+02  -7.19291973e-04
   3.44577144e+02  -1.09408284e-03
   3.44577633e+02  -9.20120161e-04
   3.44578121e+02  -8.71345808e-04
   3.44578609e+02  -8.88844719e-04
   3.44579098e+02   5.19933761e-04
   3.44579586e+02   1.10291003e-03
   3.44580074e+02  -2.26374046e-04
   3.44580563e+02  -2.68648524e-04
   3.44581051e+02   8.63816880e-04
   3.44581539e+02   6.41844992e-04
   3.44582028e+02  -6.02367334e-04
   3.44582516e+02  -1.45606860e-03
   3.44583004e+02  -1.98924588e-03
   3.44583493e+02  -2.85771000e-03
   3.44583981e+02  -2.75808456e-03
   3.44584469e+02  -9.37128381e-04
   3.44584958e+02   5.72169549e-04
   3.44585446e+02   1.42425284e-04
   3.44585934e+02  -1.46954830e-04
   3.44586423e+02  -8.01147471e-05
   3.44586911e+02  -5.32708771e-04
   3.44587399e+02   5.61590678e-05
   3.44587887e+02   6.04400295e-04
   3.44588376e+02  -7.85626180e-04
   3.44588864e+02  -1.98855111e-03
   3.44589352e+02  -8.27119802e-04
   3.44589841e+02   1.59746048e-03
   3.44590329e+02   9.91412322e-04
   3.44590817e+02  -9.54559888e-04
   3.44591306e+02  -6.65639061e-04
   3.44591794e+02  -4.90755425e-04
   3.44592282e+02  -1.69341662e-03
   3.44592771e+02  -1.83611759e-03
   3.44593259e+02  -1.18373299e-03
   3.44593747e+02  -2.14100257e-03
   3.44594236e+02  -2.17501703e-03
   3.44594724e+02   1.49987594e-04
   3.44595212e+02   7.28363812e-04
   3.44595701e+02  -5.54122671e-04
   3.44596189e+02  -5.78716805e-04
   3.44596677e+02   8.68239840e-06
   3.44597166e+02   1.65617181e-04
   3.44597654e+02  -6.45802706e-04
   3.44598142e+02  -6.21589599e-04
   3.44598630e+02   2.26514050e-04
   3.44599119e+02  -3.12265387e-04
   3.44599607e+02  -2.92291352e-05
   3.44600095e+02   1.79379189e-03
   3.44600584e+02   2.30632978e-03
   3.44601072e+02   1.03529310e-03
   3.44601560e+02   6.44651009e-05
   3.44602049e+02  -1.51388336e-03
   3.44602537e+02  -3.62325320e-03
   3.44603025e+02  -2.81413784e-03
   3.44603514e+02  -1.12995261e-03
   3.44604002e+02  -5.10324433e-04
   3.44604490e+02  -1.02621026e-03
   3.44604979e+02  -2.20951834e-03
   3.44605467e+02  -5.53333201e-04
   3.44605955e+02   1.46143709e-03
   3.44606444e+02   6.98840231e-05
   3.44606932e+02  -1.39915210e-03
   3.44607420e+02  -5.42889349e-04
   3.44607909e+02  -9.34254422e-05
   3.44608397e+02  -8.41541856e-04
   3.44608885e+02  -1.40382268e-03
   3.44609373e+02  -1.34111324e-03
   3.44609862e+02  -1.68529071e-03
   3.44610350e+02  -9.84233688e-04
   3.44610838e+02   6.47899287e-04
   3.44611327e+02   9.59437632e-04
   3.44611815e+02   2.11504591e-03
   3.44612303e+02   1.15712231e-03
   3.44612792e+02  -1.37491233e-03
   3.44613280e+02  -9.41165345e-05
   3.44613768e+02   2.08973303e-03
   3.44614257e+02   1.85347442e-03
   3.44614745e+02   7.41123338e-04
   3.44615233e+02   2.95490376e-04
   3.44615722e+02  -2.62438261e-04
   3.44616210e+02  -1.27318408e-03
   3.44616698e+02  -8.45026632e-04
   3.44617187e+02   1.20391394e-03
   3.44617675e+02   1.29920070e-03
   3.44618163e+02  -1.22825906e-03
   3.44618652e+02  -1.86886510e-03
   3.44619140e+02  -1.08946033e-03
   3.44619628e+02  -3.92991322e-04
   3.44620117e+02   5.77790430e-04
   3.44620605e+02   6.52190356e-04
   3.44621093e+02   9.24080319e-04
   3.44621581e+02   1.72143045e-03
   3.44622070e+02   1.18236442e-03
   3.44622558e+02   1.44589168e-04
   3.44623046e+02  -4.55877016e-04
   3.44623535e+02   6.30182840e-05
   3.44624023e+02   1.17571640e-03
   3.44624511e+02   1.38084847e-03
   3.44625000e+02   1.52255688e-03
   3.44625488e+02   2.06835405e-03
   3.44625976e+02   1.21163623e-03
   3.44626465e+02  -5.58233703e-04
   3.44626953e+02  -5.37704735e-04
   3.44627441e+02   1.57764205e-03
   3.44627930e+02   2.73845950e-03
   3.44628418e+02   1.81432243e-03
   3.44628906e+02   1.60604506e-03
   3.44629395e+02   2.16583861e-03
   3.44629883e+02   1.81224546e-03
   3.44630371e+02   1.57309417e-03
   3.44630860e+02   7.11856876e-04
   3.44631348e+02  -8.58622196e-04
   3.44631836e+02  -6.07149326e-04
   3.44632324e+02   8.97618418e-04
   3.44632813e+02   1.05019554e-03
   3.44633301e+02   2.03903721e-04
   3.44633789e+02   6.83735823e-04
   3.44634278e+02   1.20194256e-03
   3.44634766e+02   3.43270047e-04
   3.44635254e+02   2.48510012e-04
   3.44635743e+02  -6.36227123e-05
   3.44636231e+02  -1.33293460e-03
   3.44636719e+02  -7.03868165e-04
   3.44637208e+02   3.82093654e-04
   3.44637696e+02  -7.52293912e-04
   3.44638184e+02  -1.51543110e-03
   3.44638673e+02  -9.16273275e-04
   3.44639161e+02  -6.76796830e-04
   3.44639649e+02  -4.65027115e-05
   3.44640138e+02   6.29799382e-04
   3.44640626e+02   7.12232024e-04
   3.44641114e+02   2.89782940e-04
   3.44641603e+02  -1.29301130e-04
   3.44642091e+02  -9.13643686e-04
   3.44642579e+02  -1.41575316e-03
   3.44643067e+02  -7.94648833e-04
   3.44643556e+02  -5.46212948e-04
   3.44644044e+02   9.18071833e-04
   3.44644532e+02   2.47305352e-03
   3.44645021e+02   6.65756757e-04
   3.44645509e+02  -1.47409737e-03
   3.44645997e+02  -1.72498496e-03
   3.44646486e+02  -1.15411461e-03
   3.44646974e+02  -1.47208746e-03
   3.44647462e+02  -2.11100094e-03
   3.44647951e+02  -8.50131793e-04
   3.44648439e+02  -9.90875065e-04
   3.44648927e+02  -2.49171397e-03
   3.44649416e+02  -1.62157766e-03
   3.44649904e+02  -6.39864418e-04
   3.44650392e+02  -4.57920280e-04
   3.44650881e+02   4.91637184e-05
   3.44651369e+02   6.37318823e-04
   3.44651857e+02   7.16415059e-04
   3.44652346e+02   7.55758258e-04
   3.44652834e+02   5.93532284e-04
   3.44653322e+02  -3.91071007e-05
   3.44653811e+02   1.32037723e-03
   3.44654299e+02   2.22241110e-03
   3.44654787e+02   8.98325117e-04
   3.44655275e+02   1.10271666e-03
   3.44655764e+02   2.03214493e-03
   3.44656252e+02   2.04510195e-03
   3.44656740e+02   8.47415882e-04
   3.44657229e+02  -1.38886273e-03
   3.44657717e+02  -2.07984098e-03
   3.44658205e+02  -8.87822243e-04
   3.44658694e+02   1.46815961e-03
   3.44659182e+02   2.52220384e-03
   3.44659670e+02   1.60580629e-03
   3.44660159e+02   1.45838619e-03
   3.44660647e+02   7.56785157e-04
   3.44661135e+02  -1.13846734e-03
   3.44661624e+02  -1.79305323e-03
   3.44662112e+02  -1.42858305e-03
   3.44662600e+02  -7.49602099e-04
   3.44663089e+02   6.81746227e-04
   3.44663577e+02   1.11173326e-03
   3.44664065e+02   1.18617807e-03
   3.44664554e+02   1.15899090e-03
   3.44665042e+02   1.21930009e-03
   3.44665530e+02   7.47089565e-04
   3.44666018e+02   1.21360575e-03
   3.44666507e+02   2.22458551e-03
   3.44666995e+02   1.24449050e-03
   3.44667483e+02   3.70933209e-04
   3.44667972e+02   1.41345849e-03
   3.44668460e+02   2.64348160e-03
   3.44668948e+02   2.19531264e-03
   3.44669437e+02   6.82464335e-04
   3.44669925e+02   4.20008320e-04
   3.44670413e+02   1.41312063e-04
   3.44670902e+02  -1.70326210e-03
   3.44671390e+02  -2.81879259e-03
   3.44671878e+02  -1.67109794e-03
   3.44672367e+02  -3.08125425e-04
   3.44672855e+02  -7.76621819e-05
   3.44673343e+02  -3.47044814e-04
   3.44673832e+02   4.56843904e-04
   3.44674320e+02   1.41452777e-03
   3.44674808e+02   9.84244281e-04
   3.44675297e+02   1.04689598e-03
   3.44675785e+02   1.52052112e-03
   3.44676273e+02   1.18066883e-03
   3.44676761e+02  -2.08845067e-05
   3.44677250e+02  -9.26091045e-04
   3.44677738e+02  -2.60082852e-05
   3.44678226e+02   8.34280101e-04
   3.44678715e+02   3.67372995e-04
   3.44679203e+02  -3.84144689e-04
   3.44679691e+02  -7.96644134e-04
   3.44680180e+02  -1.22986163e-03
   3.44680668e+02  -2.32677534e-03
   3.44681156e+02  -1.85826933e-03
   3.44681645e+02  -4.46001388e-04
   3.44682133e+02   4.61392163e-04
   3.44682621e+02   1.29926798e-03
   3.44683110e+02   1.37429312e-03
   3.44683598e+02   7.63266638e-04
   3.44684086e+02   1.19710469e-03
   3.44684575e+02   1.86321104e-03
   3.44685063e+02   1.35873305e-03
   3.44685551e+02  -1.40877484e-04
   3.44686040e+02  -2.20579561e-03
   3.44686528e+02  -2.14488199e-03
   3.44687016e+02  -5.77886749e-05
   3.44687505e+02  -4.12094669e-04
   3.44687993e+02  -1.05441688e-03
   3.44688481e+02  -1.24481274e-04
   3.44688969e+02   1.58233524e-04
   3.44689458e+02   7.12284935e-04
   3.44689946e+02   8.72213102e-04
   3.44690434e+02   5.44602408e-05
   3.44690923e+02  -8.81596992e-04
   3.44691411e+02  -1.25638419e-03
   3.44691899e+02  -7.60121693e-05
   3.44692388e+02   1.21122168e-03
   3.44692876e+02   7.59329298e-04
   3.44693364e+02  -1.31637673e-04
   3.44693853e+02   1.19307078e-04
   3.44694341e+02   6.27294416e-04
   3.44694829e+02   9.08604532e-04
   3.44695318e+02   6.78113138e-04
   3.44695806e+02  -4.82813397e-04
   3.44696294e+02  -3.55653610e-04
   3.44696783e+02   3.75021889e-04
   3.44697271e+02   2.62243484e-05
   3.44697759e+02  -4.22990852e-04
   3.44698248e+02   6.60392689e-05
   3.44698736e+02   6.66968990e-04
   3.44699224e+02   1.10319641e-03
   3.44699712e+02   7.97028246e-04
   3.44700201e+02  -5.88250870e-04
   3.44700689e+02  -1.54395797e-03
   3.44701177e+02  -1.04203448e-03
   3.44701666e+02   3.37810663e-04
   3.44702154e+02   3.29932693e-04
   3.44702642e+02  -1.48063165e-03
   3.44703131e+02  -2.22532335e-03
   3.44703619e+02  -8.48031661e-04
   3.44704107e+02   8.43159389e-04
   3.44704596e+02   1.01409981e-03
   3.44705084e+02  -1.59300489e-05
   3.44705572e+02  -9.83456994e-06
   3.44706061e+02   9.78679280e-04
   3.44706549e+02   1.76897075e-03
   3.44707037e+02   7.73825450e-04
   3.44707526e+02  -3.78133671e-04
   3.44708014e+02   1.13463262e-03
   3.44708502e+02   2.46977317e-03
   3.44708991e+02   1.80441502e-03
   3.44709479e+02   4.92126564e-04
   3.44709967e+02  -7.42515665e-04
   3.44710456e+02  -1.87990241e-04
   3.44710944e+02   8.37009065e-06
   3.44711432e+02  -8.62357207e-04
   3.44711920e+02  -4.16097289e-04
   3.44712409e+02  -8.22391958e-05
   3.44712897e+02  -8.59383086e-04
   3.44713385e+02  -1.48184190e-03
   3.44713874e+02  -2.77866377e-04
   3.44714362e+02   1.63116306e-03
   3.44714850e+02   1.40208984e-03
   3.44715339e+02   1.46232647e-04
   3.44715827e+02  -4.00871359e-04
   3.44716315e+02  -9.61817626e-04
   3.44716804e+02  -5.21004957e-04
   3.44717292e+02   1.71583763e-03
   3.44717780e+02   1.74565229e-03
   3.44718269e+02  -4.29784966e-04
   3.44718757e+02  -1.92608591e-03
   3.44719245e+02  -2.09914614e-03
   3.44719734e+02  -7.52399559e-04
   3.44720222e+02   4.04507882e-05
   3.44720710e+02  -8.21669819e-04
   3.44721199e+02  -4.74469649e-04
   3.44721687e+02   1.17729430e-03
   3.44722175e+02   1.01883034e-03
   3.44722663e+02  -1.13919121e-03
   3.44723152e+02  -1.95751619e-03
   3.44723640e+02  -1.52713177e-03
   3.44724128e+02  -1.45082560e-03
   3.44724617e+02  -4.29331587e-04
   3.44725105e+02   1.04474858e-03
   3.44725593e+02   1.30792067e-03
   3.44726082e+02   8.11397738e-04
   3.44726570e+02   4.41581826e-04
   3.44727058e+02   2.04271040e-04
   3.44727547e+02  -1.11508730e-03
   3.44728035e+02  -1.72975892e-03
   3.44728523e+02  -1.20854948e-03
   3.44729012e+02  -9.72440990e-04
   3.44729500e+02  -8.29078548e-04
   3.44729988e+02   2.41276881e-04
   3.44730477e+02   4.54625348e-04
   3.44730965e+02  -1.25108601e-03
   3.44731453e+02  -2.24357680e-03
   3.44731942e+02  -1.25581108e-03
   3.44732430e+02   6.18480262e-04
   3.44732918e+02   5.22706250e-04
   3.44733406e+02  -1.10153190e-03
   3.44733895e+02  -1.52955868e-03
   3.44734383e+02  -9.43550433e-04
   3.44734871e+02   4.90878534e-04
   3.44735360e+02   6.94315240e-04
   3.44735848e+02  -6.72626600e-04
   3.44736336e+02  -1.54748885e-03
   3.44736825e+02  -2.62701628e-03
   3.44737313e+02  -1.94569852e-03
   3.44737801e+02   2.01689458e-04
   3.44738290e+02   3.87081818e-04
   3.44738778e+02   8.43636371e-05
   3.44739266e+02   1.45198591e-03
   3.44739755e+02   2.01390358e-03
   3.44740243e+02   9.28625290e-04
   3.44740731e+02   2.99871172e-04
   3.44741220e+02   5.91568765e-04
   3.44741708e+02  -2.22078816e-04
   3.44742196e+02  -1.91807619e-03
   3.44742685e+02  -2.62127561e-03
   3.44743173e+02  -2.15980248e-03
   3.44743661e+02  -1.60345458e-03
   3.44744150e+02  -1.15307979e-03
   3.44744638e+02  -1.61123942e-04
   3.44745126e+02  -1.61146381e-04
   3.44745614e+02  -5.66254428e-04
   3.44746103e+02  -1.14445225e-04
   3.44746591e+02   1.74665372e-04
   3.44747079e+02   7.33235283e-05
   3.44747568e+02  -2.27746932e-04
   3.44748056e+02  -1.16205239e-03
   3.44748544e+02  -1.42653822e-03
   3.44749033e+02   2.02715164e-04
   3.44749521e+02   1.69304013e-03
   3.44750009e+02   1.02662214e-03
   3.44750498e+02  -6.33552991e-05
   3.44750986e+02   1.75126755e-04
   3.44751474e+02  -1.18403375e-04
   3.44751963e+02  -2.62939924e-04
   3.44752451e+02  -4.44935315e-04
   3.44752939e+02  -9.72617709e-04
   3.44753428e+02  -5.09755919e-04
   3.44753916e+02   5.19039226e-04
   3.44754404e+02   9.23536601e-04
   3.44754893e+02   1.13847142e-03
   3.44755381e+02   8.39623317e-05
   3.44755869e+02  -1.91617373e-03
   3.44756357e+02  -9.78601514e-04
   3.44756846e+02   5.82186738e-04
   3.44757334e+02  -1.19957770e-03
   3.44757822e+02  -1.67853257e-03
   3.44758311e+02   3.00029817e-04
   3.44758799e+02  -9.82734142e-04
   3.44759287e+02  -2.32706382e-03
   3.44759776e+02  -5.89438190e-04
   3.44760264e+02  -4.16400871e-04
   3.44760752e+02  -4.94782813e-04
   3.44761241e+02   5.42008202e-04
   3.44761729e+02   1.15479925e-03
   3.44762217e+02   9.42503219e-04
   3.44762706e+02   3.02936998e-04
   3.44763194e+02   4.52674547e-04
   3.44763682e+02   4.33771318e-04
   3.44764171e+02   4.97965375e-04
   3.44764659e+02   6.09443407e-04
   3.44765147e+02  -6.29299786e-04
   3.44765636e+02  -1.54822995e-03
   3.44766124e+02  -7.04705672e-05
   3.44766612e+02   4.59997886e-04
   3.44767100e+02  -4.97093890e-04
   3.44767589e+02  -2.40378315e-04
   3.44768077e+02  -6.49361289e-04
   3.44768565e+02  -1.18273334e-03
   3.44769054e+02   8.93389573e-04
   3.44769542e+02   1.97325647e-03
   3.44770030e+02   5.70766511e-04
   3.44770519e+02  -2.96306680e-04
   3.44771007e+02  -8.06830707e-04
   3.44771495e+02  -1.36427151e-03
   3.44771984e+02  -5.39593493e-05
   3.44772472e+02   1.37258053e-03
   3.44772960e+02   6.57177821e-04
   3.44773449e+02  -1.56151864e-03
   3.44773937e+02  -2.17566267e-03
   3.44774425e+02  -5.86754933e-04
   3.44774914e+02   3.34609125e-04
   3.44775402e+02   9.97344614e-04
   3.44775890e+02   1.10297569e-03
   3.44776379e+02  -4.28356288e-04
   3.44776867e+02  -1.51503808e-03
   3.44777355e+02  -1.25462480e-03
   3.44777844e+02  -1.67675829e-03
   3.44778332e+02  -1.81440380e-03
   3.44778820e+02  -1.31541491e-03
   3.44779308e+02  -3.14837729e-04
   3.44779797e+02   1.58666004e-03
   3.44780285e+02   1.93691603e-03
   3.44780773e+02  -1.24016777e-04
   3.44781262e+02  -5.08100842e-04
   3.44781750e+02  -2.99264764e-04
   3.44782238e+02  -1.11713016e-04
   3.44782727e+02   5.27957571e-04
   3.44783215e+02   1.42804987e-03
   3.44783703e+02   1.05755054e-03
   3.44784192e+02   6.98231219e-04
   3.44784680e+02   4.64486948e-04
   3.44785168e+02  -7.04523991e-04
   3.44785657e+02  -3.72516981e-04
   3.44786145e+02   9.40191559e-04
   3.44786633e+02   5.42231312e-04
   3.44787122e+02  -7.50251522e-04
   3.44787610e+02  -8.42934882e-04
   3.44788098e+02   1.46752119e-03
   3.44788587e+02   2.71043973e-03
   3.44789075e+02   2.30106234e-04
   3.44789563e+02  -1.97833707e-03
   3.44790051e+02  -1.76437921e-03
   3.44790540e+02  -8.81973945e-04
   3.44791028e+02  -7.05272483e-04
   3.44791516e+02  -1.02411292e-03
   3.44792005e+02  -1.23922294e-03
   3.44792493e+02  -3.08007991e-04
   3.44792981e+02   2.03047734e-04
   3.44793470e+02  -1.18513918e-03
   3.44793958e+02  -1.70035032e-03
   3.44794446e+02   6.24110689e-05
   3.44794935e+02   5.25478856e-04
   3.44795423e+02  -1.93277046e-05
   3.44795911e+02   2.14659769e-04
   3.44796400e+02   1.07624102e-03
   3.44796888e+02   8.51965975e-04
   3.44797376e+02  -1.23874226e-03
   3.44797865e+02  -1.59754045e-03
   3.44798353e+02  -1.28714123e-03
   3.44798841e+02  -8.88221548e-04
   3.44799330e+02   7.70538871e-04
   3.44799818e+02   1.43906625e-04
   3.44800306e+02  -5.47472853e-04
   3.44800794e+02   5.25050331e-04
   3.44801283e+02   1.33225447e-04
   3.44801771e+02  -3.80512414e-04
   3.44802259e+02   1.22159894e-04
   3.44802748e+02  -9.43995372e-04
   3.44803236e+02  -8.68203933e-04
   3.44803724e+02   6.75101997e-04
   3.44804213e+02   1.08618499e-03
   3.44804701e+02   3.25158093e-04
   3.44805189e+02   4.93973610e-04
   3.44805678e+02   1.94118172e-03
   3.44806166e+02   1.26163173e-03
   3.44806654e+02  -5.59496038e-05
   3.44807143e+02   2.24072035e-04
   3.44807631e+02   1.52167486e-04
   3.44808119e+02   1.28402736e-03
   3.44808608e+02   1.77007471e-03
   3.44809096e+02  -4.96094115e-04
   3.44809584e+02  -6.38631522e-04
   3.44810073e+02   7.88983831e-04
   3.44810561e+02  -3.33148695e-04
   3.44811049e+02  -1.71629956e-03
   3.44811538e+02  -1.18840567e-03
   3.44812026e+02  -1.15163697e-04
   3.44812514e+02   1.05707644e-04
   3.44813002e+02  -2.95244216e-04
   3.44813491e+02  -8.10858037e-04
   3.44813979e+02  -1.18817471e-03
   3.44814467e+02  -2.02117697e-03
   3.44814956e+02  -1.92126445e-03
   3.44815444e+02  -2.28931152e-04
   3.44815932e+02   2.22078685e-04
   3.44816421e+02  -4.29666339e-04
   3.44816909e+02  -4.86193836e-04
   3.44817397e+02  -1.94171153e-04
   3.44817886e+02   6.40513143e-04
   3.44818374e+02   2.01462908e-03
   3.44818862e+02   3.88627243e-03
   3.44819351e+02   3.18205962e-03
   3.44819839e+02  -1.64631754e-04
   3.44820327e+02  -1.53481145e-03
   3.44820816e+02  -5.41424262e-04
   3.44821304e+02   6.40181475e-04
   3.44821792e+02   6.30050141e-04
   3.44822281e+02   2.18358779e-04
   3.44822769e+02   1.19699200e-03
   3.44823257e+02   1.37088331e-03
   3.44823745e+02  -9.93829919e-04
   3.44824234e+02  -2.29067728e-03
   3.44824722e+02  -1.23293430e-03
   3.44825210e+02  -3.74756964e-05
   3.44825699e+02   4.35921684e-04
   3.44826187e+02   1.88379854e-05
   3.44826675e+02  -3.15630197e-04
   3.44827164e+02  -3.27752467e-04
   3.44827652e+02   4.15791961e-04
   3.44828140e+02   1.05630048e-03
   3.44828629e+02   1.21727295e-03
   3.44829117e+02   1.01783802e-03
   3.44829605e+02  -3.91630514e-04
   3.44830094e+02  -8.46575305e-04
   3.44830582e+02  -3.63337429e-04
   3.44831070e+02  -8.20258399e-04
   3.44831559e+02  -7.30688043e-05
   3.44832047e+02   5.72183752e-04
   3.44832535e+02  -1.57143368e-05
   3.44833024e+02   2.02992640e-04
   3.44833512e+02   6.39647886e-04
   3.44834000e+02   2.70717690e-04
   3.44834488e+02  -5.18286193e-04
   3.44834977e+02  -5.74984297e-04
   3.44835465e+02   1.82187790e-03
   3.44835953e+02   2.72367406e-03
   3.44836442e+02   5.48940036e-04
   3.44836930e+02  -6.93806680e-04
   3.44837418e+02  -9.99361160e-04
   3.44837907e+02  -8.49975797e-04
   3.44838395e+02   1.03461782e-04
   3.44838883e+02   1.36152527e-03
   3.44839372e+02   2.63212644e-03
   3.44839860e+02   1.87309890e-03
   3.44840348e+02  -7.56512600e-05
   3.44840837e+02  -1.11174199e-03
   3.44841325e+02  -3.94188566e-04
   3.44841813e+02   1.77559699e-03
   3.44842302e+02   1.75235397e-03
   3.44842790e+02  -8.51413934e-05
   3.44843278e+02   4.08041698e-04
   3.44843767e+02   4.35229245e-04
   3.44844255e+02  -1.47346628e-03
   3.44844743e+02  -1.56359118e-03
   3.44845232e+02  -8.50328652e-04
   3.44845720e+02  -2.02678624e-04
   3.44846208e+02   6.44564221e-04
   3.44846696e+02   3.52199597e-04
   3.44847185e+02  -2.31155864e-04
   3.44847673e+02   2.10913335e-04
   3.44848161e+02   3.90491681e-04
   3.44848650e+02   1.83228651e-04
   3.44849138e+02   1.11297762e-03
   3.44849626e+02   1.71042595e-03
   3.44850115e+02  -7.35690643e-04
   3.44850603e+02  -3.98181472e-03
   3.44851091e+02  -4.00520256e-03
   3.44851580e+02  -1.84347748e-03
   3.44852068e+02  -1.02719467e-03
   3.44852556e+02  -1.12344616e-03
   3.44853045e+02  -6.55498472e-04
   3.44853533e+02   9.05214809e-04
   3.44854021e+02   1.45038415e-03
   3.44854510e+02   2.33189494e-04
   3.44854998e+02  -6.19602914e-04
   3.44855486e+02  -1.05403387e-03
   3.44855975e+02  -1.22013595e-03
   3.44856463e+02  -6.02836721e-04
   3.44856951e+02   8.49235686e-04
   3.44857439e+02   2.15711002e-03
   3.44857928e+02   8.46486830e-04
   3.44858416e+02  -2.21222080e-03
   3.44858904e+02  -2.10046512e-03
   3.44859393e+02   1.95139044e-04
   3.44859881e+02  -5.35648200e-04
   3.44860369e+02  -1.63602619e-03
   3.44860858e+02   2.66985007e-04
   3.44861346e+02   1.18238479e-03
   3.44861834e+02  -2.72127218e-04
   3.44862323e+02  -1.44268782e-03
   3.44862811e+02  -1.11143989e-03
   3.44863299e+02  -3.89769964e-04
   3.44863788e+02  -1.07260502e-03
   3.44864276e+02  -1.59867620e-03
   3.44864764e+02  -6.85886247e-04
   3.44865253e+02  -6.33328746e-04
   3.44865741e+02  -1.73375092e-03
   3.44866229e+02  -1.42587395e-03
   3.44866718e+02   1.98451671e-04
   3.44867206e+02   2.36218431e-04
   3.44867694e+02  -1.45792228e-03
   3.44868183e+02  -9.63691738e-04
   3.44868671e+02   5.61445486e-04
   3.44869159e+02   1.15630915e-03
   3.44869647e+02   1.60138041e-03
   3.44870136e+02   1.40209321e-03
   3.44870624e+02   6.31018134e-04
   3.44871112e+02   4.79838607e-04
   3.44871601e+02   9.78715485e-04
   3.44872089e+02   4.35241702e-04
   3.44872577e+02  -7.12920621e-04
   3.44873066e+02  -7.31277163e-04
   3.44873554e+02  -1.43540942e-03
   3.44874042e+02  -3.01746884e-03
   3.44874531e+02  -2.30095512e-03
   3.44875019e+02   1.24101774e-04
   3.44875507e+02   8.12952232e-04
   3.44875996e+02  -2.37004351e-04
   3.44876484e+02  -7.59438728e-04
   3.44876972e+02   5.85047645e-04
   3.44877461e+02   2.07792921e-03
   3.44877949e+02   1.01801183e-03
   3.44878437e+02  -4.54200810e-04
   3.44878926e+02  -9.77013144e-04
   3.44879414e+02  -1.24398491e-03
   3.44879902e+02  -8.76023201e-04
   3.44880390e+02   2.83600297e-04
   3.44880879e+02   1.01853721e-03
   3.44881367e+02   5.52535348e-04
   3.44881855e+02   6.24983568e-06
   3.44882344e+02  -9.76238243e-06
   3.44882832e+02  -2.25133044e-04
   3.44883320e+02  -5.17849345e-04
   3.44883809e+02  -1.83716940e-04
   3.44884297e+02   1.02072634e-04
   3.44884785e+02   9.67725995e-04
   3.44885274e+02   3.37561266e-03
   3.44885762e+02   4.02870588e-03
   3.44886250e+02   1.62153249e-03
   3.44886739e+02  -8.67142866e-04
   3.44887227e+02  -7.87880796e-04
   3.44887715e+02   1.28478583e-04
   3.44888204e+02   1.35126745e-03
   3.44888692e+02   2.03589001e-03
   3.44889180e+02   6.07899914e-04
   3.44889669e+02  -9.39399644e-04
   3.44890157e+02  -2.06778677e-05
   3.44890645e+02   1.46621000e-03
   3.44891133e+02   5.06256998e-04
   3.44891622e+02  -1.02485367e-03
   3.44892110e+02  -5.84368827e-04
   3.44892598e+02   1.17496739e-03
   3.44893087e+02   1.74141582e-03
   3.44893575e+02   8.81900196e-04
   3.44894063e+02   6.18854538e-04
   3.44894552e+02   7.80408969e-04
   3.44895040e+02   7.18382886e-04
   3.44895528e+02   3.63678380e-04
   3.44896017e+02  -3.27104790e-04
   3.44896505e+02  -5.59270673e-04
   3.44896993e+02   4.52782144e-04
   3.44897482e+02   1.06011226e-03
   3.44897970e+02   1.40133750e-04
   3.44898458e+02   8.38000211e-04
   3.44898947e+02   3.76589160e-04
   3.44899435e+02  -1.27850298e-03
   3.44899923e+02  -1.16043491e-03
   3.44900412e+02  -1.27737527e-03
   3.44900900e+02  -1.41353102e-03
   3.44901388e+02   3.88006942e-04
   3.44901877e+02   1.33635662e-03
   3.44902365e+02   1.12624059e-03
   3.44902853e+02   9.70435445e-04
   3.44903341e+02   1.81985393e-04
   3.44903830e+02  -6.94733535e-05
   3.44904318e+02  -3.23039945e-04
   3.44904806e+02  -5.94146142e-04
   3.44905295e+02   1.09242559e-04
   3.44905783e+02   1.62879995e-04
   3.44906271e+02   5.83996531e-04
   3.44906760e+02   1.69500534e-03
   3.44907248e+02   2.07498949e-03
   3.44907736e+02   1.83575682e-03
   3.44908225e+02   7.77516922e-04
   3.44908713e+02  -2.78776919e-04
   3.44909201e+02  -2.51977035e-04
   3.44909690e+02   5.94432175e-04
   3.44910178e+02   1.11133989e-03
   3.44910666e+02   2.61893176e-04
   3.44911155e+02  -6.60883670e-04
   3.44911643e+02  -1.91154977e-04
   3.44912131e+02  -1.79775569e-04
   3.44912620e+02   7.48387174e-05
   3.44913108e+02   7.14770867e-04
   3.44913596e+02   6.54101372e-04
   3.44914084e+02  -8.19593086e-04
   3.44914573e+02  -1.99569575e-03
   3.44915061e+02  -1.17465237e-03
   3.44915549e+02  -2.68205738e-04
   3.44916038e+02   1.34487136e-03
   3.44916526e+02   2.15336028e-03
   3.44917014e+02   2.03454960e-03
   3.44917503e+02   3.29974107e-03
   3.44917991e+02   2.62867636e-03
   3.44918479e+02  -2.19798210e-04
   3.44918968e+02  -6.46672619e-04
   3.44919456e+02   3.33036121e-04
   3.44919944e+02   1.93932065e-04
   3.44920433e+02   4.15887247e-04
   3.44920921e+02   5.82311710e-04
   3.44921409e+02   4.06782463e-04
   3.44921898e+02   9.16342309e-04
   3.44922386e+02   8.82946828e-04
   3.44922874e+02   3.96210264e-04
   3.44923363e+02   1.51633308e-03
   3.44923851e+02   3.26029421e-03
   3.44924339e+02   2.26233201e-03
   3.44924827e+02   5.75224636e-04
   3.44925316e+02   1.04447757e-03
   3.44925804e+02   1.34513003e-03
   3.44926292e+02  -3.84901214e-04
   3.44926781e+02  -1.34272175e-03
   3.44927269e+02  -3.78474535e-04
   3.44927757e+02   3.04676330e-04
   3.44928246e+02   1.58545183e-04
   3.44928734e+02  -1.89239741e-04
   3.44929222e+02   6.97405485e-04
   3.44929711e+02   1.71301898e-03
   3.44930199e+02   7.92506442e-04
   3.44930687e+02   8.49406584e-04
   3.44931176e+02   2.75064376e-03
   3.44931664e+02   2.47791596e-03
   3.44932152e+02   3.18950188e-05
   3.44932641e+02  -1.02640048e-03
   3.44933129e+02  -2.06069468e-04
   3.44933617e+02   4.31277236e-04
   3.44934106e+02   3.67334724e-04
   3.44934594e+02  -1.93427263e-06
   3.44935082e+02  -2.76020030e-04
   3.44935571e+02  -8.02499533e-04
   3.44936059e+02   6.79512959e-05
   3.44936547e+02   6.35116361e-04
   3.44937035e+02   5.14725689e-04
   3.44937524e+02   1.11302803e-03
   3.44938012e+02  -5.92409924e-04
   3.44938500e+02  -2.46290769e-03
   3.44938989e+02  -2.12554517e-03
   3.44939477e+02  -1.80523575e-03
   3.44939965e+02  -5.82397799e-04
   3.44940454e+02   9.86738247e-04
   3.44940942e+02   1.40697032e-03
   3.44941430e+02   1.13787153e-03
   3.44941919e+02   1.02649756e-04
   3.44942407e+02  -1.73716596e-03
   3.44942895e+02  -3.46272066e-03
   3.44943384e+02  -3.12777516e-03
   3.44943872e+02  -8.16430023e-04
   3.44944360e+02   6.52454677e-04
   3.44944849e+02  -8.49263088e-05
   3.44945337e+02  -1.54066295e-03
   3.44945825e+02  -1.22765894e-03
   3.44946314e+02   3.67012748e-04
   3.44946802e+02   3.68266075e-04
   3.44947290e+02  -1.02209440e-03
   3.44947778e+02  -1.56258140e-03
   3.44948267e+02  -3.88218759e-04
   3.44948755e+02   8.16808897e-04
   3.44949243e+02   2.38512454e-04
   3.44949732e+02  -7.47089158e-04
   3.44950220e+02  -1.06398656e-03
   3.44950708e+02  -1.61904038e-03
   3.44951197e+02  -2.70178542e-03
   3.44951685e+02  -3.19098844e-03
   3.44952173e+02  -1.86340546e-03
   3.44952662e+02   2.53534585e-04
   3.44953150e+02   1.85571308e-03
   3.44953638e+02   1.51407102e-03
   3.44954127e+02   4.72923159e-04
   3.44954615e+02   1.86611403e-04
