frequency (GHz), flux (Jy/beam)
   3.43899310e+02  -2.37329936e-04
   3.43899798e+02   3.90991627e-04
   3.43900286e+02   2.95757694e-04
   3.43900774e+02  -2.04334059e-03
   3.43901263e+02  -3.21931671e-03
   3.43901751e+02  -3.56094958e-03
   3.43902239e+02  -3.63288331e-03
   3.43902728e+02  -2.48070667e-03
   3.43903216e+02  -1.44382974e-03
   3.43903704e+02  -9.00506566e-04
   3.43904193e+02   5.60758454e-05
   3.43904681e+02  -4.77764348e-04
   3.43905169e+02  -3.02719628e-03
   3.43905658e+02  -3.59202991e-03
   3.43906146e+02  -5.82788605e-04
   3.43906634e+02   1.38062227e-03
   3.43907122e+02   4.70003230e-04
   3.43907611e+02   2.70539196e-04
   3.43908099e+02   1.81009050e-03
   3.43908587e+02   2.05185730e-03
   3.43909076e+02   1.24993711e-03
   3.43909564e+02  -1.05939282e-03
   3.43910052e+02  -5.12887770e-03
   3.43910541e+02  -4.66886675e-03
   3.43911029e+02   1.79840208e-04
   3.43911517e+02   1.92101579e-03
   3.43912006e+02   2.74074916e-03
   3.43912494e+02   3.51978629e-03
   3.43912982e+02   2.15231543e-04
   3.43913470e+02  -3.74196330e-03
   3.43913959e+02  -2.94139073e-03
   3.43914447e+02  -1.40954321e-03
   3.43914935e+02  -6.67593209e-04
   3.43915424e+02   9.28216672e-04
   3.43915912e+02  -8.36610678e-04
   3.43916400e+02  -1.25310174e-03
   3.43916889e+02   1.27137802e-03
   3.43917377e+02   1.84033229e-03
   3.43917865e+02   1.09163101e-03
   3.43918354e+02   1.09685505e-04
   3.43918842e+02  -7.83846655e-04
   3.43919330e+02  -7.10866065e-04
   3.43919818e+02  -1.55782618e-03
   3.43920307e+02  -4.44892514e-03
   3.43920795e+02  -5.43434871e-03
   3.43921283e+02  -3.67016695e-03
   3.43921772e+02  -2.14856141e-03
   3.43922260e+02  -5.09059115e-04
   3.43922748e+02   3.04157520e-03
   3.43923237e+02   2.91495631e-03
   3.43923725e+02  -4.82636024e-05
   3.43924213e+02   1.36296803e-04
   3.43924702e+02   2.26244144e-03
   3.43925190e+02   2.10218062e-03
   3.43925678e+02   1.43756228e-03
   3.43926166e+02   1.68173399e-03
   3.43926655e+02   2.66263098e-03
   3.43927143e+02   4.27686004e-03
   3.43927631e+02   2.42847716e-03
   3.43928120e+02  -3.11267097e-04
   3.43928608e+02  -1.71780097e-03
   3.43929096e+02  -1.63704844e-03
   3.43929585e+02   2.62123562e-04
   3.43930073e+02   1.11033639e-03
   3.43930561e+02  -4.04586608e-04
   3.43931050e+02  -2.69208779e-03
   3.43931538e+02  -2.53446912e-03
   3.43932026e+02  -1.93582364e-05
   3.43932514e+02   1.85918354e-03
   3.43933003e+02   1.68199453e-03
   3.43933491e+02  -6.25780958e-04
   3.43933979e+02  -1.33515149e-03
   3.43934468e+02  -3.80190788e-04
   3.43934956e+02  -1.47616712e-03
   3.43935444e+02  -1.08987547e-03
   3.43935933e+02   7.48240214e-04
   3.43936421e+02   9.32768501e-07
   3.43936909e+02  -1.16170174e-03
   3.43937398e+02  -1.04137487e-03
   3.43937886e+02  -9.72853013e-05
   3.43938374e+02   9.81611549e-04
   3.43938863e+02   7.06532795e-04
   3.43939351e+02  -1.38513919e-03
   3.43939839e+02  -2.70694541e-03
   3.43940327e+02  -2.56414199e-03
   3.43940816e+02  -2.85254722e-03
   3.43941304e+02  -3.75934667e-03
   3.43941792e+02  -4.72435961e-03
   3.43942281e+02  -2.33092951e-03
   3.43942769e+02  -9.24795400e-04
   3.43943257e+02  -2.46076705e-03
   3.43943746e+02  -5.04618685e-04
   3.43944234e+02   1.04163820e-03
   3.43944722e+02   2.64608370e-05
   3.43945211e+02   1.15371542e-03
   3.43945699e+02   1.98958861e-03
   3.43946187e+02   1.87983667e-03
   3.43946675e+02   1.21315522e-03
   3.43947164e+02  -3.13864992e-04
   3.43947652e+02   1.21208583e-03
   3.43948140e+02   2.37255776e-03
   3.43948629e+02   2.72723148e-04
   3.43949117e+02   1.62840530e-04
   3.43949605e+02   1.45899621e-03
   3.43950094e+02   1.50383159e-03
   3.43950582e+02   1.73482986e-03
   3.43951070e+02   8.24971474e-04
   3.43951559e+02  -6.77604170e-04
   3.43952047e+02  -9.01482359e-04
   3.43952535e+02  -3.37572594e-04
   3.43953023e+02   3.64294421e-04
   3.43953512e+02   7.68376980e-04
   3.43954000e+02   1.24981767e-03
   3.43954488e+02   2.08056904e-03
   3.43954977e+02   8.38524895e-04
   3.43955465e+02  -1.76970323e-03
   3.43955953e+02  -3.42773320e-03
   3.43956442e+02  -3.12147755e-03
   3.43956930e+02  -1.93783198e-03
   3.43957418e+02  -1.26854610e-03
   3.43957907e+02  -1.12285709e-03
   3.43958395e+02  -7.80483650e-04
   3.43958883e+02  -7.96710432e-04
   3.43959371e+02  -1.41491342e-04
   3.43959860e+02   2.80202762e-03
   3.43960348e+02   5.10438066e-03
   3.43960836e+02   4.04850487e-03
   3.43961325e+02   5.35514206e-04
   3.43961813e+02  -1.40317040e-03
   3.43962301e+02  -1.05732610e-03
   3.43962790e+02  -9.28273890e-04
   3.43963278e+02  -1.94814627e-03
   3.43963766e+02  -2.26524821e-03
   3.43964255e+02   9.12458578e-04
   3.43964743e+02   2.90688290e-03
   3.43965231e+02   9.12250020e-04
   3.43965719e+02  -7.41727534e-04
   3.43966208e+02  -3.78470775e-03
   3.43966696e+02  -6.10167673e-03
   3.43967184e+02  -2.48117885e-03
   3.43967673e+02   1.03827135e-03
   3.43968161e+02  -2.86723691e-04
   3.43968649e+02  -1.71465578e-03
   3.43969138e+02  -4.89752274e-04
   3.43969626e+02  -5.76175589e-05
   3.43970114e+02  -5.32644219e-04
   3.43970603e+02   9.07438458e-04
   3.43971091e+02   2.26546149e-03
   3.43971579e+02   2.19378853e-03
   3.43972067e+02   8.68742238e-04
   3.43972556e+02  -1.81091588e-03
   3.43973044e+02  -1.63636485e-03
   3.43973532e+02   9.61613317e-04
   3.43974021e+02   1.38119503e-03
   3.43974509e+02   8.09580495e-04
   3.43974997e+02   4.21323493e-04
   3.43975486e+02   1.13927829e-03
   3.43975974e+02   2.49335938e-03
   3.43976462e+02   2.03767233e-03
   3.43976951e+02   5.90828829e-04
   3.43977439e+02  -2.12273328e-04
   3.43977927e+02   1.59405242e-03
   3.43978416e+02   3.34890629e-03
   3.43978904e+02   2.73722457e-03
   3.43979392e+02   1.19469408e-03
   3.43979880e+02   7.30217376e-04
   3.43980369e+02   1.19479373e-03
   3.43980857e+02   6.14029937e-04
   3.43981345e+02   1.01539702e-03
   3.43981834e+02   3.84474592e-03
   3.43982322e+02   7.51553429e-03
   3.43982810e+02   1.61718428e-02
   3.43983299e+02   2.56317686e-02
   3.43983787e+02   2.96459924e-02
   3.43984275e+02   2.63729095e-02
   3.43984764e+02   1.96792204e-02
   3.43985252e+02   1.38432235e-02
   3.43985740e+02   7.93173164e-03
   3.43986228e+02   3.83843854e-03
   3.43986717e+02   2.36567878e-03
   3.43987205e+02   3.17931175e-03
   3.43987693e+02   2.10894318e-03
   3.43988182e+02   1.94480905e-04
   3.43988670e+02   1.79303484e-03
   3.43989158e+02   1.85525964e-03
   3.43989647e+02  -1.54808850e-03
   3.43990135e+02  -1.61390717e-03
   3.43990623e+02   1.28209649e-03
   3.43991112e+02   2.49202293e-03
   3.43991600e+02   1.85052888e-03
   3.43992088e+02   6.31248520e-04
   3.43992576e+02  -1.55526423e-03
   3.43993065e+02  -3.60663328e-03
   3.43993553e+02  -3.60865775e-03
   3.43994041e+02  -2.93948431e-03
   3.43994530e+02  -3.51023069e-03
   3.43995018e+02  -3.71225690e-03
   3.43995506e+02  -2.52827234e-03
   3.43995995e+02  -1.86424155e-03
   3.43996483e+02  -2.32062046e-03
   3.43996971e+02  -2.40502646e-03
   3.43997460e+02  -7.76370289e-04
   3.43997948e+02   1.66049926e-03
   3.43998436e+02   4.04019374e-03
   3.43998924e+02   5.10187447e-03
   3.43999413e+02   3.41664301e-03
   3.43999901e+02   5.10086189e-04
   3.44000389e+02  -1.68832182e-03
   3.44000878e+02  -2.15973007e-03
   3.44001366e+02  -1.75355549e-03
   3.44001854e+02  -3.18684703e-04
   3.44002343e+02   2.21057516e-03
   3.44002831e+02   3.22986185e-03
   3.44003319e+02   1.65133458e-03
   3.44003808e+02  -1.25010964e-03
   3.44004296e+02  -3.45943007e-03
   3.44004784e+02  -3.14862165e-03
   3.44005272e+02  -8.94355471e-04
   3.44005761e+02  -5.66071132e-04
   3.44006249e+02  -1.34987431e-03
   3.44006737e+02  -1.54109381e-04
   3.44007226e+02  -5.04891213e-04
   3.44007714e+02  -1.36002013e-03
   3.44008202e+02  -1.16417941e-03
   3.44008691e+02  -2.82516965e-04
   3.44009179e+02   2.21677125e-03
   3.44009667e+02   5.05087385e-03
   3.44010156e+02   4.62896330e-03
   3.44010644e+02   1.03534735e-03
   3.44011132e+02  -1.37639430e-03
   3.44011620e+02  -2.45975028e-03
   3.44012109e+02  -3.14256526e-03
   3.44012597e+02  -2.95303552e-03
   3.44013085e+02  -1.55003101e-03
   3.44013574e+02  -9.78434109e-04
   3.44014062e+02  -1.58897636e-03
   3.44014550e+02  -1.27234292e-04
   3.44015039e+02   4.12083790e-03
   3.44015527e+02   6.71483856e-03
   3.44016015e+02   6.74384180e-03
   3.44016504e+02   3.78537714e-03
   3.44016992e+02   5.68636169e-04
   3.44017480e+02   3.70557282e-05
   3.44017969e+02   1.45240047e-03
   3.44018457e+02   1.12896331e-03
   3.44018945e+02  -8.53845908e-04
   3.44019433e+02  -1.42937596e-03
   3.44019922e+02  -5.27455304e-05
   3.44020410e+02   1.51523564e-03
   3.44020898e+02   2.75756326e-03
   3.44021387e+02   1.48739398e-03
   3.44021875e+02  -6.00901549e-04
   3.44022363e+02  -1.22563494e-03
   3.44022852e+02  -2.21414724e-03
   3.44023340e+02  -2.66915909e-03
   3.44023828e+02  -9.13891708e-04
   3.44024317e+02   4.63389530e-04
   3.44024805e+02  -6.99747354e-04
   3.44025293e+02  -2.57511484e-03
   3.44025781e+02  -2.38836906e-03
   3.44026270e+02  -1.17810816e-03
   3.44026758e+02  -1.04401889e-03
   3.44027246e+02  -1.17056200e-03
   3.44027735e+02  -3.26788402e-04
   3.44028223e+02   1.42157869e-03
   3.44028711e+02   2.94663943e-03
   3.44029200e+02   1.97936036e-03
   3.44029688e+02  -7.95023574e-04
   3.44030176e+02  -3.95286508e-04
   3.44030665e+02   1.36565825e-03
   3.44031153e+02  -6.73536560e-04
   3.44031641e+02  -3.27104866e-03
   3.44032129e+02  -2.94797192e-03
   3.44032618e+02  -7.64733122e-04
   3.44033106e+02   2.50268751e-03
   3.44033594e+02   4.09420114e-03
   3.44034083e+02   1.75104442e-03
   3.44034571e+02  -4.80032235e-04
   3.44035059e+02  -8.89832736e-04
   3.44035548e+02  -4.72458079e-04
   3.44036036e+02   9.08048765e-04
   3.44036524e+02   7.44047749e-04
   3.44037013e+02  -1.41301064e-03
   3.44037501e+02  -1.34207890e-03
   3.44037989e+02  -6.68614302e-05
   3.44038477e+02  -8.80644890e-04
   3.44038966e+02  -2.38476507e-03
   3.44039454e+02  -1.58287690e-03
   3.44039942e+02   2.64585658e-04
   3.44040431e+02   1.32153102e-03
   3.44040919e+02   1.94410095e-03
   3.44041407e+02   1.24193495e-03
   3.44041896e+02   1.25036435e-03
   3.44042384e+02   2.29055109e-03
   3.44042872e+02   1.47543568e-03
   3.44043361e+02  -1.50288761e-04
   3.44043849e+02  -8.89472780e-04
   3.44044337e+02  -7.97722198e-04
   3.44044825e+02  -1.27370202e-03
   3.44045314e+02  -8.63320427e-04
   3.44045802e+02  -1.98407308e-03
   3.44046290e+02  -3.88594344e-03
   3.44046779e+02  -2.23675510e-03
   3.44047267e+02  -9.67847416e-04
   3.44047755e+02  -2.89550680e-03
   3.44048244e+02  -4.30613337e-03
   3.44048732e+02  -1.32962596e-03
   3.44049220e+02   2.20091268e-03
   3.44049709e+02   1.78300578e-03
   3.44050197e+02   2.94135243e-04
   3.44050685e+02  -1.22667570e-03
   3.44051173e+02  -1.04026496e-03
   3.44051662e+02   1.70875806e-03
   3.44052150e+02   2.64310301e-03
   3.44052638e+02   1.51913997e-03
   3.44053127e+02  -7.51290412e-04
   3.44053615e+02   1.56202645e-04
   3.44054103e+02   3.90677294e-03
   3.44054592e+02   4.78717079e-03
   3.44055080e+02   3.64387687e-03
   3.44055568e+02   2.03003688e-03
   3.44056057e+02  -7.47237238e-04
   3.44056545e+02  -1.90060516e-03
   3.44057033e+02  -6.99692057e-04
   3.44057522e+02  -8.14813713e-04
   3.44058010e+02  -2.34299526e-03
   3.44058498e+02  -2.14007823e-03
   3.44058986e+02  -1.64746493e-03
   3.44059475e+02  -1.13474799e-03
   3.44059963e+02   2.43387898e-04
   3.44060451e+02   1.37852167e-03
   3.44060940e+02   5.68674353e-04
   3.44061428e+02  -1.63978466e-03
   3.44061916e+02  -1.44907064e-03
   3.44062405e+02   7.80512404e-04
   3.44062893e+02   1.10583636e-03
   3.44063381e+02  -4.03763988e-04
   3.44063870e+02  -1.02197984e-03
   3.44064358e+02  -1.43646984e-03
   3.44064846e+02  -1.95283338e-03
   3.44065334e+02   8.46795010e-05
   3.44065823e+02   2.09628046e-03
   3.44066311e+02   1.45877901e-04
   3.44066799e+02  -1.93647097e-03
   3.44067288e+02  -8.16994288e-04
   3.44067776e+02   4.04315098e-04
   3.44068264e+02  -4.19452641e-04
   3.44068753e+02  -6.64942723e-04
   3.44069241e+02   2.90865835e-04
   3.44069729e+02  -6.81482372e-04
   3.44070218e+02  -2.67077028e-03
   3.44070706e+02  -3.08135105e-03
   3.44071194e+02  -3.31301219e-03
   3.44071682e+02  -2.17488245e-03
   3.44072171e+02  -1.31790468e-03
   3.44072659e+02  -1.52064650e-03
   3.44073147e+02  -1.73200009e-04
   3.44073636e+02   1.05289323e-03
   3.44074124e+02   2.33874962e-04
   3.44074612e+02  -3.49980226e-04
   3.44075101e+02   5.60322835e-04
   3.44075589e+02   5.52915211e-04
   3.44076077e+02   5.88980329e-04
   3.44076566e+02   7.73879292e-04
   3.44077054e+02  -2.56641099e-04
   3.44077542e+02   1.02677231e-03
   3.44078030e+02   3.33363726e-03
   3.44078519e+02   2.38783797e-03
   3.44079007e+02   1.16144971e-03
   3.44079495e+02   1.84597287e-04
   3.44079984e+02  -7.60102994e-04
   3.44080472e+02   4.00149758e-04
   3.44080960e+02   2.34585977e-03
   3.44081449e+02   2.78738653e-03
   3.44081937e+02   2.36749789e-03
   3.44082425e+02   2.23914650e-03
   3.44082914e+02  -1.08943372e-04
   3.44083402e+02  -3.06969136e-03
   3.44083890e+02  -2.38854275e-03
   3.44084378e+02   7.30226806e-04
   3.44084867e+02   1.40042277e-03
   3.44085355e+02   2.69246248e-05
   3.44085843e+02   4.98968759e-04
   3.44086332e+02   1.63661956e-03
   3.44086820e+02   1.63535704e-03
   3.44087308e+02   2.58196425e-03
   3.44087797e+02   3.34902201e-03
   3.44088285e+02   1.64261193e-03
   3.44088773e+02   8.42496287e-04
   3.44089262e+02   3.13325180e-03
   3.44089750e+02   5.60588669e-03
   3.44090238e+02   4.75959200e-03
   3.44090726e+02   1.84802990e-03
   3.44091215e+02   1.46199382e-04
   3.44091703e+02  -7.16068957e-04
   3.44092191e+02  -2.82782875e-03
   3.44092680e+02  -4.45179315e-03
   3.44093168e+02  -1.86018005e-03
   3.44093656e+02   2.86209368e-04
   3.44094145e+02  -1.08663784e-03
   3.44094633e+02  -1.03025220e-03
   3.44095121e+02   1.78798614e-03
   3.44095610e+02   3.48800188e-03
   3.44096098e+02   1.51136972e-03
   3.44096586e+02  -1.40730245e-03
   3.44097075e+02  -2.13139458e-03
   3.44097563e+02  -1.30508060e-03
   3.44098051e+02  -4.21009347e-04
   3.44098539e+02   5.99898689e-04
   3.44099028e+02  -5.13470404e-05
   3.44099516e+02  -2.04627262e-03
   3.44100004e+02  -1.68360025e-03
   3.44100493e+02   9.48255067e-04
   3.44100981e+02   1.98038202e-03
   3.44101469e+02  -1.24179292e-03
   3.44101958e+02  -4.60982509e-03
   3.44102446e+02  -4.66086483e-03
   3.44102934e+02  -3.32464464e-03
   3.44103423e+02  -8.68506962e-04
   3.44103911e+02   2.22777668e-03
   3.44104399e+02   3.49016674e-03
   3.44104887e+02   2.27740989e-03
   3.44105376e+02   1.68161409e-03
   3.44105864e+02   1.91114820e-03
   3.44106352e+02  -1.02336075e-04
   3.44106841e+02  -3.12380004e-03
   3.44107329e+02  -2.54726899e-03
   3.44107817e+02   1.49903150e-04
   3.44108306e+02   1.40071978e-04
   3.44108794e+02   4.97528272e-05
   3.44109282e+02   1.53413904e-03
   3.44109771e+02   1.49604457e-03
   3.44110259e+02  -1.87700352e-04
   3.44110747e+02  -5.77384548e-04
   3.44111235e+02  -8.07223143e-04
   3.44111724e+02  -2.30759126e-03
   3.44112212e+02  -3.44323949e-03
   3.44112700e+02  -3.53269582e-03
   3.44113189e+02  -2.95814825e-03
   3.44113677e+02  -1.87902176e-03
   3.44114165e+02  -2.30744807e-03
   3.44114654e+02  -2.68556015e-03
   3.44115142e+02  -6.83333259e-04
   3.44115630e+02  -2.18267105e-05
   3.44116119e+02  -1.09165977e-03
   3.44116607e+02  -9.65767715e-04
   3.44117095e+02  -2.94226891e-04
   3.44117583e+02  -2.04673590e-04
   3.44118072e+02  -2.82316556e-04
   3.44118560e+02  -5.53045946e-04
   3.44119048e+02  -9.11927433e-04
   3.44119537e+02  -4.70223167e-04
   3.44120025e+02  -1.02596276e-03
   3.44120513e+02  -8.70519551e-04
   3.44121002e+02   6.87747553e-04
   3.44121490e+02   1.22321059e-03
   3.44121978e+02   5.29602810e-04
   3.44122467e+02  -4.80268282e-05
   3.44122955e+02  -3.74443451e-04
   3.44123443e+02  -5.35922532e-04
   3.44123931e+02   6.60970050e-04
   3.44124420e+02   4.16078110e-04
   3.44124908e+02  -2.73742783e-03
   3.44125396e+02  -3.11082113e-03
   3.44125885e+02  -9.02873813e-04
   3.44126373e+02  -9.81881283e-04
   3.44126861e+02  -1.61316898e-03
   3.44127350e+02  -1.21833000e-03
   3.44127838e+02   1.76176094e-04
   3.44128326e+02   1.60245493e-03
   3.44128815e+02   8.87070200e-04
   3.44129303e+02  -4.34598878e-05
   3.44129791e+02   5.61150628e-05
   3.44130279e+02   6.54290256e-04
   3.44130768e+02   2.05043959e-03
   3.44131256e+02   8.61170120e-04
   3.44131744e+02  -1.20728323e-03
   3.44132233e+02   1.06022080e-05
   3.44132721e+02   7.98880763e-04
   3.44133209e+02   8.41663510e-04
   3.44133698e+02   6.49661233e-04
   3.44134186e+02  -1.14772806e-03
   3.44134674e+02  -1.28429523e-03
   3.44135163e+02   3.81243502e-04
   3.44135651e+02   8.52691359e-04
   3.44136139e+02   4.23694553e-04
   3.44136628e+02  -6.29747170e-04
   3.44137116e+02  -3.53108684e-04
   3.44137604e+02   9.74834431e-04
   3.44138092e+02   6.72488823e-04
   3.44138581e+02  -7.04878941e-04
   3.44139069e+02  -1.80437567e-03
   3.44139557e+02  -2.85978592e-03
   3.44140046e+02  -1.40612456e-03
   3.44140534e+02   9.67693632e-04
   3.44141022e+02   2.56848591e-03
   3.44141511e+02   2.78930948e-03
   3.44141999e+02   1.41774642e-03
   3.44142487e+02   2.61615030e-03
   3.44142976e+02   5.09853242e-03
   3.44143464e+02   3.98990512e-03
   3.44143952e+02   9.07823618e-04
   3.44144440e+02  -7.53074826e-04
   3.44144929e+02  -1.66196073e-03
   3.44145417e+02  -9.30468261e-04
   3.44145905e+02   1.85268221e-03
   3.44146394e+02   2.67481105e-03
   3.44146882e+02   1.41462311e-03
   3.44147370e+02   2.08177580e-03
   3.44147859e+02   2.45935493e-03
   3.44148347e+02   7.75817534e-05
   3.44148835e+02  -2.07245396e-03
   3.44149324e+02  -1.84514700e-03
   3.44149812e+02  -7.45761718e-05
   3.44150300e+02   5.20802278e-04
   3.44150788e+02   1.98246431e-04
   3.44151277e+02   7.28103973e-04
   3.44151765e+02   6.68490597e-04
   3.44152253e+02   5.88168296e-05
   3.44152742e+02  -5.33352373e-04
   3.44153230e+02  -1.00132788e-03
   3.44153718e+02  -7.52974127e-04
   3.44154207e+02  -1.01671263e-03
   3.44154695e+02  -1.84808171e-03
   3.44155183e+02  -2.34974013e-03
   3.44155672e+02  -1.10650505e-03
   3.44156160e+02   5.41516230e-04
   3.44156648e+02   5.57464664e-05
   3.44157136e+02   5.11641789e-04
   3.44157625e+02   1.53340970e-03
   3.44158113e+02   1.66731316e-03
   3.44158601e+02   1.50106545e-03
   3.44159090e+02   1.90329703e-03
   3.44159578e+02   3.78788961e-03
   3.44160066e+02   4.97658597e-03
   3.44160555e+02   3.44296824e-03
   3.44161043e+02   1.80904137e-03
   3.44161531e+02   1.16638886e-03
   3.44162020e+02   1.86760433e-03
   3.44162508e+02   2.55359849e-03
   3.44162996e+02   7.37345486e-04
   3.44163484e+02  -9.77296266e-04
   3.44163973e+02  -1.88844488e-03
   3.44164461e+02  -1.89264736e-03
   3.44164949e+02   3.38258367e-04
   3.44165438e+02   1.21217757e-03
   3.44165926e+02   7.85349039e-05
   3.44166414e+02  -9.03991022e-05
   3.44166903e+02   2.76635692e-05
   3.44167391e+02  -1.04054087e-03
   3.44167879e+02  -1.35517633e-03
   3.44168368e+02  -5.47048461e-04
   3.44168856e+02  -8.74846664e-05
   3.44169344e+02  -9.31562623e-04
   3.44169832e+02  -2.06052279e-03
   3.44170321e+02  -1.60838827e-03
   3.44170809e+02  -5.62080066e-04
   3.44171297e+02  -6.03624154e-04
   3.44171786e+02   9.37087170e-05
   3.44172274e+02   1.10018265e-03
   3.44172762e+02   1.89374469e-03
   3.44173251e+02   1.82280794e-03
   3.44173739e+02   1.32705714e-03
   3.44174227e+02   2.19240645e-03
   3.44174716e+02   2.28964095e-03
   3.44175204e+02   1.68112398e-03
   3.44175692e+02   7.46803125e-04
   3.44176181e+02   2.24273084e-04
   3.44176669e+02   9.91993700e-04
   3.44177157e+02   1.93572312e-03
   3.44177645e+02   1.84925192e-03
   3.44178134e+02   1.18226511e-03
   3.44178622e+02  -1.66031707e-04
   3.44179110e+02  -2.62521300e-03
   3.44179599e+02  -5.21727651e-03
   3.44180087e+02  -4.37679514e-03
   3.44180575e+02  -2.06343379e-04
   3.44181064e+02   1.78802607e-03
   3.44181552e+02   3.10548901e-04
   3.44182040e+02  -2.44244770e-03
   3.44182529e+02  -5.34819439e-03
   3.44183017e+02  -5.78106707e-03
   3.44183505e+02  -2.74089305e-03
   3.44183993e+02  -7.82024988e-04
   3.44184482e+02  -1.43229938e-03
   3.44184970e+02  -1.89633429e-04
   3.44185458e+02   1.88222108e-03
   3.44185947e+02   1.60589546e-03
   3.44186435e+02  -4.21279750e-04
   3.44186923e+02  -2.00046180e-03
   3.44187412e+02  -1.33588118e-03
   3.44187900e+02  -8.75821919e-04
   3.44188388e+02  -2.07436271e-03
   3.44188877e+02  -1.89330266e-03
   3.44189365e+02  -7.90048914e-04
   3.44189853e+02  -8.69547192e-04
   3.44190341e+02  -1.61782300e-04
   3.44190830e+02   1.37718918e-03
   3.44191318e+02   1.01549935e-03
   3.44191806e+02   1.79399922e-03
   3.44192295e+02   2.11263215e-03
   3.44192783e+02  -1.53648449e-04
   3.44193271e+02  -1.62900309e-03
   3.44193760e+02  -2.16897833e-03
   3.44194248e+02  -6.77845732e-04
   3.44194736e+02   3.54833505e-03
   3.44195225e+02   4.22946457e-03
   3.44195713e+02   2.15788116e-03
   3.44196201e+02   1.68991322e-03
   3.44196689e+02   7.79069378e-04
   3.44197178e+02   7.88147736e-04
   3.44197666e+02   1.73419045e-04
   3.44198154e+02  -3.70017695e-03
   3.44198643e+02  -4.83909762e-03
   3.44199131e+02  -2.31277104e-03
   3.44199619e+02  -1.38369412e-03
   3.44200108e+02  -7.71933919e-05
   3.44200596e+02   1.76319969e-03
   3.44201084e+02   1.61533861e-03
   3.44201573e+02   1.42133818e-03
   3.44202061e+02   8.41886562e-04
   3.44202549e+02  -1.24470470e-03
   3.44203037e+02  -2.30879080e-03
   3.44203526e+02  -1.10087695e-03
   3.44204014e+02   7.84889329e-04
   3.44204502e+02   7.45288213e-04
   3.44204991e+02  -1.25208881e-03
   3.44205479e+02  -5.74618462e-04
   3.44205967e+02   1.59061851e-03
   3.44206456e+02   2.47288682e-03
   3.44206944e+02   2.62679369e-03
   3.44207432e+02   2.08859053e-03
   3.44207921e+02   8.08701676e-04
   3.44208409e+02  -1.26847951e-03
   3.44208897e+02  -1.73365988e-03
   3.44209385e+02  -6.15859113e-04
   3.44209874e+02   1.43980389e-04
   3.44210362e+02   5.58824453e-04
   3.44210850e+02   2.11470920e-04
   3.44211339e+02  -3.31677409e-04
   3.44211827e+02   5.30462363e-04
   3.44212315e+02   1.28001580e-03
   3.44212804e+02   1.21084752e-03
   3.44213292e+02   4.16079914e-04
   3.44213780e+02  -5.82666835e-04
   3.44214269e+02  -3.17078957e-04
   3.44214757e+02   9.54306161e-04
   3.44215245e+02   2.79323407e-03
   3.44215734e+02   2.98484368e-03
   3.44216222e+02   1.32546935e-03
   3.44216710e+02   1.08431885e-03
   3.44217198e+02   1.30643381e-03
   3.44217687e+02   1.95537298e-03
   3.44218175e+02   1.70104310e-03
   3.44218663e+02  -1.51666871e-03
   3.44219152e+02  -3.52691044e-03
   3.44219640e+02  -2.25046789e-03
   3.44220128e+02   1.88364837e-04
   3.44220617e+02   1.23660720e-03
   3.44221105e+02   2.83993839e-04
   3.44221593e+02   5.13529871e-04
   3.44222082e+02   1.80749549e-03
   3.44222570e+02   1.08283293e-03
   3.44223058e+02  -9.55891272e-04
   3.44223546e+02  -7.85884215e-04
   3.44224035e+02   2.84711568e-04
   3.44224523e+02  -9.25759814e-05
   3.44225011e+02  -9.68336768e-04
   3.44225500e+02  -1.23124802e-03
   3.44225988e+02  -2.89816002e-04
   3.44226476e+02   2.12914264e-03
   3.44226965e+02   3.40509717e-03
   3.44227453e+02   2.00284459e-03
   3.44227941e+02   5.82374749e-04
   3.44228430e+02   4.37566865e-04
   3.44228918e+02   1.09231961e-03
   3.44229406e+02   2.63722055e-03
   3.44229894e+02   2.24584620e-03
   3.44230383e+02  -3.24581662e-04
   3.44230871e+02  -1.47037196e-03
   3.44231359e+02  -4.03343874e-04
   3.44231848e+02  -1.00977474e-03
   3.44232336e+02  -2.66284845e-03
   3.44232824e+02  -1.57521770e-03
   3.44233313e+02   9.45922744e-04
   3.44233801e+02   3.00096627e-03
   3.44234289e+02   3.50160804e-03
   3.44234778e+02   2.00666999e-03
   3.44235266e+02   8.16626998e-04
   3.44235754e+02   9.56739415e-04
   3.44236242e+02   9.48035624e-04
   3.44236731e+02   8.04857817e-04
   3.44237219e+02   8.69637530e-04
   3.44237707e+02   7.66471960e-04
   3.44238196e+02   7.15146074e-04
   3.44238684e+02   1.40707905e-03
   3.44239172e+02   2.01856485e-03
   3.44239661e+02   1.42638898e-03
   3.44240149e+02   1.37820345e-04
   3.44240637e+02  -7.91308237e-04
   3.44241126e+02  -1.32834155e-03
   3.44241614e+02  -1.52032520e-03
   3.44242102e+02  -6.45283551e-04
   3.44242590e+02   6.93722977e-04
   3.44243079e+02   5.04465599e-04
   3.44243567e+02  -1.71296345e-03
   3.44244055e+02  -1.78706518e-03
   3.44244544e+02  -2.26969743e-04
   3.44245032e+02   1.33069861e-03
   3.44245520e+02   2.19441555e-03
   3.44246009e+02   1.82150386e-03
   3.44246497e+02   1.87140156e-03
   3.44246985e+02   1.19163981e-03
   3.44247474e+02   5.65751572e-04
   3.44247962e+02   4.28017665e-05
   3.44248450e+02  -8.14984378e-04
   3.44248938e+02  -8.43338319e-04
   3.44249427e+02  -1.39867840e-03
   3.44249915e+02  -2.04635644e-03
   3.44250403e+02  -1.69425411e-03
   3.44250892e+02  -3.70095891e-04
   3.44251380e+02   3.09704035e-03
   3.44251868e+02   5.11234673e-03
   3.44252357e+02   1.41354068e-03
   3.44252845e+02  -2.40592216e-03
   3.44253333e+02  -1.57953647e-03
   3.44253822e+02  -2.76902952e-04
   3.44254310e+02  -1.80803705e-03
   3.44254798e+02  -3.97891365e-03
   3.44255286e+02  -2.60843849e-03
   3.44255775e+02  -1.00839978e-04
   3.44256263e+02   1.34047365e-03
   3.44256751e+02   3.19107482e-03
   3.44257240e+02   2.66924198e-03
   3.44257728e+02  -2.02079318e-04
   3.44258216e+02  -2.53050029e-03
   3.44258705e+02  -1.52262603e-03
   3.44259193e+02   9.42762301e-04
   3.44259681e+02   1.89906801e-03
   3.44260170e+02   2.17198278e-03
   3.44260658e+02   3.03496700e-03
   3.44261146e+02   2.36055604e-03
   3.44261635e+02   1.12359156e-03
   3.44262123e+02   2.05624360e-03
   3.44262611e+02   2.36102054e-03
   3.44263099e+02   5.63534501e-04
   3.44263588e+02   1.65606281e-04
   3.44264076e+02   1.00801967e-03
   3.44264564e+02   4.56438429e-04
   3.44265053e+02   1.01146963e-03
   3.44265541e+02   9.94738657e-04
   3.44266029e+02  -1.30391004e-03
   3.44266518e+02  -2.71139015e-03
   3.44267006e+02  -2.17479910e-03
   3.44267494e+02  -1.23389368e-03
   3.44267983e+02   2.41700782e-05
   3.44268471e+02   5.30152698e-04
   3.44268959e+02  -3.71489499e-04
   3.44269447e+02  -1.92204304e-03
   3.44269936e+02  -1.51554937e-03
   3.44270424e+02  -8.04222771e-04
   3.44270912e+02  -2.84302444e-03
   3.44271401e+02  -3.33613879e-03
   3.44271889e+02  -1.84878591e-03
   3.44272377e+02  -6.45203458e-04
   3.44272866e+02   5.12980216e-04
   3.44273354e+02  -3.85566498e-04
   3.44273842e+02  -1.97428605e-03
   3.44274331e+02  -1.50098640e-03
   3.44274819e+02  -8.67990835e-04
   3.44275307e+02  -7.14142283e-04
   3.44275795e+02  -6.16549514e-04
   3.44276284e+02  -8.04720912e-04
   3.44276772e+02  -7.79390859e-04
   3.44277260e+02  -6.06149901e-04
   3.44277749e+02   1.70311323e-05
   3.44278237e+02   3.14223958e-04
   3.44278725e+02  -5.46144089e-04
   3.44279214e+02  -1.50636025e-03
   3.44279702e+02  -2.33544107e-03
   3.44280190e+02  -2.63880542e-03
   3.44280679e+02  -2.37835431e-03
   3.44281167e+02  -2.13907566e-03
   3.44281655e+02  -3.49999435e-04
   3.44282143e+02   2.85682851e-03
   3.44282632e+02   4.57780017e-03
   3.44283120e+02   1.93590368e-03
   3.44283608e+02  -1.05528918e-03
   3.44284097e+02   1.22098500e-04
   3.44284585e+02   1.74982287e-03
   3.44285073e+02   2.59491405e-03
   3.44285562e+02   2.10212078e-03
   3.44286050e+02  -8.92798533e-04
   3.44286538e+02  -1.74207008e-03
   3.44287027e+02   1.10361900e-04
   3.44287515e+02   8.63361231e-04
   3.44288003e+02  -6.39540318e-04
   3.44288491e+02  -3.24068754e-03
   3.44288980e+02  -4.56529483e-03
   3.44289468e+02  -3.30353505e-03
   3.44289956e+02  -1.93816249e-03
   3.44290445e+02  -7.83753407e-04
   3.44290933e+02   1.63243967e-03
   3.44291421e+02   2.38775858e-03
   3.44291910e+02   6.69911096e-04
   3.44292398e+02  -1.09196431e-03
   3.44292886e+02  -1.35199842e-03
   3.44293375e+02  -1.12221960e-03
   3.44293863e+02  -9.72826383e-04
   3.44294351e+02  -8.58487387e-04
   3.44294839e+02  -3.37779667e-04
   3.44295328e+02   6.81204780e-04
   3.44295816e+02   4.50736334e-05
   3.44296304e+02  -5.26933698e-04
   3.44296793e+02   8.62473971e-04
   3.44297281e+02   2.75747851e-04
   3.44297769e+02  -1.73960964e-03
   3.44298258e+02  -4.31744644e-04
   3.44298746e+02   8.98196537e-04
   3.44299234e+02   4.00139434e-05
   3.44299723e+02  -1.64927321e-03
   3.44300211e+02  -3.82060651e-03
   3.44300699e+02  -5.97933866e-03
   3.44301188e+02  -5.60830394e-03
   3.44301676e+02  -2.94795609e-03
   3.44302164e+02  -6.68652239e-04
   3.44302652e+02   1.30037326e-04
   3.44303141e+02  -7.30147076e-05
   3.44303629e+02   9.26235749e-04
   3.44304117e+02   3.19887768e-03
   3.44304606e+02   4.17737290e-03
   3.44305094e+02   3.60336155e-03
   3.44305582e+02   3.03014857e-03
   3.44306071e+02   2.43182993e-03
   3.44306559e+02   1.16735534e-03
   3.44307047e+02   6.19825369e-05
   3.44307536e+02   3.32156691e-04
   3.44308024e+02   1.64668236e-04
   3.44308512e+02  -7.17324496e-04
   3.44309000e+02  -1.98800955e-03
   3.44309489e+02  -3.75767821e-04
   3.44309977e+02   2.14023795e-03
   3.44310465e+02   1.93572743e-03
   3.44310954e+02  -5.08834957e-04
   3.44311442e+02  -2.91475491e-03
   3.44311930e+02  -2.27121939e-03
   3.44312419e+02  -5.76549719e-05
   3.44312907e+02   2.76818435e-04
   3.44313395e+02  -2.65074395e-05
   3.44313884e+02   1.08241651e-03
   3.44314372e+02   1.03145977e-03
   3.44314860e+02  -1.58898634e-04
   3.44315348e+02   5.81757457e-04
   3.44315837e+02   9.83862788e-04
   3.44316325e+02  -7.02119840e-04
   3.44316813e+02  -1.12065871e-03
   3.44317302e+02  -4.25694852e-05
   3.44317790e+02   1.16409804e-03
   3.44318278e+02   3.01621412e-03
   3.44318767e+02   2.81791156e-03
   3.44319255e+02   1.65603706e-04
   3.44319743e+02   5.09333622e-04
   3.44320232e+02   1.61600090e-03
   3.44320720e+02  -1.84007990e-03
   3.44321208e+02  -4.67057060e-03
   3.44321696e+02  -3.00241821e-03
   3.44322185e+02  -2.01390497e-03
   3.44322673e+02  -2.05548806e-03
   3.44323161e+02  -5.61042922e-04
   3.44323650e+02  -1.20009157e-04
   3.44324138e+02  -5.88621711e-04
   3.44324626e+02   7.70210812e-04
   3.44325115e+02   1.73955073e-03
   3.44325603e+02  -4.37236849e-05
   3.44326091e+02  -1.09689415e-03
   3.44326580e+02  -1.68579037e-03
   3.44327068e+02  -3.11346352e-03
   3.44327556e+02  -3.43922898e-03
   3.44328044e+02  -2.34929542e-03
   3.44328533e+02  -1.15958718e-03
   3.44329021e+02  -1.48303411e-03
   3.44329509e+02  -2.92943488e-03
   3.44329998e+02  -1.78060937e-03
   3.44330486e+02   5.69253112e-04
   3.44330974e+02   9.54713789e-04
   3.44331463e+02   3.18827020e-04
   3.44331951e+02  -1.81592989e-03
   3.44332439e+02  -3.41038639e-03
   3.44332928e+02  -2.44065654e-03
   3.44333416e+02   4.37799259e-04
   3.44333904e+02   2.80417502e-03
   3.44334392e+02   2.02771230e-03
   3.44334881e+02   4.78181872e-04
   3.44335369e+02  -1.02046528e-03
   3.44335857e+02  -1.69517146e-03
   3.44336346e+02   7.92716746e-04
   3.44336834e+02   2.75280094e-03
   3.44337322e+02   2.61879154e-03
   3.44337811e+02   1.23449322e-03
   3.44338299e+02  -1.35207258e-03
   3.44338787e+02  -2.59320391e-03
   3.44339276e+02  -3.70210339e-03
   3.44339764e+02  -3.94367240e-03
   3.44340252e+02  -1.05065107e-03
   3.44340741e+02   1.30839576e-03
   3.44341229e+02   8.11134290e-04
   3.44341717e+02  -7.37684837e-04
   3.44342205e+02  -2.26399838e-03
   3.44342694e+02  -1.53567456e-03
   3.44343182e+02   9.59186058e-04
   3.44343670e+02   1.80444634e-03
   3.44344159e+02  -1.14841787e-04
   3.44344647e+02  -1.67170959e-03
   3.44345135e+02  -1.27147674e-03
   3.44345624e+02   1.25487335e-04
   3.44346112e+02   1.33006286e-03
   3.44346600e+02   1.13671261e-03
   3.44347089e+02   1.37465855e-03
   3.44347577e+02   1.97057193e-03
   3.44348065e+02   2.37812917e-03
   3.44348553e+02   3.05699953e-03
   3.44349042e+02   1.98814459e-03
   3.44349530e+02   9.19359678e-04
   3.44350018e+02   5.35257743e-04
   3.44350507e+02  -7.20357231e-04
   3.44350995e+02  -9.58085177e-04
   3.44351483e+02  -4.55180299e-04
   3.44351972e+02   3.13631754e-04
   3.44352460e+02   1.63176109e-03
   3.44352948e+02   1.23242207e-03
   3.44353437e+02   3.12379445e-04
   3.44353925e+02   9.81375342e-04
   3.44354413e+02   1.18632847e-03
   3.44354901e+02   6.94947026e-04
   3.44355390e+02  -3.94116854e-04
   3.44355878e+02  -1.94912392e-03
   3.44356366e+02  -2.27686763e-03
   3.44356855e+02  -1.67555339e-03
   3.44357343e+02  -4.18140378e-04
   3.44357831e+02   1.60628860e-03
   3.44358320e+02   2.40839645e-03
   3.44358808e+02   1.50083599e-03
   3.44359296e+02   5.77774190e-05
   3.44359785e+02  -1.02388486e-03
   3.44360273e+02  -4.95800807e-04
   3.44360761e+02   1.22752227e-03
   3.44361249e+02   1.37733354e-03
   3.44361738e+02  -2.87864859e-05
   3.44362226e+02  -1.73355930e-03
   3.44362714e+02  -2.73772865e-03
   3.44363203e+02  -1.62436604e-03
   3.44363691e+02  -1.75974984e-03
   3.44364179e+02  -2.25167116e-03
   3.44364668e+02  -6.58316130e-04
   3.44365156e+02  -3.29395960e-04
   3.44365644e+02  -9.71102971e-04
   3.44366133e+02  -8.75605328e-04
   3.44366621e+02   1.93727814e-04
   3.44367109e+02   2.82155396e-03
   3.44367597e+02   3.61423800e-03
   3.44368086e+02   2.71213916e-03
   3.44368574e+02   2.69769982e-04
   3.44369062e+02  -1.19141443e-03
   3.44369551e+02  -7.93232350e-04
   3.44370039e+02   5.06354903e-04
   3.44370527e+02   1.48474658e-03
   3.44371016e+02  -4.14010923e-04
   3.44371504e+02  -3.08383908e-03
   3.44371992e+02  -3.97744123e-03
   3.44372481e+02  -2.74257828e-03
   3.44372969e+02  -5.11101563e-04
   3.44373457e+02   3.27317946e-04
   3.44373945e+02   1.07759167e-03
   3.44374434e+02   9.60771053e-04
   3.44374922e+02  -2.48010783e-03
   3.44375410e+02  -3.51372990e-03
   3.44375899e+02   1.99116927e-04
   3.44376387e+02   1.65581063e-03
   3.44376875e+02   1.25636428e-03
   3.44377364e+02   2.75387638e-03
   3.44377852e+02   2.76911911e-03
   3.44378340e+02   1.14811189e-03
   3.44378829e+02   1.13708212e-03
   3.44379317e+02   7.70308950e-04
   3.44379805e+02  -3.57075187e-04
   3.44380294e+02  -1.17431453e-03
   3.44380782e+02  -1.74342748e-03
   3.44381270e+02  -7.24563317e-04
   3.44381758e+02  -1.16071920e-03
   3.44382247e+02  -2.49176822e-03
   3.44382735e+02  -1.83054386e-03
   3.44383223e+02  -4.72663844e-04
   3.44383712e+02  -1.05592853e-03
   3.44384200e+02  -1.97504717e-03
   3.44384688e+02  -4.38067480e-04
   3.44385177e+02   2.05292250e-03
   3.44385665e+02   3.08147841e-03
   3.44386153e+02   2.28923978e-03
   3.44386642e+02  -5.41895097e-05
   3.44387130e+02  -1.06505631e-03
   3.44387618e+02  -1.28293832e-04
   3.44388106e+02   4.06519030e-05
   3.44388595e+02  -7.44993682e-04
   3.44389083e+02   5.75775106e-04
   3.44389571e+02   2.47849314e-03
   3.44390060e+02   2.76772561e-03
   3.44390548e+02   3.84436129e-03
   3.44391036e+02   4.46120556e-03
   3.44391525e+02   2.26911949e-03
   3.44392013e+02   5.54520113e-04
   3.44392501e+02   7.38136470e-04
   3.44392990e+02   7.54882873e-04
   3.44393478e+02  -1.29296479e-03
   3.44393966e+02  -1.65814336e-03
   3.44394454e+02   3.37650840e-06
   3.44394943e+02  -1.27322332e-03
   3.44395431e+02  -3.32209072e-03
   3.44395919e+02  -3.41399317e-03
   3.44396408e+02  -1.59467058e-03
   3.44396896e+02   6.68935187e-04
   3.44397384e+02   3.20271356e-04
   3.44397873e+02  -1.98276853e-03
   3.44398361e+02  -2.52432260e-03
   3.44398849e+02  -2.30845064e-03
   3.44399338e+02  -2.79031973e-03
   3.44399826e+02  -3.56884976e-03
   3.44400314e+02  -2.89221318e-03
   3.44400802e+02  -1.37840165e-03
   3.44401291e+02   3.11615469e-04
   3.44401779e+02   2.75264680e-03
   3.44402267e+02   3.05346609e-03
   3.44402756e+02  -2.05856748e-04
   3.44403244e+02  -2.11694790e-03
   3.44403732e+02  -1.45198719e-03
   3.44404221e+02  -1.64266676e-03
   3.44404709e+02  -1.86358555e-03
   3.44405197e+02   6.23189029e-04
   3.44405686e+02   5.13214758e-03
   3.44406174e+02   8.07144120e-03
   3.44406662e+02   5.64069254e-03
   3.44407150e+02   1.88023306e-03
   3.44407639e+02   5.11295279e-04
   3.44408127e+02   2.81967687e-06
   3.44408615e+02   1.27551239e-03
   3.44409104e+02   3.67049268e-03
   3.44409592e+02   4.66451142e-03
   3.44410080e+02   3.13173654e-03
   3.44410569e+02   2.14633439e-03
   3.44411057e+02   2.92217056e-03
   3.44411545e+02   2.50877324e-03
   3.44412034e+02   1.23682176e-03
   3.44412522e+02   7.74568820e-04
   3.44413010e+02   2.91700213e-04
   3.44413498e+02  -9.77290911e-04
   3.44413987e+02  -1.74693228e-03
   3.44414475e+02  -2.57025356e-03
   3.44414963e+02  -4.48544929e-03
   3.44415452e+02  -4.40143887e-03
   3.44415940e+02  -3.75397340e-03
   3.44416428e+02  -2.56613153e-03
   3.44416917e+02   9.44726227e-04
   3.44417405e+02   2.06078170e-03
   3.44417893e+02   2.10266895e-04
   3.44418382e+02  -9.02019499e-04
   3.44418870e+02  -6.38136917e-05
   3.44419358e+02   1.02872658e-03
   3.44419847e+02   2.60980637e-03
   3.44420335e+02   2.98740179e-03
   3.44420823e+02   1.14925823e-03
   3.44421311e+02   1.62332412e-03
   3.44421800e+02   2.31956830e-03
   3.44422288e+02   8.30160061e-05
   3.44422776e+02  -7.23777513e-04
   3.44423265e+02   5.69894153e-04
   3.44423753e+02  -3.50670365e-04
   3.44424241e+02  -1.83749199e-03
   3.44424730e+02  -1.70633325e-03
   3.44425218e+02  -2.40333984e-03
   3.44425706e+02  -2.79970263e-04
   3.44426195e+02   2.47675343e-03
   3.44426683e+02   3.91265145e-03
   3.44427171e+02   4.00548242e-03
   3.44427659e+02   2.34973524e-03
   3.44428148e+02  -1.24205207e-03
   3.44428636e+02  -3.90366651e-03
   3.44429124e+02  -3.41955409e-03
   3.44429613e+02  -1.56511448e-03
   3.44430101e+02   3.61948099e-04
   3.44430589e+02  -4.22389217e-04
   3.44431078e+02  -1.48195436e-03
   3.44431566e+02   1.55852211e-03
   3.44432054e+02   3.06359632e-03
   3.44432543e+02  -7.51269283e-04
   3.44433031e+02  -2.77399295e-03
   3.44433519e+02  -1.62272865e-03
   3.44434007e+02  -1.95807568e-03
   3.44434496e+02  -6.75189425e-04
   3.44434984e+02   1.33598421e-03
   3.44435472e+02   7.13209854e-04
   3.44435961e+02  -1.46759988e-03
   3.44436449e+02  -1.76170678e-03
   3.44436937e+02  -1.56693146e-04
   3.44437426e+02   8.82989087e-04
   3.44437914e+02   9.88339190e-04
   3.44438402e+02   1.63209764e-03
   3.44438891e+02   6.06111076e-04
   3.44439379e+02  -2.40550842e-03
   3.44439867e+02  -4.78730956e-03
   3.44440355e+02  -5.52100455e-03
   3.44440844e+02  -4.12684027e-03
   3.44441332e+02  -1.60186272e-03
   3.44441820e+02  -6.51252572e-04
   3.44442309e+02  -3.72147420e-04
   3.44442797e+02   2.24715681e-04
   3.44443285e+02   5.69791184e-04
   3.44443774e+02  -6.04876259e-04
   3.44444262e+02  -1.35330821e-03
   3.44444750e+02  -1.22044155e-04
   3.44445239e+02   1.15502672e-03
   3.44445727e+02   1.30082690e-03
   3.44446215e+02   6.20010178e-06
   3.44446703e+02  -7.83391180e-04
   3.44447192e+02  -8.09480407e-05
   3.44447680e+02   7.35255599e-05
   3.44448168e+02  -2.42730996e-04
   3.44448657e+02  -6.90571324e-04
   3.44449145e+02  -3.32516211e-04
   3.44449633e+02   8.88917653e-04
   3.44450122e+02   2.30725389e-03
   3.44450610e+02   2.13207584e-03
   3.44451098e+02   6.80373196e-05
   3.44451587e+02  -9.92545276e-04
   3.44452075e+02  -1.19343097e-03
   3.44452563e+02  -1.51068496e-03
   3.44453051e+02  -1.57216389e-03
   3.44453540e+02  -1.64917391e-03
   3.44454028e+02  -1.38825533e-04
   3.44454516e+02   7.16619077e-04
   3.44455005e+02  -4.16864292e-04
   3.44455493e+02  -4.28850472e-04
   3.44455981e+02   3.48705915e-04
   3.44456470e+02  -6.02746513e-05
   3.44456958e+02  -3.38759696e-06
   3.44457446e+02   1.71360257e-03
   3.44457935e+02   2.57334067e-03
   3.44458423e+02   1.46695890e-03
   3.44458911e+02   9.32155701e-04
   3.44459400e+02   5.41296962e-04
   3.44459888e+02  -1.06727844e-03
   3.44460376e+02  -2.44333362e-03
   3.44460864e+02  -1.59815187e-03
   3.44461353e+02  -1.36604474e-03
   3.44461841e+02  -2.21551373e-03
   3.44462329e+02  -1.06654305e-03
   3.44462818e+02   1.06255780e-03
   3.44463306e+02   1.38449203e-03
   3.44463794e+02   4.58228227e-04
   3.44464283e+02   9.42932675e-04
   3.44464771e+02   2.14859494e-03
   3.44465259e+02   1.84851466e-03
   3.44465748e+02   1.30355952e-03
   3.44466236e+02  -1.63712201e-03
   3.44466724e+02  -3.08275013e-03
   3.44467212e+02   5.59921027e-04
   3.44467701e+02   1.56275835e-03
   3.44468189e+02  -7.22885015e-04
   3.44468677e+02  -1.58027303e-03
   3.44469166e+02  -1.32062577e-03
   3.44469654e+02  -2.61556008e-04
   3.44470142e+02   6.90987392e-04
   3.44470631e+02   5.62518602e-04
   3.44471119e+02   1.65882127e-04
   3.44471607e+02   1.05645228e-03
   3.44472096e+02   1.80121104e-03
   3.44472584e+02   1.29650580e-03
   3.44473072e+02   9.33735224e-04
   3.44473560e+02  -7.37961906e-04
   3.44474049e+02  -3.69761279e-03
   3.44474537e+02  -2.99509452e-03
   3.44475025e+02   4.54181136e-04
   3.44475514e+02   1.09720789e-03
   3.44476002e+02   7.13100075e-04
   3.44476490e+02   2.74181785e-03
   3.44476979e+02   3.26555432e-03
   3.44477467e+02   1.04155054e-03
   3.44477955e+02  -7.72445754e-04
   3.44478444e+02  -1.65709131e-03
   3.44478932e+02  -9.45555919e-04
   3.44479420e+02   4.92510735e-04
   3.44479908e+02   9.46571701e-04
   3.44480397e+02   1.99156682e-04
   3.44480885e+02  -3.48387148e-05
   3.44481373e+02   1.29251007e-03
   3.44481862e+02   2.32365029e-03
   3.44482350e+02   2.01878767e-03
   3.44482838e+02   1.34525029e-03
   3.44483327e+02   1.25798921e-03
   3.44483815e+02   1.97943556e-03
   3.44484303e+02  -5.56170016e-05
   3.44484792e+02  -5.19270659e-04
   3.44485280e+02   2.63255934e-04
   3.44485768e+02   1.45008016e-04
   3.44486256e+02  -9.31086892e-04
   3.44486745e+02  -2.25697062e-03
   3.44487233e+02  -2.13540555e-03
   3.44487721e+02  -1.17968407e-03
   3.44488210e+02  -4.61122137e-04
   3.44488698e+02  -3.36576893e-04
   3.44489186e+02  -6.54948701e-04
   3.44489675e+02  -1.55838276e-03
   3.44490163e+02  -8.85527872e-04
   3.44490651e+02   6.50506292e-04
   3.44491140e+02  -1.89319195e-04
   3.44491628e+02  -2.99180771e-04
   3.44492116e+02  -4.46236809e-04
   3.44492604e+02  -1.92609604e-03
   3.44493093e+02  -7.35923066e-04
   3.44493581e+02   2.63348513e-04
   3.44494069e+02   1.81415118e-04
   3.44494558e+02  -3.33882868e-04
   3.44495046e+02  -1.57521793e-03
   3.44495534e+02  -7.52534776e-04
   3.44496023e+02   2.36704713e-04
   3.44496511e+02  -3.50657676e-04
   3.44496999e+02  -9.52623668e-04
   3.44497488e+02   2.81148066e-04
   3.44497976e+02  -2.24040996e-05
   3.44498464e+02  -1.98900094e-03
   3.44498953e+02  -3.79168749e-04
   3.44499441e+02   1.79937575e-03
   3.44499929e+02   4.37162380e-04
   3.44500417e+02  -6.87907333e-04
   3.44500906e+02  -8.08248369e-05
   3.44501394e+02   6.60984486e-04
   3.44501882e+02   4.67007223e-04
   3.44502371e+02  -6.67260610e-05
   3.44502859e+02   8.63851514e-04
   3.44503347e+02   2.30522151e-03
   3.44503836e+02   1.83748500e-03
   3.44504324e+02   3.56384204e-04
   3.44504812e+02  -3.97058961e-04
   3.44505301e+02  -8.03819799e-04
   3.44505789e+02  -3.82404105e-05
   3.44506277e+02   1.74520654e-03
   3.44506765e+02   3.40340589e-03
   3.44507254e+02   3.59302992e-03
   3.44507742e+02   1.71913346e-03
   3.44508230e+02  -7.31747015e-04
   3.44508719e+02  -2.45053740e-03
   3.44509207e+02  -3.26894433e-03
   3.44509695e+02  -3.30733065e-03
   3.44510184e+02  -3.22398706e-03
   3.44510672e+02  -2.85980245e-03
   3.44511160e+02  -1.33208954e-03
   3.44511649e+02  -1.40507209e-05
   3.44512137e+02  -6.18718681e-04
   3.44512625e+02  -1.94223446e-03
   3.44513113e+02  -1.74003607e-03
   3.44513602e+02  -1.32561638e-03
   3.44514090e+02  -1.13404647e-03
   3.44514578e+02  -1.03026396e-03
   3.44515067e+02  -1.13408442e-03
   3.44515555e+02   2.94137601e-04
   3.44516043e+02   1.04727643e-03
   3.44516532e+02   5.62715693e-04
   3.44517020e+02  -1.45341992e-05
   3.44517508e+02  -1.44390491e-04
   3.44517997e+02  -1.76281013e-04
   3.44518485e+02   1.71883032e-04
   3.44518973e+02   1.61529554e-03
   3.44519461e+02   2.92710355e-03
   3.44519950e+02   1.85493683e-03
   3.44520438e+02  -2.32610665e-03
   3.44520926e+02  -5.06581552e-03
   3.44521415e+02  -3.48626892e-03
   3.44521903e+02   1.95407378e-03
   3.44522391e+02   5.43124042e-03
   3.44522880e+02   3.68016725e-03
   3.44523368e+02   3.02870874e-03
   3.44523856e+02   4.26148111e-03
   3.44524345e+02   4.54836665e-03
   3.44524833e+02   3.53687652e-03
   3.44525321e+02   1.18824933e-03
   3.44525809e+02  -6.93082402e-04
   3.44526298e+02  -3.33950593e-04
   3.44526786e+02   1.86276564e-03
   3.44527274e+02   4.55338228e-03
   3.44527763e+02   4.12931992e-03
   3.44528251e+02   4.28057887e-04
   3.44528739e+02  -6.22044026e-04
   3.44529228e+02   3.78760509e-04
   3.44529716e+02   9.43999330e-05
   3.44530204e+02  -1.00318238e-03
   3.44530693e+02  -2.41104839e-03
   3.44531181e+02  -2.01673806e-03
   3.44531669e+02   6.86330313e-05
   3.44532157e+02   5.20926027e-04
   3.44532646e+02  -1.69375865e-03
   3.44533134e+02  -2.90856929e-03
   3.44533622e+02  -2.82004685e-03
   3.44534111e+02  -2.86194379e-03
   3.44534599e+02  -1.64763187e-03
   3.44535087e+02  -1.06448343e-03
   3.44535576e+02  -1.93596887e-03
   3.44536064e+02  -2.14397069e-03
   3.44536552e+02  -7.16307026e-04
   3.44537041e+02   1.10999681e-03
   3.44537529e+02   2.31740880e-03
   3.44538017e+02   1.33941614e-03
   3.44538506e+02  -1.79308502e-03
   3.44538994e+02  -2.96815159e-03
   3.44539482e+02  -2.40962300e-03
   3.44539970e+02  -2.20210268e-03
   3.44540459e+02  -2.04113917e-03
   3.44540947e+02  -3.79555929e-03
   3.44541435e+02  -5.50000323e-03
   3.44541924e+02  -3.04353749e-03
   3.44542412e+02   9.33107513e-04
   3.44542900e+02   1.26557192e-03
   3.44543389e+02   2.20786966e-03
   3.44543877e+02   2.86166579e-03
   3.44544365e+02   1.60403980e-03
   3.44544854e+02   6.05049543e-04
   3.44545342e+02   1.56325998e-03
   3.44545830e+02   7.71498657e-04
   3.44546318e+02  -3.04046995e-03
   3.44546807e+02  -4.26496379e-03
   3.44547295e+02  -3.51083744e-03
   3.44547783e+02  -3.78104043e-03
   3.44548272e+02  -2.24243710e-03
   3.44548760e+02  -1.82118834e-04
   3.44549248e+02  -6.24673849e-04
   3.44549737e+02  -1.49643095e-03
   3.44550225e+02  -1.45335053e-03
   3.44550713e+02  -1.03129924e-03
   3.44551202e+02  -6.08788221e-04
   3.44551690e+02  -1.03257992e-03
   3.44552178e+02  -3.03276087e-04
   3.44552666e+02   1.27144204e-03
   3.44553155e+02   9.97337629e-04
   3.44553643e+02   7.88843434e-04
   3.44554131e+02   1.14734808e-03
   3.44554620e+02   3.16361547e-05
   3.44555108e+02   8.16869608e-04
   3.44555596e+02   2.13193800e-03
   3.44556085e+02   1.26188761e-03
   3.44556573e+02   3.92282585e-04
   3.44557061e+02   6.22362946e-04
   3.44557550e+02   1.49700895e-03
   3.44558038e+02   1.30395708e-03
   3.44558526e+02   1.81706986e-04
   3.44559014e+02   1.16177202e-04
   3.44559503e+02  -6.15838682e-04
   3.44559991e+02  -8.01886083e-04
   3.44560479e+02   1.31007924e-03
   3.44560968e+02   2.19272287e-03
   3.44561456e+02   6.52018178e-04
   3.44561944e+02  -3.19252169e-04
   3.44562433e+02   5.27273514e-04
   3.44562921e+02   1.18384883e-03
   3.44563409e+02   9.23086889e-04
   3.44563898e+02   3.22309730e-04
   3.44564386e+02  -4.25896404e-04
   3.44564874e+02  -1.13371912e-04
   3.44565362e+02   1.39236439e-03
   3.44565851e+02   2.29582563e-03
   3.44566339e+02   2.81052024e-04
   3.44566827e+02  -3.59860831e-03
   3.44567316e+02  -2.69335369e-03
   3.44567804e+02   1.38408993e-03
   3.44568292e+02   1.45405193e-03
   3.44568781e+02  -1.59855175e-03
   3.44569269e+02  -3.78592080e-03
   3.44569757e+02  -3.21592996e-03
   3.44570246e+02  -2.24143313e-03
   3.44570734e+02  -3.36362631e-03
   3.44571222e+02  -4.68278723e-03
   3.44571710e+02  -2.72909016e-03
   3.44572199e+02  -1.08314955e-04
   3.44572687e+02  -5.77761326e-04
   3.44573175e+02  -1.00805482e-03
   3.44573664e+02  -3.16601916e-04
   3.44574152e+02   4.89848782e-04
   3.44574640e+02   2.78756488e-03
   3.44575129e+02   4.61474480e-03
   3.44575617e+02   2.72188475e-03
   3.44576105e+02  -1.26135629e-03
   3.44576594e+02  -3.04423319e-03
   3.44577082e+02  -1.84112706e-03
   3.44577570e+02  -1.14110589e-03
   3.44578059e+02  -2.01347424e-03
   3.44578547e+02  -2.46076286e-03
   3.44579035e+02  -1.65705965e-03
   3.44579523e+02   4.22374549e-04
   3.44580012e+02   2.75323470e-03
   3.44580500e+02   1.32107968e-03
   3.44580988e+02  -2.93043372e-03
   3.44581477e+02  -4.45952034e-03
   3.44581965e+02  -2.67850771e-03
   3.44582453e+02  -3.01934575e-04
   3.44582942e+02   4.95436892e-04
   3.44583430e+02  -4.83297656e-04
   3.44583918e+02  -8.48776137e-04
   3.44584407e+02  -4.93429718e-04
   3.44584895e+02  -6.20106061e-04
   3.44585383e+02  -4.59587580e-04
   3.44585871e+02   2.57214357e-04
   3.44586360e+02   7.63072167e-04
   3.44586848e+02   6.54079136e-04
   3.44587336e+02   5.71508326e-06
   3.44587825e+02   9.86788582e-05
   3.44588313e+02   5.37854969e-04
   3.44588801e+02   2.59039662e-04
   3.44589290e+02   1.03984436e-03
   3.44589778e+02   1.53382041e-03
   3.44590266e+02   3.26091424e-04
   3.44590755e+02  -1.13480655e-03
   3.44591243e+02  -2.62685097e-03
   3.44591731e+02  -3.14671476e-03
   3.44592219e+02  -3.04100313e-03
   3.44592708e+02  -2.02620286e-03
   3.44593196e+02  -8.24486779e-04
   3.44593684e+02  -7.16613722e-04
   3.44594173e+02  -1.96733396e-03
   3.44594661e+02  -2.35792808e-03
   3.44595149e+02   7.55292276e-05
   3.44595638e+02   1.69687532e-03
   3.44596126e+02  -3.33682721e-04
   3.44596614e+02  -2.00165855e-03
   3.44597103e+02  -4.33893729e-04
   3.44597591e+02   8.47312986e-05
   3.44598079e+02  -1.73848413e-03
   3.44598567e+02  -1.91567664e-03
   3.44599056e+02  -8.94095501e-05
   3.44599544e+02   3.09286732e-03
   3.44600032e+02   4.41098306e-03
   3.44600521e+02   1.91452820e-03
   3.44601009e+02   3.59042489e-04
   3.44601497e+02   3.36749654e-04
   3.44601986e+02   3.12372838e-04
   3.44602474e+02  -3.74561612e-04
   3.44602962e+02  -1.76750403e-03
   3.44603451e+02  -1.80688081e-03
   3.44603939e+02  -1.33435184e-04
   3.44604427e+02   1.25958479e-03
   3.44604915e+02   8.40991153e-04
   3.44605404e+02  -4.89642371e-05
   3.44605892e+02   5.25259820e-04
   3.44606380e+02   1.47433090e-03
   3.44606869e+02   2.21833028e-03
   3.44607357e+02   2.84985988e-03
   3.44607845e+02   1.25745812e-03
   3.44608334e+02   2.37544198e-04
   3.44608822e+02   1.23402395e-03
   3.44609310e+02   9.04229120e-04
   3.44609799e+02   3.69904534e-04
   3.44610287e+02   1.32052181e-03
   3.44610775e+02   2.12956709e-03
   3.44611263e+02   3.15961195e-03
   3.44611752e+02   3.86858522e-03
   3.44612240e+02   1.75918301e-03
   3.44612728e+02  -2.41287460e-04
   3.44613217e+02   2.21024267e-03
   3.44613705e+02   3.61630344e-03
   3.44614193e+02   4.43125464e-04
   3.44614682e+02  -3.66542605e-03
   3.44615170e+02  -3.45600210e-03
   3.44615658e+02  -3.98284727e-04
   3.44616147e+02  -9.35923134e-04
   3.44616635e+02  -1.95368379e-03
   3.44617123e+02  -1.37634960e-03
   3.44617612e+02  -2.60562915e-03
   3.44618100e+02  -3.16160661e-03
   3.44618588e+02  -3.41679831e-03
   3.44619076e+02  -4.84676799e-03
   3.44619565e+02  -3.54172243e-03
   3.44620053e+02  -2.45605304e-04
   3.44620541e+02  -1.65581456e-04
   3.44621030e+02  -4.95890970e-04
   3.44621518e+02  -9.21866973e-04
   3.44622006e+02  -3.33828037e-03
   3.44622495e+02  -3.32820974e-03
   3.44622983e+02  -5.50559780e-04
   3.44623471e+02  -3.11904150e-04
   3.44623960e+02  -2.93220463e-03
   3.44624448e+02  -3.95045197e-03
   3.44624936e+02  -2.41003116e-03
   3.44625424e+02  -9.64502979e-04
   3.44625913e+02  -1.08471524e-03
   3.44626401e+02  -2.32080906e-03
   3.44626889e+02  -1.33805466e-03
   3.44627378e+02   3.02666915e-04
   3.44627866e+02  -1.09418377e-03
   3.44628354e+02  -2.61375122e-03
   3.44628843e+02  -1.39686838e-03
   3.44629331e+02  -2.61740915e-05
   3.44629819e+02   6.72821363e-04
   3.44630308e+02  -8.56761326e-05
   3.44630796e+02  -1.94420587e-04
   3.44631284e+02   1.30448153e-03
   3.44631772e+02   8.10525235e-05
   3.44632261e+02  -1.02946616e-03
   3.44632749e+02  -1.16678479e-03
   3.44633237e+02  -1.43950654e-03
   3.44633726e+02   5.37821092e-04
   3.44634214e+02   1.78125256e-03
   3.44634702e+02   1.14818360e-03
   3.44635191e+02   3.56517528e-04
   3.44635679e+02  -5.60341461e-04
   3.44636167e+02   6.96813322e-06
   3.44636656e+02   1.60209404e-03
   3.44637144e+02   2.85988743e-03
   3.44637632e+02   3.84297827e-03
   3.44638120e+02   3.29782371e-03
   3.44638609e+02   1.72400742e-03
   3.44639097e+02   6.88718981e-04
   3.44639585e+02  -7.60481635e-04
   3.44640074e+02  -7.69949984e-04
   3.44640562e+02   7.81214505e-04
   3.44641050e+02   5.31469646e-04
   3.44641539e+02  -1.22847990e-03
   3.44642027e+02  -6.16619480e-04
   3.44642515e+02   1.21223030e-03
   3.44643004e+02   1.23724376e-03
   3.44643492e+02   1.28671806e-03
   3.44643980e+02   1.17515225e-03
   3.44644468e+02  -5.76946768e-04
   3.44644957e+02  -6.82430516e-04
   3.44645445e+02   4.12830588e-04
   3.44645933e+02  -1.29076990e-03
   3.44646422e+02  -3.05391941e-03
   3.44646910e+02  -2.19698320e-03
   3.44647398e+02  -3.29997361e-04
   3.44647887e+02   1.12027302e-03
   3.44648375e+02   1.02009566e-03
   3.44648863e+02  -6.49994821e-04
   3.44649352e+02  -1.01260026e-03
   3.44649840e+02   6.13133830e-04
   3.44650328e+02   4.01580706e-04
   3.44650816e+02  -2.38995257e-04
   3.44651305e+02   1.09523279e-03
   3.44651793e+02   2.02369713e-03
   3.44652281e+02   9.31845454e-04
   3.44652770e+02  -8.38408887e-04
   3.44653258e+02  -8.69577401e-04
   3.44653746e+02  -5.69000957e-04
   3.44654235e+02   5.13780396e-04
   3.44654723e+02   1.09874457e-03
   3.44655211e+02  -5.89923467e-04
   3.44655700e+02  -1.88814453e-03
   3.44656188e+02  -2.26307823e-03
   3.44656676e+02  -1.25166704e-03
   3.44657165e+02  -4.71298816e-04
   3.44657653e+02   6.37489778e-04
   3.44658141e+02   1.74381118e-03
   3.44658629e+02   4.21092816e-04
   3.44659118e+02   2.78458210e-05
   3.44659606e+02   1.08594052e-03
   3.44660094e+02   1.13145169e-03
   3.44660583e+02   1.60602119e-03
   3.44661071e+02   1.33433298e-03
   3.44661559e+02  -7.82117306e-04
   3.44662048e+02  -8.33300059e-04
   3.44662536e+02   9.67428961e-04
   3.44663024e+02   2.15721768e-04
   3.44663513e+02  -8.55103310e-04
   3.44664001e+02   3.55493190e-04
   3.44664489e+02   8.67530413e-04
   3.44664977e+02   6.53902302e-04
   3.44665466e+02   4.74842498e-04
   3.44665954e+02   5.48727636e-04
   3.44666442e+02   4.13972331e-04
   3.44666931e+02   4.33419744e-04
   3.44667419e+02   1.95446657e-03
   3.44667907e+02   3.54205887e-03
   3.44668396e+02   4.40521119e-03
   3.44668884e+02   3.63062904e-03
   3.44669372e+02   1.36840506e-03
   3.44669861e+02  -5.94774610e-04
   3.44670349e+02   7.84543736e-05
   3.44670837e+02   3.20400554e-03
   3.44671325e+02   4.30001784e-03
   3.44671814e+02   2.56818649e-03
   3.44672302e+02   1.45480735e-03
   3.44672790e+02   3.86404805e-04
   3.44673279e+02  -1.68328508e-04
   3.44673767e+02   2.55812163e-04
   3.44674255e+02   2.77670013e-04
   3.44674744e+02   1.24895608e-03
   3.44675232e+02   2.33484898e-03
   3.44675720e+02   1.14801142e-03
   3.44676209e+02  -3.69012123e-04
   3.44676697e+02   5.63301553e-04
   3.44677185e+02   1.88488909e-03
   3.44677673e+02   1.25455146e-03
   3.44678162e+02   1.45615137e-03
   3.44678650e+02   1.50950102e-03
   3.44679138e+02  -2.63656402e-04
   3.44679627e+02   5.80178094e-05
   3.44680115e+02   9.95200593e-04
   3.44680603e+02  -4.01749887e-04
   3.44681092e+02  -1.75124919e-03
   3.44681580e+02  -5.44000359e-04
   3.44682068e+02   1.64894236e-03
   3.44682557e+02   1.34981296e-03
   3.44683045e+02   1.16765453e-03
   3.44683533e+02   2.57013668e-03
   3.44684021e+02   2.78206635e-03
   3.44684510e+02   2.48902268e-03
   3.44684998e+02   2.28969450e-03
   3.44685486e+02   1.42138253e-03
   3.44685975e+02  -3.13188240e-04
   3.44686463e+02  -8.29807250e-04
   3.44686951e+02   1.42259276e-04
   3.44687440e+02   1.05894508e-03
   3.44687928e+02   7.07737199e-05
   3.44688416e+02  -1.68948516e-03
   3.44688905e+02   6.85011037e-04
   3.44689393e+02   2.54184776e-03
   3.44689881e+02   1.32510031e-05
   3.44690369e+02  -1.79298047e-03
   3.44690858e+02  -2.04385445e-03
   3.44691346e+02  -1.98997231e-03
   3.44691834e+02  -3.20093124e-04
   3.44692323e+02   1.98418368e-03
   3.44692811e+02   2.19528796e-03
   3.44693299e+02   1.31354947e-03
   3.44693788e+02   3.38876736e-04
   3.44694276e+02  -1.52027016e-04
   3.44694764e+02  -1.43685727e-03
   3.44695253e+02  -2.30438123e-03
   3.44695741e+02  -2.95389886e-03
   3.44696229e+02  -2.42853118e-03
   3.44696718e+02   7.78509653e-04
   3.44697206e+02   2.34381761e-03
   3.44697694e+02   1.74391665e-03
   3.44698182e+02   6.89369510e-04
   3.44698671e+02   1.19068109e-05
   3.44699159e+02   2.74626946e-04
   3.44699647e+02  -1.66296901e-03
   3.44700136e+02  -3.00621428e-03
   3.44700624e+02  -1.23731000e-03
   3.44701112e+02  -1.21786783e-03
   3.44701601e+02  -8.04094248e-04
   3.44702089e+02   5.82621258e-04
   3.44702577e+02   4.03822283e-04
   3.44703066e+02  -4.83658050e-06
   3.44703554e+02  -5.57295978e-04
   3.44704042e+02  -7.63091302e-05
   3.44704530e+02   1.15604908e-03
   3.44705019e+02   1.18287548e-03
   3.44705507e+02   1.29386049e-03
   3.44705995e+02   6.68995257e-04
   3.44706484e+02   1.64424919e-03
   3.44706972e+02   3.10059311e-03
   3.44707460e+02   1.86917011e-03
   3.44707949e+02   1.62023178e-03
   3.44708437e+02   1.52093149e-03
   3.44708925e+02  -5.43534057e-04
   3.44709414e+02  -2.61736428e-03
   3.44709902e+02  -3.80075769e-03
   3.44710390e+02  -2.77749612e-03
   3.44710878e+02  -5.96020487e-04
   3.44711367e+02   3.11973505e-04
   3.44711855e+02   1.28317880e-03
   3.44712343e+02   2.98252748e-03
   3.44712832e+02   3.57800489e-03
   3.44713320e+02   3.20177968e-03
   3.44713808e+02   2.07495829e-03
   3.44714297e+02   4.67341742e-04
   3.44714785e+02   4.96374094e-04
   3.44715273e+02   2.62499531e-03
   3.44715762e+02   2.96277460e-03
   3.44716250e+02   7.51806889e-04
   3.44716738e+02  -5.04238473e-04
   3.44717226e+02  -7.46990670e-04
   3.44717715e+02  -1.36293122e-03
   3.44718203e+02  -6.51965092e-04
   3.44718691e+02   4.98592854e-04
   3.44719180e+02   2.02711183e-03
   3.44719668e+02   1.67273486e-03
   3.44720156e+02   2.44208408e-04
   3.44720645e+02   1.92449521e-03
   3.44721133e+02   3.62659059e-03
   3.44721621e+02   8.42276204e-04
   3.44722110e+02  -1.90640695e-03
   3.44722598e+02  -1.13507325e-03
   3.44723086e+02   2.40433466e-04
   3.44723574e+02   3.67651664e-04
   3.44724063e+02  -1.04347582e-03
   3.44724551e+02  -2.34263763e-03
   3.44725039e+02  -1.98106258e-03
   3.44725528e+02  -5.43637958e-04
   3.44726016e+02  -3.46224173e-04
   3.44726504e+02  -1.02187367e-03
   3.44726993e+02  -8.74220452e-04
   3.44727481e+02   5.22340648e-04
   3.44727969e+02   2.29389034e-03
   3.44728458e+02   1.97307253e-03
   3.44728946e+02   2.94398400e-04
   3.44729434e+02  -8.56972416e-04
   3.44729922e+02  -1.61347236e-03
   3.44730411e+02  -2.40787305e-03
   3.44730899e+02  -1.60186936e-03
   3.44731387e+02  -9.68049688e-04
   3.44731876e+02  -1.06119108e-03
   3.44732364e+02   1.48910811e-04
   3.44732852e+02   1.30155706e-03
   3.44733341e+02   1.66705274e-03
   3.44733829e+02   1.88263191e-03
   3.44734317e+02   7.14203459e-04
   3.44734806e+02  -1.76580052e-03
   3.44735294e+02  -1.48269755e-03
   3.44735782e+02   1.13359943e-03
   3.44736271e+02   7.27778999e-04
   3.44736759e+02  -1.63700758e-03
   3.44737247e+02  -1.13751378e-03
   3.44737735e+02  -5.30921679e-04
   3.44738224e+02  -8.30086065e-04
   3.44738712e+02   5.11472928e-04
   3.44739200e+02  -5.43663336e-04
   3.44739689e+02  -4.13840171e-03
   3.44740177e+02  -3.15883919e-03
   3.44740665e+02   7.79242080e-04
   3.44741154e+02   2.02523964e-03
   3.44741642e+02   1.70643581e-03
   3.44742130e+02   1.53206207e-03
   3.44742619e+02   2.21691327e-03
   3.44743107e+02   2.39101099e-03
   3.44743595e+02   1.11580733e-03
   3.44744083e+02   2.81076118e-05
   3.44744572e+02  -2.47391313e-03
   3.44745060e+02  -2.40337104e-03
   3.44745548e+02   1.40414143e-03
   3.44746037e+02   3.47296149e-03
   3.44746525e+02   3.97034828e-03
   3.44747013e+02   1.98409776e-03
   3.44747502e+02  -9.90237342e-04
   3.44747990e+02  -1.46315200e-03
   3.44748478e+02  -5.39519533e-04
   3.44748967e+02   1.57296902e-03
   3.44749455e+02   4.48546372e-03
   3.44749943e+02   5.76855056e-03
   3.44750431e+02   4.69168602e-03
   3.44750920e+02   7.28744955e-04
   3.44751408e+02  -2.14052293e-03
   3.44751896e+02  -5.47045784e-04
   3.44752385e+02   1.85729936e-03
   3.44752873e+02   2.43306370e-03
   3.44753361e+02   6.91224879e-04
   3.44753850e+02  -7.15404924e-04
   3.44754338e+02   2.68791366e-04
   3.44754826e+02   7.44478661e-04
   3.44755315e+02   8.96086567e-05
   3.44755803e+02  -2.80889304e-04
   3.44756291e+02  -8.69934738e-04
   3.44756779e+02  -1.86221278e-03
   3.44757268e+02  -1.12309481e-03
   3.44757756e+02   1.60587631e-04
   3.44758244e+02   2.00019713e-04
   3.44758733e+02   1.19280652e-03
   3.44759221e+02   3.27517418e-03
   3.44759709e+02   4.21610475e-03
   3.44760198e+02   3.20117571e-03
   3.44760686e+02   6.62878272e-04
   3.44761174e+02  -7.21445074e-04
   3.44761663e+02  -1.79775851e-03
   3.44762151e+02  -2.08723638e-03
   3.44762639e+02   5.21030743e-04
   3.44763127e+02   1.75057363e-03
   3.44763616e+02   4.04571183e-04
   3.44764104e+02  -7.22010096e-04
   3.44764592e+02  -8.45715229e-04
   3.44765081e+02  -2.83140427e-04
   3.44765569e+02  -1.44663718e-04
   3.44766057e+02  -1.49482279e-04
   3.44766546e+02  -8.84013076e-04
   3.44767034e+02  -3.47250327e-03
   3.44767522e+02  -2.78769759e-03
   3.44768011e+02   6.22887397e-04
   3.44768499e+02  -6.24777022e-06
   3.44768987e+02  -5.87895454e-04
   3.44769475e+02   9.58066666e-04
   3.44769964e+02   1.34790130e-03
   3.44770452e+02   6.25517510e-04
   3.44770940e+02   9.98952077e-04
   3.44771429e+02   6.19819912e-04
   3.44771917e+02  -5.86421811e-04
   3.44772405e+02   3.06778165e-05
   3.44772894e+02   1.67893988e-04
   3.44773382e+02  -7.30084605e-04
   3.44773870e+02   5.66251765e-06
   3.44774359e+02   1.14435144e-03
   3.44774847e+02   8.68607371e-04
   3.44775335e+02  -1.05068809e-03
   3.44775824e+02  -2.24023708e-03
   3.44776312e+02  -8.38851673e-04
   3.44776800e+02  -7.51649844e-04
   3.44777288e+02   3.39524588e-04
   3.44777777e+02   8.87715782e-04
   3.44778265e+02   5.90416370e-04
   3.44778753e+02  -3.00780172e-04
   3.44779242e+02  -7.47631362e-04
   3.44779730e+02  -1.15093496e-03
   3.44780218e+02  -1.99943990e-03
   3.44780707e+02  -1.66617712e-04
   3.44781195e+02   1.11767568e-03
   3.44781683e+02   1.96245353e-04
   3.44782172e+02  -4.46559658e-04
   3.44782660e+02  -1.57906208e-03
   3.44783148e+02  -1.68444647e-03
   3.44783636e+02  -4.59679768e-06
   3.44784125e+02   9.35315504e-04
   3.44784613e+02  -3.58812627e-04
   3.44785101e+02  -2.16509984e-03
   3.44785590e+02  -1.51401944e-03
   3.44786078e+02   3.30506329e-04
   3.44786566e+02  -1.17470976e-03
   3.44787055e+02  -2.59814528e-03
   3.44787543e+02  -4.42640798e-04
   3.44788031e+02   7.31787179e-04
   3.44788520e+02   4.17080882e-04
   3.44789008e+02   1.61219814e-05
   3.44789496e+02   1.52493958e-04
   3.44789984e+02   1.11208728e-03
   3.44790473e+02   2.43690261e-03
   3.44790961e+02   1.11447333e-03
   3.44791449e+02  -1.16320187e-03
   3.44791938e+02  -1.60115468e-03
   3.44792426e+02  -1.42474810e-03
   3.44792914e+02  -1.27283740e-03
   3.44793403e+02   5.13146806e-04
   3.44793891e+02   2.67355307e-03
   3.44794379e+02   1.95451686e-03
   3.44794868e+02   5.44333947e-04
   3.44795356e+02   1.59693731e-03
   3.44795844e+02   2.76761525e-03
   3.44796332e+02   1.64349400e-03
   3.44796821e+02   3.61491548e-04
   3.44797309e+02   9.19542566e-04
   3.44797797e+02   6.48598594e-04
   3.44798286e+02  -1.78809848e-03
   3.44798774e+02  -3.61578749e-03
   3.44799262e+02  -1.72288343e-03
   3.44799751e+02   1.45072327e-03
   3.44800239e+02   1.47634395e-03
   3.44800727e+02  -1.78134267e-03
   3.44801216e+02  -2.94193369e-03
   3.44801704e+02  -1.19136029e-03
   3.44802192e+02  -2.73031677e-04
   3.44802680e+02   1.23321789e-03
   3.44803169e+02   1.56044832e-03
   3.44803657e+02  -1.65842450e-03
   3.44804145e+02  -2.02056160e-03
   3.44804634e+02  -1.56866765e-04
   3.44805122e+02  -3.40666826e-04
   3.44805610e+02  -1.32613571e-03
   3.44806099e+02  -2.64850538e-03
   3.44806587e+02  -3.11228354e-03
   3.44807075e+02  -9.10627597e-04
   3.44807564e+02   1.80868301e-04
   3.44808052e+02   9.36750788e-04
   3.44808540e+02   3.43580567e-03
   3.44809028e+02   1.78168702e-03
   3.44809517e+02  -2.10248167e-03
   3.44810005e+02  -1.71862671e-03
   3.44810493e+02   1.65194229e-04
   3.44810982e+02   4.86240635e-04
   3.44811470e+02   6.25969435e-04
   3.44811958e+02   1.34255725e-03
   3.44812447e+02   1.68722123e-03
   3.44812935e+02  -3.50517483e-04
   3.44813423e+02  -1.82919577e-03
   3.44813912e+02  -8.94742989e-05
   3.44814400e+02   9.70390567e-04
   3.44814888e+02  -6.12675620e-04
   3.44815377e+02  -1.51898875e-03
   3.44815865e+02  -5.64057409e-05
   3.44816353e+02   1.63529022e-03
   3.44816841e+02   1.33896735e-03
   3.44817330e+02   2.95021862e-04
   3.44817818e+02  -4.47496248e-04
   3.44818306e+02   5.62808964e-05
   3.44818795e+02  -8.91840900e-05
   3.44819283e+02  -2.09870958e-03
   3.44819771e+02  -8.40230379e-04
   3.44820260e+02   2.52710073e-03
   3.44820748e+02   2.89644068e-03
   3.44821236e+02   1.56979437e-03
   3.44821725e+02   3.44354048e-04
   3.44822213e+02  -8.31047131e-04
   3.44822701e+02  -1.20254478e-03
   3.44823189e+02  -9.07898881e-04
   3.44823678e+02  -2.31450002e-04
   3.44824166e+02   2.92777513e-05
   3.44824654e+02  -8.68594288e-05
   3.44825143e+02  -1.82416802e-03
   3.44825631e+02  -3.48717207e-03
   3.44826119e+02  -9.98604344e-04
   3.44826608e+02   7.73389998e-04
   3.44827096e+02  -1.40862144e-03
   3.44827584e+02  -2.07453454e-03
   3.44828073e+02  -2.46085867e-04
   3.44828561e+02   2.82893045e-04
   3.44829049e+02   5.99494844e-04
   3.44829537e+02   2.28758901e-03
   3.44830026e+02   1.73362123e-03
   3.44830514e+02  -7.67714111e-04
   3.44831002e+02  -3.91922185e-05
   3.44831491e+02   2.57945200e-03
   3.44831979e+02   1.15621393e-03
   3.44832467e+02  -2.71890615e-03
   3.44832956e+02  -4.85982746e-03
   3.44833444e+02  -4.66267159e-03
