frequency (GHz), flux (Jy/beam)
   3.43899310e+02   2.44938745e-03
   3.43899798e+02   1.44031830e-03
   3.43900286e+02  -1.17815402e-03
   3.43900774e+02  -1.00970233e-03
   3.43901263e+02   2.06118356e-03
   3.43901751e+02   3.83648998e-03
   3.43902239e+02   3.10182525e-03
   3.43902728e+02   3.24335182e-03
   3.43903216e+02   3.23873083e-03
   3.43903704e+02  -1.03665714e-03
   3.43904193e+02  -3.40051996e-03
   3.43904681e+02  -2.81831110e-03
   3.43905169e+02  -3.41681158e-03
   3.43905658e+02  -3.74873960e-03
   3.43906146e+02  -2.88201473e-03
   3.43906634e+02  -2.43451283e-03
   3.43907122e+02  -1.07921031e-03
   3.43907611e+02   1.17015140e-03
   3.43908099e+02   3.43666063e-03
   3.43908587e+02   4.58908454e-03
   3.43909076e+02   3.30442330e-03
   3.43909564e+02   1.26325944e-03
   3.43910052e+02   1.81938265e-03
   3.43910541e+02   2.02182308e-03
   3.43911029e+02   9.85019724e-04
   3.43911517e+02   7.36857182e-04
   3.43912006e+02  -1.01225327e-04
   3.43912494e+02  -1.15251646e-03
   3.43912982e+02  -1.16032362e-03
   3.43913470e+02  -1.54934684e-03
   3.43913959e+02  -1.29341462e-03
   3.43914447e+02   4.35508089e-04
   3.43914935e+02  -5.78998821e-04
   3.43915424e+02  -3.44646466e-03
   3.43915912e+02  -6.98603166e-04
   3.43916400e+02   2.93628871e-03
   3.43916889e+02   9.26547800e-04
   3.43917377e+02  -4.13615769e-03
   3.43917865e+02  -6.46993844e-03
   3.43918354e+02  -2.22320226e-03
   3.43918842e+02  -3.55762131e-05
   3.43919330e+02  -2.01291544e-03
   3.43919818e+02  -1.97170489e-03
   3.43920307e+02  -1.29195326e-03
   3.43920795e+02  -8.23952141e-04
   3.43921283e+02   1.37254494e-04
   3.43921772e+02   3.83392253e-05
   3.43922260e+02  -1.09940686e-03
   3.43922748e+02  -1.94524974e-03
   3.43923237e+02  -4.18696291e-04
   3.43923725e+02   5.74310950e-04
   3.43924213e+02  -1.44152914e-03
   3.43924702e+02  -3.00397491e-03
   3.43925190e+02  -3.10779782e-03
   3.43925678e+02  -7.40613672e-04
   3.43926166e+02   6.78042241e-04
   3.43926655e+02   4.04014048e-04
   3.43927143e+02   1.16607826e-03
   3.43927631e+02  -5.38100139e-04
   3.43928120e+02  -3.04168067e-03
   3.43928608e+02  -2.44741957e-03
   3.43929096e+02   3.24692337e-05
   3.43929585e+02   1.80371443e-03
   3.43930073e+02   1.36232981e-03
   3.43930561e+02   1.00132124e-03
   3.43931050e+02   1.00201461e-03
   3.43931538e+02  -7.39196781e-04
   3.43932026e+02  -2.23130352e-04
   3.43932514e+02   2.14793533e-03
   3.43933003e+02   1.24175218e-03
   3.43933491e+02  -2.45689461e-03
   3.43933979e+02  -5.17957611e-03
   3.43934468e+02  -4.62492369e-03
   3.43934956e+02  -1.88709050e-03
   3.43935444e+02  -8.89055373e-04
   3.43935933e+02  -3.70385067e-04
   3.43936421e+02   1.67764304e-03
   3.43936909e+02   1.99827296e-03
   3.43937398e+02  -5.60598506e-04
   3.43937886e+02  -2.79527484e-03
   3.43938374e+02  -2.44028401e-03
   3.43938863e+02  -1.00585028e-04
   3.43939351e+02   1.51190290e-03
   3.43939839e+02   5.26608164e-06
   3.43940327e+02  -3.15598981e-03
   3.43940816e+02  -1.72292895e-03
   3.43941304e+02   1.90433333e-04
   3.43941792e+02  -1.64080062e-03
   3.43942281e+02  -2.24986183e-03
   3.43942769e+02  -1.56415219e-03
   3.43943257e+02  -1.88385567e-03
   3.43943746e+02  -1.93698925e-03
   3.43944234e+02   1.29513719e-04
   3.43944722e+02   2.25459668e-03
   3.43945211e+02   1.67855807e-03
   3.43945699e+02   4.87775862e-04
   3.43946187e+02   5.69621989e-05
   3.43946675e+02  -5.72888297e-04
   3.43947164e+02  -1.52612512e-03
   3.43947652e+02  -1.45954429e-03
   3.43948140e+02  -1.69226900e-03
   3.43948629e+02  -1.91468571e-03
   3.43949117e+02  -1.95792224e-03
   3.43949605e+02  -1.29841268e-03
   3.43950094e+02   1.98413408e-03
   3.43950582e+02   3.51814996e-03
   3.43951070e+02   1.13412191e-03
   3.43951559e+02  -4.57437636e-05
   3.43952047e+02  -1.24749749e-05
   3.43952535e+02   4.17001342e-04
   3.43953023e+02   8.79477477e-04
   3.43953512e+02   1.33651367e-03
   3.43954000e+02   9.07928799e-04
   3.43954488e+02   5.68508636e-04
   3.43954977e+02   2.75051384e-03
   3.43955465e+02   2.18702294e-03
   3.43955953e+02  -1.11319742e-03
   3.43956442e+02  -1.93679996e-03
   3.43956930e+02  -5.56740211e-04
   3.43957418e+02  -1.84894470e-03
   3.43957907e+02  -1.21369201e-03
   3.43958395e+02   2.30707694e-03
   3.43958883e+02   2.16433406e-03
   3.43959371e+02  -2.48501688e-04
   3.43959860e+02  -1.54489779e-03
   3.43960348e+02  -2.51118792e-03
   3.43960836e+02  -2.54210038e-03
   3.43961325e+02  -2.24438147e-03
   3.43961813e+02  -1.62679376e-03
   3.43962301e+02  -1.23051833e-03
   3.43962790e+02  -1.91005599e-03
   3.43963278e+02  -2.03785952e-03
   3.43963766e+02  -1.65725837e-03
   3.43964255e+02  -1.06284639e-03
   3.43964743e+02   1.96640473e-03
   3.43965231e+02   3.63731314e-03
   3.43965719e+02   1.44360121e-03
   3.43966208e+02  -3.99915334e-05
   3.43966696e+02  -1.34526542e-03
   3.43967184e+02  -2.72287149e-03
   3.43967673e+02  -2.56988150e-03
   3.43968161e+02  -2.29068031e-03
   3.43968649e+02  -2.09589093e-03
   3.43969138e+02  -1.09431299e-03
   3.43969626e+02  -4.25411592e-04
   3.43970114e+02  -6.83673308e-04
   3.43970603e+02  -8.75995727e-04
   3.43971091e+02  -1.03652237e-04
   3.43971579e+02   7.58118811e-04
   3.43972067e+02  -2.50172889e-04
   3.43972556e+02  -2.41442746e-03
   3.43973044e+02  -3.62086459e-03
   3.43973532e+02  -2.47522024e-03
   3.43974021e+02  -2.02540075e-03
   3.43974509e+02  -3.41605372e-03
   3.43974997e+02  -2.39295722e-03
   3.43975486e+02  -7.67072663e-04
   3.43975974e+02   9.72689450e-05
   3.43976462e+02   1.81666669e-03
   3.43976951e+02   2.26113433e-03
   3.43977439e+02   4.50817723e-04
   3.43977927e+02  -2.31775222e-03
   3.43978416e+02  -1.89147634e-03
   3.43978904e+02   8.44228314e-04
   3.43979392e+02   5.62490139e-04
   3.43979880e+02  -6.57035736e-04
   3.43980369e+02  -7.64313270e-04
   3.43980857e+02  -1.18568260e-03
   3.43981345e+02  -1.34285062e-03
   3.43981834e+02  -1.63144083e-03
   3.43982322e+02  -1.37038785e-03
   3.43982810e+02   3.22239706e-04
   3.43983299e+02   5.98409213e-04
   3.43983787e+02   7.82614690e-04
   3.43984275e+02   1.11801503e-03
   3.43984764e+02   2.39613559e-03
   3.43985252e+02   4.85702511e-03
   3.43985740e+02   3.18595790e-03
   3.43986228e+02  -7.92174949e-04
   3.43986717e+02  -2.23026308e-03
   3.43987205e+02  -2.39563175e-03
   3.43987693e+02  -4.86553786e-03
   3.43988182e+02  -5.18522412e-03
   3.43988670e+02  -1.84694247e-03
   3.43989158e+02  -1.80036615e-04
   3.43989647e+02  -2.35284650e-04
   3.43990135e+02   7.74599728e-04
   3.43990623e+02   3.26082832e-03
   3.43991112e+02   4.35827905e-03
   3.43991600e+02   3.67263518e-03
   3.43992088e+02   5.05640125e-03
   3.43992576e+02   7.67379673e-03
   3.43993065e+02   6.90307422e-03
   3.43993553e+02   7.18561746e-03
   3.43994041e+02   7.44556170e-03
   3.43994530e+02   5.05366130e-03
   3.43995018e+02   3.36726778e-03
   3.43995506e+02   3.13694496e-03
   3.43995995e+02   2.28032470e-03
   3.43996483e+02   1.13040605e-03
   3.43996971e+02   2.43950271e-04
   3.43997460e+02   1.77928456e-03
   3.43997948e+02   2.41987035e-03
   3.43998436e+02  -8.28785822e-04
   3.43998924e+02  -2.08923733e-03
   3.43999413e+02  -1.04134460e-03
   3.43999901e+02  -1.86713820e-03
   3.44000389e+02  -3.93513078e-03
   3.44000878e+02  -2.61400547e-03
   3.44001366e+02   9.46574321e-04
   3.44001854e+02   5.21629991e-04
   3.44002343e+02  -1.71513716e-03
   3.44002831e+02  -1.73336209e-03
   3.44003319e+02  -9.31357863e-05
   3.44003808e+02   3.88874876e-04
   3.44004296e+02  -4.65191770e-05
   3.44004784e+02   1.27169723e-03
   3.44005272e+02   2.45915935e-03
   3.44005761e+02   1.66121626e-03
   3.44006249e+02  -1.89250146e-04
   3.44006737e+02  -2.07135500e-03
   3.44007226e+02  -7.48425140e-04
   3.44007714e+02   2.62925983e-03
   3.44008202e+02   7.68731697e-04
   3.44008691e+02  -3.79368593e-03
   3.44009179e+02  -2.88590998e-03
   3.44009667e+02  -2.36415392e-04
   3.44010156e+02  -9.59367899e-05
   3.44010644e+02  -3.48977890e-04
   3.44011132e+02   7.96102162e-04
   3.44011620e+02   6.62091828e-04
   3.44012109e+02  -3.53351492e-03
   3.44012597e+02  -5.78052783e-03
   3.44013085e+02  -5.63344359e-03
   3.44013574e+02  -3.82856256e-03
   3.44014062e+02   5.27686614e-04
   3.44014550e+02   2.81887176e-03
   3.44015039e+02  -3.78596975e-04
   3.44015527e+02  -2.84095644e-03
   3.44016015e+02  -4.78796475e-03
   3.44016504e+02  -5.11209434e-03
   3.44016992e+02  -1.29391742e-03
   3.44017480e+02   3.06915329e-03
   3.44017969e+02   3.62118636e-03
   3.44018457e+02   2.81819492e-03
   3.44018945e+02   9.98120056e-04
   3.44019433e+02  -1.41199771e-03
   3.44019922e+02  -1.41164567e-03
   3.44020410e+02  -4.40467527e-04
   3.44020898e+02   5.38040826e-04
   3.44021387e+02   4.89343191e-04
   3.44021875e+02   3.20059306e-04
   3.44022363e+02   2.34026811e-03
   3.44022852e+02   3.15484195e-03
   3.44023340e+02   8.72307137e-05
   3.44023828e+02  -2.11677607e-03
   3.44024317e+02  -1.11257704e-03
   3.44024805e+02   2.45129253e-04
   3.44025293e+02  -9.67696542e-04
   3.44025781e+02  -2.22063833e-03
   3.44026270e+02  -8.77005106e-04
   3.44026758e+02   8.60516273e-04
   3.44027246e+02   1.65510294e-03
   3.44027735e+02   1.47371425e-03
   3.44028223e+02   3.48264090e-04
   3.44028711e+02  -1.42079813e-03
   3.44029200e+02  -2.35615764e-03
   3.44029688e+02  -1.63352035e-03
   3.44030176e+02  -1.04158721e-03
   3.44030665e+02  -1.11701794e-03
   3.44031153e+02  -2.32600469e-05
   3.44031641e+02   1.21273923e-04
   3.44032129e+02  -4.29614389e-04
   3.44032618e+02  -7.48595121e-05
   3.44033106e+02   3.60028032e-04
   3.44033594e+02   9.67184082e-04
   3.44034083e+02   1.16311549e-03
   3.44034571e+02   1.28616855e-04
   3.44035059e+02  -2.37891311e-03
   3.44035548e+02  -3.53030814e-03
   3.44036036e+02  -3.10383248e-03
   3.44036524e+02  -3.01456079e-03
   3.44037013e+02  -3.31611023e-03
   3.44037501e+02  -2.58750771e-03
   3.44037989e+02  -1.10556011e-03
   3.44038477e+02  -1.17425877e-03
   3.44038966e+02  -7.43005367e-04
   3.44039454e+02   1.27338676e-03
   3.44039942e+02   7.27345468e-04
   3.44040431e+02  -8.81583663e-04
   3.44040919e+02  -5.20928239e-04
   3.44041407e+02  -1.03845727e-03
   3.44041896e+02  -5.26269141e-04
   3.44042384e+02   1.15989009e-03
   3.44042872e+02   1.17951084e-03
   3.44043361e+02   9.27481393e-04
   3.44043849e+02   5.32596372e-04
   3.44044337e+02   1.05213549e-03
   3.44044825e+02   2.17366079e-03
   3.44045314e+02   1.31867046e-03
   3.44045802e+02  -7.00795441e-04
   3.44046290e+02  -5.42488182e-04
   3.44046779e+02   6.59563928e-04
   3.44047267e+02   1.78883120e-03
   3.44047755e+02   2.68331077e-03
   3.44048244e+02   1.09458901e-03
   3.44048732e+02   1.79600727e-04
   3.44049220e+02   4.23666148e-04
   3.44049709e+02  -1.54218473e-03
   3.44050197e+02  -1.56510808e-03
   3.44050685e+02   1.65732729e-03
   3.44051173e+02   2.74424744e-03
   3.44051662e+02   1.70750660e-04
   3.44052150e+02  -1.08944345e-03
   3.44052638e+02   7.46825652e-04
   3.44053127e+02   1.45127485e-03
   3.44053615e+02  -1.16111909e-03
   3.44054103e+02  -3.52356303e-03
   3.44054592e+02  -3.30693694e-03
   3.44055080e+02  -2.70103989e-03
   3.44055568e+02  -2.77525792e-03
   3.44056057e+02  -1.21888600e-03
   3.44056545e+02   1.47825386e-03
   3.44057033e+02   2.41724309e-03
   3.44057522e+02   3.87873361e-03
   3.44058010e+02   5.30615076e-03
   3.44058498e+02   3.04809446e-03
   3.44058986e+02  -6.21970394e-04
   3.44059475e+02  -3.17885145e-03
   3.44059963e+02  -4.12383303e-03
   3.44060451e+02  -2.80743884e-03
   3.44060940e+02  -4.09802415e-05
   3.44061428e+02   3.32698692e-03
   3.44061916e+02   4.78051323e-03
   3.44062405e+02   3.52903688e-03
   3.44062893e+02   2.28844769e-03
   3.44063381e+02   1.16921600e-03
   3.44063870e+02  -4.99346294e-04
   3.44064358e+02  -6.32778858e-04
   3.44064846e+02  -9.26278473e-04
   3.44065334e+02  -3.06873210e-03
   3.44065823e+02  -2.75484845e-03
   3.44066311e+02  -1.23931968e-03
   3.44066799e+02  -7.57818809e-04
   3.44067288e+02  -3.21870815e-04
   3.44067776e+02   2.27423312e-04
   3.44068264e+02   4.10431763e-04
   3.44068753e+02  -7.73328575e-05
   3.44069241e+02  -2.59610941e-04
   3.44069729e+02   5.73707104e-04
   3.44070218e+02   2.94263498e-03
   3.44070706e+02   3.84377828e-03
   3.44071194e+02   2.82816472e-03
   3.44071682e+02   3.18568479e-03
   3.44072171e+02   2.30629765e-03
   3.44072659e+02   3.59621801e-04
   3.44073147e+02  -7.89187034e-04
   3.44073636e+02  -1.89933076e-03
   3.44074124e+02  -2.20684893e-03
   3.44074612e+02  -1.22807093e-03
   3.44075101e+02   3.98144184e-04
   3.44075589e+02   1.70375500e-03
   3.44076077e+02   2.72320816e-03
   3.44076566e+02   3.58351693e-03
   3.44077054e+02   3.96780996e-03
   3.44077542e+02   3.46934027e-03
   3.44078030e+02   2.54808832e-03
   3.44078519e+02   3.85813968e-04
   3.44079007e+02  -1.91166380e-03
   3.44079495e+02  -2.85012531e-03
   3.44079984e+02  -1.74293469e-03
   3.44080472e+02   7.92668900e-04
   3.44080960e+02   3.57493386e-03
   3.44081449e+02   3.62964836e-03
   3.44081937e+02   1.43762899e-03
   3.44082425e+02  -1.00918149e-03
   3.44082914e+02  -2.43099313e-03
   3.44083402e+02  -1.41756912e-03
   3.44083890e+02   1.95024659e-05
   3.44084378e+02  -4.51249536e-04
   3.44084867e+02  -1.19807199e-03
   3.44085355e+02  -5.95428748e-04
   3.44085843e+02  -1.57916420e-05
   3.44086332e+02  -3.27329821e-04
   3.44086820e+02   1.20879477e-03
   3.44087308e+02   3.17650847e-03
   3.44087797e+02   3.07721482e-03
   3.44088285e+02   2.97477352e-03
   3.44088773e+02   4.38348204e-03
   3.44089262e+02   2.81633344e-03
   3.44089750e+02   5.38399734e-04
   3.44090238e+02   1.39635021e-03
   3.44090726e+02   2.36514932e-03
   3.44091215e+02   8.31553072e-04
   3.44091703e+02  -2.81822518e-03
   3.44092191e+02  -5.21179009e-03
   3.44092680e+02  -3.36813391e-03
   3.44093168e+02   5.04112104e-05
   3.44093656e+02   6.00504980e-04
   3.44094145e+02  -8.98925791e-05
   3.44094633e+02   3.83569015e-04
   3.44095121e+02   1.50094938e-03
   3.44095610e+02   3.36750201e-03
   3.44096098e+02   1.37976347e-03
   3.44096586e+02  -1.84841349e-03
   3.44097075e+02  -2.21794797e-03
   3.44097563e+02  -2.32408172e-03
   3.44098051e+02  -2.96368380e-03
   3.44098539e+02  -2.59600184e-03
   3.44099028e+02  -1.99506525e-03
   3.44099516e+02  -1.01625861e-03
   3.44100004e+02  -7.25109567e-05
   3.44100493e+02   7.81193783e-04
   3.44100981e+02   1.29462816e-04
   3.44101469e+02  -7.46406382e-04
   3.44101958e+02   1.88926235e-04
   3.44102446e+02  -7.44113233e-04
   3.44102934e+02  -2.15938059e-03
   3.44103423e+02  -1.47945678e-03
   3.44103911e+02  -1.11395190e-03
   3.44104399e+02  -1.06695550e-03
   3.44104887e+02  -9.62585618e-05
   3.44105376e+02   3.60786304e-04
   3.44105864e+02  -9.01716878e-04
   3.44106352e+02  -1.25507778e-03
   3.44106841e+02   2.04080925e-03
   3.44107329e+02   3.31613421e-03
   3.44107817e+02  -1.93817526e-04
   3.44108306e+02  -1.73367385e-03
   3.44108794e+02  -1.30852731e-03
   3.44109282e+02  -1.43610960e-04
   3.44109771e+02   2.94993375e-03
   3.44110259e+02   2.91279168e-03
   3.44110747e+02   3.33190168e-04
   3.44111235e+02  -7.46651553e-04
   3.44111724e+02  -1.06000101e-04
   3.44112212e+02   4.81542840e-04
   3.44112700e+02   2.53150502e-04
   3.44113189e+02  -4.88355108e-05
   3.44113677e+02  -8.79725791e-04
   3.44114165e+02  -2.03901995e-03
   3.44114654e+02  -2.46225623e-03
   3.44115142e+02  -1.69908081e-03
   3.44115630e+02   2.66412273e-04
   3.44116119e+02   1.36724871e-03
   3.44116607e+02   1.09514501e-03
   3.44117095e+02   5.70049218e-04
   3.44117583e+02   8.94123572e-04
   3.44118072e+02   1.39865221e-03
   3.44118560e+02   5.51332720e-04
   3.44119048e+02  -1.67424453e-03
   3.44119537e+02  -2.82188156e-03
   3.44120025e+02  -1.20140682e-03
   3.44120513e+02   1.34631968e-03
   3.44121002e+02   2.30397610e-03
   3.44121490e+02   3.44982534e-03
   3.44121978e+02   4.58973227e-03
   3.44122467e+02   2.23590736e-03
   3.44122955e+02   3.48939706e-04
   3.44123443e+02   1.52568158e-03
   3.44123931e+02   1.58973818e-03
   3.44124420e+02   3.16260499e-04
   3.44124908e+02  -6.75509509e-04
   3.44125396e+02  -8.50715209e-04
   3.44125885e+02  -1.06782047e-03
   3.44126373e+02   9.38213081e-04
   3.44126861e+02   3.02891945e-03
   3.44127350e+02   1.27533136e-03
   3.44127838e+02   1.54314563e-04
   3.44128326e+02  -2.74466758e-04
   3.44128815e+02  -3.41760024e-04
   3.44129303e+02   6.61511498e-04
   3.44129791e+02   6.52263174e-04
   3.44130279e+02  -1.68059152e-04
   3.44130768e+02  -1.34157672e-04
   3.44131256e+02   8.58397456e-04
   3.44131744e+02   8.76858307e-04
   3.44132233e+02   1.80460967e-03
   3.44132721e+02   2.26049102e-03
   3.44133209e+02   3.36855021e-03
   3.44133698e+02   2.76440615e-03
   3.44134186e+02  -3.37205674e-05
   3.44134674e+02  -1.25591946e-03
   3.44135163e+02   9.22297069e-04
   3.44135651e+02   1.89626520e-03
   3.44136139e+02  -8.77249331e-05
   3.44136628e+02  -1.27553963e-03
   3.44137116e+02   5.53030768e-05
   3.44137604e+02   3.58650810e-03
   3.44138092e+02   5.29561099e-03
   3.44138581e+02   3.06653650e-03
   3.44139069e+02   9.62839345e-04
   3.44139557e+02   1.33929448e-03
   3.44140046e+02   1.79519819e-03
   3.44140534e+02   2.05767225e-03
   3.44141022e+02   2.15032790e-03
   3.44141511e+02   3.55716766e-04
   3.44141999e+02   8.89549789e-04
   3.44142487e+02   1.83131592e-03
   3.44142976e+02  -1.38690940e-03
   3.44143464e+02  -3.22695705e-03
   3.44143952e+02  -1.13103737e-03
   3.44144440e+02  -5.29795827e-04
   3.44144929e+02  -1.02545472e-03
   3.44145417e+02   4.02277365e-05
   3.44145905e+02   4.57163376e-04
   3.44146394e+02   6.58531091e-04
   3.44146882e+02   2.36990373e-03
   3.44147370e+02   1.60134223e-03
   3.44147859e+02  -1.90329840e-04
   3.44148347e+02   1.84821372e-03
   3.44148835e+02   3.42805916e-03
   3.44149324e+02   1.23892946e-03
   3.44149812e+02  -2.90237530e-03
   3.44150300e+02  -3.73827154e-03
   3.44150788e+02  -1.09281263e-03
   3.44151277e+02   4.11248293e-05
   3.44151765e+02   9.76590600e-05
   3.44152253e+02   1.60597998e-03
   3.44152742e+02   3.22196959e-03
   3.44153230e+02   3.35351308e-03
   3.44153718e+02   1.10768375e-03
   3.44154207e+02  -1.11113291e-03
   3.44154695e+02  -1.62875047e-03
   3.44155183e+02  -1.48466043e-03
   3.44155672e+02  -5.02036943e-04
   3.44156160e+02  -1.41997554e-03
   3.44156648e+02  -2.64980947e-03
   3.44157136e+02  -1.90112228e-03
   3.44157625e+02  -9.28145251e-04
   3.44158113e+02   1.29426873e-04
   3.44158601e+02   1.49025745e-03
   3.44159090e+02   8.24604533e-04
   3.44159578e+02  -2.68715114e-04
   3.44160066e+02   4.70401719e-04
   3.44160555e+02  -8.20771857e-06
   3.44161043e+02  -2.38330755e-03
   3.44161531e+02  -2.58662156e-03
   3.44162020e+02  -6.94332528e-04
   3.44162508e+02   6.80937956e-04
   3.44162996e+02   1.66225291e-04
   3.44163484e+02  -8.25463096e-04
   3.44163973e+02   9.23341955e-04
   3.44164461e+02   3.14366585e-03
   3.44164949e+02   2.90848245e-03
   3.44165438e+02   2.46539805e-03
   3.44165926e+02   7.83827563e-04
   3.44166414e+02  -2.83385115e-03
   3.44166903e+02  -4.79776086e-03
   3.44167391e+02  -3.95178655e-03
   3.44167879e+02  -2.65638926e-03
   3.44168368e+02  -1.02813542e-03
   3.44168856e+02   6.91836351e-04
   3.44169344e+02   1.44654291e-03
   3.44169832e+02   8.06379423e-04
   3.44170321e+02  -1.32973748e-03
   3.44170809e+02  -2.98793754e-03
   3.44171297e+02  -2.73489580e-03
   3.44171786e+02  -2.04965612e-03
   3.44172274e+02  -1.88569154e-03
   3.44172762e+02  -3.03965673e-04
   3.44173251e+02   4.97107336e-04
   3.44173739e+02   4.49561165e-04
   3.44174227e+02  -3.96500225e-04
   3.44174716e+02  -2.19891686e-03
   3.44175204e+02  -1.93451403e-03
   3.44175692e+02  -1.26809359e-03
   3.44176181e+02  -1.58932380e-04
   3.44176669e+02   1.20821083e-03
   3.44177157e+02   1.80593575e-03
   3.44177645e+02   1.49438332e-03
   3.44178134e+02  -2.17603912e-04
   3.44178622e+02  -2.41064685e-04
   3.44179110e+02   5.12387021e-04
   3.44179599e+02   6.00063941e-04
   3.44180087e+02   1.62504567e-03
   3.44180575e+02   1.11655006e-03
   3.44181064e+02  -9.20146238e-04
   3.44181552e+02  -2.55257147e-03
   3.44182040e+02  -9.93469148e-04
   3.44182529e+02   1.69521326e-03
   3.44183017e+02   1.37279497e-03
   3.44183505e+02   7.38468734e-05
   3.44183993e+02   3.96205665e-04
   3.44184482e+02   1.81393861e-03
   3.44184970e+02   8.49518226e-04
   3.44185458e+02  -1.92723644e-03
   3.44185947e+02  -2.52994616e-03
   3.44186435e+02   1.04107879e-04
   3.44186923e+02   4.81837080e-04
   3.44187412e+02  -1.59510272e-03
   3.44187900e+02  -5.70225937e-04
   3.44188388e+02   3.16608959e-04
   3.44188877e+02  -1.71332213e-04
   3.44189365e+02  -5.51533944e-04
   3.44189853e+02  -6.05743786e-04
   3.44190341e+02   9.47530352e-05
   3.44190830e+02  -1.73592265e-03
   3.44191318e+02  -1.78510102e-03
   3.44191806e+02  -7.62740267e-04
   3.44192295e+02  -1.73511240e-03
   3.44192783e+02  -1.79102074e-03
   3.44193271e+02  -9.73394606e-04
   3.44193760e+02  -1.47439889e-03
   3.44194248e+02  -5.14554034e-04
   3.44194736e+02   1.22570537e-03
   3.44195225e+02   2.59854808e-03
   3.44195713e+02   1.42393913e-03
   3.44196201e+02  -2.00157112e-04
   3.44196689e+02   7.53808941e-04
   3.44197178e+02   2.01848056e-03
   3.44197666e+02  -6.42782334e-06
   3.44198154e+02  -2.81438231e-03
   3.44198643e+02  -2.79167923e-03
   3.44199131e+02  -1.38114439e-03
   3.44199619e+02   1.57347997e-03
   3.44200108e+02   2.81133596e-03
   3.44200596e+02   8.80429521e-04
   3.44201084e+02  -2.79173692e-04
   3.44201573e+02  -2.90884898e-04
   3.44202061e+02  -8.24195507e-04
   3.44202549e+02  -7.72445783e-05
   3.44203037e+02   1.47168175e-03
   3.44203526e+02   2.43094540e-03
   3.44204014e+02   4.14289068e-03
   3.44204502e+02   3.90416756e-03
   3.44204991e+02   9.89575870e-04
   3.44205479e+02  -2.07911144e-04
   3.44205967e+02   2.75374390e-04
   3.44206456e+02   9.57082259e-04
   3.44206944e+02  -7.24780664e-04
   3.44207432e+02  -3.52541031e-03
   3.44207921e+02  -4.14656289e-03
   3.44208409e+02  -8.96215148e-04
   3.44208897e+02   2.87982798e-03
   3.44209385e+02   1.89507962e-03
   3.44209874e+02  -2.93572404e-04
   3.44210362e+02  -1.26609768e-04
   3.44210850e+02   1.19552517e-03
   3.44211339e+02   3.38901664e-05
   3.44211827e+02  -1.67665200e-03
   3.44212315e+02   5.18332352e-04
   3.44212804e+02   1.86781667e-03
   3.44213292e+02   8.20661153e-05
   3.44213780e+02  -1.37343677e-03
   3.44214269e+02  -1.83949491e-03
   3.44214757e+02  -1.85947504e-03
   3.44215245e+02  -2.90639419e-03
   3.44215734e+02  -3.78663209e-03
   3.44216222e+02  -1.83679501e-03
   3.44216710e+02  -3.25056084e-04
   3.44217198e+02  -1.94743299e-03
   3.44217687e+02  -3.46257212e-03
   3.44218175e+02  -3.62922694e-03
   3.44218663e+02  -2.59412965e-03
   3.44219152e+02  -2.92062818e-04
   3.44219640e+02   1.39097788e-03
   3.44220128e+02   2.31002574e-03
   3.44220617e+02   2.79276981e-03
   3.44221105e+02   3.02671152e-03
   3.44221593e+02   2.60035042e-03
   3.44222082e+02   8.93434859e-04
   3.44222570e+02   4.05952393e-04
   3.44223058e+02   2.82124523e-03
   3.44223546e+02   2.95652635e-03
   3.44224035e+02   5.97941398e-04
   3.44224523e+02  -3.69250716e-04
   3.44225011e+02   8.90227268e-04
   3.44225500e+02   2.16730265e-03
   3.44225988e+02   1.28253712e-03
   3.44226476e+02   1.54669513e-03
   3.44226965e+02   3.91102163e-03
   3.44227453e+02   3.92739242e-03
   3.44227941e+02   3.43135605e-03
   3.44228430e+02   3.31464293e-03
   3.44228918e+02   2.86650774e-03
   3.44229406e+02   3.35412240e-03
   3.44229894e+02   3.96886608e-03
   3.44230383e+02   3.74614401e-03
   3.44230871e+02   2.13362928e-03
   3.44231359e+02   3.59520811e-04
   3.44231848e+02  -1.70752799e-04
   3.44232336e+02   8.84008259e-05
   3.44232824e+02  -7.32915767e-04
   3.44233313e+02  -3.58526921e-03
   3.44233801e+02  -3.73340375e-03
   3.44234289e+02   6.07936410e-04
   3.44234778e+02   2.63310573e-03
   3.44235266e+02   1.23385561e-03
   3.44235754e+02  -9.28154681e-04
   3.44236242e+02  -3.35483160e-03
   3.44236731e+02  -3.92422127e-03
   3.44237219e+02  -3.44978692e-03
   3.44237707e+02  -3.53736430e-03
   3.44238196e+02  -3.11770826e-03
   3.44238684e+02  -2.27087527e-03
   3.44239172e+02  -9.77744930e-04
   3.44239661e+02  -1.22145901e-03
   3.44240149e+02  -1.01607060e-03
   3.44240637e+02   3.08461982e-04
   3.44241126e+02  -8.32181773e-04
   3.44241614e+02  -1.52872340e-03
   3.44242102e+02   1.87717960e-04
   3.44242590e+02   1.51782820e-04
   3.44243079e+02  -1.32799614e-03
   3.44243567e+02  -1.19519979e-03
   3.44244055e+02  -3.49956070e-04
   3.44244544e+02   1.42116123e-03
   3.44245032e+02   2.47135968e-03
   3.44245520e+02   2.46211514e-03
   3.44246009e+02   2.57515931e-03
   3.44246497e+02   2.26468313e-03
   3.44246985e+02   1.03148574e-03
   3.44247474e+02   5.39325469e-04
   3.44247962e+02   6.13632961e-04
   3.44248450e+02  -8.11984530e-04
   3.44248938e+02  -1.71408616e-03
   3.44249427e+02  -3.86517117e-04
   3.44249915e+02   3.62302904e-04
   3.44250403e+02   7.32030894e-04
   3.44250892e+02   1.96266803e-03
   3.44251380e+02   8.28080403e-04
   3.44251868e+02  -1.48169149e-03
   3.44252357e+02  -6.09915354e-04
   3.44252845e+02   1.15873071e-03
   3.44253333e+02   3.00321175e-04
   3.44253822e+02  -1.58710603e-03
   3.44254310e+02  -1.38366711e-03
   3.44254798e+02  -7.12173758e-04
   3.44255286e+02  -1.11764821e-03
   3.44255775e+02  -2.05069291e-03
   3.44256263e+02  -2.30193883e-03
   3.44256751e+02  -1.33368385e-03
   3.44257240e+02   6.18589285e-04
   3.44257728e+02   9.03136155e-04
   3.44258216e+02  -2.09415972e-04
   3.44258705e+02  -1.43444410e-03
   3.44259193e+02  -2.93011777e-03
   3.44259681e+02  -4.56978800e-03
   3.44260170e+02  -3.21481819e-03
   3.44260658e+02   1.47110850e-05
   3.44261146e+02   5.13954146e-04
   3.44261635e+02   2.49747362e-04
   3.44262123e+02   7.12926441e-04
   3.44262611e+02  -7.22225057e-04
   3.44263099e+02  -1.85013900e-03
   3.44263588e+02   2.96540875e-05
   3.44264076e+02   6.48063724e-04
   3.44264564e+02  -1.45390077e-04
   3.44265053e+02   6.77534495e-04
   3.44265541e+02   1.69113977e-03
   3.44266029e+02   9.59641533e-04
   3.44266518e+02  -1.19683868e-03
   3.44267006e+02  -2.05412786e-03
   3.44267494e+02  -7.17298128e-04
   3.44267983e+02   3.34072742e-04
   3.44268471e+02   1.94546548e-04
   3.44268959e+02  -1.80477952e-03
   3.44269447e+02  -3.20352009e-03
   3.44269936e+02  -2.23320769e-03
   3.44270424e+02   4.22514393e-04
   3.44270912e+02   2.50383513e-03
   3.44271401e+02   2.21492979e-03
   3.44271889e+02   1.78937218e-03
   3.44272377e+02   2.06109253e-03
   3.44272866e+02   1.92061614e-03
   3.44273354e+02   1.49422348e-03
   3.44273842e+02   1.12303719e-03
   3.44274331e+02   3.04583984e-04
   3.44274819e+02  -8.29093100e-04
   3.44275307e+02  -2.60319375e-03
   3.44275795e+02  -3.71744414e-03
   3.44276284e+02  -2.64342874e-03
   3.44276772e+02  -1.70118420e-03
   3.44277260e+02  -2.09246879e-03
   3.44277749e+02  -1.19574089e-03
   3.44278237e+02   4.87256679e-04
   3.44278725e+02  -2.66669103e-05
   3.44279214e+02   3.06981849e-04
   3.44279702e+02   2.12856266e-03
   3.44280190e+02   1.07989344e-03
   3.44280679e+02  -4.90915729e-04
   3.44281167e+02  -5.82406879e-04
   3.44281655e+02  -2.04945309e-03
   3.44282143e+02  -3.07351025e-03
   3.44282632e+02  -1.52952585e-03
   3.44283120e+02  -5.60891349e-04
   3.44283608e+02  -3.65377433e-04
   3.44284097e+02   5.87382994e-04
   3.44284585e+02   8.03708623e-04
   3.44285073e+02   2.07338948e-04
   3.44285562e+02  -2.42230919e-04
   3.44286050e+02  -9.86765954e-04
   3.44286538e+02  -1.88022282e-03
   3.44287027e+02  -1.23937381e-03
   3.44287515e+02  -1.27901998e-03
   3.44288003e+02  -8.74185353e-04
   3.44288491e+02   1.49573490e-03
   3.44288980e+02   1.88845850e-03
   3.44289468e+02  -5.83141518e-04
   3.44289956e+02  -3.68682225e-03
   3.44290445e+02  -2.87904707e-03
   3.44290933e+02   2.98623519e-04
   3.44291421e+02   2.18584854e-03
   3.44291910e+02   2.29017390e-03
   3.44292398e+02  -4.33957379e-04
   3.44292886e+02  -1.93657703e-03
   3.44293375e+02  -8.79368396e-04
   3.44293863e+02  -7.78834743e-04
   3.44294351e+02  -1.14054559e-03
   3.44294839e+02  -9.84842889e-04
   3.44295328e+02  -9.74950206e-04
   3.44295816e+02   2.79645203e-04
   3.44296304e+02   1.91445299e-03
   3.44296793e+02   1.74800982e-03
   3.44297281e+02   6.38329540e-04
   3.44297769e+02  -3.72134877e-04
   3.44298258e+02  -3.46349727e-04
   3.44298746e+02   1.46415923e-03
   3.44299234e+02   1.10301771e-03
   3.44299723e+02  -5.10457961e-04
   3.44300211e+02  -1.16640457e-03
   3.44300699e+02  -9.38030658e-04
   3.44301188e+02  -6.02369895e-04
   3.44301676e+02  -1.10643031e-03
   3.44302164e+02   1.16496673e-03
   3.44302652e+02   3.02976463e-03
   3.44303141e+02   2.15229928e-03
   3.44303629e+02   2.32097087e-03
   3.44304117e+02   2.58928398e-03
   3.44304606e+02   2.64302338e-03
   3.44305094e+02   2.08119489e-03
   3.44305582e+02   9.69654007e-04
   3.44306071e+02   5.48385375e-04
   3.44306559e+02  -4.55138215e-04
   3.44307047e+02  -9.77928285e-04
   3.44307536e+02   1.45377955e-04
   3.44308024e+02   1.05588662e-03
   3.44308512e+02  -9.79413511e-04
   3.44309000e+02  -8.15686421e-04
   3.44309489e+02   7.64731260e-04
   3.44309977e+02   9.78379278e-04
   3.44310465e+02   8.07026343e-04
   3.44310954e+02  -1.80711737e-04
   3.44311442e+02  -2.96096806e-03
   3.44311930e+02  -3.61357187e-03
   3.44312419e+02   6.70186564e-05
   3.44312907e+02   2.23312411e-03
   3.44313395e+02   1.78619090e-03
   3.44313884e+02   2.02124263e-03
   3.44314372e+02   1.37783773e-03
   3.44314860e+02  -8.29353579e-04
   3.44315348e+02  -1.24200888e-03
   3.44315837e+02   4.29399632e-04
   3.44316325e+02   1.11020659e-03
   3.44316813e+02   6.30525581e-04
   3.44317302e+02   1.53013752e-04
   3.44317790e+02   8.01932008e-04
   3.44318278e+02   2.81186239e-03
   3.44318767e+02   2.46436847e-03
   3.44319255e+02   1.14764879e-03
   3.44319743e+02  -5.17643406e-04
   3.44320232e+02  -1.33695465e-03
   3.44320720e+02   4.39113122e-04
   3.44321208e+02   1.04034785e-03
   3.44321696e+02   1.10506735e-04
   3.44322185e+02   1.01805909e-03
   3.44322673e+02   1.01837493e-03
   3.44323161e+02  -2.69090495e-04
   3.44323650e+02  -7.24377052e-04
   3.44324138e+02  -1.08054653e-03
   3.44324626e+02  -9.95932613e-04
   3.44325115e+02  -7.24972226e-04
   3.44325603e+02  -2.07071286e-03
   3.44326091e+02  -3.25760827e-03
   3.44326580e+02  -6.28884532e-04
   3.44327068e+02   2.84696626e-03
   3.44327556e+02   3.32577340e-03
   3.44328044e+02   1.34506600e-03
   3.44328533e+02  -1.24517217e-04
   3.44329021e+02   1.28308439e-03
   3.44329509e+02   1.94529165e-03
   3.44329998e+02   5.33874729e-04
   3.44330486e+02  -1.30705826e-04
   3.44330974e+02  -8.50723940e-04
   3.44331463e+02  -2.69890833e-03
   3.44331951e+02  -2.90286145e-03
   3.44332439e+02  -9.68191656e-04
   3.44332928e+02   4.01690369e-04
   3.44333416e+02   6.66197622e-04
   3.44333904e+02   2.35671294e-04
   3.44334392e+02   5.12105180e-04
   3.44334881e+02   1.53061736e-03
   3.44335369e+02   2.97167944e-03
   3.44335857e+02   4.68459958e-03
   3.44336346e+02   3.99764488e-03
   3.44336834e+02   1.10593380e-03
   3.44337322e+02   1.76528803e-04
   3.44337811e+02  -2.29797544e-04
   3.44338299e+02  -3.32750101e-03
   3.44338787e+02  -3.57613689e-03
   3.44339276e+02  -4.25122882e-04
   3.44339764e+02   1.69826066e-03
   3.44340252e+02   2.72277906e-03
   3.44340741e+02   2.15255539e-03
   3.44341229e+02   2.06145225e-03
   3.44341717e+02   2.07020971e-03
   3.44342205e+02  -4.51496715e-04
   3.44342694e+02  -2.27190694e-03
   3.44343182e+02  -2.36805831e-03
   3.44343670e+02  -1.48080534e-03
   3.44344159e+02  -3.25183617e-04
   3.44344647e+02  -6.34811237e-04
   3.44345135e+02   5.32462844e-04
   3.44345624e+02   2.15564435e-03
   3.44346112e+02   1.22832402e-03
   3.44346600e+02  -6.50678354e-04
   3.44347089e+02  -1.23337936e-03
   3.44347577e+02  -8.06158467e-04
   3.44348065e+02   8.31794168e-04
   3.44348553e+02   4.72762622e-04
   3.44349042e+02  -2.26610433e-03
   3.44349530e+02  -3.11379670e-03
   3.44350018e+02  -3.15016834e-03
   3.44350507e+02  -3.83763458e-03
   3.44350995e+02  -3.66733829e-03
   3.44351483e+02  -2.12095585e-03
   3.44351972e+02  -1.69473686e-04
   3.44352460e+02  -1.05988198e-04
   3.44352948e+02  -5.22572896e-04
   3.44353437e+02  -2.17795081e-04
   3.44353925e+02  -4.34757938e-04
   3.44354413e+02  -2.20393972e-03
   3.44354901e+02  -3.09348362e-03
   3.44355390e+02  -5.49176708e-04
   3.44355878e+02   2.20090849e-03
   3.44356366e+02   1.05256913e-03
   3.44356855e+02   3.30507493e-04
   3.44357343e+02  -1.50407926e-04
   3.44357831e+02   9.64001629e-06
   3.44358320e+02   1.31575868e-03
   3.44358808e+02   1.46495481e-03
   3.44359296e+02   1.78681221e-03
   3.44359785e+02   2.42100330e-03
   3.44360273e+02   5.01126517e-03
   3.44360761e+02   5.10838954e-03
   3.44361249e+02   2.27289437e-03
   3.44361738e+02   9.21886298e-04
   3.44362226e+02   3.94770701e-04
   3.44362714e+02   1.38349284e-03
   3.44363203e+02   1.71815895e-03
   3.44363691e+02   2.03099044e-04
   3.44364179e+02  -2.40213543e-04
   3.44364668e+02  -7.41442898e-04
   3.44365156e+02   2.30567006e-04
   3.44365644e+02   1.22824067e-03
   3.44366133e+02   5.69193508e-04
   3.44366621e+02   3.38902720e-03
   3.44367109e+02   2.42034276e-03
   3.44367597e+02   1.89904077e-03
   3.44368086e+02   1.50782079e-03
   3.44368574e+02   1.52867229e-04
   3.44369062e+02  -2.23967293e-03
   3.44369551e+02  -2.45231832e-03
   3.44370039e+02   1.09035813e-03
   3.44370527e+02   3.80795076e-03
   3.44371016e+02   3.09632788e-03
   3.44371504e+02   1.58133730e-03
   3.44371992e+02   6.66753214e-04
   3.44372481e+02  -6.54058604e-05
   3.44372969e+02  -9.79130156e-04
   3.44373457e+02  -1.50583987e-03
   3.44373945e+02  -7.46099628e-04
   3.44374434e+02   5.06744429e-04
   3.44374922e+02   1.32954831e-03
   3.44375410e+02   1.99127174e-03
   3.44375899e+02   1.76791847e-03
   3.44376387e+02   1.13800343e-03
   3.44376875e+02  -2.74937367e-04
   3.44377364e+02  -2.30512279e-03
   3.44377852e+02  -2.10253661e-03
   3.44378340e+02  -5.71862096e-04
   3.44378829e+02  -8.13402585e-04
   3.44379317e+02  -5.07919758e-04
   3.44379805e+02   1.11657567e-03
   3.44380294e+02   1.47644372e-03
   3.44380782e+02   2.18251976e-03
   3.44381270e+02   3.99508048e-04
   3.44381758e+02  -2.05863919e-03
   3.44382247e+02  -6.69730769e-04
   3.44382735e+02   1.05469045e-03
   3.44383223e+02   1.16751681e-03
   3.44383712e+02   1.72502187e-03
   3.44384200e+02   2.16846960e-03
   3.44384688e+02   2.02715700e-03
   3.44385177e+02   1.87314732e-03
   3.44385665e+02   1.20672444e-03
   3.44386153e+02   5.41853020e-04
   3.44386642e+02   7.69241247e-04
   3.44387130e+02   9.00093524e-04
   3.44387618e+02  -4.50694148e-04
   3.44388106e+02  -2.69434066e-03
   3.44388595e+02  -3.10240337e-03
   3.44389083e+02  -2.26672599e-03
   3.44389571e+02  -3.89157969e-04
   3.44390060e+02   1.61269563e-03
   3.44390548e+02   1.03301322e-03
   3.44391036e+02  -8.05117714e-04
   3.44391525e+02   3.43068677e-04
   3.44392013e+02   1.41102367e-03
   3.44392501e+02  -7.48443475e-04
   3.44392990e+02  -1.04112271e-03
   3.44393478e+02   1.63369300e-03
   3.44393966e+02   1.19379710e-03
   3.44394454e+02  -1.16545905e-03
   3.44394943e+02  -6.79426070e-04
   3.44395431e+02   1.79278461e-04
   3.44395919e+02  -6.45108055e-04
   3.44396408e+02  -7.31392996e-04
   3.44396896e+02   4.74816305e-04
   3.44397384e+02   2.34956434e-03
   3.44397873e+02   1.97226903e-03
   3.44398361e+02  -1.92819536e-03
   3.44398849e+02  -3.53987073e-03
   3.44399338e+02  -1.04841450e-03
   3.44399826e+02   7.64374039e-04
   3.44400314e+02   8.58618063e-04
   3.44400802e+02   5.70209580e-04
   3.44401291e+02   1.62985723e-03
   3.44401779e+02   2.56437948e-03
   3.44402267e+02  -1.04555744e-03
   3.44402756e+02  -4.46283072e-03
   3.44403244e+02  -9.81753343e-04
   3.44403732e+02   2.13984074e-03
   3.44404221e+02   1.40208547e-04
   3.44404709e+02  -1.51345646e-03
   3.44405197e+02  -1.38728216e-03
   3.44405686e+02  -1.49696786e-03
   3.44406174e+02  -4.82566102e-04
   3.44406662e+02   1.21102959e-03
   3.44407150e+02   1.29338587e-03
   3.44407639e+02   5.59722190e-04
   3.44408127e+02   2.68842239e-04
   3.44408615e+02   1.73069781e-03
   3.44409104e+02   2.48009223e-03
   3.44409592e+02   2.55022576e-04
   3.44410080e+02  -1.66360219e-03
   3.44410569e+02  -8.15594743e-04
   3.44411057e+02  -3.69650457e-04
   3.44411545e+02  -1.71085366e-03
   3.44412034e+02  -2.70015025e-03
   3.44412522e+02  -4.00930038e-03
   3.44413010e+02  -4.81898850e-03
   3.44413498e+02  -4.49777395e-03
   3.44413987e+02  -3.31091043e-03
   3.44414475e+02  -1.56438444e-04
   3.44414963e+02   3.03336163e-03
   3.44415452e+02   4.19967435e-03
   3.44415940e+02   4.26783785e-03
   3.44416428e+02   1.89905998e-03
   3.44416917e+02  -3.49713984e-04
   3.44417405e+02   2.16318702e-04
   3.44417893e+02  -3.35672870e-04
   3.44418382e+02  -2.91797193e-03
   3.44418870e+02  -4.20726417e-03
   3.44419358e+02  -3.52359470e-03
   3.44419847e+02  -1.86424947e-03
   3.44420335e+02  -7.98651716e-04
   3.44420823e+02  -6.84382452e-04
   3.44421311e+02   7.10053020e-04
   3.44421800e+02   1.15835282e-03
   3.44422288e+02  -1.94728258e-04
   3.44422776e+02  -2.83920614e-04
   3.44423265e+02   4.51169442e-04
   3.44423753e+02   1.23497262e-03
   3.44424241e+02   2.25384138e-03
   3.44424730e+02   1.72488566e-03
   3.44425218e+02   1.03606645e-03
   3.44425706e+02  -4.83376294e-04
   3.44426195e+02   7.96544846e-05
   3.44426683e+02  -1.10888730e-04
   3.44427171e+02   1.44839389e-04
   3.44427659e+02  -8.54491431e-04
   3.44428148e+02  -3.90506163e-03
   3.44428636e+02  -3.71640129e-03
   3.44429124e+02  -1.42087089e-03
   3.44429613e+02  -1.33932137e-03
   3.44430101e+02  -8.97113234e-04
   3.44430589e+02   2.15885462e-03
   3.44431078e+02   2.33079889e-03
   3.44431566e+02  -5.72513018e-05
   3.44432054e+02  -9.60984151e-04
   3.44432543e+02   8.50596465e-04
   3.44433031e+02   1.81422278e-03
   3.44433519e+02  -4.24415048e-05
   3.44434007e+02  -2.82460102e-03
   3.44434496e+02  -3.75061599e-03
   3.44434984e+02  -1.14567962e-03
   3.44435472e+02   2.96076364e-03
   3.44435961e+02   5.29627735e-03
   3.44436449e+02   2.67444039e-03
   3.44436937e+02  -1.06860592e-03
   3.44437426e+02  -4.09190601e-04
   3.44437914e+02   2.22248328e-03
   3.44438402e+02   2.58060242e-03
   3.44438891e+02   1.83094956e-03
   3.44439379e+02   9.08887538e-04
   3.44439867e+02  -2.48087192e-04
   3.44440355e+02   3.04144603e-04
   3.44440844e+02   1.62882160e-03
   3.44441332e+02   7.21596647e-04
   3.44441820e+02  -2.40005189e-04
   3.44442309e+02   1.59435486e-03
   3.44442797e+02   3.27176647e-03
   3.44443285e+02   1.33609865e-03
   3.44443774e+02  -6.14006596e-04
   3.44444262e+02  -1.28035783e-03
   3.44444750e+02  -5.69109747e-04
   3.44445239e+02   6.42122759e-04
   3.44445727e+02   2.30052741e-04
   3.44446215e+02  -2.95890553e-04
   3.44446703e+02   1.05135178e-03
   3.44447192e+02   1.97455822e-03
   3.44447680e+02   2.60762521e-03
   3.44448168e+02   2.61838734e-03
   3.44448657e+02   9.31609189e-04
   3.44449145e+02   2.96581275e-05
   3.44449633e+02   6.73797040e-04
   3.44450122e+02   5.81326545e-04
   3.44450610e+02  -1.38885330e-03
   3.44451098e+02  -3.62727162e-03
   3.44451587e+02  -4.39048186e-03
   3.44452075e+02  -3.64850159e-03
   3.44452563e+02  -2.52527418e-03
   3.44453051e+02  -2.95641297e-03
   3.44453540e+02  -2.67873053e-03
   3.44454028e+02  -7.08142994e-04
   3.44454516e+02  -1.32029483e-04
   3.44455005e+02  -2.95966922e-04
   3.44455493e+02   4.17248695e-04
   3.44455981e+02   1.71212805e-03
   3.44456470e+02   1.86433201e-03
   3.44456958e+02   1.48233736e-03
   3.44457446e+02   3.63734271e-03
   3.44457935e+02   4.25161514e-03
   3.44458423e+02   2.14756606e-03
   3.44458911e+02   1.11591734e-03
   3.44459400e+02   1.70605420e-03
   3.44459888e+02   1.58166382e-04
   3.44460376e+02  -1.31043117e-03
   3.44460864e+02  -3.70824564e-04
   3.44461353e+02  -7.46318139e-04
   3.44461841e+02   9.96304880e-05
   3.44462329e+02   2.20547430e-03
   3.44462818e+02   2.56769219e-03
   3.44463306e+02   2.36610207e-03
   3.44463794e+02  -1.33975025e-03
   3.44464283e+02  -4.10593022e-03
   3.44464771e+02  -2.93954887e-04
   3.44465259e+02   3.48345237e-03
   3.44465748e+02   4.82748356e-03
   3.44466236e+02   4.55746893e-03
   3.44466724e+02   2.98327021e-03
   3.44467212e+02   2.11500772e-03
   3.44467701e+02   2.03535287e-03
   3.44468189e+02   1.69462780e-03
   3.44468677e+02   4.17919859e-04
   3.44469166e+02   1.82732838e-04
   3.44469654e+02   6.26309717e-04
   3.44470142e+02  -6.24481982e-05
   3.44470631e+02  -6.13222714e-04
   3.44471119e+02  -1.17430114e-03
   3.44471607e+02  -2.76607741e-03
   3.44472096e+02  -3.38361971e-03
   3.44472584e+02  -2.72203144e-03
   3.44473072e+02  -1.60653447e-03
   3.44473560e+02   5.00598107e-04
   3.44474049e+02   8.08798766e-04
   3.44474537e+02   1.09011540e-03
   3.44475025e+02   1.58549426e-03
   3.44475514e+02   1.65526557e-03
   3.44476002e+02   4.31397138e-03
   3.44476490e+02   4.67671128e-03
   3.44476979e+02   8.61071050e-04
   3.44477467e+02  -8.36519408e-04
   3.44477955e+02  -1.27736028e-04
   3.44478444e+02  -2.98699393e-04
   3.44478932e+02  -2.21093162e-03
   3.44479420e+02  -1.93234545e-03
   3.44479908e+02   2.06995010e-03
   3.44480397e+02   2.77740555e-03
   3.44480885e+02   7.46235542e-04
   3.44481373e+02   5.13291277e-04
   3.44481862e+02  -4.47756138e-05
   3.44482350e+02  -7.33338820e-04
   3.44482838e+02  -1.93014639e-05
   3.44483327e+02   1.05461362e-03
   3.44483815e+02  -7.72806758e-04
   3.44484303e+02  -1.08340883e-03
   3.44484792e+02  -1.63160975e-03
   3.44485280e+02  -2.93294340e-03
   3.44485768e+02  -3.24491924e-03
   3.44486256e+02  -1.43390032e-03
   3.44486745e+02  -1.14058529e-03
   3.44487233e+02  -2.81202211e-03
   3.44487721e+02  -2.36150692e-03
   3.44488210e+02  -1.37669151e-03
   3.44488698e+02  -2.00991309e-03
   3.44489186e+02  -1.31852075e-03
   3.44489675e+02   1.11491466e-03
   3.44490163e+02   1.89620652e-03
   3.44490651e+02   9.26203793e-04
   3.44491140e+02  -1.45099277e-03
   3.44491628e+02  -2.18796846e-03
   3.44492116e+02  -1.81075564e-04
   3.44492604e+02   1.04586454e-03
   3.44493093e+02   1.51834043e-04
   3.44493581e+02  -2.73390731e-04
   3.44494069e+02  -5.42272115e-04
   3.44494558e+02  -2.01925272e-04
   3.44495046e+02   1.10240967e-03
   3.44495534e+02   1.28440873e-03
   3.44496023e+02   1.79714744e-03
   3.44496511e+02   2.40047043e-03
   3.44496999e+02  -2.71095603e-04
   3.44497488e+02  -2.65312660e-03
   3.44497976e+02  -1.15028047e-03
   3.44498464e+02   5.61845663e-04
   3.44498953e+02  -4.36066010e-04
   3.44499441e+02  -1.76374125e-03
   3.44499929e+02  -2.70944531e-03
   3.44500417e+02  -2.98900972e-03
   3.44500906e+02  -2.10565119e-03
   3.44501394e+02   1.54277659e-04
   3.44501882e+02  -1.19291224e-04
   3.44502371e+02  -2.00422737e-03
   3.44502859e+02  -2.10625213e-03
   3.44503347e+02  -1.98740070e-03
   3.44503836e+02  -2.06137751e-03
   3.44504324e+02  -2.11194297e-03
   3.44504812e+02   2.03548363e-04
   3.44505301e+02   2.00803927e-03
   3.44505789e+02  -3.79605801e-04
   3.44506277e+02  -6.39241072e-04
   3.44506765e+02   3.74549371e-03
   3.44507254e+02   6.66734111e-03
   3.44507742e+02   5.42075420e-03
   3.44508230e+02   3.46241822e-03
   3.44508719e+02   3.18568293e-03
   3.44509207e+02   1.14081334e-03
   3.44509695e+02   4.69818624e-05
   3.44510184e+02   8.20892979e-04
   3.44510672e+02  -1.00801524e-04
   3.44511160e+02  -4.06576990e-04
   3.44511649e+02  -7.96891225e-04
   3.44512137e+02  -2.24011298e-03
   3.44512625e+02  -8.56201281e-04
   3.44513113e+02   1.55188015e-03
   3.44513602e+02   2.22891895e-03
   3.44514090e+02   1.52118970e-03
   3.44514578e+02   9.17394587e-04
   3.44515067e+02   2.56750477e-03
   3.44515555e+02   1.84419740e-03
   3.44516043e+02  -5.11178048e-04
   3.44516532e+02  -5.89272007e-04
   3.44517020e+02  -3.56936269e-03
   3.44517508e+02  -4.62627085e-03
   3.44517997e+02  -8.07094388e-04
   3.44518485e+02  -1.08479324e-03
   3.44518973e+02  -3.77942459e-03
   3.44519461e+02  -2.60838144e-03
   3.44519950e+02   1.34715432e-04
   3.44520438e+02  -3.52124334e-04
   3.44520926e+02  -2.17272373e-05
   3.44521415e+02   2.19174498e-03
   3.44521903e+02   1.40499882e-03
   3.44522391e+02  -8.44316557e-04
   3.44522880e+02  -3.59958969e-03
   3.44523368e+02  -5.69566898e-03
   3.44523856e+02  -3.74175725e-03
   3.44524345e+02  -1.36123016e-03
   3.44524833e+02  -1.94522878e-03
   3.44525321e+02  -1.58188608e-03
   3.44525809e+02   1.85778059e-04
   3.44526298e+02   4.95178509e-04
   3.44526786e+02  -3.15652651e-05
   3.44527274e+02  -8.99552288e-06
   3.44527763e+02  -5.79009647e-04
   3.44528251e+02  -1.26602000e-03
   3.44528739e+02  -1.03484432e-03
   3.44529228e+02  -1.85936212e-03
   3.44529716e+02  -2.81220162e-03
   3.44530204e+02  -1.76328002e-03
   3.44530693e+02  -9.74102819e-04
   3.44531181e+02  -1.08385633e-03
   3.44531669e+02  -9.69596207e-04
   3.44532157e+02   3.99127690e-04
   3.44532646e+02   2.10325280e-03
   3.44533134e+02   2.45733000e-03
   3.44533622e+02   8.88973591e-04
   3.44534111e+02  -7.08805514e-04
   3.44534599e+02  -1.55251811e-03
   3.44535087e+02  -2.96543306e-03
   3.44535576e+02  -3.66042368e-03
   3.44536064e+02  -4.15807497e-03
   3.44536552e+02  -4.19190526e-03
   3.44537041e+02  -1.35610730e-03
   3.44537529e+02  -1.82597025e-04
   3.44538017e+02  -1.30470039e-03
   3.44538506e+02  -6.70824491e-04
   3.44538994e+02  -9.16818462e-05
   3.44539482e+02  -4.84289223e-04
   3.44539970e+02   1.54682877e-03
   3.44540459e+02   4.24965750e-03
   3.44540947e+02   3.70513182e-03
   3.44541435e+02   7.91803119e-04
   3.44541924e+02  -2.50329007e-03
   3.44542412e+02  -1.89837744e-03
   3.44542900e+02  -7.79568218e-04
   3.44543389e+02   6.42333762e-04
   3.44543877e+02   2.25222437e-03
   3.44544365e+02   1.34955661e-03
   3.44544854e+02  -1.53191213e-03
   3.44545342e+02  -2.88649648e-03
   3.44545830e+02  -3.08963750e-03
   3.44546318e+02  -3.25720618e-03
   3.44546807e+02  -3.12623172e-03
   3.44547295e+02  -1.77023606e-03
   3.44547783e+02  -1.86442951e-04
   3.44548272e+02   2.04957309e-04
   3.44548760e+02  -1.42206249e-04
   3.44549248e+02   1.38296071e-03
   3.44549737e+02   3.41162900e-03
   3.44550225e+02   2.76946742e-03
   3.44550713e+02   6.77852368e-04
   3.44551202e+02  -6.82799437e-04
   3.44551690e+02  -1.61558145e-03
   3.44552178e+02  -1.70130609e-03
   3.44552666e+02  -3.66530730e-04
   3.44553155e+02  -1.18595571e-03
   3.44553643e+02  -2.92133074e-03
   3.44554131e+02  -1.27325009e-03
   3.44554620e+02   8.73573474e-04
   3.44555108e+02   1.86904718e-03
   3.44555596e+02   1.47587259e-03
   3.44556085e+02  -6.07226648e-05
   3.44556573e+02  -1.28462957e-03
   3.44557061e+02  -1.65695185e-03
   3.44557550e+02  -2.62100715e-03
   3.44558038e+02  -3.10517102e-03
   3.44558526e+02  -1.06904749e-03
   3.44559014e+02   9.46912973e-04
   3.44559503e+02   6.90359797e-04
   3.44559991e+02   1.09938183e-03
   3.44560479e+02   2.26766756e-03
   3.44560968e+02   1.44991302e-03
   3.44561456e+02  -7.19441625e-04
   3.44561944e+02  -1.75127015e-03
   3.44562433e+02  -9.66211315e-04
   3.44562921e+02   1.68534357e-03
   3.44563409e+02   2.97552720e-03
   3.44563898e+02   5.65814262e-04
   3.44564386e+02  -1.38730160e-03
   3.44564874e+02  -5.96881837e-05
   3.44565362e+02   2.13546050e-03
   3.44565851e+02   3.02049099e-03
   3.44566339e+02   4.69482969e-03
   3.44566827e+02   5.79768233e-03
   3.44567316e+02   5.12287393e-03
   3.44567804e+02   3.23983468e-03
   3.44568292e+02   2.39290949e-03
   3.44568781e+02   3.11323488e-03
   3.44569269e+02   2.97824503e-03
   3.44569757e+02   1.97657524e-03
   3.44570246e+02  -5.61282650e-05
   3.44570734e+02  -1.52687775e-03
   3.44571222e+02  -8.15119420e-04
   3.44571710e+02   3.21152969e-04
   3.44572199e+02  -3.28843569e-04
   3.44572687e+02  -4.01928509e-03
   3.44573175e+02  -4.81491163e-03
   3.44573664e+02  -2.02071737e-04
   3.44574152e+02   5.86686074e-04
   3.44574640e+02  -2.04823352e-03
   3.44575129e+02  -9.46522341e-04
   3.44575617e+02   1.88423588e-03
   3.44576105e+02   1.34511793e-03
   3.44576594e+02  -1.59409246e-03
   3.44577082e+02  -1.27368397e-03
   3.44577570e+02   3.30958189e-03
   3.44578059e+02   3.29198921e-03
   3.44578547e+02  -1.26441848e-03
   3.44579035e+02  -1.52240135e-03
   3.44579523e+02   1.09174824e-03
   3.44580012e+02   2.08258699e-03
   3.44580500e+02   1.69402780e-03
   3.44580988e+02   1.55194255e-04
   3.44581477e+02  -1.06836122e-03
   3.44581965e+02  -1.52890454e-03
   3.44582453e+02  -8.72417644e-04
   3.44582942e+02   9.34196752e-04
   3.44583430e+02   2.09334795e-03
   3.44583918e+02   1.57180429e-03
   3.44584407e+02   1.62074971e-03
   3.44584895e+02   1.99080142e-03
   3.44585383e+02   2.24829093e-03
   3.44585871e+02   1.84565247e-03
   3.44586360e+02  -9.93330264e-04
   3.44586848e+02  -3.46965995e-03
   3.44587336e+02  -2.20550457e-03
   3.44587825e+02  -3.92994087e-04
   3.44588313e+02   2.73040263e-04
   3.44588801e+02  -2.49364559e-04
   3.44589290e+02  -1.17681600e-04
   3.44589778e+02   1.68485823e-03
   3.44590266e+02   1.33831275e-03
   3.44590755e+02  -9.42620754e-05
   3.44591243e+02   6.63072162e-04
   3.44591731e+02   6.59222831e-04
   3.44592219e+02   1.12811173e-03
   3.44592708e+02   1.65591168e-03
   3.44593196e+02  -1.57669326e-03
   3.44593684e+02  -4.84935706e-03
   3.44594173e+02  -2.41123419e-03
   3.44594661e+02   1.72798289e-03
   3.44595149e+02   3.55482288e-03
   3.44595638e+02   3.13716126e-03
   3.44596126e+02   1.31714158e-03
   3.44596614e+02   1.43761165e-03
   3.44597103e+02   2.12188973e-03
   3.44597591e+02   8.74015095e-04
   3.44598079e+02   1.21466219e-04
   3.44598567e+02   1.74296467e-04
   3.44599056e+02  -1.94523775e-04
   3.44599544e+02  -5.68491174e-04
   3.44600032e+02   9.81660196e-05
   3.44600521e+02   1.20821199e-03
   3.44601009e+02   2.82690441e-03
   3.44601497e+02   3.17964051e-03
   3.44601986e+02   3.17449705e-03
   3.44602474e+02   3.05455667e-03
   3.44602962e+02   8.09109712e-04
   3.44603451e+02  -2.28742883e-03
   3.44603939e+02  -2.18361709e-03
   3.44604427e+02  -1.11082150e-03
   3.44604915e+02  -5.98661543e-04
   3.44605404e+02   5.65231836e-04
   3.44605892e+02   1.15942629e-03
   3.44606380e+02   2.34919111e-03
   3.44606869e+02   2.53500906e-03
   3.44607357e+02   9.94142261e-04
   3.44607845e+02   1.31631072e-03
   3.44608334e+02   1.85394823e-03
   3.44608822e+02   1.93592464e-03
   3.44609310e+02   3.36051662e-03
   3.44609799e+02   4.09147888e-03
   3.44610287e+02   2.47655646e-03
   3.44610775e+02   3.80215730e-04
   3.44611263e+02   3.64709966e-04
   3.44611752e+02  -5.53416787e-04
   3.44612240e+02  -2.95208162e-03
   3.44612728e+02  -1.33973232e-03
   3.44613217e+02   6.65202097e-04
   3.44613705e+02  -7.36124639e-04
   3.44614193e+02  -2.70677498e-03
   3.44614682e+02  -3.39924078e-03
   3.44615170e+02  -3.91029846e-03
   3.44615658e+02  -2.66451878e-03
   3.44616147e+02   1.11365435e-03
   3.44616635e+02   3.96533031e-03
   3.44617123e+02   4.08787839e-03
   3.44617612e+02   3.26747750e-03
   3.44618100e+02   1.04677549e-03
   3.44618588e+02  -3.12408642e-03
   3.44619076e+02  -5.22485888e-03
   3.44619565e+02  -3.71290697e-03
   3.44620053e+02  -1.62116403e-03
   3.44620541e+02  -9.08400572e-04
   3.44621030e+02  -7.16769195e-04
   3.44621518e+02  -6.90779067e-04
   3.44622006e+02   1.52435256e-04
   3.44622495e+02  -7.20648459e-05
   3.44622983e+02  -1.01697369e-04
   3.44623471e+02   1.93403359e-03
   3.44623960e+02   2.40207999e-03
   3.44624448e+02   4.36378876e-04
   3.44624936e+02  -5.55406034e-04
   3.44625424e+02   7.82958930e-04
   3.44625913e+02  -3.58118617e-04
   3.44626401e+02  -1.56109454e-03
   3.44626889e+02  -4.10816981e-04
   3.44627378e+02   4.24070662e-04
   3.44627866e+02   5.43327304e-04
   3.44628354e+02  -1.18103821e-03
   3.44628843e+02  -3.88860772e-03
   3.44629331e+02  -3.64909112e-03
   3.44629819e+02  -1.93786528e-03
   3.44630308e+02  -1.75437797e-03
   3.44630796e+02  -2.26571434e-03
   3.44631284e+02  -1.09467376e-03
   3.44631772e+02   4.14973765e-04
   3.44632261e+02   6.50180213e-04
   3.44632749e+02  -6.41062099e-04
   3.44633237e+02  -1.82938878e-03
   3.44633726e+02  -1.50192494e-03
   3.44634214e+02  -9.02911939e-04
   3.44634702e+02   4.31611670e-06
   3.44635191e+02   2.04187632e-03
   3.44635679e+02   3.22739850e-03
   3.44636167e+02   2.57336907e-03
   3.44636656e+02   7.72569911e-04
   3.44637144e+02   6.41763094e-04
   3.44637632e+02   2.72543402e-03
   3.44638120e+02   9.02399304e-04
   3.44638609e+02  -2.23222747e-03
   3.44639097e+02  -1.77408184e-03
   3.44639585e+02  -1.00249390e-03
   3.44640074e+02  -1.62214402e-03
   3.44640562e+02  -2.43827212e-03
   3.44641050e+02  -1.69807044e-03
   3.44641539e+02  -7.31755805e-04
   3.44642027e+02  -7.08308013e-04
   3.44642515e+02  -1.34385366e-03
   3.44643004e+02  -1.69769698e-03
   3.44643492e+02  -5.19188252e-05
   3.44643980e+02   2.40211235e-03
   3.44644468e+02   3.10808839e-03
   3.44644957e+02   1.51871098e-03
   3.44645445e+02  -2.83240137e-04
   3.44645933e+02  -8.02029273e-04
   3.44646422e+02   4.37402079e-04
   3.44646910e+02   1.51462003e-03
   3.44647398e+02   9.96713294e-04
   3.44647887e+02  -3.89851368e-04
   3.44648375e+02  -2.22459831e-03
   3.44648863e+02  -3.28686903e-03
   3.44649352e+02  -1.83207099e-03
   3.44649840e+02   1.34226237e-03
   3.44650328e+02   1.31702819e-03
   3.44650816e+02  -4.67885926e-04
   3.44651305e+02   4.23796126e-04
   3.44651793e+02   9.02635686e-04
   3.44652281e+02  -8.77250859e-04
   3.44652770e+02  -2.51565734e-03
   3.44653258e+02  -1.28937629e-03
   3.44653746e+02  -2.28574572e-04
   3.44654235e+02  -1.68024655e-03
   3.44654723e+02  -1.17030239e-03
   3.44655211e+02   1.17159518e-03
   3.44655700e+02   1.05832424e-03
   3.44656188e+02  -3.64959706e-04
   3.44656676e+02  -2.20699818e-04
   3.44657165e+02   1.91298692e-04
   3.44657653e+02  -5.93007135e-04
   3.44658141e+02  -8.63427646e-04
   3.44658629e+02  -1.71007856e-03
   3.44659118e+02  -3.96257453e-03
   3.44659606e+02  -3.06645245e-03
   3.44660094e+02   1.41799159e-03
   3.44660583e+02   3.70318256e-03
   3.44661071e+02   8.05095071e-04
   3.44661559e+02  -2.37114541e-03
   3.44662048e+02  -2.54806434e-03
   3.44662536e+02  -1.03267387e-03
   3.44663024e+02  -1.28785113e-03
   3.44663513e+02  -3.22647672e-03
   3.44664001e+02  -2.81656487e-03
   3.44664489e+02  -2.16335291e-03
   3.44664977e+02  -1.81529205e-03
   3.44665466e+02  -1.06771535e-03
   3.44665954e+02  -5.76125516e-04
   3.44666442e+02   1.78156210e-06
   3.44666931e+02   1.17111905e-03
   3.44667419e+02   1.79468095e-03
   3.44667907e+02   1.33400434e-03
   3.44668396e+02  -3.69906513e-04
   3.44668884e+02  -1.98405329e-03
   3.44669372e+02  -1.50505896e-03
   3.44669861e+02  -1.27562869e-03
   3.44670349e+02  -8.94747674e-04
   3.44670837e+02  -5.05162810e-04
   3.44671325e+02  -1.53132225e-03
   3.44671814e+02  -1.18133717e-03
   3.44672302e+02  -3.52420640e-04
   3.44672790e+02  -2.51562195e-03
   3.44673279e+02  -2.59861303e-03
   3.44673767e+02   7.81335810e-04
   3.44674255e+02   5.13906067e-04
   3.44674744e+02  -3.42210615e-03
   3.44675232e+02  -4.00038017e-03
   3.44675720e+02  -1.90785632e-03
   3.44676209e+02  -1.30895420e-03
   3.44676697e+02   2.77535815e-04
   3.44677185e+02   1.55992236e-03
   3.44677673e+02   1.54441557e-04
   3.44678162e+02   3.86832195e-04
   3.44678650e+02   3.14304675e-03
   3.44679138e+02   5.29728597e-03
   3.44679627e+02   4.47229855e-03
   3.44680115e+02   2.70641432e-03
   3.44680603e+02   1.71386951e-03
   3.44681092e+02   5.54350205e-04
   3.44681580e+02  -4.65746358e-04
   3.44682068e+02  -2.93942430e-05
   3.44682557e+02   4.10273060e-04
   3.44683045e+02   8.51993536e-05
   3.44683533e+02   6.64775784e-04
   3.44684021e+02  -2.07434394e-04
   3.44684510e+02  -1.29862281e-03
   3.44684998e+02  -5.49238874e-04
   3.44685486e+02  -6.64273219e-04
   3.44685975e+02  -1.91329978e-04
   3.44686463e+02   4.54915891e-04
   3.44686951e+02   1.01124948e-04
   3.44687440e+02  -1.85242898e-04
   3.44687928e+02  -2.17171363e-03
   3.44688416e+02  -2.97357724e-03
   3.44688905e+02  -1.35437091e-04
   3.44689393e+02   1.40558102e-03
   3.44689881e+02  -8.44511087e-04
   3.44690369e+02  -2.35550152e-03
   3.44690858e+02  -1.30452623e-03
   3.44691346e+02   5.63420239e-04
   3.44691834e+02   2.76458159e-04
   3.44692323e+02  -2.86112027e-03
   3.44692811e+02  -3.28032812e-03
   3.44693299e+02  -9.83674661e-04
   3.44693788e+02   3.99504323e-04
   3.44694276e+02   2.32366350e-04
   3.44694764e+02  -8.44588096e-04
   3.44695253e+02  -1.90013414e-03
   3.44695741e+02  -2.32874462e-03
   3.44696229e+02  -2.75331270e-03
   3.44696718e+02  -3.63389403e-03
   3.44697206e+02  -3.61773581e-03
   3.44697694e+02  -1.62841775e-03
   3.44698182e+02   1.53867225e-03
   3.44698671e+02   1.70101540e-03
   3.44699159e+02   1.70687286e-04
   3.44699647e+02   1.19277788e-03
   3.44700136e+02   2.43553007e-03
   3.44700624e+02   3.89240962e-03
   3.44701112e+02   4.21685819e-03
   3.44701601e+02   2.79692351e-03
   3.44702089e+02   7.36780756e-04
   3.44702577e+02  -1.36065076e-03
   3.44703066e+02  -9.38911980e-04
   3.44703554e+02   4.70856932e-04
   3.44704042e+02   8.84860114e-04
   3.44704530e+02   1.11798942e-03
   3.44705019e+02   5.00238326e-04
   3.44705507e+02  -8.34806473e-04
   3.44705995e+02  -8.11520789e-04
   3.44706484e+02  -2.89594551e-04
   3.44706972e+02  -5.12932136e-04
   3.44707460e+02   1.30204705e-03
   3.44707949e+02   4.59371833e-03
   3.44708437e+02   4.13484825e-03
   3.44708925e+02   2.25756550e-03
   3.44709414e+02   1.64790300e-03
   3.44709902e+02   1.17835577e-03
   3.44710390e+02   8.75485304e-04
   3.44710878e+02  -2.34305495e-04
   3.44711367e+02   3.57588637e-04
   3.44711855e+02   2.00890913e-03
   3.44712343e+02   1.20440370e-03
   3.44712832e+02  -8.30545105e-05
   3.44713320e+02  -9.64572362e-04
   3.44713808e+02  -1.04403729e-03
   3.44714297e+02   1.45382585e-03
   3.44714785e+02   4.23230324e-03
   3.44715273e+02   3.25567997e-03
   3.44715762e+02   1.36263657e-03
   3.44716250e+02   2.72299373e-03
   3.44716738e+02   2.83315103e-03
   3.44717226e+02   4.85363853e-04
   3.44717715e+02   2.03772739e-04
   3.44718203e+02   2.20870879e-03
   3.44718691e+02   2.06968701e-03
   3.44719180e+02   1.94026507e-03
   3.44719668e+02   1.13414798e-03
   3.44720156e+02   1.31124354e-04
   3.44720645e+02   1.70552346e-03
   3.44721133e+02   2.89735640e-03
   3.44721621e+02   2.09435495e-03
   3.44722110e+02   9.02260479e-04
   3.44722598e+02   4.59332921e-04
   3.44723086e+02   2.73087109e-03
   3.44723574e+02   4.29591909e-03
   3.44724063e+02   2.08563404e-03
   3.44724551e+02  -8.19913868e-04
   3.44725039e+02  -2.44491757e-03
   3.44725528e+02  -1.78666506e-03
   3.44726016e+02   8.26784410e-04
   3.44726504e+02   3.35129537e-03
   3.44726993e+02   3.22888722e-03
   3.44727481e+02   1.04299537e-03
   3.44727969e+02   7.98580062e-04
   3.44728458e+02   2.17521656e-03
   3.44728946e+02   6.71601505e-04
   3.44729434e+02  -7.36129994e-04
   3.44729922e+02   1.84581568e-03
   3.44730411e+02   3.82012106e-03
   3.44730899e+02   2.13072309e-03
   3.44731387e+02   7.09181884e-04
   3.44731876e+02   6.41012448e-04
   3.44732364e+02  -1.05300627e-03
   3.44732852e+02  -1.65899436e-03
   3.44733341e+02   7.68390542e-04
   3.44733829e+02   3.07222572e-03
   3.44734317e+02   2.29301630e-03
   3.44734806e+02   9.26756111e-05
   3.44735294e+02  -3.28120688e-04
   3.44735782e+02   1.20725308e-03
   3.44736271e+02   2.27057468e-03
   3.44736759e+02   1.34139077e-03
   3.44737247e+02  -9.90703265e-05
   3.44737735e+02  -1.47248953e-04
   3.44738224e+02  -3.34164215e-04
   3.44738712e+02  -2.26528454e-03
   3.44739200e+02  -1.98653364e-03
   3.44739689e+02  -6.30350551e-04
   3.44740177e+02  -1.07735756e-03
   3.44740665e+02  -1.91814092e-03
   3.44741154e+02  -9.33073112e-04
   3.44741642e+02   9.73976566e-05
   3.44742130e+02  -7.49471481e-04
   3.44742619e+02   1.27435618e-04
   3.44743107e+02   4.03797906e-03
   3.44743595e+02   6.15944667e-03
   3.44744083e+02   3.53551563e-03
   3.44744572e+02   8.36815976e-04
   3.44745060e+02   2.63926690e-04
   3.44745548e+02  -7.64930679e-04
   3.44746037e+02   3.43796244e-04
   3.44746525e+02   2.30140798e-03
   3.44747013e+02   1.09516003e-03
   3.44747502e+02  -2.16877647e-03
   3.44747990e+02  -2.42991326e-03
   3.44748478e+02  -5.04593831e-04
   3.44748967e+02  -1.56979519e-03
   3.44749455e+02  -3.25395423e-03
   3.44749943e+02  -1.44472299e-03
   3.44750431e+02  -1.85714263e-04
   3.44750920e+02   1.36970321e-03
   3.44751408e+02   3.16702155e-03
   3.44751896e+02   2.89035006e-03
   3.44752385e+02   2.21232907e-03
   3.44752873e+02   3.27168324e-04
   3.44753361e+02  -8.83250672e-04
   3.44753850e+02   2.53518683e-05
   3.44754338e+02   4.50254738e-04
   3.44754826e+02   3.52703151e-04
   3.44755315e+02  -1.85566550e-05
   3.44755803e+02  -6.29235001e-04
   3.44756291e+02  -2.19310354e-03
   3.44756779e+02  -3.01708374e-03
   3.44757268e+02  -1.94225751e-03
   3.44757756e+02  -9.88250482e-04
   3.44758244e+02  -9.22491483e-04
   3.44758733e+02  -1.20939023e-03
   3.44759221e+02  -7.13899964e-04
   3.44759709e+02  -1.31034141e-03
   3.44760198e+02  -1.50454987e-03
   3.44760686e+02  -3.32211523e-04
   3.44761174e+02  -1.48440959e-04
   3.44761663e+02   4.13813425e-04
   3.44762151e+02   9.77912452e-04
   3.44762639e+02   5.66539238e-04
   3.44763127e+02  -1.03896880e-03
   3.44763616e+02  -1.56475592e-03
   3.44764104e+02  -7.00429373e-04
   3.44764592e+02  -1.10323180e-03
   3.44765081e+02  -1.23875984e-03
   3.44765569e+02  -6.87222404e-04
   3.44766057e+02   3.27232381e-04
   3.44766546e+02   3.95719107e-04
   3.44767034e+02  -1.31480349e-03
   3.44767522e+02  -8.78854480e-04
   3.44768011e+02  -7.01947545e-04
   3.44768499e+02  -1.05019880e-03
   3.44768987e+02  -8.67254450e-04
   3.44769475e+02  -1.68244808e-03
   3.44769964e+02  -1.87325303e-03
   3.44770452e+02  -1.33493135e-03
   3.44770940e+02  -1.79176684e-03
   3.44771429e+02  -1.43748964e-03
   3.44771917e+02  -2.63534224e-04
   3.44772405e+02  -2.01944233e-04
   3.44772894e+02  -9.06945788e-04
   3.44773382e+02  -1.71582145e-03
   3.44773870e+02  -1.28619117e-03
   3.44774359e+02   6.50543312e-04
   3.44774847e+02   1.38594629e-03
   3.44775335e+02   1.76953105e-03
   3.44775824e+02   1.31047459e-03
   3.44776312e+02  -6.80070545e-04
   3.44776800e+02  -1.61874446e-03
   3.44777288e+02  -5.43615839e-04
   3.44777777e+02  -8.54432117e-04
   3.44778265e+02  -1.22213550e-03
   3.44778753e+02  -3.48597860e-05
   3.44779242e+02   6.13875978e-04
   3.44779730e+02   1.73704742e-04
   3.44780218e+02   8.05590942e-04
   3.44780707e+02   2.13799695e-03
   3.44781195e+02   1.83945871e-03
   3.44781683e+02  -6.54903648e-04
   3.44782172e+02  -9.87589592e-04
   3.44782660e+02  -4.56624577e-04
   3.44783148e+02  -1.70666608e-03
   3.44783636e+02  -2.91503943e-03
   3.44784125e+02  -2.56399461e-03
   3.44784613e+02   3.46272027e-05
   3.44785101e+02   2.26639793e-03
   3.44785590e+02   2.44068936e-03
   3.44786078e+02   1.58932037e-03
   3.44786566e+02   2.30656960e-03
   3.44787055e+02   2.71437829e-03
   3.44787543e+02  -5.74167134e-05
   3.44788031e+02  -3.93839180e-03
   3.44788520e+02  -3.61307315e-03
   3.44789008e+02   1.08283001e-03
   3.44789496e+02   3.25013814e-03
   3.44789984e+02   1.62951066e-03
   3.44790473e+02   8.58882908e-04
   3.44790961e+02   1.54791458e-03
   3.44791449e+02   6.77843171e-04
   3.44791938e+02  -1.41269935e-03
   3.44792426e+02  -3.12605873e-03
   3.44792914e+02  -3.64062400e-03
   3.44793403e+02  -3.42852506e-03
   3.44793891e+02  -1.90422672e-03
   3.44794379e+02   9.49183945e-04
   3.44794868e+02   3.06014065e-03
   3.44795356e+02   2.65325257e-03
   3.44795844e+02   8.69672222e-04
   3.44796332e+02   4.75550565e-04
   3.44796821e+02   1.16275239e-03
   3.44797309e+02   4.43582103e-04
   3.44797797e+02   9.67043103e-04
   3.44798286e+02   2.97207013e-03
   3.44798774e+02   1.31229952e-03
   3.44799262e+02  -1.81447540e-03
   3.44799751e+02  -1.82470400e-03
   3.44800239e+02  -2.24720477e-03
   3.44800727e+02  -2.56878650e-03
   3.44801216e+02   6.08497940e-04
   3.44801704e+02   2.99429568e-03
   3.44802192e+02   1.46327692e-03
   3.44802680e+02   1.10777712e-03
   3.44803169e+02   2.38106493e-03
   3.44803657e+02   1.21311087e-03
   3.44804145e+02  -1.45984767e-03
   3.44804634e+02  -2.84519047e-03
   3.44805122e+02  -1.45708711e-03
   3.44805610e+02   8.87910137e-04
   3.44806099e+02   1.47405535e-03
   3.44806587e+02   1.56286580e-03
   3.44807075e+02   2.72685173e-03
   3.44807564e+02   2.58212537e-03
   3.44808052e+02  -5.02320530e-04
   3.44808540e+02  -4.60495969e-04
   3.44809028e+02   2.15217029e-03
   3.44809517e+02   2.09125155e-03
   3.44810005e+02  -6.36003679e-04
   3.44810493e+02  -2.26460258e-03
   3.44810982e+02  -2.38731923e-03
   3.44811470e+02  -2.06505554e-03
   3.44811958e+02  -8.93794000e-04
   3.44812447e+02   9.08673275e-04
   3.44812935e+02   2.41752760e-03
   3.44813423e+02   1.89949549e-03
   3.44813912e+02   5.57935331e-04
   3.44814400e+02   1.11346680e-03
   3.44814888e+02   2.89889565e-03
   3.44815377e+02   4.44937963e-03
   3.44815865e+02   1.24274450e-03
   3.44816353e+02  -2.44906638e-03
   3.44816841e+02  -1.36888656e-03
   3.44817330e+02  -9.36955621e-04
   3.44817818e+02  -1.32031098e-03
   3.44818306e+02  -1.41160586e-03
   3.44818795e+02  -2.09789141e-03
   3.44819283e+02  -5.39426575e-04
   3.44819771e+02   2.90232623e-04
   3.44820260e+02  -1.38285116e-03
   3.44820748e+02  -1.14734471e-03
   3.44821236e+02   2.34169318e-04
   3.44821725e+02   1.10390910e-03
   3.44822213e+02   1.91177079e-03
   3.44822701e+02   2.71662907e-03
   3.44823189e+02   1.76046276e-03
   3.44823678e+02  -9.61430720e-04
   3.44824166e+02  -2.42627040e-03
   3.44824654e+02  -8.54827987e-04
   3.44825143e+02  -3.89093795e-04
   3.44825631e+02  -2.67338031e-03
   3.44826119e+02  -3.76374205e-03
   3.44826608e+02  -3.15798772e-03
   3.44827096e+02  -6.26471592e-04
   3.44827584e+02   2.44950876e-03
   3.44828073e+02   1.25810155e-03
   3.44828561e+02  -2.39587086e-03
   3.44829049e+02  -2.45993957e-03
   3.44829537e+02  -2.92159762e-04
   3.44830026e+02  -7.71600229e-04
   3.44830514e+02  -2.89647258e-03
   3.44831002e+02  -2.09112302e-03
   3.44831491e+02  -7.77331239e-04
   3.44831979e+02  -1.12199283e-03
   3.44832467e+02  -1.05147308e-03
   3.44832956e+02   2.74751219e-04
   3.44833444e+02   2.10275687e-03
