frequency (GHz), flux (Jy/beam)
   3.43899310e+02  -2.99133407e-03
   3.43899798e+02  -2.33536842e-03
   3.43900286e+02  -1.35261926e-03
   3.43900774e+02   7.74323475e-04
   3.43901263e+02   2.53603258e-03
   3.43901751e+02   4.42630349e-04
   3.43902239e+02  -3.60444281e-03
   3.43902728e+02  -6.34153327e-03
   3.43903216e+02  -6.13527605e-03
   3.43903704e+02  -3.47352447e-03
   3.43904193e+02  -1.12839998e-03
   3.43904681e+02  -4.80454037e-04
   3.43905169e+02   1.38763149e-04
   3.43905658e+02   2.54443090e-04
   3.43906146e+02  -2.34475266e-03
   3.43906634e+02  -5.02825296e-03
   3.43907122e+02  -5.23978705e-03
   3.43907611e+02  -5.47505356e-03
   3.43908099e+02  -7.06362817e-03
   3.43908587e+02  -6.04842370e-03
   3.43909076e+02  -1.11159100e-03
   3.43909564e+02   2.11087149e-03
   3.43910052e+02   1.70065276e-03
   3.43910541e+02   1.77100045e-03
   3.43911029e+02   1.34923821e-03
   3.43911517e+02  -1.06580788e-03
   3.43912006e+02  -2.34120782e-03
   3.43912494e+02  -2.59722234e-03
   3.43912982e+02  -3.01104481e-03
   3.43913470e+02  -2.95642018e-03
   3.43913959e+02  -2.07166909e-03
   3.43914447e+02  -7.85787561e-05
   3.43914935e+02   6.14458986e-04
   3.43915424e+02  -1.39674894e-03
   3.43915912e+02  -1.26411882e-03
   3.43916400e+02   4.90544771e-04
   3.43916889e+02   7.48920371e-04
   3.43917377e+02   1.42672812e-04
   3.43917865e+02   2.01834273e-03
   3.43918354e+02   4.94299550e-03
   3.43918842e+02   3.38863791e-03
   3.43919330e+02  -7.20722892e-04
   3.43919818e+02  -1.79789448e-03
   3.43920307e+02   7.02758261e-04
   3.43920795e+02   3.31184291e-03
   3.43921283e+02   3.37966438e-03
   3.43921772e+02   2.61325645e-03
   3.43922260e+02   1.78939896e-03
   3.43922748e+02   8.56394996e-04
   3.43923237e+02   1.67579821e-03
   3.43923725e+02   2.45855167e-03
   3.43924213e+02   1.11650745e-03
   3.43924702e+02  -7.51072366e-05
   3.43925190e+02   9.20609338e-04
   3.43925678e+02   1.35042937e-03
   3.43926166e+02  -1.34758637e-04
   3.43926655e+02  -5.68105897e-04
   3.43927143e+02  -1.27236228e-04
   3.43927631e+02  -8.87229980e-04
   3.43928120e+02  -1.92092673e-04
   3.43928608e+02   2.31784303e-03
   3.43929096e+02   2.82942178e-03
   3.43929585e+02   1.19219173e-03
   3.43930073e+02  -5.21403912e-04
   3.43930561e+02  -1.23162766e-03
   3.43931050e+02  -1.23210251e-03
   3.43931538e+02  -3.97528580e-04
   3.43932026e+02   4.29900625e-04
   3.43932514e+02  -1.13742244e-04
   3.43933003e+02  -7.86803546e-04
   3.43933491e+02  -2.05432135e-03
   3.43933979e+02  -2.88105872e-03
   3.43934468e+02  -6.20819221e-04
   3.43934956e+02   9.79570905e-04
   3.43935444e+02  -4.15127346e-04
   3.43935933e+02  -1.23402185e-03
   3.43936421e+02  -1.98544891e-04
   3.43936909e+02   1.36313483e-03
   3.43937398e+02   2.52773543e-03
   3.43937886e+02   3.88575625e-03
   3.43938374e+02   5.26096253e-03
   3.43938863e+02   4.38193977e-03
   3.43939351e+02   1.24950730e-03
   3.43939839e+02  -1.77748455e-03
   3.43940327e+02  -2.93676136e-03
   3.43940816e+02  -2.06718571e-03
   3.43941304e+02  -2.01625470e-03
   3.43941792e+02  -3.41937575e-03
   3.43942281e+02  -3.59541876e-03
   3.43942769e+02  -2.86044506e-03
   3.43943257e+02  -2.19226978e-03
   3.43943746e+02  -1.49495248e-03
   3.43944234e+02  -1.08755345e-03
   3.43944722e+02  -2.29092446e-04
   3.43945211e+02   5.63533977e-04
   3.43945699e+02  -3.40962433e-04
   3.43946187e+02  -2.93131656e-04
   3.43946675e+02   1.49913435e-03
   3.43947164e+02   2.88918498e-03
   3.43947652e+02   3.06399446e-03
   3.43948140e+02   1.76480913e-03
   3.43948629e+02  -4.57848830e-04
   3.43949117e+02  -1.46224257e-03
   3.43949605e+02  -5.16237051e-04
   3.43950094e+02  -4.96494700e-04
   3.43950582e+02  -1.68476615e-03
   3.43951070e+02  -1.01702195e-03
   3.43951559e+02   9.44469357e-04
   3.43952047e+02   1.22881832e-03
   3.43952535e+02  -1.98679371e-03
   3.43953023e+02  -3.54618276e-03
   3.43953512e+02   3.03002918e-04
   3.43954000e+02   2.88623408e-03
   3.43954488e+02   2.34652613e-03
   3.43954977e+02   1.18425139e-03
   3.43955465e+02   2.62117619e-03
   3.43955953e+02   2.38655321e-03
   3.43956442e+02   1.23903935e-03
   3.43956930e+02   2.70604086e-03
   3.43957418e+02   3.84805538e-03
   3.43957907e+02   2.36714189e-03
   3.43958395e+02   2.01666146e-03
   3.43958883e+02   2.80869170e-03
   3.43959371e+02   2.07890035e-03
   3.43959860e+02   6.76251366e-04
   3.43960348e+02   1.87848840e-04
   3.43960836e+02   2.33654981e-04
   3.43961325e+02  -1.79183099e-03
   3.43961813e+02  -5.21784509e-03
   3.43962301e+02  -5.12142619e-03
   3.43962790e+02  -1.65880448e-03
   3.43963278e+02  -3.54617514e-04
   3.43963766e+02  -1.23640220e-03
   3.43964255e+02  -1.22394564e-03
   3.43964743e+02  -1.30425487e-03
   3.43965231e+02  -1.14386796e-03
   3.43965719e+02   1.07472843e-04
   3.43966208e+02   1.05135352e-03
   3.43966696e+02   1.31335144e-03
   3.43967184e+02   2.32373964e-06
   3.43967673e+02  -1.33979076e-03
   3.43968161e+02  -5.76436927e-04
   3.43968649e+02  -6.39322097e-04
   3.43969138e+02  -2.47155619e-03
   3.43969626e+02  -3.80538008e-03
   3.43970114e+02  -4.35979478e-03
   3.43970603e+02  -2.93505378e-03
   3.43971091e+02   2.76135892e-04
   3.43971579e+02   1.32537622e-03
   3.43972067e+02  -6.41882012e-04
   3.43972556e+02  -2.45095044e-03
   3.43973044e+02  -1.02414598e-03
   3.43973532e+02   1.45475345e-03
   3.43974021e+02   4.55986825e-04
   3.43974509e+02  -2.25685863e-03
   3.43974997e+02  -2.69285333e-03
   3.43975486e+02  -2.91172211e-04
   3.43975974e+02   1.22939993e-03
   3.43976462e+02  -4.55268222e-04
   3.43976951e+02  -8.11567181e-04
   3.43977439e+02   1.07647735e-03
   3.43977927e+02   1.22144737e-03
   3.43978416e+02   3.37223930e-04
   3.43978904e+02   6.12222648e-04
   3.43979392e+02   8.22245609e-04
   3.43979880e+02   1.74313027e-03
   3.43980369e+02   2.02292204e-03
   3.43980857e+02   1.20799395e-03
   3.43981345e+02   1.39286497e-03
   3.43981834e+02   1.22269255e-03
   3.43982322e+02   4.93742875e-04
   3.43982810e+02   7.52897875e-04
   3.43983299e+02   2.17949986e-04
   3.43983787e+02  -1.43904786e-03
   3.43984275e+02  -3.32456431e-04
   3.43984764e+02   2.25483463e-03
   3.43985252e+02   1.35120272e-03
   3.43985740e+02  -1.69422914e-04
   3.43986228e+02   1.13374158e-03
   3.43986717e+02   2.09885044e-03
   3.43987205e+02   3.59075493e-04
   3.43987693e+02  -1.39822904e-03
   3.43988182e+02  -3.66304535e-04
   3.43988670e+02   9.87296458e-04
   3.43989158e+02   2.77116167e-04
   3.43989647e+02  -1.68110931e-03
   3.43990135e+02  -3.40653001e-03
   3.43990623e+02  -2.59908219e-03
   3.43991112e+02   4.44908452e-04
   3.43991600e+02   1.44476653e-03
   3.43992088e+02  -3.08352901e-04
   3.43992576e+02  -3.34152865e-04
   3.43993065e+02   2.20649666e-03
   3.43993553e+02   3.22708790e-03
   3.43994041e+02   2.57889344e-03
   3.43994530e+02   1.41952478e-03
   3.43995018e+02   4.01824473e-05
   3.43995506e+02  -3.02795990e-04
   3.43995995e+02  -4.44536796e-04
   3.43996483e+02  -5.84021502e-04
   3.43996971e+02  -2.55674058e-05
   3.43997460e+02  -4.39579104e-04
   3.43997948e+02  -9.99321579e-04
   3.43998436e+02  -2.36572610e-04
   3.43998924e+02  -1.11207890e-04
   3.43999413e+02  -6.70772686e-04
   3.43999901e+02   1.08746521e-03
   3.44000389e+02   2.14371760e-03
   3.44000878e+02   1.41256128e-03
   3.44001366e+02   8.09587189e-04
   3.44001854e+02  -5.56136714e-04
   3.44002343e+02  -1.08960737e-03
   3.44002831e+02   1.03299913e-04
   3.44003319e+02   3.73227376e-04
   3.44003808e+02   9.10443661e-04
   3.44004296e+02   3.07068136e-03
   3.44004784e+02   3.26930615e-03
   3.44005272e+02   1.22650887e-03
   3.44005761e+02   1.49703294e-03
   3.44006249e+02   2.96885986e-03
   3.44006737e+02   2.00140383e-03
   3.44007226e+02   9.84296086e-04
   3.44007714e+02   1.83785358e-03
   3.44008202e+02   2.84351083e-03
   3.44008691e+02   3.05637182e-03
   3.44009179e+02   1.36425707e-03
   3.44009667e+02  -5.31179190e-04
   3.44010156e+02  -3.84015671e-04
   3.44010644e+02  -7.24367914e-04
   3.44011132e+02  -1.59790425e-03
   3.44011620e+02  -4.42180404e-04
   3.44012109e+02   2.07520858e-03
   3.44012597e+02   3.19914520e-03
   3.44013085e+02   2.15654168e-03
   3.44013574e+02   1.29564991e-03
   3.44014062e+02  -3.26129055e-04
   3.44014550e+02  -9.45768959e-04
   3.44015039e+02  -1.64559775e-03
   3.44015527e+02  -1.66356901e-03
   3.44016015e+02   4.92214167e-04
   3.44016504e+02   1.25137763e-03
   3.44016992e+02  -7.10024731e-04
   3.44017480e+02  -1.87438121e-03
   3.44017969e+02  -1.17657473e-03
   3.44018457e+02  -5.58724969e-05
   3.44018945e+02   6.65978470e-04
   3.44019433e+02   1.64237324e-04
   3.44019922e+02  -7.17316463e-04
   3.44020410e+02   6.89850422e-05
   3.44020898e+02   2.01963951e-04
   3.44021387e+02  -1.71243609e-03
   3.44021875e+02  -2.71502603e-03
   3.44022363e+02  -1.84557610e-03
   3.44022852e+02   6.12680975e-04
   3.44023340e+02   2.76740873e-03
   3.44023828e+02   1.78574154e-03
   3.44024317e+02   2.91142351e-04
   3.44024805e+02   1.09912816e-03
   3.44025293e+02   1.18074066e-03
   3.44025781e+02  -2.52190239e-05
   3.44026270e+02  -1.28158496e-03
   3.44026758e+02  -2.05692928e-03
   3.44027246e+02  -2.53470917e-03
   3.44027735e+02  -2.39048409e-03
   3.44028223e+02  -7.04227132e-04
   3.44028711e+02   8.32938473e-04
   3.44029200e+02   6.84729428e-04
   3.44029688e+02   2.78243941e-04
   3.44030176e+02   1.46314094e-03
   3.44030665e+02   3.38171632e-03
   3.44031153e+02   2.98809796e-03
   3.44031641e+02   1.15431473e-03
   3.44032129e+02   6.55932585e-04
   3.44032618e+02   7.28070503e-04
   3.44033106e+02  -3.47788242e-04
   3.44033594e+02   4.50921332e-04
   3.44034083e+02   2.69443379e-03
   3.44034571e+02   2.50302115e-03
   3.44035059e+02   1.72037643e-03
   3.44035548e+02   1.90669321e-03
   3.44036036e+02   1.51723577e-03
   3.44036524e+02   3.51547438e-04
   3.44037013e+02  -3.17217695e-04
   3.44037501e+02  -2.14578802e-04
   3.44037989e+02   5.68592477e-05
   3.44038477e+02  -1.92810567e-05
   3.44038966e+02  -5.59148437e-04
   3.44039454e+02  -1.36299664e-03
   3.44039942e+02  -2.21031718e-03
   3.44040431e+02  -3.65475222e-04
   3.44040919e+02   2.72271666e-03
   3.44041407e+02   2.42614280e-03
   3.44041896e+02   5.27204902e-05
   3.44042384e+02  -8.76274251e-04
   3.44042872e+02  -1.05641212e-03
   3.44043361e+02  -1.62150292e-03
   3.44043849e+02  -8.93427001e-04
   3.44044337e+02   1.89035010e-04
   3.44044825e+02  -9.09856753e-04
   3.44045314e+02  -2.61896639e-03
   3.44045802e+02  -1.17548835e-03
   3.44046290e+02   1.11478183e-03
   3.44046779e+02   1.18832849e-03
   3.44047267e+02   3.80996818e-04
   3.44047755e+02  -7.16436654e-04
   3.44048244e+02  -1.75213034e-03
   3.44048732e+02  -1.31272315e-03
   3.44049220e+02  -6.89429653e-05
   3.44049709e+02   1.13923952e-03
   3.44050197e+02   1.93576794e-03
   3.44050685e+02   2.12278473e-03
   3.44051173e+02   1.11123116e-03
   3.44051662e+02   4.14371170e-04
   3.44052150e+02   9.35107644e-04
   3.44052638e+02   6.66076434e-04
   3.44053127e+02  -5.11571649e-04
   3.44053615e+02  -1.49553770e-03
   3.44054103e+02  -1.44887401e-03
   3.44054592e+02   3.63668980e-04
   3.44055080e+02   2.27047061e-03
   3.44055568e+02   3.16524296e-03
   3.44056057e+02   2.68344604e-03
   3.44056545e+02   1.24800822e-03
   3.44057033e+02  -2.26403892e-04
   3.44057522e+02  -9.52525355e-04
   3.44058010e+02  -1.55611685e-03
   3.44058498e+02  -8.30149278e-04
   3.44058986e+02   1.75983296e-03
   3.44059475e+02   3.13829700e-03
   3.44059963e+02   2.51200632e-03
   3.44060451e+02   4.46700753e-04
   3.44060940e+02  -9.01678635e-04
   3.44061428e+02  -5.95126883e-04
   3.44061916e+02  -1.71844254e-03
   3.44062405e+02  -3.25943786e-03
   3.44062893e+02  -1.74669479e-03
   3.44063381e+02  -2.11718681e-04
   3.44063870e+02  -5.20869275e-04
   3.44064358e+02  -1.76130037e-04
   3.44064846e+02   5.59527893e-04
   3.44065334e+02   7.51414977e-04
   3.44065823e+02  -6.61128841e-04
   3.44066311e+02  -2.55406159e-03
   3.44066799e+02  -2.10032263e-03
   3.44067288e+02  -1.56443729e-03
   3.44067776e+02  -1.67382520e-03
   3.44068264e+02   2.26844320e-04
   3.44068753e+02   2.83122458e-03
   3.44069241e+02   3.15797795e-03
   3.44069729e+02   2.17317441e-03
   3.44070218e+02   1.61702046e-03
   3.44070706e+02   1.19054876e-03
   3.44071194e+02   4.16176568e-04
   3.44071682e+02   9.26482098e-05
   3.44072171e+02  -1.97314759e-04
   3.44072659e+02  -1.85105426e-03
   3.44073147e+02  -2.35314691e-03
   3.44073636e+02  -5.27881726e-04
   3.44074124e+02   1.33886491e-03
   3.44074612e+02   1.74729922e-03
   3.44075101e+02  -5.31880476e-04
   3.44075589e+02  -2.31961207e-03
   3.44076077e+02  -9.57793265e-04
   3.44076566e+02   5.09790028e-04
   3.44077054e+02   9.20395600e-04
   3.44077542e+02   4.73887165e-04
   3.44078030e+02  -3.08018673e-04
   3.44078519e+02   7.53835047e-05
   3.44079007e+02   6.93442998e-04
   3.44079495e+02   1.12233195e-03
   3.44079984e+02   1.74727570e-03
   3.44080472e+02   1.67723291e-03
   3.44080960e+02   1.29571778e-03
   3.44081449e+02   1.59862230e-03
   3.44081937e+02   1.11993589e-03
   3.44082425e+02  -8.51275923e-04
   3.44082914e+02  -3.00670206e-03
   3.44083402e+02  -3.74837522e-03
   3.44083890e+02  -2.31967540e-03
   3.44084378e+02  -6.69521469e-05
   3.44084867e+02   1.06670067e-03
   3.44085355e+02   4.14762791e-04
   3.44085843e+02  -2.96371785e-04
   3.44086332e+02   6.59556099e-05
   3.44086820e+02   2.84965965e-04
   3.44087308e+02  -1.11405423e-03
   3.44087797e+02  -3.12537258e-03
   3.44088285e+02  -3.35223414e-03
   3.44088773e+02  -1.28391536e-03
   3.44089262e+02   3.76100448e-04
   3.44089750e+02   7.70113489e-04
   3.44090238e+02   2.05127173e-03
   3.44090726e+02   2.97317188e-03
   3.44091215e+02   1.97390071e-03
   3.44091703e+02   1.92077699e-04
   3.44092191e+02  -1.89160183e-03
   3.44092680e+02  -2.66975001e-03
   3.44093168e+02  -9.34388256e-04
   3.44093656e+02   7.29481166e-04
   3.44094145e+02   1.41663372e-03
   3.44094633e+02   2.29138229e-03
   3.44095121e+02   1.09791593e-03
   3.44095610e+02  -2.16386118e-03
   3.44096098e+02  -2.66790017e-03
   3.44096586e+02  -3.73516872e-04
   3.44097075e+02   7.21354212e-04
   3.44097563e+02   8.22420465e-04
   3.44098051e+02   8.06314405e-04
   3.44098539e+02  -3.83795850e-04
   3.44099028e+02  -1.72499102e-03
   3.44099516e+02  -4.90587787e-04
   3.44100004e+02   1.90262496e-03
   3.44100493e+02   2.69253110e-03
   3.44100981e+02   2.19247234e-03
   3.44101469e+02   7.19818170e-04
   3.44101958e+02  -1.71041509e-04
   3.44102446e+02   1.11089705e-03
   3.44102934e+02   3.28697334e-03
   3.44103423e+02   3.28834634e-03
   3.44103911e+02   2.18273047e-03
   3.44104399e+02   2.58550211e-03
   3.44104887e+02   2.29877699e-03
   3.44105376e+02   1.41294149e-03
   3.44105864e+02  -5.17909029e-05
   3.44106352e+02  -2.50549801e-03
   3.44106841e+02  -2.24484433e-03
   3.44107329e+02  -1.46058344e-04
   3.44107817e+02   2.65423412e-04
   3.44108306e+02   4.01336671e-04
   3.44108794e+02   2.36479146e-03
   3.44109282e+02   3.62893031e-03
   3.44109771e+02   1.61652942e-03
   3.44110259e+02  -8.38706503e-04
   3.44110747e+02  -1.09052681e-03
   3.44111235e+02  -1.54592842e-03
   3.44111724e+02  -2.44135014e-03
   3.44112212e+02  -1.90994947e-03
   3.44112700e+02  -1.58562628e-03
   3.44113189e+02  -3.61396139e-03
   3.44113677e+02  -4.36105439e-03
   3.44114165e+02  -2.17208150e-03
   3.44114654e+02   9.21492174e-05
   3.44115142e+02   1.30564300e-03
   3.44115630e+02   1.48022966e-03
   3.44116119e+02   8.90098221e-04
   3.44116607e+02   7.34025554e-04
   3.44117095e+02   1.62391074e-03
   3.44117583e+02   1.87344290e-03
   3.44118072e+02  -1.65897800e-04
   3.44118560e+02  -1.64926331e-03
   3.44119048e+02  -5.81922417e-04
   3.44119537e+02  -4.36154514e-04
   3.44120025e+02  -2.08539679e-03
   3.44120513e+02  -2.66358978e-03
   3.44121002e+02  -4.62834665e-04
   3.44121490e+02   1.80037611e-03
   3.44121978e+02   1.75613142e-03
   3.44122467e+02   1.10911438e-03
   3.44122955e+02   9.98732634e-04
   3.44123443e+02   9.96876159e-04
   3.44123931e+02   1.60279495e-04
   3.44124420e+02  -3.30774958e-04
   3.44124908e+02  -4.15525974e-05
   3.44125396e+02   1.80602830e-04
   3.44125885e+02   2.33695071e-04
   3.44126373e+02  -3.73350194e-04
   3.44126861e+02  -1.49733294e-03
   3.44127350e+02  -2.70671723e-03
   3.44127838e+02  -3.01067648e-03
   3.44128326e+02  -1.94055319e-03
   3.44128815e+02  -4.03620361e-04
   3.44129303e+02  -6.23983156e-04
   3.44129791e+02  -6.66096690e-04
   3.44130279e+02   1.10337045e-03
   3.44130768e+02   8.60705448e-04
   3.44131256e+02  -1.62270991e-03
   3.44131744e+02  -2.14038813e-03
   3.44132233e+02  -2.01678602e-03
   3.44132721e+02  -2.42308597e-03
   3.44133209e+02  -2.47000949e-03
   3.44133698e+02  -2.63498165e-03
   3.44134186e+02  -8.08990269e-04
   3.44134674e+02   1.59038533e-03
   3.44135163e+02   1.76831195e-03
   3.44135651e+02   5.01573923e-05
   3.44136139e+02  -6.89316134e-04
   3.44136628e+02   5.55505940e-05
   3.44137116e+02  -1.79795653e-03
   3.44137604e+02  -3.89214698e-03
   3.44138092e+02  -2.66596605e-03
   3.44138581e+02  -9.79659846e-04
   3.44139069e+02  -2.94615427e-04
   3.44139557e+02  -6.12736840e-05
   3.44140046e+02  -7.99391768e-04
   3.44140534e+02  -1.34619104e-03
   3.44141022e+02  -1.35536178e-03
   3.44141511e+02  -2.65726773e-03
   3.44141999e+02  -2.65228446e-03
   3.44142487e+02  -2.86531431e-04
   3.44142976e+02   1.35048537e-03
   3.44143464e+02   1.35371473e-03
   3.44143952e+02   7.31741253e-04
   3.44144440e+02   3.44202090e-05
   3.44144929e+02  -1.55640126e-03
   3.44145417e+02  -1.78080099e-03
   3.44145905e+02   3.22362670e-04
   3.44146394e+02   6.99956145e-04
   3.44146882e+02  -9.82222264e-04
   3.44147370e+02  -1.86553760e-03
   3.44147859e+02  -1.79164240e-03
   3.44148347e+02  -1.28005003e-03
   3.44148835e+02  -1.98822818e-03
   3.44149324e+02  -3.15395650e-03
   3.44149812e+02  -2.12245714e-03
   3.44150300e+02  -8.94560595e-04
   3.44150788e+02  -5.26499178e-04
   3.44151277e+02   9.19413404e-04
   3.44151765e+02   2.23699003e-03
   3.44152253e+02   7.68028549e-04
   3.44152742e+02  -1.23326841e-03
   3.44153230e+02  -4.57262096e-04
   3.44153718e+02   2.20524278e-04
   3.44154207e+02  -1.21346628e-03
   3.44154695e+02  -1.78322790e-03
   3.44155183e+02  -4.72560234e-04
   3.44155672e+02   5.30104153e-04
   3.44156160e+02   7.61022966e-04
   3.44156648e+02   8.96203448e-04
   3.44157136e+02   1.16875849e-03
   3.44157625e+02   2.64079450e-03
   3.44158113e+02   3.39640351e-03
   3.44158601e+02   1.51542691e-03
   3.44159090e+02   2.73196376e-04
   3.44159578e+02   5.04651049e-04
   3.44160066e+02  -5.99336810e-04
   3.44160555e+02  -2.16040923e-03
   3.44161043e+02  -2.79289111e-03
   3.44161531e+02  -2.32449826e-03
   3.44162020e+02  -4.49271058e-04
   3.44162508e+02   1.02335296e-03
   3.44162996e+02  -5.88929979e-04
   3.44163484e+02  -2.00704904e-03
   3.44163973e+02  -3.48719826e-04
   3.44164461e+02   1.04025204e-03
   3.44164949e+02   7.84879783e-04
   3.44165438e+02  -6.66977605e-04
   3.44165926e+02  -2.10553571e-03
   3.44166414e+02  -1.71387161e-03
   3.44166903e+02   1.32653199e-03
   3.44167391e+02   3.58277094e-03
   3.44167879e+02   1.43409614e-03
   3.44168368e+02  -2.13886169e-03
   3.44168856e+02  -2.42190156e-03
   3.44169344e+02  -8.49996752e-04
   3.44169832e+02  -6.20032137e-04
   3.44170321e+02  -1.41582929e-03
   3.44170809e+02  -1.35671510e-03
   3.44171297e+02  -3.23058426e-04
   3.44171786e+02  -1.00153178e-04
   3.44172274e+02  -4.96135792e-04
   3.44172762e+02  -5.42987313e-04
   3.44173251e+02  -9.73995542e-04
   3.44173739e+02  -4.86958779e-05
   3.44174227e+02   1.42644648e-03
   3.44174716e+02   9.04881279e-04
   3.44175204e+02  -8.29162134e-04
   3.44175692e+02  -1.72319880e-03
   3.44176181e+02  -1.53463299e-03
   3.44176669e+02  -1.20699278e-03
   3.44177157e+02  -1.50013692e-03
   3.44177645e+02  -1.59880752e-03
   3.44178134e+02  -1.77778443e-03
   3.44178622e+02  -1.72245165e-03
   3.44179110e+02  -6.37314632e-04
   3.44179599e+02   6.46790315e-04
   3.44180087e+02   1.30447955e-03
   3.44180575e+02   9.95319569e-04
   3.44181064e+02  -1.18704839e-03
   3.44181552e+02  -1.93043891e-03
   3.44182040e+02   3.17438651e-04
   3.44182529e+02   1.73689332e-03
   3.44183017e+02   1.31666532e-03
   3.44183505e+02   5.68831747e-04
   3.44183993e+02  -4.17209580e-04
   3.44184482e+02  -2.43713264e-03
   3.44184970e+02  -4.04213648e-03
   3.44185458e+02  -3.22966604e-03
   3.44185947e+02  -5.67632203e-04
   3.44186435e+02   9.95357870e-04
   3.44186923e+02   1.30021333e-04
   3.44187412e+02  -7.60594325e-04
   3.44187900e+02  -8.89331277e-04
   3.44188388e+02  -1.86551351e-03
   3.44188877e+02  -2.97997799e-03
   3.44189365e+02  -3.50821181e-03
   3.44189853e+02  -2.51244800e-03
   3.44190341e+02  -3.38440906e-04
   3.44190830e+02   1.11306831e-03
   3.44191318e+02  -4.09918983e-04
   3.44191806e+02  -2.50667590e-03
   3.44192295e+02  -1.54712715e-03
   3.44192783e+02  -1.87618352e-04
   3.44193271e+02  -1.27079966e-03
   3.44193760e+02  -1.60867791e-03
   3.44194248e+02  -7.85251439e-04
   3.44194736e+02  -5.82459499e-04
   3.44195225e+02   2.38357126e-04
   3.44195713e+02   2.93759792e-03
   3.44196201e+02   4.89252945e-03
   3.44196689e+02   2.70818966e-03
   3.44197178e+02  -9.59642231e-04
   3.44197666e+02  -1.46085920e-03
   3.44198154e+02  -2.99699779e-04
   3.44198643e+02  -1.13665832e-04
   3.44199131e+02  -7.88140576e-04
   3.44199619e+02  -6.34551339e-04
   3.44200108e+02   1.16966350e-03
   3.44200596e+02   2.17308872e-03
   3.44201084e+02   7.02217862e-04
   3.44201573e+02  -9.86143481e-04
   3.44202061e+02   2.47915828e-04
   3.44202549e+02   2.01520347e-03
   3.44203037e+02   1.41617935e-03
   3.44203526e+02   1.10428641e-03
   3.44204014e+02   8.81391170e-04
   3.44204502e+02  -4.97553847e-04
   3.44204991e+02  -2.04963330e-03
   3.44205479e+02  -2.94882711e-03
   3.44205967e+02  -2.03379639e-03
   3.44206456e+02  -1.38940499e-03
   3.44206944e+02  -2.64163059e-03
   3.44207432e+02  -3.36866826e-03
   3.44207921e+02  -2.10453174e-03
   3.44208409e+02  -2.42144088e-04
   3.44208897e+02  -7.94324209e-04
   3.44209385e+02  -1.31221558e-03
   3.44209874e+02   7.25592981e-05
   3.44210362e+02   1.06705981e-03
   3.44210850e+02   1.60202861e-03
   3.44211339e+02   1.34727464e-03
   3.44211827e+02   2.82519293e-04
   3.44212315e+02   1.07512064e-03
   3.44212804e+02   1.67101645e-03
   3.44213292e+02   1.49696716e-03
   3.44213780e+02   2.60096253e-03
   3.44214269e+02   3.02177505e-03
   3.44214757e+02   2.12327950e-03
   3.44215245e+02   6.46470231e-04
   3.44215734e+02   1.08976878e-04
   3.44216222e+02   5.83429937e-05
   3.44216710e+02  -9.41540347e-04
   3.44217198e+02  -1.35757175e-04
   3.44217687e+02   1.07620796e-03
   3.44218175e+02   1.91359097e-04
   3.44218663e+02   6.36019220e-04
   3.44219152e+02   1.86802493e-03
   3.44219640e+02   1.50527374e-03
   3.44220128e+02   3.46839224e-04
   3.44220617e+02  -1.01216242e-03
   3.44221105e+02  -1.16042385e-03
   3.44221593e+02  -3.89730849e-04
   3.44222082e+02  -7.67506484e-04
   3.44222570e+02  -1.96312321e-03
   3.44223058e+02  -2.59582023e-03
   3.44223546e+02  -2.51222751e-03
   3.44224035e+02  -2.24315561e-03
   3.44224523e+02  -7.05590064e-04
   3.44225011e+02   7.18835974e-04
   3.44225500e+02   1.38985968e-04
   3.44225988e+02  -1.86773879e-03
   3.44226476e+02  -4.22759075e-03
   3.44226965e+02  -5.85171673e-03
   3.44227453e+02  -5.46140410e-03
   3.44227941e+02  -3.03363288e-03
   3.44228430e+02  -4.97327012e-04
   3.44228918e+02  -6.31733972e-04
   3.44229406e+02  -3.08655435e-03
   3.44229894e+02  -4.16763872e-03
   3.44230383e+02  -2.04982958e-03
   3.44230871e+02   1.30903290e-03
   3.44231359e+02   2.23091990e-03
   3.44231848e+02  -2.35408443e-04
   3.44232336e+02  -2.15230929e-03
   3.44232824e+02  -9.63932194e-04
   3.44233313e+02   8.69390904e-04
   3.44233801e+02   1.18873001e-03
   3.44234289e+02   2.38096830e-03
   3.44234778e+02   4.31263307e-03
   3.44235266e+02   3.42013803e-03
   3.44235754e+02   1.60029973e-03
   3.44236242e+02   8.93480552e-04
   3.44236731e+02   1.39239954e-03
   3.44237219e+02   2.13787379e-03
   3.44237707e+02   1.10348675e-03
   3.44238196e+02   5.71147772e-04
   3.44238684e+02   3.92602640e-04
   3.44239172e+02  -6.64766529e-04
   3.44239661e+02  -9.79475211e-04
   3.44240149e+02  -4.95260581e-04
   3.44240637e+02  -1.04908447e-03
   3.44241126e+02  -2.06842623e-03
   3.44241614e+02  -7.44212652e-04
   3.44242102e+02   1.77306449e-03
   3.44242590e+02   2.92615243e-03
   3.44243079e+02   3.34580615e-03
   3.44243567e+02   2.04707659e-03
   3.44244055e+02  -5.04732190e-04
   3.44244544e+02  -2.17483751e-03
   3.44245032e+02  -2.83156079e-03
   3.44245520e+02  -1.77299185e-03
   3.44246009e+02  -5.49083110e-04
   3.44246497e+02  -1.34466996e-03
   3.44246985e+02  -2.83001480e-03
   3.44247474e+02  -3.22221871e-03
   3.44247962e+02  -3.80221242e-03
   3.44248450e+02  -4.27046139e-03
   3.44248938e+02  -2.84801354e-03
   3.44249427e+02  -1.07680832e-03
   3.44249915e+02   1.83160693e-04
   3.44250403e+02   1.74778944e-03
   3.44250892e+02   1.61717774e-03
   3.44251380e+02  -5.03037591e-04
   3.44251868e+02  -1.53235486e-03
   3.44252357e+02  -2.44224211e-03
   3.44252845e+02  -3.97941284e-03
   3.44253333e+02  -2.94711604e-03
   3.44253822e+02  -7.69251259e-04
   3.44254310e+02  -9.64841864e-04
   3.44254798e+02  -7.32151617e-04
   3.44255286e+02   1.24809763e-03
   3.44255775e+02   2.64901738e-03
   3.44256263e+02   2.38702283e-03
   3.44256751e+02  -6.79555174e-04
   3.44257240e+02  -3.90630541e-03
   3.44257728e+02  -1.58611033e-03
   3.44258216e+02   2.81118555e-03
   3.44258705e+02   3.47615755e-03
   3.44259193e+02   1.61547307e-03
   3.44259681e+02  -3.71306320e-04
   3.44260170e+02  -1.08721107e-03
   3.44260658e+02   2.24657066e-04
   3.44261146e+02   7.21118064e-04
   3.44261635e+02   2.77889427e-04
   3.44262123e+02   1.87887694e-03
   3.44262611e+02   2.22872221e-03
   3.44263099e+02  -1.70466183e-06
   3.44263588e+02  -1.72605587e-03
   3.44264076e+02  -2.29948852e-03
   3.44264564e+02  -1.77616416e-03
   3.44265053e+02  -8.53215810e-04
   3.44265541e+02  -7.76937057e-04
   3.44266029e+02  -1.13572336e-04
   3.44266518e+02   1.61824224e-03
   3.44267006e+02   2.75857188e-03
   3.44267494e+02   1.76341529e-03
   3.44267983e+02   6.36326731e-05
   3.44268471e+02   6.60671038e-04
   3.44268959e+02   2.17816629e-03
   3.44269447e+02   2.29776069e-03
   3.44269936e+02   1.78807671e-03
   3.44270424e+02   7.20001815e-04
   3.44270912e+02  -9.79854143e-04
   3.44271401e+02  -2.03404366e-03
   3.44271889e+02  -1.97273027e-03
   3.44272377e+02  -1.94258126e-03
   3.44272866e+02  -1.61537353e-03
   3.44273354e+02   1.72781773e-04
   3.44273842e+02   2.82339705e-03
   3.44274331e+02   3.24457744e-03
   3.44274819e+02   1.65077369e-03
   3.44275307e+02   1.68056751e-03
   3.44275795e+02   1.28369289e-03
   3.44276284e+02  -7.67695252e-04
   3.44276772e+02  -4.30156273e-04
   3.44277260e+02   9.15543234e-04
   3.44277749e+02  -3.66230321e-04
   3.44278237e+02  -1.34194479e-03
   3.44278725e+02   7.88055360e-04
   3.44279214e+02   3.84902698e-03
   3.44279702e+02   3.39538488e-03
   3.44280190e+02   9.13930242e-04
   3.44280679e+02   1.31979364e-03
   3.44281167e+02   2.28669378e-03
   3.44281655e+02   1.45292503e-03
   3.44282143e+02   4.31747962e-04
   3.44282632e+02  -5.19295223e-04
   3.44283120e+02  -3.28127266e-04
   3.44283608e+02   1.16904324e-03
   3.44284097e+02   1.73422368e-03
   3.44284585e+02  -1.55687958e-04
   3.44285073e+02  -2.43880833e-03
   3.44285562e+02  -2.11444637e-03
   3.44286050e+02  -1.18890032e-03
   3.44286538e+02  -1.63546158e-03
   3.44287027e+02  -1.31928071e-03
   3.44287515e+02  -1.89471641e-03
   3.44288003e+02  -3.76682915e-03
   3.44288491e+02  -3.55211785e-03
   3.44288980e+02  -7.77564186e-04
   3.44289468e+02   2.53429008e-03
   3.44289956e+02   1.99106848e-03
   3.44290445e+02  -6.19703438e-04
   3.44290933e+02  -1.04335556e-03
   3.44291421e+02  -1.10195775e-03
   3.44291910e+02  -1.13397453e-03
   3.44292398e+02  -3.23371147e-04
   3.44292886e+02  -8.55900114e-04
   3.44293375e+02  -2.40924349e-03
   3.44293863e+02  -2.83089164e-03
   3.44294351e+02  -2.31079687e-03
   3.44294839e+02  -1.02616393e-03
   3.44295328e+02   1.46932016e-05
   3.44295816e+02   8.33172351e-04
   3.44296304e+02   2.15012068e-03
   3.44296793e+02   1.15430716e-03
   3.44297281e+02  -7.17439048e-04
   3.44297769e+02  -5.54983912e-04
   3.44298258e+02  -9.12012591e-04
   3.44298746e+02  -1.08003442e-03
   3.44299234e+02   9.36237688e-04
   3.44299723e+02   1.22606428e-03
   3.44300211e+02   2.55301129e-05
   3.44300699e+02  -4.40304342e-04
   3.44301188e+02  -1.35935738e-03
   3.44301676e+02  -1.45128241e-03
   3.44302164e+02  -1.04503393e-04
   3.44302652e+02   3.03844223e-04
   3.44303141e+02  -1.25416578e-03
   3.44303629e+02  -2.13464745e-03
   3.44304117e+02  -1.45557022e-03
   3.44304606e+02  -9.58480930e-04
   3.44305094e+02   4.48457169e-04
   3.44305582e+02   1.67430833e-03
   3.44306071e+02   7.32854387e-05
   3.44306559e+02  -1.77203876e-03
   3.44307047e+02  -9.05276742e-04
   3.44307536e+02  -6.01526408e-05
   3.44308024e+02  -3.12897086e-04
   3.44308512e+02  -1.20210752e-03
   3.44309000e+02  -9.42130107e-04
   3.44309489e+02   5.11978928e-04
   3.44309977e+02   7.09882937e-04
   3.44310465e+02  -5.32372156e-04
   3.44310954e+02  -1.47377048e-03
   3.44311442e+02  -1.42113585e-03
   3.44311930e+02  -3.10129981e-04
   3.44312419e+02   4.11626039e-04
   3.44312907e+02   5.73057077e-05
   3.44313395e+02  -9.43178020e-04
   3.44313884e+02  -2.54435861e-03
   3.44314372e+02  -3.15773743e-03
   3.44314860e+02  -2.63014506e-03
   3.44315348e+02  -2.52614729e-03
   3.44315837e+02  -1.39327801e-03
   3.44316325e+02  -1.48241394e-04
   3.44316813e+02   4.26097686e-05
   3.44317302e+02   2.61817273e-04
   3.44317790e+02   3.09364725e-04
   3.44318278e+02   5.12992381e-04
   3.44318767e+02   1.40754215e-03
   3.44319255e+02   1.40518160e-03
   3.44319743e+02   1.04827981e-03
   3.44320232e+02   1.32620079e-03
   3.44320720e+02   5.47915115e-04
   3.44321208e+02  -4.92017600e-04
   3.44321696e+02  -8.99927691e-04
   3.44322185e+02  -1.59861706e-03
   3.44322673e+02  -1.57623668e-03
   3.44323161e+02  -9.84508428e-04
   3.44323650e+02  -1.54904043e-03
   3.44324138e+02  -2.41388986e-03
   3.44324626e+02  -2.43687443e-03
   3.44325115e+02  -9.15799988e-04
   3.44325603e+02   1.69355527e-03
   3.44326091e+02   2.76742969e-03
   3.44326580e+02   1.81543699e-03
   3.44327068e+02   1.72136701e-03
   3.44327556e+02   2.74760835e-03
   3.44328044e+02   2.45300028e-03
   3.44328533e+02   1.74195960e-03
   3.44329021e+02   1.11644657e-03
   3.44329509e+02  -9.21737665e-05
   3.44329998e+02  -1.37119659e-03
   3.44330486e+02  -3.02197039e-03
   3.44330974e+02  -4.51041805e-03
   3.44331463e+02  -3.00818589e-03
   3.44331951e+02   1.11355097e-03
   3.44332439e+02   3.19114677e-03
   3.44332928e+02   1.50509633e-03
   3.44333416e+02  -1.56721298e-03
   3.44333904e+02  -2.70608580e-03
   3.44334392e+02  -2.36672451e-04
   3.44334881e+02   2.01476691e-03
   3.44335369e+02   1.21316756e-03
   3.44335857e+02   1.22689747e-03
   3.44336346e+02   2.63661519e-03
   3.44336834e+02   2.70783901e-03
   3.44337322e+02   1.78672222e-03
   3.44337811e+02  -3.17085214e-05
   3.44338299e+02  -9.78580909e-04
   3.44338787e+02  -6.13975222e-04
   3.44339276e+02  -2.70887773e-04
   3.44339764e+02  -7.59899267e-05
   3.44340252e+02   6.52869421e-05
   3.44340741e+02   5.34795981e-04
   3.44341229e+02   1.21532497e-03
   3.44341717e+02   6.40053302e-04
   3.44342205e+02  -7.43519107e-04
   3.44342694e+02  -1.44969043e-03
   3.44343182e+02  -9.78992553e-04
   3.44343670e+02   1.43551282e-04
   3.44344159e+02  -3.51874682e-04
   3.44344647e+02  -3.07094119e-03
   3.44345135e+02  -4.87468485e-03
   3.44345624e+02  -4.23295703e-03
   3.44346112e+02  -2.08279793e-03
   3.44346600e+02  -1.17355943e-04
   3.44347089e+02  -1.83878801e-04
   3.44347577e+02  -9.71943722e-04
   3.44348065e+02  -1.40325236e-03
   3.44348553e+02  -1.19790761e-03
   3.44349042e+02   3.29205912e-04
   3.44349530e+02   1.37224898e-03
   3.44350018e+02   8.09978752e-04
   3.44350507e+02  -1.01507940e-04
   3.44350995e+02  -6.12491509e-04
   3.44351483e+02  -6.37851597e-04
   3.44351972e+02   2.89084623e-04
   3.44352460e+02   1.90870406e-03
   3.44352948e+02   2.35210592e-03
   3.44353437e+02   9.96523420e-04
   3.44353925e+02   1.30815271e-04
   3.44354413e+02   4.15460847e-04
   3.44354901e+02  -1.32004311e-03
   3.44355390e+02  -4.43498231e-03
   3.44355878e+02  -4.66403365e-03
   3.44356366e+02  -1.27178291e-03
   3.44356855e+02   2.05931766e-03
   3.44357343e+02   3.30631435e-03
   3.44357831e+02   2.93744914e-03
   3.44358320e+02   3.30920145e-03
   3.44358808e+02   3.06094205e-03
   3.44359296e+02   9.91597772e-04
   3.44359785e+02   2.50067533e-04
   3.44360273e+02   1.39974791e-03
   3.44360761e+02   2.56301137e-03
   3.44361249e+02   2.94364430e-03
   3.44361738e+02   1.35827705e-03
   3.44362226e+02   6.69752015e-04
   3.44362714e+02   9.80635057e-04
   3.44363203e+02  -1.05075771e-03
   3.44363691e+02  -3.19575705e-03
   3.44364179e+02  -2.97252252e-03
   3.44364668e+02  -1.98236620e-03
   3.44365156e+02  -1.72734354e-03
   3.44365644e+02  -1.09085965e-03
   3.44366133e+02  -1.35177455e-03
   3.44366621e+02  -1.42728339e-03
   3.44367109e+02   9.05197405e-04
   3.44367597e+02   3.42076435e-03
   3.44368086e+02   2.77538062e-03
   3.44368574e+02  -1.20096013e-03
   3.44369062e+02  -3.75424838e-03
   3.44369551e+02  -4.29234421e-03
   3.44370039e+02  -4.40887501e-03
   3.44370527e+02  -3.71616124e-03
   3.44371016e+02  -2.26330850e-03
   3.44371504e+02  -1.68700688e-04
   3.44371992e+02   1.42477150e-03
   3.44372481e+02   1.06420659e-03
   3.44372969e+02  -5.39726752e-04
   3.44373457e+02  -1.46486366e-03
   3.44373945e+02  -1.45222351e-03
   3.44374434e+02  -1.24046448e-04
   3.44374922e+02   2.69997865e-04
   3.44375410e+02  -1.35129818e-03
   3.44375899e+02  -1.37459068e-03
   3.44376387e+02  -3.77020100e-04
   3.44376875e+02  -4.78138420e-04
   3.44377364e+02  -4.66614350e-04
   3.44377852e+02  -9.34688607e-04
   3.44378340e+02  -2.09670281e-03
   3.44378829e+02  -2.29985127e-03
   3.44379317e+02  -2.25098222e-03
   3.44379805e+02  -2.40825489e-03
   3.44380294e+02  -2.25442019e-03
   3.44380782e+02  -1.56544859e-03
   3.44381270e+02  -6.44979184e-04
   3.44381758e+02  -1.83143900e-04
   3.44382247e+02  -1.08839246e-03
   3.44382735e+02  -2.87825195e-03
   3.44383223e+02  -2.30251672e-03
   3.44383712e+02  -1.73326887e-04
   3.44384200e+02   4.18714830e-04
   3.44384688e+02  -4.38536954e-04
   3.44385177e+02  -3.25451896e-04
   3.44385665e+02   1.33484358e-03
   3.44386153e+02   1.51510350e-03
   3.44386642e+02  -2.24718286e-04
   3.44387130e+02  -2.80335225e-04
   3.44387618e+02   8.70797725e-04
   3.44388106e+02  -2.21842478e-04
   3.44388595e+02  -2.11231783e-03
   3.44389083e+02  -2.43756827e-03
   3.44389571e+02  -9.39658901e-04
   3.44390060e+02   4.51555854e-04
   3.44390548e+02  -4.06634470e-04
   3.44391036e+02   2.59439315e-04
   3.44391525e+02   3.06500541e-03
   3.44392013e+02   3.75035685e-03
   3.44392501e+02   2.65391544e-03
   3.44392990e+02   1.59148523e-03
   3.44393478e+02   1.11325213e-03
   3.44393966e+02   1.21182785e-03
   3.44394454e+02   4.29342414e-04
   3.44394943e+02  -1.68442936e-03
   3.44395431e+02  -3.15084029e-03
   3.44395919e+02  -3.34085850e-03
   3.44396408e+02  -3.42573016e-03
   3.44396896e+02  -2.65590823e-03
   3.44397384e+02  -1.26970198e-03
   3.44397873e+02  -1.71064190e-03
   3.44398361e+02  -3.74852354e-03
   3.44398849e+02  -3.27100116e-03
   3.44399338e+02  -1.38098537e-03
   3.44399826e+02  -3.93028167e-04
   3.44400314e+02   3.27367976e-04
   3.44400802e+02  -3.75868258e-04
   3.44401291e+02  -1.12561462e-03
   3.44401779e+02  -7.87975150e-04
   3.44402267e+02  -1.63770874e-03
   3.44402756e+02  -2.47917511e-03
   3.44403244e+02  -1.81934738e-03
   3.44403732e+02  -1.66994840e-04
   3.44404221e+02   2.35029007e-03
   3.44404709e+02   2.57001584e-03
   3.44405197e+02   1.15564431e-03
   3.44405686e+02   3.24981316e-04
   3.44406174e+02  -2.96727754e-04
   3.44406662e+02  -2.89032705e-05
   3.44407150e+02  -3.86642379e-04
   3.44407639e+02  -1.85479305e-03
   3.44408127e+02  -2.65886565e-03
   3.44408615e+02  -1.43196515e-03
   3.44409104e+02   2.48138560e-04
   3.44409592e+02  -1.39614707e-03
   3.44410080e+02  -3.54482303e-03
   3.44410569e+02  -2.32611853e-03
   3.44411057e+02  -1.10119616e-03
   3.44411545e+02  -1.64688716e-03
   3.44412034e+02  -1.97209488e-03
   3.44412522e+02  -1.52921048e-03
   3.44413010e+02  -1.00912398e-03
   3.44413498e+02  -8.60498913e-05
   3.44413987e+02   1.48121791e-03
   3.44414475e+02   1.79103913e-03
   3.44414963e+02   2.63192458e-04
   3.44415452e+02  -1.29691919e-03
   3.44415940e+02  -1.99343497e-03
   3.44416428e+02  -1.99595350e-03
   3.44416917e+02  -9.61693528e-04
   3.44417405e+02   2.95428472e-04
   3.44417893e+02   1.19612063e-03
   3.44418382e+02   2.38797837e-03
   3.44418870e+02   1.92126411e-03
   3.44419358e+02   1.54471851e-03
   3.44419847e+02   2.88327178e-03
   3.44420335e+02   2.81239976e-03
   3.44420823e+02   1.18116243e-03
   3.44421311e+02  -1.50084367e-03
   3.44421800e+02  -3.96535685e-03
   3.44422288e+02  -3.10900621e-03
   3.44422776e+02  -1.01264846e-03
   3.44423265e+02  -1.23854447e-03
   3.44423753e+02  -1.81072834e-03
   3.44424241e+02  -1.28281780e-03
   3.44424730e+02   7.71425257e-04
   3.44425218e+02   1.63175119e-03
   3.44425706e+02  -3.45730368e-04
   3.44426195e+02  -1.50462263e-03
   3.44426683e+02   5.19748610e-05
   3.44427171e+02   1.61415106e-03
   3.44427659e+02   1.89916976e-03
   3.44428148e+02   6.50542788e-04
   3.44428636e+02  -1.14119670e-03
   3.44429124e+02  -1.74184446e-03
   3.44429613e+02  -1.15844805e-03
   3.44430101e+02  -1.09825283e-04
   3.44430589e+02   4.73765802e-04
   3.44431078e+02  -5.88796043e-04
   3.44431566e+02  -2.06055399e-03
   3.44432054e+02  -1.51210034e-03
   3.44432543e+02   1.51838933e-04
   3.44433031e+02   7.11327244e-04
   3.44433519e+02   1.17016863e-03
   3.44434007e+02   5.51403675e-04
   3.44434496e+02  -1.89779530e-04
   3.44434984e+02   1.47353054e-03
   3.44435472e+02   2.46928236e-03
   3.44435961e+02   1.50499295e-03
   3.44436449e+02   1.12151436e-03
   3.44436937e+02   1.63945789e-03
   3.44437426e+02   1.66296179e-03
   3.44437914e+02   9.67188564e-04
   3.44438402e+02  -9.46483924e-04
   3.44438891e+02  -2.38550641e-03
   3.44439379e+02  -9.30544411e-05
   3.44439867e+02   2.69182096e-03
   3.44440355e+02   2.40345253e-03
   3.44440844e+02   7.56845810e-04
   3.44441332e+02  -6.90962421e-04
   3.44441820e+02  -1.14166283e-03
   3.44442309e+02  -2.02910905e-03
   3.44442797e+02  -3.14770872e-03
   3.44443285e+02  -1.79944327e-03
   3.44443774e+02   7.11564848e-04
   3.44444262e+02   1.34144037e-03
   3.44444750e+02   7.52788852e-04
   3.44445239e+02  -3.30261304e-04
   3.44445727e+02  -1.54932786e-03
   3.44446215e+02  -1.09214068e-03
   3.44446703e+02  -3.01492055e-05
   3.44447192e+02   1.29468506e-03
   3.44447680e+02   2.40124855e-03
   3.44448168e+02   1.13152398e-03
   3.44448657e+02   8.61964363e-04
   3.44449145e+02   2.21699988e-03
   3.44449633e+02   1.78785529e-03
   3.44450122e+02  -3.82869272e-04
   3.44450610e+02  -2.00855755e-03
   3.44451098e+02  -2.80805770e-03
   3.44451587e+02  -3.50359990e-03
   3.44452075e+02  -3.69025487e-03
   3.44452563e+02  -3.57850618e-03
   3.44453051e+02  -2.49881321e-03
   3.44453540e+02  -2.12228647e-03
   3.44454028e+02  -3.10180918e-03
   3.44454516e+02  -2.86353007e-03
   3.44455005e+02  -7.26841390e-04
   3.44455493e+02   1.03939397e-04
   3.44455981e+02  -1.26003078e-03
   3.44456470e+02  -1.35906530e-03
   3.44456958e+02   9.14092641e-04
   3.44457446e+02   2.57743476e-03
   3.44457935e+02   2.29351036e-03
   3.44458423e+02   2.05237349e-03
   3.44458911e+02   1.67938904e-03
   3.44459400e+02   5.93717152e-04
   3.44459888e+02   9.27076733e-04
   3.44460376e+02   1.80642202e-03
   3.44460864e+02   1.05694961e-03
   3.44461353e+02  -3.45781213e-04
   3.44461841e+02  -1.45372830e-03
   3.44462329e+02  -1.73456769e-03
   3.44462818e+02  -1.63015921e-03
   3.44463306e+02  -5.23786759e-04
   3.44463794e+02   1.92433409e-03
   3.44464283e+02   2.30257097e-03
   3.44464771e+02  -2.14516098e-04
   3.44465259e+02  -3.06957331e-03
   3.44465748e+02  -3.43847275e-03
   3.44466236e+02  -2.23654276e-03
   3.44466724e+02  -1.68795988e-04
   3.44467212e+02   1.96469505e-03
   3.44467701e+02   1.04046450e-03
   3.44468189e+02  -1.91979960e-03
   3.44468677e+02  -2.94303335e-03
   3.44469166e+02  -1.14901585e-03
   3.44469654e+02   1.72207039e-03
   3.44470142e+02   2.62084953e-03
   3.44470631e+02   1.44186907e-03
   3.44471119e+02   9.61665210e-05
   3.44471607e+02  -2.89263699e-04
   3.44472096e+02   6.14911958e-04
   3.44472584e+02   1.03239936e-03
   3.44473072e+02   6.79790333e-04
   3.44473560e+02   7.54258479e-04
   3.44474049e+02   9.42474988e-04
   3.44474537e+02   1.55738799e-03
   3.44475025e+02   1.90237688e-03
   3.44475514e+02   6.71667047e-04
   3.44476002e+02  -1.72655666e-04
   3.44476490e+02  -2.21905793e-05
   3.44476979e+02  -2.20932401e-04
   3.44477467e+02  -3.28469410e-04
   3.44477955e+02  -1.21447362e-03
   3.44478444e+02  -1.35609717e-03
   3.44478932e+02   4.90535094e-05
   3.44479420e+02  -9.14911972e-04
   3.44479908e+02  -3.87954898e-03
   3.44480397e+02  -2.98517500e-03
   3.44480885e+02   1.36998505e-03
   3.44481373e+02   3.08083068e-03
   3.44481862e+02   1.94597733e-03
   3.44482350e+02   1.03277829e-03
   3.44482838e+02   2.72062118e-03
   3.44483327e+02   2.91451113e-03
   3.44483815e+02   1.01547944e-03
   3.44484303e+02  -8.06001539e-04
   3.44484792e+02  -1.49401359e-03
   3.44485280e+02  -7.42212404e-04
   3.44485768e+02  -3.05964641e-04
   3.44486256e+02  -8.05723947e-04
   3.44486745e+02  -7.67225109e-04
   3.44487233e+02  -2.73618876e-04
   3.44487721e+02   8.51518475e-04
   3.44488210e+02   1.55074208e-03
   3.44488698e+02  -2.94012745e-04
   3.44489186e+02  -2.49088136e-03
   3.44489675e+02  -2.55044852e-03
   3.44490163e+02  -2.26412341e-03
   3.44490651e+02  -2.06242688e-03
   3.44491140e+02  -3.16610123e-04
   3.44491628e+02   1.75272394e-03
   3.44492116e+02   2.73502385e-03
   3.44492604e+02   3.08341184e-03
   3.44493093e+02   2.52245716e-03
   3.44493581e+02   2.16699904e-03
   3.44494069e+02   1.89534691e-03
   3.44494558e+02   1.34889781e-03
   3.44495046e+02   1.19534100e-03
   3.44495534e+02   2.33755884e-04
   3.44496023e+02   8.95294244e-04
   3.44496511e+02   2.95725372e-03
   3.44496999e+02   2.53075268e-03
   3.44497488e+02   3.48288362e-04
   3.44497976e+02  -1.65583065e-03
   3.44498464e+02  -1.98722421e-03
   3.44498953e+02  -7.49794301e-04
   3.44499441e+02   5.92838507e-04
   3.44499929e+02   1.32029457e-03
   3.44500417e+02   1.72866927e-03
   3.44500906e+02   2.77920882e-03
   3.44501394e+02   1.80581864e-03
   3.44501882e+02  -1.05968071e-03
   3.44502371e+02  -1.32858392e-03
   3.44502859e+02  -3.05745838e-04
   3.44503347e+02   8.98930593e-05
   3.44503836e+02   4.07575368e-04
   3.44504324e+02  -7.05039012e-04
   3.44504812e+02  -1.72262685e-03
   3.44505301e+02  -1.97294401e-03
   3.44505789e+02  -2.32654344e-03
   3.44506277e+02  -2.31745839e-03
   3.44506765e+02  -1.97473262e-03
   3.44507254e+02  -9.92694520e-04
   3.44507742e+02   7.63011689e-04
   3.44508230e+02   1.98787404e-03
   3.44508719e+02   1.72677892e-03
   3.44509207e+02   1.12773222e-03
   3.44509695e+02   1.19496533e-03
   3.44510184e+02   1.83224864e-03
   3.44510672e+02   1.84504816e-03
   3.44511160e+02   1.55509508e-03
   3.44511649e+02   1.83188345e-03
   3.44512137e+02   2.22641765e-03
   3.44512625e+02   1.60154235e-03
   3.44513113e+02  -2.81474000e-04
   3.44513602e+02  -5.91197808e-04
   3.44514090e+02   4.25280130e-04
   3.44514578e+02   3.16262332e-04
   3.44515067e+02  -8.52045196e-04
   3.44515555e+02  -1.80897349e-03
   3.44516043e+02  -1.16389256e-03
   3.44516532e+02   1.37621624e-04
   3.44517020e+02   4.99847461e-04
   3.44517508e+02  -5.05762318e-06
   3.44517997e+02  -5.69876400e-04
   3.44518485e+02  -7.37594964e-04
   3.44518973e+02  -8.45851493e-04
   3.44519461e+02  -3.33852164e-04
   3.44519950e+02   8.02735798e-04
   3.44520438e+02   1.36765989e-03
   3.44520926e+02   1.77209685e-03
   3.44521415e+02   1.25918526e-03
   3.44521903e+02   5.76487626e-04
   3.44522391e+02  -5.50618104e-04
   3.44522880e+02  -1.78447017e-03
   3.44523368e+02  -1.08817255e-03
   3.44523856e+02  -3.76592070e-05
   3.44524345e+02   1.65510166e-04
   3.44524833e+02  -6.15317374e-04
   3.44525321e+02  -9.05696477e-04
   3.44525809e+02   2.04327237e-03
   3.44526298e+02   5.08412626e-03
   3.44526786e+02   4.63459687e-03
   3.44527274e+02   2.72459071e-03
   3.44527763e+02   2.75109080e-03
   3.44528251e+02   3.89743526e-03
   3.44528739e+02   2.94341729e-03
   3.44529228e+02   1.76857901e-03
   3.44529716e+02   1.98307424e-03
   3.44530204e+02   2.54040398e-03
   3.44530693e+02   2.56709242e-03
   3.44531181e+02   1.51836628e-03
   3.44531669e+02   5.04986150e-04
   3.44532157e+02   8.92386652e-06
   3.44532646e+02  -8.09309888e-04
   3.44533134e+02  -8.56050523e-04
   3.44533622e+02  -5.13741223e-04
   3.44534111e+02  -1.47732103e-03
   3.44534599e+02  -1.69739267e-03
   3.44535087e+02  -4.65772348e-04
   3.44535576e+02   1.95108369e-04
   3.44536064e+02  -8.36750609e-04
   3.44536552e+02  -1.15838228e-03
   3.44537041e+02   2.91188131e-04
   3.44537529e+02   9.41805134e-04
   3.44538017e+02   1.12958916e-03
   3.44538506e+02   1.64766563e-03
   3.44538994e+02   1.44682452e-03
   3.44539482e+02   1.65261526e-03
   3.44539970e+02   2.56968825e-03
   3.44540459e+02   2.18273071e-03
   3.44540947e+02   9.61339858e-04
   3.44541435e+02  -9.26430221e-05
   3.44541924e+02   5.83350018e-04
   3.44542412e+02   5.79224841e-04
   3.44542900e+02  -1.04068569e-03
   3.44543389e+02  -1.17099972e-03
   3.44543877e+02   5.50195167e-04
   3.44544365e+02   1.09899172e-03
   3.44544854e+02   3.90791654e-04
   3.44545342e+02  -5.26053889e-04
   3.44545830e+02  -1.76891754e-03
   3.44546318e+02  -1.79023517e-03
   3.44546807e+02   1.20028904e-04
   3.44547295e+02   1.94339000e-03
   3.44547783e+02   2.31218780e-03
   3.44548272e+02   2.75922264e-03
   3.44548760e+02   2.66570062e-03
   3.44549248e+02   1.46037876e-03
   3.44549737e+02   1.35807914e-03
   3.44550225e+02   1.40657544e-03
   3.44550713e+02   3.15676123e-04
   3.44551202e+02   5.52114157e-04
   3.44551690e+02   2.27186480e-03
   3.44552178e+02   2.55143689e-03
   3.44552666e+02   2.39548390e-03
   3.44553155e+02   2.32841563e-03
   3.44553643e+02   8.80356180e-04
   3.44554131e+02   1.16252922e-03
   3.44554620e+02   2.41889246e-03
   3.44555108e+02   6.40938233e-04
   3.44555596e+02  -9.10701172e-04
   3.44556085e+02  -2.19529888e-04
   3.44556573e+02   1.38767093e-04
   3.44557061e+02  -4.52903536e-04
   3.44557550e+02  -9.23219370e-04
   3.44558038e+02  -1.39947038e-03
   3.44558526e+02  -1.24146359e-03
   3.44559014e+02  -5.46241026e-05
   3.44559503e+02   3.67454020e-04
   3.44559991e+02  -1.07161363e-03
   3.44560479e+02  -1.51537522e-03
   3.44560968e+02  -2.10125763e-05
   3.44561456e+02   4.49258572e-04
   3.44561944e+02  -1.43974822e-03
   3.44562433e+02  -3.48332990e-03
   3.44562921e+02  -2.99466727e-03
   3.44563409e+02  -1.82758062e-03
   3.44563898e+02  -1.75693887e-03
   3.44564386e+02  -1.66378100e-03
   3.44564874e+02  -1.44760776e-03
   3.44565362e+02  -7.60541065e-04
   3.44565851e+02  -1.66236816e-04
   3.44566339e+02  -4.68052720e-04
   3.44566827e+02   3.51089802e-05
   3.44567316e+02   1.49894634e-03
   3.44567804e+02   2.62739742e-03
   3.44568292e+02   2.52524624e-03
   3.44568781e+02   8.77379440e-04
   3.44569269e+02   1.43751234e-03
   3.44569757e+02   3.11103649e-03
   3.44570246e+02   2.27293698e-03
   3.44570734e+02   4.65055404e-04
   3.44571222e+02  -7.25991616e-04
   3.44571710e+02  -9.77123505e-04
   3.44572199e+02  -4.58951079e-04
   3.44572687e+02   5.23924944e-04
   3.44573175e+02   1.30655197e-03
   3.44573664e+02   2.28021853e-03
   3.44574152e+02   1.24090665e-03
   3.44574640e+02  -2.00250512e-03
   3.44575129e+02  -3.28803365e-03
   3.44575617e+02  -2.08859495e-03
   3.44576105e+02  -5.83492510e-04
   3.44576594e+02  -5.95981837e-04
   3.44577082e+02  -6.60899968e-04
   3.44577570e+02   1.21823687e-03
   3.44578059e+02   3.02304537e-03
   3.44578547e+02   3.74344690e-03
   3.44579035e+02   3.03299911e-03
   3.44579523e+02   1.11998129e-03
   3.44580012e+02   1.12741036e-04
   3.44580500e+02   6.99917728e-04
   3.44580988e+02   1.50606059e-03
   3.44581477e+02   1.16201420e-03
   3.44581965e+02   1.98837661e-04
   3.44582453e+02  -9.04571905e-04
   3.44582942e+02  -6.35542092e-05
   3.44583430e+02   2.45292764e-03
   3.44583918e+02   2.31940998e-03
   3.44584407e+02   3.63959931e-04
   3.44584895e+02  -1.13456696e-03
   3.44585383e+02  -1.08049228e-03
   3.44585871e+02   2.37491840e-04
   3.44586360e+02   3.92958085e-04
   3.44586848e+02  -1.36111485e-04
   3.44587336e+02   1.71556065e-04
   3.44587825e+02   1.00963702e-03
   3.44588313e+02   1.22474181e-03
   3.44588801e+02   7.32866058e-04
   3.44589290e+02   8.50115612e-04
   3.44589778e+02   1.35635643e-03
   3.44590266e+02   9.22599109e-04
   3.44590755e+02   1.08940841e-03
   3.44591243e+02   1.41364103e-03
   3.44591731e+02   9.57649201e-04
   3.44592219e+02   1.81882305e-03
   3.44592708e+02   2.20797560e-03
   3.44593196e+02   1.24521472e-03
   3.44593684e+02   8.70551739e-04
   3.44594173e+02   8.63002933e-05
   3.44594661e+02  -1.02384517e-03
   3.44595149e+02  -7.04162463e-04
   3.44595638e+02   1.00430494e-04
   3.44596126e+02   1.12033880e-03
   3.44596614e+02   1.39719201e-03
   3.44597103e+02   1.36940007e-03
   3.44597591e+02   6.01613370e-04
   3.44598079e+02  -1.65601075e-03
   3.44598567e+02  -1.71008054e-03
   3.44599056e+02  -6.63530955e-04
   3.44599544e+02  -1.33503927e-03
   3.44600032e+02  -1.30650378e-03
   3.44600521e+02  -7.64868164e-04
   3.44601009e+02  -1.45645998e-03
   3.44601497e+02  -3.52999405e-03
   3.44601986e+02  -3.70407174e-03
   3.44602474e+02  -1.70538563e-03
   3.44602962e+02  -4.29060572e-04
   3.44603451e+02  -2.24090778e-04
   3.44603939e+02   5.54744875e-05
   3.44604427e+02   2.00700830e-04
   3.44604915e+02  -3.56469245e-04
   3.44605404e+02  -6.77451026e-04
   3.44605892e+02  -1.27056424e-04
   3.44606380e+02  -3.84891551e-04
   3.44606869e+02  -2.33197049e-03
   3.44607357e+02  -3.88944801e-03
   3.44607845e+02  -2.91438401e-03
   3.44608334e+02  -1.78764644e-03
   3.44608822e+02  -3.22219497e-03
   3.44609310e+02  -4.83250199e-03
   3.44609799e+02  -4.39082691e-03
   3.44610287e+02  -2.20141886e-03
   3.44610775e+02  -1.45536018e-04
   3.44611263e+02   5.06631259e-05
   3.44611752e+02   3.82074038e-04
   3.44612240e+02   1.74234656e-03
   3.44612728e+02   1.92549569e-03
   3.44613217e+02   6.42318686e-04
   3.44613705e+02   1.16245088e-03
   3.44614193e+02   2.77809915e-03
   3.44614682e+02   3.30159999e-03
   3.44615170e+02   2.72449432e-03
   3.44615658e+02   1.02132827e-03
   3.44616147e+02  -2.71609431e-04
   3.44616635e+02  -8.70439457e-04
   3.44617123e+02  -9.69129032e-04
   3.44617612e+02   1.06855389e-03
   3.44618100e+02   3.41166626e-03
   3.44618588e+02   3.56455427e-03
   3.44619076e+02   2.14158627e-03
   3.44619565e+02   9.72186856e-04
   3.44620053e+02   1.42185530e-03
   3.44620541e+02   2.29921401e-03
   3.44621030e+02   1.70397526e-03
   3.44621518e+02  -1.97177564e-04
   3.44622006e+02  -1.44628284e-03
   3.44622495e+02  -3.44009924e-04
   3.44622983e+02   3.56185832e-04
   3.44623471e+02  -3.78381592e-05
   3.44623960e+02   1.88936654e-04
   3.44624448e+02   9.94447735e-04
   3.44624936e+02   8.89756077e-04
   3.44625424e+02  -3.98544857e-04
   3.44625913e+02  -5.28764271e-04
   3.44626401e+02  -2.65765295e-04
   3.44626889e+02   1.70503379e-04
   3.44627378e+02   1.57945661e-03
   3.44627866e+02   1.12725655e-03
   3.44628354e+02  -1.04567385e-03
   3.44628843e+02  -1.54169160e-03
   3.44629331e+02  -1.45136859e-04
   3.44629819e+02   7.91123020e-04
   3.44630308e+02  -1.61021948e-04
   3.44630796e+02  -8.30627920e-04
   3.44631284e+02  -1.00705004e-03
   3.44631772e+02  -8.18224449e-04
   3.44632261e+02   1.02590676e-03
   3.44632749e+02   2.56312778e-03
   3.44633237e+02   2.47855694e-03
   3.44633726e+02   1.24455127e-03
   3.44634214e+02  -1.17643292e-04
   3.44634702e+02  -1.14042370e-03
   3.44635191e+02  -2.92338105e-03
   3.44635679e+02  -3.36648896e-03
   3.44636167e+02  -1.27664697e-03
   3.44636656e+02   1.10952859e-03
   3.44637144e+02   4.15373361e-03
   3.44637632e+02   6.33902103e-03
   3.44638120e+02   4.77203727e-03
   3.44638609e+02   1.75558613e-03
   3.44639097e+02  -1.68969505e-04
   3.44639585e+02  -5.71533514e-04
   3.44640074e+02  -7.57885748e-04
   3.44640562e+02  -1.59821240e-03
   3.44641050e+02  -7.77292415e-04
   3.44641539e+02   8.89796764e-04
   3.44642027e+02   1.40925590e-03
   3.44642515e+02   2.57098954e-03
   3.44643004e+02   3.25573329e-03
   3.44643492e+02   1.74335239e-03
   3.44643980e+02   3.05635855e-04
   3.44644468e+02   3.04573477e-04
   3.44644957e+02   9.15932935e-04
   3.44645445e+02   1.47153158e-03
   3.44645933e+02   6.96329982e-04
   3.44646422e+02  -5.39332628e-04
   3.44646910e+02  -4.64917946e-04
   3.44647398e+02   2.94249650e-04
   3.44647887e+02   5.23673771e-05
   3.44648375e+02  -1.18922420e-04
   3.44648863e+02  -4.69718187e-04
   3.44649352e+02  -3.82408703e-04
   3.44649840e+02   8.81618180e-04
   3.44650328e+02  -3.57176206e-04
   3.44650816e+02  -1.78350613e-03
   3.44651305e+02  -1.94613385e-05
   3.44651793e+02   1.48774730e-03
   3.44652281e+02   3.52587173e-04
   3.44652770e+02  -1.01857993e-03
   3.44653258e+02  -7.61904346e-04
   3.44653746e+02  -1.43333222e-04
   3.44654235e+02   1.16575416e-03
   3.44654723e+02   2.90002511e-03
   3.44655211e+02   2.04485282e-03
   3.44655700e+02  -1.01268466e-03
   3.44656188e+02  -3.65866185e-03
   3.44656676e+02  -3.89878568e-03
   3.44657165e+02  -2.68589682e-03
   3.44657653e+02  -2.77789775e-03
   3.44658141e+02  -2.53043091e-03
   3.44658629e+02  -4.97470086e-04
   3.44659118e+02  -1.00014196e-03
   3.44659606e+02  -4.38256335e-04
   3.44660094e+02   2.00534472e-03
   3.44660583e+02   2.39145895e-03
   3.44661071e+02   8.77846207e-04
   3.44661559e+02   1.67926672e-04
   3.44662048e+02   6.64976076e-04
   3.44662536e+02   3.73762363e-04
   3.44663024e+02  -1.23279006e-03
   3.44663513e+02  -1.24992989e-03
   3.44664001e+02   2.26916117e-03
   3.44664489e+02   5.87358698e-03
   3.44664977e+02   5.44890109e-03
   3.44665466e+02   3.20242136e-03
   3.44665954e+02   3.85269464e-04
   3.44666442e+02  -1.68819807e-03
   3.44666931e+02  -1.19602843e-03
   3.44667419e+02  -7.72023515e-04
   3.44667907e+02  -5.60790766e-04
   3.44668396e+02  -9.16829522e-05
   3.44668884e+02  -1.11896277e-03
   3.44669372e+02  -1.35954679e-03
   3.44669861e+02  -8.50025739e-04
   3.44670349e+02  -2.74635130e-03
   3.44670837e+02  -3.68231512e-03
   3.44671325e+02  -8.39787710e-04
   3.44671814e+02   2.16578972e-03
   3.44672302e+02   2.48554628e-03
   3.44672790e+02   2.70018191e-03
   3.44673279e+02   2.63977167e-03
   3.44673767e+02   9.90525354e-04
   3.44674255e+02   2.97642924e-04
   3.44674744e+02   2.23946315e-03
   3.44675232e+02   4.76034731e-03
   3.44675720e+02   4.65957308e-03
   3.44676209e+02   2.32280558e-03
   3.44676697e+02   3.89701105e-04
   3.44677185e+02  -3.12100077e-04
   3.44677673e+02  -3.62716855e-05
   3.44678162e+02   3.69725254e-04
   3.44678650e+02   3.04750254e-04
   3.44679138e+02  -1.73834641e-03
   3.44679627e+02  -3.10922228e-03
   3.44680115e+02  -1.68085645e-03
   3.44680603e+02  -1.34781073e-03
   3.44681092e+02  -1.38632697e-03
   3.44681580e+02   5.65293594e-04
   3.44682068e+02   1.49410102e-03
   3.44682557e+02   6.73281320e-05
   3.44683045e+02  -7.05733895e-04
   3.44683533e+02   2.07003235e-04
   3.44684021e+02  -2.77827785e-04
   3.44684510e+02  -2.00186437e-03
   3.44684998e+02  -2.37364951e-03
   3.44685486e+02  -1.92113023e-03
   3.44685975e+02  -2.17470108e-03
   3.44686463e+02  -1.65311887e-03
   3.44686951e+02  -1.50492138e-04
   3.44687440e+02  -9.26545414e-04
   3.44687928e+02  -3.04946606e-03
   3.44688416e+02  -2.28844979e-03
   3.44688905e+02   8.03577423e-04
   3.44689393e+02   2.34327419e-03
   3.44689881e+02   1.48608210e-03
   3.44690369e+02  -1.17050346e-04
   3.44690858e+02  -1.26926624e-03
   3.44691346e+02  -9.23697837e-04
   3.44691834e+02  -1.35644092e-04
   3.44692323e+02  -4.97873698e-04
   3.44692811e+02  -1.16013631e-04
   3.44693299e+02   7.56722467e-04
   3.44693788e+02  -4.84069569e-05
   3.44694276e+02  -1.16571283e-03
   3.44694764e+02  -1.07283739e-03
   3.44695253e+02  -1.03764946e-03
   3.44695741e+02  -1.85656280e-03
   3.44696229e+02  -1.85944489e-03
   3.44696718e+02   5.65279508e-04
   3.44697206e+02   3.44835804e-03
   3.44697694e+02   3.13328812e-03
   3.44698182e+02   5.01595670e-04
   3.44698671e+02  -9.26320499e-04
   3.44699159e+02  -1.57740328e-03
   3.44699647e+02  -2.09615217e-03
   3.44700136e+02  -1.20397785e-03
   3.44700624e+02   7.64553144e-04
   3.44701112e+02   2.19473243e-03
   3.44701601e+02   3.10252467e-03
   3.44702089e+02   4.74561984e-03
   3.44702577e+02   4.84804157e-03
   3.44703066e+02   2.20157974e-03
   3.44703554e+02  -1.97118585e-04
   3.44704042e+02   3.29423434e-04
   3.44704530e+02   1.86827767e-03
   3.44705019e+02   2.52635893e-03
   3.44705507e+02   2.83625233e-03
   3.44705995e+02   1.96886645e-03
   3.44706484e+02   4.40459786e-04
   3.44706972e+02  -1.51082058e-04
   3.44707460e+02  -2.48195924e-04
   3.44707949e+02  -5.02276991e-04
   3.44708437e+02  -4.16348485e-04
   3.44708925e+02  -9.31380200e-05
   3.44709414e+02   3.16712714e-04
   3.44709902e+02   8.91331467e-04
   3.44710390e+02   1.78414793e-03
   3.44710878e+02   2.19694572e-03
   3.44711367e+02   1.35845516e-03
   3.44711855e+02  -1.99202797e-04
   3.44712343e+02  -8.87290633e-04
   3.44712832e+02   6.05297566e-04
   3.44713320e+02   2.51426385e-03
   3.44713808e+02   2.31443369e-03
   3.44714297e+02   8.34254897e-04
   3.44714785e+02  -2.66581454e-04
   3.44715273e+02  -1.09875784e-03
   3.44715762e+02  -2.22343719e-03
   3.44716250e+02  -2.83961324e-03
   3.44716738e+02  -1.27307756e-03
   3.44717226e+02   2.16675966e-04
   3.44717715e+02   2.31751706e-04
   3.44718203e+02   1.32780627e-03
   3.44718691e+02   2.62189866e-03
   3.44719180e+02   2.00267090e-03
   3.44719668e+02   5.04104886e-04
   3.44720156e+02   1.14463553e-04
   3.44720645e+02   1.28861400e-04
   3.44721133e+02  -5.43984002e-04
   3.44721621e+02  -2.43416260e-04
   3.44722110e+02  -4.14317939e-04
   3.44722598e+02  -1.48199976e-03
   3.44723086e+02   6.90695713e-04
   3.44723574e+02   3.04083480e-03
   3.44724063e+02   5.86337061e-04
   3.44724551e+02  -3.28584132e-03
   3.44725039e+02  -4.26145131e-03
   3.44725528e+02  -3.14756832e-03
   3.44726016e+02  -2.92751426e-03
   3.44726504e+02  -4.20820480e-03
   3.44726993e+02  -3.40661919e-03
   3.44727481e+02  -7.67720558e-05
   3.44727969e+02   2.11403775e-03
   3.44728458e+02   2.52256333e-03
   3.44728946e+02   1.49392267e-03
   3.44729434e+02   7.74223066e-04
   3.44729922e+02   2.04916578e-03
   3.44730411e+02   1.79734116e-03
   3.44730899e+02  -3.33767646e-04
   3.44731387e+02  -4.40577802e-04
   3.44731876e+02   7.58271199e-04
   3.44732364e+02  -2.84734560e-04
   3.44732852e+02  -1.66699488e-03
   3.44733341e+02  -9.27711371e-04
   3.44733829e+02  -5.19089634e-04
   3.44734317e+02  -1.16037414e-03
   3.44734806e+02  -7.16040551e-04
   3.44735294e+02  -1.26763494e-04
   3.44735782e+02  -1.47587468e-03
   3.44736271e+02  -1.91866991e-03
   3.44736759e+02  -9.78971599e-04
   3.44737247e+02  -1.48873182e-03
   3.44737735e+02  -1.87273766e-03
   3.44738224e+02  -1.42532156e-03
   3.44738712e+02  -1.15864433e-03
   3.44739200e+02  -1.75718869e-05
   3.44739689e+02   1.13699876e-03
   3.44740177e+02   1.78293063e-04
   3.44740665e+02  -4.76068555e-04
   3.44741154e+02   9.48437839e-04
   3.44741642e+02   1.81741011e-03
   3.44742130e+02   1.77282700e-03
   3.44742619e+02   2.03038729e-03
   3.44743107e+02   2.18519638e-03
   3.44743595e+02   2.08196836e-03
   3.44744083e+02   1.96989928e-03
   3.44744572e+02   1.34646602e-03
   3.44745060e+02   8.15718959e-04
   3.44745548e+02   1.04903744e-03
   3.44746037e+02   2.78521050e-03
   3.44746525e+02   5.05810976e-03
   3.44747013e+02   4.22383333e-03
   3.44747502e+02   2.78404076e-03
   3.44747990e+02   3.13946209e-03
   3.44748478e+02   3.11574060e-03
   3.44748967e+02   2.07769009e-03
   3.44749455e+02   9.08059825e-04
   3.44749943e+02   1.28982798e-03
   3.44750431e+02   1.46728812e-03
   3.44750920e+02   7.92417733e-04
   3.44751408e+02   9.04485816e-04
   3.44751896e+02   3.03553446e-04
   3.44752385e+02   9.65963482e-05
   3.44752873e+02   1.31815299e-03
   3.44753361e+02   1.96817913e-03
   3.44753850e+02   1.01299130e-03
   3.44754338e+02  -1.03246933e-03
   3.44754826e+02  -2.84093851e-03
   3.44755315e+02  -2.96113105e-03
   3.44755803e+02  -1.11530116e-03
   3.44756291e+02   4.23199032e-04
   3.44756779e+02  -4.07049665e-04
   3.44757268e+02  -8.61550972e-04
   3.44757756e+02   6.15517492e-04
   3.44758244e+02   7.62537995e-04
   3.44758733e+02  -5.76336111e-04
   3.44759221e+02  -1.16414092e-04
   3.44759709e+02   2.24513824e-05
   3.44760198e+02  -1.49727485e-03
   3.44760686e+02  -3.30824777e-03
   3.44761174e+02  -4.61483235e-03
   3.44761663e+02  -4.15625935e-03
   3.44762151e+02  -3.29221669e-03
   3.44762639e+02  -1.75278040e-03
   3.44763127e+02   1.44842968e-04
   3.44763616e+02   2.76553474e-04
   3.44764104e+02   3.25473549e-04
   3.44764592e+02   1.79028930e-03
   3.44765081e+02   2.02014507e-03
   3.44765569e+02   1.25251745e-03
   3.44766057e+02   7.44114979e-04
   3.44766546e+02   3.40204133e-04
   3.44767034e+02   9.09078226e-04
   3.44767522e+02   6.62426115e-04
   3.44768011e+02  -3.17461992e-04
   3.44768499e+02   2.06259028e-05
   3.44768987e+02   9.00414074e-04
   3.44769475e+02   1.34579372e-03
   3.44769964e+02   1.06243743e-03
   3.44770452e+02  -3.39086400e-04
   3.44770940e+02  -1.19017577e-03
   3.44771429e+02   8.82620589e-06
   3.44771917e+02   4.57159767e-04
   3.44772405e+02  -7.02582533e-04
   3.44772894e+02  -1.44553802e-03
   3.44773382e+02   1.81444804e-04
   3.44773870e+02   1.88060640e-03
   3.44774359e+02  -6.16623511e-05
   3.44774847e+02  -1.93726318e-03
   3.44775335e+02  -1.07759854e-03
   3.44775824e+02   4.91923478e-04
   3.44776312e+02   2.68498668e-04
   3.44776800e+02  -5.03584568e-04
   3.44777288e+02   4.31032327e-04
   3.44777777e+02   1.93479075e-03
   3.44778265e+02   1.30434067e-03
   3.44778753e+02  -6.25468267e-04
   3.44779242e+02  -8.19893496e-04
   3.44779730e+02   9.06527042e-04
   3.44780218e+02   9.79976845e-04
   3.44780707e+02   2.88369192e-04
   3.44781195e+02   8.74929596e-04
   3.44781683e+02   1.62573671e-03
   3.44782172e+02   2.30552116e-03
   3.44782660e+02   2.23229686e-03
   3.44783148e+02   1.71081792e-03
   3.44783636e+02   1.30452577e-03
   3.44784125e+02   8.98109283e-04
   3.44784613e+02   1.80875615e-03
   3.44785101e+02   1.75210240e-03
   3.44785590e+02  -9.85485618e-04
   3.44786078e+02  -1.93515222e-03
   3.44786566e+02  -7.10389984e-04
   3.44787055e+02  -1.19578338e-03
   3.44787543e+02  -1.29297026e-03
   3.44788031e+02  -2.35945961e-04
   3.44788520e+02  -1.23358879e-03
   3.44789008e+02  -2.44850805e-03
   3.44789496e+02  -1.84831733e-03
   3.44789984e+02  -2.13616551e-03
   3.44790473e+02  -3.57525656e-03
   3.44790961e+02  -2.76153116e-03
   3.44791449e+02   9.83352875e-05
   3.44791938e+02   2.13538343e-03
   3.44792426e+02   2.91289925e-03
   3.44792914e+02   1.97664835e-03
   3.44793403e+02   3.52346106e-04
   3.44793891e+02  -6.78415468e-04
   3.44794379e+02  -1.01712893e-03
   3.44794868e+02  -1.74197357e-03
   3.44795356e+02  -3.30490433e-03
   3.44795844e+02  -4.12361883e-03
   3.44796332e+02  -3.63349728e-03
   3.44796821e+02  -3.01903067e-03
   3.44797309e+02  -3.41285346e-03
   3.44797797e+02  -2.57182377e-03
   3.44798286e+02   4.24314814e-04
   3.44798774e+02   2.51298607e-03
   3.44799262e+02   2.17709923e-03
   3.44799751e+02   7.16836832e-04
   3.44800239e+02  -1.25276495e-03
   3.44800727e+02  -3.72198946e-03
   3.44801216e+02  -2.99219461e-03
   3.44801704e+02  -1.36063667e-04
   3.44802192e+02  -1.40522359e-04
   3.44802680e+02  -5.42440626e-04
   3.44803169e+02   1.92531385e-03
   3.44803657e+02   3.38453986e-03
   3.44804145e+02   1.98340579e-03
   3.44804634e+02   3.53448675e-04
   3.44805122e+02  -3.37521458e-04
   3.44805610e+02  -3.56904668e-04
   3.44806099e+02  -1.03971991e-03
   3.44806587e+02  -1.26373372e-03
   3.44807075e+02   9.47211287e-04
   3.44807564e+02   1.58094207e-03
   3.44808052e+02  -4.14927141e-04
   3.44808540e+02  -8.30853605e-05
   3.44809028e+02   2.20587524e-03
   3.44809517e+02   2.57621938e-03
   3.44810005e+02   1.12067512e-03
   3.44810493e+02  -4.36389411e-04
   3.44810982e+02  -1.42210128e-03
   3.44811470e+02  -8.73127545e-04
   3.44811958e+02   4.72502259e-04
   3.44812447e+02   2.55898689e-04
   3.44812935e+02  -4.81697789e-04
   3.44813423e+02  -1.60839936e-05
   3.44813912e+02   1.17355157e-04
   3.44814400e+02   2.50617188e-04
   3.44814888e+02  -6.85488165e-04
   3.44815377e+02  -3.16751283e-03
   3.44815865e+02  -3.70429852e-03
   3.44816353e+02  -3.22939781e-03
   3.44816841e+02  -2.57606758e-03
   3.44817330e+02  -1.00159843e-03
   3.44817818e+02   8.88027353e-05
   3.44818306e+02   1.69569196e-03
   3.44818795e+02   3.59254307e-03
   3.44819283e+02   3.16491118e-03
   3.44819771e+02   9.55459895e-04
   3.44820260e+02  -3.84514802e-04
   3.44820748e+02  -4.31570981e-04
   3.44821236e+02  -4.46239836e-04
   3.44821725e+02  -7.88465899e-04
   3.44822213e+02  -3.94298433e-04
   3.44822701e+02   4.12447407e-05
   3.44823189e+02  -1.32183114e-03
   3.44823678e+02  -1.85949332e-03
   3.44824166e+02  -3.30956245e-04
   3.44824654e+02  -6.71409303e-04
   3.44825143e+02  -1.91695162e-03
   3.44825631e+02  -5.30490070e-04
   3.44826119e+02   1.18867599e-03
   3.44826608e+02   1.23572128e-03
   3.44827096e+02   8.14247760e-05
   3.44827584e+02  -1.54985534e-03
   3.44828073e+02  -1.44831173e-03
   3.44828561e+02   5.59166947e-04
   3.44829049e+02   1.21046859e-03
   3.44829537e+02   8.34989711e-04
   3.44830026e+02   6.79438061e-04
   3.44830514e+02  -3.43808759e-04
   3.44831002e+02  -1.20505865e-03
   3.44831491e+02  -1.26868731e-03
   3.44831979e+02  -5.93538396e-04
   3.44832467e+02  -1.29043954e-04
   3.44832956e+02  -1.18893210e-03
   3.44833444e+02  -2.17537000e-03
