frequency (GHz), flux (Jy/beam)
   3.43899310e+02  -4.43604134e-04
   3.43899798e+02   3.08329800e-05
   3.43900286e+02  -6.12561067e-04
   3.43900774e+02  -7.92393403e-04
   3.43901263e+02  -3.24833643e-04
   3.43901751e+02  -9.93051071e-05
   3.43902239e+02   2.94576108e-04
   3.43902728e+02   4.84945398e-04
   3.43903216e+02   6.59686048e-05
   3.43903704e+02  -4.78820992e-04
   3.43904193e+02  -3.96751479e-04
   3.43904681e+02  -8.67993876e-05
   3.43905169e+02  -4.32375877e-04
   3.43905658e+02  -7.35736161e-04
   3.43906146e+02  -4.10368870e-04
   3.43906634e+02   1.47672999e-05
   3.43907122e+02   3.22266656e-04
   3.43907611e+02   2.26217700e-04
   3.43908099e+02  -1.93553962e-04
   3.43908587e+02  -3.53532087e-04
   3.43909076e+02  -7.85396915e-05
   3.43909564e+02   1.07032320e-04
   3.43910052e+02  -3.39547478e-05
   3.43910541e+02   3.70592054e-04
   3.43911029e+02   7.56685156e-04
   3.43911517e+02   1.12441914e-04
   3.43912006e+02  -3.22012085e-04
   3.43912494e+02  -4.37612092e-04
   3.43912982e+02  -3.47430061e-04
   3.43913470e+02   1.19054988e-04
   3.43913959e+02   3.28410621e-04
   3.43914447e+02   2.61767389e-04
   3.43914935e+02   3.68675916e-04
   3.43915424e+02   5.90411655e-04
   3.43915912e+02   4.07171465e-04
   3.43916400e+02   2.76365008e-05
   3.43916889e+02  -9.48972083e-05
   3.43917377e+02  -3.61335638e-04
   3.43917865e+02  -7.41255935e-04
   3.43918354e+02  -5.74693549e-04
   3.43918842e+02  -2.24324278e-04
   3.43919330e+02  -1.35734110e-04
   3.43919818e+02   4.64257892e-06
   3.43920307e+02   3.70398666e-05
   3.43920795e+02  -1.44604972e-04
   3.43921283e+02  -2.81743909e-04
   3.43921772e+02  -5.45528193e-04
   3.43922260e+02  -4.64673562e-04
   3.43922748e+02  -2.58611658e-06
   3.43923237e+02  -2.31377689e-05
   3.43923725e+02  -2.05472898e-04
   3.43924213e+02   5.78378167e-05
   3.43924702e+02   3.65883170e-04
   3.43925190e+02   2.00374561e-04
   3.43925678e+02   3.16369478e-05
   3.43926166e+02   4.07892221e-04
   3.43926655e+02   6.47906330e-04
   3.43927143e+02   2.92995741e-04
   3.43927631e+02  -3.50718503e-04
   3.43928120e+02  -4.01230267e-04
   3.43928608e+02   6.22814405e-05
   3.43929096e+02   9.02605607e-05
   3.43929585e+02  -8.89759904e-05
   3.43930073e+02  -1.58563940e-04
   3.43930561e+02  -2.11995197e-04
   3.43931050e+02  -1.98255701e-04
   3.43931538e+02  -2.67117539e-05
   3.43932026e+02  -7.24506463e-05
   3.43932514e+02  -3.21903091e-04
   3.43933003e+02  -1.76567919e-04
   3.43933491e+02   1.43914702e-04
   3.43933979e+02   2.46808463e-06
   3.43934468e+02  -5.12694241e-04
   3.43934956e+02  -5.70189033e-04
   3.43935444e+02  -3.68128734e-04
   3.43935933e+02  -1.75908979e-04
   3.43936421e+02  -3.60553786e-05
   3.43936909e+02  -9.35784410e-05
   3.43937398e+02  -3.42047773e-04
   3.43937886e+02  -4.17821429e-04
   3.43938374e+02  -2.67838011e-04
   3.43938863e+02  -2.14849555e-04
   3.43939351e+02  -2.38152934e-04
   3.43939839e+02  -2.53774604e-04
   3.43940327e+02  -3.97588519e-05
   3.43940816e+02   1.68051483e-04
   3.43941304e+02  -2.26745506e-05
   3.43941792e+02  -2.06338795e-04
   3.43942281e+02  -1.68855659e-05
   3.43942769e+02   4.68068814e-04
   3.43943257e+02   5.28152857e-04
   3.43943746e+02   5.58835272e-05
   3.43944234e+02  -1.32385045e-04
   3.43944722e+02  -7.84685908e-05
   3.43945211e+02  -2.16948669e-04
   3.43945699e+02  -6.50977818e-05
   3.43946187e+02  -7.77847381e-05
   3.43946675e+02  -5.78690669e-04
   3.43947164e+02  -6.40262209e-04
   3.43947652e+02  -1.41255339e-04
   3.43948140e+02   8.75004625e-05
   3.43948629e+02  -1.36219533e-04
   3.43949117e+02  -5.38954744e-04
   3.43949605e+02  -5.30250603e-04
   3.43950094e+02   4.97958681e-05
   3.43950582e+02   3.71911767e-04
   3.43951070e+02   2.81437271e-04
   3.43951559e+02   6.04841443e-06
   3.43952047e+02  -9.73122951e-05
   3.43952535e+02  -9.08396396e-05
   3.43953023e+02  -2.12122744e-04
   3.43953512e+02  -1.00048906e-04
   3.43954000e+02  -3.21432570e-04
   3.43954488e+02  -5.51029865e-04
   3.43954977e+02  -1.88809034e-04
   3.43955465e+02   6.41403039e-06
   3.43955953e+02   2.22450952e-04
   3.43956442e+02   5.55536419e-04
   3.43956930e+02   5.05153788e-04
   3.43957418e+02   7.15639690e-05
   3.43957907e+02  -1.15698022e-04
   3.43958395e+02   2.27457364e-04
   3.43958883e+02   6.59482204e-04
   3.43959371e+02   6.23046071e-04
   3.43959860e+02   3.36804573e-04
   3.43960348e+02   2.74929305e-04
   3.43960836e+02   3.39662336e-04
   3.43961325e+02   3.89607070e-04
   3.43961813e+02   2.74755759e-04
   3.43962301e+02   1.54710680e-04
   3.43962790e+02   2.20720685e-04
   3.43963278e+02   2.78689549e-04
   3.43963766e+02   1.26778759e-04
   3.43964255e+02  -1.35773196e-04
   3.43964743e+02  -6.80707453e-05
   3.43965231e+02   1.92746347e-06
   3.43965719e+02  -1.36236486e-04
   3.43966208e+02  -4.47837723e-04
   3.43966696e+02  -6.06379006e-04
   3.43967184e+02  -1.66559883e-04
   3.43967673e+02   2.02271804e-05
   3.43968161e+02  -6.00599815e-05
   3.43968649e+02   6.16924735e-05
   3.43969138e+02  -9.60937768e-07
   3.43969626e+02  -1.40959761e-04
   3.43970114e+02  -2.21652459e-04
   3.43970603e+02  -5.93946024e-04
   3.43971091e+02  -6.49904425e-04
   3.43971579e+02  -4.02951759e-04
   3.43972067e+02  -4.12615569e-04
   3.43972556e+02  -4.13623318e-04
   3.43973044e+02  -2.80007895e-04
   3.43973532e+02  -3.98933451e-04
   3.43974021e+02  -2.87752599e-04
   3.43974509e+02   7.83242212e-05
   3.43974997e+02   1.42070217e-04
   3.43975486e+02   5.34432009e-04
   3.43975974e+02   6.06986112e-04
   3.43976462e+02  -1.59686315e-04
   3.43976951e+02  -4.55725327e-04
   3.43977439e+02  -1.97464135e-04
   3.43977927e+02  -4.09078748e-05
   3.43978416e+02  -8.04534793e-05
   3.43978904e+02   1.48043633e-04
   3.43979392e+02   3.92832910e-04
   3.43979880e+02   4.18050913e-05
   3.43980369e+02  -5.74587029e-04
   3.43980857e+02  -9.39412508e-04
   3.43981345e+02  -5.68347867e-04
   3.43981834e+02   2.55403575e-04
   3.43982322e+02   6.74319454e-04
   3.43982810e+02   4.48905834e-04
   3.43983299e+02   2.23876719e-04
   3.43983787e+02   2.22237228e-04
   3.43984275e+02   2.04989483e-04
   3.43984764e+02   4.47899511e-04
   3.43985252e+02   4.57769318e-04
   3.43985740e+02  -6.53358875e-05
   3.43986228e+02  -3.25272209e-04
   3.43986717e+02  -3.19052808e-04
   3.43987205e+02  -3.79531411e-04
   3.43987693e+02  -3.73050891e-04
   3.43988182e+02  -1.47103128e-04
   3.43988670e+02   2.55726391e-05
   3.43989158e+02  -1.13514609e-04
   3.43989647e+02  -3.43950087e-04
   3.43990135e+02  -1.69831983e-04
   3.43990623e+02   4.86406032e-04
   3.43991112e+02   6.63071347e-04
   3.43991600e+02   1.19842283e-04
   3.43992088e+02  -1.41868841e-05
   3.43992576e+02   8.26750300e-04
   3.43993065e+02   1.33873557e-03
   3.43993553e+02   1.29453349e-03
   3.43994041e+02   8.44508177e-04
   3.43994530e+02   7.48073158e-04
   3.43995018e+02   7.45141588e-04
   3.43995506e+02   1.27050138e-04
   3.43995995e+02  -5.51588484e-04
   3.43996483e+02  -2.14371248e-04
   3.43996971e+02   6.53091236e-04
   3.43997460e+02   8.58776213e-04
   3.43997948e+02   2.98397383e-04
   3.43998436e+02  -3.04116722e-04
   3.43998924e+02  -3.82960716e-04
   3.43999413e+02   6.12237709e-05
   3.43999901e+02   3.98141623e-04
   3.44000389e+02   3.20939347e-04
   3.44000878e+02   2.60431465e-04
   3.44001366e+02   3.51679657e-04
   3.44001854e+02   4.21473640e-04
   3.44002343e+02   3.30523442e-04
   3.44002831e+02   1.61204254e-04
   3.44003319e+02  -6.86980411e-06
   3.44003808e+02  -2.03794800e-04
   3.44004296e+02  -2.41319096e-04
   3.44004784e+02  -2.59825232e-04
   3.44005272e+02  -2.27201162e-04
   3.44005761e+02   2.99454096e-05
   3.44006249e+02   4.38932475e-05
   3.44006737e+02   2.05013072e-04
   3.44007226e+02   6.29331334e-04
   3.44007714e+02   5.39669360e-04
   3.44008202e+02   2.37693879e-04
   3.44008691e+02   4.01132002e-06
   3.44009179e+02  -1.26246377e-04
   3.44009667e+02   1.30395674e-05
   3.44010156e+02  -2.74071790e-04
   3.44010644e+02  -7.19869509e-04
   3.44011132e+02  -5.78775303e-04
   3.44011620e+02  -1.83258031e-04
   3.44012109e+02  -1.13977585e-04
   3.44012597e+02  -7.57578018e-05
   3.44013085e+02   2.17860637e-04
   3.44013574e+02   4.96170833e-04
   3.44014062e+02   3.51540250e-04
   3.44014550e+02   1.34376227e-04
   3.44015039e+02  -8.57118430e-05
   3.44015527e+02  -6.73096278e-04
   3.44016015e+02  -1.15405233e-03
   3.44016504e+02  -1.33698364e-03
   3.44016992e+02  -8.18953267e-04
   3.44017480e+02   2.00245922e-04
   3.44017969e+02   6.43356354e-04
   3.44018457e+02   3.36564903e-04
   3.44018945e+02   6.83250473e-05
   3.44019433e+02  -1.79392911e-04
   3.44019922e+02  -2.05759992e-04
   3.44020410e+02   1.19382115e-04
   3.44020898e+02  -2.20604652e-05
   3.44021387e+02  -1.05708968e-04
   3.44021875e+02   2.68572592e-04
   3.44022363e+02   2.11342864e-04
   3.44022852e+02  -6.71197704e-05
   3.44023340e+02   1.84671793e-04
   3.44023828e+02   4.54813533e-04
   3.44024317e+02   1.83996399e-05
   3.44024805e+02  -1.83013515e-04
   3.44025293e+02   1.16619791e-04
   3.44025781e+02   1.90555787e-04
   3.44026270e+02  -4.38399229e-06
   3.44026758e+02  -3.75212054e-04
   3.44027246e+02  -2.27688070e-04
   3.44027735e+02   2.60129280e-04
   3.44028223e+02   1.59740026e-04
   3.44028711e+02  -9.08994552e-05
   3.44029200e+02  -2.05230481e-05
   3.44029688e+02  -1.74527268e-05
   3.44030176e+02   9.80416371e-05
   3.44030665e+02   2.05047880e-04
   3.44031153e+02   2.30635327e-04
   3.44031641e+02   3.67927161e-04
   3.44032129e+02  -3.41429259e-05
   3.44032618e+02  -3.45748267e-04
   3.44033106e+02   3.85787425e-05
   3.44033594e+02   3.74072872e-04
   3.44034083e+02   1.32288405e-04
   3.44034571e+02  -1.88021542e-04
   3.44035059e+02  -1.21559235e-04
   3.44035548e+02   1.47231127e-04
   3.44036036e+02   1.56278315e-04
   3.44036524e+02  -2.03891861e-04
   3.44037013e+02  -6.28352747e-04
   3.44037501e+02  -5.71549754e-04
   3.44037989e+02   3.93684240e-05
   3.44038477e+02   2.69205077e-04
   3.44038966e+02  -1.53367961e-04
   3.44039454e+02  -4.58412949e-04
   3.44039942e+02  -2.19282432e-04
   3.44040431e+02  -7.08090665e-05
   3.44040919e+02  -2.08424259e-04
   3.44041407e+02  -2.70443008e-04
   3.44041896e+02   3.46650609e-06
   3.44042384e+02   3.36238852e-04
   3.44042872e+02   3.39202874e-04
   3.44043361e+02   2.16455373e-04
   3.44043849e+02   1.81963434e-04
   3.44044337e+02   5.64651637e-05
   3.44044825e+02  -1.34385380e-04
   3.44045314e+02  -3.74149793e-04
   3.44045802e+02  -5.59333130e-04
   3.44046290e+02  -3.35936697e-04
   3.44046779e+02   1.28094922e-04
   3.44047267e+02   2.36211563e-04
   3.44047755e+02   1.11019071e-04
   3.44048244e+02   4.35957249e-04
   3.44048732e+02   8.09459190e-04
   3.44049220e+02   5.59697393e-04
   3.44049709e+02  -2.16689568e-05
   3.44050197e+02  -4.61333664e-04
   3.44050685e+02  -6.44211657e-04
   3.44051173e+02  -3.62979830e-04
   3.44051662e+02   2.67087071e-05
   3.44052150e+02   1.48512525e-04
   3.44052638e+02   1.25824008e-04
   3.44053127e+02   2.30728212e-04
   3.44053615e+02   2.39850982e-04
   3.44054103e+02  -1.02212616e-04
   3.44054592e+02  -3.90312111e-04
   3.44055080e+02  -5.97091625e-04
   3.44055568e+02  -5.84899273e-04
   3.44056057e+02  -3.09579540e-04
   3.44056545e+02  -2.93363380e-04
   3.44057033e+02  -3.07396258e-04
   3.44057522e+02  -3.15792218e-04
   3.44058010e+02  -6.51797396e-04
   3.44058498e+02  -8.18484637e-04
   3.44058986e+02  -3.31667659e-04
   3.44059475e+02   1.78428396e-04
   3.44059963e+02   9.82220445e-05
   3.44060451e+02  -2.66622228e-04
   3.44060940e+02  -5.27105993e-04
   3.44061428e+02  -3.42178071e-04
   3.44061916e+02   4.38671355e-04
   3.44062405e+02   8.09565070e-04
   3.44062893e+02   2.19919457e-04
   3.44063381e+02  -4.28387226e-04
   3.44063870e+02  -4.51913918e-04
   3.44064358e+02  -2.87544448e-04
   3.44064846e+02  -1.84837612e-04
   3.44065334e+02   1.84687069e-05
   3.44065823e+02   1.72110755e-04
   3.44066311e+02  -7.44029458e-05
   3.44066799e+02  -3.09476804e-04
   3.44067288e+02   5.82079883e-05
   3.44067776e+02   2.83423549e-04
   3.44068264e+02  -4.59506118e-05
   3.44068753e+02  -1.87314523e-04
   3.44069241e+02  -1.58100360e-04
   3.44069729e+02  -2.24027011e-04
   3.44070218e+02  -2.77143903e-04
   3.44070706e+02  -2.14959335e-04
   3.44071194e+02  -2.19355308e-04
   3.44071682e+02  -2.30948426e-04
   3.44072171e+02  -4.81647410e-04
   3.44072659e+02  -5.45348856e-04
   3.44073147e+02  -1.90212973e-04
   3.44073636e+02  -3.14522295e-05
   3.44074124e+02   7.02176476e-05
   3.44074612e+02   4.39385680e-04
   3.44075101e+02   2.18333425e-05
   3.44075589e+02  -4.03298269e-04
   3.44076077e+02   2.43940289e-04
   3.44076566e+02   6.86372747e-04
   3.44077054e+02   4.92252409e-04
   3.44077542e+02   2.56541185e-04
   3.44078030e+02   1.84844021e-06
   3.44078519e+02  -1.89215483e-04
   3.44079007e+02  -2.46418436e-04
   3.44079495e+02  -3.56041041e-04
   3.44079984e+02  -3.30424897e-04
   3.44080472e+02   3.55448974e-05
   3.44080960e+02   1.17430427e-04
   3.44081449e+02  -3.02402968e-05
   3.44081937e+02   5.36756779e-05
   3.44082425e+02   3.32865784e-06
   3.44082914e+02  -3.95868439e-04
   3.44083402e+02  -4.42131481e-04
   3.44083890e+02  -2.74802762e-04
   3.44084378e+02  -2.89668300e-04
   3.44084867e+02  -3.94428382e-04
   3.44085355e+02  -4.94766398e-04
   3.44085843e+02  -6.15418889e-04
   3.44086332e+02  -7.06713181e-04
   3.44086820e+02  -3.66472406e-04
   3.44087308e+02   6.25779794e-05
   3.44087797e+02   2.64146278e-04
   3.44088285e+02   3.84058338e-04
   3.44088773e+02   3.25906090e-04
   3.44089262e+02   1.79067894e-04
   3.44089750e+02   9.55801224e-05
   3.44090238e+02  -7.69778126e-07
   3.44090726e+02  -1.35982831e-04
   3.44091215e+02  -9.73775168e-05
   3.44091703e+02   1.27117280e-04
   3.44092191e+02   5.65875052e-05
   3.44092680e+02  -1.25876750e-05
   3.44093168e+02   4.46775193e-05
   3.44093656e+02   1.16810807e-04
   3.44094145e+02   3.03905923e-04
   3.44094633e+02   5.87213843e-04
   3.44095121e+02   9.05233785e-04
   3.44095610e+02   7.31111970e-04
   3.44096098e+02   1.44555801e-04
   3.44096586e+02   3.24296561e-05
   3.44097075e+02  -1.65086403e-05
   3.44097563e+02  -2.11885024e-04
   3.44098051e+02  -8.15668900e-05
   3.44098539e+02   2.46862968e-04
   3.44099028e+02   2.54629209e-04
   3.44099516e+02   1.11890658e-04
   3.44100004e+02   9.94812945e-06
   3.44100493e+02  -1.36637347e-04
   3.44100981e+02  -3.67562810e-04
   3.44101469e+02  -3.61656537e-04
   3.44101958e+02  -3.79620105e-05
   3.44102446e+02   1.28288768e-04
   3.44102934e+02  -8.10251513e-05
   3.44103423e+02  -3.00906919e-04
   3.44103911e+02  -3.26949725e-04
   3.44104399e+02  -1.98329886e-04
   3.44104887e+02  -1.94791297e-04
   3.44105376e+02  -4.16456780e-04
   3.44105864e+02  -4.48861247e-04
   3.44106352e+02  -6.93014372e-05
   3.44106841e+02   4.29859938e-05
   3.44107329e+02  -2.73078214e-04
   3.44107817e+02  -4.54603025e-04
   3.44108306e+02  -2.51395366e-04
   3.44108794e+02   1.75204463e-04
   3.44109282e+02   3.63379600e-04
   3.44109771e+02   2.35102998e-04
   3.44110259e+02  -5.28819073e-05
   3.44110747e+02  -2.62207148e-04
   3.44111235e+02  -3.27449525e-04
   3.44111724e+02  -2.19220965e-04
   3.44112212e+02   2.60177592e-04
   3.44112700e+02   7.33908557e-04
   3.44113189e+02   6.24219771e-04
   3.44113677e+02   3.16854857e-04
   3.44114165e+02   3.60075763e-04
   3.44114654e+02   1.70170868e-04
   3.44115142e+02  -3.36173485e-04
   3.44115630e+02  -1.74975459e-04
   3.44116119e+02   1.75365887e-04
   3.44116607e+02   2.30771198e-04
   3.44117095e+02   4.55199741e-04
   3.44117583e+02   6.05984416e-04
   3.44118072e+02   3.07466718e-04
   3.44118560e+02  -5.53177852e-05
   3.44119048e+02  -2.63252907e-04
   3.44119537e+02  -1.57458213e-04
   3.44120025e+02   1.28251515e-04
   3.44120513e+02   3.60766106e-04
   3.44121002e+02   6.62505918e-04
   3.44121490e+02   7.09911517e-04
   3.44121978e+02   2.36037391e-04
   3.44122467e+02  -7.95555607e-05
   3.44122955e+02  -1.80064992e-04
   3.44123443e+02  -2.27402619e-04
   3.44123931e+02  -6.44563333e-05
   3.44124420e+02   1.15068258e-04
   3.44124908e+02  -1.91870968e-05
   3.44125396e+02  -2.13585445e-04
   3.44125885e+02  -4.88482590e-04
   3.44126373e+02  -5.07530465e-04
   3.44126861e+02  -2.83592759e-04
   3.44127350e+02  -2.52159429e-04
   3.44127838e+02  -1.26606988e-04
   3.44128326e+02   3.42352578e-05
   3.44128815e+02  -1.83946293e-04
   3.44129303e+02  -4.99260088e-04
   3.44129791e+02  -2.33422368e-04
   3.44130279e+02   8.21555223e-05
   3.44130768e+02   2.69337579e-05
   3.44131256e+02   7.53702916e-05
   3.44131744e+02   1.13629349e-05
   3.44132233e+02  -1.01514663e-04
   3.44132721e+02  -2.11379433e-04
   3.44133209e+02  -2.11924809e-04
   3.44133698e+02  -7.14304042e-05
   3.44134186e+02  -2.17587469e-04
   3.44134674e+02  -3.94373172e-04
   3.44135163e+02  -2.84348876e-04
   3.44135651e+02  -1.86799280e-05
   3.44136139e+02   1.38965770e-04
   3.44136628e+02  -3.65350017e-04
   3.44137116e+02  -9.27397341e-04
   3.44137604e+02  -4.87846293e-04
   3.44138092e+02  -1.03181201e-05
   3.44138581e+02  -3.15949433e-06
   3.44139069e+02  -4.16949595e-04
   3.44139557e+02  -1.04856561e-03
   3.44140046e+02  -4.86021338e-04
   3.44140534e+02   5.73430210e-04
   3.44141022e+02   4.69966471e-04
   3.44141511e+02  -4.12481859e-05
   3.44141999e+02  -3.79331439e-04
   3.44142487e+02  -6.63875893e-04
   3.44142976e+02  -4.20508964e-04
   3.44143464e+02   2.57370877e-04
   3.44143952e+02   5.99210034e-04
   3.44144440e+02   3.39443970e-04
   3.44144929e+02   3.75854870e-05
   3.44145417e+02   9.29786911e-05
   3.44145905e+02  -8.32741789e-05
   3.44146394e+02  -4.47418512e-04
   3.44146882e+02   1.94219192e-05
   3.44147370e+02   9.12317191e-04
   3.44147859e+02   7.42276199e-04
   3.44148347e+02  -2.00560407e-05
   3.44148835e+02  -4.13539761e-04
   3.44149324e+02  -5.80806343e-04
   3.44149812e+02  -6.61672035e-04
   3.44150300e+02  -3.91312671e-04
   3.44150788e+02   3.51668750e-05
   3.44151277e+02   2.48624972e-04
   3.44151765e+02   4.67852296e-05
   3.44152253e+02  -2.27294193e-04
   3.44152742e+02  -1.67781720e-04
   3.44153230e+02  -1.76007088e-04
   3.44153718e+02  -3.10649426e-04
   3.44154207e+02  -2.41133559e-04
   3.44154695e+02  -1.17447817e-04
   3.44155183e+02  -1.03511038e-05
   3.44155672e+02  -1.44391634e-05
   3.44156160e+02  -1.38592251e-04
   3.44156648e+02   1.59550211e-04
   3.44157136e+02   5.81604836e-04
   3.44157625e+02   2.85126764e-04
   3.44158113e+02  -2.12144645e-04
   3.44158601e+02  -1.38087024e-04
   3.44159090e+02   1.87411919e-04
   3.44159578e+02   3.53772572e-04
   3.44160066e+02   1.79240349e-04
   3.44160555e+02  -1.66218655e-04
   3.44161043e+02  -1.05431260e-04
   3.44161531e+02   6.75500778e-05
   3.44162020e+02  -1.15986346e-04
   3.44162508e+02  -2.03607677e-04
   3.44162996e+02  -7.79889615e-06
   3.44163484e+02   9.88091560e-05
   3.44163973e+02   1.45599392e-04
   3.44164461e+02   5.64520014e-05
   3.44164949e+02  -2.95915670e-04
   3.44165438e+02  -2.75771250e-04
   3.44165926e+02   2.97077786e-05
   3.44166414e+02   2.24933319e-04
   3.44166903e+02   3.99668206e-04
   3.44167391e+02   3.68944282e-04
   3.44167879e+02   3.22617780e-05
   3.44168368e+02  -2.07901976e-04
   3.44168856e+02  -8.35412284e-05
   3.44169344e+02   2.77948799e-04
   3.44169832e+02   3.53593467e-04
   3.44170321e+02   4.84298362e-04
   3.44170809e+02   5.92467550e-04
   3.44171297e+02   1.24643324e-04
   3.44171786e+02  -5.00283713e-05
   3.44172274e+02   4.10352019e-04
   3.44172762e+02   3.23683402e-04
   3.44173251e+02  -3.78811616e-04
   3.44173739e+02  -3.56545555e-04
   3.44174227e+02   1.32213478e-04
   3.44174716e+02   2.65663286e-04
   3.44175204e+02   3.74359894e-04
   3.44175692e+02   5.99369596e-05
   3.44176181e+02  -3.09469178e-04
   3.44176669e+02  -1.27788866e-04
   3.44177157e+02   1.16693256e-04
   3.44177645e+02   2.34711406e-04
   3.44178134e+02  -2.83454341e-04
   3.44178622e+02  -7.24743528e-04
   3.44179110e+02  -3.69151006e-04
   3.44179599e+02   1.08373475e-04
   3.44180087e+02   2.32686332e-04
   3.44180575e+02   1.70541622e-04
   3.44181064e+02   2.03398013e-04
   3.44181552e+02  -6.58072022e-05
   3.44182040e+02  -1.60426905e-04
   3.44182529e+02  -2.36158085e-05
   3.44183017e+02   4.80874005e-05
   3.44183505e+02   2.16006942e-04
   3.44183993e+02   4.63846693e-04
   3.44184482e+02   7.11226603e-04
   3.44184970e+02   4.11708403e-04
   3.44185458e+02  -2.88217358e-04
   3.44185947e+02  -4.95861808e-04
   3.44186435e+02  -1.25470498e-04
   3.44186923e+02   1.47560932e-04
   3.44187412e+02  -7.86044111e-05
   3.44187900e+02  -1.83810524e-04
   3.44188388e+02   7.71887790e-05
   3.44188877e+02   7.75295921e-05
   3.44189365e+02   6.92228641e-05
   3.44189853e+02   1.41852870e-04
   3.44190341e+02  -9.55004725e-05
   3.44190830e+02  -7.16979208e-04
   3.44191318e+02  -5.80850057e-04
   3.44191806e+02  -1.24193160e-04
   3.44192295e+02  -1.88535691e-04
   3.44192783e+02  -1.11513924e-04
   3.44193271e+02   1.61905031e-04
   3.44193760e+02  -2.24441843e-04
   3.44194248e+02  -4.24025813e-04
   3.44194736e+02  -8.80028238e-05
   3.44195225e+02   1.28967848e-04
   3.44195713e+02  -3.84753046e-04
   3.44196201e+02  -8.07319826e-04
   3.44196689e+02  -1.67924663e-04
   3.44197178e+02   4.44635603e-04
   3.44197666e+02   4.32752597e-04
   3.44198154e+02   8.91489835e-05
   3.44198643e+02  -4.01461002e-04
   3.44199131e+02  -5.29998215e-04
   3.44199619e+02  -1.18920550e-04
   3.44200108e+02   5.04651398e-04
   3.44200596e+02   6.46679429e-04
   3.44201084e+02   6.73992304e-07
   3.44201573e+02  -4.78887669e-04
   3.44202061e+02  -5.17270062e-04
   3.44202549e+02  -4.22321784e-04
   3.44203037e+02  -2.41982605e-04
   3.44203526e+02   2.05389690e-04
   3.44204014e+02   7.70103768e-04
   3.44204502e+02   8.48804309e-04
   3.44204991e+02   1.81172014e-04
   3.44205479e+02  -3.97528609e-04
   3.44205967e+02  -4.28654399e-04
   3.44206456e+02  -4.34722373e-04
   3.44206944e+02  -3.58842954e-04
   3.44207432e+02  -1.28591011e-04
   3.44207921e+02  -6.15865356e-05
   3.44208409e+02   9.56624717e-05
   3.44208897e+02   7.06127757e-05
   3.44209385e+02  -2.83081288e-04
   3.44209874e+02  -4.17124567e-04
   3.44210362e+02  -5.44109207e-04
   3.44210850e+02  -7.09447835e-04
   3.44211339e+02  -6.98347925e-04
   3.44211827e+02  -4.72422253e-04
   3.44212315e+02  -1.31151188e-04
   3.44212804e+02  -4.71216845e-06
   3.44213292e+02  -2.69140786e-04
   3.44213780e+02  -4.50664840e-04
   3.44214269e+02  -6.32728043e-05
   3.44214757e+02   3.07942362e-04
   3.44215245e+02   2.94988218e-04
   3.44215734e+02   2.78534135e-04
   3.44216222e+02   2.93554855e-04
   3.44216710e+02   1.71580701e-04
   3.44217198e+02  -1.04354680e-04
   3.44217687e+02  -2.99198786e-04
   3.44218175e+02  -1.56463575e-04
   3.44218663e+02  -7.03541955e-05
   3.44219152e+02  -3.50806687e-04
   3.44219640e+02  -3.01717024e-04
   3.44220128e+02   1.14868999e-05
   3.44220617e+02   1.60608266e-04
   3.44221105e+02   2.63357389e-04
   3.44221593e+02   5.79665590e-04
   3.44222082e+02   6.02313899e-04
   3.44222570e+02   2.92412704e-04
   3.44223058e+02   2.74767925e-04
   3.44223546e+02   1.57282324e-04
   3.44224035e+02  -1.71371983e-04
   3.44224523e+02  -4.68494138e-04
   3.44225011e+02  -6.64479507e-04
   3.44225500e+02  -6.14867255e-04
   3.44225988e+02  -3.14199337e-04
   3.44226476e+02  -1.76189118e-04
   3.44226965e+02  -2.41389600e-04
   3.44227453e+02  -1.79792900e-04
   3.44227941e+02  -5.61687266e-05
   3.44228430e+02  -1.49974394e-05
   3.44228918e+02   1.14220675e-04
   3.44229406e+02   2.54966726e-04
   3.44229894e+02   3.99220844e-05
   3.44230383e+02  -2.60881818e-04
   3.44230871e+02  -2.35470565e-04
   3.44231359e+02  -1.83082011e-04
   3.44231848e+02  -4.46937775e-04
   3.44232336e+02  -4.31159220e-04
   3.44232824e+02   1.41822355e-04
   3.44233313e+02   2.50258570e-04
   3.44233801e+02  -1.17318625e-04
   3.44234289e+02  -1.40038188e-04
   3.44234778e+02   2.93608726e-04
   3.44235266e+02   3.28086404e-04
   3.44235754e+02  -2.64448281e-05
   3.44236242e+02  -2.72804347e-04
   3.44236731e+02  -1.93775821e-04
   3.44237219e+02  -1.81424315e-04
   3.44237707e+02  -4.67653066e-04
   3.44238196e+02  -4.90011007e-04
   3.44238684e+02  -5.33735845e-04
   3.44239172e+02  -4.37624898e-04
   3.44239661e+02  -7.50180152e-06
   3.44240149e+02   2.75451221e-05
   3.44240637e+02   2.99827880e-05
   3.44241126e+02  -1.10540408e-04
   3.44241614e+02  -5.12135157e-04
   3.44242102e+02  -8.42722511e-05
   3.44242590e+02   5.81859029e-04
   3.44243079e+02   4.67547594e-04
   3.44243567e+02   7.04567210e-05
   3.44244055e+02   6.35092510e-05
   3.44244544e+02   2.98554834e-04
   3.44245032e+02   2.56898609e-04
   3.44245520e+02  -1.05418490e-04
   3.44246009e+02  -9.45003994e-05
   3.44246497e+02  -6.46603294e-05
   3.44246985e+02  -5.02777344e-04
   3.44247474e+02  -3.09912313e-04
   3.44247962e+02   5.32437931e-04
   3.44248450e+02   4.81716532e-04
   3.44248938e+02  -1.15892064e-04
   3.44249427e+02   3.74162664e-05
   3.44249915e+02   3.70121794e-04
   3.44250403e+02   4.27881809e-04
   3.44250892e+02   2.31923274e-04
   3.44251380e+02  -4.48977895e-04
   3.44251868e+02  -1.05376600e-03
   3.44252357e+02  -7.81479059e-04
   3.44252845e+02  -9.62825070e-05
   3.44253333e+02   2.02343741e-04
   3.44253822e+02   4.40237527e-05
   3.44254310e+02  -8.21585418e-05
   3.44254798e+02  -1.61624033e-04
   3.44255286e+02  -1.00709804e-04
   3.44255775e+02  -3.88156550e-05
   3.44256263e+02  -5.26751042e-04
   3.44256751e+02  -7.64925964e-04
   3.44257240e+02  -2.90681550e-04
   3.44257728e+02   6.68211942e-05
   3.44258216e+02   1.02695893e-04
   3.44258705e+02  -3.32021242e-04
   3.44259193e+02  -1.04800332e-03
   3.44259681e+02  -1.12645735e-03
   3.44260170e+02  -6.50856120e-04
   3.44260658e+02  -2.45751609e-04
   3.44261146e+02   2.30691410e-04
   3.44261635e+02   7.16474897e-04
   3.44262123e+02   8.85645219e-04
   3.44262611e+02   4.84153628e-04
   3.44263099e+02  -5.14800136e-04
   3.44263588e+02  -1.15039572e-03
   3.44264076e+02  -7.37043330e-04
   3.44264564e+02   4.97675355e-05
   3.44265053e+02  -7.18326846e-05
   3.44265541e+02  -6.11975382e-04
   3.44266029e+02  -4.45231621e-04
   3.44266518e+02  -2.56901752e-04
   3.44267006e+02  -2.60567234e-04
   3.44267494e+02  -4.64797995e-05
   3.44267983e+02   5.44695285e-05
   3.44268471e+02  -3.62153107e-04
   3.44268959e+02  -6.01080712e-04
   3.44269447e+02  -2.24588657e-04
   3.44269936e+02   2.03735355e-04
   3.44270424e+02   1.10810404e-04
   3.44270912e+02  -1.06967702e-04
   3.44271401e+02  -7.99299742e-05
   3.44271889e+02  -7.15961432e-05
   3.44272377e+02  -1.64415615e-04
   3.44272866e+02  -4.24904487e-04
   3.44273354e+02  -4.67228296e-04
   3.44273842e+02  -6.17392579e-05
   3.44274331e+02   2.58739747e-04
   3.44274819e+02   1.20578756e-04
   3.44275307e+02  -1.59812480e-05
   3.44275795e+02  -1.06200696e-06
   3.44276284e+02  -7.35467302e-06
   3.44276772e+02  -2.89755553e-04
   3.44277260e+02  -5.26669202e-04
   3.44277749e+02  -2.82684894e-04
   3.44278237e+02  -1.92128980e-04
   3.44278725e+02  -5.02981828e-04
   3.44279214e+02  -1.28713829e-04
   3.44279702e+02   3.70781403e-04
   3.44280190e+02   1.81362397e-04
   3.44280679e+02  -8.80572770e-05
   3.44281167e+02  -1.28730782e-04
   3.44281655e+02  -2.02848532e-04
   3.44282143e+02  -6.04609959e-05
   3.44282632e+02   2.38046836e-04
   3.44283120e+02   1.30095621e-04
   3.44283608e+02  -5.86150927e-05
   3.44284097e+02   2.63008478e-05
   3.44284585e+02   1.80613177e-04
   3.44285073e+02   4.39074094e-04
   3.44285562e+02   5.39992354e-04
   3.44286050e+02   3.60261300e-04
   3.44286538e+02  -1.98651796e-05
   3.44287027e+02  -1.82136078e-04
   3.44287515e+02   2.08935802e-04
   3.44288003e+02   5.77716681e-04
   3.44288491e+02   5.25149808e-04
   3.44288980e+02   8.69867654e-05
   3.44289468e+02  -2.33540442e-04
   3.44289956e+02  -7.38481758e-05
   3.44290445e+02   2.92925397e-04
   3.44290933e+02   6.37793448e-04
   3.44291421e+02   4.27135325e-04
   3.44291910e+02  -1.47866333e-04
   3.44292398e+02  -2.42727736e-04
   3.44292886e+02   9.25241839e-05
   3.44293375e+02   1.91154817e-04
   3.44293863e+02  -1.40996694e-04
   3.44294351e+02  -4.02049685e-04
   3.44294839e+02  -8.39794520e-04
   3.44295328e+02  -1.13572471e-03
   3.44295816e+02  -7.40536605e-04
   3.44296304e+02  -3.80524376e-04
   3.44296793e+02  -1.14748673e-06
   3.44297281e+02   5.62921050e-04
   3.44297769e+02   5.41405054e-04
   3.44298258e+02  -1.70770545e-05
   3.44298746e+02  -5.70607117e-05
   3.44299234e+02  -1.50766084e-07
   3.44299723e+02  -1.19758508e-04
   3.44300211e+02  -1.66351150e-04
   3.44300699e+02  -4.78146336e-04
   3.44301188e+02  -6.82005077e-04
   3.44301676e+02  -4.32495901e-04
   3.44302164e+02  -7.13516856e-05
   3.44302652e+02   8.63479800e-05
   3.44303141e+02  -4.90670755e-06
   3.44303629e+02  -2.20324218e-04
   3.44304117e+02  -2.14687301e-04
   3.44304606e+02  -2.22324132e-04
   3.44305094e+02  -5.67158335e-04
   3.44305582e+02  -6.93721347e-04
   3.44306071e+02  -2.45993375e-04
   3.44306559e+02  -1.95857592e-05
   3.44307047e+02   1.54689362e-04
   3.44307536e+02   3.25943634e-04
   3.44308024e+02   1.10712368e-04
   3.44308512e+02  -1.49922402e-04
   3.44309000e+02   2.66732415e-04
   3.44309489e+02   4.97323635e-04
   3.44309977e+02  -6.70272057e-05
   3.44310465e+02  -2.31046579e-04
   3.44310954e+02   4.81277675e-05
   3.44311442e+02   1.98876733e-04
   3.44311930e+02   2.64274771e-04
   3.44312419e+02  -9.82175698e-05
   3.44312907e+02  -4.40899137e-04
   3.44313395e+02  -2.27080905e-04
   3.44313884e+02   1.65944439e-05
   3.44314372e+02  -9.94406219e-05
   3.44314860e+02  -1.60544034e-04
   3.44315348e+02   1.22624697e-04
   3.44315837e+02   3.79761244e-04
   3.44316325e+02   2.28845238e-04
   3.44316813e+02  -1.42441640e-04
   3.44317302e+02  -2.42284834e-04
   3.44317790e+02  -2.62370595e-04
   3.44318278e+02  -2.93368008e-04
   3.44318767e+02  -1.85848810e-04
   3.44319255e+02  -3.28193040e-04
   3.44319743e+02  -3.11100128e-04
   3.44320232e+02   1.36137343e-04
   3.44320720e+02   3.37139034e-04
   3.44321208e+02   3.26962880e-04
   3.44321696e+02   4.28884145e-04
   3.44322185e+02   3.47923429e-04
   3.44322673e+02   2.43743430e-04
   3.44323161e+02   2.34627674e-04
   3.44323650e+02  -6.28966736e-05
   3.44324138e+02  -4.34169429e-04
   3.44324626e+02  -3.52293282e-04
   3.44325115e+02  -1.51482993e-04
   3.44325603e+02   7.23697085e-05
   3.44326091e+02   9.26478897e-05
   3.44326580e+02   1.25376580e-04
   3.44327068e+02   4.52444481e-04
   3.44327556e+02   5.00325579e-04
   3.44328044e+02   1.57210336e-04
   3.44328533e+02  -1.96035151e-04
   3.44329021e+02   7.22067125e-05
   3.44329509e+02   3.23474756e-04
   3.44329998e+02  -1.87409882e-04
   3.44330486e+02  -4.40483214e-04
   3.44330974e+02  -2.34883817e-04
   3.44331463e+02  -3.40949744e-04
   3.44331951e+02  -2.98265892e-04
   3.44332439e+02  -2.19638270e-04
   3.44332928e+02  -2.61096924e-04
   3.44333416e+02   5.16951623e-05
   3.44333904e+02  -2.34288782e-05
   3.44334392e+02  -1.73459441e-04
   3.44334881e+02   2.37943284e-04
   3.44335369e+02   4.52407665e-04
   3.44335857e+02   2.68656411e-04
   3.44336346e+02   1.58334908e-04
   3.44336834e+02   2.49163510e-04
   3.44337322e+02   1.62852564e-04
   3.44337811e+02   7.63025237e-05
   3.44338299e+02  -9.80241530e-05
   3.44338787e+02  -3.80597514e-04
   3.44339276e+02  -1.62872617e-04
   3.44339764e+02   2.70691613e-04
   3.44340252e+02   5.10210288e-04
   3.44340741e+02   4.26579558e-04
   3.44341229e+02   1.94735941e-04
   3.44341717e+02   6.40802027e-05
   3.44342205e+02   1.31290057e-04
   3.44342694e+02   3.29362752e-04
   3.44343182e+02   1.78902774e-04
   3.44343670e+02  -1.65715377e-04
   3.44344159e+02   3.32296918e-06
   3.44344647e+02   5.70381235e-04
   3.44345135e+02   7.67555437e-04
   3.44345624e+02   4.57798276e-04
   3.44346112e+02   1.14241730e-05
   3.44346600e+02  -3.36558442e-04
   3.44347089e+02  -3.12388001e-04
   3.44347577e+02   2.48598135e-05
   3.44348065e+02   1.17312702e-04
   3.44348553e+02  -5.87677141e-06
   3.44349042e+02   7.94282896e-05
   3.44349530e+02   1.50533844e-04
   3.44350018e+02   6.11390133e-05
   3.44350507e+02   1.92990847e-04
   3.44350995e+02   2.47225718e-04
   3.44351483e+02   3.10217292e-05
   3.44351972e+02  -4.58089235e-05
   3.44352460e+02  -1.19832430e-05
   3.44352948e+02  -3.32501259e-05
   3.44353437e+02   1.77058813e-04
   3.44353925e+02   2.12145198e-04
   3.44354413e+02  -8.97573336e-05
   3.44354901e+02  -3.04193061e-04
   3.44355390e+02  -1.11092959e-04
   3.44355878e+02   1.93838379e-04
   3.44356366e+02   1.72839664e-05
   3.44356855e+02  -1.07971369e-04
   3.44357343e+02   1.72846165e-04
   3.44357831e+02   2.82972731e-04
   3.44358320e+02   2.54181505e-04
   3.44358808e+02   2.24955453e-04
   3.44359296e+02   2.30754886e-04
   3.44359785e+02   3.41038278e-04
   3.44360273e+02   3.89040855e-04
   3.44360761e+02   2.31797676e-04
   3.44361249e+02  -1.01961363e-04
   3.44361738e+02  -1.52361928e-04
   3.44362226e+02   1.13469061e-04
   3.44362714e+02   2.05502860e-04
   3.44363203e+02   1.83161319e-04
   3.44363691e+02   6.00509229e-05
   3.44364179e+02  -9.55763244e-05
   3.44364668e+02  -2.09415884e-05
   3.44365156e+02   1.39549142e-04
   3.44365644e+02   1.67790742e-04
   3.44366133e+02   2.29577767e-04
   3.44366621e+02   1.20413359e-04
   3.44367109e+02  -3.25806526e-04
   3.44367597e+02  -5.53548336e-04
   3.44368086e+02  -3.09452502e-04
   3.44368574e+02  -9.15189448e-05
   3.44369062e+02  -1.31289315e-04
   3.44369551e+02  -2.98149043e-05
   3.44370039e+02   1.90903563e-07
   3.44370527e+02   1.45550977e-04
   3.44371016e+02   6.50936272e-04
   3.44371504e+02   8.36108404e-04
   3.44371992e+02   5.30380290e-04
   3.44372481e+02   2.34712730e-04
   3.44372969e+02   4.32736015e-05
   3.44373457e+02  -2.17488792e-04
   3.44373945e+02  -3.05218418e-04
   3.44374434e+02   3.53448922e-05
   3.44374922e+02   2.10848899e-04
   3.44375410e+02   1.96666893e-04
   3.44375899e+02   6.78454162e-05
   3.44376387e+02  -1.10857451e-04
   3.44376875e+02   2.75475526e-04
   3.44377364e+02   3.89692344e-04
   3.44377852e+02   3.05735157e-05
   3.44378340e+02  -2.01915027e-04
   3.44378829e+02  -3.31073330e-04
   3.44379317e+02  -1.54351801e-04
   3.44379805e+02   1.25495877e-04
   3.44380294e+02   2.24137460e-04
   3.44380782e+02   8.24268136e-05
   3.44381270e+02  -4.25849139e-04
   3.44381758e+02  -5.39478147e-04
   3.44382247e+02  -1.27995852e-04
   3.44382735e+02   3.54814227e-04
   3.44383223e+02   7.73936277e-04
   3.44383712e+02   8.24132294e-04
   3.44384200e+02   3.31787334e-04
   3.44384688e+02  -3.02602893e-06
   3.44385177e+02  -4.86155513e-05
   3.44385665e+02  -2.11602775e-04
   3.44386153e+02   9.04624831e-05
   3.44386642e+02   5.51529287e-04
   3.44387130e+02   5.22781454e-04
   3.44387618e+02   3.11438605e-04
   3.44388106e+02   2.21000868e-04
   3.44388595e+02  -1.13506940e-04
   3.44389083e+02  -3.09261552e-04
   3.44389571e+02   1.27608640e-04
   3.44390060e+02   3.76889075e-04
   3.44390548e+02  -2.15983855e-05
   3.44391036e+02  -4.54308174e-04
   3.44391525e+02  -2.79738393e-04
   3.44392013e+02  -1.42709541e-04
   3.44392501e+02  -6.03549008e-04
   3.44392990e+02  -6.44107233e-04
   3.44393478e+02  -2.36175747e-05
   3.44393966e+02   3.28401395e-04
   3.44394454e+02   3.65655898e-04
   3.44394943e+02   3.00840999e-04
   3.44395431e+02  -7.67602105e-05
   3.44395919e+02  -1.83941069e-04
   3.44396408e+02   1.45794504e-04
   3.44396896e+02   2.25076627e-04
   3.44397384e+02   1.05076069e-04
   3.44397873e+02   2.39405592e-04
   3.44398361e+02   3.81047983e-04
   3.44398849e+02   2.00999726e-04
   3.44399338e+02  -1.00258898e-04
   3.44399826e+02  -8.90656374e-05
   3.44400314e+02   7.33598499e-05
   3.44400802e+02   8.88489922e-06
   3.44401291e+02  -3.09828215e-06
   3.44401779e+02   3.00403335e-04
   3.44402267e+02   1.76886257e-04
   3.44402756e+02  -3.65811837e-04
   3.44403244e+02  -1.53653134e-04
   3.44403732e+02   7.22464931e-04
   3.44404221e+02   8.57894367e-04
   3.44404709e+02   1.87414480e-04
   3.44405197e+02  -3.43770342e-04
   3.44405686e+02  -2.98166880e-04
   3.44406174e+02   3.16813035e-04
   3.44406662e+02   5.98787505e-04
   3.44407150e+02   2.13938605e-04
   3.44407639e+02  -1.59466887e-04
   3.44408127e+02   2.29937679e-04
   3.44408615e+02   8.21817433e-04
   3.44409104e+02   6.37302699e-04
   3.44409592e+02   6.95615090e-05
   3.44410080e+02  -2.13638530e-04
   3.44410569e+02  -1.48031526e-04
   3.44411057e+02  -9.54014758e-05
   3.44411545e+02  -1.31803739e-04
   3.44412034e+02  -2.51174206e-05
   3.44412522e+02   8.72485762e-05
   3.44413010e+02  -2.38944381e-06
   3.44413498e+02  -1.62380253e-04
   3.44413987e+02  -2.31139813e-04
   3.44414475e+02  -1.05653096e-04
   3.44414963e+02   3.13729630e-04
   3.44415452e+02   5.31128433e-04
   3.44415940e+02   3.68889916e-04
   3.44416428e+02   3.50923772e-04
   3.44416917e+02   3.91547946e-04
   3.44417405e+02   3.52001196e-04
   3.44417893e+02   1.80634979e-05
   3.44418382e+02  -3.81982158e-04
   3.44418870e+02  -3.59809608e-04
   3.44419358e+02  -4.16234630e-04
   3.44419847e+02  -4.53385786e-04
   3.44420335e+02  -2.87537667e-04
   3.44420823e+02  -2.96754006e-04
   3.44421311e+02  -1.40853474e-04
   3.44421800e+02   4.97875553e-05
   3.44422288e+02  -1.28125957e-05
   3.44422776e+02  -1.04292485e-04
   3.44423265e+02  -1.07267122e-04
   3.44423753e+02   2.75286613e-04
   3.44424241e+02   5.53681166e-04
   3.44424730e+02   3.30385403e-04
   3.44425218e+02  -1.72975022e-04
   3.44425706e+02   4.89841113e-05
   3.44426195e+02   5.06344484e-04
   3.44426683e+02   3.48378322e-04
   3.44427171e+02  -5.77073697e-05
   3.44427659e+02  -1.66628859e-04
   3.44428148e+02  -1.68720770e-04
   3.44428636e+02   6.79086661e-05
   3.44429124e+02   2.74358114e-04
   3.44429613e+02  -1.66895843e-05
   3.44430101e+02   4.84937937e-06
   3.44430589e+02   3.30411160e-04
   3.44431078e+02   1.50670909e-04
   3.44431566e+02  -8.15523308e-05
   3.44432054e+02  -8.37934349e-05
   3.44432543e+02  -4.57922870e-05
   3.44433031e+02   7.48136299e-05
   3.44433519e+02   1.67019098e-04
   3.44434007e+02   3.51934577e-04
   3.44434496e+02   3.32643423e-04
   3.44434984e+02   6.77634307e-05
   3.44435472e+02   6.15473400e-05
   3.44435961e+02   5.84628833e-05
   3.44436449e+02  -8.91050513e-05
   3.44436937e+02   9.69281755e-05
   3.44437426e+02   1.72223634e-04
   3.44437914e+02  -1.05902334e-04
   3.44438402e+02  -9.56609729e-05
   3.44438891e+02   9.86653467e-05
   3.44439379e+02  -3.42366875e-05
   3.44439867e+02  -5.55565675e-05
   3.44440355e+02   1.33313995e-04
   3.44440844e+02   5.24787320e-05
   3.44441332e+02   5.92677643e-05
   3.44441820e+02   1.82982563e-04
   3.44442309e+02   3.42949963e-04
   3.44442797e+02   3.69709829e-04
   3.44443285e+02  -1.91672189e-05
   3.44443774e+02  -8.82640234e-05
   3.44444262e+02   3.01542517e-04
   3.44444750e+02   2.93007353e-04
   3.44445239e+02  -1.23563732e-04
   3.44445727e+02  -1.94374938e-04
   3.44446215e+02   2.08599289e-04
   3.44446703e+02   5.51303616e-04
   3.44447192e+02   3.21781408e-04
   3.44447680e+02   6.75896954e-05
   3.44448168e+02  -6.30951690e-05
   3.44448657e+02  -1.97813511e-04
   3.44449145e+02  -4.14579088e-04
   3.44449633e+02  -5.22173475e-04
   3.44450122e+02  -2.49010540e-04
   3.44450610e+02   1.91146421e-04
   3.44451098e+02   1.34854636e-04
   3.44451587e+02   6.79488949e-05
   3.44452075e+02   2.91731267e-04
   3.44452563e+02   5.03173505e-04
   3.44453051e+02   2.68383679e-04
   3.44453540e+02  -9.45152933e-05
   3.44454028e+02   8.30029821e-05
   3.44454516e+02   3.27067944e-04
   3.44455005e+02   4.00866673e-04
   3.44455493e+02   1.22201702e-04
   3.44455981e+02  -1.93618238e-04
   3.44456470e+02  -2.31257392e-04
   3.44456958e+02  -3.00058036e-05
   3.44457446e+02   5.14962376e-05
   3.44457935e+02  -2.93693302e-04
   3.44458423e+02  -3.43814434e-04
   3.44458911e+02  -7.64158631e-06
   3.44459400e+02   4.79529292e-04
   3.44459888e+02   6.42401108e-04
   3.44460376e+02   3.69345653e-04
   3.44460864e+02   6.01718093e-05
   3.44461353e+02  -1.00798243e-04
   3.44461841e+02   1.79560186e-04
   3.44462329e+02   2.98381201e-04
   3.44462818e+02   8.86409252e-05
   3.44463306e+02   4.70177874e-05
   3.44463794e+02  -4.48745326e-04
   3.44464283e+02  -6.30825525e-04
   3.44464771e+02  -1.73098495e-04
   3.44465259e+02   5.56801824e-05
   3.44465748e+02   2.41075162e-04
   3.44466236e+02   2.08174679e-04
   3.44466724e+02  -3.19256564e-04
   3.44467212e+02  -7.00623088e-04
   3.44467701e+02  -4.81484312e-04
   3.44468189e+02   2.24242031e-05
   3.44468677e+02   2.67038413e-04
   3.44469166e+02   1.43825018e-04
   3.44469654e+02   1.20595621e-04
   3.44470142e+02   4.76301648e-05
   3.44470631e+02  -3.02152795e-04
   3.44471119e+02  -4.38318530e-04
   3.44471607e+02  -2.80033040e-04
   3.44472096e+02   6.50247384e-05
   3.44472584e+02   2.53332430e-04
   3.44473072e+02   2.97460792e-04
   3.44473560e+02   4.31116321e-04
   3.44474049e+02   4.95367567e-04
   3.44474537e+02   5.01167320e-04
   3.44475025e+02   6.56384975e-04
   3.44475514e+02   8.68736417e-04
   3.44476002e+02   6.89528475e-04
   3.44476490e+02  -1.65656325e-04
   3.44476979e+02  -5.55854174e-04
   3.44477467e+02  -2.63384252e-04
   3.44477955e+02  -5.07469631e-05
   3.44478444e+02   2.11176797e-04
   3.44478932e+02   8.24994495e-05
   3.44479420e+02  -7.67912061e-05
   3.44479908e+02   4.72897431e-04
   3.44480397e+02   6.35305070e-04
   3.44480885e+02   2.45539151e-04
   3.44481373e+02   1.45138954e-04
   3.44481862e+02  -1.12012960e-04
   3.44482350e+02  -2.68725009e-04
   3.44482838e+02  -3.63352847e-05
   3.44483327e+02   2.04680357e-04
   3.44483815e+02   3.95625626e-04
   3.44484303e+02   4.95305467e-05
   3.44484792e+02   1.96802721e-05
   3.44485280e+02   2.02963216e-04
   3.44485768e+02  -3.78156459e-04
   3.44486256e+02  -9.95934708e-04
   3.44486745e+02  -6.51892798e-04
   3.44487233e+02  -1.92733642e-04
   3.44487721e+02   1.55423637e-04
   3.44488210e+02   7.92174906e-05
   3.44488698e+02  -4.74181667e-04
   3.44489186e+02  -3.51219292e-04
   3.44489675e+02  -1.97654899e-05
   3.44490163e+02  -5.97356920e-05
   3.44490651e+02  -2.03910036e-04
   3.44491140e+02  -3.42644838e-04
   3.44491628e+02  -1.23460937e-04
   3.44492116e+02   1.68128667e-04
   3.44492604e+02   9.28075024e-05
   3.44493093e+02   2.91578297e-04
   3.44493581e+02   4.74503817e-04
   3.44494069e+02   1.24269602e-04
   3.44494558e+02  -1.16339666e-04
   3.44495046e+02   3.30715702e-04
   3.44495534e+02   8.07696255e-04
   3.44496023e+02   5.66054368e-04
   3.44496511e+02   1.03479200e-04
   3.44496999e+02  -2.02158291e-04
   3.44497488e+02  -3.82462458e-04
   3.44497976e+02  -2.07697507e-04
   3.44498464e+02  -6.45697510e-05
   3.44498953e+02  -5.33082348e-04
   3.44499441e+02  -5.32994338e-04
   3.44499929e+02  -2.58984219e-04
   3.44500417e+02  -6.75597053e-04
   3.44500906e+02  -8.51401535e-04
   3.44501394e+02  -3.70837748e-04
   3.44501882e+02  -3.26937443e-05
   3.44502371e+02  -6.72742099e-05
   3.44502859e+02  -1.99996910e-04
   3.44503347e+02  -1.09682056e-04
   3.44503836e+02  -8.50534198e-05
   3.44504324e+02  -1.13310061e-05
   3.44504812e+02   3.40760656e-04
   3.44505301e+02   1.93511922e-04
   3.44505789e+02  -2.50140409e-04
   3.44506277e+02  -3.62558530e-05
   3.44506765e+02   4.54326801e-04
   3.44507254e+02   4.21615696e-04
   3.44507742e+02   1.52152006e-05
   3.44508230e+02  -1.43952857e-04
   3.44508719e+02  -5.50979457e-05
   3.44509207e+02  -9.87192689e-05
   3.44509695e+02  -4.09709901e-04
   3.44510184e+02  -2.63154769e-04
   3.44510672e+02   1.46632112e-04
   3.44511160e+02  -9.37575605e-05
   3.44511649e+02  -8.43714632e-04
   3.44512137e+02  -1.08444400e-03
   3.44512625e+02  -2.78351508e-04
   3.44513113e+02   6.41326711e-04
   3.44513602e+02   5.56766405e-04
   3.44514090e+02   1.34122747e-04
   3.44514578e+02   1.04352810e-04
   3.44515067e+02   1.88834660e-04
   3.44515555e+02   2.36093001e-06
   3.44516043e+02   3.19879036e-05
   3.44516532e+02   2.21445371e-04
   3.44517020e+02   1.62843833e-04
   3.44517508e+02   9.91688648e-05
   3.44517997e+02  -2.62599438e-04
   3.44518485e+02  -4.87048441e-04
   3.44518973e+02  -1.26035826e-04
   3.44519461e+02   4.61580785e-04
   3.44519950e+02   6.70280599e-04
   3.44520438e+02   3.06002548e-05
   3.44520926e+02  -5.17037173e-04
   3.44521415e+02  -3.48119676e-04
   3.44521903e+02  -9.16673744e-05
   3.44522391e+02  -5.12746738e-05
   3.44522880e+02  -1.75625682e-05
   3.44523368e+02   4.69539032e-07
   3.44523856e+02  -1.03645143e-04
   3.44524345e+02  -3.77842443e-05
   3.44524833e+02   2.05868982e-05
   3.44525321e+02  -2.29447163e-04
   3.44525809e+02  -2.59838445e-04
   3.44526298e+02  -2.14768603e-04
   3.44526786e+02  -2.35552900e-04
   3.44527274e+02  -3.38885264e-04
   3.44527763e+02  -3.47809313e-04
   3.44528251e+02   7.74034634e-05
   3.44528739e+02   9.60726466e-05
   3.44529228e+02  -2.09754115e-04
   3.44529716e+02   2.46558164e-04
   3.44530204e+02   8.73703626e-04
   3.44530693e+02   5.07644261e-04
   3.44531181e+02   1.90170787e-04
   3.44531669e+02   1.23378632e-04
   3.44532157e+02  -1.40699980e-04
   3.44532646e+02  -2.91015924e-04
   3.44533134e+02  -2.76784209e-04
   3.44533622e+02   1.51696499e-04
   3.44534111e+02   4.89233469e-04
   3.44534599e+02   3.27167101e-04
   3.44535087e+02   7.31991167e-05
   3.44535576e+02  -2.64696591e-05
   3.44536064e+02   7.62207355e-06
   3.44536552e+02  -6.26253459e-05
   3.44537041e+02   2.24062842e-05
   3.44537529e+02   4.27190214e-04
   3.44538017e+02   3.73782183e-04
   3.44538506e+02  -4.89541097e-04
   3.44538994e+02  -9.37416975e-04
   3.44539482e+02  -3.05599446e-04
   3.44539970e+02   4.22124198e-04
   3.44540459e+02   4.35090071e-04
   3.44540947e+02   1.97196001e-04
   3.44541435e+02   9.43016275e-05
   3.44541924e+02   1.53648332e-04
   3.44542412e+02   6.87475913e-05
   3.44542900e+02  -1.99798524e-04
   3.44543389e+02  -1.16207164e-04
   3.44543877e+02   1.09879191e-04
   3.44544365e+02  -5.19364876e-05
   3.44544854e+02  -3.57787183e-04
   3.44545342e+02  -3.33726086e-04
   3.44545830e+02  -2.86336348e-04
   3.44546318e+02  -1.25422579e-04
   3.44546807e+02   5.10622514e-04
   3.44547295e+02   8.55499762e-04
   3.44547783e+02   3.26653913e-04
   3.44548272e+02  -1.77295253e-04
   3.44548760e+02  -4.95866523e-04
   3.44549248e+02  -7.86819495e-04
   3.44549737e+02  -5.10786136e-04
   3.44550225e+02   3.91797017e-04
   3.44550713e+02   8.86091846e-04
   3.44551202e+02   1.88850972e-04
   3.44551690e+02  -3.13431752e-04
   3.44552178e+02  -1.42821242e-04
   3.44552666e+02   3.88103253e-05
   3.44553155e+02   7.39291427e-05
   3.44553643e+02  -6.37093253e-05
   3.44554131e+02  -9.83185237e-05
   3.44554620e+02  -3.93762530e-05
   3.44555108e+02   2.55321240e-04
   3.44555596e+02   2.27176060e-04
   3.44556085e+02  -6.81420934e-05
   3.44556573e+02   6.13604789e-05
   3.44557061e+02   1.32209942e-04
   3.44557550e+02   1.42397846e-06
   3.44558038e+02  -1.26802197e-05
   3.44558526e+02  -1.43269295e-04
   3.44559014e+02  -1.32996094e-04
   3.44559503e+02  -9.86344239e-05
   3.44559991e+02  -1.04428596e-04
   3.44560479e+02   1.83381038e-04
   3.44560968e+02   2.80894892e-04
   3.44561456e+02  -5.27234333e-05
   3.44561944e+02  -8.61076114e-06
   3.44562433e+02   4.73216322e-04
   3.44562921e+02   4.84202057e-04
   3.44563409e+02   1.16922252e-04
   3.44563898e+02  -4.63218712e-05
   3.44564386e+02   1.75688270e-04
   3.44564874e+02   6.46383909e-04
   3.44565362e+02   7.95489002e-04
   3.44565851e+02   8.63353023e-04
   3.44566339e+02   7.35712354e-04
   3.44566827e+02   3.14214703e-04
   3.44567316e+02   2.23465933e-04
   3.44567804e+02   3.56305449e-04
   3.44568292e+02   3.23887478e-04
   3.44568781e+02   1.64696277e-04
   3.44569269e+02   5.33567327e-05
   3.44569757e+02   4.09990571e-05
   3.44570246e+02  -3.63186809e-05
   3.44570734e+02  -8.04351075e-05
   3.44571222e+02  -6.49469439e-05
   3.44571710e+02  -1.51026688e-04
   3.44572199e+02   5.08163575e-05
   3.44572687e+02   1.84459888e-04
   3.44573175e+02   4.99674425e-05
   3.44573664e+02   1.89049329e-04
   3.44574152e+02   6.24022214e-05
   3.44574640e+02  -2.13306394e-05
   3.44575129e+02   1.45027851e-04
   3.44575617e+02  -7.58198439e-05
   3.44576105e+02  -2.32536244e-04
   3.44576594e+02   1.08782897e-05
   3.44577082e+02   4.76308924e-04
   3.44577570e+02   8.30777397e-04
   3.44578059e+02   3.87452950e-04
   3.44578547e+02  -3.17608530e-04
   3.44579035e+02  -6.90597299e-05
   3.44579523e+02   3.85361636e-04
   3.44580012e+02   1.75336230e-04
   3.44580500e+02   1.74084489e-04
   3.44580988e+02   4.21437959e-04
   3.44581477e+02   2.09387581e-04
   3.44581965e+02  -2.37069995e-04
   3.44582453e+02  -5.85941540e-04
   3.44582942e+02  -5.97844075e-04
   3.44583430e+02  -3.45892513e-05
   3.44583918e+02   3.10662494e-04
   3.44584407e+02   4.42660181e-04
   3.44584895e+02   3.00419546e-04
   3.44585383e+02  -6.88158470e-05
   3.44585871e+02   1.62299548e-05
   3.44586360e+02   1.74693178e-05
   3.44586848e+02  -2.48607947e-04
   3.44587336e+02  -1.00824407e-04
   3.44587825e+02   1.91005049e-04
   3.44588313e+02   4.78356669e-04
   3.44588801e+02   7.05305079e-04
   3.44589290e+02   6.49229332e-04
   3.44589778e+02   1.96540073e-04
   3.44590266e+02  -3.30106210e-04
   3.44590755e+02  -1.07145264e-04
   3.44591243e+02   5.41405519e-04
   3.44591731e+02   5.97282080e-04
   3.44592219e+02   3.20459192e-04
   3.44592708e+02   1.82299729e-04
   3.44593196e+02   6.55104814e-05
   3.44593684e+02  -2.42179216e-04
   3.44594173e+02  -4.25900187e-04
   3.44594661e+02  -1.45003884e-04
   3.44595149e+02   2.94274185e-04
   3.44595638e+02   5.20386908e-04
   3.44596126e+02   5.52764279e-04
   3.44596614e+02   3.02233500e-04
   3.44597103e+02  -1.10899637e-04
   3.44597591e+02  -4.11900954e-04
   3.44598079e+02  -4.17877483e-04
   3.44598567e+02  -1.58869152e-04
   3.44599056e+02  -6.03868721e-05
   3.44599544e+02  -9.46233995e-05
   3.44600032e+02   5.25478572e-05
   3.44600521e+02   2.47149874e-04
   3.44601009e+02  -3.14061210e-04
   3.44601497e+02  -3.93564638e-04
   3.44601986e+02  -2.73633195e-04
   3.44602474e+02  -2.87667121e-04
   3.44602962e+02  -3.34114040e-04
   3.44603451e+02  -3.65797547e-04
   3.44603939e+02  -7.22621553e-05
   3.44604427e+02   4.23321937e-04
   3.44604915e+02   6.84181810e-04
   3.44605404e+02   4.76642337e-04
   3.44605892e+02  -6.11971063e-06
   3.44606380e+02  -3.95430288e-05
   3.44606869e+02   1.45500759e-04
   3.44607357e+02   1.16813117e-05
   3.44607845e+02  -1.85427140e-04
   3.44608334e+02  -1.03030579e-04
   3.44608822e+02   1.15886098e-04
   3.44609310e+02   2.40987123e-04
   3.44609799e+02   1.82492397e-04
   3.44610287e+02   2.08329162e-04
   3.44610775e+02   2.43207876e-04
   3.44611263e+02   6.91558171e-06
   3.44611752e+02  -1.94252279e-04
   3.44612240e+02  -4.24448517e-05
   3.44612728e+02   7.42724951e-05
   3.44613217e+02  -1.98703274e-04
   3.44613705e+02  -3.28253285e-04
   3.44614193e+02   1.04402905e-04
   3.44614682e+02   4.42343473e-04
   3.44615170e+02   5.17671970e-06
   3.44615658e+02  -4.79224662e-04
   3.44616147e+02  -2.06313038e-04
   3.44616635e+02   1.41914847e-04
   3.44617123e+02   1.19689226e-04
   3.44617612e+02   4.79976043e-05
   3.44618100e+02   2.68425811e-06
   3.44618588e+02  -3.20311112e-04
   3.44619076e+02  -5.60098561e-04
   3.44619565e+02  -2.70886609e-04
   3.44620053e+02  -2.12640080e-05
   3.44620541e+02   1.18383192e-04
   3.44621030e+02   4.70787927e-06
   3.44621518e+02  -3.88385059e-04
   3.44622006e+02  -3.21515196e-04
   3.44622495e+02  -1.64525409e-04
   3.44622983e+02  -2.32578968e-04
   3.44623471e+02  -3.31097486e-04
   3.44623960e+02  -2.91040691e-04
   3.44624448e+02  -2.09778649e-04
   3.44624936e+02  -9.10121016e-05
   3.44625424e+02  -5.52767015e-05
   3.44625913e+02  -1.54915309e-04
   3.44626401e+02   1.69042003e-04
   3.44626889e+02   1.44089325e-04
   3.44627378e+02  -3.52037372e-04
   3.44627866e+02  -1.61869437e-04
   3.44628354e+02   5.40878864e-05
   3.44628843e+02  -4.56206850e-04
   3.44629331e+02  -7.63739168e-04
   3.44629819e+02  -5.72282530e-04
   3.44630308e+02  -3.57460493e-04
   3.44630796e+02  -2.67014711e-05
   3.44631284e+02   3.31901800e-04
   3.44631772e+02   3.40218940e-05
   3.44632261e+02  -6.49602269e-04
   3.44632749e+02  -7.67222547e-04
   3.44633237e+02  -4.19567572e-04
   3.44633726e+02   4.93165826e-05
   3.44634214e+02   3.15377983e-04
   3.44634702e+02   9.88201828e-06
   3.44635191e+02  -9.90601693e-05
   3.44635679e+02   1.94604596e-04
   3.44636167e+02   1.87868980e-04
   3.44636656e+02  -6.87659776e-05
   3.44637144e+02  -3.44911095e-04
   3.44637632e+02  -3.65756481e-04
   3.44638120e+02   3.39896287e-05
   3.44638609e+02   4.25789971e-04
   3.44639097e+02   5.33114478e-04
   3.44639585e+02   3.48562811e-04
   3.44640074e+02   1.65161269e-04
   3.44640562e+02   2.67103111e-04
   3.44641050e+02   4.27299849e-04
   3.44641539e+02   4.57676651e-04
   3.44642027e+02   4.40579402e-04
   3.44642515e+02   1.58767492e-04
   3.44643004e+02  -4.12518653e-04
   3.44643492e+02  -4.78716916e-04
   3.44643980e+02  -1.72656175e-04
   3.44644468e+02   1.23726946e-04
   3.44644957e+02   2.46216747e-04
   3.44645445e+02  -3.97812837e-05
   3.44645933e+02  -1.97747286e-04
   3.44646422e+02  -3.62535320e-05
   3.44646910e+02   1.00023695e-04
   3.44647398e+02   2.54988445e-05
   3.44647887e+02   4.00354911e-05
   3.44648375e+02   7.89744809e-05
   3.44648863e+02  -1.35219540e-04
   3.44649352e+02  -3.32816679e-04
   3.44649840e+02  -1.96219655e-04
   3.44650328e+02  -1.22830927e-04
   3.44650816e+02  -1.64252036e-04
   3.44651305e+02  -1.50264706e-04
   3.44651793e+02  -5.12653132e-05
   3.44652281e+02   6.20502021e-07
   3.44652770e+02   1.06260313e-05
   3.44653258e+02   4.84480930e-04
   3.44653746e+02   8.02983006e-04
   3.44654235e+02   5.21732669e-04
   3.44654723e+02   3.42341198e-04
   3.44655211e+02   3.77991499e-04
   3.44655700e+02   1.20988894e-04
   3.44656188e+02  -1.21987032e-04
   3.44656676e+02   2.28325152e-04
   3.44657165e+02   5.38980064e-04
   3.44657653e+02   1.29071632e-04
   3.44658141e+02  -1.04613799e-04
   3.44658629e+02  -1.99287315e-04
   3.44659118e+02  -4.01808327e-04
   3.44659606e+02  -2.24426825e-04
   3.44660094e+02  -7.96669701e-06
   3.44660583e+02   3.67000292e-04
   3.44661071e+02   4.12318797e-04
   3.44661559e+02   2.62347545e-04
   3.44662048e+02  -6.29897550e-05
   3.44662536e+02  -1.57773102e-04
   3.44663024e+02  -2.67426105e-04
   3.44663513e+02  -7.56568741e-04
   3.44664001e+02  -8.12649727e-04
   3.44664489e+02  -4.39327589e-04
   3.44664977e+02  -3.05123831e-04
   3.44665466e+02  -4.66230413e-04
   3.44665954e+02  -4.25299339e-04
   3.44666442e+02  -1.32464193e-04
   3.44666931e+02  -1.86097182e-04
   3.44667419e+02  -4.46722406e-04
   3.44667907e+02  -4.94485663e-04
   3.44668396e+02  -6.44458341e-04
   3.44668884e+02  -4.45347658e-04
   3.44669372e+02   2.81430603e-05
   3.44669861e+02   1.97670568e-04
   3.44670349e+02  -3.78933728e-05
   3.44670837e+02  -5.44787676e-04
   3.44671325e+02  -7.15745147e-04
   3.44671814e+02  -3.89781664e-04
   3.44672302e+02   3.46409914e-04
   3.44672790e+02   8.40368622e-04
   3.44673279e+02   5.84195834e-04
   3.44673767e+02   1.80444767e-04
   3.44674255e+02   5.62339701e-05
   3.44674744e+02  -1.24220569e-05
   3.44675232e+02  -1.68129292e-04
   3.44675720e+02  -1.59222778e-04
   3.44676209e+02  -1.32245113e-04
   3.44676697e+02  -2.06221535e-04
   3.44677185e+02  -1.09442452e-04
   3.44677673e+02   8.63206369e-05
   3.44678162e+02   2.87257106e-04
   3.44678650e+02   2.84728769e-04
   3.44679138e+02   5.08966797e-04
   3.44679627e+02   7.47485203e-04
   3.44680115e+02   3.70684342e-04
   3.44680603e+02   6.24946988e-05
   3.44681092e+02  -3.52659517e-05
   3.44681580e+02  -4.12595255e-05
   3.44682068e+02   1.50066859e-04
   3.44682557e+02   2.66112242e-04
   3.44683045e+02   2.40138557e-04
   3.44683533e+02   4.24710801e-04
   3.44684021e+02   7.56212801e-04
   3.44684510e+02   6.90877554e-04
   3.44684998e+02   3.27692309e-04
   3.44685486e+02   2.19315007e-05
   3.44685975e+02  -3.71806927e-05
   3.44686463e+02  -7.50153267e-05
   3.44686951e+02  -3.13210796e-04
   3.44687440e+02  -5.59540640e-04
   3.44687928e+02  -3.28413851e-04
   3.44688416e+02   2.76460778e-04
   3.44688905e+02   4.85636236e-04
   3.44689393e+02   1.83500393e-04
   3.44689881e+02  -2.85981107e-04
   3.44690369e+02  -3.43100168e-04
   3.44690858e+02   1.21371435e-04
   3.44691346e+02   2.63010006e-04
   3.44691834e+02   1.43821133e-04
   3.44692323e+02   3.08288145e-04
   3.44692811e+02   2.38094450e-04
   3.44693299e+02  -2.16991903e-04
   3.44693788e+02  -1.96342167e-04
   3.44694276e+02  -3.77003307e-05
   3.44694764e+02  -3.67591856e-05
   3.44695253e+02  -1.98753842e-04
   3.44695741e+02  -4.92357940e-04
   3.44696229e+02  -4.56077896e-06
   3.44696718e+02   3.89708410e-04
   3.44697206e+02   8.26104497e-06
   3.44697694e+02  -2.71866156e-04
   3.44698182e+02  -9.03208129e-05
   3.44698671e+02   3.14863195e-04
   3.44699159e+02   6.24539214e-04
   3.44699647e+02   5.99741354e-04
   3.44700136e+02   4.93505737e-04
   3.44700624e+02   4.26953717e-04
   3.44701112e+02   2.00406663e-04
   3.44701601e+02  -3.46731758e-05
   3.44702089e+02  -1.75928231e-04
   3.44702577e+02  -2.13644380e-04
   3.44703066e+02  -1.30748929e-04
   3.44703554e+02   2.06913508e-04
   3.44704042e+02   4.24892874e-04
   3.44704530e+02   2.89452262e-04
   3.44705019e+02   3.11543350e-04
   3.44705507e+02   1.21025434e-04
   3.44705995e+02  -1.52479348e-04
   3.44706484e+02   2.84252368e-04
   3.44706972e+02   7.70300045e-04
   3.44707460e+02   6.29856484e-04
   3.44707949e+02  -1.39198437e-05
   3.44708437e+02  -4.14876675e-04
   3.44708925e+02   1.20977711e-04
   3.44709414e+02   6.39455742e-04
   3.44709902e+02   7.83429889e-04
   3.44710390e+02   9.57309618e-04
   3.44710878e+02   7.70433748e-04
   3.44711367e+02   5.13291743e-04
   3.44711855e+02   4.07087296e-04
   3.44712343e+02   1.28649641e-04
   3.44712832e+02   1.03700280e-04
   3.44713320e+02   2.50081939e-04
   3.44713808e+02   1.85841345e-04
   3.44714297e+02   1.76283065e-04
   3.44714785e+02   4.90369621e-06
   3.44715273e+02  -3.31027113e-04
   3.44715762e+02  -3.11035925e-04
   3.44716250e+02  -1.94091539e-04
   3.44716738e+02  -2.70485325e-04
   3.44717226e+02  -2.80811306e-04
   3.44717715e+02  -5.83528163e-05
   3.44718203e+02   4.12928464e-04
   3.44718691e+02   5.57643885e-04
   3.44719180e+02   2.92083540e-04
   3.44719668e+02   1.35464827e-04
   3.44720156e+02   1.59363015e-04
   3.44720645e+02  -1.19892138e-04
   3.44721133e+02  -6.76182448e-04
   3.44721621e+02  -7.09151616e-04
   3.44722110e+02  -1.76985006e-04
   3.44722598e+02   8.10411148e-05
   3.44723086e+02   4.94182386e-05
   3.44723574e+02   1.72633299e-04
   3.44724063e+02   1.92478954e-04
   3.44724551e+02  -6.03697445e-05
   3.44725039e+02  -3.10852105e-04
   3.44725528e+02  -4.07780935e-05
   3.44726016e+02   2.37173517e-04
   3.44726504e+02   1.57030590e-04
   3.44726993e+02  -6.66248598e-05
   3.44727481e+02  -4.71739331e-04
   3.44727969e+02  -4.13897244e-04
   3.44728458e+02  -1.02302176e-04
   3.44728946e+02  -2.00904571e-04
   3.44729434e+02  -3.29551782e-04
   3.44729922e+02  -3.38425511e-04
   3.44730411e+02  -3.46270710e-04
   3.44730899e+02  -6.00046769e-05
   3.44731387e+02   4.27080726e-04
   3.44731876e+02   3.90936621e-04
   3.44732364e+02  -7.84003132e-05
   3.44732852e+02  -2.67403782e-04
   3.44733341e+02   5.09674828e-06
   3.44733829e+02   1.39492331e-04
   3.44734317e+02  -2.11824547e-04
   3.44734806e+02  -1.49280750e-04
   3.44735294e+02   2.39013942e-04
   3.44735782e+02   2.82134017e-04
   3.44736271e+02  -1.23282414e-04
   3.44736759e+02  -5.79336367e-04
   3.44737247e+02  -5.30781574e-04
   3.44737735e+02  -4.68717684e-04
   3.44738224e+02  -7.25885504e-04
   3.44738712e+02  -8.59251712e-04
   3.44739200e+02  -9.79605946e-04
   3.44739689e+02  -1.11922249e-03
   3.44740177e+02  -6.87001273e-04
   3.44740665e+02  -4.87918624e-05
   3.44741154e+02  -9.13569820e-05
   3.44741642e+02  -1.71025022e-04
   3.44742130e+02   3.85694933e-04
   3.44742619e+02   5.46497758e-04
   3.44743107e+02   1.42643417e-04
   3.44743595e+02  -1.68955492e-04
   3.44744083e+02  -2.41257556e-04
   3.44744572e+02  -1.79042443e-04
   3.44745060e+02  -2.78004463e-05
   3.44745548e+02   1.93658387e-04
   3.44746037e+02   3.87854350e-04
   3.44746525e+02   4.27008665e-04
   3.44747013e+02   1.47895276e-04
   3.44747502e+02  -3.28411610e-04
   3.44747990e+02  -7.62651791e-04
   3.44748478e+02  -8.94261408e-04
   3.44748967e+02  -8.84239096e-04
   3.44749455e+02  -5.85827162e-04
   3.44749943e+02   8.34461607e-05
   3.44750431e+02   3.73745599e-04
   3.44750920e+02   4.62013559e-04
   3.44751408e+02   4.13004047e-04
   3.44751896e+02   2.57611217e-04
   3.44752385e+02  -1.66565776e-04
   3.44752873e+02  -7.05502345e-04
   3.44753361e+02  -5.60161076e-04
   3.44753850e+02   2.00899885e-04
   3.44754338e+02   6.59004843e-04
   3.44754826e+02   5.46686235e-04
   3.44755315e+02   4.33126756e-04
   3.44755803e+02   6.59336336e-04
   3.44756291e+02   6.86646032e-04
   3.44756779e+02   1.11306545e-05
   3.44757268e+02  -6.22525578e-04
   3.44757756e+02  -3.17352038e-04
   3.44758244e+02   6.15299505e-05
   3.44758733e+02  -2.16630156e-06
   3.44759221e+02   2.89692271e-05
   3.44759709e+02   1.20090801e-04
   3.44760198e+02   1.18469121e-04
   3.44760686e+02   1.58764960e-04
   3.44761174e+02   6.34093361e-04
   3.44761663e+02   9.64561768e-04
   3.44762151e+02   6.54137111e-04
   3.44762639e+02   2.29273632e-04
   3.44763127e+02  -4.37049857e-05
   3.44763616e+02   1.42734265e-04
   3.44764104e+02   3.73524352e-04
   3.44764592e+02  -6.92567191e-05
   3.44765081e+02  -2.07109508e-04
   3.44765569e+02   5.11947583e-05
   3.44766057e+02   1.26291241e-04
   3.44766546e+02   1.92894018e-04
   3.44767034e+02   1.13924929e-04
   3.44767522e+02  -2.15145294e-04
   3.44768011e+02  -4.74084518e-04
   3.44768499e+02  -3.47689056e-04
   3.44768987e+02  -3.59659549e-04
   3.44769475e+02  -6.89072534e-04
   3.44769964e+02  -5.41412272e-04
   3.44770452e+02  -1.74935267e-04
   3.44770940e+02   4.03532576e-05
   3.44771429e+02   4.66066500e-04
   3.44771917e+02   4.82760079e-04
   3.44772405e+02   1.24031110e-04
   3.44772894e+02   1.10316534e-04
   3.44773382e+02   7.78868780e-05
   3.44773870e+02   3.33157041e-05
   3.44774359e+02   1.58886192e-04
   3.44774847e+02   2.36787280e-04
   3.44775335e+02   2.78512336e-04
   3.44775824e+02   2.63508118e-04
   3.44776312e+02  -7.18693700e-05
   3.44776800e+02  -9.68825480e-05
   3.44777288e+02  -2.90860353e-05
   3.44777777e+02   9.00387386e-05
   3.44778265e+02   3.72826151e-04
   3.44778753e+02   6.46489905e-04
   3.44779242e+02   6.61139260e-04
   3.44779730e+02   5.04480151e-04
   3.44780218e+02   1.92226420e-04
   3.44780707e+02  -7.61724223e-05
   3.44781195e+02   7.05924758e-05
   3.44781683e+02   1.29979744e-04
   3.44782172e+02   4.39642063e-05
   3.44782660e+02  -1.12921021e-04
   3.44783148e+02  -2.79662810e-04
   3.44783636e+02  -1.18643715e-04
   3.44784125e+02  -1.38200630e-05
   3.44784613e+02   2.62286030e-05
   3.44785101e+02   9.65104409e-05
   3.44785590e+02   2.05700911e-04
   3.44786078e+02   2.96813436e-04
   3.44786566e+02  -7.85132725e-05
   3.44787055e+02  -1.82990727e-04
   3.44787543e+02  -9.51106340e-05
   3.44788031e+02  -4.88077756e-04
   3.44788520e+02  -6.65164436e-04
   3.44789008e+02  -4.51752654e-04
   3.44789496e+02  -1.73575623e-04
   3.44789984e+02   6.49665672e-05
   3.44790473e+02   3.29223491e-04
   3.44790961e+02   1.65749603e-04
   3.44791449e+02  -2.64000526e-04
   3.44791938e+02  -2.40636495e-04
   3.44792426e+02   1.63497360e-04
   3.44792914e+02   2.92935176e-04
   3.44793403e+02   2.55532708e-04
   3.44793891e+02   4.25526465e-04
   3.44794379e+02   3.32746567e-04
   3.44794868e+02   2.48658558e-04
   3.44795356e+02   2.66547053e-04
   3.44795844e+02  -2.50465702e-04
   3.44796332e+02  -4.87802870e-04
   3.44796821e+02  -3.03976594e-05
   3.44797309e+02   6.80627927e-05
   3.44797797e+02   6.70799855e-05
   3.44798286e+02   1.69222636e-04
   3.44798774e+02   1.20156449e-06
   3.44799262e+02  -4.38320312e-05
   3.44799751e+02   1.24291444e-04
   3.44800239e+02   1.22640849e-04
   3.44800727e+02   1.03182843e-04
   3.44801216e+02   5.97469771e-05
   3.44801704e+02   1.91142113e-04
   3.44802192e+02   5.70607139e-04
   3.44802680e+02   7.47765647e-04
   3.44803169e+02   7.09236250e-04
   3.44803657e+02   5.25431475e-04
   3.44804145e+02   3.31581628e-04
   3.44804634e+02  -1.21580095e-04
   3.44805122e+02  -6.66140229e-04
   3.44805610e+02  -2.01801391e-04
   3.44806099e+02   5.02800220e-04
   3.44806587e+02   2.53931037e-04
   3.44807075e+02   2.46344052e-06
   3.44807564e+02   2.07038829e-04
   3.44808052e+02   1.00008416e-04
   3.44808540e+02  -7.94436273e-05
   3.44809028e+02   1.79607610e-04
   3.44809517e+02   1.57691000e-04
   3.44810005e+02  -8.79522413e-05
   3.44810493e+02   9.17974321e-05
   3.44810982e+02   7.33858178e-05
   3.44811470e+02  -1.09854600e-05
   3.44811958e+02   3.28870257e-04
   3.44812447e+02   2.07160323e-04
   3.44812935e+02  -3.12926044e-04
   3.44813423e+02  -5.45958523e-04
   3.44813912e+02  -6.72000169e-04
   3.44814400e+02  -5.03934163e-04
   3.44814888e+02  -1.53330213e-04
   3.44815377e+02  -2.23042138e-04
   3.44815865e+02  -2.75642262e-04
   3.44816353e+02  -4.68302751e-05
   3.44816841e+02  -3.90306268e-05
   3.44817330e+02  -1.23485124e-05
   3.44817818e+02   3.98741744e-04
   3.44818306e+02   2.45263131e-04
   3.44818795e+02  -3.69207934e-04
   3.44819283e+02  -4.78026719e-04
   3.44819771e+02  -5.06337848e-04
   3.44820260e+02  -4.42971679e-04
   3.44820748e+02   1.56793467e-05
   3.44821236e+02   4.60369221e-04
   3.44821725e+02   6.21630577e-04
   3.44822213e+02   6.72323920e-04
   3.44822701e+02   5.12804138e-04
   3.44823189e+02  -1.80327679e-05
   3.44823678e+02  -3.89275199e-04
   3.44824166e+02  -4.01437865e-04
   3.44824654e+02  -2.40346388e-04
   3.44825143e+02   2.59351276e-04
   3.44825631e+02   4.30693937e-04
   3.44826119e+02  -1.09589328e-05
   3.44826608e+02  -4.69764501e-07
   3.44827096e+02   9.99868062e-05
   3.44827584e+02  -6.53360257e-05
   3.44828073e+02  -6.00596613e-05
   3.44828561e+02   6.81623933e-05
   3.44829049e+02   1.80296018e-04
   3.44829537e+02   1.04433449e-04
   3.44830026e+02   1.32564901e-05
   3.44830514e+02   1.27529856e-04
   3.44831002e+02   2.77017010e-04
   3.44831491e+02   3.30111245e-04
   3.44831979e+02   1.02261591e-04
   3.44832467e+02  -1.89645507e-04
   3.44832956e+02  -3.06523492e-04
   3.44833444e+02  -1.39575393e-04
