frequency (GHz), flux (Jy/beam)
   3.43899310e+02   6.66555483e-04
   3.43899798e+02   6.10047951e-04
   3.43900286e+02   2.41721864e-05
   3.43900774e+02  -6.06185757e-04
   3.43901263e+02  -7.98033609e-04
   3.43901751e+02  -4.38822579e-04
   3.43902239e+02   4.56980270e-05
   3.43902728e+02  -5.43706119e-05
   3.43903216e+02  -4.58733877e-04
   3.43903704e+02  -3.76734650e-04
   3.43904193e+02  -4.91790051e-05
   3.43904681e+02   1.84681005e-04
   3.43905169e+02   2.64802860e-04
   3.43905658e+02   9.39370439e-05
   3.43906146e+02  -3.38898644e-05
   3.43906634e+02   1.32723799e-04
   3.43907122e+02   7.70785991e-05
   3.43907611e+02  -1.09325127e-04
   3.43908099e+02  -9.94878155e-06
   3.43908587e+02   2.57874752e-04
   3.43909076e+02   2.80778389e-04
   3.43909564e+02  -1.36673290e-04
   3.43910052e+02  -4.60789772e-04
   3.43910541e+02  -6.25163317e-04
   3.43911029e+02  -6.47145789e-04
   3.43911517e+02  -2.39398782e-04
   3.43912006e+02   1.55152273e-04
   3.43912494e+02   2.10320097e-04
   3.43912982e+02  -2.05361212e-05
   3.43913470e+02  -2.76476727e-04
   3.43913959e+02  -3.37367324e-04
   3.43914447e+02  -4.56018497e-05
   3.43914935e+02   8.22935617e-05
   3.43915424e+02  -1.45138212e-04
   3.43915912e+02  -6.17330661e-05
   3.43916400e+02   3.30481969e-04
   3.43916889e+02   4.11839748e-04
   3.43917377e+02   2.53418169e-04
   3.43917865e+02   5.04868221e-04
   3.43918354e+02   7.13229645e-04
   3.43918842e+02   3.68549518e-04
   3.43919330e+02   2.21156311e-04
   3.43919818e+02   3.45645793e-04
   3.43920307e+02   3.33897129e-04
   3.43920795e+02   2.29211553e-04
   3.43921283e+02   1.02990402e-04
   3.43921772e+02  -1.56440234e-04
   3.43922260e+02  -1.42398814e-04
   3.43922748e+02   8.01589920e-07
   3.43923237e+02  -1.70659812e-04
   3.43923725e+02  -8.65147194e-06
   3.43924213e+02   3.44471948e-04
   3.43924702e+02   2.05091739e-04
   3.43925190e+02  -2.25516633e-04
   3.43925678e+02  -3.29691917e-04
   3.43926166e+02   5.27693519e-05
   3.43926655e+02   2.88254436e-04
   3.43927143e+02  -1.54265217e-05
   3.43927631e+02  -3.83355742e-04
   3.43928120e+02  -4.02749778e-04
   3.43928608e+02  -3.10648502e-05
   3.43929096e+02   6.71395042e-04
   3.43929585e+02   1.08740176e-03
   3.43930073e+02   6.19427417e-04
   3.43930561e+02   1.35491209e-04
   3.43931050e+02   1.72707092e-04
   3.43931538e+02   1.87789101e-05
   3.43932026e+02  -2.69570301e-04
   3.43932514e+02  -4.14889771e-04
   3.43933003e+02  -4.34468326e-04
   3.43933491e+02  -2.95621139e-04
   3.43933979e+02  -3.18478444e-04
   3.43934468e+02  -1.77856491e-04
   3.43934956e+02  -1.36254257e-05
   3.43935444e+02  -2.20851070e-05
   3.43935933e+02   2.22530944e-04
   3.43936421e+02   5.12039638e-04
   3.43936909e+02   3.72572598e-04
   3.43937398e+02  -6.93428603e-07
   3.43937886e+02   1.47258557e-04
   3.43938374e+02   4.52482869e-04
   3.43938863e+02   1.51457527e-04
   3.43939351e+02  -2.17843510e-04
   3.43939839e+02  -6.46694534e-05
   3.43940327e+02   7.92194187e-05
   3.43940816e+02  -1.06964517e-05
   3.43941304e+02   2.16760436e-05
   3.43941792e+02   1.13444185e-04
   3.43942281e+02  -1.25577601e-04
   3.43942769e+02  -3.66879394e-04
   3.43943257e+02  -2.65450974e-04
   3.43943746e+02  -1.83641205e-05
   3.43944234e+02   2.76761391e-04
   3.43944722e+02   5.03282470e-04
   3.43945211e+02   6.18224207e-04
   3.43945699e+02   4.33606183e-04
   3.43946187e+02  -5.01097165e-05
   3.43946675e+02  -1.36211849e-04
   3.43947164e+02  -1.69643336e-05
   3.43947652e+02  -2.22208138e-04
   3.43948140e+02  -2.40941212e-04
   3.43948629e+02   1.43363941e-04
   3.43949117e+02   5.68783027e-04
   3.43949605e+02   6.60745602e-04
   3.43950094e+02   3.03362671e-04
   3.43950582e+02  -6.77352218e-05
   3.43951070e+02   8.88732684e-05
   3.43951559e+02   3.61740182e-04
   3.43952047e+02   4.62542841e-04
   3.43952535e+02   6.01486652e-04
   3.43953023e+02   3.56328936e-04
   3.43953512e+02  -6.91238674e-05
   3.43954000e+02   2.05522574e-05
   3.43954488e+02   1.07619206e-04
   3.43954977e+02  -1.44829653e-04
   3.43955465e+02  -2.28752731e-04
   3.43955953e+02   1.52381268e-04
   3.43956442e+02  -7.27813167e-05
   3.43956930e+02  -3.88120097e-04
   3.43957418e+02  -3.23225540e-04
   3.43957907e+02  -1.43722773e-05
   3.43958395e+02   5.61034598e-04
   3.43958883e+02   8.51475634e-04
   3.43959371e+02   4.87357378e-04
   3.43959860e+02   1.81074982e-04
   3.43960348e+02   1.30055705e-04
   3.43960836e+02   8.78135470e-05
   3.43961325e+02   8.51261575e-05
   3.43961813e+02   1.42797026e-05
   3.43962301e+02  -5.26914591e-05
   3.43962790e+02  -9.09725495e-05
   3.43963278e+02  -3.96698626e-04
   3.43963766e+02  -6.95862924e-04
   3.43964255e+02  -5.30352117e-04
   3.43964743e+02  -1.74681292e-04
   3.43965231e+02   1.28607746e-04
   3.43965719e+02   1.82068557e-04
   3.43966208e+02  -5.27527081e-05
   3.43966696e+02  -2.88847132e-05
   3.43967184e+02   9.51545080e-05
   3.43967673e+02   9.35073695e-05
   3.43968161e+02   2.95791135e-04
   3.43968649e+02   6.27860718e-04
   3.43969138e+02   5.91135002e-04
   3.43969626e+02   1.77771362e-04
   3.43970114e+02   8.90373412e-05
   3.43970603e+02   3.85793275e-04
   3.43971091e+02   2.68416887e-04
   3.43971579e+02   5.35110121e-05
   3.43972067e+02   2.90986354e-04
   3.43972556e+02   4.74579574e-04
   3.43973044e+02   2.62520713e-04
   3.43973532e+02   9.17980651e-05
   3.43974021e+02   3.03502369e-04
   3.43974509e+02   3.85163235e-04
   3.43974997e+02   9.55454234e-05
   3.43975486e+02   2.33313680e-04
   3.43975974e+02   4.42688208e-04
   3.43976462e+02   6.95375056e-05
   3.43976951e+02  -2.28082863e-04
   3.43977439e+02  -4.39053765e-05
   3.43977927e+02   1.39979980e-04
   3.43978416e+02   1.40767865e-04
   3.43978904e+02   2.57738458e-04
   3.43979392e+02   2.51148042e-04
   3.43979880e+02  -9.00963350e-05
   3.43980369e+02  -2.50150624e-04
   3.43980857e+02  -1.39625572e-05
   3.43981345e+02   3.45544759e-05
   3.43981834e+02  -1.01775673e-04
   3.43982322e+02   1.56308015e-04
   3.43982810e+02   1.80919902e-04
   3.43983299e+02  -3.07265203e-04
   3.43983787e+02  -3.93925671e-04
   3.43984275e+02  -1.52741518e-06
   3.43984764e+02   2.15779568e-04
   3.43985252e+02   3.22467968e-04
   3.43985740e+02   5.04069729e-04
   3.43986228e+02   4.39564785e-04
   3.43986717e+02   2.04128824e-04
   3.43987205e+02   2.45371804e-04
   3.43987693e+02   5.11751801e-04
   3.43988182e+02   4.50002612e-04
   3.43988670e+02  -1.60544841e-05
   3.43989158e+02  -1.82820935e-04
   3.43989647e+02  -1.74335277e-04
   3.43990135e+02  -3.04117915e-04
   3.43990623e+02  -1.55128582e-04
   3.43991112e+02  -1.15457995e-04
   3.43991600e+02  -3.67220549e-04
   3.43992088e+02  -2.39146684e-04
   3.43992576e+02   1.74080669e-05
   3.43993065e+02  -2.40179779e-05
   3.43993553e+02  -1.65827281e-04
   3.43994041e+02  -2.81916902e-04
   3.43994530e+02  -2.65442650e-04
   3.43995018e+02  -3.76315555e-04
   3.43995506e+02  -5.34240797e-04
   3.43995995e+02  -1.92876454e-04
   3.43996483e+02   2.11287625e-04
   3.43996971e+02   6.01509018e-05
   3.43997460e+02  -1.20373668e-04
   3.43997948e+02  -2.28018689e-04
   3.43998436e+02  -3.07324110e-04
   3.43998924e+02  -1.59486939e-04
   3.43999413e+02  -9.17177167e-05
   3.43999901e+02  -8.95947014e-05
   3.44000389e+02  -1.89100057e-04
   3.44000878e+02  -2.41203001e-04
   3.44001366e+02   4.13203779e-05
   3.44001854e+02   2.35202242e-04
   3.44002343e+02  -1.17033407e-04
   3.44002831e+02  -4.85575787e-04
   3.44003319e+02  -4.09726257e-04
   3.44003808e+02  -2.79687170e-04
   3.44004296e+02  -3.45217733e-04
   3.44004784e+02  -4.65241552e-04
   3.44005272e+02  -4.03724203e-04
   3.44005761e+02  -3.95992887e-04
   3.44006249e+02  -3.70367372e-04
   3.44006737e+02  -1.73207911e-04
   3.44007226e+02  -9.31962131e-05
   3.44007714e+02  -1.21264085e-04
   3.44008202e+02  -1.02390419e-04
   3.44008691e+02  -7.09564119e-05
   3.44009179e+02  -2.85613123e-06
   3.44009667e+02  -1.24194703e-04
   3.44010156e+02  -3.48456088e-04
   3.44010644e+02  -2.80793902e-04
   3.44011132e+02  -9.71697300e-05
   3.44011620e+02   1.50025749e-04
   3.44012109e+02   7.06058490e-05
   3.44012597e+02  -2.04601340e-04
   3.44013085e+02  -2.13196574e-04
   3.44013574e+02  -2.86487630e-04
   3.44014062e+02  -4.01558325e-04
   3.44014550e+02  -5.81887085e-04
   3.44015039e+02  -7.58672482e-04
   3.44015527e+02  -6.57156343e-04
   3.44016015e+02  -3.41006555e-04
   3.44016504e+02  -2.11529812e-04
   3.44016992e+02  -3.63841100e-04
   3.44017480e+02  -5.59488428e-04
   3.44017969e+02  -4.29319567e-04
   3.44018457e+02   1.87597689e-05
   3.44018945e+02   1.25171791e-04
   3.44019433e+02  -2.38647015e-04
   3.44019922e+02  -5.47615462e-04
   3.44020410e+02  -7.62073149e-04
   3.44020898e+02  -6.29329996e-04
   3.44021387e+02  -1.26926039e-04
   3.44021875e+02   2.59551016e-04
   3.44022363e+02   3.62696446e-04
   3.44022852e+02   2.32673920e-04
   3.44023340e+02   1.33840749e-05
   3.44023828e+02  -1.61013828e-04
   3.44024317e+02   1.58494076e-05
   3.44024805e+02   1.88191712e-04
   3.44025293e+02   2.55353989e-05
   3.44025781e+02  -3.16911573e-05
   3.44026270e+02   1.03853810e-04
   3.44026758e+02   4.07073210e-04
   3.44027246e+02   6.47503126e-04
   3.44027735e+02   4.15184535e-04
   3.44028223e+02   1.27579740e-04
   3.44028711e+02   4.13815505e-05
   3.44029200e+02   1.18899261e-04
   3.44029688e+02   3.11971642e-04
   3.44030176e+02   2.39718269e-04
   3.44030665e+02   1.15649207e-04
   3.44031153e+02   1.17223513e-04
   3.44031641e+02   1.64788842e-04
   3.44032129e+02   3.32194584e-04
   3.44032618e+02   4.34649672e-04
   3.44033106e+02   3.45754379e-04
   3.44033594e+02   3.30456096e-04
   3.44034083e+02   4.04728489e-04
   3.44034571e+02   4.19169228e-04
   3.44035059e+02   4.68186518e-05
   3.44035548e+02  -3.55786440e-04
   3.44036036e+02  -3.14859091e-04
   3.44036524e+02  -3.10192205e-04
   3.44037013e+02  -4.22118785e-04
   3.44037501e+02  -4.05288942e-04
   3.44037989e+02  -1.49658910e-04
   3.44038477e+02   1.54219801e-04
   3.44038966e+02  -1.81441399e-04
   3.44039454e+02  -3.77723074e-04
   3.44039942e+02   1.07405991e-04
   3.44040431e+02   2.95278704e-04
   3.44040919e+02   4.31000721e-04
   3.44041407e+02   5.05543372e-04
   3.44041896e+02   1.25018987e-05
   3.44042384e+02  -1.57824179e-04
   3.44042872e+02   2.92997400e-04
   3.44043361e+02   6.92557311e-04
   3.44043849e+02   7.63651507e-04
   3.44044337e+02   6.19830913e-04
   3.44044825e+02   4.62467200e-04
   3.44045314e+02   2.08943369e-04
   3.44045802e+02  -1.36712270e-05
   3.44046290e+02  -2.51333229e-04
   3.44046779e+02  -7.22972967e-04
   3.44047267e+02  -6.70263777e-04
   3.44047755e+02  -4.14920214e-05
   3.44048244e+02   3.84367158e-04
   3.44048732e+02   4.65544028e-04
   3.44049220e+02   2.79512664e-04
   3.44049709e+02   1.86067802e-04
   3.44050197e+02   2.35156374e-04
   3.44050685e+02   2.62810645e-04
   3.44051173e+02   4.10813838e-04
   3.44051662e+02   1.28415253e-04
   3.44052150e+02  -1.52757901e-04
   3.44052638e+02   2.99321633e-04
   3.44053127e+02   8.72597680e-04
   3.44053615e+02   1.11755694e-03
   3.44054103e+02   1.02671934e-03
   3.44054592e+02   6.72711176e-04
   3.44055080e+02   5.69947704e-04
   3.44055568e+02   5.62595087e-04
   3.44056057e+02   3.51755793e-04
   3.44056545e+02   2.70434073e-04
   3.44057033e+02   4.53225766e-05
   3.44057522e+02  -3.12141638e-04
   3.44058010e+02  -2.62598827e-04
   3.44058498e+02  -1.19905308e-04
   3.44058986e+02  -1.19427757e-04
   3.44059475e+02  -5.93184996e-05
   3.44059963e+02   5.65049777e-05
   3.44060451e+02   1.61419535e-04
   3.44060940e+02   1.89655708e-04
   3.44061428e+02  -1.27694788e-04
   3.44061916e+02  -7.96507578e-04
   3.44062405e+02  -1.16889889e-03
   3.44062893e+02  -8.66343267e-04
   3.44063381e+02  -4.66853497e-04
   3.44063870e+02  -2.29898244e-04
   3.44064358e+02  -1.23238351e-05
   3.44064846e+02  -8.03612784e-05
   3.44065334e+02  -2.07630903e-04
   3.44065823e+02  -6.83246617e-05
   3.44066311e+02   6.97683208e-05
   3.44066799e+02   3.38507889e-05
   3.44067288e+02  -1.25869235e-04
   3.44067776e+02  -1.10910813e-04
   3.44068264e+02   7.01382378e-05
   3.44068753e+02  -1.07192005e-04
   3.44069241e+02  -5.41079382e-04
   3.44069729e+02  -5.20773756e-04
   3.44070218e+02  -1.25464110e-04
   3.44070706e+02  -2.25023032e-05
   3.44071194e+02  -1.70352418e-04
   3.44071682e+02   3.19801002e-05
   3.44072171e+02   1.18197895e-04
   3.44072659e+02   4.38630050e-05
   3.44073147e+02   2.85404443e-04
   3.44073636e+02   3.14772769e-04
   3.44074124e+02   5.78453531e-04
   3.44074612e+02   8.99861741e-04
   3.44075101e+02   8.12358689e-04
   3.44075589e+02   6.21083775e-04
   3.44076077e+02   2.61906476e-04
   3.44076566e+02  -1.96787496e-05
   3.44077054e+02  -3.34795986e-05
   3.44077542e+02  -2.40914000e-04
   3.44078030e+02  -2.73621292e-04
   3.44078519e+02  -5.84295958e-05
   3.44079007e+02   1.26365529e-04
   3.44079495e+02   5.03963500e-04
   3.44079984e+02   7.47412152e-04
   3.44080472e+02   3.85925872e-04
   3.44080960e+02  -2.05595177e-04
   3.44081449e+02  -3.73826420e-04
   3.44081937e+02  -1.10426190e-04
   3.44082425e+02   1.98787802e-05
   3.44082914e+02  -1.48609557e-04
   3.44083402e+02  -2.19587600e-04
   3.44083890e+02  -1.66918355e-04
   3.44084378e+02  -2.25481956e-04
   3.44084867e+02  -3.50392715e-04
   3.44085355e+02  -3.79649689e-04
   3.44085843e+02  -2.17932989e-04
   3.44086332e+02  -4.16146868e-05
   3.44086820e+02  -1.75120367e-04
   3.44087308e+02  -3.34052864e-04
   3.44087797e+02  -3.16681893e-04
   3.44088285e+02  -2.40187495e-04
   3.44088773e+02  -9.10724193e-05
   3.44089262e+02  -2.29567930e-04
   3.44089750e+02  -4.38149640e-04
   3.44090238e+02  -2.73534621e-04
   3.44090726e+02  -1.29279651e-04
   3.44091215e+02  -2.70846358e-04
   3.44091703e+02  -4.53378336e-04
   3.44092191e+02  -4.55638627e-04
   3.44092680e+02  -3.04332789e-04
   3.44093168e+02  -8.97386926e-05
   3.44093656e+02  -5.69258082e-05
   3.44094145e+02  -1.58675568e-04
   3.44094633e+02  -2.75412778e-04
   3.44095121e+02  -2.34901585e-04
   3.44095610e+02  -1.96455236e-04
   3.44096098e+02  -6.22324820e-04
   3.44096586e+02  -9.10720672e-04
   3.44097075e+02  -5.75580169e-04
   3.44097563e+02  -2.32385981e-04
   3.44098051e+02   2.16674762e-05
   3.44098539e+02   2.28285047e-04
   3.44099028e+02   5.83576184e-05
   3.44099516e+02  -1.99555987e-04
   3.44100004e+02  -1.32399538e-04
   3.44100493e+02   1.64277037e-04
   3.44100981e+02   4.97484172e-04
   3.44101469e+02   6.16626814e-04
   3.44101958e+02   4.59685165e-04
   3.44102446e+02   2.72487901e-04
   3.44102934e+02   1.25322549e-04
   3.44103423e+02   2.32645165e-04
   3.44103911e+02   4.62297176e-04
   3.44104399e+02   4.80585615e-04
   3.44104887e+02   4.49676299e-04
   3.44105376e+02   3.03104636e-04
   3.44105864e+02   1.09552901e-04
   3.44106352e+02   1.12479043e-04
   3.44106841e+02   2.21950468e-04
   3.44107329e+02   1.67274207e-04
   3.44107817e+02  -1.71106105e-04
   3.44108306e+02  -3.39180755e-04
   3.44108794e+02  -1.99740418e-04
   3.44109282e+02  -1.24761733e-04
   3.44109771e+02  -2.13141520e-05
   3.44110259e+02   1.10719229e-04
   3.44110747e+02   5.57718231e-05
   3.44111235e+02   2.02326391e-05
   3.44111724e+02   1.32081084e-04
   3.44112212e+02   1.39086842e-04
   3.44112700e+02   2.25104250e-05
   3.44113189e+02   9.18032747e-05
   3.44113677e+02   3.04049699e-05
   3.44114165e+02  -3.39619844e-04
   3.44114654e+02  -5.39324712e-04
   3.44115142e+02  -5.02330076e-04
   3.44115630e+02  -1.72379921e-04
   3.44116119e+02   2.69898446e-04
   3.44116607e+02   4.75329987e-04
   3.44117095e+02   2.61083333e-04
   3.44117583e+02  -1.54612444e-05
   3.44118072e+02   3.47506430e-04
   3.44118560e+02   6.34537486e-04
   3.44119048e+02   4.17381350e-04
   3.44119537e+02   1.63947348e-04
   3.44120025e+02  -3.72937357e-05
   3.44120513e+02  -9.52718401e-05
   3.44121002e+02   1.80775140e-04
   3.44121490e+02   3.12636199e-04
   3.44121978e+02   2.03144489e-04
   3.44122467e+02  -6.82533937e-05
   3.44122955e+02  -3.60600970e-04
   3.44123443e+02  -1.44855847e-04
   3.44123931e+02   1.34774018e-04
   3.44124420e+02  -7.23349513e-05
   3.44124908e+02  -4.13683483e-05
   3.44125396e+02   3.05423164e-04
   3.44125885e+02   1.00588411e-04
   3.44126373e+02  -2.28927456e-04
   3.44126861e+02  -4.53700814e-05
   3.44127350e+02  -6.44901374e-05
   3.44127838e+02  -1.13697701e-04
   3.44128326e+02   2.22591305e-04
   3.44128815e+02  -4.93407751e-05
   3.44129303e+02  -8.04993440e-04
   3.44129791e+02  -8.75992933e-04
   3.44130279e+02  -5.82123059e-04
   3.44130768e+02  -5.35879168e-04
   3.44131256e+02  -4.43513680e-04
   3.44131744e+02  -2.98988831e-04
   3.44132233e+02  -4.16945928e-04
   3.44132721e+02  -2.72072473e-04
   3.44133209e+02   1.69968203e-04
   3.44133698e+02   3.11054580e-04
   3.44134186e+02   1.62594137e-04
   3.44134674e+02   2.36411943e-04
   3.44135163e+02   3.95151088e-04
   3.44135651e+02   2.28906953e-04
   3.44136139e+02   2.20778791e-04
   3.44136628e+02   2.24002128e-04
   3.44137116e+02  -5.64013062e-05
   3.44137604e+02  -3.77656892e-04
   3.44138092e+02  -5.92842349e-04
   3.44138581e+02  -2.52863654e-04
   3.44139069e+02   5.06135577e-04
   3.44139557e+02   8.77264480e-04
   3.44140046e+02   7.99491536e-04
   3.44140534e+02   7.70152546e-04
   3.44141022e+02   7.94494757e-04
   3.44141511e+02   4.86147270e-04
   3.44141999e+02  -3.03895067e-04
   3.44142487e+02  -9.09760070e-04
   3.44142976e+02  -6.19247614e-04
   3.44143464e+02  -2.96016806e-04
   3.44143952e+02  -1.45724713e-04
   3.44144440e+02   2.84808193e-04
   3.44144929e+02   4.43607802e-04
   3.44145417e+02   2.40320194e-04
   3.44145905e+02  -1.24917278e-04
   3.44146394e+02  -3.83993640e-04
   3.44146882e+02   1.62524695e-04
   3.44147370e+02   7.14735826e-04
   3.44147859e+02   4.71895153e-04
   3.44148347e+02   4.03157064e-05
   3.44148835e+02  -2.24879754e-04
   3.44149324e+02  -2.52079190e-04
   3.44149812e+02  -2.59328895e-04
   3.44150300e+02  -3.84749466e-04
   3.44150788e+02  -5.70438860e-04
   3.44151277e+02  -5.39521046e-04
   3.44151765e+02  -2.93506688e-04
   3.44152253e+02  -2.68718693e-04
   3.44152742e+02  -7.76706929e-06
   3.44153230e+02   6.64803782e-04
   3.44153718e+02   8.61582696e-04
   3.44154207e+02   5.04915835e-04
   3.44154695e+02   1.67932056e-04
   3.44155183e+02   3.53848212e-04
   3.44155672e+02   7.49829866e-04
   3.44156160e+02   6.98335585e-04
   3.44156648e+02   3.83780076e-04
   3.44157136e+02   1.40128148e-04
   3.44157625e+02   1.52617198e-04
   3.44158113e+02   3.65090295e-04
   3.44158601e+02   4.11052257e-04
   3.44159090e+02   3.71896662e-04
   3.44159578e+02   2.83388246e-04
   3.44160066e+02  -3.13879682e-05
   3.44160555e+02  -1.53130051e-04
   3.44161043e+02  -6.46159947e-07
   3.44161531e+02   3.92381880e-05
   3.44162020e+02   1.19574754e-04
   3.44162508e+02   3.21731117e-04
   3.44162996e+02   1.83457523e-04
   3.44163484e+02  -1.87801474e-04
   3.44163973e+02  -4.88942314e-05
   3.44164461e+02   3.69069399e-04
   3.44164949e+02   2.76271341e-04
   3.44165438e+02   1.86473146e-04
   3.44165926e+02   3.67549394e-04
   3.44166414e+02  -9.50592130e-06
   3.44166903e+02  -3.72144161e-04
   3.44167391e+02  -3.62845574e-04
   3.44167879e+02  -3.38931248e-04
   3.44168368e+02  -1.87315527e-04
   3.44168856e+02   1.78057035e-05
   3.44169344e+02  -8.18486660e-05
   3.44169832e+02  -5.75890939e-04
   3.44170321e+02  -8.05553980e-04
   3.44170809e+02  -3.28560389e-04
   3.44171297e+02  -6.84234546e-05
   3.44171786e+02  -4.51367756e-04
   3.44172274e+02  -6.83605089e-04
   3.44172762e+02  -6.06760150e-04
   3.44173251e+02  -3.81297694e-04
   3.44173739e+02  -4.06024861e-04
   3.44174227e+02  -8.81308573e-04
   3.44174716e+02  -9.37125587e-04
   3.44175204e+02  -6.48029731e-04
   3.44175692e+02  -6.36462646e-04
   3.44176181e+02  -4.79185866e-04
   3.44176669e+02  -2.77399347e-04
   3.44177157e+02  -1.05402534e-04
   3.44177645e+02  -2.25849435e-05
   3.44178134e+02  -2.07619843e-04
   3.44178622e+02  -1.92527397e-04
   3.44179110e+02   1.02411568e-05
   3.44179599e+02   7.29226595e-05
   3.44180087e+02  -1.46881212e-04
   3.44180575e+02  -4.67023638e-04
   3.44181064e+02  -3.16382240e-04
   3.44181552e+02   1.54023641e-04
   3.44182040e+02   4.14308772e-04
   3.44182529e+02   3.52946052e-04
   3.44183017e+02   2.86169598e-05
   3.44183505e+02  -2.41367103e-04
   3.44183993e+02  -2.50538113e-04
   3.44184482e+02   1.16854735e-05
   3.44184970e+02   2.44508701e-04
   3.44185458e+02   1.05511994e-04
   3.44185947e+02   3.94006856e-05
   3.44186435e+02   2.18191781e-04
   3.44186923e+02   3.25222034e-04
   3.44187412e+02   2.73041078e-04
   3.44187900e+02   1.13548078e-04
   3.44188388e+02  -5.36808511e-06
   3.44188877e+02  -9.18502883e-06
   3.44189365e+02   1.72814558e-04
   3.44189853e+02   2.51658756e-04
   3.44190341e+02  -1.64477271e-04
   3.44190830e+02  -3.61008453e-04
   3.44191318e+02  -2.56822881e-04
   3.44191806e+02  -1.92237116e-04
   3.44192295e+02  -2.82470341e-04
   3.44192783e+02  -3.09251191e-04
   3.44193271e+02  -1.49527856e-04
   3.44193760e+02  -3.51638046e-05
   3.44194248e+02   1.07387124e-04
   3.44194736e+02   5.03925141e-04
   3.44195225e+02   3.77357384e-04
   3.44195713e+02   3.69330082e-05
   3.44196201e+02   6.22692751e-05
   3.44196689e+02   5.57660715e-05
   3.44197178e+02   2.00762137e-04
   3.44197666e+02   2.80243403e-04
   3.44198154e+02   5.30746875e-05
   3.44198643e+02   1.42636316e-04
   3.44199131e+02   1.26190920e-04
   3.44199619e+02  -1.11912428e-04
   3.44200108e+02   5.95779647e-06
   3.44200596e+02   3.24388471e-04
   3.44201084e+02   7.97763583e-04
   3.44201573e+02   7.73125852e-04
   3.44202061e+02   2.53108796e-04
   3.44202549e+02   2.26903896e-04
   3.44203037e+02   2.34849227e-04
   3.44203526e+02  -1.34910515e-04
   3.44204014e+02  -2.93686404e-04
   3.44204502e+02  -1.52205859e-04
   3.44204991e+02  -1.25744809e-05
   3.44205479e+02   1.22998143e-04
   3.44205967e+02   1.34633112e-04
   3.44206456e+02  -9.46005821e-05
   3.44206944e+02  -2.64124945e-04
   3.44207432e+02  -2.50270386e-04
   3.44207921e+02  -2.61763198e-04
   3.44208409e+02  -2.48694269e-04
   3.44208897e+02  -2.63451337e-04
   3.44209385e+02  -4.96871129e-04
   3.44209874e+02  -2.83890840e-04
   3.44210362e+02   2.60349683e-04
   3.44210850e+02   3.04553250e-04
   3.44211339e+02  -8.51138975e-05
   3.44211827e+02  -6.16773032e-04
   3.44212315e+02  -8.33619095e-04
   3.44212804e+02  -6.34527707e-04
   3.44213292e+02  -6.05737674e-04
   3.44213780e+02  -4.01130063e-04
   3.44214269e+02   2.26201882e-04
   3.44214757e+02   5.89786679e-04
   3.44215245e+02   4.59597213e-04
   3.44215734e+02   1.81239462e-04
   3.44216222e+02  -5.15323482e-05
   3.44216710e+02   1.26245839e-04
   3.44217198e+02   1.15318377e-04
   3.44217687e+02  -2.68416974e-04
   3.44218175e+02  -3.16714577e-04
   3.44218663e+02  -2.85371934e-04
   3.44219152e+02  -2.92858196e-04
   3.44219640e+02  -8.54570535e-05
   3.44220128e+02  -4.76210153e-05
   3.44220617e+02  -1.33490714e-04
   3.44221105e+02  -1.76912672e-05
   3.44221593e+02   2.70028802e-04
   3.44222082e+02   6.42625382e-04
   3.44222570e+02   8.37068015e-04
   3.44223058e+02   4.96316818e-04
   3.44223546e+02   1.01044416e-05
   3.44224035e+02  -1.09062996e-04
   3.44224523e+02  -1.54872410e-04
   3.44225011e+02  -4.11813264e-04
   3.44225500e+02  -5.21890761e-04
   3.44225988e+02  -2.30335616e-04
   3.44226476e+02   4.21679288e-04
   3.44226965e+02   9.53686074e-04
   3.44227453e+02   8.40644119e-04
   3.44227941e+02   2.69582379e-04
   3.44228430e+02  -1.42831952e-04
   3.44228918e+02  -3.82170489e-04
   3.44229406e+02  -5.03324380e-04
   3.44229894e+02  -2.44844909e-04
   3.44230383e+02   1.90731313e-04
   3.44230871e+02   3.28502734e-04
   3.44231359e+02   1.70632047e-04
   3.44231848e+02   3.84444938e-05
   3.44232336e+02   1.22817932e-04
   3.44232824e+02   4.90575576e-06
   3.44233313e+02  -9.39806996e-05
   3.44233801e+02   2.99756764e-04
   3.44234289e+02   6.94499118e-04
   3.44234778e+02   5.68183954e-04
   3.44235266e+02   1.10136374e-04
   3.44235754e+02  -1.67676597e-04
   3.44236242e+02  -1.15440991e-04
   3.44236731e+02   1.59475210e-04
   3.44237219e+02   7.13732443e-04
   3.44237707e+02   9.29466391e-04
   3.44238196e+02   4.90690873e-04
   3.44238684e+02   3.17658676e-04
   3.44239172e+02   6.52614748e-04
   3.44239661e+02   4.72932064e-04
   3.44240149e+02  -1.99798014e-04
   3.44240637e+02  -5.32626058e-04
   3.44241126e+02  -2.62723042e-04
   3.44241614e+02   8.82430395e-05
   3.44242102e+02   1.74024928e-04
   3.44242590e+02   9.24388951e-05
   3.44243079e+02  -1.95556480e-04
   3.44243567e+02  -6.14104967e-04
   3.44244055e+02  -6.03891676e-04
   3.44244544e+02  -2.14023006e-04
   3.44245032e+02   8.13022561e-05
   3.44245520e+02   3.74730356e-04
   3.44246009e+02   6.02518267e-04
   3.44246497e+02   4.13791160e-04
   3.44246985e+02  -3.49077418e-05
   3.44247474e+02  -1.57594317e-04
   3.44247962e+02  -9.50004105e-05
   3.44248450e+02  -1.56347851e-05
   3.44248938e+02   2.95488746e-04
   3.44249427e+02   3.27759015e-04
   3.44249915e+02   1.10973597e-04
   3.44250403e+02  -2.22955787e-04
   3.44250892e+02  -4.67543781e-04
   3.44251380e+02  -2.46529235e-04
   3.44251868e+02   2.07004196e-04
   3.44252357e+02   1.31390218e-04
   3.44252845e+02  -6.19859638e-05
   3.44253333e+02  -3.26151676e-05
   3.44253822e+02  -2.06543511e-04
   3.44254310e+02  -1.82136777e-04
   3.44254798e+02  -1.44051273e-05
   3.44255286e+02  -1.41770375e-04
   3.44255775e+02  -3.92224989e-04
   3.44256263e+02  -2.34292718e-04
   3.44256751e+02   3.00989341e-04
   3.44257240e+02   5.60093555e-04
   3.44257728e+02   1.91795247e-04
   3.44258216e+02  -3.04395158e-04
   3.44258705e+02  -2.79102067e-04
   3.44259193e+02  -3.09356011e-07
   3.44259681e+02   2.20883696e-04
   3.44260170e+02   3.23398097e-04
   3.44260658e+02   2.93477031e-04
   3.44261146e+02   1.42530305e-04
   3.44261635e+02   4.26818297e-05
   3.44262123e+02   1.43932019e-04
   3.44262611e+02   3.04951809e-05
   3.44263099e+02  -2.45801202e-04
   3.44263588e+02  -2.95317324e-04
   3.44264076e+02  -1.00147263e-04
   3.44264564e+02   7.55680448e-05
   3.44265053e+02   2.27879409e-05
   3.44265541e+02  -3.31455012e-05
   3.44266029e+02   4.14317656e-05
   3.44266518e+02   4.15124450e-05
   3.44267006e+02   1.31710665e-04
   3.44267494e+02   3.46436922e-04
   3.44267983e+02   5.14980464e-04
   3.44268471e+02   6.35827892e-04
   3.44268959e+02   5.75141807e-04
   3.44269447e+02   3.41267383e-04
   3.44269936e+02   3.13460070e-04
   3.44270424e+02   4.05228173e-04
   3.44270912e+02   1.19118289e-04
   3.44271401e+02  -4.30930639e-04
   3.44271889e+02  -7.59698334e-04
   3.44272377e+02  -6.15470984e-04
   3.44272866e+02  -4.27162362e-04
   3.44273354e+02  -5.10738348e-04
   3.44273842e+02  -6.03021821e-04
   3.44274331e+02  -5.74896287e-04
   3.44274819e+02  -5.35765954e-04
   3.44275307e+02  -5.20113448e-04
   3.44275795e+02  -3.76976386e-04
   3.44276284e+02  -2.62989401e-04
   3.44276772e+02  -3.38129496e-04
   3.44277260e+02   4.80095914e-05
   3.44277749e+02   5.57594409e-04
   3.44278237e+02   1.23753052e-04
   3.44278725e+02  -3.79945792e-04
   3.44279214e+02  -6.12574950e-05
   3.44279702e+02   1.75017849e-04
   3.44280190e+02   1.36598042e-04
   3.44280679e+02   2.34713923e-04
   3.44281167e+02   8.59777865e-05
   3.44281655e+02  -2.65426002e-04
   3.44282143e+02  -5.00445371e-04
   3.44282632e+02  -5.55476872e-04
   3.44283120e+02  -4.52675042e-04
   3.44283608e+02  -3.65322077e-04
   3.44284097e+02  -3.91824724e-04
   3.44284585e+02  -3.97803815e-04
   3.44285073e+02  -9.88871398e-05
   3.44285562e+02   2.37485292e-04
   3.44286050e+02   1.68088700e-05
   3.44286538e+02  -2.46764219e-04
   3.44287027e+02  -2.09942489e-04
   3.44287515e+02  -1.44664664e-04
   3.44288003e+02  -7.95895830e-05
   3.44288491e+02  -1.50348249e-04
   3.44288980e+02  -3.09190742e-04
   3.44289468e+02  -3.53558571e-04
   3.44289956e+02  -2.72584381e-04
   3.44290445e+02  -9.79593897e-05
   3.44290933e+02   1.80975461e-04
   3.44291421e+02   2.62268237e-04
   3.44291910e+02   4.13111666e-05
   3.44292398e+02   5.38566674e-05
   3.44292886e+02   1.88467035e-04
   3.44293375e+02   2.20876726e-04
   3.44293863e+02   1.05692023e-04
   3.44294351e+02   5.78808940e-05
   3.44294839e+02   1.73915381e-04
   3.44295328e+02   1.59728006e-04
   3.44295816e+02   8.58524654e-05
   3.44296304e+02   4.55930785e-05
   3.44296793e+02   8.31538782e-05
   3.44297281e+02  -6.00119529e-05
   3.44297769e+02  -3.70720518e-04
   3.44298258e+02  -3.48986330e-04
   3.44298746e+02  -1.83897297e-04
   3.44299234e+02  -1.74176777e-04
   3.44299723e+02  -3.15199373e-04
   3.44300211e+02  -2.18790941e-04
   3.44300699e+02   2.43750997e-04
   3.44301188e+02   4.12089023e-04
   3.44301676e+02   3.69236339e-04
   3.44302164e+02   2.71915342e-04
   3.44302652e+02   1.76701869e-04
   3.44303141e+02   2.23407304e-04
   3.44303629e+02  -2.76662122e-05
   3.44304117e+02  -1.77258436e-04
   3.44304606e+02   1.39883370e-04
   3.44305094e+02   3.47197754e-04
   3.44305582e+02   3.40209983e-04
   3.44306071e+02   3.02749831e-04
   3.44306559e+02   1.26940431e-04
   3.44307047e+02   7.83289797e-05
   3.44307536e+02   1.12843605e-04
   3.44308024e+02  -1.02662818e-06
   3.44308512e+02  -2.38496228e-04
   3.44309000e+02  -2.11221006e-04
   3.44309489e+02   6.48075147e-05
   3.44309977e+02   3.08346818e-04
   3.44310465e+02   1.29808875e-04
   3.44310954e+02  -2.57639796e-04
   3.44311442e+02  -2.92477460e-04
   3.44311930e+02  -2.16491710e-04
   3.44312419e+02  -5.84643931e-05
   3.44312907e+02  -1.97910194e-05
   3.44313395e+02  -3.17182858e-04
   3.44313884e+02  -4.69786639e-04
   3.44314372e+02  -3.29287141e-04
   3.44314860e+02  -1.23017089e-04
   3.44315348e+02   8.61971639e-05
   3.44315837e+02   3.25022062e-04
   3.44316325e+02   2.62023299e-04
   3.44316813e+02  -5.52269958e-05
   3.44317302e+02  -3.18563893e-04
   3.44317790e+02  -5.20309841e-04
   3.44318278e+02  -5.70300443e-04
   3.44318767e+02  -2.26245596e-04
   3.44319255e+02   2.53427454e-04
   3.44319743e+02   2.44167692e-04
   3.44320232e+02   2.24683637e-04
   3.44320720e+02   3.34046199e-04
   3.44321208e+02   1.90942064e-05
   3.44321696e+02  -5.62877569e-04
   3.44322185e+02  -6.18749065e-04
   3.44322673e+02   3.58083089e-05
   3.44323161e+02   6.72796741e-04
   3.44323650e+02   9.88022308e-04
   3.44324138e+02   9.38749698e-04
   3.44324626e+02   5.04358031e-04
   3.44325115e+02   7.08811276e-05
   3.44325603e+02  -5.04410636e-05
   3.44326091e+02  -4.43489444e-05
   3.44326580e+02   1.93896645e-04
   3.44327068e+02   5.12621133e-04
   3.44327556e+02   5.52155485e-04
   3.44328044e+02   2.92550249e-04
   3.44328533e+02  -1.08392625e-04
   3.44329021e+02   4.46354679e-05
   3.44329509e+02   3.91989306e-04
   3.44329998e+02   3.08472256e-04
   3.44330486e+02  -2.04197877e-05
   3.44330974e+02  -2.64225935e-04
   3.44331463e+02  -3.66666442e-04
   3.44331951e+02  -3.58356425e-04
   3.44332439e+02  -7.46840306e-05
   3.44332928e+02   2.95167993e-04
   3.44333416e+02   1.89538827e-04
   3.44333904e+02  -2.48197728e-04
   3.44334392e+02  -1.51562170e-04
   3.44334881e+02   1.66466998e-04
   3.44335369e+02  -1.17561511e-04
   3.44335857e+02  -5.31475584e-04
   3.44336346e+02  -7.75506021e-04
   3.44336834e+02  -8.85813264e-04
   3.44337322e+02  -5.40380774e-04
   3.44337811e+02   2.88301235e-05
   3.44338299e+02   2.47676711e-04
   3.44338787e+02  -1.27286030e-05
   3.44339276e+02  -9.62955382e-05
   3.44339764e+02  -9.64232604e-05
   3.44340252e+02  -1.01456179e-04
   3.44340741e+02   3.63585801e-04
   3.44341229e+02   4.92604624e-04
   3.44341717e+02  -4.73304608e-05
   3.44342205e+02  -7.49032333e-05
   3.44342694e+02   1.51587854e-04
   3.44343182e+02   4.13141461e-05
   3.44343670e+02  -8.42882673e-06
   3.44344159e+02   3.87578155e-04
   3.44344647e+02   6.77624310e-04
   3.44345135e+02   2.76149804e-04
   3.44345624e+02  -5.99589694e-05
   3.44346112e+02   1.58819093e-04
   3.44346600e+02   3.46492685e-04
   3.44347089e+02   9.77469826e-05
   3.44347577e+02  -1.99191141e-04
   3.44348065e+02  -1.85277051e-04
   3.44348553e+02   2.31229296e-05
   3.44349042e+02   1.53077810e-04
   3.44349530e+02   1.42862831e-04
   3.44350018e+02   1.95489956e-05
   3.44350507e+02  -2.06256111e-04
   3.44350995e+02  -1.49476880e-04
   3.44351483e+02   2.50634359e-04
   3.44351972e+02   2.91360193e-04
   3.44352460e+02  -1.10369556e-05
   3.44352948e+02   7.66284793e-05
   3.44353437e+02   4.46902646e-04
   3.44353925e+02   4.44590434e-04
   3.44354413e+02   8.44862589e-05
   3.44354901e+02  -1.99261311e-04
   3.44355390e+02  -1.48609062e-04
   3.44355878e+02   6.67021959e-05
   3.44356366e+02   1.49184620e-04
   3.44356855e+02  -1.28718661e-04
   3.44357343e+02  -2.84271402e-04
   3.44357831e+02   1.38665848e-06
   3.44358320e+02   3.00970481e-04
   3.44358808e+02   2.37381100e-04
   3.44359296e+02  -6.64904655e-06
   3.44359785e+02  -9.66643274e-05
   3.44360273e+02  -1.24246842e-04
   3.44360761e+02   1.36919276e-04
   3.44361249e+02   6.02371874e-04
   3.44361738e+02   7.66647980e-04
   3.44362226e+02   6.29058457e-04
   3.44362714e+02   1.62145865e-04
   3.44363203e+02  -3.47476016e-04
   3.44363691e+02  -4.58331313e-04
   3.44364179e+02  -3.01068416e-04
   3.44364668e+02  -3.07775452e-04
   3.44365156e+02  -3.67097935e-04
   3.44365644e+02  -4.01785248e-04
   3.44366133e+02  -4.87903948e-04
   3.44366621e+02  -1.47422950e-04
   3.44367109e+02   2.19726557e-04
   3.44367597e+02   5.01102593e-04
   3.44368086e+02   4.63476579e-04
   3.44368574e+02   2.26931370e-05
   3.44369062e+02  -2.11694714e-04
   3.44369551e+02  -1.29162523e-04
   3.44370039e+02  -6.80675585e-05
   3.44370527e+02  -9.67305823e-05
   3.44371016e+02   1.06246982e-04
   3.44371504e+02   2.80618551e-04
   3.44371992e+02  -6.43542007e-05
   3.44372481e+02  -3.70742840e-04
   3.44372969e+02  -4.90822538e-04
   3.44373457e+02  -5.57131774e-04
   3.44373945e+02  -3.23742453e-04
   3.44374434e+02  -3.56235214e-05
   3.44374922e+02   1.23643986e-04
   3.44375410e+02   4.17366828e-04
   3.44375899e+02   4.90997685e-04
   3.44376387e+02   2.93783116e-04
   3.44376875e+02   2.32445571e-04
   3.44377364e+02   2.02249110e-04
   3.44377852e+02   4.70705163e-05
   3.44378340e+02  -1.31216424e-04
   3.44378829e+02  -1.73706110e-04
   3.44379317e+02  -7.62476775e-05
   3.44379805e+02   1.09254011e-04
   3.44380294e+02   1.74875822e-04
   3.44380782e+02  -4.12052177e-05
   3.44381270e+02  -9.00008090e-05
   3.44381758e+02  -2.34931267e-05
   3.44382247e+02  -1.43831756e-04
   3.44382735e+02  -2.65218463e-04
   3.44383223e+02  -5.28272532e-04
   3.44383712e+02  -5.12337137e-04
   3.44384200e+02  -3.90139430e-05
   3.44384688e+02   3.50487331e-04
   3.44385177e+02   5.35032072e-04
   3.44385665e+02   6.35301752e-04
   3.44386153e+02   7.60821917e-04
   3.44386642e+02   6.35083590e-04
   3.44387130e+02   5.06009310e-05
   3.44387618e+02  -3.73628864e-04
   3.44388106e+02  -8.98104990e-05
   3.44388595e+02   4.68569342e-04
   3.44389083e+02   6.80097670e-04
   3.44389571e+02   3.19794228e-04
   3.44390060e+02  -2.11966209e-04
   3.44390548e+02  -1.63228760e-04
   3.44391036e+02   2.14965345e-04
   3.44391525e+02   1.67885373e-04
   3.44392013e+02  -1.56854818e-04
   3.44392501e+02  -7.42511067e-04
   3.44392990e+02  -1.09004881e-03
   3.44393478e+02  -5.60885761e-04
   3.44393966e+02   2.57033913e-04
   3.44394454e+02   5.03254472e-04
   3.44394943e+02   2.48629047e-04
   3.44395431e+02   1.01775993e-04
   3.44395919e+02   1.91264146e-04
   3.44396408e+02   1.88574457e-04
   3.44396896e+02   9.64243081e-05
   3.44397384e+02  -5.25692594e-05
   3.44397873e+02  -2.62978603e-04
   3.44398361e+02  -2.25011012e-04
   3.44398849e+02   1.11825408e-04
   3.44399338e+02   2.12604762e-04
   3.44399826e+02  -2.32897233e-04
   3.44400314e+02  -5.66146628e-04
   3.44400802e+02  -5.15629305e-04
   3.44401291e+02  -4.16929310e-04
   3.44401779e+02  -2.37488639e-04
   3.44402267e+02   5.31581099e-05
   3.44402756e+02   3.12649383e-04
   3.44403244e+02   4.04767896e-04
   3.44403732e+02   1.40085875e-04
   3.44404221e+02  -2.27598415e-04
   3.44404709e+02  -2.90310476e-04
   3.44405197e+02  -6.61147860e-05
   3.44405686e+02   2.68835371e-04
   3.44406174e+02   3.26501962e-04
   3.44406662e+02  -7.15207898e-06
   3.44407150e+02  -2.51738413e-04
   3.44407639e+02  -6.25922912e-05
   3.44408127e+02   1.83183583e-04
   3.44408615e+02   1.89175713e-04
   3.44409104e+02   1.59530915e-04
   3.44409592e+02   2.79848231e-04
   3.44410080e+02   4.22785612e-04
   3.44410569e+02   2.93650199e-04
   3.44411057e+02  -2.44581606e-04
   3.44411545e+02  -7.96470733e-04
   3.44412034e+02  -6.84269296e-04
   3.44412522e+02  -2.09453297e-04
   3.44413010e+02  -5.90273885e-05
   3.44413498e+02  -2.25731390e-04
   3.44413987e+02  -4.76606860e-04
   3.44414475e+02  -7.11182831e-04
   3.44414963e+02  -4.66291123e-04
   3.44415452e+02   1.78742979e-04
   3.44415940e+02   3.95600247e-04
   3.44416428e+02   4.25478793e-05
   3.44416917e+02  -8.39770655e-05
   3.44417405e+02  -5.74557671e-05
   3.44417893e+02  -3.13409109e-04
   3.44418382e+02  -5.06276672e-04
   3.44418870e+02  -3.82997823e-04
   3.44419358e+02  -5.48039225e-07
   3.44419847e+02   8.13793959e-05
   3.44420335e+02  -1.37777839e-04
   3.44420823e+02   2.06612400e-04
   3.44421311e+02   7.85118085e-04
   3.44421800e+02   9.51094844e-04
   3.44422288e+02   6.24941022e-04
   3.44422776e+02   1.02211241e-04
   3.44423265e+02  -2.10878410e-04
   3.44423753e+02  -3.39729420e-04
   3.44424241e+02  -2.58963672e-04
   3.44424730e+02  -2.58471817e-04
   3.44425218e+02  -3.81314050e-04
   3.44425706e+02  -1.38322081e-04
   3.44426195e+02   1.21982936e-04
   3.44426683e+02   3.08137096e-04
   3.44427171e+02   2.90445430e-04
   3.44427659e+02   2.57462321e-04
   3.44428148e+02   4.66935831e-04
   3.44428636e+02   3.11590993e-04
   3.44429124e+02  -3.53867741e-04
   3.44429613e+02  -6.57513039e-04
   3.44430101e+02  -4.59297065e-04
   3.44430589e+02  -3.34077849e-05
   3.44431078e+02   2.37046319e-04
   3.44431566e+02   2.61955167e-04
   3.44432054e+02   4.39791067e-04
   3.44432543e+02   5.53618942e-04
   3.44433031e+02   4.73152555e-04
   3.44433519e+02   3.70922469e-04
   3.44434007e+02   3.41757463e-04
   3.44434496e+02   4.48095059e-04
   3.44434984e+02   3.86855128e-04
   3.44435472e+02   1.47508210e-04
   3.44435961e+02   2.80685472e-05
   3.44436449e+02   9.15828205e-05
   3.44436937e+02   2.95007660e-04
   3.44437426e+02   4.67277161e-04
   3.44437914e+02   3.03575158e-04
   3.44438402e+02  -3.68828245e-04
   3.44438891e+02  -9.24525550e-04
   3.44439379e+02  -7.56948022e-04
   3.44439867e+02  -4.23123332e-04
   3.44440355e+02  -2.15161504e-04
   3.44440844e+02  -1.59182673e-04
   3.44441332e+02  -1.83386102e-04
   3.44441820e+02   1.19972945e-04
   3.44442309e+02   2.71800440e-04
   3.44442797e+02   3.67720968e-05
   3.44443285e+02   1.42636069e-04
   3.44443774e+02   3.88590590e-04
   3.44444262e+02   2.47106771e-04
   3.44444750e+02  -4.94656451e-05
   3.44445239e+02  -4.79747832e-05
   3.44445727e+02   1.32123401e-04
   3.44446215e+02   1.40200704e-04
   3.44446703e+02  -4.54634137e-05
   3.44447192e+02   2.14287520e-05
   3.44447680e+02   3.82736471e-04
   3.44448168e+02   2.73225276e-04
   3.44448657e+02  -6.93567272e-05
   3.44449145e+02  -7.33064599e-06
   3.44449633e+02   9.37259902e-05
   3.44450122e+02   9.17802245e-05
   3.44450610e+02  -1.61083826e-05
   3.44451098e+02  -4.30639484e-04
   3.44451587e+02  -6.64746272e-04
   3.44452075e+02  -4.24362661e-04
   3.44452563e+02  -1.20255369e-04
   3.44453051e+02  -2.25419237e-04
   3.44453540e+02  -3.19573155e-04
   3.44454028e+02  -1.59843985e-04
   3.44454516e+02   5.21718102e-05
   3.44455005e+02   8.65831244e-05
   3.44455493e+02  -1.84349425e-04
   3.44455981e+02  -1.95059198e-04
   3.44456470e+02   7.49238097e-05
   3.44456958e+02  -8.26652540e-05
   3.44457446e+02  -3.05381574e-04
   3.44457935e+02   1.18861071e-05
   3.44458423e+02   2.88779585e-04
   3.44458911e+02   2.11863284e-04
   3.44459400e+02   1.49047322e-04
   3.44459888e+02   4.20696859e-04
   3.44460376e+02   8.63578985e-04
   3.44460864e+02   8.19097506e-04
   3.44461353e+02   3.86696192e-04
   3.44461841e+02   1.90443083e-04
   3.44462329e+02   1.93077023e-04
   3.44462818e+02  -3.34824108e-05
   3.44463306e+02  -2.58189306e-04
   3.44463794e+02   1.27675070e-04
   3.44464283e+02   4.54961206e-04
   3.44464771e+02   1.77261842e-04
   3.44465259e+02  -1.80681702e-04
   3.44465748e+02  -5.68780117e-04
   3.44466236e+02  -6.33631658e-04
   3.44466724e+02  -1.68964296e-04
   3.44467212e+02  -9.14240591e-05
   3.44467701e+02  -4.51555126e-04
   3.44468189e+02  -3.55191471e-04
   3.44468677e+02  -5.25053983e-05
   3.44469166e+02   3.44434338e-05
   3.44469654e+02   2.33496321e-04
   3.44470142e+02   2.91481323e-04
   3.44470631e+02   1.52275054e-04
   3.44471119e+02  -6.31638104e-05
   3.44471607e+02  -1.29351843e-04
   3.44472096e+02   1.02133010e-04
   3.44472584e+02   4.07372223e-04
   3.44473072e+02   6.76292984e-04
   3.44473560e+02   6.57484285e-04
   3.44474049e+02   3.92539892e-04
   3.44474537e+02   1.21519130e-04
   3.44475025e+02  -3.00579617e-04
   3.44475514e+02  -5.33610175e-04
   3.44476002e+02  -5.60245244e-04
   3.44476490e+02  -5.15843800e-04
   3.44476979e+02  -6.87789434e-05
   3.44477467e+02   3.17911850e-04
   3.44477955e+02   3.92943766e-05
   3.44478444e+02  -5.83601533e-04
   3.44478932e+02  -9.10966482e-04
   3.44479420e+02  -9.36810859e-04
   3.44479908e+02  -7.39912444e-04
   3.44480397e+02  -1.30541375e-04
   3.44480885e+02   2.36318025e-04
   3.44481373e+02   8.00819544e-05
   3.44481862e+02   3.86620559e-05
   3.44482350e+02  -1.84398581e-04
   3.44482838e+02  -4.74936533e-04
   3.44483327e+02  -4.96741210e-04
   3.44483815e+02  -1.79287134e-04
   3.44484303e+02   1.98473732e-04
   3.44484792e+02   7.96657187e-05
   3.44485280e+02  -1.46924052e-04
   3.44485768e+02   4.37196695e-06
   3.44486256e+02   1.67334601e-05
   3.44486745e+02  -1.81062045e-04
   3.44487233e+02  -1.97525878e-04
   3.44487721e+02  -6.32959927e-05
   3.44488210e+02   1.27675157e-04
   3.44488698e+02   2.44722614e-04
   3.44489186e+02   1.74970992e-04
   3.44489675e+02   2.61091172e-05
   3.44490163e+02   2.73298938e-04
   3.44490651e+02   5.56240091e-04
   3.44491140e+02   4.90458566e-04
   3.44491628e+02   4.65249759e-04
   3.44492116e+02   4.35948488e-04
   3.44492604e+02   4.51354834e-04
   3.44493093e+02   6.84713479e-04
   3.44493581e+02   6.16590842e-04
   3.44494069e+02   1.68434228e-04
   3.44494558e+02  -1.65015314e-04
   3.44495046e+02  -3.57223034e-04
   3.44495534e+02  -5.42839582e-04
   3.44496023e+02  -6.26139808e-04
   3.44496511e+02  -1.58345632e-04
   3.44496999e+02   2.70511926e-04
   3.44497488e+02   7.97107932e-05
   3.44497976e+02  -5.51930898e-05
   3.44498464e+02  -1.65049041e-05
   3.44498953e+02  -5.53942045e-05
   3.44499441e+02  -1.42174133e-04
   3.44499929e+02  -1.18050761e-04
   3.44500417e+02   1.05194842e-04
   3.44500906e+02   3.36775527e-04
   3.44501394e+02   5.83704037e-04
   3.44501882e+02   5.70060161e-04
   3.44502371e+02   2.15122986e-04
   3.44502859e+02  -2.24581545e-05
   3.44503347e+02  -6.33625168e-05
   3.44503836e+02  -4.25850085e-05
   3.44504324e+02   3.05941183e-04
   3.44504812e+02   5.60072018e-04
   3.44505301e+02   2.38621476e-04
   3.44505789e+02  -1.74265719e-04
   3.44506277e+02  -3.41469422e-04
   3.44506765e+02  -1.31272784e-04
   3.44507254e+02   2.49490171e-04
   3.44507742e+02   2.89274525e-04
   3.44508230e+02   9.41063627e-05
   3.44508719e+02   1.07812082e-06
   3.44509207e+02   2.37352651e-04
   3.44509695e+02   3.52479168e-04
   3.44510184e+02   1.22840400e-04
   3.44510672e+02   2.50017511e-05
   3.44511160e+02   2.20774818e-05
   3.44511649e+02  -1.11826266e-04
   3.44512137e+02  -7.28209488e-05
   3.44512625e+02  -2.66083534e-05
   3.44513113e+02  -1.34431961e-04
   3.44513602e+02  -7.24445563e-05
   3.44514090e+02   3.06109607e-04
   3.44514578e+02   4.35844326e-04
   3.44515067e+02   2.87056810e-05
   3.44515555e+02  -2.44945608e-04
   3.44516043e+02  -6.74746479e-05
   3.44516532e+02  -1.87560727e-04
   3.44517020e+02  -3.33575998e-04
   3.44517508e+02  -1.17344120e-04
   3.44517997e+02   7.95593678e-06
   3.44518485e+02   3.47200621e-05
   3.44518973e+02   1.00236575e-04
   3.44519461e+02  -1.84587680e-05
   3.44519950e+02  -2.70338584e-04
   3.44520438e+02  -4.18798620e-04
   3.44520926e+02  -2.81358341e-04
   3.44521415e+02   9.84780054e-05
   3.44521903e+02   2.54271028e-04
   3.44522391e+02   2.32597144e-04
   3.44522880e+02   5.43268223e-04
   3.44523368e+02   7.45313766e-04
   3.44523856e+02   6.62970706e-04
   3.44524345e+02   5.58160478e-04
   3.44524833e+02   3.84070299e-04
   3.44525321e+02   3.02875938e-04
   3.44525809e+02   2.06555687e-05
   3.44526298e+02  -4.78554110e-04
   3.44526786e+02  -6.64388295e-04
   3.44527274e+02  -3.94630188e-04
   3.44527763e+02   6.60358128e-05
   3.44528251e+02  -2.80024942e-05
   3.44528739e+02  -4.13816277e-04
   3.44529228e+02  -2.83180823e-04
   3.44529716e+02  -1.21705370e-05
   3.44530204e+02  -1.38872056e-04
   3.44530693e+02  -2.97055172e-04
   3.44531181e+02  -1.62248907e-04
   3.44531669e+02   6.09982635e-05
   3.44532157e+02   2.47689895e-04
   3.44532646e+02   4.33461246e-04
   3.44533134e+02   4.18581389e-04
   3.44533622e+02   4.80320996e-05
   3.44534111e+02  -3.92374699e-04
   3.44534599e+02  -4.96118737e-04
   3.44535087e+02  -3.19372339e-04
   3.44535576e+02  -6.61335580e-05
   3.44536064e+02   5.05848184e-05
   3.44536552e+02   9.50885660e-05
   3.44537041e+02   2.45710835e-04
   3.44537529e+02   3.71779228e-04
   3.44538017e+02   3.45669949e-04
   3.44538506e+02   1.94010223e-04
   3.44538994e+02   3.75394884e-05
   3.44539482e+02   8.21915091e-05
   3.44539970e+02   8.78971696e-05
   3.44540459e+02  -2.36157153e-04
   3.44540947e+02  -4.06394131e-04
   3.44541435e+02  -3.67518078e-04
   3.44541924e+02  -4.24848055e-04
   3.44542412e+02  -4.21071047e-04
   3.44542900e+02  -1.32740897e-04
   3.44543389e+02   2.77093815e-04
   3.44543877e+02   4.49737679e-04
   3.44544365e+02   1.93327913e-04
   3.44544854e+02   7.46287042e-05
   3.44545342e+02   3.73441406e-04
   3.44545830e+02   5.40387409e-04
   3.44546318e+02   2.75581435e-04
   3.44546807e+02  -3.52459538e-05
   3.44547295e+02  -1.62950993e-04
   3.44547783e+02  -8.48891286e-05
   3.44548272e+02   2.22261864e-04
   3.44548760e+02   3.24413268e-04
   3.44549248e+02   1.42656179e-04
   3.44549737e+02  -1.86890265e-05
   3.44550225e+02   9.81137418e-06
   3.44550713e+02   3.30416689e-04
   3.44551202e+02   4.77913360e-04
   3.44551690e+02   2.35489177e-04
   3.44552178e+02  -8.68294592e-05
   3.44552666e+02   2.65099534e-05
   3.44553155e+02   4.98855778e-04
   3.44553643e+02   6.33561809e-04
   3.44554131e+02   3.18091654e-04
   3.44554620e+02   2.09598569e-04
   3.44555108e+02   5.95172110e-04
   3.44555596e+02   8.63300229e-04
   3.44556085e+02   4.05644474e-04
   3.44556573e+02  -4.42209042e-04
   3.44557061e+02  -7.80539820e-04
   3.44557550e+02  -4.20926808e-04
   3.44558038e+02  -9.68782915e-05
   3.44558526e+02   1.49713625e-04
   3.44559014e+02   2.94304948e-04
   3.44559503e+02  -1.22524492e-04
   3.44559991e+02  -4.29959153e-04
   3.44560479e+02  -2.00607930e-04
   3.44560968e+02  -9.09966329e-05
   3.44561456e+02  -4.08495049e-04
   3.44561944e+02  -5.64279675e-04
   3.44562433e+02  -2.55867810e-04
   3.44562921e+02   7.67669117e-05
   3.44563409e+02   2.35197018e-04
   3.44563898e+02   1.16546125e-05
   3.44564386e+02  -3.51460825e-04
   3.44564874e+02  -2.63323134e-04
   3.44565362e+02   4.53880311e-05
   3.44565851e+02   2.11425155e-04
   3.44566339e+02   1.93819797e-04
   3.44566827e+02  -5.03434285e-06
   3.44567316e+02   1.23967436e-06
   3.44567804e+02   6.03270491e-05
   3.44568292e+02  -1.33104564e-04
   3.44568781e+02  -1.01705809e-04
   3.44569269e+02  -4.49337567e-05
   3.44569757e+02  -2.91150558e-04
   3.44570246e+02  -5.39582805e-04
   3.44570734e+02  -4.24414669e-04
   3.44571222e+02  -7.18180600e-05
   3.44571710e+02  -3.81024220e-05
   3.44572199e+02  -4.04105638e-04
   3.44572687e+02  -6.11261290e-04
   3.44573175e+02  -2.92055222e-04
   3.44573664e+02  -1.34730566e-04
   3.44574152e+02  -1.77414957e-04
   3.44574640e+02  -4.62596981e-05
   3.44575129e+02  -1.67732564e-04
   3.44575617e+02  -2.41385627e-04
   3.44576105e+02   5.93718869e-05
   3.44576594e+02   1.64752943e-04
   3.44577082e+02  -1.27992889e-05
   3.44577570e+02  -8.13685765e-05
   3.44578059e+02   1.77927577e-04
   3.44578547e+02   5.19351917e-04
   3.44579035e+02   1.89171522e-04
   3.44579523e+02  -2.69478536e-04
   3.44580012e+02  -2.18969581e-04
   3.44580500e+02  -3.72519062e-05
   3.44580988e+02   5.76860184e-05
   3.44581477e+02   1.34789574e-04
   3.44581965e+02   1.69284715e-04
   3.44582453e+02  -1.90335923e-04
   3.44582942e+02  -4.48794424e-04
   3.44583430e+02   9.30316091e-05
   3.44583918e+02   3.76061536e-04
   3.44584407e+02   1.41938857e-04
   3.44584895e+02   1.49578656e-04
   3.44585383e+02   4.18345415e-04
   3.44585871e+02   3.36231664e-04
   3.44586360e+02  -1.11230169e-04
   3.44586848e+02  -3.82136699e-04
   3.44587336e+02  -4.83284472e-04
   3.44587825e+02  -4.77333146e-04
   3.44588313e+02  -3.09316965e-04
   3.44588801e+02  -2.06710611e-04
   3.44589290e+02  -8.64963222e-05
   3.44589778e+02   7.06458886e-05
   3.44590266e+02   7.69528124e-05
   3.44590755e+02  -7.19971297e-07
   3.44591243e+02  -2.43875129e-05
   3.44591731e+02  -1.02290447e-04
   3.44592219e+02  -7.60441471e-05
   3.44592708e+02   1.70830433e-04
   3.44593196e+02   1.98830239e-04
   3.44593684e+02  -1.21158468e-04
   3.44594173e+02  -3.28318420e-04
   3.44594661e+02  -4.13468049e-04
   3.44595149e+02  -4.36320755e-04
   3.44595638e+02  -3.72431008e-04
   3.44596126e+02  -3.73576797e-04
   3.44596614e+02  -3.03667155e-04
   3.44597103e+02  -2.67245923e-04
   3.44597591e+02  -2.90707976e-04
   3.44598079e+02  -2.18886969e-04
   3.44598567e+02  -1.26793180e-04
   3.44599056e+02  -3.98432421e-05
   3.44599544e+02   4.23917227e-05
   3.44600032e+02   4.76423593e-05
   3.44600521e+02  -1.82221629e-04
   3.44601009e+02  -4.25481965e-04
   3.44601497e+02  -2.92793295e-04
   3.44601986e+02  -4.44775040e-04
   3.44602474e+02  -4.70549014e-04
   3.44602962e+02   1.60134892e-04
   3.44603451e+02   4.69123508e-04
   3.44603939e+02   4.45851416e-04
   3.44604427e+02   5.10891026e-04
   3.44604915e+02   8.23315349e-05
   3.44605404e+02  -5.80427470e-04
   3.44605892e+02  -5.86131355e-04
   3.44606380e+02  -1.69440871e-04
   3.44606869e+02  -7.55739256e-06
   3.44607357e+02  -1.08576933e-05
   3.44607845e+02   1.26508268e-04
   3.44608334e+02   4.56327798e-05
   3.44608822e+02  -2.08851256e-04
   3.44609310e+02  -2.66306633e-05
   3.44609799e+02   7.50733889e-05
   3.44610287e+02  -1.29201027e-04
   3.44610775e+02  -1.94164495e-05
   3.44611263e+02  -4.18929667e-05
   3.44611752e+02  -2.80578621e-04
   3.44612240e+02  -3.18989187e-04
   3.44612728e+02   4.08229471e-06
   3.44613217e+02   3.59804399e-04
   3.44613705e+02   1.22818688e-04
   3.44614193e+02  -1.88471549e-05
   3.44614682e+02   2.19105656e-04
   3.44615170e+02   7.82823481e-05
   3.44615658e+02  -1.37788258e-04
   3.44616147e+02  -6.38219717e-06
   3.44616635e+02   3.31621413e-04
   3.44617123e+02   3.29432747e-04
   3.44617612e+02   1.14580595e-04
   3.44618100e+02   2.25664000e-04
   3.44618588e+02   1.40381235e-04
   3.44619076e+02  -1.04287450e-04
   3.44619565e+02  -1.12917933e-05
   3.44620053e+02   7.68047685e-05
   3.44620541e+02   7.49640749e-05
   3.44621030e+02   9.54204224e-05
   3.44621518e+02   3.82354810e-05
   3.44622006e+02  -4.30912478e-04
   3.44622495e+02  -9.40145110e-04
   3.44622983e+02  -6.86999352e-04
   3.44623471e+02   8.26430842e-05
   3.44623960e+02   4.49778920e-04
   3.44624448e+02   1.28558575e-04
   3.44624936e+02  -1.79862531e-04
   3.44625424e+02  -2.95357575e-04
   3.44625913e+02  -3.99793469e-04
   3.44626401e+02  -2.99800595e-04
   3.44626889e+02  -1.56079332e-04
   3.44627378e+02  -2.19347730e-05
   3.44627866e+02   1.01689780e-04
   3.44628354e+02   4.04287384e-05
   3.44628843e+02  -8.56086990e-05
   3.44629331e+02  -5.27935976e-04
   3.44629819e+02  -9.80971730e-04
   3.44630308e+02  -6.21194486e-04
   3.44630796e+02  -1.26729753e-06
   3.44631284e+02   1.49584757e-05
   3.44631772e+02  -3.81443300e-04
   3.44632261e+02  -5.76668826e-04
   3.44632749e+02  -3.15353303e-04
   3.44633237e+02   7.29008570e-06
   3.44633726e+02  -3.27972448e-05
   3.44634214e+02  -1.41015465e-04
   3.44634702e+02   5.66130402e-05
   3.44635191e+02   7.73326174e-05
   3.44635679e+02  -1.49852363e-04
   3.44636167e+02  -3.92742950e-04
   3.44636656e+02  -3.31232557e-04
   3.44637144e+02   3.27879010e-04
   3.44637632e+02   7.27491046e-04
   3.44638120e+02   5.30011137e-04
   3.44638609e+02   9.54317948e-05
   3.44639097e+02  -3.01226770e-04
   3.44639585e+02  -5.65041555e-04
   3.44640074e+02  -6.49536494e-04
   3.44640562e+02  -1.96768553e-04
   3.44641050e+02   1.73956083e-04
   3.44641539e+02   2.57748325e-04
   3.44642027e+02   5.98206650e-04
   3.44642515e+02   5.79969841e-04
   3.44643004e+02   2.83143745e-04
   3.44643492e+02   4.28530824e-04
   3.44643980e+02   5.02355804e-04
   3.44644468e+02   3.85759078e-04
   3.44644957e+02   4.54236317e-04
   3.44645445e+02   4.41465294e-04
   3.44645933e+02   2.60795088e-04
   3.44646422e+02   8.24220297e-06
   3.44646910e+02  -1.92126070e-04
   3.44647398e+02  -9.03961700e-05
   3.44647887e+02   5.95096171e-05
   3.44648375e+02  -1.78899849e-04
   3.44648863e+02  -2.03152667e-04
   3.44649352e+02   1.62475917e-04
   3.44649840e+02   3.18888924e-04
   3.44650328e+02   2.57821637e-04
   3.44650816e+02   8.94081822e-05
   3.44651305e+02   5.40346045e-05
   3.44651793e+02   2.01561765e-04
   3.44652281e+02   5.40297944e-04
   3.44652770e+02   7.20684300e-04
   3.44653258e+02   2.35847721e-04
   3.44653746e+02  -1.49362459e-04
   3.44654235e+02  -6.14082455e-05
   3.44654723e+02   2.80802014e-05
   3.44655211e+02  -1.03661587e-04
   3.44655700e+02  -2.75569240e-04
   3.44656188e+02   1.10824340e-05
   3.44656676e+02   3.13432887e-04
   3.44657165e+02   2.26259814e-04
   3.44657653e+02   4.00573568e-04
   3.44658141e+02   5.30556834e-04
   3.44658629e+02   4.27807427e-05
   3.44659118e+02  -4.78257949e-04
   3.44659606e+02  -3.35292338e-04
   3.44660094e+02   3.31862066e-05
   3.44660583e+02   1.06556952e-04
   3.44661071e+02  -7.87736863e-05
   3.44661559e+02  -1.19357544e-04
   3.44662048e+02  -2.30290079e-05
   3.44662536e+02   1.49928688e-04
   3.44663024e+02   1.94551627e-04
   3.44663513e+02   1.06138621e-04
   3.44664001e+02   2.64640432e-04
   3.44664489e+02   4.50754014e-04
   3.44664977e+02   3.37456702e-04
   3.44665466e+02   2.20311296e-04
   3.44665954e+02   2.11799779e-04
   3.44666442e+02   1.00084631e-04
   3.44666931e+02  -2.56060506e-04
   3.44667419e+02  -4.88084101e-04
   3.44667907e+02  -2.54101644e-04
   3.44668396e+02   1.06198742e-04
   3.44668884e+02   3.16638470e-04
   3.44669372e+02   2.56522471e-04
   3.44669861e+02  -4.83236763e-05
   3.44670349e+02  -1.99677641e-04
   3.44670837e+02  -1.77966605e-04
   3.44671325e+02  -1.05107225e-04
   3.44671814e+02   1.42591991e-04
   3.44672302e+02   3.77740798e-04
   3.44672790e+02   4.55790607e-04
   3.44673279e+02   2.34535022e-04
   3.44673767e+02  -3.11855052e-04
   3.44674255e+02  -2.76616192e-04
   3.44674744e+02   1.95262881e-04
   3.44675232e+02   6.77328280e-05
   3.44675720e+02  -1.53148445e-04
   3.44676209e+02   3.37970967e-04
   3.44676697e+02   8.04699608e-04
   3.44677185e+02   7.33114139e-04
   3.44677673e+02   3.50781309e-04
   3.44678162e+02  -2.04463970e-04
   3.44678650e+02  -4.97714034e-04
   3.44679138e+02  -3.16889433e-04
   3.44679627e+02  -1.63411387e-04
   3.44680115e+02  -2.20356756e-04
   3.44680603e+02  -2.25691969e-04
   3.44681092e+02   3.98659040e-06
   3.44681580e+02   4.12624104e-05
   3.44682068e+02  -2.67052266e-04
   3.44682557e+02  -1.80474759e-04
   3.44683045e+02  -3.12993370e-06
   3.44683533e+02  -1.54246809e-04
   3.44684021e+02  -2.11992345e-04
   3.44684510e+02  -1.44389793e-04
   3.44684998e+02   9.43001760e-06
   3.44685486e+02   7.86076416e-05
   3.44685975e+02  -1.27786479e-04
   3.44686463e+02  -2.52608297e-04
   3.44686951e+02  -1.53157089e-04
   3.44687440e+02   4.86103345e-05
   3.44687928e+02   7.51294137e-05
   3.44688416e+02  -8.97918944e-05
   3.44688905e+02   3.70778725e-05
   3.44689393e+02   6.27012923e-04
   3.44689881e+02   9.23170359e-04
   3.44690369e+02   6.41754770e-04
   3.44690858e+02   1.86804929e-04
   3.44691346e+02   2.65323051e-05
   3.44691834e+02   2.37497778e-04
   3.44692323e+02   4.05087863e-04
   3.44692811e+02   3.43772408e-04
   3.44693299e+02   2.18704197e-04
   3.44693788e+02   7.46536170e-05
   3.44694276e+02  -1.92209627e-05
   3.44694764e+02  -2.23210791e-05
   3.44695253e+02   1.89615850e-04
   3.44695741e+02   2.81398883e-04
   3.44696229e+02  -1.08620530e-04
   3.44696718e+02  -4.11960820e-04
   3.44697206e+02  -6.20663224e-04
   3.44697694e+02  -8.57157866e-04
   3.44698182e+02  -6.03646797e-04
   3.44698671e+02   1.81285373e-04
   3.44699159e+02   5.91189018e-04
   3.44699647e+02   2.60411762e-04
   3.44700136e+02   4.86628851e-05
   3.44700624e+02   1.71238979e-04
   3.44701112e+02   2.20589383e-04
   3.44701601e+02  -6.51103474e-05
   3.44702089e+02  -3.70645546e-04
   3.44702577e+02  -3.08237300e-04
   3.44703066e+02  -1.64865472e-04
   3.44703554e+02  -5.80341930e-06
   3.44704042e+02   3.00802712e-05
   3.44704530e+02  -5.74059850e-05
   3.44705019e+02  -5.16073987e-06
   3.44705507e+02  -1.89500555e-04
   3.44705995e+02  -3.28979804e-04
   3.44706484e+02  -1.64012730e-04
   3.44706972e+02   4.56869238e-05
   3.44707460e+02   1.90947772e-04
   3.44707949e+02   9.19009908e-05
   3.44708437e+02  -4.54305300e-05
   3.44708925e+02  -2.18385743e-04
   3.44709414e+02  -4.32794186e-04
   3.44709902e+02  -2.49951176e-04
   3.44710390e+02   4.56641174e-05
   3.44710878e+02   1.12203437e-04
   3.44711367e+02   1.29768261e-04
   3.44711855e+02   9.88605898e-05
   3.44712343e+02  -1.87206479e-05
   3.44712832e+02  -8.60433793e-05
   3.44713320e+02  -2.85688338e-06
   3.44713808e+02   1.53253641e-04
   3.44714297e+02   9.12786127e-05
   3.44714785e+02  -1.49140862e-04
   3.44715273e+02  -7.10334862e-05
   3.44715762e+02  -7.68890895e-05
   3.44716250e+02  -3.11637326e-04
   3.44716738e+02  -3.27742055e-05
   3.44717226e+02   3.56447097e-04
   3.44717715e+02   5.25041891e-04
   3.44718203e+02   3.34594690e-04
   3.44718691e+02   2.61690002e-04
   3.44719180e+02   4.31322667e-04
   3.44719668e+02   3.43490392e-04
   3.44720156e+02   1.62309472e-04
   3.44720645e+02   3.95788404e-04
   3.44721133e+02   4.97208210e-04
   3.44721621e+02   1.43575278e-04
   3.44722110e+02  -3.04771849e-04
   3.44722598e+02  -3.97511671e-04
   3.44723086e+02  -2.43752351e-04
   3.44723574e+02  -2.94838363e-04
   3.44724063e+02  -2.75027123e-04
   3.44724551e+02  -6.81438542e-05
   3.44725039e+02  -1.54744921e-04
   3.44725528e+02   1.91341951e-05
   3.44726016e+02   2.80706940e-04
   3.44726504e+02  -6.85662308e-05
   3.44726993e+02  -4.35832742e-04
   3.44727481e+02  -5.75460435e-04
   3.44727969e+02  -8.00527341e-04
   3.44728458e+02  -7.35250360e-04
   3.44728946e+02  -3.09922616e-04
   3.44729434e+02  -2.01003611e-04
   3.44729922e+02  -6.48749352e-04
   3.44730411e+02  -1.00506365e-03
   3.44730899e+02  -8.10758793e-04
   3.44731387e+02  -2.78474501e-04
   3.44731876e+02   1.16097974e-04
   3.44732364e+02  -4.26250517e-05
   3.44732852e+02  -6.92414527e-04
   3.44733341e+02  -7.31232867e-04
   3.44733829e+02  -2.94569298e-04
   3.44734317e+02  -2.46137148e-04
   3.44734806e+02  -1.02046266e-04
   3.44735294e+02   1.84397883e-04
   3.44735782e+02   1.06401632e-04
   3.44736271e+02  -1.83384895e-04
   3.44736759e+02  -5.10189915e-04
   3.44737247e+02  -5.98432147e-04
   3.44737735e+02  -1.97075336e-04
   3.44738224e+02   2.40212583e-04
   3.44738712e+02   1.61834745e-04
   3.44739200e+02   1.22390920e-05
   3.44739689e+02  -7.29803287e-05
   3.44740177e+02  -2.35364118e-04
   3.44740665e+02   1.07016247e-04
   3.44741154e+02   6.34102209e-04
   3.44741642e+02   2.69343931e-04
   3.44742130e+02  -4.03948739e-04
   3.44742619e+02  -2.76071543e-04
   3.44743107e+02   2.00042152e-04
   3.44743595e+02   1.52773631e-04
   3.44744083e+02  -1.62756100e-04
   3.44744572e+02  -6.57364508e-05
   3.44745060e+02   4.66173718e-04
   3.44745548e+02   6.33590796e-04
   3.44746037e+02   2.88827578e-04
   3.44746525e+02   2.22738454e-04
   3.44747013e+02   5.66655130e-04
   3.44747502e+02   3.80795740e-04
   3.44747990e+02  -9.17109865e-05
   3.44748478e+02   1.93723445e-05
   3.44748967e+02   4.70458463e-06
   3.44749455e+02  -3.42937361e-04
   3.44749943e+02  -1.72697764e-04
   3.44750431e+02   2.21856375e-04
   3.44750920e+02   3.21295141e-04
   3.44751408e+02   2.57469565e-05
   3.44751896e+02  -4.91983083e-04
   3.44752385e+02  -5.81768749e-04
   3.44752873e+02  -5.76673425e-04
   3.44753361e+02  -5.36214211e-04
   3.44753850e+02  -7.35620051e-05
   3.44754338e+02   2.95166305e-04
   3.44754826e+02   3.51350522e-04
   3.44755315e+02   4.65340185e-04
   3.44755803e+02   4.34538873e-04
   3.44756291e+02   2.22085575e-07
   3.44756779e+02  -1.74299304e-04
   3.44757268e+02   5.02170114e-05
   3.44757756e+02  -4.66176607e-05
   3.44758244e+02  -2.44800409e-04
   3.44758733e+02  -2.03723001e-04
   3.44759221e+02  -7.16210416e-05
   3.44759709e+02  -1.47320301e-04
   3.44760198e+02  -3.28774506e-04
   3.44760686e+02  -3.44320200e-04
   3.44761174e+02  -2.84362090e-04
   3.44761663e+02  -9.98175165e-05
   3.44762151e+02   1.98777212e-04
   3.44762639e+02   3.80841608e-04
   3.44763127e+02   2.74997437e-04
   3.44763616e+02   2.13382402e-04
   3.44764104e+02   3.62084247e-04
   3.44764592e+02   3.24785768e-04
   3.44765081e+02   2.05329459e-04
   3.44765569e+02   2.93327612e-04
   3.44766057e+02   1.52825640e-04
   3.44766546e+02   1.62254699e-04
   3.44767034e+02   3.95799958e-04
   3.44767522e+02   1.13285998e-04
   3.44768011e+02   3.14417375e-05
   3.44768499e+02   1.65426172e-04
   3.44768987e+02  -1.50310516e-04
   3.44769475e+02  -4.60062583e-04
   3.44769964e+02  -5.11609134e-04
   3.44770452e+02  -4.75904206e-04
   3.44770940e+02  -3.78754077e-04
   3.44771429e+02  -3.36971105e-04
   3.44771917e+02  -1.85650337e-04
   3.44772405e+02   9.83561622e-05
   3.44772894e+02   4.26626299e-04
   3.44773382e+02   7.48150342e-04
   3.44773870e+02   6.36505021e-04
   3.44774359e+02   3.18005943e-04
   3.44774847e+02   2.00439317e-04
   3.44775335e+02  -4.79792543e-05
   3.44775824e+02  -3.42314510e-04
   3.44776312e+02  -1.61265780e-04
   3.44776800e+02  -9.14300981e-05
   3.44777288e+02  -3.43964726e-04
   3.44777777e+02  -6.94903545e-04
   3.44778265e+02  -7.43555021e-04
   3.44778753e+02  -4.20089520e-04
   3.44779242e+02  -1.94470602e-04
   3.44779730e+02  -1.96795125e-04
   3.44780218e+02  -1.19157499e-04
   3.44780707e+02   1.26071362e-04
   3.44781195e+02   2.07807490e-04
   3.44781683e+02   2.27907571e-04
   3.44782172e+02   2.49649602e-04
   3.44782660e+02   1.76435846e-04
   3.44783148e+02   2.17266439e-04
   3.44783636e+02   3.55620141e-04
   3.44784125e+02   5.41010580e-04
   3.44784613e+02   5.40367851e-04
   3.44785101e+02   4.58445356e-06
   3.44785590e+02  -2.92526354e-04
   3.44786078e+02  -1.80175310e-04
   3.44786566e+02  -2.82775814e-04
   3.44787055e+02  -3.13148339e-04
   3.44787543e+02  -7.83493160e-05
   3.44788031e+02   1.86706922e-04
   3.44788520e+02   3.31837742e-04
   3.44789008e+02   2.65234208e-04
   3.44789496e+02   1.62388023e-04
   3.44789984e+02  -1.55382622e-05
   3.44790473e+02  -1.59652380e-04
   3.44790961e+02  -5.75859349e-06
   3.44791449e+02   2.34910767e-04
   3.44791938e+02   1.18961827e-04
   3.44792426e+02  -1.38568736e-04
   3.44792914e+02  -2.97924445e-04
   3.44793403e+02  -4.50234016e-04
   3.44793891e+02  -2.38778535e-04
   3.44794379e+02   3.06936214e-04
   3.44794868e+02   6.91640424e-04
   3.44795356e+02   5.45675284e-04
   3.44795844e+02   2.48115859e-04
   3.44796332e+02  -7.05922794e-05
   3.44796821e+02  -5.58569562e-04
   3.44797309e+02  -5.37438958e-04
   3.44797797e+02   6.82124519e-05
   3.44798286e+02   1.63384437e-04
   3.44798774e+02   2.40335903e-05
   3.44799262e+02   3.45621142e-04
   3.44799751e+02   7.13047397e-04
   3.44800239e+02   6.73997856e-04
   3.44800727e+02   1.78232847e-04
   3.44801216e+02  -3.51841882e-04
   3.44801704e+02  -4.25042934e-04
   3.44802192e+02  -3.73387942e-04
   3.44802680e+02  -5.34807041e-04
   3.44803169e+02  -6.77778269e-04
   3.44803657e+02  -5.55519364e-04
   3.44804145e+02  -8.75409823e-05
   3.44804634e+02   4.90276492e-04
   3.44805122e+02   5.24915522e-04
   3.44805610e+02   1.78683156e-04
   3.44806099e+02   3.83581464e-05
   3.44806587e+02   1.60744952e-04
   3.44807075e+02   3.57003068e-04
   3.44807564e+02   4.65195772e-04
   3.44808052e+02   2.39997229e-04
   3.44808540e+02  -5.73334110e-05
   3.44809028e+02  -3.22382955e-04
   3.44809517e+02  -3.62305727e-04
   3.44810005e+02   5.88483126e-05
   3.44810493e+02   3.19677420e-05
   3.44810982e+02  -3.58669262e-04
   3.44811470e+02  -3.73785588e-04
   3.44811958e+02  -1.56652750e-04
   3.44812447e+02  -1.04548250e-04
   3.44812935e+02  -1.47229672e-04
   3.44813423e+02  -7.80228220e-05
   3.44813912e+02  -3.49176815e-04
   3.44814400e+02  -6.33134798e-04
   3.44814888e+02  -3.67563771e-04
   3.44815377e+02   2.21649127e-04
   3.44815865e+02   5.66593488e-04
   3.44816353e+02   4.31918510e-04
   3.44816841e+02   3.86628206e-04
   3.44817330e+02   3.95755924e-04
   3.44817818e+02   1.41258657e-04
   3.44818306e+02   8.02318536e-05
   3.44818795e+02   3.48547590e-04
   3.44819283e+02   4.35943599e-04
   3.44819771e+02   1.26856990e-04
   3.44820260e+02  -3.78009077e-04
   3.44820748e+02  -8.35674990e-04
   3.44821236e+02  -8.39828572e-04
   3.44821725e+02  -5.68474934e-04
   3.44822213e+02  -5.05309959e-04
   3.44822701e+02  -5.49356570e-04
   3.44823189e+02  -3.27154499e-04
   3.44823678e+02  -5.43242095e-05
   3.44824166e+02  -5.66832132e-05
   3.44824654e+02  -2.15006832e-04
   3.44825143e+02  -4.08439460e-04
   3.44825631e+02  -3.00637563e-04
   3.44826119e+02   7.57310481e-05
   3.44826608e+02   2.44238545e-05
   3.44827096e+02  -2.63071823e-04
   3.44827584e+02  -1.88317339e-04
   3.44828073e+02  -6.22259395e-05
   3.44828561e+02  -5.55772749e-05
   3.44829049e+02  -6.76922282e-05
   3.44829537e+02  -2.69655371e-04
   3.44830026e+02  -2.59136374e-04
   3.44830514e+02   1.71041873e-04
   3.44831002e+02   4.21176810e-04
   3.44831491e+02   4.94691194e-04
   3.44831979e+02   3.93623544e-04
   3.44832467e+02  -1.22692742e-04
   3.44832956e+02  -3.02475353e-04
   3.44833444e+02   1.11738351e-04
