frequency (GHz), flux (Jy/beam)
   3.43899310e+02  -6.59035868e-05
   3.43899798e+02   1.78067610e-04
   3.43900286e+02   6.46952831e-04
   3.43900774e+02   7.87511002e-04
   3.43901263e+02   4.01514757e-04
   3.43901751e+02   1.80414077e-04
   3.43902239e+02   5.18275017e-04
   3.43902728e+02   6.86993066e-04
   3.43903216e+02   1.75756591e-04
   3.43903704e+02  -3.63263011e-04
   3.43904193e+02  -3.08223185e-04
   3.43904681e+02  -9.25653294e-05
   3.43905169e+02  -2.79566593e-04
   3.43905658e+02  -5.67591749e-04
   3.43906146e+02  -6.15243625e-04
   3.43906634e+02  -3.76852608e-04
   3.43907122e+02   4.90821294e-05
   3.43907611e+02   3.19248851e-04
   3.43908099e+02   2.90986995e-04
   3.43908587e+02   5.83310502e-05
   3.43909076e+02  -6.43220556e-05
   3.43909564e+02  -3.15481411e-05
   3.43910052e+02  -2.67508323e-04
   3.43910541e+02  -4.00719873e-04
   3.43911029e+02  -1.41595432e-04
   3.43911517e+02  -7.79308175e-05
   3.43912006e+02  -1.47513550e-04
   3.43912494e+02   1.61511663e-04
   3.43912982e+02   5.92494674e-04
   3.43913470e+02   5.54206839e-04
   3.43913959e+02   1.62688273e-04
   3.43914447e+02  -2.96741666e-04
   3.43914935e+02  -5.40415407e-04
   3.43915424e+02  -2.71585974e-04
   3.43915912e+02   1.32969173e-04
   3.43916400e+02   4.07123240e-04
   3.43916889e+02   6.13007345e-04
   3.43917377e+02   4.83681593e-04
   3.43917865e+02   6.25803877e-05
   3.43918354e+02  -6.81073216e-05
   3.43918842e+02  -1.39950384e-06
   3.43919330e+02  -1.21562640e-04
   3.43919818e+02  -8.91478267e-05
   3.43920307e+02   3.12780641e-04
   3.43920795e+02   6.57842960e-04
   3.43921283e+02   5.59177541e-04
   3.43921772e+02   2.19267065e-04
   3.43922260e+02   5.84362933e-05
   3.43922748e+02   2.32467519e-05
   3.43923237e+02  -1.54879235e-04
   3.43923725e+02  -4.73829044e-04
   3.43924213e+02  -5.44196751e-04
   3.43924702e+02  -2.25572570e-04
   3.43925190e+02   1.26157538e-04
   3.43925678e+02   2.63399474e-04
   3.43926166e+02   1.22105790e-04
   3.43926655e+02  -2.02939453e-04
   3.43927143e+02  -5.89050527e-04
   3.43927631e+02  -8.01714661e-04
   3.43928120e+02  -4.65268415e-04
   3.43928608e+02   3.19169267e-05
   3.43929096e+02   2.70287383e-05
   3.43929585e+02  -1.54881040e-04
   3.43930073e+02  -7.60410840e-05
   3.43930561e+02   1.15434552e-04
   3.43931050e+02   1.86655976e-04
   3.43931538e+02   2.71327990e-05
   3.43932026e+02  -3.20885214e-04
   3.43932514e+02  -4.64221666e-04
   3.43933003e+02  -8.68656571e-05
   3.43933491e+02   8.26678806e-05
   3.43933979e+02  -1.88429563e-04
   3.43934468e+02  -6.52325834e-05
   3.43934956e+02   4.56364360e-04
   3.43935444e+02   7.01847137e-04
   3.43935933e+02   4.27664607e-04
   3.43936421e+02  -3.20984000e-05
   3.43936909e+02  -2.71078636e-04
   3.43937398e+02  -4.30109183e-04
   3.43937886e+02  -4.11372195e-04
   3.43938374e+02  -1.35794195e-04
   3.43938863e+02  -1.00968457e-04
   3.43939351e+02  -2.38271154e-04
   3.43939839e+02  -1.65749458e-04
   3.43940327e+02  -1.89530110e-05
   3.43940816e+02  -1.96607711e-04
   3.43941304e+02  -4.10364562e-04
   3.43941792e+02  -3.13922734e-04
   3.43942281e+02  -2.42747818e-04
   3.43942769e+02  -1.45466256e-04
   3.43943257e+02  -1.36836334e-05
   3.43943746e+02  -5.79579064e-05
   3.43944234e+02  -3.40146071e-05
   3.43944722e+02   1.61176518e-04
   3.43945211e+02   4.07618150e-04
   3.43945699e+02   6.08107075e-04
   3.43946187e+02   5.50331315e-04
   3.43946675e+02   1.87501675e-04
   3.43947164e+02  -7.90525010e-05
   3.43947652e+02  -1.96723893e-04
   3.43948140e+02  -5.20494126e-04
   3.43948629e+02  -8.32861115e-04
   3.43949117e+02  -6.87186781e-04
   3.43949605e+02  -4.73271270e-04
   3.43950094e+02  -5.72023215e-04
   3.43950582e+02  -4.88212303e-04
   3.43951070e+02  -1.73929511e-04
   3.43951559e+02   2.91955585e-05
   3.43952047e+02   2.06073979e-04
   3.43952535e+02   3.77556949e-04
   3.43953023e+02   4.95420129e-04
   3.43953512e+02   4.00524033e-04
   3.43954000e+02   8.69810265e-06
   3.43954488e+02  -2.74610327e-04
   3.43954977e+02  -1.08068285e-04
   3.43955465e+02   2.44020557e-04
   3.43955953e+02   3.57760087e-04
   3.43956442e+02   2.79346248e-04
   3.43956930e+02   1.04936815e-04
   3.43957418e+02  -2.63969909e-04
   3.43957907e+02  -6.66883250e-04
   3.43958395e+02  -7.67273305e-04
   3.43958883e+02  -6.12144999e-04
   3.43959371e+02  -4.38159361e-04
   3.43959860e+02  -2.76195729e-04
   3.43960348e+02  -2.60113738e-04
   3.43960836e+02  -3.45158653e-04
   3.43961325e+02  -3.43630527e-04
   3.43961813e+02  -2.31815153e-04
   3.43962301e+02  -6.38961355e-05
   3.43962790e+02   3.75695781e-05
   3.43963278e+02   1.47744940e-04
   3.43963766e+02   2.16811022e-04
   3.43964255e+02  -2.81950952e-06
   3.43964743e+02  -2.46380805e-04
   3.43965231e+02  -3.26694368e-04
   3.43965719e+02  -3.21269559e-04
   3.43966208e+02  -2.45236850e-04
   3.43966696e+02  -1.63109537e-04
   3.43967184e+02  -2.71513254e-05
   3.43967673e+02   2.93444959e-04
   3.43968161e+02   7.03889993e-04
   3.43968649e+02   1.03785901e-03
   3.43969138e+02   1.00948941e-03
   3.43969626e+02   4.67730541e-04
   3.43970114e+02   5.14102867e-05
   3.43970603e+02   1.56773254e-04
   3.43971091e+02   4.40388103e-04
   3.43971579e+02   5.08914120e-04
   3.43972067e+02   2.97243969e-04
   3.43972556e+02   2.35491621e-04
   3.43973044e+02   2.96557264e-04
   3.43973532e+02  -3.88110711e-05
   3.43974021e+02  -5.10230311e-04
   3.43974509e+02  -4.23336460e-04
   3.43974997e+02   9.55814030e-05
   3.43975486e+02   3.70098540e-04
   3.43975974e+02   2.57893058e-04
   3.43976462e+02  -2.63566108e-05
   3.43976951e+02  -2.03183386e-04
   3.43977439e+02  -3.22115578e-04
   3.43977927e+02  -5.88158669e-04
   3.43978416e+02  -6.33279153e-04
   3.43978904e+02  -4.85417986e-04
   3.43979392e+02  -5.65563154e-04
   3.43979880e+02  -5.32253587e-04
   3.43980369e+02  -2.45553587e-04
   3.43980857e+02  -1.02507525e-04
   3.43981345e+02  -6.40518294e-07
   3.43981834e+02   7.92988285e-05
   3.43982322e+02   2.94855568e-06
   3.43982810e+02  -7.90378544e-05
   3.43983299e+02  -2.49281729e-04
   3.43983787e+02  -2.75099388e-04
   3.43984275e+02   7.27547604e-06
   3.43984764e+02   2.76184728e-05
   3.43985252e+02  -3.10992589e-04
   3.43985740e+02  -5.27904485e-04
   3.43986228e+02  -3.12426739e-04
   3.43986717e+02   2.33557221e-04
   3.43987205e+02   5.60553046e-04
   3.43987693e+02   5.10416226e-04
   3.43988182e+02   3.59252939e-04
   3.43988670e+02   2.22173439e-05
   3.43989158e+02  -4.07897867e-04
   3.43989647e+02  -4.25469771e-04
   3.43990135e+02  -3.72563700e-05
   3.43990623e+02   1.54456182e-04
   3.43991112e+02  -5.22917289e-05
   3.43991600e+02  -2.77241023e-04
   3.43992088e+02  -3.81377758e-04
   3.43992576e+02  -4.58064867e-04
   3.43993065e+02  -4.45783284e-04
   3.43993553e+02  -1.82251169e-04
   3.43994041e+02   1.20329038e-04
   3.43994530e+02   9.06079076e-05
   3.43995018e+02  -8.27920303e-05
   3.43995506e+02  -6.87017382e-05
   3.43995995e+02   1.41037075e-04
   3.43996483e+02   1.81094554e-04
   3.43996971e+02  -3.06942966e-05
   3.43997460e+02  -8.41163856e-05
   3.43997948e+02  -2.61766600e-05
   3.43998436e+02   3.45288863e-05
   3.43998924e+02   1.27697858e-04
   3.43999413e+02   1.26518629e-04
   3.43999901e+02   2.44242925e-04
   3.44000389e+02   4.73200111e-04
   3.44000878e+02   2.65040260e-04
   3.44001366e+02  -1.43521684e-04
   3.44001854e+02  -2.04215408e-04
   3.44002343e+02  -2.25363561e-04
   3.44002831e+02  -2.08581579e-04
   3.44003319e+02  -7.20821918e-05
   3.44003808e+02  -3.81480495e-04
   3.44004296e+02  -8.67511786e-04
   3.44004784e+02  -7.80157920e-04
   3.44005272e+02  -5.50215191e-04
   3.44005761e+02  -4.40345146e-04
   3.44006249e+02  -2.25460695e-04
   3.44006737e+02  -2.14379717e-04
   3.44007226e+02  -2.54785235e-04
   3.44007714e+02  -1.17200543e-05
   3.44008202e+02   2.09522696e-04
   3.44008691e+02   2.13219464e-04
   3.44009179e+02   8.58119238e-05
   3.44009667e+02   1.00563033e-04
   3.44010156e+02   2.09811740e-04
   3.44010644e+02   1.73172346e-04
   3.44011132e+02   1.75918147e-04
   3.44011620e+02   2.93186877e-05
   3.44012109e+02  -5.85535599e-04
   3.44012597e+02  -9.34404088e-04
   3.44013085e+02  -5.87955001e-04
   3.44013574e+02  -2.58923363e-04
   3.44014062e+02  -2.43357892e-04
   3.44014550e+02  -2.50409590e-04
   3.44015039e+02  -2.86864204e-04
   3.44015527e+02  -4.72048967e-04
   3.44016015e+02  -6.72134163e-04
   3.44016504e+02  -6.81130798e-04
   3.44016992e+02  -3.97289492e-04
   3.44017480e+02   1.60244472e-05
   3.44017969e+02   1.90395192e-04
   3.44018457e+02   1.89980856e-04
   3.44018945e+02   1.84380900e-04
   3.44019433e+02  -1.65883685e-05
   3.44019922e+02  -2.50519370e-04
   3.44020410e+02  -8.00262787e-05
   3.44020898e+02   3.30460345e-04
   3.44021387e+02   3.71296279e-04
   3.44021875e+02   1.00183242e-04
   3.44022363e+02   5.22986156e-05
   3.44022852e+02   2.29112469e-04
   3.44023340e+02   1.57552917e-04
   3.44023828e+02  -1.14326220e-04
   3.44024317e+02  -2.00293405e-04
   3.44024805e+02  -1.41122058e-04
   3.44025293e+02   2.64893133e-05
   3.44025781e+02   1.68877727e-04
   3.44026270e+02  -5.33879393e-05
   3.44026758e+02  -4.57851245e-04
   3.44027246e+02  -5.89178992e-04
   3.44027735e+02  -4.17137344e-04
   3.44028223e+02  -1.06665459e-04
   3.44028711e+02   2.35062180e-04
   3.44029200e+02   4.30752232e-04
   3.44029688e+02   5.10752259e-04
   3.44030176e+02   6.15639496e-04
   3.44030665e+02   4.89205820e-04
   3.44031153e+02   9.60612088e-05
   3.44031641e+02  -1.81887895e-04
   3.44032129e+02  -2.89051270e-04
   3.44032618e+02  -2.53826700e-04
   3.44033106e+02   3.47444111e-05
   3.44033594e+02   1.80440809e-04
   3.44034083e+02  -1.87796453e-04
   3.44034571e+02  -6.29056536e-04
   3.44035059e+02  -7.92977633e-04
   3.44035548e+02  -7.53796834e-04
   3.44036036e+02  -5.51676494e-04
   3.44036524e+02  -2.51400168e-04
   3.44037013e+02  -8.39009299e-05
   3.44037501e+02  -1.13549868e-04
   3.44037989e+02  -1.75706999e-04
   3.44038477e+02  -2.47375225e-04
   3.44038966e+02  -4.19349817e-04
   3.44039454e+02  -7.36178888e-04
   3.44039942e+02  -8.64675618e-04
   3.44040431e+02  -6.06783025e-04
   3.44040919e+02  -4.91383078e-04
   3.44041407e+02  -6.74591749e-04
   3.44041896e+02  -4.99435118e-04
   3.44042384e+02   1.50150852e-04
   3.44042872e+02   5.10119193e-04
   3.44043361e+02   3.27810849e-04
   3.44043849e+02   1.52018270e-04
   3.44044337e+02   3.87720684e-05
   3.44044825e+02  -2.12632149e-04
   3.44045314e+02  -3.23344284e-04
   3.44045802e+02  -2.09649064e-04
   3.44046290e+02  -3.40354833e-04
   3.44046779e+02  -5.26737422e-04
   3.44047267e+02  -4.13806156e-05
   3.44047755e+02   5.42904309e-04
   3.44048244e+02   4.03620390e-04
   3.44048732e+02  -7.25312639e-05
   3.44049220e+02  -4.17740463e-04
   3.44049709e+02  -3.70937050e-04
   3.44050197e+02   5.77956271e-05
   3.44050685e+02   3.68260458e-04
   3.44051173e+02   3.24889814e-04
   3.44051662e+02   1.59014788e-04
   3.44052150e+02   1.01611105e-04
   3.44052638e+02   3.35537217e-04
   3.44053127e+02   5.42007096e-04
   3.44053615e+02   1.68719896e-04
   3.44054103e+02  -2.58919696e-04
   3.44054592e+02  -1.06013475e-04
   3.44055080e+02   1.71003849e-04
   3.44055568e+02   2.83338741e-04
   3.44056057e+02   4.52568347e-04
   3.44056545e+02   6.05558977e-04
   3.44057033e+02   6.14910561e-04
   3.44057522e+02   5.59351756e-04
   3.44058010e+02   5.14103798e-04
   3.44058498e+02   3.74748866e-04
   3.44058986e+02   1.62349213e-04
   3.44059475e+02  -4.74177868e-05
   3.44059963e+02  -2.84705777e-04
   3.44060451e+02  -2.46912823e-04
   3.44060940e+02   1.14453731e-04
   3.44061428e+02   3.50286660e-04
   3.44061916e+02   1.52097869e-04
   3.44062405e+02  -2.89404794e-04
   3.44062893e+02  -4.36547329e-04
   3.44063381e+02  -2.17268156e-04
   3.44063870e+02   1.56559137e-04
   3.44064358e+02   4.32146509e-04
   3.44064846e+02   2.73120764e-04
   3.44065334e+02  -3.84730884e-05
   3.44065823e+02  -3.06263275e-04
   3.44066311e+02  -6.57507102e-04
   3.44066799e+02  -5.49758435e-04
   3.44067288e+02   4.80737253e-05
   3.44067776e+02   3.71071073e-04
   3.44068264e+02   2.04108292e-04
   3.44068753e+02  -1.07842679e-04
   3.44069241e+02  -2.32375241e-04
   3.44069729e+02  -1.89384649e-04
   3.44070218e+02  -5.20866633e-05
   3.44070706e+02   1.30230212e-04
   3.44071194e+02   2.70084620e-05
   3.44071682e+02  -2.25804688e-04
   3.44072171e+02  -2.75052531e-04
   3.44072659e+02  -2.70149874e-04
   3.44073147e+02  -7.10366512e-05
   3.44073636e+02   1.28999833e-04
   3.44074124e+02   6.72826500e-05
   3.44074612e+02   1.40128413e-05
   3.44075101e+02   3.76585231e-05
   3.44075589e+02  -6.10326970e-06
   3.44076077e+02   6.21164509e-05
   3.44076566e+02   1.12287787e-04
   3.44077054e+02  -1.43347512e-04
   3.44077542e+02  -1.87446465e-04
   3.44078030e+02   5.31587102e-05
   3.44078519e+02   1.47551647e-04
   3.44079007e+02   1.53108791e-04
   3.44079495e+02   1.84781238e-04
   3.44079984e+02   3.15512880e-04
   3.44080472e+02   2.67482450e-04
   3.44080960e+02   1.86048837e-05
   3.44081449e+02  -1.17229276e-04
   3.44081937e+02  -2.21334980e-04
   3.44082425e+02  -1.03744489e-04
   3.44082914e+02   1.07928186e-04
   3.44083402e+02  -1.66685913e-05
   3.44083890e+02  -9.68695967e-05
   3.44084378e+02  -6.90540692e-05
   3.44084867e+02  -1.59520074e-04
   3.44085355e+02  -2.57995489e-05
   3.44085843e+02   1.63562014e-04
   3.44086332e+02   1.37524607e-04
   3.44086820e+02   2.13177569e-04
   3.44087308e+02   1.34805450e-04
   3.44087797e+02  -2.87815958e-04
   3.44088285e+02  -5.49931254e-04
   3.44088773e+02  -5.66882896e-04
   3.44089262e+02  -5.33698243e-04
   3.44089750e+02  -4.41295910e-04
   3.44090238e+02  -4.22154524e-04
   3.44090726e+02  -3.71753471e-04
   3.44091215e+02  -1.52863591e-04
   3.44091703e+02  -1.33118461e-04
   3.44092191e+02  -2.76666047e-04
   3.44092680e+02  -2.58209649e-04
   3.44093168e+02  -1.92205494e-04
   3.44093656e+02  -5.30827419e-05
   3.44094145e+02   1.55148518e-04
   3.44094633e+02   2.01017378e-04
   3.44095121e+02   3.41711493e-05
   3.44095610e+02  -1.92575113e-04
   3.44096098e+02  -1.97529007e-04
   3.44096586e+02   5.46700721e-06
   3.44097075e+02   1.16724099e-04
   3.44097563e+02   1.42137404e-04
   3.44098051e+02   3.08591698e-04
   3.44098539e+02   3.18386417e-04
   3.44099028e+02   1.37532887e-04
   3.44099516e+02   1.55957183e-04
   3.44100004e+02   2.19442081e-04
   3.44100493e+02   2.40715744e-04
   3.44100981e+02   2.89959135e-04
   3.44101469e+02   2.37366126e-04
   3.44101958e+02   1.26788043e-04
   3.44102446e+02   2.66614865e-04
   3.44102934e+02   6.88800530e-04
   3.44103423e+02   8.53357255e-04
   3.44103911e+02   5.72691148e-04
   3.44104399e+02   2.56573374e-04
   3.44104887e+02   4.76099412e-05
   3.44105376e+02  -1.77314039e-04
   3.44105864e+02  -3.64829320e-04
   3.44106352e+02  -4.89965954e-04
   3.44106841e+02  -4.31681692e-04
   3.44107329e+02  -3.23856424e-04
   3.44107817e+02  -3.95004172e-04
   3.44108306e+02  -2.18576301e-04
   3.44108794e+02   1.10584398e-04
   3.44109282e+02   6.14789897e-05
   3.44109771e+02  -6.53587222e-06
   3.44110259e+02   1.11027010e-04
   3.44110747e+02   1.01096775e-04
   3.44111235e+02   1.36577641e-04
   3.44111724e+02   2.69836775e-04
   3.44112212e+02   2.32617967e-04
   3.44112700e+02   1.60246724e-04
   3.44113189e+02   2.33797095e-04
   3.44113677e+02   3.33425269e-04
   3.44114165e+02   4.43578116e-04
   3.44114654e+02   4.17368690e-04
   3.44115142e+02   2.53003876e-04
   3.44115630e+02   2.40663721e-04
   3.44116119e+02   2.35357322e-04
   3.44116607e+02   2.03183066e-04
   3.44117095e+02   3.53403710e-04
   3.44117583e+02   1.93438813e-04
   3.44118072e+02  -3.26664711e-04
   3.44118560e+02  -4.06245061e-04
   3.44119048e+02  -1.62647397e-04
   3.44119537e+02  -2.27596567e-04
   3.44120025e+02  -2.89488584e-04
   3.44120513e+02  -2.14789725e-05
   3.44121002e+02  -9.79151264e-06
   3.44121490e+02  -2.92637240e-04
   3.44121978e+02  -2.34431136e-04
   3.44122467e+02   8.34740058e-05
   3.44122955e+02   2.64609320e-04
   3.44123443e+02   2.92896497e-04
   3.44123931e+02   2.44891882e-04
   3.44124420e+02   2.77087471e-04
   3.44124908e+02   3.31350428e-04
   3.44125396e+02   3.89528053e-04
   3.44125885e+02   6.82906015e-04
   3.44126373e+02   9.19613114e-04
   3.44126861e+02   7.48910417e-04
   3.44127350e+02   4.21571312e-04
   3.44127838e+02   2.09763821e-04
   3.44128326e+02   2.54207873e-04
   3.44128815e+02   4.69444523e-04
   3.44129303e+02   5.99092687e-04
   3.44129791e+02   4.05662460e-04
   3.44130279e+02  -1.67465187e-04
   3.44130768e+02  -5.25980198e-04
   3.44131256e+02  -4.65094345e-04
   3.44131744e+02  -2.76966195e-04
   3.44132233e+02  -1.96181543e-04
   3.44132721e+02  -2.96654005e-04
   3.44133209e+02  -3.94791830e-04
   3.44133698e+02  -2.98179191e-04
   3.44134186e+02  -2.87385308e-04
   3.44134674e+02  -4.59797157e-04
   3.44135163e+02  -4.16985364e-04
   3.44135651e+02  -2.56072875e-04
   3.44136139e+02  -2.24117874e-04
   3.44136628e+02  -5.91161443e-05
   3.44137116e+02   5.56502600e-05
   3.44137604e+02   1.02345466e-05
   3.44138092e+02   1.50033957e-04
   3.44138581e+02   1.24070139e-04
   3.44139069e+02  -2.52232014e-04
   3.44139557e+02  -4.08850290e-04
   3.44140046e+02  -2.93965975e-04
   3.44140534e+02  -7.87881654e-05
   3.44141022e+02   4.06884908e-04
   3.44141511e+02   9.14018252e-04
   3.44141999e+02   9.02519270e-04
   3.44142487e+02   4.65871155e-04
   3.44142976e+02   2.89316813e-04
   3.44143464e+02   5.11225837e-04
   3.44143952e+02   3.62279767e-04
   3.44144440e+02  -2.08751939e-04
   3.44144929e+02  -2.81255721e-04
   3.44145417e+02   2.40389680e-04
   3.44145905e+02   6.11119787e-04
   3.44146394e+02   4.67533304e-04
   3.44146882e+02   4.09985769e-05
   3.44147370e+02  -2.83300760e-04
   3.44147859e+02  -3.27375688e-04
   3.44148347e+02  -1.73893364e-04
   3.44148835e+02   3.61229468e-05
   3.44149324e+02   2.31831771e-04
   3.44149812e+02   3.54025397e-04
   3.44150300e+02   2.52755737e-04
   3.44150788e+02   8.91507443e-05
   3.44151277e+02   8.88485883e-05
   3.44151765e+02   6.14939709e-05
   3.44152253e+02   2.21899481e-05
   3.44152742e+02   1.27144769e-04
   3.44153230e+02   2.96548707e-04
   3.44153718e+02   3.94240400e-04
   3.44154207e+02   3.41613544e-04
   3.44154695e+02   4.02933889e-04
   3.44155183e+02   6.13873242e-04
   3.44155672e+02   5.73965139e-04
   3.44156160e+02   3.73520685e-04
   3.44156648e+02   2.54700484e-04
   3.44157136e+02  -4.34387148e-05
   3.44157625e+02  -4.99811722e-04
   3.44158113e+02  -5.82494657e-04
   3.44158601e+02  -3.66424967e-04
   3.44159090e+02  -1.80252988e-04
   3.44159578e+02   4.59748517e-05
   3.44160066e+02   2.17628971e-04
   3.44160555e+02   2.02084208e-04
   3.44161043e+02  -1.46654056e-04
   3.44161531e+02  -5.49112505e-04
   3.44162020e+02  -3.94329574e-04
   3.44162508e+02  -1.47937550e-04
   3.44162996e+02  -3.23780492e-04
   3.44163484e+02  -3.45064327e-04
   3.44163973e+02  -9.23770349e-05
   3.44164461e+02   5.53427853e-05
   3.44164949e+02   1.29060485e-04
   3.44165438e+02   6.97306677e-05
   3.44165926e+02  -1.65471312e-04
   3.44166414e+02  -2.92080455e-04
   3.44166903e+02  -3.37408565e-04
   3.44167391e+02  -5.05113159e-04
   3.44167879e+02  -3.80611658e-04
   3.44168368e+02   1.49377520e-04
   3.44168856e+02   4.28001833e-04
   3.44169344e+02   4.62470896e-04
   3.44169832e+02   4.83184616e-04
   3.44170321e+02   1.99766655e-04
   3.44170809e+02  -1.15044204e-04
   3.44171297e+02  -1.58546376e-04
   3.44171786e+02  -1.41150085e-04
   3.44172274e+02  -8.87858259e-05
   3.44172762e+02  -7.92955907e-05
   3.44173251e+02  -2.29468147e-04
   3.44173739e+02  -2.39654255e-04
   3.44174227e+02  -1.02001168e-05
   3.44174716e+02   1.11484398e-04
   3.44175204e+02   2.09031568e-04
   3.44175692e+02   4.53019253e-04
   3.44176181e+02   4.24440979e-04
   3.44176669e+02  -1.34066649e-04
   3.44177157e+02  -5.55572042e-04
   3.44177645e+02  -3.73156450e-04
   3.44178134e+02  -1.04360770e-04
   3.44178622e+02  -1.29815191e-04
   3.44179110e+02  -1.27779829e-04
   3.44179599e+02   2.40346362e-05
   3.44180087e+02   4.83688891e-05
   3.44180575e+02   1.16877809e-05
   3.44181064e+02  -3.63733161e-05
   3.44181552e+02  -1.41237499e-04
   3.44182040e+02  -1.10890411e-04
   3.44182529e+02  -1.26874613e-04
   3.44183017e+02  -2.47049873e-04
   3.44183505e+02  -2.33312749e-04
   3.44183993e+02  -4.06584586e-05
   3.44184482e+02   1.60710144e-04
   3.44184970e+02   1.73582594e-04
   3.44185458e+02   8.32373335e-05
   3.44185947e+02   4.59569628e-06
   3.44186435e+02  -8.31438665e-05
   3.44186923e+02  -5.97253311e-05
   3.44187412e+02   2.41011192e-04
   3.44187900e+02   4.19160991e-04
   3.44188388e+02   1.59032599e-04
   3.44188877e+02   6.93059264e-05
   3.44189365e+02   2.85333197e-04
   3.44189853e+02   2.61127687e-04
   3.44190341e+02  -2.90943892e-04
   3.44190830e+02  -8.21343157e-04
   3.44191318e+02  -6.32739742e-04
   3.44191806e+02  -9.80488985e-05
   3.44192295e+02   3.05577305e-05
   3.44192783e+02  -1.97039444e-05
   3.44193271e+02   3.11244439e-05
   3.44193760e+02  -3.15869111e-05
   3.44194248e+02  -2.13063395e-04
   3.44194736e+02  -3.59873520e-04
   3.44195225e+02  -4.34698944e-04
   3.44195713e+02  -3.48990317e-04
   3.44196201e+02   3.71968272e-05
   3.44196689e+02   3.74609284e-04
   3.44197178e+02   3.79631150e-04
   3.44197666e+02   2.66535644e-04
   3.44198154e+02   3.48760368e-05
   3.44198643e+02  -2.61254056e-04
   3.44199131e+02  -1.11194728e-04
   3.44199619e+02   3.80578742e-04
   3.44200108e+02   5.01156901e-04
   3.44200596e+02   1.87500613e-04
   3.44201084e+02  -1.06553300e-04
   3.44201573e+02  -3.07287177e-04
   3.44202061e+02  -4.18096257e-04
   3.44202549e+02  -1.84659482e-04
   3.44203037e+02   2.11463164e-04
   3.44203526e+02   1.31168650e-04
   3.44204014e+02  -3.15414305e-04
   3.44204502e+02  -4.20613942e-04
   3.44204991e+02  -7.80101545e-05
   3.44205479e+02   3.63623869e-04
   3.44205967e+02   6.27464149e-04
   3.44206456e+02   4.93175350e-04
   3.44206944e+02   8.46435214e-05
   3.44207432e+02   3.68478959e-06
   3.44207921e+02   2.34118488e-04
   3.44208409e+02   3.34931916e-04
   3.44208897e+02   4.95359302e-04
   3.44209385e+02   7.08044041e-04
   3.44209874e+02   5.48230833e-04
   3.44210362e+02   3.19121493e-04
   3.44210850e+02   3.29822826e-04
   3.44211339e+02   2.81839457e-04
   3.44211827e+02   1.63762030e-04
   3.44212315e+02   1.24383398e-04
   3.44212804e+02   1.08258151e-04
   3.44213292e+02  -9.56272197e-06
   3.44213780e+02  -1.47888441e-05
   3.44214269e+02   2.97567050e-04
   3.44214757e+02   5.32799051e-04
   3.44215245e+02   5.12090104e-04
   3.44215734e+02   3.55030905e-04
   3.44216222e+02   9.53247218e-05
   3.44216710e+02  -1.51314904e-04
   3.44217198e+02  -2.36684762e-04
   3.44217687e+02  -1.34920119e-04
   3.44218175e+02  -6.08202936e-05
   3.44218663e+02  -1.97132453e-04
   3.44219152e+02  -4.43168421e-04
   3.44219640e+02  -4.89814789e-04
   3.44220128e+02  -3.81165009e-04
   3.44220617e+02  -3.93084134e-04
   3.44221105e+02  -5.01891191e-04
   3.44221593e+02  -4.62811877e-04
   3.44222082e+02  -2.23128416e-04
   3.44222570e+02  -4.35371803e-05
   3.44223058e+02  -1.07974032e-04
   3.44223546e+02  -1.96911933e-04
   3.44224035e+02  -1.16564639e-04
   3.44224523e+02  -2.61231071e-05
   3.44225011e+02  -9.53998242e-05
   3.44225500e+02  -1.51950764e-04
   3.44225988e+02   7.49397668e-06
   3.44226476e+02  -3.42206040e-05
   3.44226965e+02  -3.40897386e-04
   3.44227453e+02  -2.16984656e-04
   3.44227941e+02   1.53766770e-04
   3.44228430e+02   1.79827839e-04
   3.44228918e+02   8.80053904e-06
   3.44229406e+02  -1.56962895e-04
   3.44229894e+02  -3.60718637e-04
   3.44230383e+02  -3.03074252e-04
   3.44230871e+02   9.78115932e-05
   3.44231359e+02   1.65922800e-04
   3.44231848e+02  -1.39519616e-04
   3.44232336e+02  -1.19285418e-04
   3.44232824e+02   1.27432999e-04
   3.44233313e+02   2.52056489e-04
   3.44233801e+02   3.55325232e-04
   3.44234289e+02   3.37034930e-04
   3.44234778e+02   1.69508159e-04
   3.44235266e+02   8.33698432e-05
   3.44235754e+02   1.34804868e-04
   3.44236242e+02   2.31650542e-04
   3.44236731e+02   2.50775920e-04
   3.44237219e+02   2.40163994e-04
   3.44237707e+02   2.47547956e-04
   3.44238196e+02   1.61113567e-04
   3.44238684e+02  -1.47242245e-04
   3.44239172e+02  -6.31977688e-04
   3.44239661e+02  -7.58758339e-04
   3.44240149e+02  -2.46670388e-04
   3.44240637e+02   1.27154242e-04
   3.44241126e+02   6.32143419e-05
   3.44241614e+02  -1.85238132e-05
   3.44242102e+02  -2.13224470e-04
   3.44242590e+02  -3.49554408e-04
   3.44243079e+02  -2.23153969e-04
   3.44243567e+02  -2.82061119e-05
   3.44244055e+02   3.26277048e-04
   3.44244544e+02   5.36770502e-04
   3.44245032e+02   4.22726094e-04
   3.44245520e+02   4.02323494e-04
   3.44246009e+02   4.06325533e-04
   3.44246497e+02   2.95520731e-04
   3.44246985e+02  -7.35524600e-06
   3.44247474e+02  -4.78601869e-04
   3.44247962e+02  -4.87965764e-04
   3.44248450e+02  -4.59527546e-05
   3.44248938e+02   7.61525516e-05
   3.44249427e+02  -5.04805066e-05
   3.44249915e+02   1.14775779e-04
   3.44250403e+02   3.46892077e-04
   3.44250892e+02   3.73496914e-05
   3.44251380e+02  -4.79928072e-04
   3.44251868e+02  -5.93386008e-04
   3.44252357e+02  -4.09089058e-04
   3.44252845e+02  -1.71652238e-04
   3.44253333e+02  -7.19945865e-06
   3.44253822e+02   1.76986345e-04
   3.44254310e+02   4.67667764e-04
   3.44254798e+02   3.35946301e-04
   3.44255286e+02  -2.74913880e-04
   3.44255775e+02  -5.39005792e-04
   3.44256263e+02  -3.34377721e-04
   3.44256751e+02  -6.30866125e-05
   3.44257240e+02   1.99396440e-04
   3.44257728e+02   4.30710730e-04
   3.44258216e+02   6.04079454e-04
   3.44258705e+02   6.20628241e-04
   3.44259193e+02   2.86609225e-04
   3.44259681e+02  -1.55446269e-05
   3.44260170e+02   7.89219630e-05
   3.44260658e+02   1.62651282e-04
   3.44261146e+02   1.91321160e-04
   3.44261635e+02   3.96923482e-04
   3.44262123e+02   5.32877923e-04
   3.44262611e+02   2.89769785e-04
   3.44263099e+02  -2.90147495e-04
   3.44263588e+02  -5.42789872e-04
   3.44264076e+02  -2.23151714e-04
   3.44264564e+02   9.18596925e-05
   3.44265053e+02   4.98378831e-05
   3.44265541e+02  -3.01646505e-04
   3.44266029e+02  -3.65175161e-04
   3.44266518e+02  -9.85289807e-06
   3.44267006e+02   4.02267287e-05
   3.44267494e+02  -1.55526563e-04
   3.44267983e+02  -9.20623424e-05
   3.44268471e+02   2.53268208e-05
   3.44268959e+02  -5.63318172e-05
   3.44269447e+02  -4.09281311e-05
   3.44269936e+02  -1.79770523e-05
   3.44270424e+02  -2.33055063e-04
   3.44270912e+02  -3.74077819e-04
   3.44271401e+02  -3.25758359e-04
   3.44271889e+02  -1.24647602e-04
   3.44272377e+02   1.00956961e-04
   3.44272866e+02   1.55332847e-04
   3.44273354e+02   2.92175973e-04
   3.44273842e+02   5.73296798e-04
   3.44274331e+02   5.07724588e-04
   3.44274819e+02  -9.30538372e-05
   3.44275307e+02  -8.10724392e-04
   3.44275795e+02  -1.12003565e-03
   3.44276284e+02  -8.89814924e-04
   3.44276772e+02  -5.25138108e-04
   3.44277260e+02  -2.29392943e-04
   3.44277749e+02   1.90947103e-04
   3.44278237e+02   4.51809552e-04
   3.44278725e+02   6.85583218e-05
   3.44279214e+02  -3.00668151e-04
   3.44279702e+02  -8.11324062e-05
   3.44280190e+02   1.44262871e-04
   3.44280679e+02   4.50156695e-05
   3.44281167e+02  -5.10625541e-05
   3.44281655e+02   1.68769082e-04
   3.44282143e+02   3.14537698e-04
   3.44282632e+02   5.60190128e-05
   3.44283120e+02  -9.21896208e-05
   3.44283608e+02  -2.11719198e-05
   3.44284097e+02   3.58256329e-07
   3.44284585e+02   2.84632231e-04
   3.44285073e+02   6.94650633e-04
   3.44285562e+02   6.62946026e-04
   3.44286050e+02   3.84425657e-04
   3.44286538e+02   1.35955983e-04
   3.44287027e+02  -5.72471581e-05
   3.44287515e+02  -1.50405394e-05
   3.44288003e+02   4.28733212e-04
   3.44288491e+02   8.83381406e-04
   3.44288980e+02   6.82866084e-04
   3.44289468e+02   2.75587750e-04
   3.44289956e+02   1.66285463e-04
   3.44290445e+02   1.32420810e-05
   3.44290933e+02   6.77174539e-05
   3.44291421e+02   3.43294407e-04
   3.44291910e+02   2.92330136e-04
   3.44292398e+02   1.30230503e-04
   3.44292886e+02   7.68370446e-05
   3.44293375e+02   3.95035895e-05
   3.44293863e+02   5.24502029e-05
   3.44294351e+02  -3.04312107e-05
   3.44294839e+02  -2.63263733e-04
   3.44295328e+02  -3.51283117e-04
   3.44295816e+02  -1.93316388e-04
   3.44296304e+02   7.56440641e-05
   3.44296793e+02   2.03062751e-04
   3.44297281e+02   2.48713390e-04
   3.44297769e+02   2.43470888e-04
   3.44298258e+02   9.23135303e-06
   3.44298746e+02  -1.22071666e-04
   3.44299234e+02  -1.15291179e-04
   3.44299723e+02  -1.88170598e-04
   3.44300211e+02  -1.79968280e-04
   3.44300699e+02  -3.46364570e-04
   3.44301188e+02  -6.63150509e-04
   3.44301676e+02  -5.33863436e-04
   3.44302164e+02  -2.47300981e-04
   3.44302652e+02  -1.91841944e-04
   3.44303141e+02  -1.28521948e-04
   3.44303629e+02  -3.28219830e-05
   3.44304117e+02   6.94158589e-05
   3.44304606e+02   6.91919413e-05
   3.44305094e+02  -3.08476650e-04
   3.44305582e+02  -7.08061911e-04
   3.44306071e+02  -5.41669491e-04
   3.44306559e+02  -2.30468446e-04
   3.44307047e+02  -4.11721529e-04
   3.44307536e+02  -6.36279059e-04
   3.44308024e+02  -4.22447600e-04
   3.44308512e+02  -2.14255604e-04
   3.44309000e+02  -2.80797365e-04
   3.44309489e+02  -9.59231038e-05
   3.44309977e+02   3.53777839e-04
   3.44310465e+02   4.91141225e-04
   3.44310954e+02   2.34270658e-04
   3.44311442e+02  -2.66435727e-05
   3.44311930e+02  -4.20836914e-05
   3.44312419e+02   1.01455764e-04
   3.44312907e+02   1.28608561e-04
   3.44313395e+02  -1.73339417e-04
   3.44313884e+02  -4.18799435e-04
   3.44314372e+02  -2.42237613e-04
   3.44314860e+02  -2.10790749e-04
   3.44315348e+02  -5.86380658e-04
   3.44315837e+02  -5.20700065e-04
   3.44316325e+02   2.31905015e-05
   3.44316813e+02   1.86657096e-04
   3.44317302e+02   1.57382037e-05
   3.44317790e+02   8.93781271e-06
   3.44318278e+02   1.48677747e-04
   3.44318767e+02  -1.12347088e-05
   3.44319255e+02  -3.35642864e-04
   3.44319743e+02  -1.81581985e-04
   3.44320232e+02   2.03985095e-04
   3.44320720e+02   3.67392524e-04
   3.44321208e+02   3.46331683e-04
   3.44321696e+02   1.43719240e-04
   3.44322185e+02  -6.47699999e-05
   3.44322673e+02  -1.20629293e-05
   3.44323161e+02   2.93559162e-04
   3.44323650e+02   5.31261263e-04
   3.44324138e+02   3.76024545e-04
   3.44324626e+02   7.49181418e-05
   3.44325115e+02  -1.04836385e-04
   3.44325603e+02  -3.43442982e-04
   3.44326091e+02  -5.09000849e-04
   3.44326580e+02  -2.85833346e-04
   3.44327068e+02   4.84038283e-05
   3.44327556e+02   1.90310137e-04
   3.44328044e+02   1.38179035e-04
   3.44328533e+02  -1.80755902e-04
   3.44329021e+02  -5.49318909e-04
   3.44329509e+02  -6.79466815e-04
   3.44329998e+02  -5.02661453e-04
   3.44330486e+02  -5.22639093e-05
   3.44330974e+02   2.93440884e-04
   3.44331463e+02   3.00429732e-04
   3.44331951e+02   8.58626445e-05
   3.44332439e+02  -1.54347901e-04
   3.44332928e+02  -2.02204857e-04
   3.44333416e+02  -1.49466199e-04
   3.44333904e+02  -2.72614328e-04
   3.44334392e+02  -3.82923230e-04
   3.44334881e+02  -2.42325419e-04
   3.44335369e+02  -2.00502953e-04
   3.44335857e+02  -2.84093578e-04
   3.44336346e+02  -2.87529925e-04
   3.44336834e+02  -3.75953823e-04
   3.44337322e+02  -2.95150705e-04
   3.44337811e+02   2.14669868e-04
   3.44338299e+02   6.72836613e-04
   3.44338787e+02   6.06174814e-04
   3.44339276e+02   2.40455338e-04
   3.44339764e+02   3.23600834e-05
   3.44340252e+02  -7.95707674e-05
   3.44340741e+02  -2.26987700e-04
   3.44341229e+02  -1.49441985e-04
   3.44341717e+02   2.96177779e-04
   3.44342205e+02   5.32406208e-04
   3.44342694e+02   2.50923884e-04
   3.44343182e+02   2.28136705e-05
   3.44343670e+02  -1.36410254e-05
   3.44344159e+02  -2.52808986e-05
   3.44344647e+02   6.77282078e-05
   3.44345135e+02   2.05465418e-04
   3.44345624e+02   2.83261266e-04
   3.44346112e+02   1.87773636e-04
   3.44346600e+02  -1.53627669e-04
   3.44347089e+02  -4.98410722e-04
   3.44347577e+02  -3.47916968e-04
   3.44348065e+02   1.98258756e-04
   3.44348553e+02   5.23891998e-04
   3.44349042e+02   7.85575132e-04
   3.44349530e+02   9.16963560e-04
   3.44350018e+02   5.21073584e-04
   3.44350507e+02   1.23977617e-04
   3.44350995e+02  -2.23381612e-05
   3.44351483e+02  -8.03727235e-05
   3.44351972e+02  -3.27181760e-06
   3.44352460e+02   9.71579211e-05
   3.44352948e+02  -3.71916140e-05
   3.44353437e+02  -3.63157538e-04
   3.44353925e+02  -2.25686032e-04
   3.44354413e+02   2.99670384e-04
   3.44354901e+02   3.26885202e-04
   3.44355390e+02  -1.51304455e-04
   3.44355878e+02  -2.06625453e-04
   3.44356366e+02   4.33119945e-04
   3.44356855e+02   8.34812061e-04
   3.44357343e+02   4.85139375e-04
   3.44357831e+02  -1.28884945e-04
   3.44358320e+02  -2.97709106e-04
   3.44358808e+02   1.43911209e-04
   3.44359296e+02   4.92322724e-04
   3.44359785e+02   3.07802344e-04
   3.44360273e+02   6.54344913e-05
   3.44360761e+02   8.93817341e-05
   3.44361249e+02   1.90901032e-04
   3.44361738e+02   2.92730110e-04
   3.44362226e+02   3.09879950e-04
   3.44362714e+02   2.35228290e-05
   3.44363203e+02  -2.43112547e-04
   3.44363691e+02  -2.28512563e-05
   3.44364179e+02   3.22803593e-04
   3.44364668e+02   2.39227549e-04
   3.44365156e+02  -1.80072326e-04
   3.44365644e+02  -4.13143251e-04
   3.44366133e+02  -2.48005730e-04
   3.44366621e+02  -1.02161335e-04
   3.44367109e+02  -2.58856635e-05
   3.44367597e+02   1.75042165e-04
   3.44368086e+02   3.04119894e-04
   3.44368574e+02   2.52429105e-04
   3.44369062e+02   2.09263686e-04
   3.44369551e+02   2.85656104e-04
   3.44370039e+02   3.34676297e-04
   3.44370527e+02   2.74468650e-04
   3.44371016e+02   3.25920410e-04
   3.44371504e+02   5.67635056e-04
   3.44371992e+02   7.85770244e-04
   3.44372481e+02   7.56411988e-04
   3.44372969e+02   4.14571434e-04
   3.44373457e+02   8.32199221e-05
   3.44373945e+02   1.92970139e-04
   3.44374434e+02   4.43208322e-04
   3.44374922e+02   1.81454248e-04
   3.44375410e+02  -1.23652906e-04
   3.44375899e+02   9.07388458e-05
   3.44376387e+02   3.45355191e-04
   3.44376875e+02   3.74236552e-04
   3.44377364e+02   2.44984840e-04
   3.44377852e+02  -6.20897117e-05
   3.44378340e+02  -1.46355669e-04
   3.44378829e+02   2.62612069e-04
   3.44379317e+02   4.91106533e-04
   3.44379805e+02   1.65887803e-04
   3.44380294e+02  -1.99985894e-04
   3.44380782e+02  -2.76325678e-04
   3.44381270e+02  -1.21967358e-04
   3.44381758e+02   9.59524623e-05
   3.44382247e+02   2.53087055e-04
   3.44382735e+02   3.13077675e-04
   3.44383223e+02   2.99973151e-04
   3.44383712e+02   3.29074770e-04
   3.44384200e+02   3.29889735e-04
   3.44384688e+02   2.91353237e-04
   3.44385177e+02   3.21199768e-04
   3.44385665e+02   1.95635526e-04
   3.44386153e+02  -9.37563309e-05
   3.44386642e+02  -2.01314033e-04
   3.44387130e+02  -7.39141906e-05
   3.44387618e+02   1.29157896e-04
   3.44388106e+02   1.85484416e-04
   3.44388595e+02  -8.20286878e-05
   3.44389083e+02  -3.33775359e-04
   3.44389571e+02  -1.75538938e-04
   3.44390060e+02   2.26276534e-04
   3.44390548e+02   3.84269719e-04
   3.44391036e+02   1.27173174e-04
   3.44391525e+02   1.18532189e-05
   3.44392013e+02   2.52969825e-04
   3.44392501e+02   3.92829679e-04
   3.44392990e+02   4.65850462e-04
   3.44393478e+02   5.37956017e-04
   3.44393966e+02   4.38402552e-04
   3.44394454e+02   3.39031511e-04
   3.44394943e+02   2.92218028e-04
   3.44395431e+02   2.48571770e-04
   3.44395919e+02   3.39279271e-04
   3.44396408e+02   3.50498798e-04
   3.44396896e+02   6.53994866e-05
   3.44397384e+02  -1.49225409e-04
   3.44397873e+02  -5.82476532e-05
   3.44398361e+02   9.94903239e-05
   3.44398849e+02   9.73067799e-05
   3.44399338e+02  -1.66786176e-05
   3.44399826e+02  -3.15156212e-05
   3.44400314e+02   7.65052173e-05
   3.44400802e+02   1.31101726e-04
   3.44401291e+02   4.57939568e-05
   3.44401779e+02  -1.54246300e-04
   3.44402267e+02  -2.61554029e-04
   3.44402756e+02  -2.04045020e-04
   3.44403244e+02  -3.04512068e-04
   3.44403732e+02  -4.42283723e-04
   3.44404221e+02  -3.16018937e-04
   3.44404709e+02  -1.75031775e-04
   3.44405197e+02  -1.75711204e-04
   3.44405686e+02  -2.70796532e-04
   3.44406174e+02  -4.12965688e-04
   3.44406662e+02  -5.56465937e-04
   3.44407150e+02  -5.95757912e-04
   3.44407639e+02  -3.45912384e-04
   3.44408127e+02  -2.65923100e-05
   3.44408615e+02  -1.56033402e-05
   3.44409104e+02  -1.47015598e-04
   3.44409592e+02  -7.86039600e-05
   3.44410080e+02   1.31036140e-05
   3.44410569e+02  -2.60055938e-04
   3.44411057e+02  -5.48992888e-04
   3.44411545e+02  -3.39015300e-04
   3.44412034e+02  -7.26015787e-05
   3.44412522e+02  -1.54825015e-04
   3.44413010e+02  -1.48246399e-04
   3.44413498e+02   2.19949172e-04
   3.44413987e+02   4.54000023e-04
   3.44414475e+02   1.79859009e-04
   3.44414963e+02  -1.29942913e-04
   3.44415452e+02   7.93966828e-05
   3.44415940e+02   6.23572851e-04
   3.44416428e+02   8.96675978e-04
   3.44416917e+02   6.60829595e-04
   3.44417405e+02   2.39736255e-04
   3.44417893e+02   8.55894177e-05
   3.44418382e+02   2.67008785e-04
   3.44418870e+02   2.10385930e-04
   3.44419358e+02  -2.74349906e-04
   3.44419847e+02  -5.99127496e-04
   3.44420335e+02  -6.05853449e-04
   3.44420823e+02  -6.67960441e-04
   3.44421311e+02  -8.19185516e-04
   3.44421800e+02  -6.47391425e-04
   3.44422288e+02  -8.95454650e-05
   3.44422776e+02   2.65947339e-04
   3.44423265e+02   1.73404711e-04
   3.44423753e+02   3.61105376e-05
   3.44424241e+02  -1.31117868e-05
   3.44424730e+02  -4.81472271e-05
   3.44425218e+02  -1.66207232e-04
   3.44425706e+02  -2.91231641e-04
   3.44426195e+02  -1.38265736e-04
   3.44426683e+02   7.31878026e-05
   3.44427171e+02   2.51821002e-05
   3.44427659e+02  -7.60613548e-05
   3.44428148e+02   2.83364043e-05
   3.44428636e+02   1.38943040e-04
   3.44429124e+02  -1.63758978e-05
   3.44429613e+02  -1.15590105e-04
   3.44430101e+02   2.94548918e-05
   3.44430589e+02   1.06925887e-04
   3.44431078e+02   3.01874006e-05
   3.44431566e+02   9.20448474e-06
   3.44432054e+02   5.91740791e-05
   3.44432543e+02   7.82088900e-05
   3.44433031e+02   1.06259649e-04
   3.44433519e+02   1.50960172e-04
   3.44434007e+02   2.60767149e-04
   3.44434496e+02   4.02313512e-04
   3.44434984e+02   5.47152304e-04
   3.44435472e+02   5.84747875e-04
   3.44435961e+02   2.03137824e-04
   3.44436449e+02  -1.56699069e-04
   3.44436937e+02   5.58966076e-06
   3.44437426e+02   1.08260465e-04
   3.44437914e+02  -1.35614493e-04
   3.44438402e+02  -6.06621252e-05
   3.44438891e+02   3.79863719e-04
   3.44439379e+02   4.92367486e-04
   3.44439867e+02   1.81168580e-04
   3.44440355e+02  -1.45053127e-04
   3.44440844e+02  -2.74531398e-04
   3.44441332e+02  -1.72510176e-04
   3.44441820e+02   3.01890286e-05
   3.44442309e+02   1.37323645e-04
   3.44442797e+02   1.08652443e-04
   3.44443285e+02  -4.04545499e-05
   3.44443774e+02  -1.41128432e-04
   3.44444262e+02   1.39520225e-05
   3.44444750e+02   1.71268315e-04
   3.44445239e+02   2.63710153e-05
   3.44445727e+02  -4.02643018e-05
   3.44446215e+02   2.05722419e-04
   3.44446703e+02   4.97960486e-04
   3.44447192e+02   7.54531531e-04
   3.44447680e+02   6.61917555e-04
   3.44448168e+02   2.77586514e-04
   3.44448657e+02  -3.20218260e-06
   3.44449145e+02  -2.72860285e-04
   3.44449633e+02  -1.50008593e-04
   3.44450122e+02   5.36712527e-04
   3.44450610e+02   9.82605503e-04
   3.44451098e+02   8.90150666e-04
   3.44451587e+02   6.54963835e-04
   3.44452075e+02   3.55079916e-04
   3.44452563e+02   7.27684965e-05
   3.44453051e+02   3.01732158e-04
   3.44453540e+02   6.98732736e-04
   3.44454028e+02   4.90846753e-04
   3.44454516e+02   1.20367578e-04
   3.44455005e+02   8.97553182e-05
   3.44455493e+02   2.52071331e-05
   3.44455981e+02  -2.20794711e-04
   3.44456470e+02  -4.87099111e-04
   3.44456958e+02  -5.53833204e-04
   3.44457446e+02  -3.66878463e-04
   3.44457935e+02   9.41232702e-06
   3.44458423e+02   5.55066508e-04
   3.44458911e+02   8.98603757e-04
   3.44459400e+02   7.33757508e-04
   3.44459888e+02   2.15182139e-04
   3.44460376e+02  -2.71573546e-04
   3.44460864e+02  -4.08110413e-04
   3.44461353e+02  -2.15710112e-04
   3.44461841e+02   4.30128748e-05
   3.44462329e+02   8.36167237e-05
   3.44462818e+02   5.04589116e-05
   3.44463306e+02   2.82346795e-04
   3.44463794e+02   4.81556170e-04
   3.44464283e+02   1.26203056e-04
   3.44464771e+02  -2.74058897e-04
   3.44465259e+02  -2.11617167e-04
   3.44465748e+02  -3.16322985e-04
   3.44466236e+02  -5.88906580e-04
   3.44466724e+02  -5.31394209e-04
   3.44467212e+02  -4.43754863e-04
   3.44467701e+02  -4.70012950e-04
   3.44468189e+02  -4.76727961e-04
   3.44468677e+02  -4.64924582e-04
   3.44469166e+02  -3.15158803e-04
   3.44469654e+02  -9.05836932e-05
   3.44470142e+02   5.21685761e-05
   3.44470631e+02   1.38596180e-04
   3.44471119e+02   8.18665794e-05
   3.44471607e+02  -2.27969431e-04
   3.44472096e+02  -5.18466986e-04
   3.44472584e+02  -3.86408938e-04
   3.44473072e+02  -1.70454645e-04
   3.44473560e+02  -1.75348003e-04
   3.44474049e+02   3.17823105e-05
   3.44474537e+02   3.66276683e-04
   3.44475025e+02   3.18038336e-04
   3.44475514e+02  -3.12563716e-05
   3.44476002e+02  -3.53805866e-04
   3.44476490e+02  -4.64048993e-04
   3.44476979e+02  -2.21915790e-04
   3.44477467e+02   1.14331415e-04
   3.44477955e+02   3.56554187e-06
   3.44478444e+02  -4.95574786e-04
   3.44478932e+02  -5.50751982e-04
   3.44479420e+02   1.36394810e-04
   3.44479908e+02   7.97082903e-04
   3.44480397e+02   8.35250248e-04
   3.44480885e+02   4.49258892e-04
   3.44481373e+02   1.75245252e-04
   3.44481862e+02   2.06913537e-04
   3.44482350e+02   2.32920691e-04
   3.44482838e+02   1.02770100e-04
   3.44483327e+02  -2.72996898e-04
   3.44483815e+02  -7.01912388e-04
   3.44484303e+02  -6.07036927e-04
   3.44484792e+02   2.04904063e-04
   3.44485280e+02   8.86424677e-04
   3.44485768e+02   6.09414070e-04
   3.44486256e+02   3.84775631e-05
   3.44486745e+02  -1.04706531e-04
   3.44487233e+02  -1.28106898e-04
   3.44487721e+02  -1.47238199e-04
   3.44488210e+02  -2.01312496e-08
   3.44488698e+02   1.52308028e-04
   3.44489186e+02   8.98393992e-05
   3.44489675e+02  -1.30546905e-04
   3.44490163e+02  -4.74881352e-04
   3.44490651e+02  -6.99592812e-04
   3.44491140e+02  -3.04830406e-04
   3.44491628e+02   1.97818517e-04
   3.44492116e+02   1.78980597e-04
   3.44492604e+02  -2.52172667e-05
   3.44493093e+02  -2.25086274e-04
   3.44493581e+02  -2.66196264e-04
   3.44494069e+02  -5.18781890e-05
   3.44494558e+02   9.44484927e-05
   3.44495046e+02  -6.09290473e-05
   3.44495534e+02  -4.14342911e-04
   3.44496023e+02  -5.87356277e-04
   3.44496511e+02  -4.15096525e-04
   3.44496999e+02  -8.95053381e-05
   3.44497488e+02  -1.75567202e-05
   3.44497976e+02  -4.03017970e-04
   3.44498464e+02  -6.96688541e-04
   3.44498953e+02  -5.10945800e-04
   3.44499441e+02  -1.57869115e-04
   3.44499929e+02   1.75141700e-04
   3.44500417e+02   3.15895537e-04
   3.44500906e+02   1.94307824e-04
   3.44501394e+02   1.25385282e-04
   3.44501882e+02   1.61783173e-04
   3.44502371e+02  -6.53659808e-05
   3.44502859e+02  -5.90967946e-04
   3.44503347e+02  -9.82921687e-04
   3.44503836e+02  -9.83468373e-04
   3.44504324e+02  -5.36171894e-04
   3.44504812e+02   1.07697408e-04
   3.44505301e+02   3.20064748e-04
   3.44505789e+02   5.76934435e-05
   3.44506277e+02  -6.98798976e-05
   3.44506765e+02  -1.58578769e-04
   3.44507254e+02  -5.59879933e-04
   3.44507742e+02  -5.92640892e-04
   3.44508230e+02   8.10871643e-05
   3.44508719e+02   4.81152325e-04
   3.44509207e+02   1.17358504e-04
   3.44509695e+02  -3.19341896e-04
   3.44510184e+02  -1.45571583e-04
   3.44510672e+02   2.84859154e-04
   3.44511160e+02   2.08684301e-04
   3.44511649e+02  -1.45909726e-05
   3.44512137e+02   5.10970422e-05
   3.44512625e+02   1.26958505e-04
   3.44513113e+02   9.72989728e-05
   3.44513602e+02  -3.94892850e-05
   3.44514090e+02   6.67940476e-05
   3.44514578e+02   4.72723070e-04
   3.44515067e+02   4.91174811e-04
   3.44515555e+02   1.26051251e-04
   3.44516043e+02   1.86280580e-04
   3.44516532e+02   7.15662783e-04
   3.44517020e+02   8.55432882e-04
   3.44517508e+02   3.37852427e-04
   3.44517997e+02  -1.74184766e-04
   3.44518485e+02  -1.69187493e-04
   3.44518973e+02   3.10364339e-05
   3.44519461e+02   1.43446664e-06
   3.44519950e+02  -7.85750744e-05
   3.44520438e+02  -5.70180855e-05
   3.44520926e+02  -1.03850471e-05
   3.44521415e+02  -9.65670279e-06
   3.44521903e+02  -9.24350752e-05
   3.44522391e+02  -6.21198342e-05
   3.44522880e+02   1.08124019e-04
   3.44523368e+02   1.25323742e-04
   3.44523856e+02   5.48053758e-05
   3.44524345e+02   6.96104908e-05
   3.44524833e+02  -3.65783599e-05
   3.44525321e+02  -4.10122739e-04
   3.44525809e+02  -4.67748527e-04
   3.44526298e+02  -4.71597195e-05
   3.44526786e+02   1.90797131e-04
   3.44527274e+02   9.84991275e-05
   3.44527763e+02  -1.26353072e-04
   3.44528251e+02  -1.74778528e-04
   3.44528739e+02   2.03351156e-05
   3.44529228e+02   2.46327254e-04
   3.44529716e+02   5.82403794e-04
   3.44530204e+02   6.39354519e-04
   3.44530693e+02   2.79451109e-04
   3.44531181e+02   1.71132924e-04
   3.44531669e+02   2.41863876e-04
   3.44532157e+02   1.70400817e-04
   3.44532646e+02   1.61119577e-04
   3.44533134e+02   2.47983233e-04
   3.44533622e+02   3.07482667e-04
   3.44534111e+02   3.23060347e-04
   3.44534599e+02   2.02352399e-04
   3.44535087e+02  -2.50452449e-05
   3.44535576e+02  -5.24432980e-05
   3.44536064e+02   1.85565543e-04
   3.44536552e+02   3.26359586e-04
   3.44537041e+02   8.76284757e-05
   3.44537529e+02  -2.89353513e-04
   3.44538017e+02  -3.30328010e-04
   3.44538506e+02  -7.38208037e-05
   3.44538994e+02   4.29306747e-05
   3.44539482e+02  -1.03234168e-04
   3.44539970e+02  -1.75452602e-04
   3.44540459e+02  -3.97322146e-05
   3.44540947e+02   6.48241839e-05
   3.44541435e+02   7.46438600e-05
   3.44541924e+02   1.42289995e-04
   3.44542412e+02   1.86469697e-04
   3.44542900e+02   2.37053129e-04
   3.44543389e+02   5.51077537e-04
   3.44543877e+02   6.06330927e-04
   3.44544365e+02   2.89458578e-04
   3.44544854e+02   1.55292277e-04
   3.44545342e+02   1.91769446e-04
   3.44545830e+02   1.49968168e-04
   3.44546318e+02  -8.29826458e-05
   3.44546807e+02  -2.07362682e-04
   3.44547295e+02   1.24799306e-04
   3.44547783e+02   4.82790725e-04
   3.44548272e+02   4.98575915e-04
   3.44548760e+02   2.27530836e-04
   3.44549248e+02  -1.23641395e-04
   3.44549737e+02  -3.21206717e-05
   3.44550225e+02   2.66207498e-04
   3.44550713e+02   1.40924647e-04
   3.44551202e+02  -1.67859165e-04
   3.44551690e+02  -3.07397946e-04
   3.44552178e+02  -3.27483460e-04
   3.44552666e+02  -2.95496575e-04
   3.44553155e+02  -1.14641196e-04
   3.44553643e+02   1.63342964e-04
   3.44554131e+02   2.40295354e-04
   3.44554620e+02   3.01340715e-05
   3.44555108e+02  -3.21104453e-04
   3.44555596e+02  -6.51997048e-04
   3.44556085e+02  -7.02694582e-04
   3.44556573e+02  -3.39648395e-04
   3.44557061e+02   4.47271304e-05
   3.44557550e+02   1.83776385e-04
   3.44558038e+02   8.70332296e-05
   3.44558526e+02  -9.88409229e-05
   3.44559014e+02  -1.11175243e-04
   3.44559503e+02  -7.99010522e-05
   3.44559991e+02  -6.11669821e-05
   3.44560479e+02   1.11233610e-04
   3.44560968e+02   1.47938030e-04
   3.44561456e+02  -2.35160605e-05
   3.44561944e+02  -3.38111095e-05
   3.44562433e+02   5.45798976e-05
   3.44562921e+02   7.93858853e-05
   3.44563409e+02   1.43789322e-04
   3.44563898e+02   1.58352530e-04
   3.44564386e+02   6.56718839e-05
   3.44564874e+02  -2.38373923e-05
   3.44565362e+02  -6.02613691e-05
   3.44565851e+02   1.85334415e-04
   3.44566339e+02   5.71677985e-04
   3.44566827e+02   4.87743469e-04
   3.44567316e+02  -1.22678248e-05
   3.44567804e+02  -2.59504450e-04
   3.44568292e+02  -1.38916308e-04
   3.44568781e+02   5.65658338e-05
   3.44569269e+02   1.79151422e-04
   3.44569757e+02   1.68502200e-04
   3.44570246e+02   6.24811073e-05
   3.44570734e+02   1.51533004e-06
   3.44571222e+02   4.29476568e-05
   3.44571710e+02   5.53805439e-05
   3.44572199e+02   1.99550734e-04
   3.44572687e+02   4.74054512e-04
   3.44573175e+02   4.65819146e-04
   3.44573664e+02   2.92300247e-04
   3.44574152e+02   3.77641409e-04
   3.44574640e+02   6.35518460e-04
   3.44575129e+02   7.00813369e-04
   3.44575617e+02   4.54172055e-04
   3.44576105e+02   9.24447741e-05
   3.44576594e+02  -2.00936120e-04
   3.44577082e+02  -4.30475018e-04
   3.44577570e+02  -6.50483242e-04
   3.44578059e+02  -6.28915441e-04
   3.44578547e+02  -2.41205300e-04
   3.44579035e+02   1.79452662e-04
   3.44579523e+02   1.26272149e-04
   3.44580012e+02  -3.53776908e-04
   3.44580500e+02  -5.26759773e-04
   3.44580988e+02  -1.71748048e-04
   3.44581477e+02  -1.82192762e-05
   3.44581965e+02  -3.66790831e-04
   3.44582453e+02  -3.59346363e-04
   3.44582942e+02   1.25171719e-04
   3.44583430e+02   1.90822451e-04
   3.44583918e+02  -1.29618202e-04
   3.44584407e+02  -2.33480256e-04
   3.44584895e+02  -1.28241780e-04
   3.44585383e+02  -1.28775122e-04
   3.44585871e+02  -1.36821007e-04
   3.44586360e+02   4.76337082e-05
   3.44586848e+02   2.92884069e-04
   3.44587336e+02   3.29130387e-04
   3.44587825e+02   1.77992129e-04
   3.44588313e+02   6.33594827e-05
   3.44588801e+02  -5.57975509e-05
   3.44589290e+02  -2.29685655e-04
   3.44589778e+02  -4.20549361e-04
   3.44590266e+02  -5.17116510e-04
   3.44590755e+02  -3.01678345e-04
   3.44591243e+02  -2.80181703e-05
   3.44591731e+02  -1.55973157e-05
   3.44592219e+02  -9.27502879e-06
   3.44592708e+02   1.91020692e-04
   3.44593196e+02   5.38186752e-04
   3.44593684e+02   7.65851408e-04
   3.44594173e+02   4.62924072e-04
   3.44594661e+02  -9.56677468e-05
   3.44595149e+02  -2.07861856e-04
   3.44595638e+02   3.59124060e-05
   3.44596126e+02   1.73113556e-04
   3.44596614e+02   2.27457145e-04
   3.44597103e+02   2.26464705e-04
   3.44597591e+02   2.87024850e-05
   3.44598079e+02  -1.23026664e-04
   3.44598567e+02  -5.02732546e-05
   3.44599056e+02  -5.09367374e-06
   3.44599544e+02  -1.21366706e-04
   3.44600032e+02  -2.33047482e-04
   3.44600521e+02  -2.04779222e-04
   3.44601009e+02  -3.90205832e-06
   3.44601497e+02   1.83586963e-04
   3.44601986e+02   9.19215599e-05
   3.44602474e+02  -1.95190310e-04
   3.44602962e+02  -1.67832768e-04
   3.44603451e+02   1.76571804e-04
   3.44603939e+02   3.11076932e-04
   3.44604427e+02   8.94242403e-05
   3.44604915e+02  -2.92570679e-04
   3.44605404e+02  -3.78618744e-04
   3.44605892e+02  -1.99947812e-04
   3.44606380e+02  -1.02645754e-04
   3.44606869e+02  -1.88544491e-05
   3.44607357e+02   6.42453415e-06
   3.44607845e+02  -1.33719441e-04
   3.44608334e+02  -3.22371110e-04
   3.44608822e+02  -3.75612639e-04
   3.44609310e+02  -2.27812867e-04
   3.44609799e+02  -5.67178104e-05
   3.44610287e+02  -3.46456400e-05
   3.44610775e+02  -1.37689305e-04
   3.44611263e+02  -1.76292233e-04
   3.44611752e+02  -2.51462683e-04
   3.44612240e+02  -3.15120269e-04
   3.44612728e+02  -2.48710148e-05
   3.44613217e+02   3.35474935e-04
   3.44613705e+02   4.94813430e-04
   3.44614193e+02   5.82576613e-04
   3.44614682e+02   4.22640558e-04
   3.44615170e+02  -7.38480376e-05
   3.44615658e+02  -3.97888158e-04
   3.44616147e+02  -1.62441793e-04
   3.44616635e+02   1.47343497e-04
   3.44617123e+02   1.02610666e-05
   3.44617612e+02  -1.97271089e-04
   3.44618100e+02  -3.16353071e-05
   3.44618588e+02   1.79445764e-04
   3.44619076e+02   8.31972065e-05
   3.44619565e+02  -3.97113035e-05
   3.44620053e+02  -1.68508515e-04
   3.44620541e+02  -4.46121703e-04
   3.44621030e+02  -4.37838084e-04
   3.44621518e+02  -2.55559047e-04
   3.44622006e+02  -3.28883674e-04
   3.44622495e+02  -2.01160175e-04
   3.44622983e+02   1.21549558e-04
   3.44623471e+02  -6.62409293e-05
   3.44623960e+02  -4.17000527e-04
   3.44624448e+02  -3.18260136e-04
   3.44624936e+02   9.29247035e-05
   3.44625424e+02   2.80929933e-04
   3.44625913e+02  -7.28728337e-05
   3.44626401e+02  -2.48906668e-04
   3.44626889e+02   5.50518816e-05
   3.44627378e+02   1.81992233e-04
   3.44627866e+02   4.75929628e-05
   3.44628354e+02  -9.33706833e-05
   3.44628843e+02  -9.04199551e-05
   3.44629331e+02   9.96363233e-05
   3.44629819e+02  -5.14278472e-05
   3.44630308e+02  -5.00694150e-04
   3.44630796e+02  -4.13432252e-04
   3.44631284e+02  -9.16487697e-05
   3.44631772e+02  -2.06514189e-04
   3.44632261e+02  -4.43627010e-04
   3.44632749e+02  -4.12536785e-04
   3.44633237e+02  -2.11477687e-04
   3.44633726e+02   8.06114185e-05
   3.44634214e+02   5.76513703e-04
   3.44634702e+02   8.30339384e-04
   3.44635191e+02   4.77656373e-04
   3.44635679e+02   1.83070821e-04
   3.44636167e+02   2.72666133e-04
   3.44636656e+02   2.99074280e-04
   3.44637144e+02   1.95359447e-04
   3.44637632e+02   3.01408523e-04
   3.44638120e+02   3.10172327e-04
   3.44638609e+02   2.21595401e-05
   3.44639097e+02  -2.68152100e-04
   3.44639585e+02  -6.88318862e-04
   3.44640074e+02  -8.39356391e-04
   3.44640562e+02  -4.59660427e-04
   3.44641050e+02  -2.74604972e-04
   3.44641539e+02  -3.28639289e-04
   3.44642027e+02  -7.37697846e-05
   3.44642515e+02   2.95620615e-04
   3.44643004e+02   1.38281568e-04
   3.44643492e+02  -4.05554281e-04
   3.44643980e+02  -6.15314581e-04
   3.44644468e+02  -2.99398089e-04
   3.44644957e+02   5.43628012e-05
   3.44645445e+02   3.72813774e-05
   3.44645933e+02  -1.11273272e-04
   3.44646422e+02  -7.66513767e-05
   3.44646910e+02  -3.85561943e-05
   3.44647398e+02  -4.66279707e-05
   3.44647887e+02   1.73372537e-05
   3.44648375e+02  -2.86520280e-05
   3.44648863e+02  -4.58938739e-05
   3.44649352e+02   1.40616257e-05
   3.44649840e+02  -8.34672974e-05
   3.44650328e+02  -8.66584014e-05
   3.44650816e+02   1.14661416e-04
   3.44651305e+02   3.22934560e-04
   3.44651793e+02   5.26900112e-04
   3.44652281e+02   7.58511247e-04
   3.44652770e+02   7.22312485e-04
   3.44653258e+02   2.23531577e-04
   3.44653746e+02  -1.43705562e-04
   3.44654235e+02  -1.41820463e-04
   3.44654723e+02   3.24963694e-05
   3.44655211e+02   4.61984571e-04
   3.44655700e+02   6.71458489e-04
   3.44656188e+02   2.98301602e-04
   3.44656676e+02   1.43500711e-05
   3.44657165e+02   9.30353635e-05
   3.44657653e+02   2.21105729e-04
   3.44658141e+02   2.72636360e-04
   3.44658629e+02   3.05164693e-04
   3.44659118e+02   3.80140817e-04
   3.44659606e+02   2.68222648e-04
   3.44660094e+02  -1.85288300e-04
   3.44660583e+02  -5.03625604e-04
   3.44661071e+02  -3.95215204e-04
   3.44661559e+02  -2.40596972e-04
   3.44662048e+02  -3.60113307e-04
   3.44662536e+02  -5.49669960e-04
   3.44663024e+02  -4.97473462e-04
   3.44663513e+02  -3.89243331e-04
   3.44664001e+02  -2.14207961e-04
   3.44664489e+02   1.15951816e-05
   3.44664977e+02   2.11764112e-04
   3.44665466e+02   5.35975152e-04
   3.44665954e+02   5.19602036e-04
   3.44666442e+02   1.28586209e-04
   3.44666931e+02   1.58441515e-04
   3.44667419e+02   5.61963359e-04
   3.44667907e+02   6.31062780e-04
   3.44668396e+02   2.81577115e-04
   3.44668884e+02   6.55941540e-06
   3.44669372e+02  -6.96429634e-05
   3.44669861e+02  -1.53350178e-04
   3.44670349e+02  -1.06548672e-04
   3.44670837e+02   3.04434780e-05
   3.44671325e+02  -8.10423735e-05
   3.44671814e+02  -2.95736216e-04
   3.44672302e+02  -3.41949170e-04
   3.44672790e+02  -2.13124469e-04
   3.44673279e+02  -1.30702174e-04
   3.44673767e+02  -1.15801566e-04
   3.44674255e+02  -4.60489609e-05
   3.44674744e+02  -2.15016902e-04
   3.44675232e+02  -4.73490596e-04
   3.44675720e+02  -3.46635323e-04
   3.44676209e+02  -3.15546087e-04
   3.44676697e+02  -5.34872292e-04
   3.44677185e+02  -5.17107430e-04
   3.44677673e+02  -5.94674668e-04
   3.44678162e+02  -6.70256442e-04
   3.44678650e+02  -3.12460063e-04
   3.44679138e+02  -1.60918353e-04
   3.44679627e+02  -3.03662237e-04
   3.44680115e+02  -2.47110176e-04
   3.44680603e+02  -1.43889745e-04
   3.44681092e+02  -1.55195121e-05
   3.44681580e+02   1.11550959e-04
   3.44682068e+02  -7.78225058e-06
   3.44682557e+02  -2.52779661e-04
   3.44683045e+02  -3.32966185e-04
   3.44683533e+02  -2.45111762e-04
   3.44684021e+02  -1.05075233e-04
   3.44684510e+02  -4.71757667e-05
   3.44684998e+02  -1.81136405e-04
   3.44685486e+02  -2.12455576e-04
   3.44685975e+02   1.45325263e-04
   3.44686463e+02   4.34537011e-04
   3.44686951e+02   3.96286254e-04
   3.44687440e+02   1.80304065e-04
   3.44687928e+02  -2.27413111e-04
   3.44688416e+02  -3.78504832e-04
   3.44688905e+02  -1.72051747e-04
   3.44689393e+02  -5.12308106e-05
   3.44689881e+02   1.50877686e-05
   3.44690369e+02   2.57964384e-05
   3.44690858e+02  -7.82517527e-05
   3.44691346e+02  -8.16686370e-05
   3.44691834e+02   6.39317004e-05
   3.44692323e+02   2.79115717e-04
   3.44692811e+02   4.14521608e-04
   3.44693299e+02   1.78616945e-04
   3.44693788e+02  -2.06586250e-04
   3.44694276e+02  -2.13972613e-04
   3.44694764e+02   1.34365560e-04
   3.44695253e+02   4.08333290e-04
   3.44695741e+02   2.41529036e-04
   3.44696229e+02  -1.92971245e-04
   3.44696718e+02  -2.12723753e-04
   3.44697206e+02   1.34979171e-04
   3.44697694e+02   1.22285099e-04
   3.44698182e+02  -1.40698467e-04
   3.44698671e+02  -1.14214759e-04
   3.44699159e+02   1.23111371e-04
   3.44699647e+02   3.35469405e-04
   3.44700136e+02   3.76450218e-04
   3.44700624e+02   2.16356872e-04
   3.44701112e+02   5.02027870e-05
   3.44701601e+02   7.92339561e-05
   3.44702089e+02   3.03737907e-04
   3.44702577e+02   2.35496045e-04
   3.44703066e+02  -6.49487629e-05
   3.44703554e+02   2.72801026e-05
   3.44704042e+02   8.29724086e-05
   3.44704530e+02  -3.83298961e-04
   3.44705019e+02  -6.61442871e-04
   3.44705507e+02  -4.48434468e-04
   3.44705995e+02  -3.08072253e-04
   3.44706484e+02  -1.85472498e-04
   3.44706972e+02   2.33996980e-05
   3.44707460e+02   1.29291744e-04
   3.44707949e+02   3.63535684e-04
   3.44708437e+02   3.67593690e-04
   3.44708925e+02  -9.77382797e-07
   3.44709414e+02   4.73749096e-05
   3.44709902e+02   3.95314768e-04
   3.44710390e+02   3.85441672e-04
   3.44710878e+02   8.98871804e-05
   3.44711367e+02  -9.71683985e-05
   3.44711855e+02   8.35240462e-06
   3.44712343e+02   1.29749125e-04
   3.44712832e+02  -8.25907919e-05
   3.44713320e+02  -1.76924790e-04
   3.44713808e+02   2.03544841e-04
   3.44714297e+02   5.12967061e-04
   3.44714785e+02   5.48389391e-04
   3.44715273e+02   4.75489214e-04
   3.44715762e+02   2.73241138e-04
   3.44716250e+02   1.01286081e-04
   3.44716738e+02   4.61199816e-05
   3.44717226e+02  -8.51526129e-05
   3.44717715e+02  -7.22928526e-05
   3.44718203e+02   5.85115158e-05
   3.44718691e+02   6.79595178e-05
   3.44719180e+02  -2.11697887e-04
   3.44719668e+02  -5.74798789e-04
   3.44720156e+02  -4.93355503e-04
   3.44720645e+02  -1.93522108e-04
   3.44721133e+02  -1.80444913e-04
   3.44721621e+02  -1.72279222e-04
   3.44722110e+02   2.33230221e-05
   3.44722598e+02   1.36567178e-04
   3.44723086e+02   3.44382861e-05
   3.44723574e+02  -6.52849412e-05
   3.44724063e+02   4.79220253e-05
   3.44724551e+02   1.52578083e-04
   3.44725039e+02   2.27442579e-04
   3.44725528e+02   3.19123355e-04
   3.44726016e+02   2.56934145e-04
   3.44726504e+02   2.75525730e-04
   3.44726993e+02   3.79575969e-04
   3.44727481e+02   4.01577301e-04
   3.44727969e+02   4.25331586e-04
   3.44728458e+02   1.50078675e-04
   3.44728946e+02  -3.96092015e-04
   3.44729434e+02  -6.68706838e-04
   3.44729922e+02  -6.54339383e-04
   3.44730411e+02  -3.75790056e-04
   3.44730899e+02   1.67894323e-04
   3.44731387e+02   5.26513904e-04
   3.44731876e+02   6.27171597e-04
   3.44732364e+02   5.62904519e-04
   3.44732852e+02   1.53614266e-04
   3.44733341e+02  -3.75248404e-04
   3.44733829e+02  -5.13596984e-04
   3.44734317e+02  -5.91089301e-05
   3.44734806e+02   5.02744282e-04
   3.44735294e+02   4.62470052e-04
   3.44735782e+02   8.59748106e-05
   3.44736271e+02   2.22967046e-05
   3.44736759e+02   1.00896847e-04
   3.44737247e+02   1.16114261e-05
   3.44737735e+02  -1.29576132e-04
   3.44738224e+02  -5.73853649e-05
   3.44738712e+02   3.30011302e-04
   3.44739200e+02   8.46562791e-04
   3.44739689e+02   1.06185116e-03
   3.44740177e+02   4.46343038e-04
   3.44740665e+02  -3.10971867e-04
   3.44741154e+02  -9.93721405e-05
   3.44741642e+02   3.89312598e-04
   3.44742130e+02   3.29935399e-04
   3.44742619e+02   2.40945737e-04
   3.44743107e+02   2.84371199e-04
   3.44743595e+02   1.74126544e-04
   3.44744083e+02   1.22768150e-04
   3.44744572e+02   2.89027346e-04
   3.44745060e+02   5.02339855e-04
   3.44745548e+02   6.63221290e-04
   3.44746037e+02   6.26048772e-04
   3.44746525e+02   3.54070391e-04
   3.44747013e+02   1.28406333e-04
   3.44747502e+02  -9.91932611e-05
   3.44747990e+02  -3.18332837e-04
   3.44748478e+02  -3.86524480e-04
   3.44748967e+02  -5.05055534e-04
   3.44749455e+02  -5.65177179e-04
   3.44749943e+02  -6.09157200e-04
   3.44750431e+02  -7.46556616e-04
   3.44750920e+02  -5.33446553e-04
   3.44751408e+02  -1.16836845e-05
   3.44751896e+02   2.39986053e-04
   3.44752385e+02   1.02419515e-04
   3.44752873e+02   1.51784152e-05
   3.44753361e+02  -4.58598843e-05
   3.44753850e+02  -5.34085848e-04
   3.44754338e+02  -8.76067439e-04
   3.44754826e+02  -5.18248009e-04
   3.44755315e+02  -4.97138535e-05
   3.44755803e+02   5.95493329e-05
   3.44756291e+02  -1.88459235e-04
   3.44756779e+02  -1.93963453e-04
   3.44757268e+02   1.50817694e-04
   3.44757756e+02   1.07012456e-04
   3.44758244e+02  -1.07239600e-06
   3.44758733e+02   1.93773463e-04
   3.44759221e+02   1.77382331e-04
   3.44759709e+02   3.37338461e-05
   3.44760198e+02   1.15981558e-04
   3.44760686e+02   2.09819846e-04
   3.44761174e+02   1.20783181e-04
   3.44761663e+02   5.26995291e-06
   3.44762151e+02  -6.85639534e-05
   3.44762639e+02  -2.24673684e-04
   3.44763127e+02  -4.83753247e-04
   3.44763616e+02  -6.33933174e-04
   3.44764104e+02  -5.97952516e-04
   3.44764592e+02  -4.16642521e-04
   3.44765081e+02  -1.80183531e-04
   3.44765569e+02  -1.06455554e-04
   3.44766057e+02  -1.78933493e-04
   3.44766546e+02  -3.17469356e-04
   3.44767034e+02  -3.77920776e-04
   3.44767522e+02  -1.02289792e-04
   3.44768011e+02   3.53038224e-04
   3.44768499e+02   6.20213628e-04
   3.44768987e+02   6.88905595e-04
   3.44769475e+02   6.72208611e-04
   3.44769964e+02   5.99537569e-04
   3.44770452e+02   4.36798815e-04
   3.44770940e+02   7.26448634e-05
   3.44771429e+02  -2.37169239e-04
   3.44771917e+02  -2.76274950e-04
   3.44772405e+02  -2.57285719e-04
   3.44772894e+02  -2.10025610e-04
   3.44773382e+02   8.82860513e-06
   3.44773870e+02   2.59382941e-04
   3.44774359e+02   1.85690835e-04
   3.44774847e+02  -4.92599356e-05
   3.44775335e+02  -1.44772755e-04
   3.44775824e+02  -2.81042128e-04
   3.44776312e+02  -2.08067228e-04
   3.44776800e+02  -3.74381125e-05
   3.44777288e+02  -1.70903848e-04
   3.44777777e+02  -3.88347893e-04
   3.44778265e+02  -2.47333228e-04
   3.44778753e+02   1.83843309e-04
   3.44779242e+02   5.11512277e-04
   3.44779730e+02   6.34118740e-04
   3.44780218e+02   3.89846507e-04
   3.44780707e+02  -1.14515846e-04
   3.44781195e+02  -5.00536524e-04
   3.44781683e+02  -6.61516387e-04
   3.44782172e+02  -4.55801492e-04
   3.44782660e+02  -8.17069813e-05
   3.44783148e+02   6.35532851e-05
   3.44783636e+02   8.55225007e-05
   3.44784125e+02   4.02816986e-05
   3.44784613e+02  -1.25480481e-04
   3.44785101e+02  -2.83886970e-04
   3.44785590e+02  -1.52838344e-04
   3.44786078e+02   2.20982125e-04
   3.44786566e+02   2.14008978e-04
   3.44787055e+02  -9.44608037e-05
   3.44787543e+02  -9.87976455e-05
   3.44788031e+02   1.70204639e-05
   3.44788520e+02   1.08003690e-06
   3.44789008e+02  -4.82231626e-05
   3.44789496e+02  -8.44556635e-05
   3.44789984e+02  -6.02428236e-06
   3.44790473e+02   2.19759459e-04
   3.44790961e+02   3.87177599e-04
   3.44791449e+02   3.94541974e-04
   3.44791938e+02   3.21264670e-04
   3.44792426e+02   1.44113117e-04
   3.44792914e+02  -6.75239280e-05
   3.44793403e+02  -1.82237272e-04
   3.44793891e+02  -1.55153830e-04
   3.44794379e+02   1.43120087e-06
   3.44794868e+02  -5.95836027e-05
   3.44795356e+02  -3.83869163e-04
   3.44795844e+02  -5.44695300e-04
   3.44796332e+02  -3.92876798e-04
   3.44796821e+02  -5.16287969e-07
   3.44797309e+02   3.38165381e-04
   3.44797797e+02   2.77518353e-04
   3.44798286e+02  -1.72729960e-05
   3.44798774e+02  -1.74331697e-04
   3.44799262e+02  -1.33750800e-04
   3.44799751e+02  -4.04892417e-05
   3.44800239e+02   1.39007578e-04
   3.44800727e+02   3.17744765e-04
   3.44801216e+02   3.67887813e-04
   3.44801704e+02   3.53536801e-04
   3.44802192e+02   2.24199903e-04
   3.44802680e+02   1.15286253e-04
   3.44803169e+02   1.29702064e-04
   3.44803657e+02  -4.52353634e-05
   3.44804145e+02  -4.10814246e-04
   3.44804634e+02  -5.37478540e-04
   3.44805122e+02  -4.05698054e-04
   3.44805610e+02  -1.62261305e-04
   3.44806099e+02   1.71398686e-04
   3.44806587e+02   3.28841648e-04
   3.44807075e+02   1.61137039e-04
   3.44807564e+02  -2.13673338e-05
   3.44808052e+02  -8.76310733e-05
   3.44808540e+02  -2.13604391e-04
   3.44809028e+02  -2.18295681e-04
   3.44809517e+02   4.17274132e-05
   3.44810005e+02   1.59632575e-04
   3.44810493e+02  -9.40888203e-05
   3.44810982e+02  -2.50740704e-04
   3.44811470e+02  -7.56863810e-05
   3.44811958e+02  -1.35332200e-04
   3.44812447e+02  -6.05777430e-04
   3.44812935e+02  -9.25763452e-04
   3.44813423e+02  -6.13434764e-04
   3.44813912e+02   1.07815482e-04
   3.44814400e+02   1.61783930e-04
   3.44814888e+02  -4.69189166e-04
   3.44815377e+02  -5.33060811e-04
   3.44815865e+02  -1.79813855e-04
   3.44816353e+02  -1.71209307e-04
   3.44816841e+02  -2.81502696e-04
   3.44817330e+02  -2.67482770e-04
   3.44817818e+02  -2.31426980e-04
   3.44818306e+02  -2.65099225e-04
   3.44818795e+02  -2.42523223e-04
   3.44819283e+02  -1.17954842e-04
   3.44819771e+02  -2.08006168e-04
   3.44820260e+02  -3.57324665e-04
   3.44820748e+02  -2.78031162e-04
   3.44821236e+02  -2.79299478e-04
   3.44821725e+02  -2.43679679e-04
   3.44822213e+02  -1.51319357e-04
   3.44822701e+02  -2.97696475e-04
   3.44823189e+02  -3.15276382e-04
   3.44823678e+02  -1.98106703e-04
   3.44824166e+02  -1.51403408e-04
   3.44824654e+02   8.39327913e-05
   3.44825143e+02   2.53847771e-04
   3.44825631e+02   1.42797653e-04
   3.44826119e+02   6.17840124e-05
   3.44826608e+02   1.03156663e-05
   3.44827096e+02  -1.02439342e-04
   3.44827584e+02  -1.70740575e-04
   3.44828073e+02   1.80663992e-05
   3.44828561e+02   3.53946263e-04
   3.44829049e+02   5.24663250e-04
   3.44829537e+02   2.74183607e-04
   3.44830026e+02  -1.62843207e-04
   3.44830514e+02  -1.95114510e-04
   3.44831002e+02  -1.64423418e-05
   3.44831491e+02  -4.56781781e-05
   3.44831979e+02  -1.57572911e-04
   3.44832467e+02  -4.88579135e-05
   3.44832956e+02   1.59802119e-04
   3.44833444e+02   2.27190743e-04
