frequency (GHz), flux (Jy/beam)
   3.44888470e+02  -2.34516028e-05
   3.44888959e+02   1.13642389e-04
   3.44889447e+02   2.13385472e-04
   3.44889935e+02   3.09422234e-04
   3.44890423e+02   2.96291400e-04
   3.44890912e+02   1.56582377e-04
   3.44891400e+02   9.52208648e-05
   3.44891888e+02   3.28153808e-04
   3.44892377e+02   5.00625523e-04
   3.44892865e+02   4.18224576e-04
   3.44893353e+02   3.66152788e-04
   3.44893842e+02   2.25153955e-04
   3.44894330e+02  -5.53260397e-05
   3.44894818e+02  -2.91233737e-04
   3.44895307e+02  -3.25625064e-04
   3.44895795e+02  -2.90118653e-04
   3.44896283e+02  -2.40943173e-05
   3.44896771e+02   6.59998856e-04
   3.44897260e+02   7.04109785e-04
   3.44897748e+02   2.81117827e-05
   3.44898236e+02  -8.52482844e-05
   3.44898725e+02   3.47118592e-04
   3.44899213e+02   4.69032035e-04
   3.44899701e+02   1.21639678e-04
   3.44900190e+02  -3.62170889e-04
   3.44900678e+02  -5.89474977e-04
   3.44901166e+02  -4.21176635e-04
   3.44901655e+02   5.46059418e-05
   3.44902143e+02   9.26010762e-05
   3.44902631e+02  -1.87185215e-04
   3.44903119e+02  -6.61849335e-05
   3.44903608e+02   5.67214520e-05
   3.44904096e+02   1.49149942e-04
   3.44904584e+02   4.68262122e-04
   3.44905073e+02   4.57035145e-04
   3.44905561e+02   2.39772766e-04
   3.44906049e+02   2.38794819e-04
   3.44906538e+02   1.88837963e-04
   3.44907026e+02  -1.00019301e-04
   3.44907514e+02  -1.33547641e-04
   3.44908003e+02  -2.00329014e-04
   3.44908491e+02  -4.78358212e-04
   3.44908979e+02  -5.10732643e-04
   3.44909467e+02  -5.25946089e-04
   3.44909956e+02  -7.13265559e-04
   3.44910444e+02  -6.31359115e-04
   3.44910932e+02  -2.48443830e-04
   3.44911421e+02  -6.47168490e-05
   3.44911909e+02  -7.10228196e-05
   3.44912397e+02   2.55134248e-04
   3.44912886e+02   4.58616210e-04
   3.44913374e+02   1.24198079e-04
   3.44913862e+02   9.11011302e-05
   3.44914351e+02   3.80529993e-04
   3.44914839e+02   2.09929378e-04
   3.44915327e+02  -4.26699771e-05
   3.44915815e+02   1.85805053e-04
   3.44916304e+02   2.47142889e-04
   3.44916792e+02  -1.47667335e-04
   3.44917280e+02  -3.86735308e-04
   3.44917769e+02  -1.32915302e-04
   3.44918257e+02   7.33014967e-05
   3.44918745e+02   1.47385595e-04
   3.44919234e+02   3.31490824e-04
   3.44919722e+02   4.10281296e-04
   3.44920210e+02   1.70977844e-04
   3.44920699e+02   5.63009280e-06
   3.44921187e+02  -1.05413674e-05
   3.44921675e+02  -1.38537434e-04
   3.44922163e+02  -2.99688196e-04
   3.44922652e+02  -8.57410414e-05
   3.44923140e+02   1.58691764e-04
   3.44923628e+02   4.79638720e-06
   3.44924117e+02  -3.03804438e-04
   3.44924605e+02  -5.95557038e-04
   3.44925093e+02  -6.19970728e-04
   3.44925582e+02  -3.93809867e-04
   3.44926070e+02  -1.43237325e-04
   3.44926558e+02   1.18017742e-04
   3.44927047e+02   9.68985623e-05
   3.44927535e+02   2.09424936e-04
   3.44928023e+02   3.17183352e-04
   3.44928512e+02   1.12143362e-05
   3.44929000e+02   9.17065518e-06
   3.44929488e+02   1.81134281e-04
   3.44929976e+02   8.24693634e-05
   3.44930465e+02   2.71607951e-05
   3.44930953e+02  -1.04396904e-05
   3.44931441e+02  -8.19199195e-05
   3.44931930e+02  -1.88204605e-04
   3.44932418e+02  -2.43658491e-04
   3.44932906e+02  -1.41578348e-04
   3.44933395e+02  -4.57485439e-05
   3.44933883e+02   6.18569402e-06
   3.44934371e+02   6.48182468e-05
   3.44934860e+02   1.05983971e-04
   3.44935348e+02   1.78726594e-04
   3.44935836e+02   2.75973143e-04
   3.44936324e+02   3.36603378e-04
   3.44936813e+02   4.61184594e-04
   3.44937301e+02  -2.97800161e-05
   3.44937789e+02  -7.69183913e-04
   3.44938278e+02  -5.45205432e-04
   3.44938766e+02  -1.91549960e-04
   3.44939254e+02  -2.03343225e-04
   3.44939743e+02  -3.50614573e-05
   3.44940231e+02   1.36575298e-04
   3.44940719e+02  -1.34035929e-06
   3.44941208e+02  -3.71282949e-05
   3.44941696e+02   1.41664073e-04
   3.44942184e+02  -1.07777778e-05
   3.44942672e+02  -2.30057456e-04
   3.44943161e+02  -4.71462590e-05
   3.44943649e+02   2.07672310e-05
   3.44944137e+02  -2.93099351e-04
   3.44944626e+02  -3.97473312e-04
   3.44945114e+02  -1.87149431e-04
   3.44945602e+02  -2.28092671e-04
   3.44946091e+02  -3.07141832e-04
   3.44946579e+02  -1.66300058e-04
   3.44947067e+02  -2.54064566e-04
   3.44947556e+02  -6.06276561e-04
   3.44948044e+02  -6.01960870e-04
   3.44948532e+02  -3.25246423e-04
   3.44949020e+02   2.11252060e-04
   3.44949509e+02   5.47143281e-04
   3.44949997e+02   6.34677068e-04
   3.44950485e+02   6.80124620e-04
   3.44950974e+02   3.72747018e-04
   3.44951462e+02   8.11033242e-05
   3.44951950e+02  -3.50774499e-05
   3.44952439e+02  -3.14059027e-04
   3.44952927e+02  -5.40952024e-04
   3.44953415e+02  -4.08471067e-04
   3.44953904e+02  -3.54570075e-04
   3.44954392e+02  -2.79219297e-04
   3.44954880e+02   3.29296490e-05
   3.44955368e+02   1.16924726e-04
   3.44955857e+02  -1.35453129e-05
   3.44956345e+02  -1.52778710e-04
   3.44956833e+02  -4.14264970e-04
   3.44957322e+02  -4.83847281e-04
   3.44957810e+02  -3.31770221e-04
   3.44958298e+02  -1.94585897e-04
   3.44958787e+02   1.16602627e-04
   3.44959275e+02   4.60121228e-04
   3.44959763e+02   2.62176560e-04
   3.44960252e+02  -4.77887399e-04
   3.44960740e+02  -5.33473911e-04
   3.44961228e+02   7.54965222e-05
   3.44961716e+02   2.56766856e-04
   3.44962205e+02   1.07240921e-04
   3.44962693e+02   1.70120693e-05
   3.44963181e+02   9.69957109e-05
   3.44963670e+02   3.13705794e-04
   3.44964158e+02   2.76220788e-04
   3.44964646e+02  -1.08918657e-05
   3.44965135e+02  -2.38959299e-04
   3.44965623e+02  -2.48058437e-04
   3.44966111e+02  -1.34717731e-04
   3.44966600e+02  -9.77787131e-05
   3.44967088e+02  -1.75190566e-04
   3.44967576e+02  -7.04761624e-05
   3.44968065e+02   1.38343239e-04
   3.44968553e+02   2.31657017e-04
   3.44969041e+02   1.90942228e-04
   3.44969529e+02   4.55454610e-05
   3.44970018e+02   1.63098244e-04
   3.44970506e+02   4.08566586e-04
   3.44970994e+02   3.06140981e-04
   3.44971483e+02   3.95653216e-04
   3.44971971e+02   4.80604620e-04
   3.44972459e+02  -4.24149257e-05
   3.44972948e+02  -1.26877247e-04
   3.44973436e+02   2.75143888e-04
   3.44973924e+02   4.29427077e-04
   3.44974413e+02   2.26330740e-04
   3.44974901e+02   1.16258401e-04
   3.44975389e+02   1.08484499e-04
   3.44975877e+02  -1.74761488e-04
   3.44976366e+02  -3.13361175e-04
   3.44976854e+02   3.73820330e-05
   3.44977342e+02   4.25817998e-04
   3.44977831e+02   5.47514879e-04
   3.44978319e+02   3.61170911e-04
   3.44978807e+02   3.68382491e-04
   3.44979296e+02   5.38146065e-04
   3.44979784e+02   4.38437623e-04
   3.44980272e+02   3.91814247e-04
   3.44980761e+02   3.74482945e-04
   3.44981249e+02  -9.78827666e-06
   3.44981737e+02  -5.06651413e-04
   3.44982225e+02  -5.71112381e-04
   3.44982714e+02  -3.93834925e-04
   3.44983202e+02  -1.43953264e-04
   3.44983690e+02   2.09436344e-04
   3.44984179e+02   3.37987381e-04
   3.44984667e+02   9.92842106e-05
   3.44985155e+02  -4.18106065e-04
   3.44985644e+02  -6.76705211e-04
   3.44986132e+02  -2.78159539e-04
   3.44986620e+02   2.64315371e-04
   3.44987109e+02   3.89427150e-04
   3.44987597e+02   2.54400016e-04
   3.44988085e+02  -4.95652457e-05
   3.44988573e+02  -4.44065285e-04
   3.44989062e+02  -3.64738429e-04
   3.44989550e+02   3.76536191e-05
   3.44990038e+02  -2.85775623e-05
   3.44990527e+02  -1.95486515e-04
   3.44991015e+02  -5.65875453e-05
   3.44991503e+02  -1.75766283e-04
   3.44991992e+02  -5.49271819e-04
   3.44992480e+02  -1.57935763e-04
   3.44992968e+02   5.04553202e-04
   3.44993457e+02   4.44827107e-04
   3.44993945e+02   8.31959624e-05
   3.44994433e+02  -1.44690144e-04
   3.44994921e+02  -1.31518289e-04
   3.44995410e+02   1.10893070e-05
   3.44995898e+02   1.61412201e-04
   3.44996386e+02   3.14682082e-04
   3.44996875e+02   2.60259665e-04
   3.44997363e+02   6.97769137e-05
   3.44997851e+02  -5.78928621e-06
   3.44998340e+02   1.59092917e-04
   3.44998828e+02   5.23028779e-04
   3.44999316e+02   5.68737043e-04
   3.44999805e+02   3.96081334e-04
   3.45000293e+02   3.95505253e-04
   3.45000781e+02  -2.52042337e-05
   3.45001269e+02  -4.08295891e-04
   3.45001758e+02  -6.95575363e-05
   3.45002246e+02   8.36593244e-05
   3.45002734e+02  -2.08789774e-04
   3.45003223e+02  -4.75496665e-04
   3.45003711e+02   1.00318473e-04
   3.45004199e+02   3.65657499e-04
   3.45004688e+02   3.09564668e-04
   3.45005176e+02   2.62977002e-04
   3.45005664e+02   4.69178398e-04
   3.45006153e+02   6.93691138e-04
   3.45006641e+02   4.36496775e-04
   3.45007129e+02   5.27528646e-05
   3.45007618e+02   1.72873348e-04
   3.45008106e+02   2.61158944e-04
   3.45008594e+02  -1.19997814e-04
   3.45009082e+02  -3.66076973e-04
   3.45009571e+02  -1.32304791e-04
   3.45010059e+02   2.52290687e-04
   3.45010547e+02   4.07415442e-04
   3.45011036e+02   6.43813692e-05
   3.45011524e+02  -2.81310495e-04
   3.45012012e+02  -1.35232956e-04
   3.45012501e+02  -1.67606093e-04
   3.45012989e+02  -4.23107413e-04
   3.45013477e+02  -1.72579515e-04
   3.45013966e+02   4.15777395e-05
   3.45014454e+02  -3.93160852e-04
   3.45014942e+02  -6.51002047e-04
   3.45015430e+02  -3.97303287e-04
   3.45015919e+02   4.18193704e-05
   3.45016407e+02   3.79034522e-04
   3.45016895e+02   3.97777476e-04
   3.45017384e+02   4.42245422e-04
   3.45017872e+02   2.52978818e-04
   3.45018360e+02  -3.05426889e-04
   3.45018849e+02  -4.34297603e-04
   3.45019337e+02   7.29495378e-06
   3.45019825e+02   3.79480247e-04
   3.45020314e+02   2.49266566e-04
   3.45020802e+02  -1.50010572e-04
   3.45021290e+02  -3.48566711e-04
   3.45021778e+02  -8.51074437e-05
   3.45022267e+02   2.89416494e-04
   3.45022755e+02   4.11132583e-04
   3.45023243e+02   4.01538040e-04
   3.45023732e+02   1.12751070e-04
   3.45024220e+02  -2.57528562e-04
   3.45024708e+02   1.14006521e-04
   3.45025197e+02   8.28568940e-04
   3.45025685e+02   8.19237379e-04
   3.45026173e+02   2.37884611e-04
   3.45026662e+02  -1.21388992e-04
   3.45027150e+02  -1.63635239e-04
   3.45027638e+02  -6.24206150e-05
   3.45028126e+02  -1.34182992e-04
   3.45028615e+02  -4.82999894e-04
   3.45029103e+02  -4.90585575e-04
   3.45029591e+02   4.64475852e-06
   3.45030080e+02   6.92398098e-05
   3.45030568e+02  -1.04049059e-06
   3.45031056e+02  -1.04359578e-05
   3.45031545e+02  -1.49361993e-04
   3.45032033e+02  -5.42103662e-05
   3.45032521e+02   4.52960412e-05
   3.45033010e+02   5.44648428e-05
   3.45033498e+02  -1.23537131e-04
   3.45033986e+02  -4.26421902e-04
   3.45034474e+02  -3.84254148e-04
   3.45034963e+02  -2.36933949e-04
   3.45035451e+02  -1.40197983e-04
   3.45035939e+02  -4.64195637e-06
   3.45036428e+02   4.31095805e-06
   3.45036916e+02  -6.44545580e-05
   3.45037404e+02  -5.61781402e-04
   3.45037893e+02  -8.65137903e-04
   3.45038381e+02  -1.38557822e-04
   3.45038869e+02   4.93744912e-04
   3.45039358e+02   4.81278723e-04
   3.45039846e+02   9.67543601e-05
   3.45040334e+02  -1.49556770e-04
   3.45040822e+02   1.03381317e-05
   3.45041311e+02   8.95587873e-05
   3.45041799e+02   2.22883027e-05
   3.45042287e+02   6.45460968e-05
   3.45042776e+02   5.28572564e-05
   3.45043264e+02  -6.52489689e-05
   3.45043752e+02   8.01496426e-05
   3.45044241e+02   1.16042656e-05
   3.45044729e+02  -7.48979801e-05
   3.45045217e+02  -7.79090715e-06
   3.45045706e+02  -2.19477384e-04
   3.45046194e+02  -4.66921309e-04
   3.45046682e+02  -6.64513558e-04
   3.45047171e+02  -4.07085492e-04
   3.45047659e+02   2.42446302e-04
   3.45048147e+02   4.40098229e-04
   3.45048635e+02   7.39019306e-05
   3.45049124e+02  -2.67349271e-04
   3.45049612e+02  -5.73330144e-05
   3.45050100e+02   3.41999228e-04
   3.45050589e+02   3.17320111e-04
   3.45051077e+02   2.35900006e-04
   3.45051565e+02   2.84501089e-04
   3.45052054e+02   3.06777729e-05
   3.45052542e+02  -2.79813568e-04
   3.45053030e+02  -4.47843311e-04
   3.45053519e+02  -5.54845436e-04
   3.45054007e+02  -1.70027226e-04
   3.45054495e+02   5.41468326e-04
   3.45054983e+02   4.13997564e-04
   3.45055472e+02  -1.34716815e-04
   3.45055960e+02  -5.63808244e-05
   3.45056448e+02   5.98933548e-05
   3.45056937e+02  -2.74138263e-04
   3.45057425e+02  -4.18621814e-04
   3.45057913e+02  -4.46825754e-04
   3.45058402e+02  -5.81096101e-04
   3.45058890e+02  -4.32940520e-04
   3.45059378e+02   3.91270078e-05
   3.45059867e+02   3.27496906e-04
   3.45060355e+02   6.44634783e-05
   3.45060843e+02  -3.49978276e-04
   3.45061331e+02  -2.14184111e-04
   3.45061820e+02  -1.04341081e-04
   3.45062308e+02  -4.03559796e-04
   3.45062796e+02  -3.81385355e-04
   3.45063285e+02  -3.49949551e-05
   3.45063773e+02   7.31603068e-05
   3.45064261e+02  -9.14623160e-05
   3.45064750e+02  -2.90555890e-05
   3.45065238e+02   1.07257438e-04
   3.45065726e+02  -3.45347798e-05
   3.45066215e+02  -2.14950269e-04
   3.45066703e+02  -6.82896207e-05
   3.45067191e+02   6.57187338e-05
   3.45067679e+02   1.79560193e-05
   3.45068168e+02   2.84867536e-04
   3.45068656e+02   4.20510012e-04
   3.45069144e+02   1.25872291e-04
   3.45069633e+02   1.57599250e-04
   3.45070121e+02   3.31152434e-04
   3.45070609e+02   1.42718403e-04
   3.45071098e+02  -3.72041941e-05
   3.45071586e+02   4.02388787e-06
   3.45072074e+02   3.57219367e-04
   3.45072563e+02   6.05489709e-04
   3.45073051e+02   2.71625497e-04
   3.45073539e+02  -1.05707040e-04
   3.45074027e+02  -1.52822904e-05
   3.45074516e+02   2.11063787e-04
   3.45075004e+02   2.58716755e-04
   3.45075492e+02   4.73429594e-04
   3.45075981e+02   7.18645111e-04
   3.45076469e+02   6.39079895e-04
   3.45076957e+02   2.82120920e-04
   3.45077446e+02  -2.62944755e-04
   3.45077934e+02  -5.19744062e-04
   3.45078422e+02  -5.48977056e-04
   3.45078911e+02  -3.41320614e-04
   3.45079399e+02   2.20137590e-04
   3.45079887e+02   4.75667068e-04
   3.45080375e+02   7.82100833e-05
   3.45080864e+02  -2.40425143e-04
   3.45081352e+02   2.33231058e-05
   3.45081840e+02   2.30414789e-05
   3.45082329e+02  -2.66480754e-04
   3.45082817e+02  -5.61473826e-05
   3.45083305e+02   5.25662326e-04
   3.45083794e+02   7.06254563e-04
   3.45084282e+02   3.73172719e-04
   3.45084770e+02   2.25806521e-04
   3.45085259e+02   3.25747416e-04
   3.45085747e+02   1.51560962e-04
   3.45086235e+02  -6.87850843e-06
   3.45086724e+02   7.83270207e-06
   3.45087212e+02   6.70800800e-05
   3.45087700e+02   1.03604441e-04
   3.45088188e+02  -4.94234264e-05
   3.45088677e+02  -3.18398270e-05
   3.45089165e+02   5.99396299e-05
   3.45089653e+02   5.10844729e-05
   3.45090142e+02   1.71323991e-04
   3.45090630e+02   1.80909206e-04
   3.45091118e+02   2.32339415e-04
   3.45091607e+02   2.29993457e-04
   3.45092095e+02   3.88753069e-05
   3.45092583e+02   1.58757786e-04
   3.45093072e+02   2.66669289e-04
   3.45093560e+02   3.47678506e-05
   3.45094048e+02  -3.06601432e-04
   3.45094536e+02  -2.91248056e-04
   3.45095025e+02  -1.01168982e-04
   3.45095513e+02  -8.42846493e-05
   3.45096001e+02  -2.74529215e-04
   3.45096490e+02  -3.29425064e-04
   3.45096978e+02   2.14063675e-05
   3.45097466e+02   1.87287820e-04
   3.45097955e+02   1.25692313e-04
   3.45098443e+02   3.24088527e-04
   3.45098931e+02   4.55015659e-04
   3.45099420e+02   2.00989132e-04
   3.45099908e+02  -8.89584862e-06
   3.45100396e+02   1.44218729e-05
   3.45100884e+02   1.30983070e-04
   3.45101373e+02   2.46987271e-04
   3.45101861e+02   3.57897108e-04
   3.45102349e+02   4.35624272e-04
   3.45102838e+02   4.56777809e-04
   3.45103326e+02   3.33144068e-04
   3.45103814e+02   4.75134366e-05
   3.45104303e+02  -1.67359074e-04
   3.45104791e+02  -3.30754934e-04
   3.45105279e+02  -7.95523301e-05
   3.45105768e+02   1.70777363e-04
   3.45106256e+02   1.77307171e-04
   3.45106744e+02   2.45306379e-04
   3.45107232e+02   2.03127966e-05
   3.45107721e+02  -2.70763267e-04
   3.45108209e+02  -2.09875216e-04
   3.45108697e+02  -3.56942219e-05
   3.45109186e+02   1.28106316e-04
   3.45109674e+02   1.79657101e-04
   3.45110162e+02  -1.22423313e-04
   3.45110651e+02  -2.67323398e-04
   3.45111139e+02   4.16218172e-05
   3.45111627e+02   2.90392927e-04
   3.45112116e+02   3.01014574e-04
   3.45112604e+02   1.82308679e-04
   3.45113092e+02   1.35654045e-04
   3.45113580e+02   2.70057080e-05
   3.45114069e+02  -2.60641944e-04
   3.45114557e+02  -3.33388307e-04
   3.45115045e+02  -2.06798097e-04
   3.45115534e+02  -5.52990896e-05
   3.45116022e+02  -4.71281928e-05
   3.45116510e+02  -6.93943439e-05
   3.45116999e+02  -1.07055268e-04
   3.45117487e+02  -1.96761423e-04
   3.45117975e+02   1.17222648e-04
   3.45118464e+02   5.87507675e-04
   3.45118952e+02   5.50400058e-04
   3.45119440e+02   1.85857964e-04
   3.45119928e+02   7.56216759e-05
   3.45120417e+02   1.25699051e-04
   3.45120905e+02   2.50808080e-04
   3.45121393e+02   1.68285071e-04
   3.45121882e+02   2.02603434e-04
   3.45122370e+02   1.97479734e-04
   3.45122858e+02   4.20886900e-05
   3.45123347e+02  -2.27883342e-04
   3.45123835e+02  -4.17650939e-04
   3.45124323e+02  -3.23575659e-04
   3.45124812e+02   1.02144622e-05
   3.45125300e+02  -5.95989040e-05
   3.45125788e+02  -3.70514987e-04
   3.45126277e+02  -3.77828459e-04
   3.45126765e+02  -5.76381572e-05
   3.45127253e+02   4.10869718e-04
   3.45127741e+02   2.48243508e-04
   3.45128230e+02  -2.02331285e-04
   3.45128718e+02  -2.50893761e-04
   3.45129206e+02  -3.21021798e-04
   3.45129695e+02  -3.92224960e-04
   3.45130183e+02  -1.14991672e-04
   3.45130671e+02   1.58953175e-04
   3.45131160e+02   2.83535803e-04
   3.45131648e+02   3.89887166e-04
   3.45132136e+02   5.51656878e-04
   3.45132625e+02   6.40468381e-04
   3.45133113e+02   1.74811285e-04
   3.45133601e+02  -5.36508509e-04
   3.45134089e+02  -7.72593077e-04
   3.45134578e+02  -4.15249058e-04
   3.45135066e+02   1.82211355e-04
   3.45135554e+02   2.01875388e-04
   3.45136043e+02  -2.30593650e-04
   3.45136531e+02  -6.05958398e-04
   3.45137019e+02  -6.53186464e-04
   3.45137508e+02  -2.41922156e-04
   3.45137996e+02   1.59573901e-04
   3.45138484e+02   2.17990717e-04
   3.45138973e+02   2.41866175e-04
   3.45139461e+02   3.81709106e-04
   3.45139949e+02   4.48682258e-04
   3.45140437e+02   1.83359836e-04
   3.45140926e+02  -4.28138097e-04
   3.45141414e+02  -6.62218081e-04
   3.45141902e+02  -4.34566231e-04
   3.45142391e+02  -3.17142723e-04
   3.45142879e+02  -2.36365973e-04
   3.45143367e+02  -2.79991451e-04
   3.45143856e+02  -3.35764111e-04
   3.45144344e+02  -1.44974940e-04
   3.45144832e+02  -1.92701864e-05
   3.45145321e+02  -6.72317474e-05
   3.45145809e+02   6.99662342e-05
   3.45146297e+02   1.36165734e-04
   3.45146785e+02  -2.30728619e-04
   3.45147274e+02  -4.82438190e-04
   3.45147762e+02  -2.84847774e-04
   3.45148250e+02  -1.07584608e-04
   3.45148739e+02  -2.28657766e-04
   3.45149227e+02  -3.10927484e-04
   3.45149715e+02  -1.86554375e-04
   3.45150204e+02   1.31470995e-06
   3.45150692e+02   2.47858348e-04
   3.45151180e+02   5.13828592e-04
   3.45151669e+02   5.84441063e-04
   3.45152157e+02   6.12278644e-04
   3.45152645e+02   7.66719575e-04
   3.45153133e+02   6.09466399e-04
   3.45153622e+02   1.91644504e-04
   3.45154110e+02  -1.93650354e-04
   3.45154598e+02  -1.73901542e-04
   3.45155087e+02   7.34462083e-05
   3.45155575e+02  -7.11194079e-05
   3.45156063e+02  -2.26457778e-04
   3.45156552e+02  -9.81714693e-05
   3.45157040e+02  -1.66184531e-04
   3.45157528e+02  -1.12853515e-04
   3.45158017e+02   9.38341327e-05
   3.45158505e+02   2.14072395e-04
   3.45158993e+02   3.50022456e-04
   3.45159481e+02   2.12424449e-04
   3.45159970e+02  -7.89610931e-05
   3.45160458e+02  -8.25602401e-05
   3.45160946e+02   1.94913155e-05
   3.45161435e+02   1.47173587e-05
   3.45161923e+02   1.80178380e-04
   3.45162411e+02   1.48860068e-04
   3.45162900e+02   4.42143431e-07
   3.45163388e+02   3.64366249e-04
   3.45163876e+02   8.58501124e-04
   3.45164365e+02   5.99890715e-04
   3.45164853e+02   8.43390226e-05
   3.45165341e+02   2.00687791e-04
   3.45165830e+02   4.82142117e-04
   3.45166318e+02   5.77769766e-04
   3.45166806e+02   3.64214036e-04
   3.45167294e+02   2.48882454e-04
   3.45167783e+02   1.00118108e-04
   3.45168271e+02  -1.20519297e-04
   3.45168759e+02   1.71166300e-06
   3.45169248e+02   1.89572762e-04
   3.45169736e+02  -1.07657223e-04
   3.45170224e+02  -5.43131668e-04
   3.45170713e+02  -5.71766053e-04
   3.45171201e+02  -4.14218230e-04
   3.45171689e+02  -1.71158637e-04
   3.45172178e+02   1.67881153e-04
   3.45172666e+02   2.72176374e-04
   3.45173154e+02   4.58531686e-05
   3.45173642e+02  -1.25437640e-04
   3.45174131e+02   4.30655127e-05
   3.45174619e+02   1.77577840e-05
   3.45175107e+02  -1.01835620e-04
   3.45175596e+02   3.28570036e-06
   3.45176084e+02  -8.31505822e-05
   3.45176572e+02  -1.91578685e-04
   3.45177061e+02  -2.12527331e-04
   3.45177549e+02  -1.55009708e-04
   3.45178037e+02   1.88713864e-04
   3.45178526e+02   4.78517322e-04
   3.45179014e+02   4.99878719e-04
   3.45179502e+02  -1.16791462e-05
   3.45179990e+02  -5.73784928e-04
   3.45180479e+02  -3.23386572e-04
   3.45180967e+02  -5.37548731e-05
   3.45181455e+02  -1.75288020e-04
   3.45181944e+02   6.60775331e-05
   3.45182432e+02   3.09763825e-04
   3.45182920e+02   1.31070628e-04
   3.45183409e+02   7.89479818e-05
   3.45183897e+02   3.76218923e-05
   3.45184385e+02  -4.69704028e-05
   3.45184874e+02   1.32905931e-04
   3.45185362e+02   2.28371631e-04
   3.45185850e+02   1.26018655e-04
   3.45186338e+02   8.62781380e-05
   3.45186827e+02   1.23184975e-04
   3.45187315e+02   2.68922973e-04
   3.45187803e+02   5.62380534e-04
   3.45188292e+02   6.18437713e-04
   3.45188780e+02   5.39794273e-04
   3.45189268e+02   3.60657315e-04
   3.45189757e+02  -9.01434032e-05
   3.45190245e+02  -4.56926035e-04
   3.45190733e+02  -3.05947498e-04
   3.45191222e+02   1.71694537e-05
   3.45191710e+02   3.97278018e-05
   3.45192198e+02  -1.66967759e-04
   3.45192686e+02  -2.24156262e-04
   3.45193175e+02   1.02103033e-04
   3.45193663e+02   5.01932576e-04
   3.45194151e+02   4.97568515e-04
   3.45194640e+02   2.73087615e-04
   3.45195128e+02   2.06328128e-04
   3.45195616e+02   2.98044906e-04
   3.45196105e+02   2.79765693e-04
   3.45196593e+02   3.57508543e-05
   3.45197081e+02  -8.55034305e-05
   3.45197570e+02   1.84715725e-04
   3.45198058e+02   4.40740783e-04
   3.45198546e+02   5.86989103e-04
   3.45199034e+02   6.84064056e-04
   3.45199523e+02   5.51442849e-04
   3.45200011e+02   3.30094772e-04
   3.45200499e+02   1.06761894e-04
   3.45200988e+02  -2.52085505e-04
   3.45201476e+02  -3.32341762e-04
   3.45201964e+02  -6.47453344e-05
   3.45202453e+02   2.66534858e-04
   3.45202941e+02   3.73779039e-04
   3.45203429e+02   1.94798718e-04
   3.45203918e+02   8.02645591e-05
   3.45204406e+02   5.47082891e-05
   3.45204894e+02  -3.47341265e-05
   3.45205383e+02  -8.58974527e-05
   3.45205871e+02  -5.47800391e-06
   3.45206359e+02   1.47140483e-04
   3.45206847e+02   2.45892530e-04
   3.45207336e+02   2.04274256e-04
   3.45207824e+02  -3.12173324e-05
   3.45208312e+02  -5.70942473e-04
   3.45208801e+02  -8.57364037e-04
   3.45209289e+02  -6.56894583e-04
   3.45209777e+02  -4.49811574e-04
   3.45210266e+02  -2.80408509e-04
   3.45210754e+02  -3.59197409e-04
   3.45211242e+02  -5.62611676e-04
   3.45211731e+02  -2.27822296e-04
   3.45212219e+02   2.14128275e-04
   3.45212707e+02   3.48417234e-05
   3.45213195e+02  -1.93042390e-04
   3.45213684e+02  -2.06776953e-04
   3.45214172e+02  -1.46326100e-04
   3.45214660e+02  -4.69689621e-05
   3.45215149e+02   1.86484016e-04
   3.45215637e+02   3.07228649e-04
   3.45216125e+02   1.46578343e-04
   3.45216614e+02   1.33812529e-04
   3.45217102e+02   4.97652218e-04
   3.45217590e+02   7.59764574e-04
   3.45218079e+02   5.38389315e-04
   3.45218567e+02   1.97016925e-04
   3.45219055e+02   3.88410554e-05
   3.45219543e+02  -2.12365572e-04
   3.45220032e+02  -5.49495686e-04
   3.45220520e+02  -6.97631040e-04
   3.45221008e+02  -1.58336072e-04
   3.45221497e+02   3.24848195e-04
   3.45221985e+02   2.61822919e-04
   3.45222473e+02   8.66744958e-05
   3.45222962e+02   7.59204631e-05
   3.45223450e+02   2.17463748e-04
   3.45223938e+02   2.38861525e-04
   3.45224427e+02   6.42288433e-05
   3.45224915e+02  -5.85249509e-05
   3.45225403e+02  -7.26996004e-05
   3.45225891e+02  -1.07853761e-04
   3.45226380e+02  -8.42674490e-05
   3.45226868e+02   1.68532133e-04
   3.45227356e+02   4.30834480e-04
   3.45227845e+02   4.36047063e-04
   3.45228333e+02   2.68255186e-04
   3.45228821e+02   1.55025089e-04
   3.45229310e+02   1.38525620e-05
   3.45229798e+02  -3.69489462e-05
   3.45230286e+02   1.86159930e-04
   3.45230775e+02   3.87723194e-05
   3.45231263e+02  -2.96366808e-04
   3.45231751e+02  -3.22256732e-04
   3.45232239e+02  -2.87074916e-04
   3.45232728e+02  -3.20619671e-04
   3.45233216e+02  -2.57466134e-04
   3.45233704e+02  -1.39073687e-04
   3.45234193e+02  -1.96518449e-04
   3.45234681e+02  -1.70529675e-05
   3.45235169e+02  -3.28581773e-05
   3.45235658e+02  -5.12937841e-04
   3.45236146e+02  -7.93540617e-04
   3.45236634e+02  -8.75028782e-04
   3.45237123e+02  -6.16892998e-04
   3.45237611e+02  -2.20842790e-04
   3.45238099e+02  -3.54928081e-04
   3.45238587e+02  -4.49952873e-04
   3.45239076e+02  -5.18909248e-04
   3.45239564e+02  -1.97305824e-04
   3.45240052e+02  -2.25742715e-05
   3.45240541e+02  -4.83550190e-04
   3.45241029e+02  -8.37513770e-04
   3.45241517e+02  -3.06752918e-04
   3.45242006e+02   2.74214923e-04
   3.45242494e+02   3.80722740e-05
   3.45242982e+02  -4.89861530e-04
   3.45243471e+02  -5.98772254e-04
   3.45243959e+02  -2.55149731e-04
   3.45244447e+02   1.01931430e-04
   3.45244936e+02   4.64250334e-05
   3.45245424e+02  -2.43141054e-04
   3.45245912e+02  -2.70358461e-04
   3.45246400e+02  -3.12175071e-05
   3.45246889e+02  -1.14261806e-04
   3.45247377e+02  -2.90453463e-04
   3.45247865e+02  -1.06839998e-05
   3.45248354e+02   3.36951925e-04
   3.45248842e+02   2.41727481e-04
   3.45249330e+02  -3.44217638e-04
   3.45249819e+02  -3.98774835e-04
   3.45250307e+02   1.83294338e-04
   3.45250795e+02   2.54810613e-04
   3.45251284e+02   1.03620179e-04
   3.45251772e+02   2.02827083e-04
   3.45252260e+02   1.29830398e-04
   3.45252748e+02  -1.34261732e-04
   3.45253237e+02  -6.72148890e-05
   3.45253725e+02   1.54852867e-04
   3.45254213e+02   9.34286436e-05
   3.45254702e+02   7.33108536e-05
   3.45255190e+02  -3.43705506e-05
   3.45255678e+02  -2.23497613e-04
   3.45256167e+02   1.71963220e-05
   3.45256655e+02   1.88782811e-04
   3.45257143e+02  -2.32542967e-04
   3.45257632e+02  -4.19696298e-04
   3.45258120e+02  -1.80472445e-04
   3.45258608e+02  -1.94137792e-05
   3.45259096e+02   1.35913171e-04
   3.45259585e+02   1.71914930e-04
   3.45260073e+02  -1.56107621e-04
   3.45260561e+02  -4.44843346e-04
   3.45261050e+02  -6.86383224e-04
   3.45261538e+02  -6.00155035e-04
   3.45262026e+02  -5.74329060e-05
   3.45262515e+02  -3.26098525e-05
   3.45263003e+02  -1.58051684e-04
   3.45263491e+02   1.86704317e-04
   3.45263980e+02   4.16494237e-04
   3.45264468e+02   1.42207646e-04
   3.45264956e+02  -1.50504275e-04
   3.45265444e+02  -1.91479456e-04
   3.45265933e+02   4.53130860e-06
   3.45266421e+02   5.20286500e-04
   3.45266909e+02   8.41378758e-04
   3.45267398e+02   6.75809977e-04
   3.45267886e+02   4.77854424e-04
   3.45268374e+02   2.41624919e-04
   3.45268863e+02   2.17656270e-04
   3.45269351e+02   4.79508861e-04
   3.45269839e+02   5.58571948e-04
   3.45270328e+02   2.94743804e-04
   3.45270816e+02  -1.54421330e-04
   3.45271304e+02  -3.83774284e-04
   3.45271792e+02  -2.43012240e-04
   3.45272281e+02  -2.54072856e-05
   3.45272769e+02   8.98641520e-05
   3.45273257e+02   1.95634639e-04
   3.45273746e+02   7.28576124e-05
   3.45274234e+02  -1.71129956e-04
   3.45274722e+02  -1.66386511e-04
   3.45275211e+02  -2.79252446e-04
   3.45275699e+02  -5.40561916e-04
   3.45276187e+02  -5.14218758e-04
   3.45276676e+02  -3.23165121e-04
   3.45277164e+02  -6.26622641e-05
   3.45277652e+02   2.07411023e-04
   3.45278140e+02   2.93223624e-04
   3.45278629e+02   1.43873738e-04
   3.45279117e+02   3.94412491e-05
   3.45279605e+02   4.29373795e-05
   3.45280094e+02   2.09475984e-05
   3.45280582e+02   1.17389907e-04
   3.45281070e+02   2.50810524e-04
   3.45281559e+02  -4.67698592e-05
   3.45282047e+02  -3.09291325e-04
   3.45282535e+02  -1.88433842e-04
   3.45283024e+02  -2.06468307e-04
   3.45283512e+02  -4.69463441e-04
   3.45284000e+02  -3.48869245e-04
   3.45284489e+02   9.10535382e-05
   3.45284977e+02  -2.26026659e-05
   3.45285465e+02  -5.15794556e-04
   3.45285953e+02  -6.56317512e-04
   3.45286442e+02  -4.62993106e-04
   3.45286930e+02  -1.37906653e-04
   3.45287418e+02   1.70558371e-04
   3.45287907e+02   3.66613094e-04
   3.45288395e+02   2.77846266e-04
   3.45288883e+02   4.93752086e-05
   3.45289372e+02   2.15549138e-04
   3.45289860e+02   3.36084049e-04
   3.45290348e+02   4.19265416e-05
   3.45290837e+02  -5.15404645e-05
   3.45291325e+02   8.83470493e-05
   3.45291813e+02   3.41222418e-04
   3.45292301e+02   5.66966832e-04
   3.45292790e+02   2.61320733e-04
   3.45293278e+02  -1.52668232e-04
   3.45293766e+02  -3.83694511e-04
   3.45294255e+02  -5.36721083e-04
   3.45294743e+02  -2.47403193e-04
   3.45295231e+02   2.44878669e-04
   3.45295720e+02   6.15809331e-05
   3.45296208e+02  -1.87205253e-04
   3.45296696e+02  -1.26498315e-04
   3.45297185e+02   1.04578496e-04
   3.45297673e+02  -1.11712812e-04
   3.45298161e+02  -2.98805826e-04
   3.45298649e+02   4.31193403e-05
   3.45299138e+02   2.55266088e-04
   3.45299626e+02  -2.94096412e-06
   3.45300114e+02  -1.34680027e-04
   3.45300603e+02  -7.37866212e-05
   3.45301091e+02  -3.58904421e-04
   3.45301579e+02  -5.94794459e-04
   3.45302068e+02  -3.28500988e-04
   3.45302556e+02  -2.29124256e-04
   3.45303044e+02  -7.97638058e-05
   3.45303533e+02   3.68991314e-04
   3.45304021e+02   2.76356179e-04
   3.45304509e+02  -1.63553355e-04
   3.45304997e+02  -5.71165874e-05
   3.45305486e+02   3.44247732e-04
   3.45305974e+02   5.07094490e-04
   3.45306462e+02   5.01876581e-04
   3.45306951e+02   5.18571469e-04
   3.45307439e+02   4.85814293e-04
   3.45307927e+02   2.82237335e-04
   3.45308416e+02   1.13154507e-04
   3.45308904e+02   7.02861580e-05
   3.45309392e+02   1.06222527e-04
   3.45309881e+02  -1.01779355e-04
   3.45310369e+02  -4.35659080e-04
   3.45310857e+02  -5.76152815e-04
   3.45311345e+02  -5.35369501e-04
   3.45311834e+02  -2.09341160e-04
   3.45312322e+02  -3.07347473e-05
   3.45312810e+02  -3.41034436e-04
   3.45313299e+02  -2.40922483e-04
   3.45313787e+02   2.55551131e-04
   3.45314275e+02   3.16785910e-04
   3.45314764e+02   7.98714827e-05
   3.45315252e+02   1.51077358e-04
   3.45315740e+02   5.43756723e-05
   3.45316229e+02  -1.59576142e-04
   3.45316717e+02   4.90387574e-05
   3.45317205e+02  -3.30722796e-05
   3.45317693e+02  -2.67358846e-04
   3.45318182e+02  -6.37755875e-05
   3.45318670e+02   6.70330046e-05
   3.45319158e+02   2.90331936e-05
   3.45319647e+02  -5.54569269e-05
   3.45320135e+02  -2.40759153e-04
   3.45320623e+02  -3.77854594e-04
   3.45321112e+02  -2.20317233e-04
   3.45321600e+02   1.50667416e-04
   3.45322088e+02   2.06783356e-04
   3.45322577e+02  -2.28074758e-04
   3.45323065e+02  -5.93008182e-04
   3.45323553e+02  -2.39234272e-04
   3.45324042e+02   1.21208832e-04
   3.45324530e+02  -6.79229197e-05
   3.45325018e+02  -2.29173500e-04
   3.45325506e+02  -2.88595853e-04
   3.45325995e+02  -1.81083509e-04
   3.45326483e+02   2.86969334e-05
   3.45326971e+02  -1.11842579e-04
   3.45327460e+02  -1.50265550e-04
   3.45327948e+02   4.04330858e-05
   3.45328436e+02  -1.33489193e-05
   3.45328925e+02  -4.13767411e-05
   3.45329413e+02   2.57355714e-04
   3.45329901e+02   3.67400964e-04
   3.45330390e+02   2.71303550e-04
   3.45330878e+02   3.20352643e-04
   3.45331366e+02   4.84341581e-04
   3.45331854e+02   5.15737222e-04
   3.45332343e+02   1.24704136e-04
   3.45332831e+02  -3.09956842e-04
   3.45333319e+02  -1.35634458e-04
   3.45333808e+02   1.57884060e-04
   3.45334296e+02  -3.55169213e-05
   3.45334784e+02  -1.74190674e-04
   3.45335273e+02  -3.55389711e-05
   3.45335761e+02  -2.66372517e-05
   3.45336249e+02   1.43208381e-04
   3.45336738e+02   4.70625208e-04
   3.45337226e+02   4.44324542e-04
   3.45337714e+02   2.52380269e-04
   3.45338202e+02   4.55237823e-05
   3.45338691e+02  -1.49276384e-04
   3.45339179e+02  -8.57672203e-05
   3.45339667e+02   1.54891430e-04
   3.45340156e+02   3.16427177e-04
   3.45340644e+02   3.10281903e-04
   3.45341132e+02   2.81306216e-04
   3.45341621e+02   2.53563107e-04
   3.45342109e+02   3.23245222e-05
   3.45342597e+02  -1.55348302e-04
   3.45343086e+02  -3.84306622e-04
   3.45343574e+02  -2.46063835e-04
   3.45344062e+02   2.57680746e-04
   3.45344550e+02   2.80224689e-04
   3.45345039e+02   4.20685610e-05
   3.45345527e+02  -1.60140175e-04
   3.45346015e+02  -1.02263788e-04
   3.45346504e+02   1.49131156e-04
   3.45346992e+02   3.27970512e-04
   3.45347480e+02   4.65999998e-04
   3.45347969e+02   2.30836566e-04
   3.45348457e+02  -1.27202642e-04
   3.45348945e+02   2.05003266e-06
   3.45349434e+02   1.22077268e-04
   3.45349922e+02  -1.27031381e-04
   3.45350410e+02  -3.65176791e-04
   3.45350898e+02  -2.08462836e-04
   3.45351387e+02  -1.19130469e-04
   3.45351875e+02  -3.41490886e-05
   3.45352363e+02   2.04385768e-04
   3.45352852e+02   1.54275822e-05
   3.45353340e+02  -2.83204368e-04
   3.45353828e+02  -1.15635470e-04
   3.45354317e+02   2.22095929e-04
   3.45354805e+02   4.50170279e-04
   3.45355293e+02   8.84317327e-04
   3.45355782e+02   5.80139167e-04
   3.45356270e+02   2.48275956e-05
   3.45356758e+02  -3.58016841e-04
   3.45357246e+02  -2.55243009e-04
   3.45357735e+02  -7.42212069e-05
   3.45358223e+02  -1.54088440e-04
   3.45358711e+02  -1.07690343e-04
   3.45359200e+02  -2.31412108e-04
   3.45359688e+02  -3.35288962e-04
   3.45360176e+02  -5.58893880e-05
   3.45360665e+02   1.82337593e-04
   3.45361153e+02   3.00775981e-04
   3.45361641e+02   2.81072920e-04
   3.45362130e+02   2.02711875e-04
   3.45362618e+02  -5.32912891e-05
   3.45363106e+02  -2.00770883e-04
   3.45363595e+02  -9.86120140e-05
   3.45364083e+02  -1.26712941e-04
   3.45364571e+02  -1.42050612e-05
   3.45365059e+02   3.92706570e-04
   3.45365548e+02   6.50180678e-04
   3.45366036e+02   5.33402024e-04
   3.45366524e+02   1.33444977e-04
   3.45367013e+02   9.32386974e-05
   3.45367501e+02   2.77474028e-04
   3.45367989e+02   4.26647648e-06
   3.45368478e+02  -2.50990008e-04
   3.45368966e+02  -1.36383998e-04
   3.45369454e+02   1.47002545e-04
   3.45369943e+02   2.59319786e-04
   3.45370431e+02   2.69910452e-05
   3.45370919e+02  -2.35279396e-04
   3.45371407e+02  -3.75335338e-04
   3.45371896e+02  -3.64390435e-04
   3.45372384e+02  -1.60651805e-04
   3.45372872e+02  -6.24815293e-05
   3.45373361e+02   9.27666042e-05
   3.45373849e+02   3.01233988e-04
   3.45374337e+02   2.53571750e-04
   3.45374826e+02   1.96042922e-04
   3.45375314e+02   2.55877880e-04
   3.45375802e+02   1.98697904e-04
   3.45376291e+02   2.87560571e-04
   3.45376779e+02   3.95248382e-04
   3.45377267e+02   2.83961796e-04
   3.45377755e+02   1.45485668e-04
   3.45378244e+02   1.12841386e-04
   3.45378732e+02   1.56291062e-04
   3.45379220e+02   3.41328887e-05
   3.45379709e+02  -5.61893539e-05
   3.45380197e+02   1.16806790e-04
   3.45380685e+02   1.84871780e-04
   3.45381174e+02   4.33480927e-05
   3.45381662e+02  -3.36731900e-05
   3.45382150e+02   1.36873190e-04
   3.45382639e+02  -1.09035036e-05
   3.45383127e+02  -3.33111646e-04
   3.45383615e+02  -1.22241880e-04
   3.45384103e+02   3.50021379e-04
   3.45384592e+02   3.49412207e-04
   3.45385080e+02   3.30722367e-04
   3.45385568e+02   3.60134291e-04
   3.45386057e+02  -7.28557570e-05
   3.45386545e+02  -1.03833605e-04
   3.45387033e+02   2.50941725e-04
   3.45387522e+02   1.00076300e-04
   3.45388010e+02  -1.77629379e-04
   3.45388498e+02  -2.90262775e-04
   3.45388987e+02  -1.26321625e-04
   3.45389475e+02   1.65914011e-04
   3.45389963e+02   3.12269876e-05
   3.45390451e+02  -2.52673897e-04
   3.45390940e+02  -1.75243113e-04
   3.45391428e+02  -3.10185760e-06
   3.45391916e+02  -2.65848794e-05
   3.45392405e+02  -4.65759285e-06
   3.45392893e+02   2.64107453e-04
   3.45393381e+02   3.67127039e-04
   3.45393870e+02   2.79754197e-04
   3.45394358e+02   1.60133321e-04
   3.45394846e+02   1.50991909e-04
   3.45395335e+02   4.63659147e-04
   3.45395823e+02   6.74788433e-04
   3.45396311e+02   5.05655014e-04
   3.45396799e+02   2.61544570e-04
   3.45397288e+02  -9.38542216e-05
   3.45397776e+02  -1.90284976e-04
   3.45398264e+02  -2.31309445e-04
   3.45398753e+02  -2.69022712e-04
   3.45399241e+02  -1.05664985e-04
   3.45399729e+02  -5.70611119e-05
   3.45400218e+02  -2.67291466e-06
   3.45400706e+02  -2.82935594e-06
   3.45401194e+02  -1.28635962e-04
   3.45401683e+02  -2.02477648e-04
   3.45402171e+02  -3.42726620e-04
   3.45402659e+02  -3.99682234e-04
   3.45403147e+02  -4.90706938e-04
   3.45403636e+02  -6.01447187e-04
   3.45404124e+02  -2.52406724e-04
   3.45404612e+02   4.14306305e-05
   3.45405101e+02   5.14402609e-06
   3.45405589e+02   9.13699041e-05
   3.45406077e+02   1.69244755e-04
   3.45406566e+02  -2.63362472e-05
   3.45407054e+02  -2.62887828e-04
   3.45407542e+02  -3.08853865e-04
   3.45408031e+02  -1.62646407e-04
   3.45408519e+02  -2.60636618e-04
   3.45409007e+02  -1.58128736e-04
   3.45409496e+02   3.43376654e-04
   3.45409984e+02   5.95047604e-04
   3.45410472e+02   5.79133222e-04
   3.45410960e+02   4.60094365e-04
   3.45411449e+02   7.87739118e-05
   3.45411937e+02  -1.76358531e-04
   3.45412425e+02   4.15754803e-05
   3.45412914e+02   3.29841510e-04
   3.45413402e+02   3.45667009e-04
   3.45413890e+02   1.78946488e-04
   3.45414379e+02  -1.13306109e-04
   3.45414867e+02  -2.92732817e-04
   3.45415355e+02  -1.03389968e-04
   3.45415844e+02  -3.08683739e-05
   3.45416332e+02  -2.54589704e-05
   3.45416820e+02   1.88951803e-04
   3.45417308e+02   1.99023096e-04
   3.45417797e+02  -2.13435487e-04
   3.45418285e+02  -2.58760963e-04
   3.45418773e+02   3.23816232e-04
   3.45419262e+02   6.62781764e-04
   3.45419750e+02   3.67074710e-04
   3.45420238e+02   7.10305612e-05
   3.45420727e+02   3.75856849e-04
   3.45421215e+02   6.32707612e-04
   3.45421703e+02   2.81202229e-04
   3.45422192e+02   6.44842148e-05
   3.45422680e+02   3.50358052e-04
   3.45423168e+02   2.44415685e-04
   3.45423656e+02  -2.09888996e-04
   3.45424145e+02  -1.88878766e-04
   3.45424633e+02  -3.28174829e-05
   3.45425121e+02   6.68209905e-05
   3.45425610e+02   2.68019416e-04
   3.45426098e+02   3.71553120e-04
   3.45426586e+02   1.57471950e-04
   3.45427075e+02  -1.41276338e-04
   3.45427563e+02  -3.49422480e-04
   3.45428051e+02  -4.52330249e-04
   3.45428540e+02  -2.52284139e-04
   3.45429028e+02  -1.84885401e-04
   3.45429516e+02  -5.90502226e-04
   3.45430004e+02  -6.72920782e-04
   3.45430493e+02  -3.43374035e-04
   3.45430981e+02  -3.39265447e-04
   3.45431469e+02  -5.15799271e-04
   3.45431958e+02  -4.82334377e-04
   3.45432446e+02  -4.76572954e-04
   3.45432934e+02  -4.67305101e-04
   3.45433423e+02  -3.74644995e-04
   3.45433911e+02  -2.56315921e-04
   3.45434399e+02  -2.21382157e-04
   3.45434888e+02  -3.64233856e-04
   3.45435376e+02  -5.17324195e-04
   3.45435864e+02  -2.63586426e-05
   3.45436352e+02   6.73723116e-04
   3.45436841e+02   5.74650767e-04
   3.45437329e+02  -7.38734743e-05
   3.45437817e+02  -2.83601315e-04
   3.45438306e+02  -2.36198912e-06
   3.45438794e+02   1.85258061e-04
   3.45439282e+02   3.12902630e-05
   3.45439771e+02  -2.53833103e-04
   3.45440259e+02  -4.05776693e-04
   3.45440747e+02  -1.43370708e-04
   3.45441236e+02   3.57693469e-04
   3.45441724e+02   4.04994644e-04
   3.45442212e+02   1.19241216e-04
   3.45442700e+02  -9.39265738e-06
   3.45443189e+02   3.74947231e-05
   3.45443677e+02   2.44016002e-04
   3.45444165e+02   2.07482866e-04
   3.45444654e+02  -1.34459682e-04
   3.45445142e+02  -3.32377705e-04
   3.45445630e+02  -5.25343989e-04
   3.45446119e+02  -5.51662524e-04
   3.45446607e+02  -3.00415413e-04
   3.45447095e+02  -3.60823004e-04
   3.45447584e+02  -5.34563791e-04
   3.45448072e+02  -6.20517880e-04
   3.45448560e+02  -6.12325268e-04
   3.45449049e+02  -3.50774470e-04
   3.45449537e+02  -4.43241879e-05
   3.45450025e+02  -2.00042268e-04
   3.45450513e+02  -4.00971010e-04
   3.45451002e+02  -2.01827817e-04
   3.45451490e+02  -3.43830499e-04
   3.45451978e+02  -4.17414791e-04
   3.45452467e+02  -1.49215979e-04
   3.45452955e+02  -3.73987365e-04
   3.45453443e+02  -3.76110926e-04
   3.45453932e+02   1.77314549e-04
   3.45454420e+02   2.32200415e-04
   3.45454908e+02  -1.87880389e-04
   3.45455397e+02  -4.54210094e-04
   3.45455885e+02  -4.63999866e-04
   3.45456373e+02  -3.57180688e-04
   3.45456861e+02  -1.28027154e-04
   3.45457350e+02   1.62949160e-04
   3.45457838e+02   2.77353189e-04
   3.45458326e+02   2.75317783e-04
   3.45458815e+02  -2.38422199e-05
   3.45459303e+02  -3.56906414e-04
   3.45459791e+02  -6.27389643e-04
   3.45460280e+02  -6.90393499e-04
   3.45460768e+02  -5.26978634e-04
   3.45461256e+02  -2.85249203e-04
   3.45461745e+02   4.44409889e-05
   3.45462233e+02   3.15541954e-04
   3.45462721e+02   3.14105215e-04
   3.45463209e+02   1.95063272e-04
   3.45463698e+02  -1.05358558e-04
   3.45464186e+02  -2.65307463e-04
   3.45464674e+02  -1.87007372e-05
   3.45465163e+02   7.90834092e-05
   3.45465651e+02  -8.47448464e-05
   3.45466139e+02  -3.11506796e-04
   3.45466628e+02  -3.57531331e-04
   3.45467116e+02  -2.22148141e-04
   3.45467604e+02  -1.33756228e-04
   3.45468093e+02  -1.72301632e-04
   3.45468581e+02  -1.83907541e-04
   3.45469069e+02  -7.79395559e-05
   3.45469557e+02  -6.19072089e-05
   3.45470046e+02   7.85852444e-06
   3.45470534e+02   2.91830598e-04
   3.45471022e+02   3.59364320e-04
   3.45471511e+02   9.80036930e-05
   3.45471999e+02   3.88810295e-05
   3.45472487e+02  -3.38080717e-05
   3.45472976e+02   5.20116082e-05
   3.45473464e+02   2.53887498e-04
   3.45473952e+02   2.69574608e-04
   3.45474441e+02   1.65015023e-04
   3.45474929e+02   2.43723349e-04
   3.45475417e+02   2.08382684e-04
   3.45475905e+02  -4.35440343e-05
   3.45476394e+02  -1.00010206e-04
   3.45476882e+02  -2.67042524e-05
   3.45477370e+02   5.91290373e-05
   3.45477859e+02  -5.20188332e-05
   3.45478347e+02  -1.53222543e-04
   3.45478835e+02   1.46045772e-04
   3.45479324e+02   4.77125519e-04
   3.45479812e+02   5.35797037e-04
   3.45480300e+02   1.90718332e-04
   3.45480789e+02  -1.66458020e-04
   3.45481277e+02  -1.78412331e-04
   3.45481765e+02  -1.73723765e-05
   3.45482253e+02   1.62248267e-04
   3.45482742e+02   1.79481634e-04
   3.45483230e+02   2.28383469e-05
   3.45483718e+02  -2.97718710e-04
   3.45484207e+02  -4.75129724e-04
   3.45484695e+02  -5.51387551e-04
   3.45485183e+02  -3.79725709e-04
   3.45485672e+02  -4.48138599e-05
   3.45486160e+02  -8.41557412e-05
   3.45486648e+02  -4.57793270e-04
   3.45487137e+02  -7.46335543e-04
   3.45487625e+02  -5.48605924e-04
   3.45488113e+02  -4.25635299e-05
   3.45488602e+02   2.25169264e-04
   3.45489090e+02   1.65668665e-04
   3.45489578e+02   1.75390465e-04
   3.45490066e+02   3.33607954e-04
   3.45490555e+02   2.50429119e-04
   3.45491043e+02  -2.01441304e-04
   3.45491531e+02  -3.77587887e-04
   3.45492020e+02  -1.22857513e-04
   3.45492508e+02  -7.26476355e-05
   3.45492996e+02  -2.06495606e-04
   3.45493485e+02   4.27915838e-05
   3.45493973e+02   5.17878099e-04
   3.45494461e+02   5.78220584e-04
   3.45494950e+02   3.77789809e-04
   3.45495438e+02   1.47482016e-04
   3.45495926e+02  -5.13493433e-05
   3.45496414e+02  -2.94261234e-04
   3.45496903e+02  -2.50669982e-04
   3.45497391e+02  -4.31653134e-05
   3.45497879e+02  -2.09507300e-04
   3.45498368e+02  -5.73267229e-04
   3.45498856e+02  -8.18924978e-04
   3.45499344e+02  -6.07417722e-04
   3.45499833e+02  -3.49083391e-04
   3.45500321e+02  -2.29076861e-04
   3.45500809e+02   3.13056080e-05
   3.45501298e+02   1.12649665e-04
   3.45501786e+02  -2.76834238e-04
   3.45502274e+02  -5.46185649e-04
   3.45502762e+02  -4.66614641e-04
   3.45503251e+02  -3.68492969e-04
   3.45503739e+02  -2.74921855e-04
   3.45504227e+02  -1.91265615e-04
   3.45504716e+02   1.10852830e-04
   3.45505204e+02   5.09238511e-04
   3.45505692e+02   4.45056008e-04
   3.45506181e+02  -8.73855170e-05
   3.45506669e+02  -3.93468217e-04
   3.45507157e+02  -4.19684162e-04
   3.45507646e+02  -4.51933767e-04
   3.45508134e+02  -2.39472502e-04
   3.45508622e+02   6.61877741e-04
   3.45509110e+02   1.85869157e-03
   3.45509599e+02   3.85402306e-03
   3.45510087e+02   8.84263963e-03
   3.45510575e+02   1.88046843e-02
   3.45511064e+02   3.75377312e-02
   3.45511552e+02   6.67073503e-02
   3.45512040e+02   1.07529931e-01
   3.45512529e+02   1.50670826e-01
   3.45513017e+02   1.79325551e-01
   3.45513505e+02   1.86436042e-01
   3.45513994e+02   1.83517903e-01
   3.45514482e+02   1.57454744e-01
   3.45514970e+02   1.40481040e-01
   3.45515458e+02   1.18780725e-01
   3.45515947e+02   1.10784858e-01
   3.45516435e+02   9.49653015e-02
   3.45516923e+02   7.14822933e-02
   3.45517412e+02   7.79628828e-02
   3.45517900e+02   7.10202530e-02
   3.45518388e+02   6.65152222e-02
   3.45518877e+02   9.69112292e-02
   3.45519365e+02   1.06294207e-01
   3.45519853e+02   1.67436421e-01
   3.45520342e+02   1.74950942e-01
   3.45520830e+02   1.94559813e-01
   3.45521318e+02   2.02940866e-01
   3.45521806e+02   2.18572870e-01
   3.45522295e+02   2.33093351e-01
   3.45522783e+02   2.43286401e-01
   3.45523271e+02   2.45419830e-01
   3.45523760e+02   2.41290957e-01
   3.45524248e+02   2.35400215e-01
   3.45524736e+02   2.18067199e-01
   3.45525225e+02   1.92827418e-01
   3.45525713e+02   1.60772249e-01
   3.45526201e+02   1.25853494e-01
   3.45526690e+02   1.00449823e-01
   3.45527178e+02   7.95436203e-02
   3.45527666e+02   6.60780743e-02
   3.45528155e+02   5.63714206e-02
   3.45528643e+02   5.29335886e-02
   3.45529131e+02   4.94584590e-02
   3.45529619e+02   4.68902215e-02
   3.45530108e+02   4.45968397e-02
   3.45530596e+02   4.22965772e-02
   3.45531084e+02   3.91599797e-02
   3.45531573e+02   3.71692255e-02
   3.45532061e+02   3.54725420e-02
   3.45532549e+02   3.36242504e-02
   3.45533038e+02   3.18607353e-02
   3.45533526e+02   2.97444239e-02
   3.45534014e+02   2.78378390e-02
   3.45534503e+02   2.64051799e-02
   3.45534991e+02   2.46883538e-02
   3.45535479e+02   2.28212699e-02
   3.45535967e+02   2.13610511e-02
   3.45536456e+02   2.01356784e-02
   3.45536944e+02   1.88847166e-02
   3.45537432e+02   1.76194515e-02
   3.45537921e+02   1.65956002e-02
   3.45538409e+02   1.55559713e-02
   3.45538897e+02   1.43571710e-02
   3.45539386e+02   1.34690311e-02
   3.45539874e+02   1.27352383e-02
   3.45540362e+02   1.18337590e-02
   3.45540851e+02   1.11225303e-02
   3.45541339e+02   1.09273363e-02
   3.45541827e+02   1.04771294e-02
   3.45542315e+02   9.69281327e-03
   3.45542804e+02   9.55729373e-03
   3.45543292e+02   9.65421926e-03
   3.45543780e+02   8.82564392e-03
   3.45544269e+02   7.84998946e-03
   3.45544757e+02   7.26436917e-03
   3.45545245e+02   6.96090423e-03
   3.45545734e+02   6.81315828e-03
   3.45546222e+02   6.53255219e-03
   3.45546710e+02   5.96567476e-03
   3.45547199e+02   5.36827836e-03
   3.45547687e+02   5.01252385e-03
   3.45548175e+02   5.16650360e-03
   3.45548663e+02   5.31736482e-03
   3.45549152e+02   5.18659828e-03
   3.45549640e+02   5.13002882e-03
   3.45550128e+02   4.97900741e-03
   3.45550617e+02   4.69375588e-03
   3.45551105e+02   4.47228458e-03
   3.45551593e+02   4.19945456e-03
   3.45552082e+02   3.82501329e-03
   3.45552570e+02   3.67056206e-03
   3.45553058e+02   3.75606259e-03
   3.45553547e+02   3.79159022e-03
   3.45554035e+02   3.61481332e-03
   3.45554523e+02   3.35178361e-03
   3.45555011e+02   3.24835978e-03
   3.45555500e+02   3.56051233e-03
   3.45555988e+02   3.72684444e-03
   3.45556476e+02   3.40735400e-03
   3.45556965e+02   2.70237657e-03
   3.45557453e+02   2.39274837e-03
   3.45557941e+02   2.59020040e-03
   3.45558430e+02   2.63258535e-03
   3.45558918e+02   2.68530799e-03
   3.45559406e+02   2.84242374e-03
   3.45559895e+02   2.76249414e-03
   3.45560383e+02   2.67237355e-03
   3.45560871e+02   2.74216407e-03
   3.45561359e+02   2.98071280e-03
   3.45561848e+02   2.91228434e-03
   3.45562336e+02   2.36411020e-03
   3.45562824e+02   2.04529287e-03
   3.45563313e+02   2.22899322e-03
   3.45563801e+02   2.63441028e-03
   3.45564289e+02   2.94212648e-03
   3.45564778e+02   2.89029605e-03
   3.45565266e+02   2.53461767e-03
   3.45565754e+02   2.35432922e-03
   3.45566243e+02   2.67731561e-03
   3.45566731e+02   2.80379248e-03
   3.45567219e+02   2.53908709e-03
   3.45567708e+02   2.42658006e-03
   3.45568196e+02   2.32960819e-03
   3.45568684e+02   2.31695664e-03
   3.45569172e+02   2.13933084e-03
   3.45569661e+02   1.94130035e-03
   3.45570149e+02   2.05985527e-03
   3.45570637e+02   2.21394142e-03
   3.45571126e+02   2.12280895e-03
   3.45571614e+02   2.10197619e-03
   3.45572102e+02   2.30339658e-03
   3.45572591e+02   2.45231926e-03
   3.45573079e+02   2.31586164e-03
   3.45573567e+02   2.10898626e-03
   3.45574056e+02   1.86823192e-03
   3.45574544e+02   1.67813990e-03
   3.45575032e+02   1.79932499e-03
   3.45575520e+02   1.79822312e-03
   3.45576009e+02   1.39777246e-03
   3.45576497e+02   1.42526615e-03
   3.45576985e+02   1.61436247e-03
   3.45577474e+02   1.51756080e-03
   3.45577962e+02   1.36175076e-03
   3.45578450e+02   1.20473874e-03
   3.45578939e+02   1.24088197e-03
   3.45579427e+02   1.15854014e-03
   3.45579915e+02   1.13473262e-03
   3.45580404e+02   1.29817391e-03
   3.45580892e+02   1.51650980e-03
   3.45581380e+02   1.68555032e-03
   3.45581868e+02   1.40459859e-03
   3.45582357e+02   1.05256017e-03
   3.45582845e+02   9.28354682e-04
   3.45583333e+02   1.07877422e-03
   3.45583822e+02   1.46943086e-03
   3.45584310e+02   1.54459081e-03
   3.45584798e+02   1.43033231e-03
   3.45585287e+02   1.69925962e-03
   3.45585775e+02   1.36879273e-03
   3.45586263e+02   1.03630510e-03
   3.45586752e+02   1.38109038e-03
   3.45587240e+02   1.30094599e-03
   3.45587728e+02   6.55294396e-04
   3.45588216e+02   6.59634010e-04
   3.45588705e+02   9.95535054e-04
   3.45589193e+02   1.31535984e-03
   3.45589681e+02   1.11730385e-03
   3.45590170e+02   8.89550254e-04
   3.45590658e+02   6.38778612e-04
   3.45591146e+02   7.52468943e-04
   3.45591635e+02   9.68620065e-04
   3.45592123e+02   9.14440257e-04
   3.45592611e+02   1.11498463e-03
   3.45593100e+02   1.36316998e-03
   3.45593588e+02   1.11716695e-03
   3.45594076e+02   7.49434927e-04
   3.45594564e+02   8.09344638e-04
   3.45595053e+02   7.88441394e-04
   3.45595541e+02   6.82236976e-04
   3.45596029e+02   3.78334109e-04
   3.45596518e+02  -1.57628747e-04
   3.45597006e+02   7.28312662e-05
   3.45597494e+02   6.43929350e-04
   3.45597983e+02   9.56703851e-04
   3.45598471e+02   1.03542954e-03
   3.45598959e+02   7.14974769e-04
   3.45599448e+02   6.10281015e-04
   3.45599936e+02   7.21815100e-04
   3.45600424e+02   6.05867303e-04
   3.45600912e+02   5.35327476e-04
   3.45601401e+02   5.34604653e-04
   3.45601889e+02   5.71349810e-04
   3.45602377e+02   5.59694890e-04
   3.45602866e+02   4.89532074e-04
   3.45603354e+02   3.34303273e-04
   3.45603842e+02   1.75439491e-04
   3.45604331e+02   4.54792491e-04
   3.45604819e+02   9.02295753e-04
   3.45605307e+02   9.52378730e-04
   3.45605796e+02   7.60148105e-04
   3.45606284e+02   5.95337420e-04
   3.45606772e+02   2.16282468e-04
   3.45607261e+02  -2.35413645e-05
   3.45607749e+02  -1.59151641e-05
   3.45608237e+02   4.99915550e-05
   3.45608725e+02   2.63194437e-04
   3.45609214e+02   5.33759128e-04
   3.45609702e+02   5.28301520e-04
   3.45610190e+02   1.48067265e-04
   3.45610679e+02   4.55844020e-05
   3.45611167e+02   3.18322913e-04
   3.45611655e+02   9.94172733e-05
   3.45612144e+02  -5.77330648e-05
   3.45612632e+02   2.10171842e-04
   3.45613120e+02   3.42263171e-04
   3.45613609e+02   2.61464796e-04
   3.45614097e+02   1.55900474e-04
   3.45614585e+02   1.11827118e-04
   3.45615073e+02   7.22483965e-05
   3.45615562e+02   1.69347288e-04
   3.45616050e+02   2.45768984e-04
   3.45616538e+02   1.96550929e-04
   3.45617027e+02   1.55736241e-04
   3.45617515e+02   3.47122295e-05
   3.45618003e+02  -7.16270297e-05
   3.45618492e+02  -1.12404210e-04
   3.45618980e+02  -2.38990979e-04
   3.45619468e+02  -1.99544840e-04
   3.45619957e+02  -2.89973541e-05
   3.45620445e+02   8.03738803e-05
   3.45620933e+02   2.41039845e-04
   3.45621421e+02   1.93808242e-04
   3.45621910e+02  -5.58013890e-05
   3.45622398e+02   1.48411564e-05
   3.45622886e+02   1.04063620e-05
   3.45623375e+02  -5.65946320e-05
   3.45623863e+02   9.11843454e-05
   3.45624351e+02   2.28309567e-04
   3.45624840e+02   2.01159564e-04
   3.45625328e+02   1.16143732e-04
   3.45625816e+02   1.27486681e-04
   3.45626305e+02   9.83884747e-05
   3.45626793e+02   4.18601521e-05
   3.45627281e+02  -2.11899751e-04
   3.45627769e+02  -4.32287343e-04
   3.45628258e+02  -2.39474321e-04
   3.45628746e+02  -9.91188645e-05
   3.45629234e+02  -1.92513126e-05
   3.45629723e+02   1.86072604e-04
   3.45630211e+02   1.74531640e-04
   3.45630699e+02  -1.00224817e-04
   3.45631188e+02  -8.48075797e-05
   3.45631676e+02  -8.58399144e-05
   3.45632164e+02  -2.71334924e-04
   3.45632653e+02  -8.96513375e-05
   3.45633141e+02   2.40905865e-04
   3.45633629e+02   6.27548259e-04
   3.45634117e+02   8.04317417e-04
   3.45634606e+02   4.90594073e-04
   3.45635094e+02   1.12212641e-04
   3.45635582e+02  -1.91397470e-04
   3.45636071e+02  -2.89644086e-04
   3.45636559e+02   2.03822892e-05
   3.45637047e+02   4.53424465e-04
   3.45637536e+02   5.01315459e-04
   3.45638024e+02   1.68925762e-04
   3.45638512e+02  -7.26462167e-05
   3.45639001e+02  -6.69585934e-05
   3.45639489e+02   9.86305677e-05
   3.45639977e+02   2.82576395e-04
   3.45640465e+02   6.29780698e-04
   3.45640954e+02   5.51267702e-04
   3.45641442e+02  -1.73198878e-05
   3.45641930e+02  -2.39889123e-04
   3.45642419e+02  -1.11927046e-04
   3.45642907e+02   4.39567229e-05
   3.45643395e+02   3.13149852e-04
   3.45643884e+02   1.95956105e-04
   3.45644372e+02  -9.37254881e-05
   3.45644860e+02   1.58495779e-04
   3.45645349e+02   3.17470694e-04
   3.45645837e+02  -3.28257993e-05
   3.45646325e+02  -2.86477676e-04
   3.45646814e+02  -2.32888138e-04
   3.45647302e+02  -3.01731216e-05
   3.45647790e+02   2.42341612e-05
   3.45648278e+02  -3.69379704e-05
   3.45648767e+02  -3.52576644e-05
   3.45649255e+02  -4.48048449e-05
   3.45649743e+02   5.77142018e-05
   3.45650232e+02   1.37001130e-04
   3.45650720e+02   2.41218222e-04
   3.45651208e+02   8.11660721e-05
   3.45651697e+02  -2.26407996e-04
   3.45652185e+02  -3.05329922e-05
   3.45652673e+02   9.61686310e-05
   3.45653162e+02  -2.82091700e-04
   3.45653650e+02  -6.34129508e-04
   3.45654138e+02  -6.25187182e-04
   3.45654626e+02  -2.73351878e-04
   3.45655115e+02   1.37590803e-04
   3.45655603e+02   2.09500984e-04
   3.45656091e+02   7.27579318e-05
   3.45656580e+02   1.44609203e-05
   3.45657068e+02  -8.02086288e-05
   3.45657556e+02   3.58995858e-05
   3.45658045e+02   3.31565941e-04
   3.45658533e+02   5.51776786e-04
   3.45659021e+02   4.38970921e-04
   3.45659510e+02   2.69523371e-05
   3.45659998e+02  -1.03161976e-04
   3.45660486e+02   1.56796916e-04
   3.45660974e+02   2.52010941e-04
   3.45661463e+02   2.19694499e-04
   3.45661951e+02   3.11793119e-04
   3.45662439e+02   3.43066291e-04
   3.45662928e+02   3.04948684e-04
   3.45663416e+02   3.16858583e-04
   3.45663904e+02   7.06112914e-05
   3.45664393e+02  -2.53416831e-04
   3.45664881e+02  -3.81141668e-04
   3.45665369e+02  -3.13389202e-04
   3.45665858e+02  -1.89857354e-04
   3.45666346e+02  -1.33784910e-04
   3.45666834e+02  -7.16543582e-05
   3.45667322e+02   1.79021081e-04
   3.45667811e+02   3.91031062e-04
   3.45668299e+02   3.87306354e-04
   3.45668787e+02   2.52238882e-04
   3.45669276e+02   2.40872410e-04
   3.45669764e+02   4.40998178e-04
   3.45670252e+02   7.56295805e-04
   3.45670741e+02   7.82187097e-04
   3.45671229e+02   3.01439839e-04
   3.45671717e+02  -2.18414061e-04
   3.45672206e+02  -2.99342355e-04
   3.45672694e+02  -3.24006280e-04
   3.45673182e+02  -1.63467150e-04
   3.45673670e+02   1.71806387e-04
   3.45674159e+02   2.46513344e-04
   3.45674647e+02   1.37133204e-04
   3.45675135e+02  -1.24023150e-04
   3.45675624e+02  -2.13708205e-04
   3.45676112e+02   1.34007510e-04
   3.45676600e+02   2.59551423e-04
   3.45677089e+02  -1.17890362e-04
   3.45677577e+02  -3.81560676e-04
   3.45678065e+02  -3.36712779e-04
   3.45678554e+02  -1.13998190e-04
   3.45679042e+02  -3.29447030e-05
   3.45679530e+02  -1.57306305e-04
   3.45680018e+02  -1.29491367e-04
   3.45680507e+02  -1.31178909e-04
   3.45680995e+02  -2.00450653e-04
   3.45681483e+02  -1.07320600e-04
   3.45681972e+02  -7.76514280e-05
   3.45682460e+02  -2.33632105e-04
   3.45682948e+02  -3.24711466e-04
   3.45683437e+02  -9.97679817e-05
   3.45683925e+02  -6.17860178e-06
   3.45684413e+02  -2.63057183e-04
   3.45684902e+02  -2.47965654e-04
   3.45685390e+02  -1.62775978e-05
   3.45685878e+02  -4.30889922e-05
   3.45686367e+02  -1.55442845e-04
   3.45686855e+02  -1.21507022e-04
   3.45687343e+02   2.13937543e-04
   3.45687831e+02   3.87493434e-04
   3.45688320e+02  -1.76184039e-04
   3.45688808e+02  -7.23614125e-04
   3.45689296e+02  -6.68777153e-04
   3.45689785e+02  -2.39167479e-04
   3.45690273e+02   3.56113960e-05
   3.45690761e+02  -2.31378930e-04
   3.45691250e+02  -4.33050038e-04
   3.45691738e+02  -3.31630181e-05
   3.45692226e+02   4.46564780e-04
   3.45692715e+02   4.25784645e-04
   3.45693203e+02   2.24182193e-04
   3.45693691e+02   1.61918026e-04
   3.45694179e+02   1.76121568e-04
   3.45694668e+02   1.37519382e-04
   3.45695156e+02  -1.52036679e-04
   3.45695644e+02  -4.97509143e-04
   3.45696133e+02  -4.13974718e-04
   3.45696621e+02   2.52202499e-05
   3.45697109e+02   1.13589180e-04
   3.45697598e+02  -3.48552043e-04
   3.45698086e+02  -3.30523413e-04
   3.45698574e+02   1.45639380e-04
   3.45699063e+02   1.58731025e-04
   3.45699551e+02  -3.04634796e-06
   3.45700039e+02  -6.09209292e-06
   3.45700527e+02  -2.11074832e-04
   3.45701016e+02  -4.86907840e-04
   3.45701504e+02  -2.52711674e-04
   3.45701992e+02   2.25211610e-04
   3.45702481e+02   3.56264354e-04
   3.45702969e+02   2.12694824e-04
   3.45703457e+02  -1.96642141e-05
   3.45703946e+02  -1.45810889e-04
   3.45704434e+02  -2.30505233e-04
   3.45704922e+02  -4.08055261e-04
   3.45705411e+02  -3.01479973e-04
   3.45705899e+02   9.67209144e-06
   3.45706387e+02   1.10660199e-04
   3.45706875e+02   5.17406908e-04
   3.45707364e+02   3.66495515e-04
   3.45707852e+02   1.42315030e-05
   3.45708340e+02  -1.40458986e-04
   3.45708829e+02   9.25677614e-06
   3.45709317e+02   1.69918218e-04
   3.45709805e+02   5.49766584e-04
   3.45710294e+02   6.39603531e-04
   3.45710782e+02   1.71696709e-04
   3.45711270e+02  -2.35610976e-04
   3.45711759e+02  -2.96242273e-04
   3.45712247e+02  -1.79469265e-04
   3.45712735e+02   1.61382104e-05
   3.45713223e+02   3.34399054e-04
   3.45713712e+02   2.47258315e-04
   3.45714200e+02  -8.24090675e-05
   3.45714688e+02   6.44563115e-05
   3.45715177e+02   2.00422000e-04
   3.45715665e+02  -4.42388482e-05
   3.45716153e+02  -1.28082029e-04
   3.45716642e+02  -9.35610501e-07
   3.45717130e+02   8.81470987e-05
   3.45717618e+02   5.20584326e-05
   3.45718107e+02  -4.37524577e-05
   3.45718595e+02  -1.07858512e-04
   3.45719083e+02  -1.98104201e-04
   3.45719571e+02  -2.87111441e-04
   3.45720060e+02  -2.06544370e-04
   3.45720548e+02  -2.60000979e-05
   3.45721036e+02  -1.62539640e-04
   3.45721525e+02  -1.91517072e-04
   3.45722013e+02   3.09367082e-04
   3.45722501e+02   5.76686638e-04
   3.45722990e+02   5.07700606e-04
   3.45723478e+02   4.14488808e-04
   3.45723966e+02   4.40581032e-04
   3.45724455e+02   6.14849327e-04
   3.45724943e+02   6.38370810e-04
   3.45725431e+02   5.84616908e-04
   3.45725920e+02   5.83668123e-04
   3.45726408e+02   3.98588018e-04
   3.45726896e+02   2.58642453e-04
   3.45727384e+02   2.44919211e-04
   3.45727873e+02  -8.63096284e-06
   3.45728361e+02  -3.77393619e-04
   3.45728849e+02  -2.25410695e-04
   3.45729338e+02   1.30416418e-04
   3.45729826e+02  -1.17245458e-04
   3.45730314e+02  -3.67183326e-04
   3.45730803e+02   6.94666014e-05
   3.45731291e+02   2.97226157e-04
   3.45731779e+02   1.59324445e-05
   3.45732268e+02  -1.66710786e-04
   3.45732756e+02  -1.63153571e-04
   3.45733244e+02  -1.16666663e-04
   3.45733732e+02  -1.20668257e-04
   3.45734221e+02   1.63875720e-05
   3.45734709e+02   1.83234457e-04
   3.45735197e+02   1.83575714e-04
   3.45735686e+02   1.26430559e-05
   3.45736174e+02  -1.54300433e-04
   3.45736662e+02   2.53243365e-06
   3.45737151e+02   1.16471747e-04
   3.45737639e+02  -1.26948609e-04
   3.45738127e+02  -2.10894956e-04
   3.45738616e+02  -2.01788003e-04
   3.45739104e+02  -4.74142929e-04
   3.45739592e+02  -6.11288531e-04
   3.45740080e+02  -1.85886747e-04
   3.45740569e+02   1.56645576e-04
   3.45741057e+02   3.18569146e-05
   3.45741545e+02  -1.98660156e-04
   3.45742034e+02  -1.59810021e-04
   3.45742522e+02   1.26168830e-04
   3.45743010e+02   2.15289387e-04
   3.45743499e+02  -1.54175887e-05
   3.45743987e+02   3.89452907e-05
   3.45744475e+02   3.81248101e-04
   3.45744964e+02   2.86406721e-04
   3.45745452e+02   8.24365779e-05
   3.45745940e+02   1.30831395e-04
   3.45746428e+02  -2.12769621e-04
   3.45746917e+02  -4.28077881e-04
   3.45747405e+02  -1.13242924e-04
   3.45747893e+02   1.71994470e-04
   3.45748382e+02   2.83591595e-04
   3.45748870e+02   1.40538192e-04
   3.45749358e+02  -8.25420793e-05
   3.45749847e+02   8.36910258e-05
   3.45750335e+02   2.54261424e-04
   3.45750823e+02   1.03352853e-04
   3.45751312e+02   1.57097878e-04
   3.45751800e+02   1.84521094e-04
   3.45752288e+02   1.36391172e-04
   3.45752776e+02   1.00775724e-04
   3.45753265e+02  -2.18836547e-04
   3.45753753e+02  -2.30199948e-04
   3.45754241e+02   8.59480642e-05
   3.45754730e+02   1.39601052e-05
   3.45755218e+02  -1.99834496e-04
   3.45755706e+02  -1.65717589e-04
   3.45756195e+02   4.94156193e-05
   3.45756683e+02   1.57439164e-04
   3.45757171e+02  -1.86575562e-04
   3.45757660e+02  -2.11012288e-04
   3.45758148e+02   2.53176258e-04
   3.45758636e+02   3.41547682e-04
   3.45759124e+02   1.12294265e-05
   3.45759613e+02  -2.46123527e-04
   3.45760101e+02   6.98613876e-05
   3.45760589e+02   2.20580638e-04
   3.45761078e+02  -2.18277579e-04
   3.45761566e+02  -2.60217435e-04
   3.45762054e+02   3.12530290e-04
   3.45762543e+02   5.35598840e-04
   3.45763031e+02   2.54772109e-04
   3.45763519e+02   2.97109538e-04
   3.45764008e+02   4.84193617e-04
   3.45764496e+02   4.07370448e-04
   3.45764984e+02  -1.20379973e-05
   3.45765473e+02  -3.73080664e-04
   3.45765961e+02  -1.80071671e-04
   3.45766449e+02  -2.14653599e-04
   3.45766937e+02  -2.16840548e-04
   3.45767426e+02  -1.73732751e-05
   3.45767914e+02   8.15852691e-05
   3.45768402e+02  -4.61152304e-05
   3.45768891e+02  -1.49967469e-04
   3.45769379e+02   5.47225827e-05
   3.45769867e+02   1.50568318e-04
   3.45770356e+02   1.40983975e-04
   3.45770844e+02   2.83218455e-04
   3.45771332e+02   1.82741089e-04
   3.45771821e+02  -1.53745379e-04
   3.45772309e+02  -4.87849349e-04
   3.45772797e+02  -4.73922963e-04
   3.45773285e+02  -3.64964595e-04
   3.45773774e+02  -4.89098893e-04
   3.45774262e+02  -3.47601366e-04
   3.45774750e+02   3.21757514e-04
   3.45775239e+02   7.20585173e-04
   3.45775727e+02   3.37633333e-04
   3.45776215e+02   4.21893528e-05
   3.45776704e+02  -1.09548155e-05
   3.45777192e+02  -3.44941247e-04
   3.45777680e+02  -3.84298095e-04
   3.45778169e+02  -1.22781194e-05
   3.45778657e+02   2.89175332e-05
   3.45779145e+02  -2.61859910e-04
   3.45779633e+02  -3.11496144e-04
   3.45780122e+02  -1.72683591e-04
   3.45780610e+02  -6.11454016e-05
   3.45781098e+02   9.22177205e-05
   3.45781587e+02   2.91870354e-04
   3.45782075e+02   3.11618060e-04
   3.45782563e+02   2.47780816e-04
   3.45783052e+02   3.28998984e-04
   3.45783540e+02   5.12710423e-04
   3.45784028e+02   4.58379596e-04
   3.45784517e+02  -3.22764245e-05
   3.45785005e+02  -6.97360956e-04
   3.45785493e+02  -9.53831768e-04
   3.45785981e+02  -7.66249024e-04
   3.45786470e+02  -3.56058124e-04
   3.45786958e+02  -1.41889162e-04
   3.45787446e+02  -3.38846265e-04
   3.45787935e+02  -3.94263334e-04
   3.45788423e+02  -1.72255852e-04
   3.45788911e+02   3.39460639e-05
   3.45789400e+02   1.15337680e-04
   3.45789888e+02  -1.00608639e-04
   3.45790376e+02  -4.06097766e-04
   3.45790865e+02  -6.55626529e-04
   3.45791353e+02  -4.10199631e-04
   3.45791841e+02   2.11666658e-04
   3.45792329e+02   4.56287962e-04
   3.45792818e+02   2.78314517e-04
   3.45793306e+02  -3.41351260e-05
   3.45793794e+02  -8.78509309e-05
   3.45794283e+02   2.98859486e-05
   3.45794771e+02   3.41137966e-05
   3.45795259e+02   2.03940963e-05
   3.45795748e+02   3.08096605e-05
   3.45796236e+02   1.16584240e-04
   3.45796724e+02   6.95258495e-05
   3.45797213e+02  -2.74467253e-04
   3.45797701e+02  -4.40519972e-04
   3.45798189e+02  -2.03061107e-04
   3.45798677e+02   4.24090467e-05
   3.45799166e+02  -1.11204201e-04
   3.45799654e+02  -2.59499240e-04
   3.45800142e+02  -4.59978546e-05
   3.45800631e+02  -6.40536746e-05
   3.45801119e+02  -1.20230412e-04
   3.45801607e+02   1.83122465e-04
   3.45802096e+02   6.10010502e-05
   3.45802584e+02  -2.48303753e-04
   3.45803072e+02  -2.74191407e-05
   3.45803561e+02   2.44341383e-04
   3.45804049e+02   2.82722642e-04
   3.45804537e+02   4.01712059e-05
   3.45805026e+02  -3.92145041e-04
   3.45805514e+02  -6.16504636e-04
   3.45806002e+02  -7.04345584e-04
   3.45806490e+02  -7.77153531e-04
   3.45806979e+02  -3.48080706e-04
   3.45807467e+02   3.73545830e-04
   3.45807955e+02   6.18948485e-04
   3.45808444e+02   4.13098489e-04
   3.45808932e+02   3.53178708e-04
   3.45809420e+02   4.28374304e-04
   3.45809909e+02   5.07533143e-04
   3.45810397e+02   4.96930501e-04
   3.45810885e+02   3.14442848e-04
   3.45811374e+02   1.45245533e-04
   3.45811862e+02  -3.13616765e-05
   3.45812350e+02  -2.60350556e-04
   3.45812838e+02  -4.90351231e-04
   3.45813327e+02  -5.66100469e-04
   3.45813815e+02  -8.88091527e-05
   3.45814303e+02   2.68213014e-04
   3.45814792e+02   1.18097050e-04
   3.45815280e+02  -2.97674647e-04
   3.45815768e+02  -4.55168163e-04
   3.45816257e+02  -3.19451734e-04
   3.45816745e+02   9.03922773e-05
   3.45817233e+02   4.80146642e-04
   3.45817722e+02   2.42636801e-04
   3.45818210e+02   2.47134067e-05
   3.45818698e+02   2.05274599e-04
   3.45819186e+02   2.87107774e-04
   3.45819675e+02   2.70130491e-04
   3.45820163e+02   1.82769712e-04
   3.45820651e+02   4.59249932e-05
   3.45821140e+02  -1.91351617e-04
   3.45821628e+02  -4.48214822e-04
   3.45822116e+02  -3.76394659e-04
   3.45822605e+02  -2.46160693e-04
   3.45823093e+02   1.26205923e-05
