frequency (GHz), flux (Jy/beam)
   3.45010009e+02   1.28258311e-03
   3.45010497e+02  -2.99825449e-04
   3.45010985e+02  -1.61317852e-03
   3.45011474e+02  -2.04766198e-04
   3.45011962e+02   3.63335334e-04
   3.45012450e+02  -9.45699401e-04
   3.45012939e+02  -1.93630601e-03
   3.45013427e+02  -1.78840337e-03
   3.45013915e+02  -7.62433279e-04
   3.45014403e+02   6.30006434e-06
   3.45014892e+02   9.94120142e-04
   3.45015380e+02   9.72358568e-04
   3.45015868e+02  -2.65908166e-04
   3.45016357e+02  -1.24731253e-06
   3.45016845e+02   1.28197263e-03
   3.45017333e+02   1.69358437e-03
   3.45017822e+02   1.36799447e-03
   3.45018310e+02   1.21931185e-03
   3.45018798e+02   7.31654814e-04
   3.45019287e+02   5.62949572e-04
   3.45019775e+02   1.09597691e-03
   3.45020263e+02   1.70635723e-03
   3.45020752e+02   1.61105662e-03
   3.45021240e+02   1.58504443e-03
   3.45021728e+02   1.96483941e-03
   3.45022217e+02   1.55156798e-04
   3.45022705e+02  -9.81266727e-04
   3.45023193e+02   1.61615881e-05
   3.45023682e+02   3.98464414e-04
   3.45024170e+02   6.39670936e-04
   3.45024658e+02   8.32029269e-04
   3.45025147e+02   2.20497503e-04
   3.45025635e+02   7.49121245e-04
   3.45026123e+02   1.51363923e-03
   3.45026611e+02   1.03737519e-03
   3.45027100e+02   1.65302970e-03
   3.45027588e+02   1.93538761e-03
   3.45028076e+02   9.11982846e-04
   3.45028565e+02   8.54774902e-04
   3.45029053e+02   1.56760775e-03
   3.45029541e+02   2.35085818e-03
   3.45030030e+02   2.66464101e-03
   3.45030518e+02   2.22982443e-03
   3.45031006e+02   1.35483965e-03
   3.45031495e+02  -2.20272850e-04
   3.45031983e+02  -9.19841055e-04
   3.45032471e+02  -4.19879943e-04
   3.45032960e+02  -8.56236671e-04
   3.45033448e+02  -2.03474588e-03
   3.45033936e+02  -2.40249676e-03
   3.45034425e+02  -1.50396954e-03
   3.45034913e+02  -7.29229534e-04
   3.45035401e+02  -1.32970628e-03
   3.45035890e+02  -8.43826274e-04
   3.45036378e+02   7.25938415e-04
   3.45036866e+02   9.39114718e-04
   3.45037354e+02   1.20964693e-03
   3.45037843e+02   1.45462726e-03
   3.45038331e+02  -6.45084947e-04
   3.45038819e+02  -1.62686734e-03
   3.45039308e+02  -1.64041645e-04
   3.45039796e+02   2.52329774e-04
   3.45040284e+02  -1.09722561e-04
   3.45040773e+02   2.55163934e-04
   3.45041261e+02   6.63643994e-04
   3.45041749e+02   1.43817964e-03
   3.45042238e+02   8.40667752e-04
   3.45042726e+02  -1.17222720e-03
   3.45043214e+02  -1.22752751e-03
   3.45043703e+02  -1.73462919e-04
   3.45044191e+02  -9.69547662e-04
   3.45044679e+02  -2.36308575e-03
   3.45045168e+02  -1.97431678e-03
   3.45045656e+02  -2.61490040e-05
   3.45046144e+02  -1.71462641e-04
   3.45046633e+02  -1.13858364e-03
   3.45047121e+02  -4.12421534e-04
   3.45047609e+02  -9.73412883e-04
   3.45048097e+02  -1.64464593e-03
   3.45048586e+02  -5.27389988e-04
   3.45049074e+02   4.99065500e-04
   3.45049562e+02   8.84872978e-04
   3.45050051e+02  -5.61342807e-04
   3.45050539e+02  -6.03425840e-04
   3.45051027e+02   1.05858897e-03
   3.45051516e+02  -3.96877382e-04
   3.45052004e+02  -1.31960260e-03
   3.45052492e+02  -6.72319555e-04
   3.45052981e+02  -1.03493757e-03
   3.45053469e+02  -1.60744254e-04
   3.45053957e+02   6.57991564e-04
   3.45054446e+02   3.65731568e-04
   3.45054934e+02   3.16735677e-04
   3.45055422e+02  -6.10916410e-04
   3.45055911e+02  -2.09372933e-03
   3.45056399e+02  -2.37093819e-03
   3.45056887e+02  -7.95996690e-04
   3.45057376e+02   4.25552891e-04
   3.45057864e+02  -3.44838219e-04
   3.45058352e+02   6.41857769e-05
   3.45058841e+02   1.22082164e-03
   3.45059329e+02   1.34794437e-03
   3.45059817e+02   1.93301204e-03
   3.45060305e+02   1.33597129e-03
   3.45060794e+02  -2.92555545e-04
   3.45061282e+02  -8.27131385e-04
   3.45061770e+02   4.61611024e-04
   3.45062259e+02   1.30848237e-03
   3.45062747e+02   5.62146946e-04
   3.45063235e+02  -3.36566154e-04
   3.45063724e+02  -1.58289354e-03
   3.45064212e+02  -1.63326319e-03
   3.45064700e+02  -4.23983060e-04
   3.45065189e+02  -1.27113535e-05
   3.45065677e+02   8.78499704e-04
   3.45066165e+02   1.84610568e-03
   3.45066654e+02   1.56034506e-03
   3.45067142e+02   4.88254300e-04
   3.45067630e+02  -1.66157377e-04
   3.45068119e+02   9.45326872e-04
   3.45068607e+02   7.01243291e-04
   3.45069095e+02  -6.99799159e-04
   3.45069584e+02  -1.46086648e-04
   3.45070072e+02   9.48006229e-04
   3.45070560e+02   1.03896996e-03
   3.45071048e+02   3.39271122e-04
   3.45071537e+02  -4.02096572e-04
   3.45072025e+02   4.61040938e-04
   3.45072513e+02   1.37205841e-03
   3.45073002e+02   7.49797618e-05
   3.45073490e+02  -1.51797407e-03
   3.45073978e+02  -6.94021524e-04
   3.45074467e+02   6.02077227e-04
   3.45074955e+02   7.19502335e-04
   3.45075443e+02  -3.58218531e-04
   3.45075932e+02  -2.01312709e-03
   3.45076420e+02  -2.42801267e-03
   3.45076908e+02  -1.37343758e-03
   3.45077397e+02  -1.03172730e-03
   3.45077885e+02  -1.42731355e-03
   3.45078373e+02  -6.65899366e-04
   3.45078862e+02  -3.87228676e-04
   3.45079350e+02  -1.30300352e-03
   3.45079838e+02  -1.73520809e-03
   3.45080327e+02  -1.67387910e-03
   3.45080815e+02  -9.53936717e-04
   3.45081303e+02  -5.05930744e-04
   3.45081791e+02  -6.31271279e-04
   3.45082280e+02  -1.12443254e-03
   3.45082768e+02  -7.81833427e-04
   3.45083256e+02   1.10314495e-03
   3.45083745e+02   2.81300885e-03
   3.45084233e+02   4.10395069e-03
   3.45084721e+02   3.42512480e-03
   3.45085210e+02   7.84630363e-04
   3.45085698e+02  -8.35142622e-04
   3.45086186e+02  -6.87397376e-04
   3.45086675e+02  -1.93315980e-04
   3.45087163e+02  -5.37374872e-04
   3.45087651e+02   2.31398037e-04
   3.45088140e+02   9.78332129e-04
   3.45088628e+02   3.64838779e-04
   3.45089116e+02  -8.82328459e-05
   3.45089605e+02  -5.61146706e-04
   3.45090093e+02  -1.76206324e-03
   3.45090581e+02  -2.56761699e-03
   3.45091070e+02  -2.00619875e-03
   3.45091558e+02  -3.66306165e-04
   3.45092046e+02  -7.15854367e-06
   3.45092535e+02  -2.56714498e-04
   3.45093023e+02   5.28263394e-04
   3.45093511e+02   4.62078373e-04
   3.45093999e+02  -8.56449624e-05
   3.45094488e+02   1.58780313e-04
   3.45094976e+02   5.85709175e-04
   3.45095464e+02  -5.61296292e-05
   3.45095953e+02  -9.36080934e-04
   3.45096441e+02  -2.23634794e-04
   3.45096929e+02  -3.11780925e-04
   3.45097418e+02  -1.13167602e-03
   3.45097906e+02  -1.48407323e-03
   3.45098394e+02  -1.16698176e-03
   3.45098883e+02  -2.59570865e-04
   3.45099371e+02  -9.32092546e-04
   3.45099859e+02  -2.69641518e-03
   3.45100348e+02  -2.32683169e-03
   3.45100836e+02   3.31906806e-04
   3.45101324e+02   3.05073569e-03
   3.45101813e+02   3.62639851e-03
   3.45102301e+02   2.35552993e-03
   3.45102789e+02   1.00059167e-03
   3.45103278e+02   7.77208363e-04
   3.45103766e+02   1.13846851e-03
   3.45104254e+02   1.84921501e-03
   3.45104742e+02   1.88350910e-03
   3.45105231e+02   9.13075521e-04
   3.45105719e+02  -8.87425500e-04
   3.45106207e+02  -1.40062056e-03
   3.45106696e+02   6.73720962e-04
   3.45107184e+02   2.08203332e-03
   3.45107672e+02   1.64250412e-03
   3.45108161e+02   1.13558909e-03
   3.45108649e+02   1.60582515e-03
   3.45109137e+02   1.49883796e-03
   3.45109626e+02   1.06277876e-03
   3.45110114e+02   7.11499539e-04
   3.45110602e+02   1.14476905e-04
   3.45111091e+02   5.97953971e-04
   3.45111579e+02   1.61727762e-03
   3.45112067e+02   1.20363606e-03
   3.45112556e+02   1.20310951e-05
   3.45113044e+02   1.29998763e-04
   3.45113532e+02   6.06394256e-04
   3.45114021e+02  -4.25354083e-04
   3.45114509e+02  -1.48615427e-03
   3.45114997e+02  -1.12895272e-03
   3.45115485e+02  -3.59877915e-04
   3.45115974e+02  -2.06608544e-04
   3.45116462e+02   2.87840085e-04
   3.45116950e+02   6.08208531e-04
   3.45117439e+02   1.14976207e-03
   3.45117927e+02   2.32338859e-03
   3.45118415e+02   2.19286606e-03
   3.45118904e+02   1.11322640e-03
   3.45119392e+02   7.73220556e-04
   3.45119880e+02  -3.65448068e-05
   3.45120369e+02  -1.57278241e-03
   3.45120857e+02  -1.33918994e-03
   3.45121345e+02   5.10795217e-04
   3.45121834e+02   2.47750035e-03
   3.45122322e+02   3.02674063e-03
   3.45122810e+02   1.61578832e-03
   3.45123299e+02   1.69405702e-03
   3.45123787e+02   2.08663638e-03
   3.45124275e+02   8.33286671e-04
   3.45124764e+02   7.22722965e-04
   3.45125252e+02   1.42879155e-03
   3.45125740e+02   2.07385141e-03
   3.45126229e+02   2.73352908e-03
   3.45126717e+02   2.25871429e-03
   3.45127205e+02   8.00919835e-04
   3.45127693e+02   1.02476217e-03
   3.45128182e+02   1.21462985e-03
   3.45128670e+02  -5.82548309e-05
   3.45129158e+02  -5.02927753e-04
   3.45129647e+02  -5.45169460e-04
   3.45130135e+02  -1.24082842e-03
   3.45130623e+02  -1.20093860e-03
   3.45131112e+02  -4.60517622e-04
   3.45131600e+02  -3.31623945e-04
   3.45132088e+02   1.83097029e-04
   3.45132577e+02   8.95610719e-04
   3.45133065e+02   9.13551601e-04
   3.45133553e+02   3.24739376e-04
   3.45134042e+02   4.24413331e-04
   3.45134530e+02   1.55290286e-03
   3.45135018e+02   1.20294373e-03
   3.45135507e+02  -1.43608870e-03
   3.45135995e+02  -3.10554123e-03
   3.45136483e+02  -3.42140184e-03
   3.45136972e+02  -3.04371119e-03
   3.45137460e+02  -1.32146571e-03
   3.45137948e+02   4.90439765e-04
   3.45138436e+02   1.46025175e-03
   3.45138925e+02   1.07819238e-03
   3.45139413e+02   2.76107254e-04
   3.45139901e+02  -2.47753575e-04
   3.45140390e+02  -6.27772941e-04
   3.45140878e+02   4.98584996e-04
   3.45141366e+02   8.03554954e-04
   3.45141855e+02  -1.16023126e-04
   3.45142343e+02  -6.29942224e-04
   3.45142831e+02  -8.24093062e-04
   3.45143320e+02  -3.78096047e-05
   3.45143808e+02   2.72773934e-04
   3.45144296e+02   9.66444437e-04
   3.45144785e+02   2.92423880e-03
   3.45145273e+02   2.90552084e-03
   3.45145761e+02   1.16081210e-03
   3.45146250e+02   5.29619341e-04
   3.45146738e+02   3.71503091e-04
   3.45147226e+02   2.16631510e-04
   3.45147715e+02   1.09102426e-03
   3.45148203e+02   8.68684787e-04
   3.45148691e+02   6.71710819e-04
   3.45149179e+02   1.45299616e-03
   3.45149668e+02   9.80192446e-04
   3.45150156e+02   4.21185046e-04
   3.45150644e+02   3.43031948e-04
   3.45151133e+02   6.22861087e-04
   3.45151621e+02   2.14288686e-03
   3.45152109e+02   3.73401656e-03
   3.45152598e+02   2.87676346e-03
   3.45153086e+02   4.04016959e-04
   3.45153574e+02  -1.69813598e-03
   3.45154063e+02  -2.18805089e-03
   3.45154551e+02  -2.22297595e-03
   3.45155039e+02  -2.65334290e-03
   3.45155528e+02  -1.05894636e-03
   3.45156016e+02   1.34762435e-03
   3.45156504e+02   1.47320353e-03
   3.45156993e+02   2.98047875e-04
   3.45157481e+02  -4.34308808e-04
   3.45157969e+02   1.69482053e-04
   3.45158458e+02   2.57378066e-04
   3.45158946e+02  -4.09015658e-04
   3.45159434e+02   1.70084561e-04
   3.45159923e+02   1.29506632e-04
   3.45160411e+02  -1.28327229e-03
   3.45160899e+02  -7.95885106e-04
   3.45161387e+02  -3.13497614e-04
   3.45161876e+02  -1.65150315e-03
   3.45162364e+02  -1.03207922e-03
   3.45162852e+02   3.78928584e-04
   3.45163341e+02   5.06181037e-04
   3.45163829e+02   7.91150669e-04
   3.45164317e+02   9.81014455e-04
   3.45164806e+02  -3.80727870e-04
   3.45165294e+02  -1.39147369e-03
   3.45165782e+02  -8.31074896e-04
   3.45166271e+02  -5.47049101e-04
   3.45166759e+02   2.14767744e-04
   3.45167247e+02   7.44028017e-04
   3.45167736e+02   6.94381306e-04
   3.45168224e+02   3.37493431e-04
   3.45168712e+02  -7.41443888e-04
   3.45169201e+02  -8.44421505e-04
   3.45169689e+02   9.52440954e-04
   3.45170177e+02   1.78512419e-03
   3.45170666e+02  -7.77595269e-05
   3.45171154e+02  -6.71074842e-04
   3.45171642e+02   1.04988518e-03
   3.45172130e+02   2.02376652e-03
   3.45172619e+02   1.45286287e-03
   3.45173107e+02   7.99479370e-04
   3.45173595e+02   4.93974308e-04
   3.45174084e+02   1.61676042e-04
   3.45174572e+02   4.91608807e-04
   3.45175060e+02   5.48397191e-04
   3.45175549e+02   6.82617014e-04
   3.45176037e+02   5.03770134e-04
   3.45176525e+02   4.51448432e-04
   3.45177014e+02   2.74427963e-04
   3.45177502e+02  -2.69210257e-04
   3.45177990e+02   4.42518445e-04
   3.45178479e+02   6.31664239e-04
   3.45178967e+02  -1.54475871e-04
   3.45179455e+02   4.04880848e-05
   3.45179944e+02   2.35186846e-04
   3.45180432e+02  -1.54151313e-03
   3.45180920e+02  -2.28394475e-03
   3.45181409e+02  -1.45118881e-03
   3.45181897e+02  -8.96733429e-04
   3.45182385e+02  -1.36373029e-03
   3.45182874e+02  -1.09434430e-03
   3.45183362e+02   9.71874921e-04
   3.45183850e+02   2.00807047e-03
   3.45184338e+02   3.43401771e-04
   3.45184827e+02   2.38924258e-04
   3.45185315e+02   9.00980725e-04
   3.45185803e+02   1.65213470e-03
   3.45186292e+02   1.30983733e-03
   3.45186780e+02   8.73794415e-05
   3.45187268e+02  -5.98279817e-04
   3.45187757e+02  -7.68584687e-06
   3.45188245e+02   5.40505222e-04
   3.45188733e+02   6.01109816e-04
   3.45189222e+02  -1.42686476e-04
   3.45189710e+02  -6.92415051e-04
   3.45190198e+02  -3.60756298e-04
   3.45190687e+02  -3.19218612e-04
   3.45191175e+02  -5.79723448e-04
   3.45191663e+02  -2.55231920e-04
   3.45192152e+02   1.73599357e-04
   3.45192640e+02   7.98676978e-04
   3.45193128e+02   1.99233982e-04
   3.45193617e+02  -3.56294215e-04
   3.45194105e+02   3.46976507e-04
   3.45194593e+02   9.78818745e-04
   3.45195081e+02   1.25762855e-03
   3.45195570e+02   1.14263466e-03
   3.45196058e+02   6.72756403e-04
   3.45196546e+02   3.04089590e-05
   3.45197035e+02  -6.91284949e-04
   3.45197523e+02  -9.67623782e-04
   3.45198011e+02  -1.65775837e-03
   3.45198500e+02  -1.90211379e-03
   3.45198988e+02  -1.60627638e-03
   3.45199476e+02  -1.54349871e-03
   3.45199965e+02  -1.07917574e-03
   3.45200453e+02  -7.13661022e-04
   3.45200941e+02  -1.17771246e-03
   3.45201430e+02  -1.50894828e-03
   3.45201918e+02  -5.13729581e-04
   3.45202406e+02  -5.43215428e-04
   3.45202895e+02  -2.29351060e-03
   3.45203383e+02  -2.57288502e-03
   3.45203871e+02  -2.40032538e-03
   3.45204360e+02  -1.71679887e-03
   3.45204848e+02   1.26883260e-03
   3.45205336e+02   2.43423227e-03
   3.45205824e+02   8.53818667e-04
   3.45206313e+02  -9.86243482e-04
   3.45206801e+02  -2.11028685e-03
   3.45207289e+02  -1.48756348e-03
   3.45207778e+02  -7.15942821e-04
   3.45208266e+02  -9.07271227e-04
   3.45208754e+02   5.53344027e-04
   3.45209243e+02   1.24881847e-03
   3.45209731e+02  -4.63664095e-04
   3.45210219e+02  -5.68239193e-04
   3.45210708e+02   5.79029904e-04
   3.45211196e+02   6.05769164e-04
   3.45211684e+02  -8.80444655e-04
   3.45212173e+02  -1.68403680e-03
   3.45212661e+02  -6.97999378e-04
   3.45213149e+02  -2.09824822e-04
   3.45213638e+02   5.58542612e-04
   3.45214126e+02   1.80415355e-03
   3.45214614e+02   9.51769936e-04
   3.45215103e+02   4.81715950e-04
   3.45215591e+02   4.76965972e-04
   3.45216079e+02  -1.01277546e-03
   3.45216568e+02  -6.74438139e-04
   3.45217056e+02   2.57962936e-04
   3.45217544e+02  -1.40866463e-03
   3.45218032e+02  -2.45097303e-03
   3.45218521e+02  -1.98122440e-03
   3.45219009e+02  -1.42350071e-03
   3.45219497e+02  -1.22805126e-03
   3.45219986e+02  -1.47211645e-03
   3.45220474e+02  -1.08177238e-03
   3.45220962e+02  -1.47576226e-04
   3.45221451e+02   8.74907826e-04
   3.45221939e+02   1.63738069e-03
   3.45222427e+02   2.09679056e-04
   3.45222916e+02  -9.93895461e-04
   3.45223404e+02  -1.19011265e-05
   3.45223892e+02   9.35301476e-04
   3.45224381e+02   1.15770625e-03
   3.45224869e+02  -7.62858617e-05
   3.45225357e+02  -7.96054141e-04
   3.45225846e+02  -4.89439117e-04
   3.45226334e+02  -1.33435964e-03
   3.45226822e+02  -1.50944456e-03
   3.45227311e+02  -5.62158413e-04
   3.45227799e+02   2.04459393e-05
   3.45228287e+02  -4.89203201e-04
   3.45228775e+02  -2.24485109e-03
   3.45229264e+02  -2.38044118e-03
   3.45229752e+02  -1.69959781e-03
   3.45230240e+02  -2.88889930e-03
   3.45230729e+02  -2.58791912e-03
   3.45231217e+02  -2.73517566e-04
   3.45231705e+02   1.49841688e-03
   3.45232194e+02   1.71909807e-03
   3.45232682e+02  -5.08919940e-04
   3.45233170e+02  -1.52393477e-03
   3.45233659e+02  -1.83210665e-04
   3.45234147e+02   7.16738927e-04
   3.45234635e+02   5.02414128e-04
   3.45235124e+02  -9.57113516e-05
   3.45235612e+02   1.60389885e-04
   3.45236100e+02   1.17578357e-03
   3.45236589e+02   1.43884891e-03
   3.45237077e+02   7.45042111e-04
   3.45237565e+02   1.16445660e-03
   3.45238054e+02   8.16014886e-04
   3.45238542e+02  -1.50461402e-03
   3.45239030e+02  -1.45018008e-03
   3.45239518e+02   5.77528612e-04
   3.45240007e+02   1.49794959e-03
   3.45240495e+02   1.36928470e-03
   3.45240983e+02   1.08391489e-03
   3.45241472e+02   2.81843852e-04
   3.45241960e+02  -5.00859052e-04
   3.45242448e+02  -1.64440844e-05
   3.45242937e+02  -4.94924665e-04
   3.45243425e+02   2.34847961e-04
   3.45243913e+02   7.48326187e-04
   3.45244402e+02   4.60948999e-04
   3.45244890e+02   2.15865221e-04
   3.45245378e+02  -3.81551363e-04
   3.45245867e+02  -6.82391692e-04
   3.45246355e+02  -5.45518589e-04
   3.45246843e+02  -1.20930863e-03
   3.45247332e+02  -1.44718017e-03
   3.45247820e+02   1.22751708e-05
   3.45248308e+02   5.25598181e-04
   3.45248797e+02  -3.41520616e-04
   3.45249285e+02  -2.26430260e-04
   3.45249773e+02   1.67882739e-04
   3.45250262e+02   1.05652458e-03
   3.45250750e+02   1.36118662e-03
   3.45251238e+02   9.22144507e-04
   3.45251726e+02   1.03438774e-03
   3.45252215e+02   5.93817211e-04
   3.45252703e+02   2.18897912e-04
   3.45253191e+02   9.68196109e-05
   3.45253680e+02  -5.98021259e-04
   3.45254168e+02  -4.55346832e-04
   3.45254656e+02   7.35666428e-04
   3.45255145e+02   1.76065380e-03
   3.45255633e+02   1.57829828e-03
   3.45256121e+02   7.74686225e-04
   3.45256610e+02  -9.64318588e-06
   3.45257098e+02  -1.58359820e-03
   3.45257586e+02  -2.74925493e-03
   3.45258075e+02  -2.42018583e-03
   3.45258563e+02  -2.36459286e-03
   3.45259051e+02  -1.85717223e-03
   3.45259540e+02  -4.35626076e-04
   3.45260028e+02   2.94077472e-04
   3.45260516e+02   1.03694794e-03
   3.45261005e+02   1.73770078e-03
   3.45261493e+02   2.27213395e-03
   3.45261981e+02   2.51455023e-03
   3.45262469e+02   2.49330536e-03
   3.45262958e+02   1.14316039e-03
   3.45263446e+02  -1.42654660e-03
   3.45263934e+02  -1.55521487e-03
   3.45264423e+02   4.69818187e-04
   3.45264911e+02   1.24327349e-03
   3.45265399e+02   1.60728698e-03
   3.45265888e+02   1.98028632e-03
   3.45266376e+02   8.89473420e-04
   3.45266864e+02  -8.09379504e-04
   3.45267353e+02  -1.64942269e-03
   3.45267841e+02  -1.26838335e-03
   3.45268329e+02  -1.52926325e-04
   3.45268818e+02   7.64705939e-04
   3.45269306e+02   7.66407582e-04
   3.45269794e+02  -1.91875835e-04
   3.45270283e+02  -1.46071182e-03
   3.45270771e+02  -1.71126879e-03
   3.45271259e+02  -8.29428900e-04
   3.45271748e+02   6.93645707e-05
   3.45272236e+02   1.02722994e-03
   3.45272724e+02   1.79994130e-03
   3.45273212e+02   6.71100279e-04
   3.45273701e+02  -3.49587150e-04
   3.45274189e+02  -9.15057753e-05
   3.45274677e+02  -1.55027257e-04
   3.45275166e+02  -1.22036808e-03
   3.45275654e+02  -1.96034042e-03
   3.45276142e+02  -1.02702877e-03
   3.45276631e+02  -4.22500394e-04
   3.45277119e+02  -9.91452835e-04
   3.45277607e+02  -1.49514177e-03
   3.45278096e+02  -8.97642982e-04
   3.45278584e+02   5.64037291e-05
   3.45279072e+02   5.39878034e-04
   3.45279561e+02   2.83684407e-04
   3.45280049e+02  -3.37942212e-04
   3.45280537e+02  -2.83039553e-05
   3.45281026e+02   4.16354917e-04
   3.45281514e+02   8.21023015e-04
   3.45282002e+02   5.42168389e-04
   3.45282491e+02  -1.27167965e-03
   3.45282979e+02  -2.17080768e-03
   3.45283467e+02  -5.56621409e-04
   3.45283956e+02   6.76197931e-04
   3.45284444e+02   7.10058026e-04
   3.45284932e+02   1.42106973e-03
   3.45285420e+02   2.14321120e-03
   3.45285909e+02   1.24226254e-03
   3.45286397e+02  -5.06236283e-05
   3.45286885e+02   1.88392703e-04
   3.45287374e+02   9.08144983e-04
   3.45287862e+02   1.33998075e-03
   3.45288350e+02   1.34631945e-03
   3.45288839e+02   1.15787971e-03
   3.45289327e+02   9.40077007e-04
   3.45289815e+02   5.03925257e-04
   3.45290304e+02   1.30414183e-03
   3.45290792e+02   8.29200144e-04
   3.45291280e+02  -1.15365593e-03
   3.45291769e+02  -3.15635290e-04
   3.45292257e+02   6.11211755e-04
   3.45292745e+02  -7.05422484e-04
   3.45293234e+02  -8.68804287e-04
   3.45293722e+02   1.16224540e-03
   3.45294210e+02   2.22874712e-03
   3.45294699e+02   1.16059755e-03
   3.45295187e+02   3.84550134e-04
   3.45295675e+02   2.35938031e-04
   3.45296163e+02  -5.40574314e-04
   3.45296652e+02  -1.28238520e-03
   3.45297140e+02  -5.87022456e-04
   3.45297628e+02  -1.26766536e-04
   3.45298117e+02  -1.04497699e-03
   3.45298605e+02  -1.30252354e-03
   3.45299093e+02  -9.80098615e-04
   3.45299582e+02  -2.09332397e-03
   3.45300070e+02  -2.43948703e-03
   3.45300558e+02  -5.93584147e-04
   3.45301047e+02   5.08043449e-04
   3.45301535e+02   9.89243155e-04
   3.45302023e+02   5.03721167e-05
   3.45302512e+02  -1.28974009e-03
   3.45303000e+02  -1.48719794e-03
   3.45303488e+02  -4.83329059e-04
   3.45303977e+02  -9.48809495e-04
   3.45304465e+02  -2.52655847e-03
   3.45304953e+02  -3.08394292e-03
   3.45305442e+02  -1.58301415e-03
   3.45305930e+02   5.67715324e-04
   3.45306418e+02   1.74668781e-03
   3.45306906e+02   1.51865208e-03
   3.45307395e+02   6.20424515e-04
   3.45307883e+02   6.66919455e-04
   3.45308371e+02  -6.16918987e-05
   3.45308860e+02  -4.85799334e-04
   3.45309348e+02   9.23251209e-04
   3.45309836e+02   8.28706310e-04
   3.45310325e+02   1.92651394e-04
   3.45310813e+02   1.02328940e-03
   3.45311301e+02   3.86477535e-04
   3.45311790e+02  -6.14177552e-04
   3.45312278e+02   2.94456200e-04
   3.45312766e+02   5.34181541e-04
   3.45313255e+02   5.47358533e-04
   3.45313743e+02   1.34696427e-03
   3.45314231e+02   1.42300327e-03
   3.45314720e+02   5.07724995e-04
   3.45315208e+02  -7.89277910e-05
   3.45315696e+02   2.27326818e-04
   3.45316185e+02   6.03938650e-04
   3.45316673e+02   1.61256685e-04
   3.45317161e+02  -9.59119061e-04
   3.45317650e+02  -1.62455591e-03
   3.45318138e+02  -1.44186488e-03
   3.45318626e+02   1.61020471e-05
   3.45319114e+02   1.23017118e-03
   3.45319603e+02   2.22167902e-04
   3.45320091e+02  -8.59545602e-04
   3.45320579e+02  -1.26394711e-03
   3.45321068e+02  -6.01247943e-04
   3.45321556e+02   3.14414763e-04
   3.45322044e+02   5.19262219e-04
   3.45322533e+02   4.48399020e-04
   3.45323021e+02   4.02133912e-04
   3.45323509e+02   1.90515319e-04
   3.45323998e+02  -3.94942326e-04
   3.45324486e+02  -6.04918576e-04
   3.45324974e+02  -9.85113322e-04
   3.45325463e+02  -9.68649576e-04
   3.45325951e+02   1.22494690e-04
   3.45326439e+02   7.84033793e-04
   3.45326928e+02   7.27360602e-04
   3.45327416e+02   1.62897166e-03
   3.45327904e+02   2.22123810e-03
   3.45328393e+02   1.72921177e-03
   3.45328881e+02   2.28897878e-03
   3.45329369e+02   2.66646664e-03
   3.45329857e+02   2.66741286e-03
   3.45330346e+02   1.42938725e-03
   3.45330834e+02  -9.28798807e-04
   3.45331322e+02  -9.59566212e-04
   3.45331811e+02  -3.74783063e-04
   3.45332299e+02  -6.85810577e-04
   3.45332787e+02  -5.06579709e-05
   3.45333276e+02   1.14047260e-03
   3.45333764e+02   1.18757435e-03
   3.45334252e+02   4.05302038e-04
   3.45334741e+02   1.41658215e-03
   3.45335229e+02   2.89102225e-03
   3.45335717e+02   1.49824936e-03
   3.45336206e+02  -6.69298461e-04
   3.45336694e+02  -1.23492174e-03
   3.45337182e+02  -7.19362055e-04
   3.45337671e+02  -9.49486217e-04
   3.45338159e+02  -1.66866719e-03
   3.45338647e+02  -2.12178659e-03
   3.45339136e+02  -2.54076021e-03
   3.45339624e+02  -1.86363282e-03
   3.45340112e+02   2.48268829e-04
   3.45340601e+02   1.24046102e-03
   3.45341089e+02   9.53233393e-04
   3.45341577e+02   6.38698184e-05
   3.45342065e+02  -4.56488197e-04
   3.45342554e+02   3.27891976e-05
   3.45343042e+02  -2.87582632e-04
   3.45343530e+02  -7.76285829e-04
   3.45344019e+02  -6.23192231e-04
   3.45344507e+02   2.08773577e-04
   3.45344995e+02   8.75337690e-04
   3.45345484e+02  -2.14258544e-04
   3.45345972e+02  -1.02942507e-03
   3.45346460e+02  -4.80948307e-04
   3.45346949e+02  -1.06034998e-03
   3.45347437e+02  -1.76341319e-03
   3.45347925e+02   1.58128358e-04
   3.45348414e+02   2.27761245e-03
   3.45348902e+02   1.77836174e-03
   3.45349390e+02   8.43596899e-06
   3.45349879e+02   7.84931297e-04
   3.45350367e+02   2.68046162e-03
   3.45350855e+02   1.85988285e-03
   3.45351344e+02   6.60965103e-04
   3.45351832e+02   1.42102782e-03
   3.45352320e+02   1.93522184e-03
   3.45352808e+02   5.68206422e-04
   3.45353297e+02  -1.09547307e-03
   3.45353785e+02  -5.20268688e-04
   3.45354273e+02   3.86974862e-04
   3.45354762e+02  -2.44428462e-04
   3.45355250e+02  -4.92797000e-04
   3.45355738e+02  -6.24364417e-04
   3.45356227e+02  -1.25419046e-03
   3.45356715e+02  -5.37973538e-04
   3.45357203e+02   1.05615740e-03
   3.45357692e+02   1.55082904e-03
   3.45358180e+02   1.43681560e-03
   3.45358668e+02   6.69032161e-04
   3.45359157e+02  -8.46179551e-04
   3.45359645e+02  -1.63235306e-03
   3.45360133e+02  -3.69967893e-04
   3.45360622e+02   4.65699501e-04
   3.45361110e+02   3.84815321e-05
   3.45361598e+02  -3.11740412e-04
   3.45362087e+02  -1.38903968e-03
   3.45362575e+02  -1.16591703e-03
   3.45363063e+02   6.54944975e-04
   3.45363551e+02   1.03573955e-03
   3.45364040e+02   2.08165788e-04
   3.45364528e+02   8.24569797e-05
   3.45365016e+02   1.16458710e-03
   3.45365505e+02   1.49067899e-03
   3.45365993e+02   2.79447471e-04
   3.45366481e+02  -7.34080037e-04
   3.45366970e+02  -7.33609602e-04
   3.45367458e+02   4.99754038e-04
   3.45367946e+02   1.93173310e-03
   3.45368435e+02   8.79386032e-04
   3.45368923e+02  -1.44163810e-03
   3.45369411e+02  -2.07324279e-03
   3.45369900e+02  -1.72506773e-03
   3.45370388e+02  -1.38817483e-03
   3.45370876e+02  -1.50359512e-04
   3.45371365e+02   7.57422356e-04
   3.45371853e+02   1.73597116e-04
   3.45372341e+02  -3.95405892e-04
   3.45372830e+02  -1.08749804e-03
   3.45373318e+02  -1.73720089e-03
   3.45373806e+02  -1.58655562e-03
   3.45374295e+02  -1.31489942e-03
   3.45374783e+02  -6.12960430e-04
   3.45375271e+02   6.83695718e-04
   3.45375759e+02   8.18201457e-04
   3.45376248e+02   2.43665883e-04
   3.45376736e+02  -1.28477754e-04
   3.45377224e+02  -7.29765976e-04
   3.45377713e+02  -1.08216819e-03
   3.45378201e+02   2.04847893e-04
   3.45378689e+02   1.68466917e-03
   3.45379178e+02   1.91211828e-03
   3.45379666e+02   1.14416203e-03
   3.45380154e+02   3.88797867e-04
   3.45380643e+02   8.81260319e-04
   3.45381131e+02   6.06355548e-04
   3.45381619e+02  -1.16355205e-03
   3.45382108e+02  -2.24729441e-03
   3.45382596e+02  -1.56383764e-03
   3.45383084e+02  -9.07142457e-05
   3.45383573e+02   7.21582255e-05
   3.45384061e+02  -5.57905994e-04
   3.45384549e+02  -3.22867796e-04
   3.45385038e+02   2.37779052e-04
   3.45385526e+02   2.37268032e-04
   3.45386014e+02   3.77037097e-04
   3.45386502e+02   1.67535432e-03
   3.45386991e+02   1.24715769e-03
   3.45387479e+02  -1.24445025e-04
   3.45387967e+02   6.11916767e-05
   3.45388456e+02   9.77829495e-06
   3.45388944e+02  -6.83617662e-04
   3.45389432e+02  -8.89766961e-04
   3.45389921e+02  -6.51053968e-04
   3.45390409e+02  -9.30723210e-04
   3.45390897e+02  -1.01005088e-03
   3.45391386e+02  -6.76561540e-05
   3.45391874e+02  -9.75552772e-04
   3.45392362e+02  -2.04788614e-03
   3.45392851e+02  -9.82419122e-04
   3.45393339e+02  -1.16130803e-03
   3.45393827e+02  -1.61664607e-03
   3.45394316e+02  -3.61850602e-04
   3.45394804e+02   7.43140175e-04
   3.45395292e+02   1.60148041e-03
   3.45395781e+02   1.10475323e-03
   3.45396269e+02  -1.33238718e-04
   3.45396757e+02  -6.01291016e-04
   3.45397245e+02  -1.63543131e-03
   3.45397734e+02  -1.28003582e-03
   3.45398222e+02   1.33375428e-03
   3.45398710e+02   2.35296297e-03
   3.45399199e+02   1.78819185e-03
   3.45399687e+02  -3.02907894e-04
   3.45400175e+02  -2.25979136e-03
   3.45400664e+02  -1.91856292e-03
   3.45401152e+02  -9.77743766e-04
   3.45401640e+02  -4.63357283e-04
   3.45402129e+02  -2.06765864e-04
   3.45402617e+02   7.39104464e-04
   3.45403105e+02   8.64517409e-04
   3.45403594e+02  -9.76226060e-04
   3.45404082e+02  -1.96599588e-03
   3.45404570e+02  -1.85917446e-03
   3.45405059e+02  -2.13865261e-03
   3.45405547e+02  -1.72888988e-03
   3.45406035e+02  -1.30444276e-03
   3.45406524e+02  -2.48439290e-04
   3.45407012e+02   1.46907044e-03
   3.45407500e+02   1.71254459e-03
   3.45407989e+02   3.22715088e-04
   3.45408477e+02  -3.59843689e-04
   3.45408965e+02   1.00167395e-04
   3.45409453e+02   1.53318630e-04
   3.45409942e+02  -5.51209261e-04
   3.45410430e+02  -6.95786148e-04
   3.45410918e+02   2.04003183e-04
   3.45411407e+02   1.80674321e-03
   3.45411895e+02   3.46224499e-03
   3.45412383e+02   2.90647591e-03
   3.45412872e+02   1.29266549e-03
   3.45413360e+02   2.16438668e-04
   3.45413848e+02   1.19391923e-04
   3.45414337e+02   9.83732403e-04
   3.45414825e+02   6.40529557e-04
   3.45415313e+02  -3.56303412e-04
   3.45415802e+02  -2.76398117e-04
   3.45416290e+02   8.80122650e-04
   3.45416778e+02   1.71508128e-03
   3.45417267e+02   1.15776109e-03
   3.45417755e+02   7.43106430e-05
   3.45418243e+02  -5.97449776e-04
   3.45418732e+02  -6.55582466e-04
   3.45419220e+02   1.20359287e-03
   3.45419708e+02   1.51184702e-03
   3.45420196e+02   8.05623189e-04
   3.45420685e+02   1.38717191e-03
   3.45421173e+02   9.62016697e-04
   3.45421661e+02   1.21945806e-03
   3.45422150e+02   1.05243863e-03
   3.45422638e+02   8.20350033e-05
   3.45423126e+02  -4.10811799e-06
   3.45423615e+02  -7.86324381e-04
   3.45424103e+02  -1.66306645e-03
   3.45424591e+02  -2.14890344e-03
   3.45425080e+02  -2.43027881e-03
   3.45425568e+02  -2.09563924e-03
   3.45426056e+02  -1.03141670e-03
   3.45426545e+02   4.07338521e-05
   3.45427033e+02   1.99832211e-04
   3.45427521e+02   6.20012637e-04
   3.45428010e+02   1.18569308e-03
   3.45428498e+02   6.61685248e-04
   3.45428986e+02   7.96053093e-04
   3.45429475e+02   4.77016554e-04
   3.45429963e+02  -8.05590884e-04
   3.45430451e+02  -8.13679129e-04
   3.45430939e+02   1.38250674e-04
   3.45431428e+02   1.18954154e-03
   3.45431916e+02   1.70819997e-03
   3.45432404e+02   2.60922796e-04
   3.45432893e+02  -1.63584773e-03
   3.45433381e+02  -1.91322505e-03
   3.45433869e+02  -2.39223693e-04
   3.45434358e+02   4.67216072e-04
   3.45434846e+02  -1.14331057e-03
   3.45435334e+02  -1.49482617e-03
   3.45435823e+02   5.13277540e-04
   3.45436311e+02   1.92399649e-03
   3.45436799e+02   1.04562903e-03
   3.45437288e+02  -2.80974753e-04
   3.45437776e+02  -6.69702596e-04
   3.45438264e+02  -8.61202017e-04
   3.45438753e+02  -6.55235606e-04
   3.45439241e+02  -6.92868372e-04
   3.45439729e+02  -2.97743914e-04
   3.45440218e+02   7.65251694e-04
   3.45440706e+02   1.26500253e-03
   3.45441194e+02   2.93922873e-04
   3.45441683e+02  -1.14183850e-03
   3.45442171e+02  -1.69243955e-03
   3.45442659e+02  -2.84369150e-03
   3.45443147e+02  -4.07307222e-03
   3.45443636e+02  -2.94823037e-03
   3.45444124e+02  -1.16033666e-03
   3.45444612e+02  -2.86631548e-04
   3.45445101e+02  -5.30624930e-05
   3.45445589e+02  -1.03190599e-03
   3.45446077e+02  -1.17434247e-03
   3.45446566e+02  -2.78346561e-04
   3.45447054e+02   2.66274554e-04
   3.45447542e+02   1.42140008e-04
   3.45448031e+02  -1.30875007e-04
   3.45448519e+02   3.97771131e-04
   3.45449007e+02   2.27854063e-04
   3.45449496e+02   5.63844398e-04
   3.45449984e+02   2.91011506e-03
   3.45450472e+02   2.76633957e-03
   3.45450961e+02   2.46020762e-04
   3.45451449e+02  -1.05762749e-03
   3.45451937e+02   7.35171081e-04
   3.45452426e+02   2.42703571e-03
   3.45452914e+02   1.10054668e-03
   3.45453402e+02   8.84590729e-04
   3.45453890e+02   1.40077772e-03
   3.45454379e+02   5.93671750e-04
   3.45454867e+02  -4.09579952e-04
   3.45455355e+02  -6.18929043e-04
   3.45455844e+02  -8.79265135e-05
   3.45456332e+02   1.12237269e-03
   3.45456820e+02   1.83503982e-03
   3.45457309e+02   9.92859248e-04
   3.45457797e+02  -4.25806502e-04
   3.45458285e+02  -7.75192515e-04
   3.45458774e+02  -4.99987626e-04
   3.45459262e+02  -3.95148527e-04
   3.45459750e+02   1.97731628e-04
   3.45460239e+02  -2.21482696e-06
   3.45460727e+02  -1.21310330e-03
   3.45461215e+02  -1.27793127e-03
   3.45461704e+02  -1.11546193e-03
   3.45462192e+02  -1.07806036e-03
   3.45462680e+02  -6.41407212e-04
   3.45463169e+02  -6.81069156e-04
   3.45463657e+02   7.66099547e-05
   3.45464145e+02  -4.35106893e-04
   3.45464633e+02  -2.10423069e-03
   3.45465122e+02  -5.04261814e-04
   3.45465610e+02   1.85098208e-03
   3.45466098e+02   1.12942164e-03
   3.45466587e+02  -7.10449996e-04
   3.45467075e+02  -1.24323764e-03
   3.45467563e+02  -2.14041816e-03
   3.45468052e+02  -3.09906830e-03
   3.45468540e+02  -1.82454905e-03
   3.45469028e+02   3.09823139e-04
   3.45469517e+02   1.59299909e-03
   3.45470005e+02   1.70784001e-03
   3.45470493e+02   1.30742427e-03
   3.45470982e+02   6.24562032e-04
   3.45471470e+02   3.98891803e-04
   3.45471958e+02   2.27122707e-03
   3.45472447e+02   3.45568522e-03
   3.45472935e+02   2.50877719e-03
   3.45473423e+02   1.23960036e-03
   3.45473912e+02   2.81543907e-04
   3.45474400e+02   2.04653508e-04
   3.45474888e+02  -2.73423153e-04
   3.45475377e+02  -9.44088970e-04
   3.45475865e+02  -1.88490347e-04
   3.45476353e+02   1.65534171e-03
   3.45476841e+02   1.88348920e-03
   3.45477330e+02   1.75519136e-03
   3.45477818e+02   3.06315511e-03
   3.45478306e+02   2.20535696e-03
   3.45478795e+02  -1.54835201e-04
   3.45479283e+02  -1.29518041e-03
   3.45479771e+02  -9.87171079e-04
   3.45480260e+02  -2.52654194e-04
   3.45480748e+02  -6.74352865e-04
   3.45481236e+02  -1.13891414e-03
   3.45481725e+02  -2.04607131e-04
   3.45482213e+02  -3.65137006e-04
   3.45482701e+02  -1.92172942e-03
   3.45483190e+02  -5.46710158e-04
   3.45483678e+02   2.02742335e-03
   3.45484166e+02   1.90960674e-03
   3.45484655e+02   8.26911884e-04
   3.45485143e+02   5.83237212e-04
   3.45485631e+02   1.00655343e-05
   3.45486120e+02  -7.25592545e-04
   3.45486608e+02   1.20060351e-04
   3.45487096e+02   6.56247081e-04
   3.45487584e+02  -1.21322088e-03
   3.45488073e+02  -2.99029844e-03
   3.45488561e+02  -2.67841225e-03
   3.45489049e+02  -2.02567503e-03
   3.45489538e+02  -1.42421597e-03
   3.45490026e+02  -3.92917063e-05
   3.45490514e+02   1.11884416e-04
   3.45491003e+02  -4.84189310e-04
   3.45491491e+02  -2.63841590e-04
   3.45491979e+02   5.42927184e-04
   3.45492468e+02   8.68602830e-04
   3.45492956e+02   5.52451122e-04
   3.45493444e+02   2.86411436e-04
   3.45493933e+02  -3.68829351e-04
   3.45494421e+02  -1.31983112e-03
   3.45494909e+02  -1.59996538e-03
   3.45495398e+02  -9.12561722e-04
   3.45495886e+02  -3.86347121e-04
   3.45496374e+02  -1.00303360e-03
   3.45496863e+02  -1.25606207e-03
   3.45497351e+02  -1.55408157e-03
   3.45497839e+02  -2.68559973e-03
   3.45498328e+02  -2.62404815e-03
   3.45498816e+02  -6.04241155e-04
   3.45499304e+02   1.29715446e-03
   3.45499792e+02   6.49021124e-04
   3.45500281e+02  -2.06791773e-03
   3.45500769e+02  -2.62873876e-03
   3.45501257e+02  -8.84574547e-04
   3.45501746e+02  -3.84429703e-04
   3.45502234e+02  -5.18936256e-04
   3.45502722e+02  -5.32492879e-04
   3.45503211e+02  -5.48131298e-04
   3.45503699e+02  -2.33657222e-04
   3.45504187e+02  -3.01884575e-05
   3.45504676e+02   2.88472802e-04
   3.45505164e+02  -2.19830195e-04
   3.45505652e+02  -1.03202742e-03
   3.45506141e+02  -1.01935095e-03
   3.45506629e+02  -6.49946334e-04
   3.45507117e+02  -6.81915379e-04
   3.45507606e+02  -1.27491180e-03
   3.45508094e+02  -1.59867981e-03
   3.45508582e+02  -1.20589626e-03
   3.45509071e+02   9.15315904e-05
   3.45509559e+02   1.67478772e-03
   3.45510047e+02   1.13714999e-03
   3.45510535e+02  -1.01660052e-03
   3.45511024e+02  -2.55664438e-03
   3.45511512e+02  -1.64971978e-03
   3.45512000e+02   8.85360874e-04
   3.45512489e+02   1.48822274e-03
   3.45512977e+02   6.23560743e-04
   3.45513465e+02   7.23555044e-04
   3.45513954e+02  -7.38181989e-04
   3.45514442e+02  -1.68763974e-03
   3.45514930e+02   3.12586199e-04
   3.45515419e+02   2.19093659e-03
   3.45515907e+02   1.68511842e-03
   3.45516395e+02   6.90638204e-04
   3.45516884e+02   1.34442537e-03
   3.45517372e+02   2.64342106e-03
   3.45517860e+02   1.88252982e-03
   3.45518349e+02   5.57887543e-04
   3.45518837e+02  -4.92385589e-04
   3.45519325e+02  -1.74077728e-03
   3.45519814e+02  -1.36213726e-03
   3.45520302e+02   8.00894704e-05
   3.45520790e+02   1.60724667e-04
   3.45521278e+02  -8.00918031e-04
   3.45521767e+02  -1.30332005e-03
   3.45522255e+02  -5.91535063e-04
   3.45522743e+02   4.66840254e-04
   3.45523232e+02  -3.76699434e-04
   3.45523720e+02  -1.81295152e-03
   3.45524208e+02  -1.52698567e-03
   3.45524697e+02  -5.63545036e-04
   3.45525185e+02  -3.78576369e-05
   3.45525673e+02   4.20716766e-04
   3.45526162e+02   6.88763044e-04
   3.45526650e+02   2.20403483e-04
   3.45527138e+02  -1.20767378e-04
   3.45527627e+02   7.21915276e-04
   3.45528115e+02   2.26585241e-03
   3.45528603e+02   3.16360150e-03
   3.45529092e+02   2.45418609e-03
   3.45529580e+02   1.48404157e-03
   3.45530068e+02   6.75635994e-04
   3.45530557e+02  -2.04995056e-04
   3.45531045e+02  -3.75906326e-04
   3.45531533e+02  -8.41070083e-04
   3.45532022e+02  -9.93073918e-04
   3.45532510e+02  -1.50282300e-04
   3.45532998e+02  -1.57395159e-04
   3.45533486e+02  -4.09950962e-06
   3.45533975e+02   6.87558844e-04
   3.45534463e+02   2.20225309e-04
   3.45534951e+02  -2.67801166e-04
   3.45535440e+02  -1.81048235e-04
   3.45535928e+02  -9.41913109e-04
   3.45536416e+02  -1.13161653e-03
   3.45536905e+02  -2.20046844e-03
   3.45537393e+02  -4.09805775e-03
   3.45537881e+02  -3.85489478e-03
   3.45538370e+02  -2.33923271e-03
   3.45538858e+02  -1.96604151e-03
   3.45539346e+02  -9.43750434e-04
   3.45539835e+02   6.39455684e-04
   3.45540323e+02  -3.16817568e-05
   3.45540811e+02  -1.23376376e-03
   3.45541300e+02  -6.20010251e-04
   3.45541788e+02  -3.97984433e-04
   3.45542276e+02  -7.11259141e-04
   3.45542765e+02  -4.16946132e-04
   3.45543253e+02  -2.68621166e-04
   3.45543741e+02   2.82629277e-04
   3.45544229e+02   1.62417418e-03
   3.45544718e+02   2.02022865e-03
   3.45545206e+02   1.00809638e-03
   3.45545694e+02   7.00400036e-04
   3.45546183e+02   8.09265242e-04
   3.45546671e+02   2.40982517e-05
   3.45547159e+02   7.03689002e-05
   3.45547648e+02   1.24981103e-03
   3.45548136e+02   1.35772908e-03
   3.45548624e+02   4.74672997e-04
   3.45549113e+02   2.16325439e-04
   3.45549601e+02   4.26625251e-04
   3.45550089e+02   7.44330871e-04
   3.45550578e+02   6.88948319e-04
   3.45551066e+02   1.06726402e-04
   3.45551554e+02   4.59594070e-04
   3.45552043e+02   1.46534643e-03
   3.45552531e+02   1.10643462e-03
   3.45553019e+02  -2.52563157e-04
   3.45553508e+02  -1.38532754e-03
   3.45553996e+02  -1.86549849e-03
   3.45554484e+02  -2.28542881e-03
   3.45554972e+02  -2.21581524e-03
   3.45555461e+02  -1.56373275e-03
   3.45555949e+02  -4.59138450e-04
   3.45556437e+02   3.40532395e-04
   3.45556926e+02   1.65281002e-04
   3.45557414e+02   3.03214299e-04
   3.45557902e+02   4.64867335e-04
   3.45558391e+02   1.45640253e-04
   3.45558879e+02   2.40898313e-04
   3.45559367e+02  -5.72590070e-05
   3.45559856e+02  -8.95485107e-04
   3.45560344e+02  -9.00664076e-04
   3.45560832e+02  -7.39849347e-04
   3.45561321e+02  -3.27875168e-05
   3.45561809e+02   2.54214450e-04
   3.45562297e+02  -6.06900838e-04
   3.45562786e+02  -8.76966282e-04
   3.45563274e+02   5.21956244e-04
   3.45563762e+02   1.80224096e-03
   3.45564251e+02   1.28985953e-03
   3.45564739e+02   8.88183073e-04
   3.45565227e+02   9.59019526e-04
   3.45565716e+02   4.86554112e-04
   3.45566204e+02   5.23329771e-04
   3.45566692e+02   1.14113709e-03
   3.45567180e+02   1.46398542e-03
   3.45567669e+02   1.06824224e-03
   3.45568157e+02   8.37188971e-04
   3.45568645e+02   1.02523318e-03
   3.45569134e+02   5.77301427e-04
   3.45569622e+02  -4.07235319e-04
   3.45570110e+02  -1.70381938e-03
   3.45570599e+02  -1.38175732e-03
   3.45571087e+02   9.05524066e-04
   3.45571575e+02   2.34231795e-03
   3.45572064e+02   2.07033404e-03
   3.45572552e+02   1.33658585e-03
   3.45573040e+02   3.45311186e-04
   3.45573529e+02  -4.60536503e-05
   3.45574017e+02   2.66837131e-04
   3.45574505e+02   1.20142731e-03
   3.45574994e+02   1.36466685e-03
   3.45575482e+02   7.08115636e-04
   3.45575970e+02   3.79541947e-04
   3.45576459e+02   8.24187999e-04
   3.45576947e+02   7.50671432e-04
   3.45577435e+02  -2.13277046e-04
   3.45577923e+02  -4.56959213e-04
   3.45578412e+02  -5.56743296e-04
   3.45578900e+02  -1.28164387e-03
   3.45579388e+02  -5.66315022e-04
   3.45579877e+02   8.68600793e-04
   3.45580365e+02   6.60983671e-04
   3.45580853e+02   3.12927907e-04
   3.45581342e+02   1.05312734e-03
   3.45581830e+02   8.38121632e-04
   3.45582318e+02   1.54568086e-04
   3.45582807e+02   6.08378323e-04
   3.45583295e+02   1.71577511e-03
   3.45583783e+02   1.26012194e-03
   3.45584272e+02   3.92273359e-04
   3.45584760e+02   1.60842389e-03
   3.45585248e+02   1.47519610e-03
   3.45585737e+02   1.10550469e-03
   3.45586225e+02   2.29241583e-03
   3.45586713e+02   2.37875292e-03
   3.45587202e+02   1.42880832e-03
   3.45587690e+02   1.14771559e-04
   3.45588178e+02  -1.11804588e-03
   3.45588666e+02  -8.98575294e-04
   3.45589155e+02   1.00991805e-03
   3.45589643e+02   1.85487804e-03
   3.45590131e+02   4.97962756e-04
   3.45590620e+02  -1.21712983e-05
   3.45591108e+02   1.00465573e-03
   3.45591596e+02   2.59385933e-03
   3.45592085e+02   3.73958517e-03
   3.45592573e+02   3.49604315e-03
   3.45593061e+02   2.57803337e-03
   3.45593550e+02   3.18324589e-03
   3.45594038e+02   5.12259454e-03
   3.45594526e+02   6.14896510e-03
   3.45595015e+02   6.18456351e-03
   3.45595503e+02   6.81416411e-03
   3.45595991e+02   1.04678553e-02
   3.45596480e+02   1.20614246e-02
   3.45596968e+02   1.28729632e-02
   3.45597456e+02   1.52933905e-02
   3.45597945e+02   1.62471645e-02
   3.45598433e+02   1.86723322e-02
   3.45598921e+02   2.54911669e-02
   3.45599410e+02   3.44971344e-02
   3.45599898e+02   4.44072746e-02
   3.45600386e+02   5.67248240e-02
   3.45600874e+02   7.24041089e-02
   3.45601363e+02   9.27476808e-02
   3.45601851e+02   1.15579911e-01
   3.45602339e+02   1.40978158e-01
   3.45602828e+02   1.73085511e-01
   3.45603316e+02   2.13170439e-01
   3.45603804e+02   2.47384459e-01
   3.45604293e+02   2.63756841e-01
   3.45604781e+02   2.73108095e-01
   3.45605269e+02   2.77048856e-01
   3.45605758e+02   2.74127901e-01
   3.45606246e+02   2.83438593e-01
   3.45606734e+02   3.03115845e-01
   3.45607223e+02   3.25796187e-01
   3.45607711e+02   3.28192741e-01
   3.45608199e+02   3.08380812e-01
   3.45608688e+02   2.73098767e-01
   3.45609176e+02   2.31890529e-01
   3.45609664e+02   1.93411872e-01
   3.45610153e+02   1.57983273e-01
   3.45610641e+02   1.26176894e-01
   3.45611129e+02   9.88574252e-02
   3.45611617e+02   7.61171877e-02
   3.45612106e+02   5.82279675e-02
   3.45612594e+02   4.41095047e-02
   3.45613082e+02   3.28520685e-02
   3.45613571e+02   2.54360735e-02
   3.45614059e+02   2.04998814e-02
   3.45614547e+02   1.60398018e-02
   3.45615036e+02   1.21889478e-02
   3.45615524e+02   1.00946222e-02
   3.45616012e+02   9.57319513e-03
   3.45616501e+02   8.06537736e-03
   3.45616989e+02   6.51562586e-03
   3.45617477e+02   4.99494653e-03
   3.45617966e+02   3.39360954e-03
   3.45618454e+02   3.38127068e-03
   3.45618942e+02   3.46657052e-03
   3.45619431e+02   2.34298361e-03
   3.45619919e+02   1.24209293e-03
   3.45620407e+02   8.66830989e-04
   3.45620896e+02   1.50379690e-03
   3.45621384e+02   1.81608705e-03
   3.45621872e+02   1.12269400e-03
   3.45622360e+02   1.01408653e-03
   3.45622849e+02   1.17333094e-03
   3.45623337e+02   4.54572000e-04
   3.45623825e+02  -6.26250767e-05
   3.45624314e+02   3.55277152e-04
   3.45624802e+02   7.25454942e-04
   3.45625290e+02   2.75243103e-04
   3.45625779e+02   1.71227395e-04
   3.45626267e+02   5.64770540e-04
   3.45626755e+02   7.92900624e-04
   3.45627244e+02   5.41962683e-04
   3.45627732e+02  -6.58204837e-04
   3.45628220e+02  -7.42167176e-04
   3.45628709e+02  -3.33316166e-06
   3.45629197e+02  -1.06740692e-04
   3.45629685e+02  -8.75099329e-04
   3.45630174e+02  -1.60784426e-03
   3.45630662e+02  -1.44953409e-03
   3.45631150e+02  -6.35864562e-04
   3.45631639e+02  -4.89188998e-04
   3.45632127e+02  -7.97668239e-04
   3.45632615e+02   3.12857410e-05
   3.45633104e+02   1.10412017e-03
   3.45633592e+02   9.87275154e-04
   3.45634080e+02   1.46999984e-04
   3.45634568e+02   3.16290971e-04
   3.45635057e+02   7.12845533e-04
   3.45635545e+02  -2.73307349e-04
   3.45636033e+02  -5.38154331e-04
   3.45636522e+02   2.27682631e-05
   3.45637010e+02  -9.42358820e-05
   3.45637498e+02  -5.20225032e-04
   3.45637987e+02  -8.78843857e-05
   3.45638475e+02   9.42071783e-04
   3.45638963e+02   8.63663852e-04
   3.45639452e+02  -3.01376713e-04
   3.45639940e+02  -2.45032308e-04
   3.45640428e+02   6.01260224e-04
   3.45640917e+02   7.87387253e-05
   3.45641405e+02   7.43463635e-04
   3.45641893e+02   2.38151173e-03
   3.45642382e+02   8.65181093e-04
   3.45642870e+02   6.00532512e-04
   3.45643358e+02   1.34532084e-03
   3.45643847e+02  -3.88875080e-04
   3.45644335e+02  -1.03375490e-03
   3.45644823e+02  -5.60605549e-05
   3.45645311e+02   8.52264347e-04
   3.45645800e+02   1.31522142e-03
   3.45646288e+02   4.68174898e-04
   3.45646776e+02  -4.20622346e-05
   3.45647265e+02   1.29261403e-03
   3.45647753e+02   1.19718933e-03
   3.45648241e+02  -3.56335891e-04
   3.45648730e+02  -5.99247105e-05
   3.45649218e+02   1.00980478e-03
   3.45649706e+02   4.84206073e-04
   3.45650195e+02  -5.10228041e-04
   3.45650683e+02  -6.34682656e-04
   3.45651171e+02  -5.87171118e-04
   3.45651660e+02   1.10149085e-05
   3.45652148e+02   1.11121964e-03
   3.45652636e+02   1.50153239e-03
   3.45653125e+02   1.38486444e-03
   3.45653613e+02   1.85954117e-03
   3.45654101e+02   1.92356796e-03
   3.45654590e+02   1.72667508e-03
   3.45655078e+02   1.21495058e-03
   3.45655566e+02   9.53698414e-04
   3.45656055e+02   7.68516678e-04
   3.45656543e+02   1.09456165e-03
   3.45657031e+02   9.98498290e-04
   3.45657519e+02   5.99817547e-04
   3.45658008e+02   1.49727240e-03
   3.45658496e+02   1.43939303e-03
   3.45658984e+02  -7.32562476e-05
   3.45659473e+02  -7.54424138e-04
   3.45659961e+02   8.46267903e-06
   3.45660449e+02   1.71027577e-03
   3.45660938e+02   2.08942476e-03
   3.45661426e+02   1.75640441e-03
   3.45661914e+02   2.16346397e-03
   3.45662403e+02   1.79695315e-03
   3.45662891e+02   2.63219728e-04
   3.45663379e+02  -6.32324518e-05
   3.45663868e+02   1.05525914e-03
   3.45664356e+02   1.75250915e-03
   3.45664844e+02   1.38276187e-03
   3.45665333e+02  -2.04182783e-04
   3.45665821e+02  -1.08434923e-03
   3.45666309e+02  -3.94931005e-04
   3.45666798e+02   3.13999568e-04
   3.45667286e+02   1.41985030e-04
   3.45667774e+02   4.47330822e-05
   3.45668262e+02   3.88296903e-04
   3.45668751e+02   7.09596614e-04
   3.45669239e+02   3.23353051e-05
   3.45669727e+02  -1.27466745e-03
   3.45670216e+02  -1.38974236e-03
   3.45670704e+02  -7.22738914e-05
   3.45671192e+02   1.11536018e-03
   3.45671681e+02   8.62123852e-04
   3.45672169e+02  -8.56394065e-04
   3.45672657e+02  -1.25012477e-03
   3.45673146e+02  -6.74929106e-05
   3.45673634e+02  -5.46915689e-04
   3.45674122e+02  -9.78039578e-04
   3.45674611e+02  -4.77738358e-04
   3.45675099e+02  -1.29016087e-04
   3.45675587e+02   2.95038481e-04
   3.45676076e+02   2.20227128e-04
   3.45676564e+02   2.47831194e-04
   3.45677052e+02   1.68180256e-03
   3.45677541e+02   2.55109370e-03
   3.45678029e+02   2.21840269e-03
   3.45678517e+02   1.47494045e-03
   3.45679005e+02  -1.21569072e-04
   3.45679494e+02  -1.54767861e-03
   3.45679982e+02  -1.57851959e-03
   3.45680470e+02  -3.27214715e-04
   3.45680959e+02   3.45484121e-04
   3.45681447e+02   5.80622116e-04
   3.45681935e+02   1.06844731e-04
   3.45682424e+02  -7.25249294e-04
   3.45682912e+02  -2.66909192e-04
   3.45683400e+02   3.17821454e-04
   3.45683889e+02  -2.27920391e-05
   3.45684377e+02  -3.06667702e-04
   3.45684865e+02  -3.13934142e-04
   3.45685354e+02  -1.34058378e-03
   3.45685842e+02  -1.47281506e-03
   3.45686330e+02   4.76892979e-04
   3.45686819e+02   1.08966744e-03
   3.45687307e+02  -2.93255434e-04
   3.45687795e+02  -2.14384767e-04
   3.45688284e+02   8.66353337e-04
   3.45688772e+02   1.59384497e-03
   3.45689260e+02   1.32858136e-03
   3.45689749e+02  -1.30733360e-05
   3.45690237e+02   1.13410424e-04
   3.45690725e+02   8.40450637e-04
   3.45691213e+02   9.34678304e-04
   3.45691702e+02   4.25865292e-05
   3.45692190e+02  -1.38935866e-03
   3.45692678e+02  -1.32169074e-03
   3.45693167e+02  -9.03220905e-04
   3.45693655e+02  -2.31493716e-04
   3.45694143e+02   4.24391765e-04
   3.45694632e+02   2.23014431e-04
   3.45695120e+02   1.01685408e-04
   3.45695608e+02  -2.65485898e-04
   3.45696097e+02  -1.59972184e-03
   3.45696585e+02  -2.58302665e-03
   3.45697073e+02  -1.92808453e-03
   3.45697562e+02  -9.56866308e-04
   3.45698050e+02  -2.39380141e-04
   3.45698538e+02   3.12803109e-04
   3.45699027e+02   1.56361639e-04
   3.45699515e+02  -6.69700908e-04
   3.45700003e+02  -2.30598240e-03
   3.45700492e+02  -2.66520330e-03
   3.45700980e+02  -9.83730075e-04
   3.45701468e+02   6.10065239e-04
   3.45701956e+02   1.62716093e-03
   3.45702445e+02   1.17660570e-03
   3.45702933e+02   3.33254313e-04
   3.45703421e+02  -7.53330474e-04
   3.45703910e+02  -1.38929824e-03
   3.45704398e+02  -7.92295439e-04
   3.45704886e+02   4.99923190e-05
   3.45705375e+02   3.05287860e-04
   3.45705863e+02   8.87648144e-04
   3.45706351e+02   1.21782348e-03
   3.45706840e+02  -3.30239680e-04
   3.45707328e+02  -2.03480828e-03
   3.45707816e+02  -2.38723005e-03
   3.45708305e+02  -1.78656378e-03
   3.45708793e+02  -3.33074102e-04
   3.45709281e+02   6.08690199e-04
   3.45709770e+02   9.60714970e-05
   3.45710258e+02  -1.10910495e-03
   3.45710746e+02  -7.83472962e-04
   3.45711235e+02   1.19565986e-04
   3.45711723e+02   4.83990618e-04
   3.45712211e+02  -4.74110246e-04
   3.45712699e+02  -9.14943404e-04
   3.45713188e+02   1.98863039e-04
   3.45713676e+02   9.70830210e-04
   3.45714164e+02   5.29486279e-04
   3.45714653e+02   1.00882340e-03
   3.45715141e+02   1.78558612e-03
   3.45715629e+02   3.03088920e-03
   3.45716118e+02   2.63161282e-03
   3.45716606e+02  -1.90622799e-04
   3.45717094e+02  -1.19282969e-03
   3.45717583e+02  -4.87855228e-04
   3.45718071e+02  -5.39495377e-04
   3.45718559e+02  -1.08706579e-03
   3.45719048e+02  -1.49595435e-03
   3.45719536e+02  -1.35144475e-03
   3.45720024e+02  -8.86586029e-04
   3.45720513e+02  -6.27112982e-04
   3.45721001e+02  -8.33660539e-04
   3.45721489e+02   3.45936496e-06
   3.45721978e+02   1.35083101e-03
   3.45722466e+02   2.01120926e-03
   3.45722954e+02   1.50908402e-03
   3.45723443e+02   3.82087164e-04
   3.45723931e+02  -6.74473529e-04
   3.45724419e+02  -1.36968144e-03
   3.45724907e+02  -1.44997798e-03
   3.45725396e+02  -4.40036267e-04
   3.45725884e+02   2.30284044e-04
   3.45726372e+02   7.39298528e-04
   3.45726861e+02   9.25988541e-04
   3.45727349e+02  -9.20497041e-05
   3.45727837e+02  -9.95101436e-05
   3.45728326e+02   3.67283705e-04
   3.45728814e+02  -1.74516800e-03
   3.45729302e+02  -2.76372931e-03
   3.45729791e+02  -3.15117621e-04
   3.45730279e+02   1.22391514e-03
   3.45730767e+02   7.56983878e-04
   3.45731256e+02   6.35638775e-04
   3.45731744e+02  -1.13592797e-03
   3.45732232e+02  -3.13861622e-03
   3.45732721e+02  -1.61422766e-03
   3.45733209e+02   1.40841282e-03
   3.45733697e+02   2.19236780e-03
   3.45734186e+02   1.47431740e-03
   3.45734674e+02   9.64276085e-04
   3.45735162e+02  -9.59558238e-05
   3.45735650e+02  -7.82261137e-04
   3.45736139e+02  -3.78796016e-04
   3.45736627e+02  -1.17841664e-04
   3.45737115e+02  -5.35296167e-05
   3.45737604e+02   2.30066857e-04
   3.45738092e+02   5.96648431e-04
   3.45738580e+02   8.95184290e-04
   3.45739069e+02   9.70933004e-04
   3.45739557e+02  -4.74656437e-04
   3.45740045e+02  -1.58949918e-03
   3.45740534e+02  -5.65864611e-04
   3.45741022e+02  -1.10978915e-04
   3.45741510e+02  -1.42353168e-03
   3.45741999e+02  -1.59448804e-03
   3.45742487e+02  -2.66548479e-04
   3.45742975e+02   3.20224557e-04
   3.45743464e+02  -7.29057821e-04
   3.45743952e+02  -1.45713834e-03
   3.45744440e+02  -6.67655782e-04
   3.45744929e+02  -5.21027192e-04
   3.45745417e+02  -1.92459673e-03
   3.45745905e+02  -2.73796963e-03
   3.45746393e+02  -1.08362839e-03
   3.45746882e+02   3.35748016e-04
   3.45747370e+02   2.35233329e-05
   3.45747858e+02   3.86991451e-04
   3.45748347e+02   1.12528994e-03
   3.45748835e+02   1.06141774e-03
   3.45749323e+02   5.11468679e-04
   3.45749812e+02   3.71428323e-05
   3.45750300e+02  -3.04443238e-04
   3.45750788e+02  -9.94139235e-04
   3.45751277e+02  -2.10185070e-03
   3.45751765e+02  -2.45663826e-03
   3.45752253e+02  -1.60951470e-03
   3.45752742e+02  -6.10851741e-04
   3.45753230e+02   1.07660970e-04
   3.45753718e+02   1.37368679e-05
   3.45754207e+02  -1.34533574e-03
   3.45754695e+02  -1.14771398e-03
   3.45755183e+02   4.95494693e-04
   3.45755672e+02   1.64031959e-03
   3.45756160e+02   1.63691491e-03
   3.45756648e+02   8.53915350e-04
   3.45757137e+02   1.35888637e-03
   3.45757625e+02   2.03733868e-03
   3.45758113e+02   1.86977407e-03
   3.45758601e+02   1.82627118e-03
   3.45759090e+02   1.11525960e-03
   3.45759578e+02   3.63552739e-04
   3.45760066e+02   3.73901828e-04
   3.45760555e+02   7.62516458e-04
   3.45761043e+02   2.73998186e-04
   3.45761531e+02  -1.04925421e-03
   3.45762020e+02  -1.38738309e-03
   3.45762508e+02  -4.42666642e-04
   3.45762996e+02   5.02982730e-05
   3.45763485e+02  -2.23785930e-04
   3.45763973e+02   1.98752314e-04
   3.45764461e+02   7.61911971e-04
   3.45764950e+02   1.84034419e-04
   3.45765438e+02  -1.66299535e-04
   3.45765926e+02  -1.60257870e-04
   3.45766415e+02  -3.98580712e-04
   3.45766903e+02  -1.38899568e-03
   3.45767391e+02  -1.73973618e-03
   3.45767880e+02  -4.46891390e-05
   3.45768368e+02   8.80432141e-04
   3.45768856e+02   1.32254080e-03
   3.45769344e+02   1.03531126e-03
   3.45769833e+02  -9.17918107e-04
   3.45770321e+02  -4.67390724e-04
   3.45770809e+02   9.18844831e-04
   3.45771298e+02   1.90248899e-03
   3.45771786e+02   1.68915035e-03
   3.45772274e+02  -4.89987258e-04
   3.45772763e+02  -1.67942012e-03
   3.45773251e+02  -1.23651652e-03
   3.45773739e+02  -9.60811856e-04
   3.45774228e+02  -2.70103978e-04
   3.45774716e+02   2.74018894e-05
   3.45775204e+02  -2.50658020e-04
   3.45775693e+02  -4.80095070e-04
   3.45776181e+02  -1.26325048e-03
   3.45776669e+02  -1.73145742e-03
   3.45777158e+02  -1.48263725e-03
   3.45777646e+02  -1.53967924e-03
   3.45778134e+02  -1.06739497e-03
   3.45778623e+02  -8.59801949e-05
   3.45779111e+02   1.00025893e-04
   3.45779599e+02  -7.02333404e-04
   3.45780087e+02  -6.16636826e-04
   3.45780576e+02  -1.76662841e-04
   3.45781064e+02  -3.46071145e-04
   3.45781552e+02   3.81848367e-04
   3.45782041e+02   2.28170422e-03
   3.45782529e+02   2.04021716e-03
   3.45783017e+02  -2.72218866e-04
   3.45783506e+02  -1.69505901e-03
   3.45783994e+02  -5.04582829e-04
   3.45784482e+02   1.42201514e-03
   3.45784971e+02   1.71479757e-03
   3.45785459e+02   7.85316282e-04
   3.45785947e+02  -1.09939056e-03
   3.45786436e+02  -1.51255110e-03
   3.45786924e+02  -4.93130879e-04
   3.45787412e+02  -5.62028727e-04
   3.45787901e+02  -1.38158165e-03
   3.45788389e+02  -1.25499128e-03
   3.45788877e+02  -3.48410889e-04
   3.45789366e+02  -5.37526612e-05
   3.45789854e+02   2.10732993e-04
   3.45790342e+02   1.49857224e-04
   3.45790831e+02   1.19682685e-04
   3.45791319e+02   3.02274129e-04
   3.45791807e+02   2.89265998e-04
   3.45792295e+02  -6.35803386e-04
   3.45792784e+02  -7.86763732e-04
   3.45793272e+02   6.57445868e-04
   3.45793760e+02   4.12895024e-04
   3.45794249e+02  -5.89237716e-05
   3.45794737e+02   8.58169980e-04
   3.45795225e+02  -1.02893391e-04
   3.45795714e+02  -9.96017712e-04
   3.45796202e+02  -6.67086788e-05
   3.45796690e+02   4.06857958e-04
   3.45797179e+02  -6.60548103e-04
   3.45797667e+02  -2.28685583e-03
   3.45798155e+02  -1.27361598e-03
   3.45798644e+02   1.98780000e-03
   3.45799132e+02   2.33829836e-03
   3.45799620e+02   4.62895579e-04
   3.45800109e+02   2.40123745e-06
   3.45800597e+02   2.57440784e-04
   3.45801085e+02  -2.61984591e-04
   3.45801574e+02  -2.66575778e-04
   3.45802062e+02   4.08546563e-04
   3.45802550e+02  -5.31930491e-05
   3.45803038e+02  -1.09238690e-03
   3.45803527e+02  -1.69194303e-03
   3.45804015e+02  -2.47918046e-03
   3.45804503e+02  -3.12690670e-03
   3.45804992e+02  -2.80916644e-03
   3.45805480e+02  -1.72851107e-03
   3.45805968e+02  -8.18115659e-04
   3.45806457e+02   4.71162348e-04
   3.45806945e+02   1.44792802e-03
   3.45807433e+02   6.32780720e-04
   3.45807922e+02   5.95005811e-04
   3.45808410e+02   8.25531781e-04
   3.45808898e+02  -1.28039435e-04
   3.45809387e+02   3.40320403e-05
   3.45809875e+02  -5.51515957e-04
   3.45810363e+02  -1.85800157e-03
   3.45810852e+02  -1.49025570e-03
   3.45811340e+02  -1.29932794e-03
   3.45811828e+02  -1.81498646e-03
   3.45812317e+02  -2.10042135e-03
   3.45812805e+02  -4.74957691e-04
   3.45813293e+02   1.72663503e-03
   3.45813781e+02   1.51278940e-03
   3.45814270e+02   3.57866724e-04
   3.45814758e+02   1.22318534e-05
   3.45815246e+02  -2.16606815e-04
   3.45815735e+02  -1.43514283e-03
   3.45816223e+02  -3.12106428e-03
   3.45816711e+02  -3.22580501e-03
   3.45817200e+02  -1.63919607e-03
   3.45817688e+02   6.96998730e-04
   3.45818176e+02   1.76993338e-03
   3.45818665e+02   1.37229334e-03
   3.45819153e+02   4.45558748e-04
   3.45819641e+02  -1.54425579e-04
   3.45820130e+02   1.04179629e-03
   3.45820618e+02   9.82941943e-04
   3.45821106e+02  -9.26706649e-04
   3.45821595e+02  -1.93757564e-03
   3.45822083e+02  -1.07551436e-03
   3.45822571e+02  -3.73737974e-04
   3.45823060e+02  -4.09154803e-04
   3.45823548e+02   6.97689014e-04
   3.45824036e+02   8.45662784e-04
   3.45824525e+02  -8.85389280e-04
   3.45825013e+02  -1.35610963e-03
   3.45825501e+02  -2.39732894e-04
   3.45825989e+02  -2.96982180e-05
   3.45826478e+02  -2.49010569e-04
   3.45826966e+02   6.86783693e-04
   3.45827454e+02   1.02198205e-03
   3.45827943e+02   4.60944924e-04
   3.45828431e+02  -3.93911934e-04
   3.45828919e+02   6.33289572e-04
   3.45829408e+02   1.56616513e-03
   3.45829896e+02   1.23273081e-03
   3.45830384e+02   1.79976691e-04
   3.45830873e+02  -2.27962722e-04
   3.45831361e+02   2.78558233e-04
   3.45831849e+02   7.29434832e-04
   3.45832338e+02   2.89216929e-04
   3.45832826e+02  -2.44016206e-04
   3.45833314e+02  -3.66636086e-04
   3.45833803e+02  -4.43392375e-04
   3.45834291e+02   3.31537958e-05
   3.45834779e+02  -1.72804488e-04
   3.45835268e+02  -8.37635365e-04
   3.45835756e+02  -1.11381221e-03
   3.45836244e+02  -1.00429927e-03
   3.45836732e+02  -1.47771454e-04
   3.45837221e+02   1.18989556e-03
   3.45837709e+02   1.03953341e-03
   3.45838197e+02  -2.23615443e-05
   3.45838686e+02  -3.94250324e-04
   3.45839174e+02   2.55594612e-04
   3.45839662e+02   5.00794908e-04
   3.45840151e+02  -2.31912461e-04
   3.45840639e+02   4.86654390e-05
   3.45841127e+02   1.47677748e-03
   3.45841616e+02   2.48391344e-03
   3.45842104e+02   1.62025122e-03
   3.45842592e+02  -9.88833723e-04
   3.45843081e+02  -1.40363129e-03
   3.45843569e+02   3.75028379e-04
   3.45844057e+02   9.29754024e-05
   3.45844546e+02  -2.44255154e-03
   3.45845034e+02  -3.86932120e-03
   3.45845522e+02  -1.77378778e-03
   3.45846011e+02   1.64743338e-03
   3.45846499e+02   1.73328817e-03
   3.45846987e+02   1.18915385e-04
   3.45847476e+02   3.87272070e-04
   3.45847964e+02   1.25683576e-03
   3.45848452e+02   1.29243196e-03
   3.45848940e+02   5.40841778e-04
   3.45849429e+02  -3.01334250e-04
   3.45849917e+02  -4.59661649e-04
   3.45850405e+02  -6.06770511e-04
   3.45850894e+02  -2.26680597e-04
   3.45851382e+02   4.67557373e-04
   3.45851870e+02   1.72013406e-05
   3.45852359e+02  -7.66981757e-05
   3.45852847e+02  -6.00612802e-05
   3.45853335e+02  -7.35173235e-04
   3.45853824e+02  -1.71473389e-03
   3.45854312e+02  -2.48547597e-03
   3.45854800e+02  -1.58343452e-03
   3.45855289e+02  -2.51970050e-04
   3.45855777e+02  -1.03452255e-03
   3.45856265e+02  -1.58138119e-03
   3.45856754e+02  -1.23093545e-03
   3.45857242e+02  -1.48927129e-03
   3.45857730e+02  -1.25836954e-03
   3.45858219e+02   7.60679832e-04
   3.45858707e+02   2.50602677e-03
   3.45859195e+02   2.46949005e-03
   3.45859683e+02   6.86536310e-04
   3.45860172e+02  -1.41484430e-03
   3.45860660e+02  -9.22964362e-04
   3.45861148e+02   3.90462781e-04
   3.45861637e+02   5.56043989e-04
   3.45862125e+02   7.77319190e-04
   3.45862613e+02  -1.49896819e-04
   3.45863102e+02  -5.75120910e-04
   3.45863590e+02  -5.25736134e-04
   3.45864078e+02  -1.36904477e-03
   3.45864567e+02  -9.55010939e-04
   3.45865055e+02   8.17844004e-04
   3.45865543e+02   1.65818632e-03
   3.45866032e+02   8.96804966e-04
   3.45866520e+02   7.62461859e-04
   3.45867008e+02   1.79380621e-03
   3.45867497e+02   2.76898663e-03
   3.45867985e+02   2.60383636e-03
   3.45868473e+02   1.37412490e-03
   3.45868962e+02   1.07741816e-05
   3.45869450e+02  -6.34591794e-04
   3.45869938e+02  -3.22400039e-04
   3.45870426e+02   9.94270900e-04
   3.45870915e+02   1.84038316e-03
   3.45871403e+02   1.00516644e-03
   3.45871891e+02  -3.51129391e-04
   3.45872380e+02  -7.15721282e-04
   3.45872868e+02  -3.34880257e-04
   3.45873356e+02   6.75430128e-05
   3.45873845e+02   7.26818398e-04
   3.45874333e+02   4.03121201e-04
   3.45874821e+02  -8.56228464e-04
   3.45875310e+02  -5.48410870e-04
   3.45875798e+02  -3.37265665e-04
   3.45876286e+02  -9.25981731e-04
   3.45876775e+02  -8.68438161e-04
   3.45877263e+02   1.18987264e-04
   3.45877751e+02   7.15554866e-04
   3.45878240e+02  -6.90410525e-05
   3.45878728e+02  -2.42274022e-04
   3.45879216e+02   3.02376538e-05
   3.45879705e+02  -3.21037805e-04
   3.45880193e+02   9.49253299e-05
   3.45880681e+02   1.64889509e-03
   3.45881170e+02   1.94982404e-03
   3.45881658e+02   6.26897789e-04
   3.45882146e+02   6.09467214e-04
   3.45882634e+02   1.54536124e-03
   3.45883123e+02   1.36321492e-03
   3.45883611e+02   5.28807519e-04
   3.45884099e+02   6.44911197e-04
   3.45884588e+02   9.57586046e-04
   3.45885076e+02   1.15001225e-03
   3.45885564e+02   8.16762738e-04
   3.45886053e+02  -4.69332626e-05
   3.45886541e+02  -4.05417377e-04
   3.45887029e+02  -1.06697436e-03
   3.45887518e+02  -2.72112666e-03
   3.45888006e+02  -1.00264163e-03
   3.45888494e+02   8.79021318e-05
   3.45888983e+02  -9.12107702e-04
   3.45889471e+02  -1.33900472e-03
   3.45889959e+02  -1.37539886e-04
   3.45890448e+02   1.46806217e-03
   3.45890936e+02   1.79749192e-03
   3.45891424e+02   4.56753594e-04
   3.45891913e+02  -8.32161168e-04
   3.45892401e+02  -1.33344578e-03
   3.45892889e+02  -5.09897654e-04
   3.45893377e+02   1.20955124e-03
   3.45893866e+02   1.46895251e-03
   3.45894354e+02   4.84961638e-04
   3.45894842e+02  -8.77367740e-04
   3.45895331e+02  -7.43632088e-04
   3.45895819e+02   3.74519470e-04
   3.45896307e+02  -4.73611290e-04
   3.45896796e+02  -9.91249457e-04
   3.45897284e+02  -7.09188462e-04
   3.45897772e+02  -8.55461229e-04
   3.45898261e+02  -1.31772866e-03
   3.45898749e+02  -1.25222327e-03
   3.45899237e+02  -3.92375368e-04
   3.45899726e+02  -4.59973351e-04
   3.45900214e+02  -5.47785661e-04
   3.45900702e+02  -2.40906113e-04
   3.45901191e+02  -6.87427528e-04
   3.45901679e+02  -9.17167054e-04
   3.45902167e+02  -7.74901884e-04
   3.45902656e+02  -4.62472759e-04
   3.45903144e+02   3.12230666e-04
   3.45903632e+02   1.23055058e-03
   3.45904120e+02   1.50073133e-03
   3.45904609e+02   6.44427200e-04
   3.45905097e+02  -1.54249894e-04
   3.45905585e+02  -6.54424832e-04
   3.45906074e+02  -9.37637349e-04
   3.45906562e+02  -2.12149316e-04
   3.45907050e+02   5.20602152e-05
   3.45907539e+02   4.49515297e-04
   3.45908027e+02   7.67135934e-04
   3.45908515e+02   4.85326425e-04
   3.45909004e+02   7.49176717e-04
   3.45909492e+02   1.08934043e-03
   3.45909980e+02   8.64529502e-05
   3.45910469e+02  -4.85934608e-04
   3.45910957e+02   1.63445991e-04
   3.45911445e+02  -3.99974146e-04
   3.45911934e+02  -1.59901148e-03
   3.45912422e+02  -9.42303857e-04
   3.45912910e+02  -1.38925418e-04
   3.45913399e+02   3.58719408e-04
   3.45913887e+02   1.93951605e-03
   3.45914375e+02   1.69493980e-03
   3.45914864e+02  -5.43670671e-04
   3.45915352e+02  -7.26900937e-04
   3.45915840e+02   1.44027435e-04
   3.45916328e+02  -1.96022957e-04
   3.45916817e+02  -8.51727091e-04
   3.45917305e+02   4.45649901e-04
   3.45917793e+02   1.64324732e-03
   3.45918282e+02   1.18720101e-03
   3.45918770e+02   9.94873233e-04
   3.45919258e+02   1.30096718e-03
   3.45919747e+02   9.53496667e-04
   3.45920235e+02   2.85249960e-04
   3.45920723e+02  -7.09753149e-05
   3.45921212e+02   7.28717423e-05
   3.45921700e+02  -5.70536067e-04
   3.45922188e+02  -1.64724467e-03
   3.45922677e+02  -1.73366664e-03
   3.45923165e+02  -3.38043552e-04
   3.45923653e+02   4.59784176e-04
   3.45924142e+02  -1.00323418e-03
   3.45924630e+02  -2.57523661e-03
   3.45925118e+02  -3.79233528e-03
   3.45925607e+02  -3.77361313e-03
   3.45926095e+02  -2.22072122e-03
   3.45926583e+02  -1.41823338e-03
   3.45927071e+02  -4.01911355e-04
   3.45927560e+02   2.09420286e-05
   3.45928048e+02  -8.01251328e-04
   3.45928536e+02  -1.67370075e-04
   3.45929025e+02   4.99496411e-04
   3.45929513e+02  -4.52199514e-04
   3.45930001e+02   2.61088338e-04
   3.45930490e+02   1.77553564e-03
   3.45930978e+02   1.52444118e-03
   3.45931466e+02   8.64158443e-04
   3.45931955e+02   4.16485593e-04
   3.45932443e+02  -7.66240177e-04
   3.45932931e+02  -2.68379838e-04
   3.45933420e+02   1.00617949e-03
   3.45933908e+02  -9.73680872e-04
   3.45934396e+02  -1.86981563e-03
   3.45934885e+02  -1.21756624e-04
   3.45935373e+02   5.55589446e-04
   3.45935861e+02   8.31699581e-05
   3.45936350e+02   3.58942954e-04
   3.45936838e+02   5.22109913e-04
   3.45937326e+02   1.35921247e-04
   3.45937814e+02  -7.56662303e-07
   3.45938303e+02  -6.63615763e-04
   3.45938791e+02  -1.10626779e-03
   3.45939279e+02  -9.25176137e-04
   3.45939768e+02  -1.00760511e-03
   3.45940256e+02  -1.34148216e-03
   3.45940744e+02  -8.58467829e-04
   3.45941233e+02   5.00821741e-04
   3.45941721e+02   1.17859116e-03
   3.45942209e+02   9.96991294e-05
   3.45942698e+02  -5.51874982e-04
   3.45943186e+02   2.63125345e-04
   3.45943674e+02   1.53723394e-03
   3.45944163e+02   1.39136112e-03
