frequency (GHz), flux (Jy/beam)
   3.43899310e+02   2.64409871e-04
   3.43899798e+02   5.04101277e-04
   3.43900286e+02   1.38278949e-04
   3.43900774e+02  -2.46921467e-04
   3.43901263e+02   4.38556453e-05
   3.43901751e+02   4.17993084e-04
   3.43902239e+02   1.58230949e-04
   3.43902728e+02  -5.40205510e-04
   3.43903216e+02  -7.29806488e-04
   3.43903704e+02  -3.30221606e-04
   3.43904193e+02   3.81747304e-05
   3.43904681e+02   2.75104510e-04
   3.43905169e+02   4.51490254e-04
   3.43905658e+02   2.39516841e-04
   3.43906146e+02  -1.85061417e-05
   3.43906634e+02  -1.02626807e-04
   3.43907122e+02  -3.06310772e-04
   3.43907611e+02  -5.10270882e-04
   3.43908099e+02  -4.72367072e-04
   3.43908587e+02  -1.52587352e-04
   3.43909076e+02   5.44923751e-05
   3.43909564e+02   9.30626084e-06
   3.43910052e+02   1.69130115e-04
   3.43910541e+02   4.34076355e-04
   3.43911029e+02   5.40048117e-04
   3.43911517e+02   7.40215764e-04
   3.43912006e+02   8.37566855e-04
   3.43912494e+02   5.38852823e-04
   3.43912982e+02   1.86031408e-04
   3.43913470e+02   2.45701405e-04
   3.43913959e+02   4.20709577e-04
   3.43914447e+02   2.98800966e-04
   3.43914935e+02   3.25069443e-04
   3.43915424e+02   3.72301147e-04
   3.43915912e+02   3.58015095e-05
   3.43916400e+02  -1.92761348e-04
   3.43916889e+02   1.40365315e-04
   3.43917377e+02   5.72366931e-04
   3.43917865e+02   5.22351358e-04
   3.43918354e+02   2.12491708e-04
   3.43918842e+02  -4.46594531e-05
   3.43919330e+02  -4.73949127e-04
   3.43919818e+02  -7.65275501e-04
   3.43920307e+02  -4.81681927e-04
   3.43920795e+02  -2.96752871e-04
   3.43921283e+02  -4.93668602e-04
   3.43921772e+02  -6.29696005e-04
   3.43922260e+02  -5.09561505e-04
   3.43922748e+02  -2.83214787e-04
   3.43923237e+02  -4.79294191e-04
   3.43923725e+02  -5.78384148e-04
   3.43924213e+02  -1.40073360e-04
   3.43924702e+02   7.76953748e-05
   3.43925190e+02  -2.40078429e-04
   3.43925678e+02  -6.70706970e-04
   3.43926166e+02  -5.54498925e-04
   3.43926655e+02   9.79242541e-05
   3.43927143e+02   4.06582141e-04
   3.43927631e+02  -9.65365252e-05
   3.43928120e+02  -4.36325558e-04
   3.43928608e+02  -3.49275913e-04
   3.43929096e+02  -2.11000937e-04
   3.43929585e+02  -6.41479710e-05
   3.43930073e+02  -2.85635382e-04
   3.43930561e+02  -7.36219168e-04
   3.43931050e+02  -6.16198289e-04
   3.43931538e+02  -1.49290281e-04
   3.43932026e+02   6.64056133e-05
   3.43932514e+02   2.19139969e-04
   3.43933003e+02   9.76685915e-05
   3.43933491e+02  -2.60167144e-04
   3.43933979e+02  -3.79183562e-04
   3.43934468e+02  -4.00371850e-04
   3.43934956e+02  -4.42015647e-04
   3.43935444e+02  -4.41056647e-04
   3.43935933e+02  -2.54994404e-04
   3.43936421e+02   2.30646474e-04
   3.43936909e+02   6.57331489e-04
   3.43937398e+02   6.83195540e-04
   3.43937886e+02   2.94214988e-04
   3.43938374e+02  -1.31814246e-04
   3.43938863e+02  -2.89795542e-04
   3.43939351e+02  -2.31585509e-04
   3.43939839e+02   1.24658211e-04
   3.43940327e+02   2.04387936e-04
   3.43940816e+02  -4.96256143e-05
   3.43941304e+02  -1.66979080e-05
   3.43941792e+02   3.28996655e-04
   3.43942281e+02   5.63665701e-04
   3.43942769e+02   2.06028155e-04
   3.43943257e+02  -1.80441057e-04
   3.43943746e+02  -2.52213969e-04
   3.43944234e+02  -2.38147724e-04
   3.43944722e+02  -3.02526551e-05
   3.43945211e+02  -2.12293489e-05
   3.43945699e+02  -7.91895145e-05
   3.43946187e+02   1.67982624e-04
   3.43946675e+02   2.64335918e-04
   3.43947164e+02   2.43479357e-04
   3.43947652e+02   1.56020222e-04
   3.43948140e+02   2.85867281e-05
   3.43948629e+02   9.87448875e-05
   3.43949117e+02   3.08816234e-04
   3.43949605e+02   1.97364425e-04
   3.43950094e+02  -6.84091647e-05
   3.43950582e+02  -2.14384869e-04
   3.43951070e+02  -2.90641881e-04
   3.43951559e+02  -7.71677223e-05
   3.43952047e+02   1.46174381e-04
   3.43952535e+02   6.36432378e-05
   3.43953023e+02   1.96723675e-04
   3.43953512e+02   3.75272095e-04
   3.43954000e+02   1.34425631e-04
   3.43954488e+02   7.25948439e-06
   3.43954977e+02   2.14037267e-04
   3.43955465e+02   3.79109289e-04
   3.43955953e+02   1.01060024e-04
   3.43956442e+02  -1.80106708e-05
   3.43956930e+02  -7.14878188e-05
   3.43957418e+02   6.69485280e-06
   3.43957907e+02   3.02154622e-05
   3.43958395e+02  -4.48794570e-04
   3.43958883e+02  -6.11936732e-04
   3.43959371e+02  -3.36454686e-04
   3.43959860e+02  -3.19740240e-04
   3.43960348e+02  -3.62258608e-04
   3.43960836e+02  -6.72541937e-05
   3.43961325e+02   1.50298176e-04
   3.43961813e+02  -1.98090158e-04
   3.43962301e+02  -3.21038242e-04
   3.43962790e+02   1.68323095e-04
   3.43963278e+02   1.86694990e-04
   3.43963766e+02  -8.09687481e-05
   3.43964255e+02   4.51126398e-05
   3.43964743e+02   2.10330938e-04
   3.43965231e+02   9.32150870e-05
   3.43965719e+02  -6.82333848e-05
   3.43966208e+02  -4.34992144e-05
   3.43966696e+02  -6.98867370e-06
   3.43967184e+02   1.19943164e-04
   3.43967673e+02   2.02322684e-04
   3.43968161e+02   1.09362772e-04
   3.43968649e+02   1.63920660e-04
   3.43969138e+02   2.03811345e-04
   3.43969626e+02   1.57478164e-04
   3.43970114e+02   1.00824829e-04
   3.43970603e+02   7.73378342e-05
   3.43971091e+02   2.90154479e-04
   3.43971579e+02   2.83548085e-04
   3.43972067e+02  -3.12495249e-04
   3.43972556e+02  -6.30063179e-04
   3.43973044e+02  -3.50774761e-04
   3.43973532e+02  -4.34011134e-04
   3.43974021e+02  -3.46701388e-04
   3.43974509e+02  -7.08379885e-05
   3.43974997e+02  -1.65903431e-04
   3.43975486e+02  -1.14924864e-04
   3.43975974e+02  -5.25925680e-05
   3.43976462e+02  -2.28635967e-04
   3.43976951e+02  -1.28457061e-04
   3.43977439e+02   1.96441193e-04
   3.43977927e+02   1.29550126e-05
   3.43978416e+02  -1.63472025e-04
   3.43978904e+02   1.45163984e-04
   3.43979392e+02   2.75214872e-04
   3.43979880e+02   5.12225324e-06
   3.43980369e+02  -1.70535015e-04
   3.43980857e+02  -1.85351950e-04
   3.43981345e+02  -6.79959048e-05
   3.43981834e+02   1.15608258e-04
   3.43982322e+02   6.12529984e-05
   3.43982810e+02   2.18408983e-04
   3.43983299e+02   4.87600046e-04
   3.43983787e+02   4.95255867e-04
   3.43984275e+02   2.74380902e-04
   3.43984764e+02   7.25522987e-05
   3.43985252e+02  -1.08920125e-04
   3.43985740e+02  -1.78640519e-04
   3.43986228e+02   9.52944829e-05
   3.43986717e+02   3.58204095e-04
   3.43987205e+02   2.37630316e-04
   3.43987693e+02   1.73411419e-04
   3.43988182e+02   3.52629315e-04
   3.43988670e+02   1.58585259e-04
   3.43989158e+02  -7.00367746e-05
   3.43989647e+02   9.38865851e-05
   3.43990135e+02   3.32756535e-05
   3.43990623e+02  -2.54666025e-04
   3.43991112e+02  -2.92116863e-04
   3.43991600e+02  -6.37269477e-06
   3.43992088e+02   3.96517338e-04
   3.43992576e+02   4.33700363e-04
   3.43993065e+02   1.82432676e-04
   3.43993553e+02   3.40622828e-05
   3.43994041e+02  -5.75548365e-05
   3.43994530e+02  -9.93297072e-05
   3.43995018e+02  -3.19023893e-05
   3.43995506e+02   8.46575276e-05
   3.43995995e+02   3.65271371e-05
   3.43996483e+02  -1.65079342e-04
   3.43996971e+02  -7.86432138e-05
   3.43997460e+02   7.22358818e-05
   3.43997948e+02   1.22646714e-04
   3.43998436e+02   4.64096025e-04
   3.43998924e+02   6.49881084e-04
   3.43999413e+02   4.56374808e-04
   3.43999901e+02   2.78954190e-04
   3.44000389e+02   2.14688873e-04
   3.44000878e+02   2.11444014e-04
   3.44001366e+02   1.22214595e-04
   3.44001854e+02  -2.43451403e-04
   3.44002343e+02  -2.75723607e-04
   3.44002831e+02  -1.86503501e-04
   3.44003319e+02  -1.25591323e-04
   3.44003808e+02   6.85629930e-05
   3.44004296e+02  -1.95763409e-04
   3.44004784e+02  -4.63077769e-04
   3.44005272e+02  -2.10619459e-04
   3.44005761e+02  -3.68371584e-05
   3.44006249e+02  -2.02400261e-04
   3.44006737e+02  -1.05974796e-04
   3.44007226e+02   5.53187820e-05
   3.44007714e+02  -1.25635255e-04
   3.44008202e+02  -1.84958713e-04
   3.44008691e+02   4.19133976e-05
   3.44009179e+02   5.25078329e-04
   3.44009667e+02   7.20924465e-04
   3.44010156e+02   2.84214388e-04
   3.44010644e+02  -1.52440829e-04
   3.44011132e+02  -8.72598393e-05
   3.44011620e+02   3.51483359e-05
   3.44012109e+02  -1.90730614e-04
   3.44012597e+02  -1.58629962e-04
   3.44013085e+02  -1.72996864e-04
   3.44013574e+02  -3.50399467e-04
   3.44014062e+02  -3.61166196e-04
   3.44014550e+02  -1.08781001e-04
   3.44015039e+02   1.92480875e-04
   3.44015527e+02   1.14366012e-04
   3.44016015e+02   2.86777004e-06
   3.44016504e+02   1.21055775e-04
   3.44016992e+02   3.18801118e-04
   3.44017480e+02   4.71699896e-04
   3.44017969e+02   2.02947504e-05
   3.44018457e+02  -5.01485833e-04
   3.44018945e+02  -4.57700400e-04
   3.44019433e+02  -2.48813158e-04
   3.44019922e+02  -1.17869662e-04
   3.44020410e+02  -2.25951895e-04
   3.44020898e+02  -1.21468111e-04
   3.44021387e+02   2.35341271e-04
   3.44021875e+02   1.14795672e-04
   3.44022363e+02   1.01992009e-04
   3.44022852e+02   3.04135581e-04
   3.44023340e+02   6.49926442e-05
   3.44023828e+02  -4.03328188e-04
   3.44024317e+02  -5.41530957e-04
   3.44024805e+02  -1.71502528e-04
   3.44025293e+02   2.53387727e-04
   3.44025781e+02   1.89410552e-04
   3.44026270e+02  -7.90884515e-05
   3.44026758e+02  -3.73776602e-05
   3.44027246e+02   7.06774590e-05
   3.44027735e+02  -1.03458297e-05
   3.44028223e+02  -1.48168838e-04
   3.44028711e+02  -2.81717366e-04
   3.44029200e+02  -4.05424886e-04
   3.44029688e+02  -2.58101412e-04
   3.44030176e+02   1.09997971e-04
   3.44030665e+02   2.45176663e-04
   3.44031153e+02   3.88766821e-05
   3.44031641e+02  -1.52130408e-04
   3.44032129e+02  -1.18160635e-04
   3.44032618e+02  -1.04006365e-04
   3.44033106e+02  -6.69022702e-05
   3.44033594e+02   2.12924453e-04
   3.44034083e+02   4.37915471e-04
   3.44034571e+02   3.14293953e-04
   3.44035059e+02   2.95600330e-04
   3.44035548e+02   4.35171125e-04
   3.44036036e+02   2.24673509e-04
   3.44036524e+02   1.01497280e-04
   3.44037013e+02   1.90253064e-04
   3.44037501e+02   2.08480473e-04
   3.44037989e+02   2.29007841e-04
   3.44038477e+02   1.58807772e-04
   3.44038966e+02  -7.21244651e-05
   3.44039454e+02  -2.75811239e-04
   3.44039942e+02  -2.34101117e-05
   3.44040431e+02   3.38367478e-04
   3.44040919e+02   1.70238854e-04
   3.44041407e+02  -1.01174948e-04
   3.44041896e+02   1.48818974e-04
   3.44042384e+02   3.53931508e-04
   3.44042872e+02   1.78540606e-04
   3.44043361e+02   1.14045768e-04
   3.44043849e+02   1.64888716e-05
   3.44044337e+02  -1.19930955e-04
   3.44044825e+02  -1.28548912e-04
   3.44045314e+02  -4.16036091e-05
   3.44045802e+02   5.53914106e-05
   3.44046290e+02   6.12090298e-05
   3.44046779e+02  -1.34703718e-04
   3.44047267e+02  -1.73684602e-04
   3.44047755e+02   1.48529973e-04
   3.44048244e+02   4.12697147e-04
   3.44048732e+02   5.11583232e-04
   3.44049220e+02   4.79829439e-04
   3.44049709e+02   5.72517863e-04
   3.44050197e+02   4.51007276e-04
   3.44050685e+02   1.44303151e-04
   3.44051173e+02   7.20245007e-05
   3.44051662e+02   7.09971646e-05
   3.44052150e+02   1.56453258e-04
   3.44052638e+02   3.50704009e-04
   3.44053127e+02   2.86273746e-04
   3.44053615e+02   2.24928299e-04
   3.44054103e+02   4.98434936e-04
   3.44054592e+02   7.23479374e-04
   3.44055080e+02   4.59911826e-04
   3.44055568e+02  -2.41069560e-04
   3.44056057e+02  -6.69913949e-04
   3.44056545e+02  -6.79326709e-04
   3.44057033e+02  -6.71555346e-04
   3.44057522e+02  -7.54382228e-04
   3.44058010e+02  -7.61375530e-04
   3.44058498e+02  -5.28629869e-04
   3.44058986e+02  -3.18424107e-04
   3.44059475e+02  -2.06632671e-04
   3.44059963e+02  -4.62150128e-05
   3.44060451e+02   2.66098486e-05
   3.44060940e+02  -6.13199882e-05
   3.44061428e+02  -1.85456200e-04
   3.44061916e+02  -3.30509996e-04
   3.44062405e+02  -5.00841241e-04
   3.44062893e+02  -5.42145397e-04
   3.44063381e+02  -3.16594233e-04
   3.44063870e+02  -7.62114869e-05
   3.44064358e+02  -6.79205987e-05
   3.44064846e+02  -6.78614815e-05
   3.44065334e+02  -2.08823039e-05
   3.44065823e+02  -2.97221286e-05
   3.44066311e+02  -6.78653887e-05
   3.44066799e+02  -1.16107323e-04
   3.44067288e+02  -6.95642011e-05
   3.44067776e+02   1.84020610e-04
   3.44068264e+02   2.49488017e-04
   3.44068753e+02   1.79176845e-04
   3.44069241e+02   3.92436996e-05
   3.44069729e+02  -1.44790552e-04
   3.44070218e+02  -1.01273879e-04
   3.44070706e+02   1.15448980e-04
   3.44071194e+02   2.73813435e-04
   3.44071682e+02   4.05716506e-04
   3.44072171e+02   4.85017314e-04
   3.44072659e+02   4.61638003e-04
   3.44073147e+02   4.17181582e-04
   3.44073636e+02   1.14246941e-04
   3.44074124e+02   9.37234290e-05
   3.44074612e+02   4.86863602e-04
   3.44075101e+02   4.33532754e-04
   3.44075589e+02   1.80829607e-04
   3.44076077e+02   2.29566154e-04
   3.44076566e+02   2.77255254e-04
   3.44077054e+02   2.28373494e-04
   3.44077542e+02   3.57553974e-04
   3.44078030e+02   6.62464998e-04
   3.44078519e+02   7.84883625e-04
   3.44079007e+02   5.34830673e-04
   3.44079495e+02  -2.15122236e-05
   3.44079984e+02  -5.13292616e-04
   3.44080472e+02  -3.53515876e-04
   3.44080960e+02   1.71131280e-04
   3.44081449e+02   5.61786350e-04
   3.44081937e+02   5.19295980e-04
   3.44082425e+02  -3.47067180e-05
   3.44082914e+02  -2.43342904e-04
   3.44083402e+02   3.38723854e-04
   3.44083890e+02   8.43664980e-04
   3.44084378e+02   6.64985739e-04
   3.44084867e+02   2.86711613e-04
   3.44085355e+02   6.74452822e-05
   3.44085843e+02   3.09773577e-06
   3.44086332e+02   4.65823689e-07
   3.44086820e+02   1.70174535e-05
   3.44087308e+02  -3.09512761e-05
   3.44087797e+02  -3.14181307e-05
   3.44088285e+02   1.91998974e-04
   3.44088773e+02   1.70744679e-04
   3.44089262e+02  -2.23940806e-05
   3.44089750e+02  -5.41047557e-05
   3.44090238e+02  -9.14978664e-05
   3.44090726e+02  -3.99453565e-05
   3.44091215e+02   2.72869423e-04
   3.44091703e+02   2.40088630e-04
   3.44092191e+02   7.54149660e-05
   3.44092680e+02   1.51873028e-04
   3.44093168e+02  -1.41550918e-04
   3.44093656e+02  -6.03498658e-04
   3.44094145e+02  -6.84489671e-04
   3.44094633e+02  -4.82735719e-04
   3.44095121e+02  -2.77534826e-04
   3.44095610e+02  -2.77986517e-04
   3.44096098e+02  -3.91887384e-04
   3.44096586e+02  -3.10315751e-04
   3.44097075e+02  -2.16029919e-04
   3.44097563e+02  -3.29021132e-04
   3.44098051e+02  -1.63824850e-04
   3.44098539e+02   1.62678320e-04
   3.44099028e+02   7.87109166e-05
   3.44099516e+02  -1.20371944e-04
   3.44100004e+02   5.58849715e-05
   3.44100493e+02   3.69327900e-04
   3.44100981e+02   2.88702606e-04
   3.44101469e+02   9.06617879e-06
   3.44101958e+02   3.72533977e-05
   3.44102446e+02   3.69888039e-05
   3.44102934e+02  -3.62034829e-04
   3.44103423e+02  -6.00994972e-04
   3.44103911e+02  -4.50894702e-04
   3.44104399e+02  -3.24208377e-04
   3.44104887e+02  -1.16430150e-04
   3.44105376e+02   3.65567053e-06
   3.44105864e+02   6.74197872e-05
   3.44106352e+02   4.44405130e-04
   3.44106841e+02   5.83772548e-04
   3.44107329e+02   3.18416918e-04
   3.44107817e+02   3.05572205e-04
   3.44108306e+02   3.63306142e-04
   3.44108794e+02   5.27896418e-06
   3.44109282e+02  -2.97530671e-04
   3.44109771e+02  -4.19847405e-04
   3.44110259e+02  -2.83069065e-04
   3.44110747e+02   4.02391925e-06
   3.44111235e+02   4.85853343e-05
   3.44111724e+02  -2.44473522e-05
   3.44112212e+02   6.07324910e-05
   3.44112700e+02   2.69366836e-04
   3.44113189e+02   3.72224691e-04
   3.44113677e+02   5.43927774e-04
   3.44114165e+02   6.12867065e-04
   3.44114654e+02   3.46423010e-04
   3.44115142e+02  -1.40571447e-05
   3.44115630e+02  -3.37034697e-04
   3.44116119e+02  -3.05373309e-04
   3.44116607e+02   1.09007951e-05
   3.44117095e+02   2.63392110e-04
   3.44117583e+02   4.86995297e-04
   3.44118072e+02   4.57728194e-04
   3.44118560e+02   4.06526597e-05
   3.44119048e+02  -2.30153193e-04
   3.44119537e+02  -3.11371026e-04
   3.44120025e+02  -1.79506242e-04
   3.44120513e+02   1.34844871e-04
   3.44121002e+02   3.60724429e-04
   3.44121490e+02   2.27015640e-04
   3.44121978e+02  -1.22570011e-04
   3.44122467e+02  -3.61603772e-04
   3.44122955e+02  -5.73658443e-04
   3.44123443e+02  -3.85835505e-04
   3.44123931e+02   2.05459233e-04
   3.44124420e+02   5.26214542e-04
   3.44124908e+02   5.27798024e-04
   3.44125396e+02   5.11632999e-04
   3.44125885e+02   4.98705718e-04
   3.44126373e+02   4.03903454e-04
   3.44126861e+02   2.77717714e-04
   3.44127350e+02   6.39092686e-05
   3.44127838e+02  -1.42987759e-04
   3.44128326e+02   1.84218443e-05
   3.44128815e+02   2.49992881e-04
   3.44129303e+02   7.56476002e-05
   3.44129791e+02  -1.20732548e-04
   3.44130279e+02  -4.50943844e-05
   3.44130768e+02   2.41199250e-05
   3.44131256e+02   2.63954698e-05
   3.44131744e+02   1.91086059e-04
   3.44132233e+02   1.55636895e-04
   3.44132721e+02   1.53034453e-05
   3.44133209e+02   2.48835713e-04
   3.44133698e+02   3.30370298e-04
   3.44134186e+02   9.10172967e-05
   3.44134674e+02  -7.44260324e-05
   3.44135163e+02  -2.02248819e-04
   3.44135651e+02  -7.00641831e-05
   3.44136139e+02  -1.38600983e-04
   3.44136628e+02  -3.02902830e-04
   3.44137116e+02  -2.67750875e-04
   3.44137604e+02  -2.97974388e-04
   3.44138092e+02  -4.36390255e-05
   3.44138581e+02   1.96752735e-04
   3.44139069e+02   2.45251809e-04
   3.44139557e+02   2.59509514e-04
   3.44140046e+02  -2.08056117e-05
   3.44140534e+02  -1.07672437e-04
   3.44141022e+02  -3.41805608e-05
   3.44141511e+02  -1.38945412e-04
   3.44141999e+02  -8.77730199e-05
   3.44142487e+02   2.09961974e-04
   3.44142976e+02   2.61535519e-04
   3.44143464e+02   9.96219387e-05
   3.44143952e+02  -6.51758892e-05
   3.44144440e+02  -7.10252934e-05
   3.44144929e+02   3.84422689e-04
   3.44145417e+02   5.02151262e-04
   3.44145905e+02   2.09078891e-04
   3.44146394e+02   2.38999448e-04
   3.44146882e+02   2.57900974e-04
   3.44147370e+02   1.74075190e-04
   3.44147859e+02   8.55044200e-05
   3.44148347e+02  -2.01567236e-05
   3.44148835e+02   5.78488980e-05
   3.44149324e+02   6.96264033e-05
   3.44149812e+02   1.31469424e-04
   3.44150300e+02   1.39607320e-04
   3.44150788e+02   1.32214136e-05
   3.44151277e+02   5.50146069e-05
   3.44151765e+02  -1.04866827e-04
   3.44152253e+02  -1.55185218e-04
   3.44152742e+02   1.07317559e-04
   3.44153230e+02   1.45962578e-04
   3.44153718e+02  -1.28382599e-04
   3.44154207e+02  -3.64278530e-04
   3.44154695e+02  -2.83581729e-04
   3.44155183e+02  -1.81277210e-04
   3.44155672e+02  -3.50876915e-04
   3.44156160e+02  -4.87557554e-04
   3.44156648e+02  -5.17128035e-04
   3.44157136e+02  -3.90365283e-04
   3.44157625e+02  -1.19685123e-04
   3.44158113e+02   8.82967288e-05
   3.44158601e+02  -9.02075863e-06
   3.44159090e+02   8.14971863e-05
   3.44159578e+02   4.61258052e-04
   3.44160066e+02   4.36837523e-04
   3.44160555e+02   1.87774727e-04
   3.44161043e+02   1.11999441e-04
   3.44161531e+02   1.14657872e-04
   3.44162020e+02   3.64009102e-05
   3.44162508e+02  -1.25730672e-04
   3.44162996e+02  -1.73292894e-04
   3.44163484e+02  -5.41497029e-05
   3.44163973e+02   4.33619789e-05
   3.44164461e+02   7.16784853e-05
   3.44164949e+02   3.11442927e-05
   3.44165438e+02  -1.53550078e-04
   3.44165926e+02  -2.73755722e-04
   3.44166414e+02  -3.28450915e-05
   3.44166903e+02   3.01877561e-04
   3.44167391e+02   6.52934104e-05
   3.44167879e+02  -3.05782247e-04
   3.44168368e+02  -2.65609386e-04
   3.44168856e+02   9.14588745e-05
   3.44169344e+02   2.43471557e-04
   3.44169832e+02   6.55815456e-05
   3.44170321e+02  -1.46001630e-05
   3.44170809e+02  -3.69515619e-04
   3.44171297e+02  -7.22812081e-04
   3.44171786e+02  -6.83343445e-04
   3.44172274e+02  -6.95275725e-04
   3.44172762e+02  -3.94739793e-04
   3.44173251e+02  -1.59554533e-04
   3.44173739e+02  -2.35853047e-04
   3.44174227e+02  -1.94058648e-05
   3.44174716e+02  -1.86650897e-04
   3.44175204e+02  -4.73336753e-04
   3.44175692e+02  -1.99548827e-04
   3.44176181e+02  -6.73942050e-05
   3.44176669e+02  -1.71670123e-04
   3.44177157e+02  -1.42175108e-04
   3.44177645e+02  -1.24193655e-04
   3.44178134e+02  -2.07807287e-04
   3.44178622e+02  -3.83548409e-04
   3.44179110e+02  -4.44966427e-04
   3.44179599e+02  -2.74227466e-04
   3.44180087e+02  -1.13834634e-04
   3.44180575e+02  -5.66679009e-05
   3.44181064e+02  -1.90107923e-04
   3.44181552e+02  -1.80032730e-04
   3.44182040e+02  -8.90971132e-05
   3.44182529e+02  -2.23073803e-04
   3.44183017e+02  -2.12567422e-04
   3.44183505e+02  -7.30199026e-05
   3.44183993e+02   2.99012027e-05
   3.44184482e+02   2.14870190e-04
   3.44184970e+02   1.65493388e-04
   3.44185458e+02  -6.10211537e-05
   3.44185947e+02  -3.29100612e-06
   3.44186435e+02  -1.20007971e-04
   3.44186923e+02  -1.82338350e-04
   3.44187412e+02   1.26388732e-05
   3.44187900e+02  -4.68564140e-05
   3.44188388e+02  -1.77585214e-04
   3.44188877e+02  -2.79441156e-04
   3.44189365e+02  -1.22464873e-04
   3.44189853e+02   2.12565734e-04
   3.44190341e+02   1.01052719e-04
   3.44190830e+02   1.52859764e-04
   3.44191318e+02   1.00997022e-04
   3.44191806e+02  -1.31886161e-04
   3.44192295e+02  -2.23840732e-04
   3.44192783e+02  -3.75813543e-04
   3.44193271e+02  -2.57629872e-04
   3.44193760e+02   6.24600143e-05
   3.44194248e+02   1.56488706e-04
   3.44194736e+02  -8.34849707e-05
   3.44195225e+02  -9.44440326e-05
   3.44195713e+02   1.96828187e-04
   3.44196201e+02   1.95557423e-05
   3.44196689e+02  -1.52503926e-04
   3.44197178e+02  -4.45858714e-05
   3.44197666e+02  -8.64331378e-06
   3.44198154e+02  -2.11438266e-04
   3.44198643e+02  -2.28519842e-04
   3.44199131e+02   1.15565897e-04
   3.44199619e+02   2.05054253e-04
   3.44200108e+02  -2.01319053e-04
   3.44200596e+02  -4.70851985e-04
   3.44201084e+02  -3.84600746e-04
   3.44201573e+02  -3.45180422e-04
   3.44202061e+02  -1.29847303e-05
   3.44202549e+02   3.29953968e-04
   3.44203037e+02   2.03530537e-04
   3.44203526e+02   2.69882614e-04
   3.44204014e+02   1.74692235e-04
   3.44204502e+02  -3.79231817e-04
   3.44204991e+02  -6.21002167e-04
   3.44205479e+02  -2.22812523e-04
   3.44205967e+02   5.70802549e-05
   3.44206456e+02  -1.92343214e-04
   3.44206944e+02  -3.20273422e-04
   3.44207432e+02  -5.96407808e-05
   3.44207921e+02   2.48089811e-04
   3.44208409e+02   1.77114940e-04
   3.44208897e+02  -1.01880178e-04
   3.44209385e+02  -3.03361339e-05
   3.44209874e+02   3.94856499e-04
   3.44210362e+02   7.17132469e-04
   3.44210850e+02   5.52616199e-04
   3.44211339e+02   3.62665625e-04
   3.44211827e+02   1.58084003e-04
   3.44212315e+02  -3.02008761e-04
   3.44212804e+02  -2.23602081e-04
   3.44213292e+02   1.84874487e-04
   3.44213780e+02   2.62312329e-04
   3.44214269e+02   2.49579443e-05
   3.44214757e+02  -1.74526795e-04
   3.44215245e+02  -2.22881106e-04
   3.44215734e+02  -3.97104915e-04
   3.44216222e+02  -3.40622850e-04
   3.44216710e+02  -5.03661704e-06
   3.44217198e+02   2.01980656e-04
   3.44217687e+02   2.32822553e-04
   3.44218175e+02   5.22368537e-05
   3.44218663e+02  -1.39118158e-04
   3.44219152e+02  -3.52660194e-04
   3.44219640e+02  -3.81397462e-04
   3.44220128e+02  -2.18984016e-04
   3.44220617e+02  -1.16387797e-04
   3.44221105e+02  -2.34099352e-05
   3.44221593e+02   4.34915273e-05
   3.44222082e+02   1.52431585e-05
   3.44222570e+02  -6.50519505e-05
   3.44223058e+02   5.09525780e-05
   3.44223546e+02   3.16807018e-05
   3.44224035e+02  -3.22991720e-04
   3.44224523e+02  -6.23600281e-05
   3.44225011e+02   3.72962619e-04
   3.44225500e+02   1.42689969e-04
   3.44225988e+02  -1.60032971e-04
   3.44226476e+02  -1.43931917e-04
   3.44226965e+02  -1.49768428e-04
   3.44227453e+02  -2.81935121e-04
   3.44227941e+02  -1.69408828e-04
   3.44228430e+02   1.15285708e-04
   3.44228918e+02   2.91246513e-04
   3.44229406e+02   2.65342998e-04
   3.44229894e+02   2.10499493e-04
   3.44230383e+02   1.47506871e-04
   3.44230871e+02  -2.47678137e-04
   3.44231359e+02  -3.78104189e-04
   3.44231848e+02  -1.95666420e-04
   3.44232336e+02  -9.65698928e-06
   3.44232824e+02   1.33280031e-04
   3.44233313e+02   1.43528014e-04
   3.44233801e+02   1.32708010e-04
   3.44234289e+02  -1.07669257e-04
   3.44234778e+02  -3.58797202e-04
   3.44235266e+02  -1.67430248e-04
   3.44235754e+02  -2.26104039e-05
   3.44236242e+02  -7.16869909e-05
   3.44236731e+02   1.21589956e-05
   3.44237219e+02   7.18503725e-05
   3.44237707e+02   2.90392403e-04
   3.44238196e+02   5.91955031e-04
   3.44238684e+02   6.01342472e-04
   3.44239172e+02   4.98706417e-04
   3.44239661e+02   1.31177978e-04
   3.44240149e+02  -5.98349397e-05
   3.44240637e+02  -5.61224697e-05
   3.44241126e+02  -4.15802060e-04
   3.44241614e+02  -5.19439636e-04
   3.44242102e+02  -4.05068931e-05
   3.44242590e+02   1.50535358e-04
   3.44243079e+02   3.36025587e-05
   3.44243567e+02   1.96571476e-04
   3.44244055e+02   3.05975584e-04
   3.44244544e+02   4.26807150e-04
   3.44245032e+02   3.30537645e-04
   3.44245520e+02   2.68291245e-04
   3.44246009e+02   4.19847376e-04
   3.44246497e+02   5.49232136e-05
   3.44246985e+02  -2.71350058e-04
   3.44247474e+02  -1.69284787e-04
   3.44247962e+02  -8.39398053e-05
   3.44248450e+02   1.83217944e-05
   3.44248938e+02  -1.98331356e-04
   3.44249427e+02  -1.31675784e-04
   3.44249915e+02   6.44375687e-05
   3.44250403e+02  -2.96538987e-04
   3.44250892e+02  -3.43995838e-04
   3.44251380e+02  -1.87950209e-04
   3.44251868e+02  -1.18225835e-04
   3.44252357e+02   1.38929390e-04
   3.44252845e+02  -3.49113288e-05
   3.44253333e+02  -3.04557150e-04
   3.44253822e+02  -1.97223068e-04
   3.44254310e+02  -3.09688039e-04
   3.44254798e+02  -6.20721199e-04
   3.44255286e+02  -5.24675241e-04
   3.44255775e+02  -4.35295806e-05
   3.44256263e+02   2.49069941e-04
   3.44256751e+02   9.65619620e-05
   3.44257240e+02  -8.61907683e-05
   3.44257728e+02   2.80676450e-05
   3.44258216e+02   9.10301533e-05
   3.44258705e+02   1.63247474e-04
   3.44259193e+02   1.06670996e-04
   3.44259681e+02  -4.88628975e-05
   3.44260170e+02   1.91936575e-04
   3.44260658e+02   9.15859055e-05
   3.44261146e+02  -3.50311340e-04
   3.44261635e+02  -4.89314727e-04
   3.44262123e+02  -5.31423837e-04
   3.44262611e+02  -5.14337968e-04
   3.44263099e+02  -2.87451432e-04
   3.44263588e+02  -6.38155107e-05
   3.44264076e+02  -3.14092031e-05
   3.44264564e+02  -7.35779395e-05
   3.44265053e+02  -5.79533771e-05
   3.44265541e+02  -2.43069244e-05
   3.44266029e+02   1.42117569e-04
   3.44266518e+02   4.55442962e-04
   3.44267006e+02   4.66458849e-04
   3.44267494e+02   2.36728825e-04
   3.44267983e+02   3.92377638e-04
   3.44268471e+02   7.01298995e-04
   3.44268959e+02   6.22759981e-04
   3.44269447e+02   1.87842059e-04
   3.44269936e+02  -1.49603511e-04
   3.44270424e+02  -2.15969980e-04
   3.44270912e+02  -2.73714511e-04
   3.44271401e+02  -7.47085942e-05
   3.44271889e+02   2.53396807e-04
   3.44272377e+02   1.35679540e-04
   3.44272866e+02  -4.31801891e-05
   3.44273354e+02   5.85752205e-05
   3.44273842e+02   1.93205808e-04
   3.44274331e+02   2.07407094e-04
   3.44274819e+02   6.67874701e-05
   3.44275307e+02  -1.87447920e-04
   3.44275795e+02  -8.75236728e-05
   3.44276284e+02   2.98410276e-04
   3.44276772e+02   2.67177384e-04
   3.44277260e+02  -3.22377491e-05
   3.44277749e+02   2.08936428e-04
   3.44278237e+02   2.75230850e-04
   3.44278725e+02  -7.93994332e-07
   3.44279214e+02   7.24305646e-05
   3.44279702e+02   2.55358726e-04
   3.44280190e+02  -8.77778730e-05
   3.44280679e+02  -5.46156021e-04
   3.44281167e+02  -3.47306253e-04
   3.44281655e+02   1.20433637e-04
   3.44282143e+02   3.83298524e-04
   3.44282632e+02   2.76190840e-04
   3.44283120e+02  -2.08420806e-05
   3.44283608e+02   6.93085603e-05
   3.44284097e+02   2.63581285e-04
   3.44284585e+02   3.09574592e-04
   3.44285073e+02   1.44508580e-04
   3.44285562e+02  -2.51529680e-04
   3.44286050e+02  -4.21189878e-04
   3.44286538e+02  -2.79264117e-04
   3.44287027e+02   3.15162870e-05
   3.44287515e+02   4.47962666e-04
   3.44288003e+02   6.44146465e-04
   3.44288491e+02   5.11519786e-04
   3.44288980e+02   8.95119738e-05
   3.44289468e+02  -1.81762167e-04
   3.44289956e+02  -2.18121004e-05
   3.44290445e+02   2.73951795e-04
   3.44290933e+02   3.96949850e-04
   3.44291421e+02   4.15198912e-04
   3.44291910e+02   6.04797737e-04
   3.44292398e+02   4.08985448e-04
   3.44292886e+02  -1.24913597e-04
   3.44293375e+02  -1.25785635e-04
   3.44293863e+02  -7.30882384e-05
   3.44294351e+02  -2.86879134e-04
   3.44294839e+02  -3.77546472e-04
   3.44295328e+02  -1.84403136e-04
   3.44295816e+02   3.48919944e-04
   3.44296304e+02   7.52124761e-04
   3.44296793e+02   5.87560527e-04
   3.44297281e+02   8.34599996e-05
   3.44297769e+02  -2.36363252e-04
   3.44298258e+02  -4.35443690e-05
   3.44298746e+02   2.29278288e-04
   3.44299234e+02   9.19541344e-05
   3.44299723e+02  -9.06171554e-05
   3.44300211e+02  -2.06849785e-04
   3.44300699e+02  -5.11575898e-04
   3.44301188e+02  -5.03895979e-04
   3.44301676e+02  -2.54760933e-04
   3.44302164e+02  -2.85654998e-04
   3.44302652e+02  -3.95049021e-04
   3.44303141e+02  -3.62781109e-04
   3.44303629e+02  -3.10635660e-04
   3.44304117e+02  -2.75694649e-04
   3.44304606e+02  -1.75154550e-04
   3.44305094e+02  -4.57359238e-05
   3.44305582e+02   1.01791331e-04
   3.44306071e+02   1.88946768e-04
   3.44306559e+02   6.68568464e-05
   3.44307047e+02   4.53933535e-05
   3.44307536e+02  -2.23616262e-05
   3.44308024e+02   1.51797984e-04
   3.44308512e+02  -7.35516096e-06
   3.44309000e+02  -1.77926515e-04
   3.44309489e+02  -2.47372926e-04
   3.44309977e+02  -1.68014929e-04
   3.44310465e+02   2.15531007e-04
   3.44310954e+02   2.23792420e-04
   3.44311442e+02  -1.49282030e-04
   3.44311930e+02  -3.72656621e-04
   3.44312419e+02  -3.18922917e-04
   3.44312907e+02   3.97580652e-06
   3.44313395e+02   1.47703802e-04
   3.44313884e+02  -4.67373366e-06
   3.44314372e+02  -2.80475157e-04
   3.44314860e+02  -4.61687509e-04
   3.44315348e+02  -4.28532483e-04
   3.44315837e+02  -1.66470505e-04
   3.44316325e+02   2.06801691e-04
   3.44316813e+02   2.74982245e-04
   3.44317302e+02   3.47582652e-04
   3.44317790e+02   6.58984180e-04
   3.44318278e+02   7.05815910e-04
   3.44318767e+02   4.06245264e-04
   3.44319255e+02   8.86500129e-05
   3.44319743e+02  -5.40426336e-05
   3.44320232e+02  -1.21589495e-04
   3.44320720e+02  -9.34987838e-05
   3.44321208e+02   1.05988998e-04
   3.44321696e+02   3.01234773e-04
   3.44322185e+02   5.06539654e-04
   3.44322673e+02   6.48510177e-04
   3.44323161e+02   3.92685470e-04
   3.44323650e+02  -4.03504828e-06
   3.44324138e+02   6.34410389e-05
   3.44324626e+02   3.43231950e-04
   3.44325115e+02   2.05251185e-04
   3.44325603e+02  -1.60734839e-04
   3.44326091e+02  -1.54627167e-04
   3.44326580e+02  -1.19433265e-04
   3.44327068e+02  -2.45655800e-04
   3.44327556e+02  -1.97713616e-05
   3.44328044e+02   4.51514294e-04
   3.44328533e+02   4.54766210e-04
   3.44329021e+02   4.38173884e-05
   3.44329509e+02  -1.75367852e-04
   3.44329998e+02  -1.50279957e-04
   3.44330486e+02   6.60066798e-05
   3.44330974e+02   3.58324265e-04
   3.44331463e+02   6.18774153e-04
   3.44331951e+02   6.68739900e-04
   3.44332439e+02   3.77044635e-04
   3.44332928e+02   1.60411320e-04
   3.44333416e+02   2.13565931e-04
   3.44333904e+02   3.83738021e-04
   3.44334392e+02   2.69152690e-04
   3.44334881e+02  -1.20145298e-04
   3.44335369e+02  -4.19959280e-04
   3.44335857e+02  -1.98052468e-04
   3.44336346e+02   2.44567636e-04
   3.44336834e+02   3.89818219e-04
   3.44337322e+02   2.96046201e-04
   3.44337811e+02   1.30672488e-04
   3.44338299e+02   1.18342316e-04
   3.44338787e+02   1.35084076e-04
   3.44339276e+02  -5.25123833e-05
   3.44339764e+02   8.58752901e-05
   3.44340252e+02   3.69258807e-04
   3.44340741e+02   1.08974804e-04
   3.44341229e+02  -2.01000483e-04
   3.44341717e+02  -1.70608022e-04
   3.44342205e+02  -5.25088908e-05
   3.44342694e+02   5.39013417e-05
   3.44343182e+02   2.54570798e-04
   3.44343670e+02   4.17226373e-04
   3.44344159e+02   2.87846051e-04
   3.44344647e+02   3.43214160e-05
   3.44345135e+02   7.65272489e-06
   3.44345624e+02   7.99361296e-05
   3.44346112e+02   1.50668522e-04
   3.44346600e+02   2.72865087e-04
   3.44347089e+02  -9.32399271e-05
   3.44347577e+02  -5.94299694e-04
   3.44348065e+02  -4.87499667e-04
   3.44348553e+02  -1.20901539e-04
   3.44349042e+02   1.44494872e-04
   3.44349530e+02   5.28023156e-05
   3.44350018e+02   4.39225460e-06
   3.44350507e+02   1.24629165e-04
   3.44350995e+02   2.48049269e-04
   3.44351483e+02   4.83113225e-04
   3.44351972e+02   4.01345111e-04
   3.44352460e+02   2.37024051e-05
   3.44352948e+02  -2.57303735e-04
   3.44353437e+02  -1.40258751e-04
   3.44353925e+02   1.01716854e-04
   3.44354413e+02  -4.04459279e-05
   3.44354901e+02  -2.85827409e-04
   3.44355390e+02  -2.97990860e-04
   3.44355878e+02  -2.09554535e-04
   3.44356366e+02  -4.61732088e-05
   3.44356855e+02   9.09966766e-05
   3.44357343e+02   2.06992045e-04
   3.44357831e+02   4.90366772e-04
   3.44358320e+02   6.95275085e-04
   3.44358808e+02   5.10368147e-04
   3.44359296e+02   2.45312200e-04
   3.44359785e+02   2.68177362e-04
   3.44360273e+02   2.21093564e-04
   3.44360761e+02   3.33500240e-04
   3.44361249e+02   3.61078099e-04
   3.44361738e+02   1.12735499e-04
   3.44362226e+02   6.79218283e-06
   3.44362714e+02  -8.39205823e-05
   3.44363203e+02  -3.26731533e-04
   3.44363691e+02  -1.52603126e-04
   3.44364179e+02   2.24513045e-04
   3.44364668e+02   1.59125339e-04
   3.44365156e+02   2.26328775e-04
   3.44365644e+02   4.55166650e-04
   3.44366133e+02   2.76923063e-04
   3.44366621e+02  -2.72093548e-05
   3.44367109e+02  -1.43788522e-04
   3.44367597e+02  -4.10790322e-04
   3.44368086e+02  -2.71697179e-04
   3.44368574e+02   1.27096835e-04
   3.44369062e+02   3.60015256e-04
   3.44369551e+02   6.49035617e-04
   3.44370039e+02   5.27482305e-04
   3.44370527e+02   5.97039252e-05
   3.44371016e+02  -1.65082856e-05
   3.44371504e+02   1.65312624e-04
   3.44371992e+02   2.05110831e-04
   3.44372481e+02   9.73234783e-05
   3.44372969e+02  -6.61853119e-05
   3.44373457e+02   5.08326375e-05
   3.44373945e+02   1.49296015e-04
   3.44374434e+02   9.90904955e-05
   3.44374922e+02   8.26306950e-06
   3.44375410e+02  -2.57062085e-04
   3.44375899e+02  -1.32874004e-04
   3.44376387e+02   1.00101613e-04
   3.44376875e+02  -9.33279953e-05
   3.44377364e+02  -1.73342429e-04
   3.44377852e+02   1.22420452e-05
   3.44378340e+02   1.28917003e-04
   3.44378829e+02  -8.70268195e-05
   3.44379317e+02  -2.78353778e-04
   3.44379805e+02  -1.12996295e-05
   3.44380294e+02   1.37773357e-04
   3.44380782e+02  -1.91168465e-06
   3.44381270e+02  -1.33251844e-04
   3.44381758e+02  -1.83183409e-04
   3.44382247e+02  -5.37414853e-05
   3.44382735e+02   1.08008699e-05
   3.44383223e+02  -3.78664663e-05
   3.44383712e+02   8.25811221e-05
   3.44384200e+02   1.91506391e-04
   3.44384688e+02   7.31250548e-05
   3.44385177e+02  -7.17629227e-05
   3.44385665e+02  -2.83903093e-04
   3.44386153e+02  -4.15987626e-04
   3.44386642e+02  -1.98156282e-04
   3.44387130e+02  -1.61563876e-05
   3.44387618e+02  -3.57692516e-05
   3.44388106e+02   8.53529127e-05
   3.44388595e+02   2.11320599e-04
   3.44389083e+02  -8.36538766e-06
   3.44389571e+02  -8.02600844e-05
   3.44390060e+02   3.83379484e-05
   3.44390548e+02  -3.59149126e-05
   3.44391036e+02  -1.55479633e-04
   3.44391525e+02  -1.40532167e-04
   3.44392013e+02  -9.01375897e-05
   3.44392501e+02  -1.72011045e-04
   3.44392990e+02   2.63859292e-05
   3.44393478e+02   3.98865610e-04
   3.44393966e+02   3.32991709e-04
   3.44394454e+02   1.25413877e-04
   3.44394943e+02   9.84041617e-05
   3.44395431e+02   1.20897203e-04
   3.44395919e+02  -5.83571421e-07
   3.44396408e+02  -3.35898250e-04
   3.44396896e+02  -3.16412770e-04
   3.44397384e+02   3.52042007e-05
   3.44397873e+02   8.50852448e-05
   3.44398361e+02   3.51425006e-05
   3.44398849e+02   2.04674332e-04
   3.44399338e+02   2.13154664e-04
   3.44399826e+02   1.04902698e-04
   3.44400314e+02   7.65824516e-05
   3.44400802e+02   1.82757096e-04
   3.44401291e+02   3.31621442e-04
   3.44401779e+02   3.23375163e-04
   3.44402267e+02   2.33048209e-04
   3.44402756e+02   1.78925358e-04
   3.44403244e+02  -5.96376849e-05
   3.44403732e+02  -2.35404266e-04
   3.44404221e+02  -4.52710810e-05
   3.44404709e+02   2.09592417e-05
   3.44405197e+02  -8.92681928e-05
   3.44405686e+02   3.67800640e-05
   3.44406174e+02   2.10229511e-04
   3.44406662e+02   1.67592789e-05
   3.44407150e+02  -1.98469977e-04
   3.44407639e+02  -2.38227658e-04
   3.44408127e+02  -3.38929909e-04
   3.44408615e+02  -3.86000262e-04
   3.44409104e+02  -2.09161182e-04
   3.44409592e+02   3.52398638e-05
   3.44410080e+02  -7.73874635e-05
   3.44410569e+02  -1.62726690e-04
   3.44411057e+02   8.65633920e-05
   3.44411545e+02   5.15997381e-05
   3.44412034e+02  -9.25442218e-05
   3.44412522e+02  -2.15325097e-04
   3.44413010e+02  -2.16085406e-04
   3.44413498e+02  -1.95442131e-04
   3.44413987e+02  -3.22151638e-04
   3.44414475e+02  -4.70082654e-04
   3.44414963e+02  -3.98461649e-04
   3.44415452e+02   5.56102168e-05
   3.44415940e+02   1.36175404e-05
   3.44416428e+02  -1.92003674e-04
   3.44416917e+02  -1.48609790e-04
   3.44417405e+02  -3.15454206e-04
   3.44417893e+02  -2.68331423e-05
   3.44418382e+02   2.49393110e-04
   3.44418870e+02   2.26567900e-05
   3.44419358e+02  -3.44952496e-05
   3.44419847e+02  -3.64389302e-06
   3.44420335e+02  -3.70826674e-05
   3.44420823e+02  -1.95427943e-04
   3.44421311e+02  -3.87521315e-04
   3.44421800e+02  -3.99716431e-04
   3.44422288e+02  -2.88176001e-04
   3.44422776e+02  -5.18947600e-05
   3.44423265e+02   1.92702282e-04
   3.44423753e+02  -9.75963394e-06
   3.44424241e+02  -2.82801979e-04
   3.44424730e+02   3.18596838e-04
   3.44425218e+02   2.71582743e-04
   3.44425706e+02  -1.04568411e-04
   3.44426195e+02  -8.12960207e-05
   3.44426683e+02  -9.30811802e-05
   3.44427171e+02  -2.47192627e-04
   3.44427659e+02  -4.77218055e-05
   3.44428148e+02  -1.29238269e-05
   3.44428636e+02  -1.76397865e-04
   3.44429124e+02  -1.27368927e-04
   3.44429613e+02  -1.56515875e-04
   3.44430101e+02  -3.29131639e-04
   3.44430589e+02  -1.60315147e-04
   3.44431078e+02   1.38837604e-05
   3.44431566e+02  -2.23783718e-04
   3.44432054e+02  -1.99984206e-04
   3.44432543e+02   1.22768120e-04
   3.44433031e+02   9.95468654e-05
   3.44433519e+02  -8.78329665e-05
   3.44434007e+02  -1.07375687e-04
   3.44434496e+02   4.38863071e-06
   3.44434984e+02   4.87180259e-05
   3.44435472e+02   4.25259423e-05
   3.44435961e+02   1.79574417e-04
   3.44436449e+02   2.47033982e-04
   3.44436937e+02   3.55484546e-04
   3.44437426e+02   7.36672780e-04
   3.44437914e+02   1.08062790e-03
   3.44438402e+02   7.91141414e-04
   3.44438891e+02   2.79886095e-04
   3.44439379e+02  -1.77161681e-04
   3.44439867e+02  -2.70905846e-04
   3.44440355e+02   2.04827011e-04
   3.44440844e+02   5.76263585e-04
   3.44441332e+02   5.23872033e-04
   3.44441820e+02   5.06393204e-04
   3.44442309e+02   6.14416494e-04
   3.44442797e+02   4.77866910e-04
   3.44443285e+02   3.22436477e-04
   3.44443774e+02   4.03278391e-04
   3.44444262e+02   2.33967963e-04
   3.44444750e+02   1.16637297e-04
   3.44445239e+02   2.08920028e-04
   3.44445727e+02   9.62542326e-05
   3.44446215e+02  -1.58726725e-05
   3.44446703e+02   9.89072669e-06
   3.44447192e+02   9.81423291e-05
   3.44447680e+02   1.65205784e-04
   3.44448168e+02   2.59457825e-04
   3.44448657e+02   4.78973845e-04
   3.44449145e+02   4.61831718e-04
   3.44449633e+02   2.67841446e-04
   3.44450122e+02   8.90968513e-05
   3.44450610e+02  -2.65875453e-04
   3.44451098e+02  -6.28844078e-04
   3.44451587e+02  -5.18880144e-04
   3.44452075e+02  -2.37645203e-04
   3.44452563e+02  -2.25948679e-06
   3.44453051e+02   2.27810218e-04
   3.44453540e+02   3.54399526e-04
   3.44454028e+02   4.42066201e-04
   3.44454516e+02   5.15923835e-04
   3.44455005e+02   2.17846216e-04
   3.44455493e+02  -2.90524622e-04
   3.44455981e+02  -3.96264193e-04
   3.44456470e+02  -1.78732007e-04
   3.44456958e+02   4.68595026e-05
   3.44457446e+02   1.32149522e-04
   3.44457935e+02  -7.22125915e-05
   3.44458423e+02  -1.36549381e-04
   3.44458911e+02   1.19916702e-04
   3.44459400e+02   2.53806735e-04
   3.44459888e+02   3.19602084e-04
   3.44460376e+02   3.89532768e-04
   3.44460864e+02   2.79961503e-04
   3.44461353e+02   1.54553345e-04
   3.44461841e+02   1.87779893e-04
   3.44462329e+02   1.80253162e-04
   3.44462818e+02   5.39490138e-05
   3.44463306e+02  -2.76312517e-06
   3.44463794e+02   7.61644333e-05
   3.44464283e+02   2.40989597e-04
   3.44464771e+02   4.33147943e-04
   3.44465259e+02   4.75118257e-04
   3.44465748e+02   3.06293281e-04
   3.44466236e+02   5.74763253e-05
   3.44466724e+02  -2.04630560e-04
   3.44467212e+02  -3.36747355e-04
   3.44467701e+02  -2.18878515e-04
   3.44468189e+02  -2.87292787e-05
   3.44468677e+02   1.24517494e-04
   3.44469166e+02   1.71581632e-04
   3.44469654e+02   1.28368294e-04
   3.44470142e+02   2.12529936e-04
   3.44470631e+02   8.96222919e-05
   3.44471119e+02  -8.22151633e-05
   3.44471607e+02   7.84420117e-05
   3.44472096e+02   1.88560240e-04
   3.44472584e+02  -1.22225785e-04
   3.44473072e+02  -1.89901184e-04
   3.44473560e+02   5.85753405e-05
   3.44474049e+02  -1.71788597e-05
   3.44474537e+02  -1.93931628e-04
   3.44475025e+02  -7.48237799e-05
   3.44475514e+02   2.03569084e-06
   3.44476002e+02  -1.71174048e-04
   3.44476490e+02  -3.85857711e-04
   3.44476979e+02  -1.54837748e-04
   3.44477467e+02   3.39629012e-04
   3.44477955e+02   3.30851530e-04
   3.44478444e+02   2.86091818e-04
   3.44478932e+02   3.69310583e-04
   3.44479420e+02   2.19133435e-04
   3.44479908e+02   6.47521592e-05
   3.44480397e+02   7.46350925e-05
   3.44480885e+02   7.84874501e-05
   3.44481373e+02  -3.23172862e-04
   3.44481862e+02  -7.16229028e-04
   3.44482350e+02  -6.36555837e-04
   3.44482838e+02  -4.24012425e-04
   3.44483327e+02  -5.17803419e-04
   3.44483815e+02  -2.04396274e-04
   3.44484303e+02   3.46077664e-04
   3.44484792e+02   2.97545950e-04
   3.44485280e+02  -9.63570346e-05
   3.44485768e+02  -3.82357975e-04
   3.44486256e+02  -5.24695963e-04
   3.44486745e+02  -5.54641068e-04
   3.44487233e+02  -6.39658829e-04
   3.44487721e+02  -3.39114864e-04
   3.44488210e+02   2.00047551e-04
   3.44488698e+02   3.74164636e-04
   3.44489186e+02   9.48432935e-05
   3.44489675e+02   9.15115306e-05
   3.44490163e+02   4.09369764e-04
   3.44490651e+02   3.98913602e-04
   3.44491140e+02   2.98282393e-04
   3.44491628e+02   1.04300889e-04
   3.44492116e+02  -8.04870724e-05
   3.44492604e+02   9.08935763e-05
   3.44493093e+02   1.86227975e-04
   3.44493581e+02  -2.89248128e-05
   3.44494069e+02  -1.53521105e-04
   3.44494558e+02  -1.70595740e-05
   3.44495046e+02   2.00109862e-05
   3.44495534e+02   1.40044955e-04
   3.44496023e+02   6.87631618e-05
   3.44496511e+02  -2.86761002e-04
   3.44496999e+02  -3.91434791e-04
   3.44497488e+02  -2.08734331e-04
   3.44497976e+02  -2.92374316e-05
   3.44498464e+02   6.40351163e-06
   3.44498953e+02  -1.37896022e-05
   3.44499441e+02   2.52390928e-05
   3.44499929e+02   9.35415810e-05
   3.44500417e+02   1.18475342e-04
   3.44500906e+02   1.00098958e-04
   3.44501394e+02   9.52776027e-05
   3.44501882e+02   3.78077166e-05
   3.44502371e+02   1.61878939e-04
   3.44502859e+02   2.88115320e-04
   3.44503347e+02   1.26313767e-04
   3.44503836e+02  -2.42879905e-05
   3.44504324e+02   3.16949823e-04
   3.44504812e+02   6.21662650e-04
   3.44505301e+02   4.12927096e-04
   3.44505789e+02   5.49069606e-04
   3.44506277e+02   6.72829337e-04
   3.44506765e+02  -2.13741914e-05
   3.44507254e+02  -3.27915011e-04
   3.44507742e+02  -1.65035035e-05
   3.44508230e+02  -7.02171455e-05
   3.44508719e+02  -3.18391481e-04
   3.44509207e+02  -2.38686131e-04
   3.44509695e+02  -8.83792673e-05
   3.44510184e+02  -9.10419476e-06
   3.44510672e+02  -8.25623574e-05
   3.44511160e+02  -1.44125108e-04
   3.44511649e+02   1.74409779e-05
   3.44512137e+02   2.24252188e-04
   3.44512625e+02   2.57037696e-04
   3.44513113e+02  -5.18798079e-05
   3.44513602e+02  -2.10300248e-04
   3.44514090e+02  -1.40195640e-04
   3.44514578e+02  -1.42640827e-04
   3.44515067e+02   8.91132222e-05
   3.44515555e+02   1.23308157e-04
   3.44516043e+02  -9.40038008e-05
   3.44516532e+02   1.36649411e-04
   3.44517020e+02   2.83301721e-04
   3.44517508e+02  -4.42099226e-05
   3.44517997e+02  -2.67801253e-04
   3.44518485e+02  -4.42076445e-04
   3.44518973e+02  -6.89229404e-04
   3.44519461e+02  -6.81555073e-04
   3.44519950e+02  -5.60901361e-04
   3.44520438e+02  -4.58526425e-04
   3.44520926e+02  -4.12684778e-04
   3.44521415e+02  -2.30743899e-04
   3.44521903e+02   2.64992676e-04
   3.44522391e+02   4.80451592e-04
   3.44522880e+02   3.85467167e-04
   3.44523368e+02   2.00891009e-04
   3.44523856e+02  -1.13990805e-04
   3.44524345e+02  -2.73695186e-04
   3.44524833e+02  -1.00975813e-04
   3.44525321e+02   9.31537361e-05
   3.44525809e+02   1.00141617e-04
   3.44526298e+02  -5.63085887e-05
   3.44526786e+02  -3.18463659e-04
   3.44527274e+02  -4.69815626e-04
   3.44527763e+02  -3.54835443e-04
   3.44528251e+02  -2.09819496e-04
   3.44528739e+02   3.17003214e-05
   3.44529228e+02   3.62434163e-04
   3.44529716e+02   3.98545351e-04
   3.44530204e+02   3.01020133e-04
   3.44530693e+02   1.81622978e-04
   3.44531181e+02  -6.78281867e-05
   3.44531669e+02  -1.23904945e-04
   3.44532157e+02   8.55201870e-05
   3.44532646e+02   1.12006441e-04
   3.44533134e+02  -4.48072969e-05
   3.44533622e+02   1.26352534e-05
   3.44534111e+02   1.62002645e-04
   3.44534599e+02   2.48356897e-04
   3.44535087e+02   2.91262666e-04
   3.44535576e+02   2.14516531e-05
   3.44536064e+02  -1.39043419e-04
   3.44536552e+02   3.46119268e-05
   3.44537041e+02   7.50656473e-05
   3.44537529e+02  -7.56393347e-05
   3.44538017e+02  -4.06925901e-05
   3.44538506e+02   1.65267687e-04
   3.44538994e+02   2.12049097e-04
   3.44539482e+02   7.85672892e-05
   3.44539970e+02   7.76855304e-05
   3.44540459e+02   1.08530134e-04
   3.44540947e+02   1.63883873e-04
   3.44541435e+02   1.55086513e-04
   3.44541924e+02   9.07805443e-05
   3.44542412e+02   3.10381962e-04
   3.44542900e+02   4.60398413e-04
   3.44543389e+02   7.05998973e-05
   3.44543877e+02  -4.27021761e-04
   3.44544365e+02  -4.45862475e-04
   3.44544854e+02  -2.79318629e-04
   3.44545342e+02  -5.94496996e-05
   3.44545830e+02  -4.70789346e-05
   3.44546318e+02  -2.01399147e-04
   3.44546807e+02  -1.43076395e-04
   3.44547295e+02  -4.84540178e-05
   3.44547783e+02  -2.16446977e-04
   3.44548272e+02  -4.87181358e-04
   3.44548760e+02  -2.83527363e-04
   3.44549248e+02   1.81601543e-04
   3.44549737e+02   3.15113051e-04
   3.44550225e+02   8.18483459e-05
   3.44550713e+02   1.66471669e-04
   3.44551202e+02   5.74876321e-04
   3.44551690e+02   3.44047672e-04
   3.44552178e+02  -2.40127978e-04
   3.44552666e+02  -8.34504535e-05
   3.44553155e+02   2.58414570e-04
   3.44553643e+02   1.10061155e-04
   3.44554131e+02   7.09576625e-06
   3.44554620e+02  -4.17312112e-05
   3.44555108e+02   8.37131811e-05
   3.44555596e+02   2.30397942e-04
   3.44556085e+02   5.00986571e-05
   3.44556573e+02   1.19706150e-04
   3.44557061e+02   2.11909894e-04
   3.44557550e+02  -6.42702889e-06
   3.44558038e+02  -6.36820187e-05
   3.44558526e+02  -8.51687510e-05
   3.44559014e+02  -1.60668613e-04
   3.44559503e+02   1.04664839e-04
   3.44559991e+02   1.76453468e-04
   3.44560479e+02   5.24613788e-05
   3.44560968e+02  -2.65565923e-05
   3.44561456e+02  -3.05588124e-04
   3.44561944e+02  -3.46458983e-04
   3.44562433e+02   1.29468572e-05
   3.44562921e+02   7.71338910e-06
   3.44563409e+02  -4.32375906e-04
   3.44563898e+02  -2.55989318e-04
   3.44564386e+02   6.06557405e-05
   3.44564874e+02  -8.89138391e-05
   3.44565362e+02  -1.67215796e-04
   3.44565851e+02  -1.57372328e-04
   3.44566339e+02   1.14129798e-04
   3.44566827e+02   3.36976489e-04
   3.44567316e+02   2.47434422e-04
   3.44567804e+02   2.48483731e-04
   3.44568292e+02   1.47601968e-04
   3.44568781e+02  -2.41808608e-04
   3.44569269e+02  -3.49106820e-04
   3.44569757e+02  -1.29623266e-04
   3.44570246e+02   1.90839870e-04
   3.44570734e+02   4.12594673e-04
   3.44571222e+02   3.82644241e-04
   3.44571710e+02   1.18021562e-04
   3.44572199e+02  -1.17371834e-04
   3.44572687e+02  -8.64243339e-05
   3.44573175e+02   1.23262769e-04
   3.44573664e+02   2.20615868e-04
   3.44574152e+02   4.47016719e-05
   3.44574640e+02  -2.13105435e-04
   3.44575129e+02  -6.18661696e-04
   3.44575617e+02  -6.61524129e-04
   3.44576105e+02  -2.86652823e-04
   3.44576594e+02  -2.15810833e-05
   3.44577082e+02   1.15109084e-04
   3.44577570e+02   2.51282938e-04
   3.44578059e+02   4.54094377e-04
   3.44578547e+02   5.93423669e-04
   3.44579035e+02   1.48080391e-04
   3.44579523e+02  -3.59227153e-04
   3.44580012e+02  -3.21685191e-04
   3.44580500e+02  -7.18476949e-05
   3.44580988e+02   1.22648213e-04
   3.44581477e+02   3.84496350e-04
   3.44581965e+02   5.24227624e-04
   3.44582453e+02   2.53625272e-04
   3.44582942e+02  -1.25534367e-04
   3.44583430e+02  -1.99939328e-04
   3.44583918e+02   6.50389120e-06
   3.44584407e+02   8.28432894e-05
   3.44584895e+02  -2.28928897e-04
   3.44585383e+02  -4.07967367e-04
   3.44585871e+02  -1.21072808e-04
   3.44586360e+02   9.89585606e-05
   3.44586848e+02   4.79439987e-05
   3.44587336e+02   5.72234421e-05
   3.44587825e+02   1.05728308e-04
   3.44588313e+02   1.58766648e-04
   3.44588801e+02   8.92126045e-05
   3.44589290e+02  -7.58156602e-05
   3.44589778e+02  -4.50186126e-05
   3.44590266e+02   9.95280934e-05
   3.44590755e+02  -2.68250842e-05
   3.44591243e+02  -1.50577616e-04
   3.44591731e+02  -2.35224561e-05
   3.44592219e+02   1.86932361e-04
   3.44592708e+02   3.75284551e-04
   3.44593196e+02   4.69870894e-04
   3.44593684e+02   3.68717010e-04
   3.44594173e+02   2.45354342e-04
   3.44594661e+02  -3.63267986e-06
   3.44595149e+02   1.07452797e-04
   3.44595638e+02   4.76416230e-04
   3.44596126e+02   3.69389192e-04
   3.44596614e+02   7.07487270e-05
   3.44597103e+02   1.12130139e-04
   3.44597591e+02   3.15224956e-04
   3.44598079e+02   1.97375339e-04
   3.44598567e+02   5.97813923e-05
   3.44599056e+02   5.93738296e-05
   3.44599544e+02   1.92551866e-07
   3.44600032e+02  -1.33080801e-04
   3.44600521e+02  -2.15940250e-04
   3.44601009e+02   2.33362007e-04
   3.44601497e+02   5.88225084e-04
   3.44601986e+02   3.59078287e-04
   3.44602474e+02   6.35658726e-05
   3.44602962e+02  -6.51857918e-05
   3.44603451e+02  -1.96389854e-04
   3.44603939e+02  -2.70438351e-04
   3.44604427e+02  -3.60131933e-04
   3.44604915e+02  -4.59175004e-04
   3.44605404e+02  -4.40667442e-04
   3.44605892e+02  -4.43229888e-04
   3.44606380e+02  -4.67562437e-04
   3.44606869e+02  -5.33409242e-04
   3.44607357e+02  -4.99918475e-04
   3.44607845e+02  -2.95522943e-04
   3.44608334e+02  -5.86663082e-05
   3.44608822e+02   6.98592703e-05
   3.44609310e+02  -1.31313109e-05
   3.44609799e+02  -9.40028076e-06
   3.44610287e+02   4.59799994e-05
   3.44610775e+02  -7.98731126e-05
   3.44611263e+02  -2.39194575e-04
   3.44611752e+02  -3.09399620e-04
   3.44612240e+02  -2.81859597e-04
   3.44612728e+02  -2.13126696e-04
   3.44613217e+02  -9.04757981e-05
   3.44613705e+02   1.50863518e-04
   3.44614193e+02   2.55986874e-04
   3.44614682e+02   2.15638269e-04
   3.44615170e+02   2.60443310e-04
   3.44615658e+02   3.50410817e-04
   3.44616147e+02   8.71357406e-05
   3.44616635e+02   2.47786928e-04
   3.44617123e+02   7.83553813e-04
   3.44617612e+02   5.45682211e-04
   3.44618100e+02  -1.54550216e-04
   3.44618588e+02  -3.53376672e-04
   3.44619076e+02  -1.61290314e-04
   3.44619565e+02  -1.97568603e-04
   3.44620053e+02  -5.11290214e-04
   3.44620541e+02  -4.54950408e-04
   3.44621030e+02  -1.00298785e-04
   3.44621518e+02  -6.78530778e-05
   3.44622006e+02  -3.82662583e-05
   3.44622495e+02  -1.20649136e-04
   3.44622983e+02  -2.44168506e-04
   3.44623471e+02   1.10499983e-04
   3.44623960e+02  -2.36068026e-05
   3.44624448e+02  -5.42732130e-04
   3.44624936e+02  -2.77253042e-04
   3.44625424e+02   5.63819922e-05
   3.44625913e+02   7.77598398e-05
   3.44626401e+02   2.89435353e-04
   3.44626889e+02   3.80024954e-04
   3.44627378e+02   1.77028473e-04
   3.44627866e+02   5.70436350e-05
   3.44628354e+02   2.95010104e-05
   3.44628843e+02   4.85789642e-05
   3.44629331e+02   1.17176620e-04
   3.44629819e+02   2.77168409e-04
   3.44630308e+02   4.07911604e-04
   3.44630796e+02   3.13973316e-04
   3.44631284e+02   7.87254539e-05
   3.44631772e+02  -6.49451031e-05
   3.44632261e+02  -2.21401151e-05
   3.44632749e+02  -5.62052155e-05
   3.44633237e+02   9.31054674e-05
   3.44633726e+02   4.69813240e-04
   3.44634214e+02   3.98684468e-04
   3.44634702e+02   5.54162725e-05
   3.44635191e+02  -4.16502662e-05
   3.44635679e+02   1.38083036e-04
   3.44636167e+02   9.84295984e-05
   3.44636656e+02  -2.98943050e-04
   3.44637144e+02  -3.26850626e-04
   3.44637632e+02  -1.71296546e-04
   3.44638120e+02  -9.00589075e-05
   3.44638609e+02   1.42792182e-04
   3.44639097e+02   3.35381378e-06
   3.44639585e+02  -2.00849710e-04
   3.44640074e+02   8.83204775e-05
   3.44640562e+02   2.99976120e-04
   3.44641050e+02   8.47661286e-05
   3.44641539e+02  -2.69164480e-06
   3.44642027e+02   2.56218598e-04
   3.44642515e+02   3.24004388e-04
   3.44643004e+02   3.01301334e-04
   3.44643492e+02   5.56046842e-04
   3.44643980e+02   6.67260669e-04
   3.44644468e+02   4.63250937e-04
   3.44644957e+02   8.22816655e-05
   3.44645445e+02  -5.12014667e-04
   3.44645933e+02  -6.58763689e-04
   3.44646422e+02  -3.17433005e-04
   3.44646910e+02  -2.57401407e-04
   3.44647398e+02  -1.23178455e-04
   3.44647887e+02   3.24848865e-04
   3.44648375e+02   4.76920861e-04
   3.44648863e+02   4.10959707e-04
   3.44649352e+02   2.67409807e-04
   3.44649840e+02   9.72516937e-05
   3.44650328e+02   1.27786971e-05
   3.44650816e+02  -1.06189007e-04
   3.44651305e+02  -8.17057880e-05
   3.44651793e+02   6.49911017e-05
   3.44652281e+02  -7.30946340e-06
   3.44652770e+02  -2.03343210e-04
   3.44653258e+02   2.12274736e-05
   3.44653746e+02   4.70423547e-04
   3.44654235e+02   5.96099533e-04
   3.44654723e+02   3.98643431e-04
   3.44655211e+02  -1.41774741e-04
   3.44655700e+02  -6.04354835e-04
   3.44656188e+02  -4.00165067e-04
   3.44656676e+02  -5.46305637e-05
   3.44657165e+02  -1.35369910e-05
   3.44657653e+02  -2.05927412e-04
   3.44658141e+02  -2.90680211e-04
   3.44658629e+02   6.30062204e-05
   3.44659118e+02   2.02712268e-04
   3.44659606e+02   1.58386683e-04
   3.44660094e+02   1.43847647e-04
   3.44660583e+02   2.69415206e-04
   3.44661071e+02   3.87303357e-04
   3.44661559e+02   2.22424656e-04
   3.44662048e+02  -1.25345992e-04
   3.44662536e+02  -2.91778066e-04
   3.44663024e+02  -2.49927834e-04
   3.44663513e+02  -2.56623956e-04
   3.44664001e+02  -2.34154897e-04
   3.44664489e+02   3.02992721e-05
   3.44664977e+02   3.43204534e-04
   3.44665466e+02   2.92516110e-04
   3.44665954e+02   1.69587569e-04
   3.44666442e+02   1.04290331e-04
   3.44666931e+02  -1.36573202e-04
   3.44667419e+02  -1.57195012e-04
   3.44667907e+02  -1.37049326e-04
   3.44668396e+02  -2.23384021e-04
   3.44668884e+02  -2.72189791e-04
   3.44669372e+02  -2.63422669e-04
   3.44669861e+02   1.94421118e-05
   3.44670349e+02   1.63384044e-04
   3.44670837e+02  -1.53382425e-04
   3.44671325e+02  -1.52132983e-04
   3.44671814e+02   1.35882583e-04
   3.44672302e+02  -6.51007867e-05
   3.44672790e+02  -2.38646724e-04
   3.44673279e+02  -1.09511726e-04
   3.44673767e+02  -3.81688988e-05
   3.44674255e+02   6.99024167e-05
   3.44674744e+02   1.36702874e-04
   3.44675232e+02   1.42322213e-04
   3.44675720e+02   3.75475967e-04
   3.44676209e+02   5.14514861e-04
   3.44676697e+02   5.49225078e-05
   3.44677185e+02  -4.47944592e-04
   3.44677673e+02  -3.57489422e-04
   3.44678162e+02  -1.58567025e-04
   3.44678650e+02  -2.88658164e-04
   3.44679138e+02  -3.13275057e-04
   3.44679627e+02  -7.80429837e-05
   3.44680115e+02  -5.48428397e-05
   3.44680603e+02  -9.96736781e-05
   3.44681092e+02  -2.42651895e-05
   3.44681580e+02  -9.49607856e-05
   3.44682068e+02  -2.67889991e-04
   3.44682557e+02  -9.40155005e-05
   3.44683045e+02   1.55466827e-04
   3.44683533e+02   3.29012604e-04
   3.44684021e+02   4.99120390e-04
   3.44684510e+02   2.40126159e-04
   3.44684998e+02  -6.24118329e-05
   3.44685486e+02   8.36014624e-06
   3.44685975e+02   1.18856886e-04
   3.44686463e+02  -1.78947914e-04
   3.44686951e+02  -4.78333299e-04
   3.44687440e+02  -2.08294165e-04
   3.44687928e+02   9.10086092e-05
   3.44688416e+02   7.78315589e-05
   3.44688905e+02   2.20726113e-04
   3.44689393e+02   4.49021085e-04
   3.44689881e+02   4.13127011e-04
   3.44690369e+02   2.41983580e-04
   3.44690858e+02   7.84683289e-05
   3.44691346e+02   1.01117912e-04
   3.44691834e+02  -7.58989408e-05
   3.44692323e+02  -2.60289584e-04
   3.44692811e+02   4.79566334e-05
   3.44693299e+02   1.69901061e-04
   3.44693788e+02  -3.97002586e-05
   3.44694276e+02  -1.43897239e-04
   3.44694764e+02  -1.92364561e-04
   3.44695253e+02  -3.41644511e-04
   3.44695741e+02  -3.82233615e-04
   3.44696229e+02  -1.96202891e-04
   3.44696718e+02  -1.82856573e-04
   3.44697206e+02  -3.25773610e-04
   3.44697694e+02  -3.38831422e-04
   3.44698182e+02  -2.56629894e-04
   3.44698671e+02  -3.11119191e-04
   3.44699159e+02  -2.74675462e-04
   3.44699647e+02   1.23709597e-05
   3.44700136e+02   3.56111400e-06
   3.44700624e+02  -3.17535159e-04
   3.44701112e+02  -2.07770849e-04
   3.44701601e+02   7.58361421e-05
   3.44702089e+02  -1.21777930e-05
   3.44702577e+02  -1.27274528e-04
   3.44703066e+02  -1.24300641e-04
   3.44703554e+02  -6.68750799e-05
   3.44704042e+02  -1.19010911e-04
   3.44704530e+02  -7.84635995e-05
   3.44705019e+02   2.20745551e-05
   3.44705507e+02   3.87101354e-05
   3.44705995e+02   2.91092219e-05
   3.44706484e+02  -2.98975239e-04
   3.44706972e+02  -6.22744672e-04
   3.44707460e+02  -4.11936286e-04
   3.44707949e+02  -1.23011007e-04
   3.44708437e+02  -2.29911529e-04
   3.44708925e+02  -3.28358292e-04
   3.44709414e+02  -1.83961165e-04
   3.44709902e+02  -2.55849242e-04
   3.44710390e+02  -3.87974840e-04
   3.44710878e+02  -1.01500904e-04
   3.44711367e+02   3.07014707e-04
   3.44711855e+02   3.66341585e-04
   3.44712343e+02  -2.74858103e-05
   3.44712832e+02  -4.47339989e-04
   3.44713320e+02  -4.11211106e-04
   3.44713808e+02   8.71361044e-06
   3.44714297e+02   4.10616514e-04
   3.44714785e+02   4.56235925e-04
   3.44715273e+02   1.97216854e-04
   3.44715762e+02   2.48590950e-04
   3.44716250e+02   3.21183936e-04
   3.44716738e+02   3.20413936e-04
   3.44717226e+02   3.89784924e-04
   3.44717715e+02  -7.93156869e-06
   3.44718203e+02  -2.17833567e-05
   3.44718691e+02   4.01487960e-05
   3.44719180e+02  -1.83324537e-05
   3.44719668e+02  -5.97636790e-06
   3.44720156e+02   3.93742448e-05
   3.44720645e+02   1.24389815e-04
   3.44721133e+02   1.58918294e-04
   3.44721621e+02   4.97614456e-05
   3.44722110e+02  -5.22693299e-05
   3.44722598e+02  -1.22815924e-04
   3.44723086e+02   2.87559506e-05
   3.44723574e+02   3.70305526e-04
   3.44724063e+02   1.45383456e-05
   3.44724551e+02  -5.12205297e-04
   3.44725039e+02  -2.65461043e-04
   3.44725528e+02   9.09246010e-05
   3.44726016e+02   2.03097909e-04
   3.44726504e+02   1.44087302e-04
   3.44726993e+02   9.76582160e-05
   3.44727481e+02   1.22810583e-04
   3.44727969e+02  -5.37744163e-05
   3.44728458e+02  -2.59301072e-04
   3.44728946e+02  -3.55718978e-04
   3.44729434e+02  -2.76110310e-04
   3.44729922e+02   9.89830005e-05
   3.44730411e+02   2.06235287e-04
   3.44730899e+02   1.62236407e-04
   3.44731387e+02   1.57181566e-04
   3.44731876e+02   1.14686220e-04
   3.44732364e+02   9.75147414e-05
   3.44732852e+02  -1.49760774e-04
   3.44733341e+02  -2.41560294e-04
   3.44733829e+02   1.83272073e-06
   3.44734317e+02   8.73666722e-05
   3.44734806e+02   7.32608460e-05
   3.44735294e+02   5.06289107e-05
   3.44735782e+02  -9.31010727e-05
   3.44736271e+02  -3.05632930e-05
   3.44736759e+02  -8.87477290e-05
   3.44737247e+02  -6.13425618e-06
   3.44737735e+02   1.57640039e-04
   3.44738224e+02  -1.47074417e-04
   3.44738712e+02  -4.57990798e-04
   3.44739200e+02  -4.90974518e-04
   3.44739689e+02  -3.82812956e-04
   3.44740177e+02   2.65637118e-06
   3.44740665e+02   2.38299865e-04
   3.44741154e+02   2.23368639e-04
   3.44741642e+02   3.54762189e-04
   3.44742130e+02   4.31665219e-04
   3.44742619e+02   3.28289025e-04
   3.44743107e+02   1.38904361e-04
   3.44743595e+02  -1.77901311e-04
   3.44744083e+02  -9.12934483e-05
   3.44744572e+02  -1.80927088e-06
   3.44745060e+02  -2.39302564e-04
   3.44745548e+02  -3.14586592e-04
   3.44746037e+02  -2.74365244e-04
   3.44746525e+02  -5.07743425e-05
   3.44747013e+02   2.44733004e-04
   3.44747502e+02   3.18800652e-04
   3.44747990e+02   2.99676234e-04
   3.44748478e+02   2.40040928e-04
   3.44748967e+02   1.09962508e-04
   3.44749455e+02   8.02297291e-06
   3.44749943e+02  -7.55297151e-05
   3.44750431e+02  -3.33428849e-04
   3.44750920e+02  -2.58152402e-04
   3.44751408e+02  -5.02259281e-05
   3.44751896e+02   1.16368523e-04
   3.44752385e+02   2.84973707e-04
   3.44752873e+02   1.70642888e-04
   3.44753361e+02   2.62301590e-04
   3.44753850e+02   1.25203936e-04
   3.44754338e+02  -1.86031946e-04
   3.44754826e+02  -1.23989710e-04
   3.44755315e+02   8.77515195e-05
   3.44755803e+02   2.12104671e-04
   3.44756291e+02   1.51140426e-04
   3.44756779e+02   2.07091143e-05
   3.44757268e+02  -3.63045660e-06
   3.44757756e+02   1.26503699e-04
   3.44758244e+02   3.41510495e-05
   3.44758733e+02  -4.47175553e-05
   3.44759221e+02   1.98083828e-04
   3.44759709e+02   2.85580492e-04
   3.44760198e+02   2.95543578e-05
   3.44760686e+02  -3.66473396e-04
   3.44761174e+02  -4.69048187e-04
   3.44761663e+02   3.96701071e-05
   3.44762151e+02   2.21987895e-04
   3.44762639e+02  -1.72937784e-04
   3.44763127e+02  -2.73340876e-04
   3.44763616e+02  -2.50369212e-05
   3.44764104e+02  -1.20636534e-04
   3.44764592e+02  -2.57159380e-04
   3.44765081e+02   4.29542270e-05
   3.44765569e+02   3.12322925e-04
   3.44766057e+02   2.37275512e-04
   3.44766546e+02  -3.43148058e-05
   3.44767034e+02  -7.00908349e-05
   3.44767522e+02   1.57876551e-04
   3.44768011e+02   2.10441169e-04
   3.44768499e+02   7.51094049e-05
   3.44768987e+02  -3.96189644e-05
   3.44769475e+02  -6.52621675e-05
   3.44769964e+02  -2.60911238e-05
   3.44770452e+02   1.42817153e-05
   3.44770940e+02   3.11944081e-04
   3.44771429e+02   6.57596393e-04
   3.44771917e+02   4.69763792e-04
   3.44772405e+02   1.47934159e-04
   3.44772894e+02   1.15854949e-04
   3.44773382e+02  -1.11854402e-04
   3.44773870e+02  -3.04542162e-04
   3.44774359e+02   1.94445704e-04
   3.44774847e+02   3.86538100e-04
   3.44775335e+02   3.46230117e-05
   3.44775824e+02   2.31045688e-05
   3.44776312e+02   4.68726175e-05
   3.44776800e+02  -3.14626319e-04
   3.44777288e+02  -4.08936030e-04
   3.44777777e+02   3.86420652e-05
   3.44778265e+02   1.11093243e-04
   3.44778753e+02  -3.41500912e-04
   3.44779242e+02  -4.42474469e-04
   3.44779730e+02  -1.29576301e-06
   3.44780218e+02   2.36424312e-04
   3.44780707e+02  -1.97101817e-05
   3.44781195e+02  -1.10607019e-04
   3.44781683e+02   1.92176012e-04
   3.44782172e+02   2.97711638e-04
   3.44782660e+02   4.11297020e-04
   3.44783148e+02   5.94039331e-04
   3.44783636e+02   3.84996209e-04
   3.44784125e+02  -6.40147555e-05
   3.44784613e+02  -2.51413381e-04
   3.44785101e+02   1.75233379e-06
   3.44785590e+02   1.35218012e-04
   3.44786078e+02  -1.20971526e-04
   3.44786566e+02  -3.48964968e-04
   3.44787055e+02  -3.90414381e-04
   3.44787543e+02  -1.84314951e-04
   3.44788031e+02  -2.06370212e-04
   3.44788520e+02  -5.71890501e-04
   3.44789008e+02  -3.84283572e-04
   3.44789496e+02   9.93868889e-05
   3.44789984e+02   1.08122345e-04
   3.44790473e+02  -9.85682564e-05
   3.44790961e+02   2.38076798e-04
   3.44791449e+02   6.30800496e-04
   3.44791938e+02   4.29940497e-04
   3.44792426e+02   2.59531545e-04
   3.44792914e+02   4.21386561e-04
   3.44793403e+02   3.50636517e-04
   3.44793891e+02   7.31105029e-05
   3.44794379e+02  -8.24532981e-05
   3.44794868e+02   7.48995881e-05
   3.44795356e+02   2.22762028e-04
   3.44795844e+02   7.00712626e-05
   3.44796332e+02   9.75280927e-05
   3.44796821e+02   4.06352774e-04
   3.44797309e+02   2.08832964e-04
   3.44797797e+02  -2.63626978e-04
   3.44798286e+02  -6.89790104e-05
   3.44798774e+02   1.55624686e-04
   3.44799262e+02  -1.17470059e-04
   3.44799751e+02  -2.98886443e-04
   3.44800239e+02  -1.58535826e-04
   3.44800727e+02   1.52606706e-04
   3.44801216e+02   4.99737100e-04
   3.44801704e+02   4.62624565e-04
   3.44802192e+02  -8.36710242e-05
   3.44802680e+02  -4.62096767e-04
   3.44803169e+02  -4.52696200e-04
   3.44803657e+02  -2.68706877e-04
   3.44804145e+02  -2.39446799e-05
   3.44804634e+02   3.75734933e-04
   3.44805122e+02   5.72539924e-04
   3.44805610e+02   4.27321618e-04
   3.44806099e+02   4.49300715e-04
   3.44806587e+02   4.31760971e-04
   3.44807075e+02   1.27423642e-04
   3.44807564e+02   8.14770101e-05
   3.44808052e+02   3.66013905e-04
   3.44808540e+02   5.64902206e-04
   3.44809028e+02   3.64364445e-04
   3.44809517e+02   1.83399679e-04
   3.44810005e+02   1.80195420e-04
   3.44810493e+02  -6.70624431e-05
   3.44810982e+02  -2.13401421e-04
   3.44811470e+02  -2.07242247e-05
   3.44811958e+02   1.57994218e-04
   3.44812447e+02   3.92936257e-04
   3.44812935e+02   3.66362277e-04
   3.44813423e+02   5.36025655e-05
   3.44813912e+02  -4.83585500e-05
   3.44814400e+02   3.91376561e-05
   3.44814888e+02   9.03742421e-06
   3.44815377e+02  -2.66533869e-04
   3.44815865e+02  -4.14895447e-04
   3.44816353e+02  -3.48269969e-04
   3.44816841e+02  -3.42676794e-04
   3.44817330e+02  -3.35970020e-04
   3.44817818e+02  -2.97474879e-04
   3.44818306e+02  -3.74995638e-04
   3.44818795e+02  -3.31228919e-04
   3.44819283e+02   4.82777386e-06
   3.44819771e+02   1.90775841e-04
   3.44820260e+02   1.06978165e-04
   3.44820748e+02   2.75109924e-04
   3.44821236e+02   2.77129671e-04
   3.44821725e+02  -4.43844401e-05
   3.44822213e+02  -1.24026730e-04
   3.44822701e+02   3.77739561e-05
   3.44823189e+02   3.11760843e-04
   3.44823678e+02   1.17930227e-04
   3.44824166e+02  -2.60329572e-04
   3.44824654e+02  -3.54558200e-04
   3.44825143e+02  -4.14261536e-04
   3.44825631e+02  -1.23375925e-04
   3.44826119e+02   1.78483475e-04
   3.44826608e+02  -8.45429895e-05
   3.44827096e+02  -3.09866678e-04
   3.44827584e+02  -1.70141211e-04
   3.44828073e+02  -1.68709041e-04
   3.44828561e+02  -2.05232864e-04
   3.44829049e+02  -1.08547894e-04
   3.44829537e+02  -2.01967268e-04
   3.44830026e+02  -3.46687681e-04
   3.44830514e+02  -5.74818521e-04
   3.44831002e+02  -4.70739586e-04
   3.44831491e+02  -2.00167808e-04
   3.44831979e+02  -1.99884977e-04
   3.44832467e+02  -4.97680776e-05
   3.44832956e+02   2.05508986e-04
   3.44833444e+02   1.65844816e-04
   3.44833932e+02   1.68364713e-04
