frequency (GHz), flux (Jy/beam)
   3.44020461e+02  -3.08581890e-04
   3.44020949e+02  -6.79737539e-04
   3.44021438e+02  -3.19643819e-04
   3.44021926e+02   1.17163851e-04
   3.44022414e+02   3.30499752e-04
   3.44022903e+02   2.74943071e-04
   3.44023391e+02  -1.11498186e-04
   3.44023879e+02  -1.60505646e-04
   3.44024367e+02  -1.28629676e-04
   3.44024856e+02  -1.85043988e-04
   3.44025344e+02   1.04085128e-04
   3.44025832e+02   2.10802871e-04
   3.44026321e+02   1.64103803e-05
   3.44026809e+02  -2.57415468e-05
   3.44027297e+02   2.41187998e-04
   3.44027786e+02   6.85834559e-04
   3.44028274e+02   7.03365891e-04
   3.44028762e+02   1.32632122e-04
   3.44029251e+02  -2.66283780e-04
   3.44029739e+02  -8.03774965e-05
   3.44030227e+02   2.75991071e-04
   3.44030716e+02   2.24345218e-04
   3.44031204e+02  -1.10879068e-04
   3.44031692e+02  -3.18872742e-04
   3.44032181e+02  -4.21361707e-04
   3.44032669e+02  -2.67261843e-04
   3.44033157e+02   1.16620118e-04
   3.44033646e+02   2.29956771e-04
   3.44034134e+02   1.32911242e-04
   3.44034622e+02  -8.39978020e-05
   3.44035110e+02  -2.02053721e-04
   3.44035599e+02  -4.51252454e-05
   3.44036087e+02   1.70067869e-04
   3.44036575e+02   5.25906100e-04
   3.44037064e+02   6.03047200e-04
   3.44037552e+02   6.18139966e-05
   3.44038040e+02  -4.20950819e-04
   3.44038529e+02  -4.01605997e-04
   3.44039017e+02  -1.13699753e-04
   3.44039505e+02   2.55834078e-04
   3.44039994e+02   2.16379121e-04
   3.44040482e+02  -2.54030863e-04
   3.44040970e+02  -2.22855728e-04
   3.44041459e+02  -1.26473329e-04
   3.44041947e+02  -3.54749034e-04
   3.44042435e+02  -1.20007011e-04
   3.44042924e+02   2.67143303e-04
   3.44043412e+02   1.99345770e-04
   3.44043900e+02   5.54562212e-05
   3.44044389e+02   1.02847473e-04
   3.44044877e+02   1.20819241e-04
   3.44045365e+02  -6.16167599e-05
   3.44045853e+02  -7.21282486e-05
   3.44046342e+02   3.27207992e-04
   3.44046830e+02   5.14273939e-04
   3.44047318e+02   2.31688158e-04
   3.44047807e+02  -1.36465402e-04
   3.44048295e+02  -5.89876377e-04
   3.44048783e+02  -6.74880226e-04
   3.44049272e+02  -1.79709459e-04
   3.44049760e+02   1.45571132e-04
   3.44050248e+02   2.57463311e-04
   3.44050737e+02   2.27981873e-04
   3.44051225e+02   1.00700869e-04
   3.44051713e+02   2.46212032e-04
   3.44052202e+02   3.51603434e-04
   3.44052690e+02   1.61982985e-04
   3.44053178e+02   2.00507857e-04
   3.44053667e+02   2.92478449e-04
   3.44054155e+02   6.73200921e-05
   3.44054643e+02  -4.54117435e-06
   3.44055132e+02   2.66082527e-04
   3.44055620e+02   3.25900619e-04
   3.44056108e+02   1.23586520e-04
   3.44056597e+02   7.46501828e-05
   3.44057085e+02   1.64037032e-04
   3.44057573e+02   3.11606942e-04
   3.44058061e+02   3.26663547e-04
   3.44058550e+02   1.89164166e-05
   3.44059038e+02  -2.17162466e-04
   3.44059526e+02  -2.87913077e-04
   3.44060015e+02  -2.39813962e-04
   3.44060503e+02  -1.41234515e-04
   3.44060991e+02  -2.03547228e-04
   3.44061480e+02  -2.11259132e-04
   3.44061968e+02  -1.73537264e-04
   3.44062456e+02  -2.55688705e-04
   3.44062945e+02  -1.49310828e-04
   3.44063433e+02   2.47781049e-04
   3.44063921e+02   4.69847699e-04
   3.44064410e+02   2.54947779e-04
   3.44064898e+02   2.47181924e-06
   3.44065386e+02  -6.92525355e-05
   3.44065875e+02   1.61098724e-04
   3.44066363e+02   5.65506401e-04
   3.44066851e+02   6.00973726e-04
   3.44067340e+02   9.03251130e-05
   3.44067828e+02  -3.67338624e-04
   3.44068316e+02  -3.66660417e-04
   3.44068804e+02  -1.02563616e-04
   3.44069293e+02   1.65999707e-04
   3.44069781e+02  -1.59705105e-05
   3.44070269e+02  -2.60875910e-04
   3.44070758e+02  -2.65776878e-04
   3.44071246e+02  -4.20082128e-04
   3.44071734e+02  -8.19519191e-05
   3.44072223e+02   4.87899320e-04
   3.44072711e+02   2.93122430e-04
   3.44073199e+02   3.67884495e-05
   3.44073688e+02   1.64383266e-04
   3.44074176e+02   5.45412877e-05
   3.44074664e+02  -1.01890546e-04
   3.44075153e+02   5.97960707e-06
   3.44075641e+02  -2.79109263e-05
   3.44076129e+02  -1.06006548e-04
   3.44076618e+02  -1.80669405e-04
   3.44077106e+02  -3.29668146e-05
   3.44077594e+02   4.61921991e-05
   3.44078083e+02  -4.60496922e-05
   3.44078571e+02  -3.58959696e-05
   3.44079059e+02  -3.45855879e-05
   3.44079548e+02  -1.55351096e-04
   3.44080036e+02  -7.67538659e-05
   3.44080524e+02  -4.16219928e-06
   3.44081012e+02   1.10363417e-05
   3.44081501e+02   1.97651549e-04
   3.44081989e+02   2.04408745e-04
   3.44082477e+02   3.28210153e-05
   3.44082966e+02  -1.08439577e-04
   3.44083454e+02  -2.52913771e-04
   3.44083942e+02  -3.29777540e-04
   3.44084431e+02  -2.07124336e-04
   3.44084919e+02   4.65001795e-05
   3.44085407e+02   7.57726229e-05
   3.44085896e+02  -1.23160644e-04
   3.44086384e+02  -1.64747311e-04
   3.44086872e+02   8.95877165e-05
   3.44087361e+02   8.13454244e-05
   3.44087849e+02  -2.20995898e-05
   3.44088337e+02   1.46270409e-04
   3.44088826e+02   2.45799252e-04
   3.44089314e+02   6.72017050e-05
   3.44089802e+02  -2.14028951e-05
   3.44090291e+02   6.51509035e-05
   3.44090779e+02   4.70351442e-05
   3.44091267e+02   2.42613860e-05
   3.44091755e+02  -1.26931613e-04
   3.44092244e+02  -2.38914130e-04
   3.44092732e+02  -5.03652664e-05
   3.44093220e+02   1.07157321e-05
   3.44093709e+02   1.51038803e-05
   3.44094197e+02   1.96683264e-04
   3.44094685e+02   1.46044258e-04
   3.44095174e+02   7.04370686e-05
   3.44095662e+02   5.40329675e-05
   3.44096150e+02  -1.37636598e-04
   3.44096639e+02  -1.31308276e-04
   3.44097127e+02  -1.80963980e-05
   3.44097615e+02   4.05078617e-06
   3.44098104e+02  -1.76515401e-04
   3.44098592e+02  -2.84100272e-04
   3.44099080e+02  -1.20166020e-04
   3.44099569e+02  -1.23353690e-04
   3.44100057e+02  -1.18966193e-04
   3.44100545e+02   4.17458359e-05
   3.44101034e+02   9.98671676e-05
   3.44101522e+02  -1.06561136e-04
   3.44102010e+02  -4.70267201e-04
   3.44102498e+02  -3.95317911e-04
   3.44102987e+02  -2.95509381e-05
   3.44103475e+02   1.12654961e-04
   3.44103963e+02   2.29340498e-04
   3.44104452e+02   3.13149474e-04
   3.44104940e+02   2.37065498e-04
   3.44105428e+02   2.85833172e-04
   3.44105917e+02   4.78503236e-04
   3.44106405e+02   4.26958111e-04
   3.44106893e+02   4.10559769e-05
   3.44107382e+02  -1.44944774e-04
   3.44107870e+02  -2.20218808e-05
   3.44108358e+02   4.76273053e-05
   3.44108847e+02   1.65699657e-05
   3.44109335e+02  -3.99595338e-05
   3.44109823e+02  -5.60480839e-05
   3.44110312e+02   6.75852880e-06
   3.44110800e+02   1.34671529e-04
   3.44111288e+02   2.48476892e-04
   3.44111777e+02   3.20292922e-04
   3.44112265e+02   2.43805582e-04
   3.44112753e+02  -2.57787979e-05
   3.44113242e+02  -2.81573375e-05
   3.44113730e+02   2.76576728e-04
   3.44114218e+02   4.11564397e-04
   3.44114706e+02   3.90358444e-04
   3.44115195e+02   3.79639474e-04
   3.44115683e+02   1.06223852e-04
   3.44116171e+02  -3.38643935e-04
   3.44116660e+02  -4.98986570e-04
   3.44117148e+02  -3.58158897e-04
   3.44117636e+02  -1.64234210e-04
   3.44118125e+02   1.53352594e-04
   3.44118613e+02   3.11625598e-04
   3.44119101e+02   9.09298469e-05
   3.44119590e+02  -2.49155972e-04
   3.44120078e+02  -3.92517832e-04
   3.44120566e+02  -2.88998650e-04
   3.44121055e+02  -2.60641944e-04
   3.44121543e+02  -3.42081708e-04
   3.44122031e+02  -2.27729339e-04
   3.44122520e+02  -1.30641522e-04
   3.44123008e+02  -2.22254734e-04
   3.44123496e+02  -1.77177950e-04
   3.44123985e+02  -1.06044427e-04
   3.44124473e+02  -1.40631337e-05
   3.44124961e+02   3.22188789e-05
   3.44125449e+02  -6.66961932e-06
   3.44125938e+02  -4.27592749e-05
   3.44126426e+02  -1.65083002e-05
   3.44126914e+02  -6.42233044e-06
   3.44127403e+02  -1.46189312e-04
   3.44127891e+02  -2.20094385e-04
   3.44128379e+02  -1.62611730e-04
   3.44128868e+02  -2.22746909e-04
   3.44129356e+02  -2.39600253e-04
   3.44129844e+02  -2.53699283e-04
   3.44130333e+02  -1.85812271e-04
   3.44130821e+02   3.70439448e-05
   3.44131309e+02   1.07693311e-04
   3.44131798e+02  -2.68069271e-05
   3.44132286e+02  -1.55002599e-05
   3.44132774e+02   8.47840420e-05
   3.44133263e+02   1.46171269e-05
   3.44133751e+02  -3.72321410e-05
   3.44134239e+02   3.90427158e-05
   3.44134728e+02  -1.02861180e-04
   3.44135216e+02  -2.33877770e-04
   3.44135704e+02   9.15089840e-05
   3.44136192e+02   2.40189780e-04
   3.44136681e+02   4.16851399e-04
   3.44137169e+02   4.88827587e-04
   3.44137657e+02   4.21731878e-04
   3.44138146e+02   1.06089523e-04
   3.44138634e+02  -9.91750348e-05
   3.44139122e+02  -3.77713004e-05
   3.44139611e+02  -2.59524240e-04
   3.44140099e+02  -3.09906725e-04
   3.44140587e+02   8.99213192e-05
   3.44141076e+02   3.06032860e-04
   3.44141564e+02   2.42968628e-04
   3.44142052e+02  -4.38472034e-06
   3.44142541e+02  -2.58285523e-04
   3.44143029e+02  -1.49827174e-04
   3.44143517e+02   1.20279787e-04
   3.44144006e+02   2.40862923e-04
   3.44144494e+02   1.84456876e-04
   3.44144982e+02   2.66089919e-04
   3.44145471e+02   3.47349560e-04
   3.44145959e+02   2.88239098e-04
   3.44146447e+02   1.59046918e-04
   3.44146936e+02  -5.63046378e-05
   3.44147424e+02  -3.02536471e-04
   3.44147912e+02  -2.74023594e-04
   3.44148400e+02   4.24451264e-06
   3.44148889e+02   7.11820903e-05
   3.44149377e+02  -7.54810208e-06
   3.44149865e+02  -9.52054397e-05
   3.44150354e+02  -1.28478205e-04
   3.44150842e+02  -6.00419589e-05
   3.44151330e+02   1.37743162e-04
   3.44151819e+02   3.05513327e-04
   3.44152307e+02   1.55123082e-04
   3.44152795e+02  -3.13073630e-04
   3.44153284e+02  -2.38273526e-04
   3.44153772e+02   1.54601934e-04
   3.44154260e+02   1.30313783e-04
   3.44154749e+02   1.24052603e-04
   3.44155237e+02   1.50930093e-04
   3.44155725e+02   3.29392322e-04
   3.44156214e+02   8.01534858e-04
   3.44156702e+02   9.81816440e-04
   3.44157190e+02   1.26103533e-03
   3.44157679e+02   1.65117241e-03
   3.44158167e+02   1.40881795e-03
   3.44158655e+02   1.03265350e-03
   3.44159143e+02   1.01216999e-03
   3.44159632e+02   1.05387589e-03
   3.44160120e+02   1.01266592e-03
   3.44160608e+02   7.71387073e-04
   3.44161097e+02   5.68076386e-04
   3.44161585e+02   6.17472630e-04
   3.44162073e+02   7.45573547e-04
   3.44162562e+02   5.32149046e-04
   3.44163050e+02   2.37171233e-04
   3.44163538e+02   1.83900294e-04
   3.44164027e+02   2.25230542e-04
   3.44164515e+02   1.89712053e-04
   3.44165003e+02   2.86015216e-04
   3.44165492e+02   5.30428370e-04
   3.44165980e+02   4.51314641e-04
   3.44166468e+02   1.09371940e-04
   3.44166957e+02  -3.75057425e-05
   3.44167445e+02  -2.95784230e-05
   3.44167933e+02   2.81624216e-05
   3.44168422e+02   1.89713654e-04
   3.44168910e+02   4.04412567e-04
   3.44169398e+02   4.64151992e-04
   3.44169886e+02   4.04787686e-04
   3.44170375e+02   7.45016878e-05
   3.44170863e+02  -2.78219086e-04
   3.44171351e+02  -1.19739925e-04
   3.44171840e+02  -7.03706746e-06
   3.44172328e+02  -8.15390304e-05
   3.44172816e+02  -4.74405933e-05
   3.44173305e+02   8.49992575e-05
   3.44173793e+02   8.46436233e-05
   3.44174281e+02  -1.30166285e-04
   3.44174770e+02  -7.86852106e-05
   3.44175258e+02   1.21822210e-04
   3.44175746e+02   1.95485845e-04
   3.44176235e+02   3.18994542e-04
   3.44176723e+02   3.51063529e-04
   3.44177211e+02   1.91879197e-04
   3.44177700e+02  -1.61569133e-05
   3.44178188e+02  -1.16664232e-04
   3.44178676e+02  -7.52661508e-05
   3.44179165e+02  -2.62401190e-05
   3.44179653e+02  -7.30711545e-05
   3.44180141e+02  -9.13930853e-05
   3.44180630e+02  -6.58518329e-05
   3.44181118e+02  -1.76785761e-05
   3.44181606e+02   1.84308783e-06
   3.44182094e+02   2.48740398e-04
   3.44182583e+02   4.09080443e-04
   3.44183071e+02   4.14019851e-05
   3.44183559e+02  -1.03072474e-04
   3.44184048e+02   5.72424578e-05
   3.44184536e+02  -5.41783702e-05
   3.44185024e+02  -1.92635576e-04
   3.44185513e+02  -2.08159327e-04
   3.44186001e+02  -1.39373267e-04
   3.44186489e+02   1.41659053e-04
   3.44186978e+02   2.46305193e-04
   3.44187466e+02   2.35057785e-04
   3.44187954e+02  -7.22626573e-05
   3.44188443e+02  -5.29641518e-04
   3.44188931e+02  -2.68785632e-04
   3.44189419e+02  -1.49275957e-05
   3.44189908e+02  -2.63197377e-04
   3.44190396e+02  -3.29814560e-04
   3.44190884e+02  -1.16453542e-04
   3.44191373e+02   2.55415907e-05
   3.44191861e+02  -8.11285645e-05
   3.44192349e+02  -1.01993837e-05
   3.44192837e+02   9.75813018e-05
   3.44193326e+02   1.12119473e-04
   3.44193814e+02   1.17369054e-04
   3.44194302e+02   1.81567317e-04
   3.44194791e+02   9.84457729e-05
   3.44195279e+02   3.06040238e-05
   3.44195767e+02   3.93216906e-05
   3.44196256e+02   2.63354941e-05
   3.44196744e+02  -2.90216358e-05
   3.44197232e+02   9.79860124e-05
   3.44197721e+02   2.33664367e-04
   3.44198209e+02   2.79279484e-04
   3.44198697e+02   3.35820514e-04
   3.44199186e+02   1.37271883e-04
   3.44199674e+02  -2.70368328e-04
   3.44200162e+02  -2.96919723e-04
   3.44200651e+02   5.03381052e-05
   3.44201139e+02   2.22956005e-04
   3.44201627e+02   1.87026249e-04
   3.44202116e+02   1.18780605e-04
   3.44202604e+02  -7.91613274e-06
   3.44203092e+02  -1.08649765e-04
   3.44203580e+02  -1.14782750e-04
   3.44204069e+02   3.20716390e-05
   3.44204557e+02   2.05568085e-05
   3.44205045e+02  -7.50428080e-05
   3.44205534e+02  -2.83817135e-05
   3.44206022e+02   1.74072284e-05
   3.44206510e+02  -4.21152254e-05
   3.44206999e+02  -2.08503145e-04
   3.44207487e+02  -3.26358073e-04
   3.44207975e+02  -3.66010034e-04
   3.44208464e+02  -2.99341045e-04
   3.44208952e+02  -1.03469356e-05
   3.44209440e+02   2.37576765e-04
   3.44209929e+02   4.15451796e-05
   3.44210417e+02  -2.35568892e-04
   3.44210905e+02   4.13163361e-05
   3.44211394e+02   3.14087811e-04
   3.44211882e+02   8.02246868e-05
   3.44212370e+02  -1.24803060e-04
   3.44212859e+02  -9.26431094e-05
   3.44213347e+02  -1.69627019e-04
   3.44213835e+02  -2.66937044e-04
   3.44214324e+02  -2.68569449e-04
   3.44214812e+02  -3.67626380e-05
   3.44215300e+02   2.30181729e-04
   3.44215788e+02   6.01774991e-05
   3.44216277e+02   3.33611433e-06
   3.44216765e+02   1.24409751e-04
   3.44217253e+02   7.72931744e-05
   3.44217742e+02   1.66714439e-04
   3.44218230e+02   2.45684700e-04
   3.44218718e+02   2.10348298e-04
   3.44219207e+02   3.04272107e-04
   3.44219695e+02   2.67445459e-04
   3.44220183e+02  -5.45383118e-05
   3.44220672e+02  -2.35591040e-04
   3.44221160e+02  -2.32937004e-04
   3.44221648e+02  -2.42781636e-04
   3.44222137e+02  -2.38618610e-04
   3.44222625e+02  -1.48547857e-04
   3.44223113e+02  -6.78736033e-05
   3.44223602e+02  -6.66024353e-05
   3.44224090e+02  -1.85645276e-05
   3.44224578e+02  -8.47359988e-05
   3.44225067e+02  -2.20270929e-04
   3.44225555e+02  -5.63108624e-05
   3.44226043e+02   7.64547076e-05
   3.44226531e+02  -2.15418360e-04
   3.44227020e+02  -3.30787851e-04
   3.44227508e+02  -1.85441037e-04
   3.44227996e+02  -2.18004629e-04
   3.44228485e+02  -1.84486387e-04
   3.44228973e+02  -5.98436054e-05
   3.44229461e+02  -4.11434339e-05
   3.44229950e+02  -5.98745319e-05
   3.44230438e+02  -1.37420502e-04
   3.44230926e+02  -9.12231844e-05
   3.44231415e+02   8.40285793e-05
   3.44231903e+02   1.76852685e-04
   3.44232391e+02   1.73168490e-04
   3.44232880e+02   2.10040511e-04
   3.44233368e+02   2.28270597e-04
   3.44233856e+02   2.68389733e-04
   3.44234345e+02   2.39756948e-04
   3.44234833e+02   1.81150812e-04
   3.44235321e+02   1.11630405e-04
   3.44235810e+02  -2.60645698e-04
   3.44236298e+02  -4.53894987e-04
   3.44236786e+02  -3.13279743e-04
   3.44237275e+02  -4.89128288e-04
   3.44237763e+02  -5.65617054e-04
   3.44238251e+02  -3.10211559e-04
   3.44238739e+02  -1.60032432e-04
   3.44239228e+02  -2.35403117e-04
   3.44239716e+02  -1.70220985e-04
   3.44240204e+02   1.30203509e-04
   3.44240693e+02   2.34737294e-04
   3.44241181e+02   7.93692307e-05
   3.44241669e+02   1.70075917e-04
   3.44242158e+02   3.22763255e-04
   3.44242646e+02   7.17269431e-05
   3.44243134e+02  -2.01063885e-04
   3.44243623e+02  -6.07967850e-05
   3.44244111e+02   1.74744535e-04
   3.44244599e+02  -1.17614609e-05
   3.44245088e+02  -3.04059882e-04
   3.44245576e+02  -1.49254731e-04
   3.44246064e+02   5.45368493e-06
   3.44246553e+02   7.31502005e-05
   3.44247041e+02   7.13618138e-05
   3.44247529e+02  -7.29844032e-05
   3.44248018e+02  -3.83563856e-05
   3.44248506e+02   2.20332422e-05
   3.44248994e+02  -2.05110890e-04
   3.44249482e+02  -3.80486192e-04
   3.44249971e+02  -2.19326917e-04
   3.44250459e+02  -4.99732851e-05
   3.44250947e+02  -1.80363757e-04
   3.44251436e+02  -1.09345019e-04
   3.44251924e+02   6.93578331e-05
   3.44252412e+02  -1.98523921e-05
   3.44252901e+02   3.21451989e-05
   3.44253389e+02  -1.81046504e-04
   3.44253877e+02  -3.87867505e-04
   3.44254366e+02  -5.07413992e-04
   3.44254854e+02  -5.50549594e-04
   3.44255342e+02  -4.68352955e-04
   3.44255831e+02  -2.92109355e-04
   3.44256319e+02   1.31554159e-04
   3.44256807e+02   2.16855769e-04
   3.44257296e+02   3.38297723e-05
   3.44257784e+02   2.03822172e-04
   3.44258272e+02   3.23022628e-04
   3.44258761e+02   1.62861485e-04
   3.44259249e+02   9.21152459e-05
   3.44259737e+02   3.18967621e-04
   3.44260225e+02   4.54252935e-04
   3.44260714e+02   3.17613420e-04
   3.44261202e+02   8.18895060e-05
   3.44261690e+02  -2.84984650e-04
   3.44262179e+02  -4.28662664e-04
   3.44262667e+02  -1.94350054e-04
   3.44263155e+02  -2.20304515e-04
   3.44263644e+02  -3.60687118e-04
   3.44264132e+02  -1.69718885e-04
   3.44264620e+02  -1.69326493e-04
   3.44265109e+02  -3.48452770e-04
   3.44265597e+02  -9.22141262e-05
   3.44266085e+02  -1.96937053e-05
   3.44266574e+02  -1.87516780e-04
   3.44267062e+02   3.49304682e-05
   3.44267550e+02   7.15114875e-05
   3.44268039e+02  -1.26358354e-04
   3.44268527e+02   1.02213700e-04
   3.44269015e+02   6.66727894e-04
   3.44269504e+02   6.42597850e-04
   3.44269992e+02   1.21330500e-04
   3.44270480e+02  -1.74722940e-04
   3.44270969e+02  -9.42681945e-05
   3.44271457e+02   3.27650450e-05
   3.44271945e+02   1.03958402e-04
   3.44272433e+02   2.03463656e-04
   3.44272922e+02   2.58505697e-05
   3.44273410e+02  -1.57789909e-04
   3.44273898e+02   2.21369977e-04
   3.44274387e+02   6.21306244e-04
   3.44274875e+02   5.66262112e-04
   3.44275363e+02   2.45106203e-04
   3.44275852e+02   1.29730524e-05
   3.44276340e+02  -1.30679065e-04
   3.44276828e+02  -3.79396020e-04
   3.44277317e+02  -4.29364794e-04
   3.44277805e+02  -6.08560767e-05
   3.44278293e+02   3.50954157e-04
   3.44278782e+02   3.57983081e-04
   3.44279270e+02   1.06946565e-04
   3.44279758e+02  -1.35405731e-04
   3.44280247e+02  -1.74631132e-04
   3.44280735e+02   1.70312909e-04
   3.44281223e+02   4.30096523e-04
   3.44281712e+02   3.28697613e-04
   3.44282200e+02   2.72049074e-04
   3.44282688e+02   5.95352358e-05
   3.44283176e+02  -4.01780795e-04
   3.44283665e+02  -6.91286928e-04
   3.44284153e+02  -6.31324016e-04
   3.44284641e+02  -3.11025651e-04
   3.44285130e+02  -2.56832747e-04
   3.44285618e+02  -1.58213181e-04
   3.44286106e+02   3.90726462e-04
   3.44286595e+02   6.20403385e-04
   3.44287083e+02   3.75614793e-04
   3.44287571e+02  -1.35412974e-05
   3.44288060e+02  -2.82311463e-04
   3.44288548e+02  -3.60584556e-04
   3.44289036e+02  -3.93859722e-04
   3.44289525e+02  -4.54953231e-04
   3.44290013e+02  -4.59226809e-04
   3.44290501e+02  -2.65149691e-04
   3.44290990e+02   8.44872375e-06
   3.44291478e+02   1.19893368e-04
   3.44291966e+02   9.69445318e-05
   3.44292455e+02  -2.12867712e-06
   3.44292943e+02  -6.94406554e-05
   3.44293431e+02   5.03035626e-05
   3.44293919e+02   2.07685356e-04
   3.44294408e+02   1.70572152e-04
   3.44294896e+02   1.19723736e-05
   3.44295384e+02  -1.59120609e-04
   3.44295873e+02  -1.62112148e-04
   3.44296361e+02  -1.30777611e-04
   3.44296849e+02  -2.99565058e-04
   3.44297338e+02  -5.81252505e-04
   3.44297826e+02  -4.55031550e-04
   3.44298314e+02  -2.41267826e-05
   3.44298803e+02   6.28589532e-06
   3.44299291e+02   1.05376937e-04
   3.44299779e+02   3.22064647e-04
   3.44300268e+02   6.39502032e-05
   3.44300756e+02  -3.72060516e-04
   3.44301244e+02  -2.71899189e-04
   3.44301733e+02   4.94656197e-05
   3.44302221e+02   5.47777418e-05
   3.44302709e+02  -5.83209949e-05
   3.44303198e+02  -8.81784363e-05
   3.44303686e+02  -8.31151119e-05
   3.44304174e+02  -1.47907893e-04
   3.44304663e+02  -4.21359146e-04
   3.44305151e+02  -3.07150563e-04
   3.44305639e+02   2.71219207e-04
   3.44306127e+02   5.49914141e-04
   3.44306616e+02   4.35522379e-04
   3.44307104e+02   2.43626579e-04
   3.44307592e+02   5.39534958e-05
   3.44308081e+02  -2.58813088e-04
   3.44308569e+02  -3.36381025e-04
   3.44309057e+02  -1.05577317e-04
   3.44309546e+02   4.29139218e-05
   3.44310034e+02  -2.75313010e-04
   3.44310522e+02  -6.55958604e-04
   3.44311011e+02  -3.28206515e-04
   3.44311499e+02   1.50842781e-04
   3.44311987e+02   1.14644434e-04
   3.44312476e+02   1.87572397e-04
   3.44312964e+02  -1.22998154e-05
   3.44313452e+02  -1.60730604e-04
   3.44313941e+02  -4.02465048e-05
   3.44314429e+02   4.51182495e-05
   3.44314917e+02  -4.73397122e-05
   3.44315406e+02  -1.77565147e-04
   3.44315894e+02  -1.31254972e-04
   3.44316382e+02  -1.17376032e-04
   3.44316870e+02  -1.35370326e-04
   3.44317359e+02  -4.01218604e-05
   3.44317847e+02   6.69416477e-06
   3.44318335e+02   1.65565652e-05
   3.44318824e+02  -5.61948509e-05
   3.44319312e+02  -1.04906125e-04
   3.44319800e+02  -2.28024146e-06
   3.44320289e+02   1.47759813e-04
   3.44320777e+02   1.32949528e-04
   3.44321265e+02  -1.17701435e-04
   3.44321754e+02  -1.42479519e-04
   3.44322242e+02   1.42510180e-04
   3.44322730e+02   2.51711521e-04
   3.44323219e+02   1.92735461e-04
   3.44323707e+02   3.07680530e-05
   3.44324195e+02  -1.85124227e-04
   3.44324684e+02  -8.01040951e-05
   3.44325172e+02   7.92235096e-06
   3.44325660e+02  -7.98294059e-05
   3.44326149e+02  -1.57913193e-04
   3.44326637e+02  -2.83762958e-04
   3.44327125e+02  -2.31042213e-04
   3.44327613e+02  -6.02968321e-05
   3.44328102e+02  -3.13553610e-05
   3.44328590e+02  -2.03260643e-05
   3.44329078e+02  -5.97737708e-05
   3.44329567e+02   5.28133787e-05
   3.44330055e+02   1.34834409e-04
   3.44330543e+02  -9.87998501e-05
   3.44331032e+02  -3.38754500e-04
   3.44331520e+02  -4.05393861e-04
   3.44332008e+02  -6.46819026e-05
   3.44332497e+02   1.22635262e-04
   3.44332985e+02  -2.64298025e-04
   3.44333473e+02  -4.97053028e-04
   3.44333962e+02  -2.74135673e-04
   3.44334450e+02  -1.26726867e-04
   3.44334938e+02  -1.74396220e-04
   3.44335427e+02  -1.66351179e-04
   3.44335915e+02  -1.49963438e-04
   3.44336403e+02  -1.58988900e-04
   3.44336892e+02  -4.50402877e-05
   3.44337380e+02   4.09063687e-05
   3.44337868e+02   1.04898609e-04
   3.44338357e+02   3.73580006e-05
   3.44338845e+02  -5.87190116e-05
   3.44339333e+02  -2.29510078e-05
   3.44339821e+02  -1.73963053e-05
   3.44340310e+02  -5.08189623e-05
   3.44340798e+02  -7.63206262e-05
   3.44341286e+02  -1.17182833e-04
   3.44341775e+02  -2.34567760e-05
   3.44342263e+02   2.20628863e-04
   3.44342751e+02   4.49981802e-04
   3.44343240e+02   3.72565934e-04
   3.44343728e+02   2.21627226e-04
   3.44344216e+02   3.37035133e-04
   3.44344705e+02   2.87372648e-04
   3.44345193e+02   3.32825148e-05
   3.44345681e+02  -1.60422787e-04
   3.44346170e+02  -4.47575148e-04
   3.44346658e+02  -4.05744358e-04
   3.44347146e+02  -8.05026211e-05
   3.44347635e+02  -5.82714092e-05
   3.44348123e+02  -8.78421924e-05
   3.44348611e+02  -5.87975883e-05
   3.44349100e+02  -9.79683173e-05
   3.44349588e+02  -1.44594262e-04
   3.44350076e+02  -1.44814476e-04
   3.44350564e+02  -2.62531594e-05
   3.44351053e+02   3.30815164e-05
   3.44351541e+02   1.72251366e-05
   3.44352029e+02   1.68951257e-04
   3.44352518e+02   2.88650364e-04
   3.44353006e+02   2.20192760e-05
   3.44353494e+02  -3.21046507e-04
   3.44353983e+02  -1.69513485e-04
   3.44354471e+02   1.96990659e-04
   3.44354959e+02   3.65402724e-04
   3.44355448e+02   3.58525955e-04
   3.44355936e+02   2.90586089e-04
   3.44356424e+02   3.16263759e-04
   3.44356913e+02   3.77403456e-04
   3.44357401e+02   3.44974949e-04
   3.44357889e+02   1.50779684e-04
   3.44358378e+02  -1.82764925e-04
   3.44358866e+02  -1.82672855e-04
   3.44359354e+02   2.45817500e-04
   3.44359843e+02   3.71696136e-04
   3.44360331e+02   5.81901731e-05
   3.44360819e+02   1.54253300e-07
   3.44361307e+02  -8.12939618e-07
   3.44361796e+02  -3.10488453e-04
   3.44362284e+02  -3.34329292e-04
   3.44362772e+02  -3.13019809e-05
   3.44363261e+02   7.77582463e-05
   3.44363749e+02   2.69148477e-05
   3.44364237e+02   9.19782105e-05
   3.44364726e+02  -9.42522311e-05
   3.44365214e+02  -4.22212615e-04
   3.44365702e+02  -2.91448989e-04
   3.44366191e+02   8.06406024e-05
   3.44366679e+02   1.01090896e-04
   3.44367167e+02  -6.11309515e-05
   3.44367656e+02   2.55585674e-05
   3.44368144e+02   9.80461391e-06
   3.44368632e+02  -1.17417891e-04
   3.44369121e+02  -9.55287906e-05
   3.44369609e+02  -1.31806417e-04
   3.44370097e+02  -2.24822288e-04
   3.44370586e+02  -1.82225995e-04
   3.44371074e+02  -1.72986154e-04
   3.44371562e+02  -1.78190574e-04
   3.44372051e+02  -1.36555056e-04
   3.44372539e+02   5.59804284e-05
   3.44373027e+02   2.35184823e-04
   3.44373515e+02   1.94831664e-04
   3.44374004e+02   1.53234738e-04
   3.44374492e+02   1.59946940e-04
   3.44374980e+02   1.02023696e-04
   3.44375469e+02   1.17764233e-04
   3.44375957e+02   1.81757350e-05
   3.44376445e+02  -4.21216209e-05
   3.44376934e+02   1.86990146e-04
   3.44377422e+02   3.05107184e-04
   3.44377910e+02   4.11484187e-04
   3.44378399e+02   5.38214634e-04
   3.44378887e+02   3.44805187e-04
   3.44379375e+02  -7.89973637e-05
   3.44379864e+02  -2.45999341e-04
   3.44380352e+02  -7.24074853e-05
   3.44380840e+02   3.81574973e-05
   3.44381329e+02   9.25997956e-05
   3.44381817e+02  -8.35712708e-05
   3.44382305e+02  -5.42545400e-04
   3.44382794e+02  -4.51165455e-04
   3.44383282e+02   1.17311203e-04
   3.44383770e+02   1.04146849e-04
   3.44384258e+02  -2.08827783e-04
   3.44384747e+02  -5.98596162e-05
   3.44385235e+02   2.65291776e-04
   3.44385723e+02   3.79178644e-04
   3.44386212e+02   1.72038417e-04
   3.44386700e+02  -1.38629897e-04
   3.44387188e+02   4.90289131e-06
   3.44387677e+02   2.00727518e-04
   3.44388165e+02  -3.02456483e-05
   3.44388653e+02  -1.86140984e-04
   3.44389142e+02   1.49731801e-04
   3.44389630e+02   6.60806953e-04
   3.44390118e+02   7.27560604e-04
   3.44390607e+02   3.66969529e-04
   3.44391095e+02   2.45478059e-05
   3.44391583e+02  -1.33883441e-04
   3.44392072e+02  -1.25722392e-04
   3.44392560e+02   5.47398413e-05
   3.44393048e+02   1.44171485e-04
   3.44393537e+02  -5.98520410e-06
   3.44394025e+02  -2.12385406e-04
   3.44394513e+02  -2.15067499e-04
   3.44395002e+02  -4.82796759e-06
   3.44395490e+02   1.74764777e-04
   3.44395978e+02   1.59820775e-04
   3.44396466e+02   2.17258239e-05
   3.44396955e+02  -1.34251575e-04
   3.44397443e+02  -3.06848029e-04
   3.44397931e+02  -4.54791938e-04
   3.44398420e+02  -3.13010940e-04
   3.44398908e+02  -2.60800898e-05
   3.44399396e+02  -1.04290320e-05
   3.44399885e+02  -3.52612842e-05
   3.44400373e+02   2.37837419e-04
   3.44400861e+02   3.05595226e-04
   3.44401350e+02   9.26172215e-05
   3.44401838e+02  -1.85505021e-04
   3.44402326e+02  -4.24694008e-04
   3.44402815e+02  -2.16718225e-04
   3.44403303e+02   1.32562302e-04
   3.44403791e+02   2.75492232e-04
   3.44404280e+02   4.54047578e-04
   3.44404768e+02   2.62173067e-04
   3.44405256e+02  -5.22422561e-05
   3.44405745e+02  -1.67460021e-05
   3.44406233e+02  -2.36074644e-04
   3.44406721e+02  -5.49570017e-04
   3.44407209e+02  -5.40667796e-04
   3.44407698e+02  -4.18980839e-04
   3.44408186e+02  -1.87356825e-04
   3.44408674e+02  -1.25388571e-04
   3.44409163e+02  -2.87417177e-04
   3.44409651e+02  -2.13606647e-04
   3.44410139e+02  -1.94646345e-04
   3.44410628e+02  -3.15067999e-04
   3.44411116e+02  -1.36857037e-04
   3.44411604e+02   1.15637020e-04
   3.44412093e+02   1.37704759e-04
   3.44412581e+02   3.51723588e-06
   3.44413069e+02  -1.02012942e-04
   3.44413558e+02  -1.32337562e-04
   3.44414046e+02  -1.64218756e-04
   3.44414534e+02  -2.10311118e-04
   3.44415023e+02  -7.92490537e-05
   3.44415511e+02   1.51399028e-04
   3.44415999e+02   1.91828731e-04
   3.44416488e+02   1.57094662e-04
   3.44416976e+02   1.68836277e-06
   3.44417464e+02  -6.44352622e-05
   3.44417952e+02  -7.09873348e-05
   3.44418441e+02  -3.66745400e-04
   3.44418929e+02  -6.64192019e-04
   3.44419417e+02  -5.58495463e-04
   3.44419906e+02  -2.16605156e-04
   3.44420394e+02  -5.39277789e-05
   3.44420882e+02   2.37125656e-04
   3.44421371e+02   3.25208501e-04
   3.44421859e+02   6.60605019e-06
   3.44422347e+02  -1.06672276e-04
   3.44422836e+02  -1.24779501e-04
   3.44423324e+02  -1.38468356e-04
   3.44423812e+02  -4.53444663e-05
   3.44424301e+02   1.03832455e-04
   3.44424789e+02   3.05484660e-04
   3.44425277e+02   2.99115898e-04
   3.44425766e+02   7.92384890e-05
   3.44426254e+02  -1.30304063e-04
   3.44426742e+02  -8.82610184e-05
   3.44427231e+02   6.11522046e-05
   3.44427719e+02  -8.56808474e-05
   3.44428207e+02  -2.66176212e-04
   3.44428696e+02   2.45646632e-04
   3.44429184e+02   2.12870189e-04
   3.44429672e+02  -6.96460265e-05
   3.44430160e+02   1.47014052e-05
   3.44430649e+02   2.94685975e-04
   3.44431137e+02   2.46454932e-04
   3.44431625e+02  -4.94649757e-05
   3.44432114e+02  -1.48779320e-04
   3.44432602e+02  -7.54824987e-06
   3.44433090e+02   5.50567202e-05
   3.44433579e+02  -7.87231402e-05
   3.44434067e+02   8.98314393e-05
   3.44434555e+02   4.56949085e-04
   3.44435044e+02   4.90862119e-04
   3.44435532e+02   2.09227888e-04
   3.44436020e+02   1.08969572e-04
   3.44436509e+02   2.36886044e-05
   3.44436997e+02  -1.75618861e-05
   3.44437485e+02   2.34595966e-04
   3.44437974e+02   2.72951263e-04
   3.44438462e+02  -7.39078132e-06
   3.44438950e+02  -1.40449411e-04
   3.44439439e+02   1.32370798e-04
   3.44439927e+02   4.78642032e-04
   3.44440415e+02   4.43420955e-04
   3.44440903e+02   2.66979012e-04
   3.44441392e+02   6.04330489e-05
   3.44441880e+02  -5.73571415e-05
   3.44442368e+02  -2.12055511e-05
   3.44442857e+02  -1.52114648e-04
   3.44443345e+02  -1.91721832e-04
   3.44443833e+02  -9.84996805e-05
   3.44444322e+02  -2.91236094e-04
   3.44444810e+02  -2.38051958e-04
   3.44445298e+02   1.06915886e-05
   3.44445787e+02  -2.02851646e-04
   3.44446275e+02  -3.07458540e-04
   3.44446763e+02  -1.02182959e-04
   3.44447252e+02   5.15688589e-05
   3.44447740e+02   2.19312060e-04
   3.44448228e+02   3.87690205e-04
   3.44448717e+02   1.36773830e-04
   3.44449205e+02  -5.09011734e-05
   3.44449693e+02   2.44220719e-04
   3.44450182e+02   2.95000238e-04
   3.44450670e+02  -8.96984784e-06
   3.44451158e+02  -9.95909868e-05
   3.44451646e+02   4.02968690e-05
   3.44452135e+02   6.96647257e-05
   3.44452623e+02   1.22492638e-04
   3.44453111e+02   2.58697808e-04
   3.44453600e+02   1.94508248e-04
   3.44454088e+02   3.00823958e-05
   3.44454576e+02  -9.64501087e-05
   3.44455065e+02  -1.29137276e-04
   3.44455553e+02  -6.15259924e-05
   3.44456041e+02   1.45216924e-04
   3.44456530e+02   1.43132609e-04
   3.44457018e+02  -5.51834200e-05
   3.44457506e+02  -1.28055515e-04
   3.44457995e+02  -3.43059975e-04
   3.44458483e+02  -3.76667798e-04
   3.44458971e+02  -5.58564752e-05
   3.44459460e+02   9.25205168e-05
   3.44459948e+02   3.93653681e-06
   3.44460436e+02  -8.77871717e-05
   3.44460925e+02  -7.76183515e-05
   3.44461413e+02   2.21950213e-05
   3.44461901e+02   1.92278385e-04
   3.44462390e+02   1.86833175e-04
   3.44462878e+02   1.50702443e-04
   3.44463366e+02   2.08295722e-04
   3.44463854e+02   1.68760977e-04
   3.44464343e+02   2.91233555e-05
   3.44464831e+02  -1.59535426e-04
   3.44465319e+02  -1.89459839e-04
   3.44465808e+02   1.20004937e-04
   3.44466296e+02   3.47664376e-04
   3.44466784e+02   4.34599759e-04
   3.44467273e+02   4.27396153e-04
   3.44467761e+02   1.56776587e-04
   3.44468249e+02   5.63574940e-06
   3.44468738e+02   1.33575799e-04
   3.44469226e+02   2.29742829e-04
   3.44469714e+02   1.57504299e-04
   3.44470203e+02   2.33005194e-04
   3.44470691e+02   2.78064108e-04
   3.44471179e+02  -3.25999172e-05
   3.44471668e+02  -1.33887588e-04
   3.44472156e+02   2.81344073e-05
   3.44472644e+02   8.93857505e-05
   3.44473133e+02   1.92706109e-04
   3.44473621e+02   2.22449307e-04
   3.44474109e+02  -1.13113138e-05
   3.44474597e+02  -1.84589211e-04
   3.44475086e+02  -2.92317389e-04
   3.44475574e+02  -2.42675029e-04
   3.44476062e+02  -1.78940521e-04
   3.44476551e+02  -1.04497631e-04
   3.44477039e+02   2.98945979e-05
   3.44477527e+02  -2.07239391e-05
   3.44478016e+02  -2.44295894e-04
   3.44478504e+02  -4.50522697e-04
   3.44478992e+02  -2.62136018e-04
   3.44479481e+02   1.95995366e-04
   3.44479969e+02   2.10509475e-04
   3.44480457e+02  -1.30522349e-05
   3.44480946e+02  -1.35896524e-04
   3.44481434e+02  -2.77506246e-04
   3.44481922e+02  -1.77821028e-04
   3.44482411e+02   1.92151172e-04
   3.44482899e+02   2.68407515e-04
   3.44483387e+02   7.24748243e-05
   3.44483876e+02  -6.42845771e-05
   3.44484364e+02  -1.04876017e-04
   3.44484852e+02  -2.61950248e-04
   3.44485340e+02  -3.49686132e-04
   3.44485829e+02  -1.20642144e-04
   3.44486317e+02  -1.02424456e-04
   3.44486805e+02  -1.38249350e-04
   3.44487294e+02  -1.72853499e-04
   3.44487782e+02  -8.99828665e-05
   3.44488270e+02  -9.14527191e-05
   3.44488759e+02   5.27675693e-05
   3.44489247e+02   1.75257155e-04
   3.44489735e+02   3.40397892e-05
   3.44490224e+02  -2.79504929e-05
   3.44490712e+02   2.41603066e-05
   3.44491200e+02  -9.60626930e-05
   3.44491689e+02  -2.19913796e-04
   3.44492177e+02  -2.57353706e-04
   3.44492665e+02  -1.13637907e-04
   3.44493154e+02  -3.74226220e-05
   3.44493642e+02  -5.27331622e-06
   3.44494130e+02   9.58553355e-05
   3.44494619e+02   1.99241931e-05
   3.44495107e+02  -1.22949277e-05
   3.44495595e+02   9.50009689e-06
   3.44496084e+02  -2.07751204e-04
   3.44496572e+02  -3.24231107e-04
   3.44497060e+02  -1.83527765e-04
   3.44497548e+02   4.01599136e-05
   3.44498037e+02   1.67353544e-04
   3.44498525e+02   3.30091629e-04
   3.44499013e+02   2.79241300e-04
   3.44499502e+02   8.73327299e-05
   3.44499990e+02   1.89755316e-04
   3.44500478e+02   4.71664280e-05
   3.44500967e+02  -7.40087708e-05
   3.44501455e+02   1.94738714e-05
   3.44501943e+02  -1.52632740e-04
   3.44502432e+02  -9.53133567e-05
   3.44502920e+02   2.44642986e-04
   3.44503408e+02   7.19271338e-05
   3.44503897e+02  -2.44909053e-04
   3.44504385e+02  -1.74557485e-04
   3.44504873e+02  -9.54356583e-05
   3.44505362e+02  -1.41616774e-05
   3.44505850e+02   7.40286850e-05
   3.44506338e+02  -5.07320074e-05
   3.44506827e+02  -5.88983894e-05
   3.44507315e+02   1.06383530e-04
   3.44507803e+02   1.97936723e-04
   3.44508291e+02   1.72400498e-04
   3.44508780e+02   2.24278090e-04
   3.44509268e+02   2.68311414e-04
   3.44509756e+02   2.75418541e-04
   3.44510245e+02   3.59975675e-04
   3.44510733e+02   2.98555940e-04
   3.44511221e+02   3.19968618e-04
   3.44511710e+02   2.77446175e-04
   3.44512198e+02   1.17124209e-05
   3.44512686e+02  -2.81769346e-04
   3.44513175e+02  -5.82364970e-04
   3.44513663e+02  -5.25984331e-04
   3.44514151e+02  -1.99093611e-05
   3.44514640e+02   2.45631498e-04
   3.44515128e+02   1.51376968e-04
   3.44515616e+02   1.34668953e-05
   3.44516105e+02  -1.96546593e-04
   3.44516593e+02  -2.41779009e-04
   3.44517081e+02  -1.32966743e-04
   3.44517570e+02  -1.33415626e-04
   3.44518058e+02  -2.17727269e-04
   3.44518546e+02  -2.82047025e-04
   3.44519034e+02  -1.47794359e-04
   3.44519523e+02   4.90906532e-05
   3.44520011e+02   1.59083516e-04
   3.44520499e+02   7.05223065e-05
   3.44520988e+02  -1.51085813e-04
   3.44521476e+02   4.97996916e-06
   3.44521964e+02   1.54330075e-04
   3.44522453e+02   4.54417714e-05
   3.44522941e+02   2.31355909e-04
   3.44523429e+02   3.09218362e-04
   3.44523918e+02   1.81121425e-06
   3.44524406e+02  -7.33534471e-05
   3.44524894e+02   5.12892875e-05
   3.44525383e+02  -8.99940642e-05
   3.44525871e+02  -1.81013427e-04
   3.44526359e+02  -1.06303538e-04
   3.44526848e+02  -1.05444946e-04
   3.44527336e+02  -1.52941342e-04
   3.44527824e+02  -6.41805673e-05
   3.44528313e+02   9.95393348e-05
   3.44528801e+02   6.37916601e-05
   3.44529289e+02  -5.10455466e-05
   3.44529778e+02   1.02371108e-04
   3.44530266e+02   2.70589895e-04
   3.44530754e+02   2.10429731e-04
   3.44531242e+02   9.04914195e-05
   3.44531731e+02  -5.34911633e-05
   3.44532219e+02  -1.81370269e-04
   3.44532707e+02  -2.62728980e-04
   3.44533196e+02  -2.28682547e-04
   3.44533684e+02  -5.11581347e-05
   3.44534172e+02   4.54651854e-06
   3.44534661e+02   6.60228179e-05
   3.44535149e+02   2.24369855e-04
   3.44535637e+02  -3.56086493e-05
   3.44536126e+02  -2.29859186e-04
   3.44536614e+02  -9.51662878e-05
   3.44537102e+02  -3.73721996e-05
   3.44537591e+02   5.45500698e-05
   3.44538079e+02   1.25554434e-04
   3.44538567e+02   9.08565053e-05
   3.44539056e+02   6.00294115e-05
   3.44539544e+02   1.67195994e-05
   3.44540032e+02  -7.62612035e-05
   3.44540521e+02  -9.49943205e-05
   3.44541009e+02  -4.64985023e-05
   3.44541497e+02   2.88702358e-05
   3.44541985e+02   7.11307439e-05
   3.44542474e+02  -1.83027987e-05
   3.44542962e+02  -1.19480050e-04
   3.44543450e+02  -8.45883260e-05
   3.44543939e+02   1.42283447e-04
   3.44544427e+02   2.23661322e-04
   3.44544915e+02   1.83827811e-04
   3.44545404e+02  -2.26903030e-05
   3.44545892e+02  -4.42085991e-04
   3.44546380e+02  -3.09087482e-04
   3.44546869e+02   3.79094090e-05
   3.44547357e+02   1.87439000e-04
   3.44547845e+02   2.14814092e-04
   3.44548334e+02   2.00564347e-04
   3.44548822e+02  -3.17753029e-06
   3.44549310e+02  -4.97102854e-04
   3.44549799e+02  -9.05475346e-04
   3.44550287e+02  -6.91965281e-04
   3.44550775e+02  -1.00202298e-04
   3.44551264e+02   1.01712722e-04
   3.44551752e+02  -2.45516294e-05
   3.44552240e+02   1.15910392e-04
   3.44552729e+02   2.57240346e-04
   3.44553217e+02   1.92957858e-04
   3.44553705e+02   1.35423878e-04
   3.44554193e+02   8.56579136e-05
   3.44554682e+02   1.22319607e-05
   3.44555170e+02  -9.36709766e-05
   3.44555658e+02  -1.98480382e-04
   3.44556147e+02  -9.51632683e-05
   3.44556635e+02   2.56753206e-04
   3.44557123e+02   3.74632946e-04
   3.44557612e+02   2.16041924e-04
   3.44558100e+02   3.96281248e-05
   3.44558588e+02  -1.24399827e-04
   3.44559077e+02  -2.18465982e-04
   3.44559565e+02  -2.01319825e-04
   3.44560053e+02  -1.14852177e-04
   3.44560542e+02  -4.33016030e-05
   3.44561030e+02  -5.25533651e-05
   3.44561518e+02  -3.24297755e-04
   3.44562007e+02  -4.81944066e-04
   3.44562495e+02  -2.90300755e-04
   3.44562983e+02  -2.73896265e-04
   3.44563472e+02  -5.26723976e-04
   3.44563960e+02  -6.52375224e-04
   3.44564448e+02  -4.30746179e-04
   3.44564936e+02  -6.82167883e-05
   3.44565425e+02   6.86872227e-05
   3.44565913e+02   4.09606837e-05
   3.44566401e+02   7.92851788e-05
   3.44566890e+02   3.33508971e-04
   3.44567378e+02   2.84713868e-04
   3.44567866e+02  -1.22872021e-04
   3.44568355e+02  -3.44789005e-04
   3.44568843e+02  -3.83154140e-04
   3.44569331e+02  -4.22185054e-04
   3.44569820e+02  -1.73903871e-04
   3.44570308e+02   1.02019505e-04
   3.44570796e+02  -2.48411408e-04
   3.44571285e+02  -3.75851669e-04
   3.44571773e+02   8.89903004e-06
   3.44572261e+02   1.85606274e-04
   3.44572750e+02   3.36159923e-04
   3.44573238e+02   3.28786729e-04
   3.44573726e+02  -5.72357749e-05
   3.44574215e+02  -2.00985422e-04
   3.44574703e+02  -8.63562382e-05
   3.44575191e+02  -8.27868425e-05
   3.44575679e+02  -2.57793174e-04
   3.44576168e+02  -4.34795977e-04
   3.44576656e+02  -2.87476112e-04
   3.44577144e+02  -2.15642052e-04
   3.44577633e+02  -2.61312816e-04
   3.44578121e+02   2.75989714e-05
   3.44578609e+02   2.81565939e-04
   3.44579098e+02   1.49991582e-04
   3.44579586e+02  -1.30176079e-04
   3.44580074e+02  -5.08540761e-05
   3.44580563e+02   1.56919501e-04
   3.44581051e+02  -1.59415486e-05
   3.44581539e+02  -2.84409121e-04
   3.44582028e+02  -1.80148490e-04
   3.44582516e+02   2.09143673e-05
   3.44583004e+02  -6.13669617e-05
   3.44583493e+02  -1.85983634e-04
   3.44583981e+02  -2.01276373e-04
   3.44584469e+02  -1.15110990e-04
   3.44584958e+02   1.54084395e-04
   3.44585446e+02   4.61530493e-04
   3.44585934e+02   5.61369932e-04
   3.44586423e+02   4.32659930e-04
   3.44586911e+02   3.13663244e-04
   3.44587399e+02   2.19266032e-04
   3.44587887e+02   1.46942737e-04
   3.44588376e+02   2.18308647e-04
   3.44588864e+02   2.92711891e-04
   3.44589352e+02   1.92000341e-04
   3.44589841e+02   3.48699577e-05
   3.44590329e+02  -1.35123293e-04
   3.44590817e+02  -1.83299213e-04
   3.44591306e+02  -1.88928941e-04
   3.44591794e+02  -1.65554287e-04
   3.44592282e+02  -1.30010725e-04
   3.44592771e+02  -7.90813574e-05
   3.44593259e+02   3.21773732e-05
   3.44593747e+02   1.73841967e-04
   3.44594236e+02   3.42382409e-04
   3.44594724e+02   2.64886359e-04
   3.44595212e+02   2.04611992e-04
   3.44595701e+02   2.86780356e-04
   3.44596189e+02   5.27084012e-05
   3.44596677e+02  -2.89526943e-04
   3.44597166e+02  -3.58615012e-04
   3.44597654e+02  -2.46333570e-04
   3.44598142e+02  -2.71631579e-04
   3.44598630e+02  -1.88756254e-04
   3.44599119e+02   3.77217839e-05
   3.44599607e+02  -3.24239409e-05
   3.44600095e+02  -1.73245528e-04
   3.44600584e+02  -1.66739323e-04
   3.44601072e+02  -8.11469290e-05
   3.44601560e+02   2.33691841e-04
   3.44602049e+02   4.03941405e-04
   3.44602537e+02   2.33766972e-04
   3.44603025e+02   8.19898196e-05
   3.44603514e+02  -4.59774446e-06
   3.44604002e+02   1.08721460e-05
   3.44604490e+02   9.87297899e-05
   3.44604979e+02   1.68849176e-04
   3.44605467e+02   2.06026321e-04
   3.44605955e+02   1.17003372e-04
   3.44606444e+02   9.57491429e-05
   3.44606932e+02   2.33309023e-04
   3.44607420e+02   2.09857448e-04
   3.44607909e+02   8.10156998e-05
   3.44608397e+02   1.22166966e-04
   3.44608885e+02   1.93175816e-04
   3.44609373e+02   1.63775680e-04
   3.44609862e+02   1.52813329e-04
   3.44610350e+02   8.17234832e-05
   3.44610838e+02  -1.06848900e-04
   3.44611327e+02  -3.04165267e-04
   3.44611815e+02  -2.89209333e-04
   3.44612303e+02  -2.72490361e-05
   3.44612792e+02   2.12351602e-04
   3.44613280e+02   2.32285965e-04
   3.44613768e+02  -2.83559293e-05
   3.44614257e+02  -3.16123740e-04
   3.44614745e+02  -2.34047897e-04
   3.44615233e+02  -1.02137863e-04
   3.44615722e+02  -2.56356696e-04
   3.44616210e+02  -1.98870664e-04
   3.44616698e+02   5.94765952e-05
   3.44617187e+02   6.87659849e-05
   3.44617675e+02   2.10357015e-04
   3.44618163e+02   2.73079640e-04
   3.44618652e+02   9.36964898e-06
   3.44619140e+02  -1.39145865e-04
   3.44619628e+02  -5.60257868e-05
   3.44620117e+02  -5.25062751e-05
   3.44620605e+02  -2.25799551e-04
   3.44621093e+02  -1.64611643e-04
   3.44621581e+02   2.52154830e-04
   3.44622070e+02   4.15932649e-04
   3.44622558e+02   2.16209344e-04
   3.44623046e+02   1.84329212e-04
   3.44623535e+02   3.48130387e-04
   3.44624023e+02   3.56205681e-04
   3.44624511e+02   1.73716748e-04
   3.44625000e+02  -4.57122478e-05
   3.44625488e+02  -7.68470782e-05
   3.44625976e+02   1.33281617e-04
   3.44626465e+02   2.15297390e-04
   3.44626953e+02  -2.99712210e-05
   3.44627441e+02  -2.98013241e-04
   3.44627930e+02  -2.53334962e-04
   3.44628418e+02  -1.14964954e-04
   3.44628906e+02  -1.77448353e-04
   3.44629395e+02  -2.07063349e-04
   3.44629883e+02  -3.70328817e-05
   3.44630371e+02   2.38768975e-04
   3.44630860e+02   2.66188872e-04
   3.44631348e+02   9.36780543e-06
   3.44631836e+02  -1.41826895e-04
   3.44632324e+02  -2.01367628e-04
   3.44632813e+02  -2.36736494e-04
   3.44633301e+02  -3.67122120e-04
   3.44633789e+02  -2.81086512e-04
   3.44634278e+02   1.34281494e-04
   3.44634766e+02   2.32340404e-04
   3.44635254e+02  -1.46289356e-04
   3.44635743e+02  -4.22350480e-04
   3.44636231e+02  -3.01098800e-04
   3.44636719e+02  -1.46419945e-04
   3.44637208e+02   9.91344405e-06
   3.44637696e+02   1.39665673e-04
   3.44638184e+02   7.92674909e-05
   3.44638673e+02   6.20346109e-05
   3.44639161e+02  -3.50966729e-05
   3.44639649e+02  -1.17322837e-04
   3.44640138e+02   1.04084131e-04
   3.44640626e+02   2.50353361e-04
   3.44641114e+02   2.81328743e-04
   3.44641603e+02   1.29490087e-04
   3.44642091e+02   4.98833197e-06
   3.44642579e+02   2.20618138e-04
   3.44643067e+02   3.89943103e-04
   3.44643556e+02   2.56718544e-04
   3.44644044e+02   6.57712662e-05
   3.44644532e+02  -5.14282910e-05
   3.44645021e+02  -4.70848063e-05
   3.44645509e+02   4.85439887e-05
   3.44645997e+02  -3.32490781e-05
   3.44646486e+02   2.28626486e-05
   3.44646974e+02   1.50913591e-04
   3.44647462e+02  -5.17993249e-05
   3.44647951e+02  -2.00801325e-04
   3.44648439e+02  -7.88337566e-05
   3.44648927e+02   1.65645964e-04
   3.44649416e+02   2.27045864e-04
   3.44649904e+02   1.15606184e-04
   3.44650392e+02  -1.39029420e-04
   3.44650881e+02  -4.26867511e-04
   3.44651369e+02  -4.23508201e-04
   3.44651857e+02  -3.39333172e-04
   3.44652346e+02  -3.63320200e-04
   3.44652834e+02  -2.49447621e-04
   3.44653322e+02  -8.68642965e-05
   3.44653811e+02  -1.99216520e-04
   3.44654299e+02  -3.31212941e-04
   3.44654787e+02  -2.21531402e-04
   3.44655275e+02   8.29681157e-05
   3.44655764e+02   2.01243703e-04
   3.44656252e+02   9.66471489e-05
   3.44656740e+02   1.34701302e-04
   3.44657229e+02   2.40338792e-04
   3.44657717e+02   1.77640250e-04
   3.44658205e+02   1.46534672e-04
   3.44658694e+02   1.39906842e-04
   3.44659182e+02   1.32710295e-04
   3.44659670e+02   2.40951049e-04
   3.44660159e+02   3.04989633e-04
   3.44660647e+02   3.56344914e-04
   3.44661135e+02   3.92840593e-04
   3.44661624e+02   3.74712690e-04
   3.44662112e+02   4.91651939e-04
   3.44662600e+02   5.12367464e-04
   3.44663089e+02   3.23640998e-04
   3.44663577e+02   1.12859700e-04
   3.44664065e+02  -1.58748117e-05
   3.44664554e+02   1.33493213e-05
   3.44665042e+02   9.03485925e-05
   3.44665530e+02   1.17650750e-04
   3.44666018e+02  -2.26552700e-04
   3.44666507e+02  -4.17736621e-04
   3.44666995e+02  -1.69002335e-04
   3.44667483e+02   1.15699513e-04
   3.44667972e+02   1.30912653e-04
   3.44668460e+02  -1.48376039e-05
   3.44668948e+02  -1.16268813e-04
   3.44669437e+02  -1.79357055e-04
   3.44669925e+02  -3.01360851e-05
   3.44670413e+02   1.53301648e-04
   3.44670902e+02   1.11681038e-04
   3.44671390e+02   1.00154039e-05
   3.44671878e+02  -1.37541952e-04
   3.44672367e+02  -3.39118269e-04
   3.44672855e+02  -3.39444465e-04
   3.44673343e+02  -1.71811975e-04
   3.44673832e+02  -2.12612620e-04
   3.44674320e+02  -3.11284326e-04
   3.44674808e+02  -2.87896662e-04
   3.44675297e+02  -2.00242139e-04
   3.44675785e+02  -1.55018366e-04
   3.44676273e+02  -8.21007488e-05
   3.44676761e+02   5.98504485e-05
   3.44677250e+02   4.70875311e-05
   3.44677738e+02   3.56367782e-05
   3.44678226e+02  -1.90302535e-06
   3.44678715e+02  -2.39617861e-04
   3.44679203e+02  -1.43380501e-04
   3.44679691e+02   2.66340445e-04
   3.44680180e+02   2.93154822e-04
   3.44680668e+02  -1.00611622e-04
   3.44681156e+02  -2.57091917e-04
   3.44681645e+02  -1.30660599e-04
   3.44682133e+02  -1.43006328e-04
   3.44682621e+02  -1.76550660e-04
   3.44683110e+02  -4.93671978e-05
   3.44683598e+02   5.32667036e-06
   3.44684086e+02   4.53716202e-05
   3.44684575e+02  -8.66487608e-05
   3.44685063e+02  -3.72926123e-04
   3.44685551e+02  -2.37786444e-04
   3.44686040e+02   1.44560792e-04
   3.44686528e+02   1.08653156e-04
   3.44687016e+02   1.15846678e-05
   3.44687505e+02   2.98284867e-04
   3.44687993e+02   3.56304081e-04
   3.44688481e+02   2.44008450e-04
   3.44688969e+02   2.65494746e-04
   3.44689458e+02   1.54410387e-04
   3.44689946e+02  -1.12274007e-04
   3.44690434e+02  -2.87436182e-04
   3.44690923e+02  -1.89181606e-04
   3.44691411e+02  -9.54724455e-05
   3.44691899e+02  -1.33312215e-05
   3.44692388e+02   1.87556434e-04
   3.44692876e+02   1.11657144e-04
   3.44693364e+02   4.36160917e-05
   3.44693853e+02   2.16576450e-06
   3.44694341e+02  -1.38356278e-04
   3.44694829e+02  -4.60644478e-05
   3.44695318e+02   3.24458742e-05
   3.44695806e+02  -7.22586992e-05
   3.44696294e+02  -1.93025247e-04
   3.44696783e+02  -3.09517200e-04
   3.44697271e+02  -5.89708652e-05
   3.44697759e+02   4.42052697e-04
   3.44698248e+02   4.50939231e-04
   3.44698736e+02  -7.89767000e-05
   3.44699224e+02  -5.77114406e-04
   3.44699712e+02  -6.62781997e-04
   3.44700201e+02  -4.07555024e-04
   3.44700689e+02  -1.65549573e-04
   3.44701177e+02  -3.28426563e-06
   3.44701666e+02   7.24060883e-05
   3.44702154e+02  -1.08294153e-04
   3.44702642e+02  -1.58517505e-04
   3.44703131e+02  -8.13481238e-05
   3.44703619e+02  -1.14303555e-04
   3.44704107e+02  -9.74577561e-05
   3.44704596e+02  -2.15314314e-04
   3.44705084e+02  -2.51335528e-04
   3.44705572e+02  -8.95943012e-05
   3.44706061e+02  -3.72631985e-05
   3.44706549e+02   1.53937101e-04
   3.44707037e+02   2.89070711e-04
   3.44707526e+02   1.93596425e-05
   3.44708014e+02  -2.64939823e-04
   3.44708502e+02  -3.89663648e-04
   3.44708991e+02  -2.02514493e-04
   3.44709479e+02   2.84098605e-05
   3.44709967e+02  -1.66832819e-04
   3.44710456e+02  -3.38084938e-04
   3.44710944e+02  -1.01633617e-04
   3.44711432e+02   1.05741325e-04
   3.44711920e+02   1.11723282e-04
   3.44712409e+02   2.02094525e-04
   3.44712897e+02   1.98417183e-04
   3.44713385e+02  -3.96157448e-05
   3.44713874e+02  -1.58195209e-04
   3.44714362e+02  -1.72839238e-04
   3.44714850e+02  -1.10406392e-04
   3.44715339e+02   5.81995992e-05
   3.44715827e+02   1.82543139e-04
   3.44716315e+02   1.88732432e-04
   3.44716804e+02   2.18139743e-04
   3.44717292e+02   1.98333873e-04
   3.44717780e+02   1.23608897e-05
   3.44718269e+02  -8.43069429e-05
   3.44718757e+02   2.36023006e-05
   3.44719245e+02   8.13769439e-05
   3.44719734e+02   8.87250062e-05
   3.44720222e+02   3.30146548e-04
   3.44720710e+02   4.86967299e-04
   3.44721199e+02   2.86192982e-04
   3.44721687e+02   1.27171050e-04
   3.44722175e+02   5.67866773e-05
   3.44722663e+02  -1.00296907e-04
   3.44723152e+02  -1.68946630e-04
   3.44723640e+02  -1.31101871e-04
   3.44724128e+02  -1.79630500e-04
   3.44724617e+02  -2.35545536e-04
   3.44725105e+02  -1.92889886e-04
   3.44725593e+02  -3.33266216e-04
   3.44726082e+02  -5.57556457e-04
   3.44726570e+02  -4.94199048e-04
   3.44727058e+02  -4.19977121e-04
   3.44727547e+02  -3.75376141e-04
   3.44728035e+02  -1.03000348e-04
   3.44728523e+02   9.37692894e-05
   3.44729012e+02   1.83430348e-05
   3.44729500e+02  -6.40497965e-05
   3.44729988e+02  -1.35725262e-04
   3.44730477e+02  -5.63916146e-05
   3.44730965e+02   1.27818319e-04
   3.44731453e+02   1.83407654e-04
   3.44731942e+02   1.25536200e-04
   3.44732430e+02   2.28987687e-04
   3.44732918e+02   2.02613446e-04
   3.44733406e+02  -1.49356609e-04
   3.44733895e+02  -2.01188974e-04
   3.44734383e+02   2.82601595e-05
   3.44734871e+02  -1.02263322e-04
   3.44735360e+02  -3.14743549e-04
   3.44735848e+02  -1.60463300e-04
   3.44736336e+02   1.54849127e-04
   3.44736825e+02   1.81966287e-04
   3.44737313e+02   2.06393834e-05
   3.44737801e+02  -3.58937541e-05
   3.44738290e+02  -4.66977290e-05
   3.44738778e+02  -1.98506586e-05
   3.44739266e+02   1.40267759e-04
   3.44739755e+02   1.52633642e-04
   3.44740243e+02   1.89652608e-04
   3.44740731e+02   2.06535740e-04
   3.44741220e+02   1.98782000e-05
   3.44741708e+02   1.05600229e-04
   3.44742196e+02   5.41226123e-04
   3.44742685e+02   6.66306238e-04
   3.44743173e+02   2.74623744e-04
   3.44743661e+02  -1.15337192e-04
   3.44744150e+02  -2.84647482e-04
   3.44744638e+02  -2.29989702e-04
   3.44745126e+02  -5.84748122e-05
   3.44745614e+02  -1.40597822e-05
   3.44746103e+02  -2.10638114e-04
   3.44746591e+02  -3.95844458e-04
   3.44747079e+02  -2.76650644e-05
   3.44747568e+02   2.83759815e-04
   3.44748056e+02   7.71475534e-05
   3.44748544e+02   4.46127233e-05
   3.44749033e+02   2.52802740e-04
   3.44749521e+02   2.05460528e-04
   3.44750009e+02   6.82970858e-05
   3.44750498e+02   2.56325089e-04
   3.44750986e+02   1.63343910e-04
   3.44751474e+02  -1.98212307e-04
   3.44751963e+02  -1.92350737e-04
   3.44752451e+02  -1.05216430e-04
   3.44752939e+02  -4.87957514e-05
   3.44753428e+02   6.78009819e-05
   3.44753916e+02   1.19543474e-04
   3.44754404e+02   2.46629497e-05
   3.44754893e+02  -1.40691540e-04
   3.44755381e+02  -1.45607031e-04
   3.44755869e+02   1.32901653e-06
   3.44756357e+02   1.41101351e-04
   3.44756846e+02   2.88716546e-04
   3.44757334e+02   2.31984566e-04
   3.44757822e+02   1.06484469e-04
   3.44758311e+02   5.98439146e-05
   3.44758799e+02  -8.19149227e-06
   3.44759287e+02  -4.80748313e-05
   3.44759776e+02  -8.44462338e-05
   3.44760264e+02  -2.42871596e-04
   3.44760752e+02  -4.00697929e-04
   3.44761241e+02  -1.99558170e-04
   3.44761729e+02  -7.56294758e-05
   3.44762217e+02  -1.59098170e-04
   3.44762706e+02  -2.43601608e-05
   3.44763194e+02   4.71232379e-05
   3.44763682e+02   1.19947188e-04
   3.44764171e+02   2.00673221e-05
   3.44764659e+02  -3.84490879e-04
   3.44765147e+02  -4.18210198e-04
   3.44765636e+02  -1.90273902e-04
   3.44766124e+02  -1.61040298e-04
   3.44766612e+02  -2.03770891e-04
   3.44767100e+02  -1.99678063e-04
   3.44767589e+02  -7.34139685e-05
   3.44768077e+02  -7.70724546e-06
   3.44768565e+02   4.86210993e-05
   3.44769054e+02   3.00107549e-05
   3.44769542e+02  -2.15664957e-04
   3.44770030e+02  -3.63901927e-04
   3.44770519e+02  -2.49849836e-04
   3.44771007e+02  -1.80766263e-04
   3.44771495e+02  -1.77332302e-04
   3.44771984e+02  -1.12248170e-04
   3.44772472e+02  -2.49997993e-05
   3.44772960e+02   5.50689911e-05
   3.44773449e+02   2.20941554e-04
   3.44773937e+02   3.92634538e-04
   3.44774425e+02   3.45915440e-04
   3.44774914e+02   8.86507332e-05
   3.44775402e+02   9.66934313e-05
   3.44775890e+02   1.74565328e-04
   3.44776379e+02   8.38695414e-05
   3.44776867e+02   2.17955589e-04
   3.44777355e+02   3.48544534e-04
   3.44777844e+02   2.49792327e-04
   3.44778332e+02   1.04832368e-04
   3.44778820e+02  -4.74845729e-05
   3.44779308e+02  -8.75191254e-05
   3.44779797e+02   7.40606993e-05
   3.44780285e+02   2.72335135e-04
   3.44780773e+02   3.39859165e-04
   3.44781262e+02   1.06377440e-04
   3.44781750e+02  -2.66170155e-05
   3.44782238e+02  -3.97070544e-05
   3.44782727e+02  -2.56681058e-04
   3.44783215e+02  -1.30440123e-04
   3.44783703e+02   7.67631354e-05
   3.44784192e+02  -1.25825114e-04
   3.44784680e+02  -1.47497572e-04
   3.44785168e+02  -2.20657384e-04
   3.44785657e+02  -3.80124518e-04
   3.44786145e+02  -1.27749401e-04
   3.44786633e+02   2.00939772e-04
   3.44787122e+02   3.52735660e-04
   3.44787610e+02   2.37557804e-04
   3.44788098e+02   2.11947277e-04
   3.44788587e+02   3.28171998e-04
   3.44789075e+02   2.32029910e-04
   3.44789563e+02   1.08578279e-04
   3.44790051e+02  -6.81365782e-06
   3.44790540e+02  -5.81609092e-05
   3.44791028e+02  -1.11739755e-04
   3.44791516e+02  -1.22556739e-04
   3.44792005e+02   7.32566696e-05
   3.44792493e+02   8.86864364e-05
   3.44792981e+02  -1.13283648e-04
   3.44793470e+02  -1.11662215e-04
   3.44793958e+02   6.38106758e-06
   3.44794446e+02   1.03189806e-04
   3.44794935e+02   7.27723527e-05
   3.44795423e+02   2.95086029e-05
   3.44795911e+02   2.91206379e-04
   3.44796400e+02   4.36181319e-04
   3.44796888e+02   1.66405138e-04
   3.44797376e+02   3.54203112e-05
   3.44797865e+02   2.31119193e-04
   3.44798353e+02   2.91350938e-04
   3.44798841e+02   1.36394010e-04
   3.44799330e+02   4.77912945e-05
   3.44799818e+02   1.30191096e-04
   3.44800306e+02   7.95528322e-05
   3.44800794e+02  -1.69442370e-04
   3.44801283e+02  -3.38135724e-04
   3.44801771e+02  -3.05448804e-04
   3.44802259e+02  -5.50439245e-06
   3.44802748e+02   4.02135804e-04
   3.44803236e+02   5.82871202e-04
   3.44803724e+02   1.63190140e-04
   3.44804213e+02  -1.31669789e-04
   3.44804701e+02   4.19799544e-05
   3.44805189e+02   1.53890051e-05
   3.44805678e+02  -5.03630326e-05
   3.44806166e+02   1.73483913e-05
   3.44806654e+02   4.42994278e-05
   3.44807143e+02   8.41638030e-05
   3.44807631e+02   1.87464859e-04
   3.44808119e+02   2.46201933e-04
   3.44808608e+02   5.20477406e-05
   3.44809096e+02  -9.34319178e-05
   3.44809584e+02   3.91647845e-05
   3.44810073e+02  -6.04849592e-05
   3.44810561e+02  -1.22495519e-04
   3.44811049e+02   1.50237494e-04
   3.44811538e+02   1.74028741e-04
   3.44812026e+02  -9.59454155e-06
   3.44812514e+02   4.07736952e-05
   3.44813002e+02   1.26196901e-04
   3.44813491e+02   1.73602501e-04
   3.44813979e+02   2.55169609e-04
   3.44814467e+02   3.13318684e-04
   3.44814956e+02   3.42780666e-04
   3.44815444e+02   2.66910851e-04
   3.44815932e+02   6.84535917e-05
   3.44816421e+02  -8.63673813e-06
   3.44816909e+02   4.70363047e-05
   3.44817397e+02   5.46312622e-05
   3.44817886e+02  -4.34322610e-05
   3.44818374e+02  -2.71536846e-04
   3.44818862e+02  -3.55480908e-04
   3.44819351e+02  -2.11637205e-04
   3.44819839e+02  -5.41604750e-05
   3.44820327e+02   5.33436250e-05
   3.44820816e+02   7.62514355e-06
   3.44821304e+02   9.43276973e-05
   3.44821792e+02   1.08701788e-04
   3.44822281e+02   8.58198982e-05
   3.44822769e+02   8.40704524e-05
   3.44823257e+02   6.02192849e-05
   3.44823745e+02   9.30331371e-05
   3.44824234e+02   1.66178535e-04
   3.44824722e+02   3.48118891e-04
   3.44825210e+02  -6.67472923e-05
   3.44825699e+02  -7.23494915e-04
   3.44826187e+02  -5.02761686e-04
   3.44826675e+02  -2.13324765e-05
   3.44827164e+02   1.21932600e-04
   3.44827652e+02   9.25126442e-05
   3.44828140e+02   2.98667292e-05
   3.44828629e+02   1.77370835e-04
   3.44829117e+02   1.82939577e-04
   3.44829605e+02   1.51404520e-05
   3.44830094e+02  -1.46475519e-04
   3.44830582e+02  -3.94302770e-04
   3.44831070e+02  -3.15702200e-04
   3.44831559e+02  -9.95765586e-05
   3.44832047e+02  -1.27064166e-04
   3.44832535e+02  -1.53267174e-04
   3.44833024e+02  -5.27114098e-05
   3.44833512e+02   5.69920339e-05
   3.44834000e+02   1.23282691e-04
   3.44834488e+02   8.37305561e-05
   3.44834977e+02  -6.52541348e-05
   3.44835465e+02  -2.40456226e-04
   3.44835953e+02  -3.36528610e-04
   3.44836442e+02  -4.08368709e-04
   3.44836930e+02  -3.59582918e-04
   3.44837418e+02  -4.30829350e-05
   3.44837907e+02   1.63669669e-04
   3.44838395e+02   1.01516933e-04
   3.44838883e+02  -3.39514198e-04
   3.44839372e+02  -5.10442944e-04
   3.44839860e+02  -3.07761395e-04
   3.44840348e+02   2.28979421e-04
   3.44840837e+02   2.35545682e-04
   3.44841325e+02  -7.99462723e-05
   3.44841813e+02  -1.52857378e-04
   3.44842302e+02  -1.30358210e-04
   3.44842790e+02  -8.18806293e-05
   3.44843278e+02  -9.98216929e-05
   3.44843767e+02  -5.56495143e-05
   3.44844255e+02   1.93042142e-04
   3.44844743e+02   2.30677746e-04
   3.44845232e+02   1.33499081e-04
   3.44845720e+02   1.05291641e-04
   3.44846208e+02   3.53406358e-05
   3.44846696e+02  -2.54859013e-04
   3.44847185e+02  -4.47605009e-04
   3.44847673e+02  -3.22252366e-04
   3.44848161e+02  -1.31500055e-04
   3.44848650e+02  -1.27757419e-04
   3.44849138e+02  -3.56219360e-04
   3.44849626e+02  -4.14657057e-04
   3.44850115e+02  -9.52950941e-05
   3.44850603e+02   1.04286490e-04
   3.44851091e+02   1.36713697e-05
   3.44851580e+02  -8.95854828e-05
   3.44852068e+02  -2.43508148e-05
   3.44852556e+02   1.25876220e-04
   3.44853045e+02   1.68365397e-04
   3.44853533e+02  -6.88844739e-05
   3.44854021e+02  -3.44587839e-04
   3.44854510e+02  -2.13716543e-04
   3.44854998e+02   1.35011622e-04
   3.44855486e+02   2.27549317e-04
   3.44855975e+02   2.32271195e-04
   3.44856463e+02   3.71954549e-04
   3.44856951e+02   2.71863566e-04
   3.44857439e+02   4.87130819e-05
   3.44857928e+02   3.90997666e-05
   3.44858416e+02  -2.88554729e-05
   3.44858904e+02  -1.29670472e-04
   3.44859393e+02  -2.80039785e-05
   3.44859881e+02   1.39709839e-04
   3.44860369e+02   2.66404590e-04
   3.44860858e+02   1.53561137e-04
   3.44861346e+02  -1.90110863e-04
   3.44861834e+02  -3.27571237e-04
   3.44862323e+02  -3.25196044e-04
   3.44862811e+02  -2.88752140e-04
   3.44863299e+02  -1.79992698e-04
   3.44863788e+02  -3.29601753e-05
   3.44864276e+02   7.84543518e-05
   3.44864764e+02  -1.47229503e-05
   3.44865253e+02  -1.25764040e-04
   3.44865741e+02  -2.37511504e-05
   3.44866229e+02   1.12812893e-04
   3.44866718e+02   1.51631379e-04
   3.44867206e+02   5.38121058e-05
   3.44867694e+02  -3.86038737e-05
   3.44868183e+02  -1.19070777e-04
   3.44868671e+02  -8.71199736e-05
   3.44869159e+02   2.31470927e-04
   3.44869647e+02   4.08287742e-04
   3.44870136e+02   3.60648060e-04
   3.44870624e+02   2.70827935e-04
   3.44871112e+02  -1.19390585e-04
   3.44871601e+02  -4.84895718e-04
   3.44872089e+02  -2.44971219e-04
   3.44872577e+02   6.78635433e-06
   3.44873066e+02  -1.47948012e-04
   3.44873554e+02  -6.46417684e-05
   3.44874042e+02   1.73732755e-04
   3.44874531e+02   4.92017025e-05
   3.44875019e+02  -5.41433292e-05
   3.44875507e+02  -3.36997000e-05
   3.44875996e+02   1.11785688e-04
   3.44876484e+02   3.93181399e-04
   3.44876972e+02   1.60921700e-04
   3.44877461e+02  -2.91396223e-04
   3.44877949e+02  -1.30892382e-04
   3.44878437e+02   1.21047400e-04
   3.44878926e+02   9.14038174e-05
   3.44879414e+02   1.83406693e-04
   3.44879902e+02   1.57816525e-04
   3.44880390e+02  -4.23507990e-05
   3.44880879e+02  -9.54309362e-05
   3.44881367e+02  -1.37223789e-04
   3.44881855e+02  -1.98989816e-04
   3.44882344e+02  -8.16631873e-05
   3.44882832e+02  -2.92057684e-05
   3.44883320e+02  -4.91629071e-05
   3.44883809e+02   1.19225180e-04
   3.44884297e+02   1.97271307e-04
   3.44884785e+02   2.12146129e-04
   3.44885274e+02   4.37120645e-04
   3.44885762e+02   4.14068694e-04
   3.44886250e+02  -1.05520321e-05
   3.44886739e+02  -2.55054212e-04
   3.44887227e+02  -1.39829805e-04
   3.44887715e+02   1.62433978e-04
   3.44888204e+02   4.27366351e-04
   3.44888692e+02   2.54360726e-04
   3.44889180e+02  -2.27106120e-05
   3.44889669e+02   2.59906083e-05
   3.44890157e+02   2.04239172e-04
   3.44890645e+02   3.31109331e-04
   3.44891133e+02   3.39965540e-04
   3.44891622e+02   9.52913906e-05
   3.44892110e+02  -2.54295301e-04
   3.44892598e+02  -3.94439267e-04
   3.44893087e+02  -3.25078436e-04
   3.44893575e+02  -1.83817567e-04
   3.44894063e+02  -2.79754349e-05
   3.44894552e+02   1.37365336e-04
   3.44895040e+02   1.56614042e-04
   3.44895528e+02  -1.96424044e-05
   3.44896017e+02  -1.12811642e-04
   3.44896505e+02  -2.45911418e-04
   3.44896993e+02  -2.57919455e-04
   3.44897482e+02   1.33437716e-04
   3.44897970e+02   4.39151772e-05
   3.44898458e+02   2.46348918e-05
   3.44898947e+02   9.89625332e-05
   3.44899435e+02  -3.03927827e-05
   3.44899923e+02   2.62821704e-05
   3.44900412e+02   2.46325799e-04
   3.44900900e+02   1.32590343e-04
   3.44901388e+02  -7.99772752e-05
   3.44901877e+02   2.61979017e-06
   3.44902365e+02   5.36353309e-06
   3.44902853e+02  -2.92932789e-04
   3.44903341e+02  -3.05301422e-04
   3.44903830e+02   8.51217264e-05
   3.44904318e+02   2.74060032e-04
   3.44904806e+02   5.75589002e-05
   3.44905295e+02  -4.51920969e-05
   3.44905783e+02   1.25218721e-05
   3.44906271e+02   6.68234279e-05
   3.44906760e+02   9.41696126e-05
   3.44907248e+02   1.93829073e-05
   3.44907736e+02   6.27478730e-05
   3.44908225e+02   2.17098830e-04
   3.44908713e+02   2.71768746e-04
   3.44909201e+02   2.72442150e-04
   3.44909690e+02   2.93111370e-04
   3.44910178e+02   3.40992963e-04
   3.44910666e+02   3.99619807e-04
   3.44911155e+02   3.97780095e-04
   3.44911643e+02   3.83365201e-04
   3.44912131e+02   3.09695752e-04
   3.44912620e+02   2.00341005e-04
   3.44913108e+02   9.69051907e-05
   3.44913596e+02  -5.88312723e-05
   3.44914084e+02  -4.68489197e-05
   3.44914573e+02  -2.37675395e-05
   3.44915061e+02  -7.65736913e-05
   3.44915549e+02  -1.62331809e-04
   3.44916038e+02  -1.95956309e-04
   3.44916526e+02   4.29204119e-05
   3.44917014e+02   2.54745275e-04
   3.44917503e+02   1.33258334e-04
   3.44917991e+02  -1.35172595e-05
   3.44918479e+02   1.17435520e-04
   3.44918968e+02   2.60679750e-04
   3.44919456e+02   2.66586489e-04
   3.44919944e+02   2.57306470e-04
   3.44920433e+02   6.32969095e-05
   3.44920921e+02  -4.91620740e-05
   3.44921409e+02   1.57760922e-04
   3.44921898e+02   1.88891921e-04
   3.44922386e+02  -1.45273698e-05
   3.44922874e+02  -1.55628186e-06
   3.44923363e+02   2.23774419e-04
   3.44923851e+02   1.61864693e-04
   3.44924339e+02  -7.22891564e-05
   3.44924827e+02  -2.66268908e-05
   3.44925316e+02   1.49145970e-04
   3.44925804e+02   1.97399786e-04
   3.44926292e+02  -1.09838533e-04
   3.44926781e+02  -4.19108022e-04
   3.44927269e+02  -2.33588449e-04
   3.44927757e+02   6.10363641e-05
   3.44928246e+02   1.96182693e-04
   3.44928734e+02   3.40442901e-04
   3.44929222e+02   3.96013347e-04
   3.44929711e+02   2.25710348e-04
   3.44930199e+02   5.74747792e-05
   3.44930687e+02   6.67896893e-05
   3.44931176e+02   5.27971024e-05
   3.44931664e+02   5.29296231e-05
   3.44932152e+02   1.72298664e-04
   3.44932641e+02   3.64291627e-04
   3.44933129e+02   3.05225054e-04
   3.44933617e+02   6.74967741e-05
   3.44934106e+02   1.43859579e-04
   3.44934594e+02   2.20325324e-04
   3.44935082e+02  -1.28899183e-05
   3.44935571e+02  -1.23466831e-04
   3.44936059e+02  -8.15736421e-05
   3.44936547e+02  -7.63142161e-05
   3.44937035e+02   6.96310017e-05
   3.44937524e+02   2.76889798e-04
   3.44938012e+02   1.16794879e-04
   3.44938500e+02  -2.96318845e-04
   3.44938989e+02  -4.94393520e-04
   3.44939477e+02  -4.16698080e-04
   3.44939965e+02  -5.56423547e-05
   3.44940454e+02   1.79081762e-04
   3.44940942e+02   1.85295881e-04
   3.44941430e+02   2.30901042e-05
   3.44941919e+02  -1.43470184e-04
   3.44942407e+02  -1.09026674e-04
   3.44942895e+02  -1.12983516e-05
   3.44943384e+02   1.88945269e-04
   3.44943872e+02   2.43677263e-04
   3.44944360e+02  -1.03891929e-04
   3.44944849e+02  -5.46860392e-04
   3.44945337e+02  -4.84606775e-04
   3.44945825e+02   4.76573150e-05
   3.44946314e+02   2.66545539e-04
   3.44946802e+02   1.96820984e-05
   3.44947290e+02  -2.83528461e-05
   3.44947778e+02   1.23951861e-04
   3.44948267e+02  -3.39634644e-05
   3.44948755e+02  -1.99692804e-04
   3.44949243e+02  -1.93751635e-04
   3.44949732e+02  -1.29910492e-04
   3.44950220e+02  -1.13273454e-04
   3.44950708e+02  -1.49917600e-04
   3.44951197e+02  -4.12812051e-06
   3.44951685e+02   2.36314838e-04
   3.44952173e+02   1.35918017e-04
   3.44952662e+02  -1.01774924e-04
   3.44953150e+02  -1.70183295e-04
   3.44953638e+02  -1.87061814e-04
   3.44954127e+02  -4.24317288e-04
   3.44954615e+02  -4.60759911e-04
