frequency (GHz), flux (Jy/beam)
   3.44888470e+02  -3.15099838e-03
   3.44888959e+02  -2.73685670e-03
   3.44889447e+02  -7.93843064e-04
   3.44889935e+02  -1.16512194e-04
   3.44890423e+02  -1.45598815e-03
   3.44890912e+02  -2.65595992e-03
   3.44891400e+02  -3.12782940e-03
   3.44891888e+02  -2.17580865e-03
   3.44892377e+02  -9.76907788e-04
   3.44892865e+02  -2.15383084e-03
   3.44893353e+02  -5.14062028e-03
   3.44893842e+02  -5.48664853e-03
   3.44894330e+02  -3.32225207e-03
   3.44894818e+02  -9.15138866e-04
   3.44895307e+02   6.69053872e-04
   3.44895795e+02   3.31341958e-04
   3.44896283e+02  -1.90786508e-04
   3.44896771e+02  -1.26368192e-04
   3.44897260e+02  -1.72499160e-04
   3.44897748e+02  -3.43724707e-04
   3.44898236e+02  -8.90723953e-04
   3.44898725e+02  -3.65094427e-04
   3.44899213e+02   1.21999695e-03
   3.44899701e+02   1.59240223e-03
   3.44900190e+02   1.35874245e-04
   3.44900678e+02  -1.31138123e-03
   3.44901166e+02  -1.73733523e-03
   3.44901655e+02  -1.84214383e-03
   3.44902143e+02  -1.36270199e-03
   3.44902631e+02   7.21994496e-04
   3.44903119e+02   2.78108707e-03
   3.44903608e+02   2.13542534e-03
   3.44904096e+02  -4.77538095e-04
   3.44904584e+02  -1.79133960e-03
   3.44905073e+02  -2.02938868e-03
   3.44905561e+02  -1.67089968e-03
   3.44906049e+02   3.21569241e-04
   3.44906538e+02   2.81996303e-03
   3.44907026e+02   3.16713611e-03
   3.44907514e+02   2.60610553e-03
   3.44908003e+02   2.19624583e-03
   3.44908491e+02   3.62500752e-04
   3.44908979e+02  -8.57216190e-04
   3.44909467e+02  -2.09379569e-03
   3.44909956e+02  -4.08887584e-03
   3.44910444e+02  -3.51676415e-03
   3.44910932e+02  -1.02723530e-03
   3.44911421e+02   1.18755607e-03
   3.44911909e+02   2.85438402e-03
   3.44912397e+02   2.64538289e-03
   3.44912886e+02   9.83683509e-04
   3.44913374e+02  -5.04488649e-04
   3.44913862e+02  -1.76973850e-03
   3.44914351e+02  -1.65980065e-03
   3.44914839e+02   5.69386502e-05
   3.44915327e+02   7.53051834e-04
   3.44915815e+02  -3.59413185e-04
   3.44916304e+02  -1.56093098e-03
   3.44916792e+02  -1.76869670e-03
   3.44917280e+02  -2.58500245e-03
   3.44917769e+02  -3.33286356e-03
   3.44918257e+02  -3.04360734e-03
   3.44918745e+02  -3.38306837e-03
   3.44919234e+02  -4.24033590e-03
   3.44919722e+02  -3.76353366e-03
   3.44920210e+02  -9.83335427e-04
   3.44920699e+02   2.22349563e-03
   3.44921187e+02   1.84223952e-03
   3.44921675e+02  -1.10199943e-03
   3.44922163e+02  -1.88137346e-03
   3.44922652e+02  -1.34898466e-03
   3.44923140e+02  -2.75473227e-04
   3.44923628e+02   4.08838940e-04
   3.44924117e+02  -9.58393794e-04
   3.44924605e+02  -1.93992583e-03
   3.44925093e+02  -1.36297371e-03
   3.44925582e+02   9.61331825e-04
   3.44926070e+02   2.97128456e-03
   3.44926558e+02   2.47819023e-03
   3.44927047e+02   1.07364764e-03
   3.44927535e+02   1.38490321e-03
   3.44928023e+02   2.60344148e-03
   3.44928512e+02   2.68034451e-03
   3.44929000e+02   2.27926904e-03
   3.44929488e+02   1.91283098e-03
   3.44929976e+02   1.94560701e-03
   3.44930465e+02   1.34274049e-03
   3.44930953e+02  -9.89170279e-04
   3.44931441e+02  -2.52703065e-03
   3.44931930e+02  -2.60443264e-03
   3.44932418e+02  -1.85686862e-03
   3.44932906e+02  -1.11951621e-03
   3.44933395e+02  -6.70053647e-04
   3.44933883e+02  -4.99356131e-04
   3.44934371e+02  -7.94214662e-04
   3.44934860e+02  -1.52243779e-03
   3.44935348e+02  -2.43381062e-03
   3.44935836e+02  -1.66565028e-03
   3.44936324e+02   1.08795124e-03
   3.44936813e+02   2.18567555e-03
   3.44937301e+02   4.12742811e-04
   3.44937789e+02  -7.66646932e-04
   3.44938278e+02  -5.71798882e-04
   3.44938766e+02  -7.29297637e-04
   3.44939254e+02  -9.95410024e-04
   3.44939743e+02  -8.18396860e-04
   3.44940231e+02   1.25090402e-04
   3.44940719e+02   1.47113588e-03
   3.44941208e+02   1.69465842e-03
   3.44941696e+02   1.85812276e-03
   3.44942184e+02   1.58536970e-03
   3.44942672e+02   2.22024770e-04
   3.44943161e+02   2.23856594e-04
   3.44943649e+02   9.35520802e-04
   3.44944137e+02   1.54442072e-03
   3.44944626e+02   2.89770938e-03
   3.44945114e+02   2.87846872e-03
   3.44945602e+02  -8.42420559e-04
   3.44946091e+02  -1.93459820e-03
   3.44946579e+02   4.26057115e-04
   3.44947067e+02   2.74335849e-03
   3.44947556e+02   2.76678638e-03
   3.44948044e+02   2.12196237e-03
   3.44948532e+02   7.84707780e-04
   3.44949020e+02  -1.58076081e-03
   3.44949509e+02  -1.12105894e-03
   3.44949997e+02   2.24787043e-03
   3.44950485e+02   4.02805069e-03
   3.44950974e+02   3.47773568e-03
   3.44951462e+02   2.03558267e-03
   3.44951950e+02   2.53204210e-03
   3.44952439e+02   3.55056953e-03
   3.44952927e+02   2.12826324e-03
   3.44953415e+02   8.47228395e-04
   3.44953904e+02  -2.63663678e-04
   3.44954392e+02  -9.96582210e-04
   3.44954880e+02  -8.48397496e-04
   3.44955368e+02  -2.49028206e-03
   3.44955857e+02  -3.40905483e-03
   3.44956345e+02  -1.82299898e-03
   3.44956833e+02  -7.58694427e-04
   3.44957322e+02   1.32491332e-04
   3.44957810e+02   1.45346287e-03
   3.44958298e+02   7.74181623e-04
   3.44958787e+02  -1.50534080e-03
   3.44959275e+02  -2.21674610e-03
   3.44959763e+02  -1.73575955e-03
   3.44960252e+02  -1.58576365e-03
   3.44960740e+02  -1.42504578e-04
   3.44961228e+02   1.53733359e-03
   3.44961716e+02   8.85358953e-04
   3.44962205e+02   4.97259200e-04
   3.44962693e+02   3.72511422e-04
   3.44963181e+02  -1.19716243e-03
   3.44963670e+02  -1.71730272e-03
   3.44964158e+02  -6.46287575e-04
   3.44964646e+02  -9.21477098e-04
   3.44965135e+02  -1.00441568e-03
   3.44965623e+02   1.05223444e-03
   3.44966111e+02   1.36134727e-03
   3.44966600e+02  -7.13602873e-04
   3.44967088e+02  -1.83430687e-03
   3.44967576e+02  -1.10971311e-03
   3.44968065e+02   1.23324149e-04
   3.44968553e+02   5.24157484e-04
   3.44969041e+02   4.97794128e-04
   3.44969529e+02   1.40289613e-03
   3.44970018e+02   7.74074811e-04
   3.44970506e+02  -1.63998734e-03
   3.44970994e+02  -1.45199441e-03
   3.44971483e+02   4.63688193e-04
   3.44971971e+02   1.64571364e-04
   3.44972459e+02  -9.58785356e-04
   3.44972948e+02  -4.17145988e-04
   3.44973436e+02   5.22980466e-04
   3.44973924e+02   4.64942626e-04
   3.44974413e+02   4.05159401e-04
   3.44974901e+02   1.27729715e-03
   3.44975389e+02   1.92747801e-03
   3.44975877e+02  -2.96493788e-04
   3.44976366e+02  -3.30420560e-03
   3.44976854e+02  -2.00797198e-03
   3.44977342e+02   1.91223502e-04
   3.44977831e+02  -4.09940985e-04
   3.44978319e+02  -3.40814993e-04
   3.44978807e+02  -9.06586822e-04
   3.44979296e+02  -1.59637223e-03
   3.44979784e+02   1.11610047e-03
   3.44980272e+02   3.62242968e-03
   3.44980761e+02   2.40424974e-03
   3.44981249e+02   2.22270683e-04
   3.44981737e+02  -8.64516536e-04
   3.44982225e+02  -9.57513985e-04
   3.44982714e+02  -7.75676570e-04
   3.44983202e+02  -1.08224049e-03
   3.44983690e+02  -1.56385032e-03
   3.44984179e+02  -9.94103379e-04
   3.44984667e+02  -1.64671568e-04
   3.44985155e+02   5.14392101e-04
   3.44985644e+02   1.71126693e-03
   3.44986132e+02   2.71581626e-03
   3.44986620e+02   1.84701395e-03
   3.44987109e+02   3.86690575e-04
   3.44987597e+02   2.36842650e-04
   3.44988085e+02  -4.05451137e-04
   3.44988573e+02  -1.65158813e-03
   3.44989062e+02  -1.79092051e-03
   3.44989550e+02  -1.53578364e-03
   3.44990038e+02  -2.40615802e-03
   3.44990527e+02  -2.66501890e-03
   3.44991015e+02  -2.89775489e-04
   3.44991503e+02   1.95333059e-03
   3.44991992e+02   2.28277151e-03
   3.44992480e+02   1.12312252e-03
   3.44992968e+02  -2.49788165e-03
   3.44993457e+02  -4.63246508e-03
   3.44993945e+02  -2.56259716e-03
   3.44994433e+02  -7.37585884e-04
   3.44994921e+02  -6.03696564e-04
   3.44995410e+02  -1.45771890e-03
   3.44995898e+02  -2.61482806e-03
   3.44996386e+02  -1.61889871e-03
   3.44996875e+02  -8.83093686e-04
   3.44997363e+02  -2.06922158e-03
   3.44997851e+02  -3.00100609e-03
   3.44998340e+02  -2.03573098e-03
   3.44998828e+02   2.16530480e-05
   3.44999316e+02   1.54315098e-03
   3.44999805e+02   1.01856282e-03
   3.45000293e+02  -8.58743617e-04
   3.45000781e+02  -1.05924194e-03
   3.45001269e+02  -1.04446965e-03
   3.45001758e+02  -1.75875635e-03
   3.45002246e+02  -9.23828164e-04
   3.45002734e+02   4.94931766e-04
   3.45003223e+02   1.36777968e-03
   3.45003711e+02   5.60040353e-04
   3.45004199e+02  -2.28757108e-05
   3.45004688e+02   1.29568076e-03
   3.45005176e+02   2.62570311e-03
   3.45005664e+02   2.02926691e-03
   3.45006153e+02  -2.40506793e-04
   3.45006641e+02  -8.27641808e-04
   3.45007129e+02  -9.89128719e-04
   3.45007618e+02  -1.25147519e-03
   3.45008106e+02   4.55096830e-04
   3.45008594e+02   1.44554779e-03
   3.45009082e+02   6.25274610e-04
   3.45009571e+02   2.03347928e-03
   3.45010059e+02   4.57173027e-03
   3.45010547e+02   4.28775558e-03
   3.45011036e+02   1.79394882e-03
   3.45011524e+02  -3.59491736e-04
   3.45012012e+02  -1.44591046e-04
   3.45012501e+02   1.91993208e-03
   3.45012989e+02   1.95086002e-03
   3.45013477e+02   1.55106522e-04
   3.45013966e+02  -8.51121848e-04
   3.45014454e+02  -4.67032514e-04
   3.45014942e+02   5.52300306e-04
   3.45015430e+02  -1.74189847e-06
   3.45015919e+02  -1.27005827e-04
   3.45016407e+02   1.81025872e-03
   3.45016895e+02   2.86708586e-03
   3.45017384e+02   2.07948871e-03
   3.45017872e+02   3.70788475e-04
   3.45018360e+02  -1.26102101e-03
   3.45018849e+02  -1.91863719e-03
   3.45019337e+02  -8.15663196e-04
   3.45019825e+02   1.52573525e-03
   3.45020314e+02   3.23610241e-03
   3.45020802e+02   3.70600424e-03
   3.45021290e+02   4.61347448e-03
   3.45021778e+02   5.18553704e-03
   3.45022267e+02   2.99699488e-03
   3.45022755e+02   6.19587314e-04
   3.45023243e+02   3.24913417e-04
   3.45023732e+02   7.11460714e-04
   3.45024220e+02   1.86028844e-03
   3.45024708e+02   2.87700584e-03
   3.45025197e+02   1.92055875e-03
   3.45025685e+02   1.13460794e-03
   3.45026173e+02   8.98297934e-04
   3.45026662e+02  -5.60393499e-04
   3.45027150e+02  -1.01070467e-03
   3.45027638e+02   1.11680443e-03
   3.45028126e+02   3.89517727e-03
   3.45028615e+02   3.27382307e-03
   3.45029103e+02   2.89999007e-04
   3.45029591e+02   8.43011876e-05
   3.45030080e+02   1.55062752e-03
   3.45030568e+02   2.18585646e-03
   3.45031056e+02   2.52903230e-03
   3.45031545e+02   1.84391090e-03
   3.45032033e+02  -5.96201338e-04
   3.45032521e+02  -2.79034860e-03
   3.45033010e+02  -1.92309031e-03
   3.45033498e+02   3.98292381e-04
   3.45033986e+02   8.63842899e-04
   3.45034474e+02  -4.72859392e-04
   3.45034963e+02  -5.65208902e-04
   3.45035451e+02  -2.87856092e-04
   3.45035939e+02  -6.68600551e-04
   3.45036428e+02   3.89407185e-04
   3.45036916e+02   3.70919181e-04
   3.45037404e+02  -1.60542422e-03
   3.45037893e+02  -1.06568169e-03
   3.45038381e+02   9.90010682e-04
   3.45038869e+02   1.22475042e-03
   3.45039358e+02   2.60465196e-04
   3.45039846e+02   4.24881349e-04
   3.45040334e+02   2.16922956e-03
   3.45040822e+02   2.85971467e-03
   3.45041311e+02   1.84058573e-03
   3.45041799e+02   2.05230710e-04
   3.45042287e+02   4.74518776e-04
   3.45042776e+02   2.39150529e-03
   3.45043264e+02   1.78842188e-03
   3.45043752e+02   3.80743761e-04
   3.45044241e+02   4.51048749e-04
   3.45044729e+02  -1.52418623e-04
   3.45045217e+02  -6.85639621e-04
   3.45045706e+02   2.97168415e-04
   3.45046194e+02   1.13539267e-04
   3.45046682e+02  -1.75092451e-03
   3.45047171e+02  -2.30083778e-03
   3.45047659e+02  -1.50869379e-03
   3.45048147e+02   4.46068356e-04
   3.45048635e+02   2.41748290e-03
   3.45049124e+02   1.37104583e-03
   3.45049612e+02  -1.17827766e-03
   3.45050100e+02  -2.30567111e-03
   3.45050589e+02  -3.54203186e-03
   3.45051077e+02  -4.47511533e-03
   3.45051565e+02  -1.96398050e-03
   3.45052054e+02  -4.94290900e-04
   3.45052542e+02  -1.89016154e-03
   3.45053030e+02  -9.38729616e-04
   3.45053519e+02   2.20691669e-03
   3.45054007e+02   4.40910412e-03
   3.45054495e+02   2.72701704e-03
   3.45054983e+02  -3.19333367e-06
   3.45055472e+02   3.07285110e-04
   3.45055960e+02   1.54696032e-03
   3.45056448e+02   1.54561864e-03
   3.45056937e+02   1.61158608e-03
   3.45057425e+02   1.97734474e-03
   3.45057913e+02   7.04025675e-04
   3.45058402e+02  -2.17833812e-03
   3.45058890e+02  -3.70650599e-03
   3.45059378e+02  -2.83660949e-03
   3.45059867e+02  -1.14037085e-03
   3.45060355e+02  -8.68525298e-04
   3.45060843e+02  -3.03400557e-05
   3.45061331e+02   1.80764950e-03
   3.45061820e+02   5.72311365e-05
   3.45062308e+02  -2.29757209e-03
   3.45062796e+02  -1.48676452e-03
   3.45063285e+02  -1.86671037e-03
   3.45063773e+02  -1.58294698e-03
   3.45064261e+02   1.78911403e-04
   3.45064750e+02   1.14623667e-03
   3.45065238e+02   8.62145040e-04
   3.45065726e+02  -7.84441072e-05
   3.45066215e+02   4.09809902e-04
   3.45066703e+02   5.05745702e-04
   3.45067191e+02  -6.46521861e-04
   3.45067679e+02   3.23835964e-04
   3.45068168e+02   2.99295643e-03
   3.45068656e+02   3.53096449e-03
   3.45069144e+02   7.42416305e-04
   3.45069633e+02  -9.76860407e-04
   3.45070121e+02  -5.83509216e-04
   3.45070609e+02  -5.99910214e-04
   3.45071098e+02  -4.20369266e-04
   3.45071586e+02  -4.36576694e-04
   3.45072074e+02  -1.30379724e-03
   3.45072563e+02  -1.03720394e-03
   3.45073051e+02  -6.35080622e-04
   3.45073539e+02   1.35602095e-04
   3.45074027e+02   1.40250567e-03
   3.45074516e+02   5.20522706e-04
   3.45075004e+02  -7.82390416e-04
   3.45075492e+02  -1.35353548e-05
   3.45075981e+02   1.53779553e-03
   3.45076469e+02   1.39469444e-03
   3.45076957e+02  -1.43962028e-03
   3.45077446e+02  -3.30007938e-03
   3.45077934e+02  -9.07365466e-04
   3.45078422e+02   1.29829696e-03
   3.45078911e+02   3.98630276e-04
   3.45079399e+02  -9.11409617e-04
   3.45079887e+02  -1.95871945e-03
   3.45080375e+02  -2.45881942e-03
   3.45080864e+02  -9.43831517e-04
   3.45081352e+02   9.00238927e-04
   3.45081840e+02   1.08367868e-03
   3.45082329e+02  -1.70524610e-04
   3.45082817e+02  -7.42489065e-04
   3.45083305e+02   4.29935113e-04
   3.45083794e+02   5.78174659e-04
   3.45084282e+02  -1.96265755e-04
   3.45084770e+02   3.58850957e-04
   3.45085259e+02   2.34088255e-03
   3.45085747e+02   4.34218114e-03
   3.45086235e+02   4.02698666e-03
   3.45086724e+02   2.15641782e-03
   3.45087212e+02   1.56785746e-03
   3.45087700e+02   3.51847010e-03
   3.45088188e+02   3.90186301e-03
   3.45088677e+02   1.67527515e-03
   3.45089165e+02   1.25200790e-03
   3.45089653e+02   1.65185006e-03
   3.45090142e+02   2.53539270e-04
   3.45090630e+02   2.07399164e-04
   3.45091118e+02   1.61018642e-03
   3.45091607e+02   1.31454575e-03
   3.45092095e+02   1.16381270e-04
   3.45092583e+02  -7.34643312e-04
   3.45093072e+02  -3.28271359e-04
   3.45093560e+02   1.65358023e-03
   3.45094048e+02   1.72444806e-03
   3.45094536e+02  -1.22083747e-03
   3.45095025e+02  -3.14047234e-03
   3.45095513e+02  -3.85769014e-03
   3.45096001e+02  -3.41940648e-03
   3.45096490e+02  -7.05133309e-04
   3.45096978e+02   7.97785295e-04
   3.45097466e+02   1.59731098e-05
   3.45097955e+02  -4.22838020e-05
   3.45098443e+02   6.66585867e-04
   3.45098931e+02  -2.58883112e-04
   3.45099420e+02  -2.18856568e-03
   3.45099908e+02  -1.36974559e-03
   3.45100396e+02   1.83459348e-03
   3.45100884e+02   3.16569791e-03
   3.45101373e+02   1.27694418e-03
   3.45101861e+02  -1.86352129e-03
   3.45102349e+02  -3.65782995e-03
   3.45102838e+02  -3.09517002e-03
   3.45103326e+02  -1.23517471e-03
   3.45103814e+02  -8.58359504e-04
   3.45104303e+02  -8.84891138e-04
   3.45104791e+02   1.95855959e-04
   3.45105279e+02   9.84718674e-04
   3.45105768e+02   1.28676125e-03
   3.45106256e+02   2.05884385e-03
   3.45106744e+02   1.96887599e-03
   3.45107232e+02   6.03926776e-04
   3.45107721e+02   9.45464650e-04
   3.45108209e+02   2.72595044e-03
   3.45108697e+02   2.89701577e-03
   3.45109186e+02   6.86950283e-04
   3.45109674e+02  -1.46358472e-03
   3.45110162e+02  -2.41071079e-03
   3.45110651e+02  -3.36527475e-03
   3.45111139e+02  -2.22717342e-03
   3.45111627e+02   1.27933477e-03
   3.45112116e+02   3.57990758e-03
   3.45112604e+02   2.45147361e-03
   3.45113092e+02   3.51445691e-04
   3.45113580e+02   5.79133397e-04
   3.45114069e+02   3.73955816e-04
   3.45114557e+02  -7.95095519e-04
   3.45115045e+02  -8.22882343e-04
   3.45115534e+02  -5.36209787e-04
   3.45116022e+02  -1.57486211e-04
   3.45116510e+02   1.44068513e-03
   3.45116999e+02   2.58223317e-03
   3.45117487e+02   1.17082964e-03
   3.45117975e+02  -7.28109386e-04
   3.45118464e+02  -1.20049808e-03
   3.45118952e+02  -3.96109681e-04
   3.45119440e+02   1.75114663e-03
   3.45119928e+02   3.08919256e-03
   3.45120417e+02   9.93220252e-04
   3.45120905e+02  -2.01613782e-03
   3.45121393e+02  -1.84018762e-04
   3.45121882e+02   1.65766000e-03
   3.45122370e+02   2.07176525e-03
   3.45122858e+02   1.22627895e-03
   3.45123347e+02   4.36667266e-04
   3.45123835e+02   9.74554394e-04
   3.45124323e+02   1.94375869e-03
   3.45124812e+02   1.46343163e-03
   3.45125300e+02   5.41317859e-05
   3.45125788e+02  -1.14303560e-03
   3.45126277e+02  -1.38560333e-03
   3.45126765e+02  -3.30172654e-04
   3.45127253e+02   9.14030301e-04
   3.45127741e+02   6.47147419e-04
   3.45128230e+02  -9.90361907e-04
   3.45128718e+02  -1.77124492e-03
   3.45129206e+02  -7.43821030e-04
   3.45129695e+02   1.00232079e-03
   3.45130183e+02   2.17788760e-03
   3.45130671e+02   1.98597065e-03
   3.45131160e+02   8.18161236e-04
   3.45131648e+02   1.85379991e-04
   3.45132136e+02   1.14662209e-04
   3.45132625e+02  -3.03304812e-04
   3.45133113e+02  -1.09929731e-03
   3.45133601e+02  -2.49849586e-03
   3.45134089e+02  -3.05796438e-03
   3.45134578e+02  -1.92886408e-04
   3.45135066e+02   1.87671522e-03
   3.45135554e+02  -9.31783507e-05
   3.45136043e+02  -2.19489401e-03
   3.45136531e+02  -2.01418484e-03
   3.45137019e+02  -7.93888932e-04
   3.45137508e+02   1.28542387e-03
   3.45137996e+02   2.57916539e-03
   3.45138484e+02   1.33925606e-03
   3.45138973e+02  -3.93997616e-04
   3.45139461e+02   1.75625231e-04
   3.45139949e+02   1.34068180e-03
   3.45140437e+02   4.97613742e-04
   3.45140926e+02  -1.29583315e-03
   3.45141414e+02  -2.50615459e-03
   3.45141902e+02  -2.41834461e-03
   3.45142391e+02  -2.72244401e-03
   3.45142879e+02  -2.41228240e-03
   3.45143367e+02  -1.12510961e-03
   3.45143856e+02   6.00868720e-04
   3.45144344e+02   2.24384549e-03
   3.45144832e+02   2.10123369e-03
   3.45145321e+02   1.95686400e-04
   3.45145809e+02  -9.76878917e-04
   3.45146297e+02   9.67287458e-04
   3.45146785e+02   3.00924783e-03
   3.45147274e+02   1.02882995e-03
   3.45147762e+02  -2.47446401e-03
   3.45148250e+02  -2.39129481e-03
   3.45148739e+02   1.21561147e-03
   3.45149227e+02   2.79280310e-03
   3.45149715e+02   1.14814378e-03
   3.45150204e+02   2.68259992e-05
   3.45150692e+02   3.56227654e-04
   3.45151180e+02   1.32580593e-04
   3.45151669e+02  -4.21335397e-04
   3.45152157e+02  -6.16442994e-04
   3.45152645e+02  -2.42423441e-04
   3.45153133e+02   5.72359131e-04
   3.45153622e+02   3.57969955e-04
   3.45154110e+02  -1.13267615e-03
   3.45154598e+02  -9.38808545e-04
   3.45155087e+02   8.86559021e-04
   3.45155575e+02   1.87097990e-03
   3.45156063e+02   1.79875595e-03
   3.45156552e+02   9.34500538e-04
   3.45157040e+02  -2.28322402e-04
   3.45157528e+02  -7.57302696e-05
   3.45158017e+02   1.29907508e-03
   3.45158505e+02   1.60394644e-03
   3.45158993e+02   5.65944472e-04
   3.45159481e+02   4.42760240e-04
   3.45159970e+02   1.83835858e-03
   3.45160458e+02   2.03031325e-03
   3.45160946e+02   1.86504811e-04
   3.45161435e+02  -4.09454107e-04
   3.45161923e+02  -1.20558194e-03
   3.45162411e+02  -1.53485953e-03
   3.45162900e+02   1.24555058e-03
   3.45163388e+02   1.77988841e-03
   3.45163876e+02  -8.89950607e-04
   3.45164365e+02  -1.81148411e-03
   3.45164853e+02  -1.63762423e-03
   3.45165341e+02  -2.58386461e-03
   3.45165830e+02  -2.08097510e-03
   3.45166318e+02  -2.56864179e-04
   3.45166806e+02  -4.56012232e-04
   3.45167294e+02  -3.82306171e-05
   3.45167783e+02   1.85590377e-03
   3.45168271e+02   2.47863331e-03
   3.45168759e+02   8.35099083e-04
   3.45169248e+02  -4.70971499e-05
   3.45169736e+02   1.25877955e-03
   3.45170224e+02   9.65003856e-04
   3.45170713e+02  -9.14638746e-04
   3.45171201e+02  -2.32170732e-03
   3.45171689e+02  -3.90276522e-03
   3.45172178e+02  -3.82604031e-03
   3.45172666e+02  -3.96713032e-04
   3.45173154e+02   2.04065721e-03
   3.45173642e+02   9.30888287e-04
   3.45174131e+02  -6.99445489e-04
   3.45174619e+02  -3.42374376e-04
   3.45175107e+02   6.07048511e-04
   3.45175596e+02   1.22624275e-04
   3.45176084e+02  -8.21869238e-04
   3.45176572e+02  -1.28017797e-03
   3.45177061e+02  -1.25726615e-03
   3.45177549e+02  -4.63516975e-04
   3.45178037e+02  -9.57384909e-05
   3.45178526e+02  -5.45136863e-04
   3.45179014e+02  -9.87893087e-04
   3.45179502e+02  -1.23033777e-03
   3.45179990e+02  -1.15204696e-03
   3.45180479e+02  -6.21977786e-04
   3.45180967e+02   1.24492880e-03
   3.45181455e+02   3.36939562e-03
   3.45181944e+02   1.50113460e-03
   3.45182432e+02  -1.07888319e-03
   3.45182920e+02  -1.81296037e-03
   3.45183409e+02  -1.74979505e-03
   3.45183897e+02   2.39116835e-05
   3.45184385e+02   5.73102850e-04
   3.45184874e+02  -1.10426487e-03
   3.45185362e+02  -1.04206253e-03
   3.45185850e+02  -4.29525884e-04
   3.45186338e+02  -8.80348030e-04
   3.45186827e+02  -4.08707747e-05
   3.45187315e+02   1.05345948e-03
   3.45187803e+02   1.17528217e-03
   3.45188292e+02   1.55885704e-03
   3.45188780e+02   1.91464240e-03
   3.45189268e+02   2.65377993e-03
   3.45189757e+02   2.88859522e-03
   3.45190245e+02  -1.84319753e-04
   3.45190733e+02  -2.21489160e-03
   3.45191222e+02  -2.39292785e-04
   3.45191710e+02   2.61507649e-03
   3.45192198e+02   4.18189308e-03
   3.45192686e+02   2.67071393e-03
   3.45193175e+02  -7.47191545e-04
   3.45193663e+02  -1.93019933e-03
   3.45194151e+02  -1.69157854e-03
   3.45194640e+02  -2.18326203e-03
   3.45195128e+02  -2.64011044e-03
   3.45195616e+02  -2.63381260e-03
   3.45196105e+02  -2.04062858e-03
   3.45196593e+02  -9.91643756e-04
   3.45197081e+02  -1.96537236e-04
   3.45197570e+02   1.17780443e-03
   3.45198058e+02   1.68759050e-03
   3.45198546e+02   8.71469674e-04
   3.45199034e+02   1.37347553e-03
   3.45199523e+02   2.51060375e-03
   3.45200011e+02   2.48704571e-03
   3.45200499e+02   2.18984648e-03
   3.45200988e+02   2.38514668e-03
   3.45201476e+02   2.22744257e-03
   3.45201964e+02   2.29641004e-03
   3.45202453e+02   1.93926308e-03
   3.45202941e+02  -3.84632876e-04
   3.45203429e+02  -1.03545375e-03
   3.45203918e+02   2.38830317e-03
   3.45204406e+02   5.18750632e-03
   3.45204894e+02   3.88451503e-03
   3.45205383e+02   1.82123750e-03
   3.45205871e+02   1.69179193e-03
   3.45206359e+02   1.88016624e-03
   3.45206847e+02   1.35206152e-03
   3.45207336e+02  -6.47125707e-04
   3.45207824e+02  -3.66982771e-03
   3.45208312e+02  -2.82251230e-03
   3.45208801e+02   7.02932477e-04
   3.45209289e+02   1.26445491e-03
   3.45209777e+02  -1.73598528e-04
   3.45210266e+02  -8.40532128e-04
   3.45210754e+02  -8.65859096e-04
   3.45211242e+02  -1.78587204e-03
   3.45211731e+02  -2.69350153e-03
   3.45212219e+02  -1.62982033e-03
   3.45212707e+02  -1.74484763e-03
   3.45213195e+02  -3.77702760e-03
   3.45213684e+02  -3.19548906e-03
   3.45214172e+02  -1.99089968e-03
   3.45214660e+02  -1.90275721e-03
   3.45215149e+02  -8.13871447e-04
   3.45215637e+02   1.22790749e-03
   3.45216125e+02   2.13969778e-03
   3.45216614e+02  -1.51870379e-04
   3.45217102e+02  -2.01245653e-03
   3.45217590e+02   1.33779404e-05
   3.45218079e+02   1.02780922e-03
   3.45218567e+02   1.10649482e-04
   3.45219055e+02   7.55888352e-04
   3.45219543e+02   1.83363096e-03
   3.45220032e+02   1.66906917e-03
   3.45220520e+02   3.51944655e-05
   3.45221008e+02  -2.69302400e-04
   3.45221497e+02   2.66834069e-03
   3.45221985e+02   5.26867574e-03
   3.45222473e+02   4.49438021e-03
   3.45222962e+02   2.14252272e-03
   3.45223450e+02   1.12812989e-03
   3.45223938e+02   2.85326387e-04
   3.45224427e+02  -1.18762371e-03
   3.45224915e+02  -1.92318624e-03
   3.45225403e+02  -2.89024319e-03
   3.45225891e+02  -3.71540245e-03
   3.45226380e+02  -4.31442028e-03
   3.45226868e+02  -4.33873199e-03
   3.45227356e+02  -2.91910628e-03
   3.45227845e+02  -1.13615335e-03
   3.45228333e+02  -3.12633929e-04
   3.45228821e+02   2.96032696e-04
   3.45229310e+02   4.47466766e-04
   3.45229798e+02  -7.69496022e-04
   3.45230286e+02  -2.00065784e-03
   3.45230775e+02  -1.77116808e-03
   3.45231263e+02   1.26173632e-04
   3.45231751e+02   4.88177902e-04
   3.45232239e+02  -9.16567107e-04
   3.45232728e+02  -1.31906150e-03
   3.45233216e+02  -7.64493714e-04
   3.45233704e+02   1.33781403e-03
   3.45234193e+02   3.19728465e-03
   3.45234681e+02   2.81273294e-03
   3.45235169e+02   3.26570170e-03
   3.45235658e+02   4.48448863e-03
   3.45236146e+02   3.16676195e-03
   3.45236634e+02   5.44180686e-04
   3.45237123e+02   6.24364009e-04
   3.45237611e+02   2.21650582e-03
   3.45238099e+02   2.12115305e-03
   3.45238587e+02   1.75641547e-03
   3.45239076e+02   4.01477824e-04
   3.45239564e+02  -3.58696940e-04
   3.45240052e+02   8.01993243e-04
   3.45240541e+02   6.69673900e-04
   3.45241029e+02   4.10899840e-04
   3.45241517e+02   1.55049132e-03
   3.45242006e+02   7.45041820e-04
   3.45242494e+02  -1.34338136e-03
   3.45242982e+02  -2.26432551e-03
   3.45243471e+02  -2.22642161e-03
   3.45243959e+02  -2.16181041e-03
   3.45244447e+02  -2.91514653e-03
   3.45244936e+02  -2.52460688e-03
   3.45245424e+02  -1.21062773e-03
   3.45245912e+02  -1.17167982e-03
   3.45246400e+02  -7.13058107e-04
   3.45246889e+02   1.12690555e-03
   3.45247377e+02   1.50011550e-03
   3.45247865e+02  -8.11896345e-04
   3.45248354e+02  -1.99604803e-03
   3.45248842e+02   8.21108843e-05
   3.45249330e+02   1.68652611e-03
   3.45249819e+02   9.89905559e-04
   3.45250307e+02  -2.12655039e-04
   3.45250795e+02  -6.26022578e-04
   3.45251284e+02  -8.23003356e-04
   3.45251772e+02  -9.18294128e-04
   3.45252260e+02  -1.75212059e-04
   3.45252748e+02   2.92962446e-04
   3.45253237e+02  -1.70592866e-05
   3.45253725e+02  -8.97013408e-04
   3.45254213e+02  -9.37336008e-04
   3.45254702e+02   4.51277883e-04
   3.45255190e+02   1.27958704e-03
   3.45255678e+02   1.21189887e-03
   3.45256167e+02   1.10110873e-03
   3.45256655e+02   1.70306384e-03
   3.45257143e+02   2.11845525e-03
   3.45257632e+02   7.39162439e-04
   3.45258120e+02   2.29163750e-04
   3.45258608e+02   2.43011559e-03
   3.45259096e+02   2.46223714e-03
   3.45259585e+02  -5.89447154e-04
   3.45260073e+02  -2.53235223e-03
   3.45260561e+02  -3.16631631e-03
   3.45261050e+02  -2.74212775e-03
   3.45261538e+02  -1.47307920e-03
   3.45262026e+02  -1.52138891e-04
   3.45262515e+02   9.52331815e-04
   3.45263003e+02  -9.66771186e-05
   3.45263491e+02  -5.23451075e-04
   3.45263980e+02   1.66078063e-03
   3.45264468e+02   1.46602886e-03
   3.45264956e+02   9.98023199e-04
   3.45265444e+02   1.73608691e-03
   3.45265933e+02   1.77158311e-03
   3.45266421e+02   2.94182822e-03
   3.45266909e+02   3.63342091e-03
   3.45267398e+02   3.02309170e-03
   3.45267886e+02   2.33160472e-03
   3.45268374e+02   1.59161433e-03
   3.45268863e+02   1.42063980e-03
   3.45269351e+02   3.97046038e-04
   3.45269839e+02  -6.38775004e-04
   3.45270328e+02  -1.40580151e-03
   3.45270816e+02  -3.18438769e-03
   3.45271304e+02  -2.58254120e-03
   3.45271792e+02  -2.03559711e-03
   3.45272281e+02  -3.47680436e-03
   3.45272769e+02  -2.60838820e-03
   3.45273257e+02  -2.06295284e-03
   3.45273746e+02  -3.41458316e-03
   3.45274234e+02  -2.43645697e-03
   3.45274722e+02  -7.15656439e-04
   3.45275211e+02   1.89360580e-04
   3.45275699e+02   1.24687434e-03
   3.45276187e+02   1.74957328e-03
   3.45276676e+02   1.94929878e-03
   3.45277164e+02   2.76167458e-03
   3.45277652e+02   3.82218999e-03
   3.45278140e+02   3.32668470e-03
   3.45278629e+02   1.08803599e-03
   3.45279117e+02  -4.76030145e-05
   3.45279605e+02   1.17512618e-03
   3.45280094e+02   1.70486176e-03
   3.45280582e+02   7.16508075e-04
   3.45281070e+02  -1.35698920e-05
   3.45281559e+02  -5.85317437e-04
   3.45282047e+02  -8.12424347e-04
   3.45282535e+02  -1.24138984e-04
   3.45283024e+02   2.47700256e-04
   3.45283512e+02   4.30006447e-04
   3.45284000e+02   2.43952055e-03
   3.45284489e+02   4.06296225e-03
   3.45284977e+02   2.55126017e-03
   3.45285465e+02   1.68029641e-04
   3.45285953e+02  -1.21215568e-03
   3.45286442e+02  -3.47047870e-04
   3.45286930e+02   1.86127098e-03
   3.45287418e+02   2.04169494e-03
   3.45287907e+02   5.24650532e-05
   3.45288395e+02  -1.51867815e-03
   3.45288883e+02  -1.67538028e-03
   3.45289372e+02  -7.77655339e-04
   3.45289860e+02   5.27344644e-04
   3.45290348e+02   1.56726106e-03
   3.45290837e+02   7.67834717e-04
   3.45291325e+02  -1.58002422e-05
   3.45291813e+02  -1.29954467e-04
   3.45292301e+02  -1.09598134e-03
   3.45292790e+02  -7.80865026e-04
   3.45293278e+02   1.03102822e-03
   3.45293766e+02   1.25343294e-03
   3.45294255e+02   1.62978686e-04
   3.45294743e+02   1.24401561e-06
   3.45295231e+02   7.97355431e-04
   3.45295720e+02   4.83765354e-04
   3.45296208e+02  -1.06693979e-03
   3.45296696e+02  -1.05896150e-03
   3.45297185e+02  -7.49625469e-05
   3.45297673e+02  -1.40340324e-03
   3.45298161e+02  -2.74300668e-03
   3.45298649e+02  -9.58174642e-04
   3.45299138e+02   4.13075992e-04
   3.45299626e+02   1.66467114e-04
   3.45300114e+02   1.14478760e-04
   3.45300603e+02  -3.17857572e-04
   3.45301091e+02  -1.10231491e-03
   3.45301579e+02  -1.19153596e-03
   3.45302068e+02  -8.91498465e-04
   3.45302556e+02  -2.05800799e-03
   3.45303044e+02  -3.18867178e-03
   3.45303533e+02  -1.82045542e-03
   3.45304021e+02   1.56248733e-03
   3.45304509e+02   2.06494797e-03
   3.45304997e+02  -1.53362064e-03
   3.45305486e+02  -3.05312080e-03
   3.45305974e+02  -2.47143162e-03
   3.45306462e+02  -3.55112064e-03
   3.45306951e+02  -3.27509921e-03
   3.45307439e+02  -6.83080230e-04
   3.45307927e+02   6.23799351e-05
   3.45308416e+02  -1.09049154e-03
   3.45308904e+02  -9.25177999e-04
   3.45309392e+02   1.16649026e-03
   3.45309881e+02   1.90594967e-03
   3.45310369e+02   1.73653464e-03
   3.45310857e+02   1.44573383e-03
   3.45311345e+02   1.17795600e-03
   3.45311834e+02   2.75099505e-04
   3.45312322e+02  -1.62153959e-03
   3.45312810e+02  -1.22835790e-03
   3.45313299e+02  -3.33322969e-04
   3.45313787e+02  -2.11109291e-03
   3.45314275e+02  -2.92133773e-03
   3.45314764e+02  -1.51100394e-03
   3.45315252e+02  -4.14520589e-04
   3.45315740e+02  -1.47148734e-04
   3.45316229e+02  -9.03078122e-04
   3.45316717e+02  -4.30931977e-04
   3.45317205e+02   2.54514278e-03
   3.45317693e+02   4.31860005e-03
   3.45318182e+02   2.14996026e-03
   3.45318670e+02  -1.56242913e-03
   3.45319158e+02  -3.51551408e-03
   3.45319647e+02  -3.42289382e-03
   3.45320135e+02  -3.00371926e-03
   3.45320623e+02  -1.67386944e-03
   3.45321112e+02  -5.89753501e-04
   3.45321600e+02  -2.02099932e-03
   3.45322088e+02  -1.78303965e-03
   3.45322577e+02   1.35465909e-03
   3.45323065e+02   2.14895792e-03
   3.45323553e+02   1.33624242e-04
   3.45324042e+02  -6.26837369e-04
   3.45324530e+02   1.96077768e-03
   3.45325018e+02   3.97169264e-03
   3.45325506e+02   1.98857323e-03
   3.45325995e+02  -8.10345460e-04
   3.45326483e+02  -8.16150103e-04
   3.45326971e+02   7.93589221e-04
   3.45327460e+02   3.89218301e-04
   3.45327948e+02   1.97862988e-04
   3.45328436e+02   1.48215378e-03
   3.45328925e+02   1.06054207e-03
   3.45329413e+02  -6.10590330e-04
   3.45329901e+02  -1.24180189e-03
   3.45330390e+02  -1.09396467e-03
   3.45330878e+02  -5.52328827e-04
   3.45331366e+02  -2.18224814e-04
   3.45331854e+02  -5.84977213e-04
   3.45332343e+02   2.13261490e-04
   3.45332831e+02   8.48366821e-04
   3.45333319e+02   6.17200130e-05
   3.45333808e+02  -1.15301425e-03
   3.45334296e+02  -2.64087715e-03
   3.45334784e+02  -2.56595854e-03
   3.45335273e+02  -1.21932488e-03
   3.45335761e+02   4.70213185e-04
   3.45336249e+02   2.34654150e-03
   3.45336738e+02   2.51135509e-03
   3.45337226e+02   1.83350302e-03
   3.45337714e+02   1.65023119e-03
   3.45338202e+02   1.03346584e-03
   3.45338691e+02   1.01890779e-04
   3.45339179e+02   3.02033350e-05
   3.45339667e+02   3.82469821e-04
   3.45340156e+02   9.99342534e-04
   3.45340644e+02   1.50220934e-03
   3.45341132e+02   1.95568369e-04
   3.45341621e+02  -1.74229091e-03
   3.45342109e+02  -2.22715433e-03
   3.45342597e+02  -8.93878459e-04
   3.45343086e+02   3.81989405e-04
   3.45343574e+02   3.96214513e-04
   3.45344062e+02  -3.34869052e-04
   3.45344550e+02  -1.33573962e-03
   3.45345039e+02  -6.78176235e-04
   3.45345527e+02   1.84823270e-03
   3.45346015e+02   2.29621190e-03
   3.45346504e+02   4.18208743e-04
   3.45346992e+02  -1.37823075e-03
   3.45347480e+02  -2.59492709e-03
   3.45347969e+02  -3.39272129e-03
   3.45348457e+02  -3.70359165e-03
   3.45348945e+02  -2.45475606e-03
   3.45349434e+02   4.03301528e-04
   3.45349922e+02   1.72581081e-03
   3.45350410e+02   8.96903337e-04
   3.45350898e+02   5.75907936e-04
   3.45351387e+02   8.20259374e-05
   3.45351875e+02  -1.09852024e-03
   3.45352363e+02  -5.14925225e-04
   3.45352852e+02   1.61631906e-03
   3.45353340e+02   1.80058007e-03
   3.45353828e+02   1.27131338e-04
   3.45354317e+02  -5.70327044e-04
   3.45354805e+02  -4.44172358e-04
   3.45355293e+02   6.79498407e-05
   3.45355782e+02   6.53314462e-04
   3.45356270e+02   1.42444472e-03
   3.45356758e+02   1.41994748e-03
   3.45357246e+02   1.72990537e-03
   3.45357735e+02   2.02092645e-03
   3.45358223e+02   1.18520809e-03
   3.45358711e+02   1.74323248e-03
   3.45359200e+02   2.38268799e-03
   3.45359688e+02   2.08927970e-03
   3.45360176e+02   2.52393587e-03
   3.45360665e+02   2.02949159e-04
   3.45361153e+02  -2.85332068e-03
   3.45361641e+02  -7.41943368e-04
   3.45362130e+02   1.52406516e-03
   3.45362618e+02   4.19318007e-04
   3.45363106e+02  -4.08032298e-04
   3.45363595e+02  -2.13141448e-05
   3.45364083e+02   7.81055365e-04
   3.45364571e+02   2.21337337e-04
   3.45365059e+02  -1.49081519e-03
   3.45365548e+02  -1.77516334e-03
   3.45366036e+02  -2.83091795e-03
   3.45366524e+02  -4.48859390e-03
   3.45367013e+02  -2.52915686e-03
   3.45367501e+02   1.41916156e-03
   3.45367989e+02   3.31977359e-03
   3.45368478e+02   2.12201127e-03
   3.45368966e+02  -4.02450503e-04
   3.45369454e+02  -5.09268080e-04
   3.45369943e+02   1.45014445e-03
   3.45370431e+02   1.32207770e-03
   3.45370919e+02   6.90977089e-04
   3.45371407e+02   1.07358734e-03
   3.45371896e+02   4.70342580e-04
   3.45372384e+02   5.84236288e-04
   3.45372872e+02   1.38610869e-03
   3.45373361e+02   1.68552669e-03
   3.45373849e+02   2.75818328e-03
   3.45374337e+02   2.90030753e-03
   3.45374826e+02   3.88686603e-05
   3.45375314e+02  -1.54404447e-03
   3.45375802e+02  -5.77329047e-05
   3.45376291e+02   9.64714913e-04
   3.45376779e+02   1.30089337e-03
   3.45377267e+02   1.96245848e-03
   3.45377755e+02   2.02822243e-03
   3.45378244e+02   1.99890067e-03
   3.45378732e+02   2.00703344e-03
   3.45379220e+02   1.17233419e-03
   3.45379709e+02   5.51105128e-04
   3.45380197e+02   1.56988367e-03
   3.45380685e+02   6.57498313e-04
   3.45381174e+02  -1.80501386e-03
   3.45381662e+02  -1.96669879e-03
   3.45382150e+02  -4.21938807e-04
   3.45382639e+02   1.46680209e-03
   3.45383127e+02   2.06518942e-03
   3.45383615e+02   1.96949416e-03
   3.45384103e+02   2.27956055e-03
   3.45384592e+02   1.54652027e-03
   3.45385080e+02   7.11738423e-04
   3.45385568e+02  -2.69191543e-04
   3.45386057e+02  -1.72250252e-03
   3.45386545e+02  -1.87295768e-03
   3.45387033e+02  -8.76941020e-04
   3.45387522e+02  -1.87616417e-04
   3.45388010e+02  -1.23114570e-03
   3.45388498e+02  -2.11005216e-03
   3.45388987e+02  -1.95627427e-03
   3.45389475e+02  -2.38373666e-03
   3.45389963e+02  -3.13648488e-03
   3.45390451e+02  -3.38598271e-03
   3.45390940e+02  -2.38646963e-03
   3.45391428e+02  -6.90613117e-04
   3.45391916e+02  -3.14608478e-04
   3.45392405e+02  -1.31685671e-03
   3.45392893e+02  -2.03142874e-03
   3.45393381e+02  -1.81726029e-03
   3.45393870e+02  -2.10525031e-04
   3.45394358e+02   9.31592949e-04
   3.45394846e+02   3.67929053e-04
   3.45395335e+02   4.48738545e-04
   3.45395823e+02   1.89958885e-03
   3.45396311e+02   2.26081116e-03
   3.45396799e+02   1.10970403e-03
   3.45397288e+02   2.06435958e-04
   3.45397776e+02  -9.38745288e-05
   3.45398264e+02  -1.24880869e-03
   3.45398753e+02  -2.64176936e-03
   3.45399241e+02  -3.11375735e-03
   3.45399729e+02  -2.43621808e-03
   3.45400218e+02  -8.21583963e-04
   3.45400706e+02  -1.24605780e-04
   3.45401194e+02  -7.85530021e-04
   3.45401683e+02  -6.07568480e-04
   3.45402171e+02   3.34548677e-04
   3.45402659e+02  -2.74685910e-04
   3.45403147e+02  -1.78458553e-03
   3.45403636e+02  -1.69355643e-03
   3.45404124e+02  -5.98892511e-04
   3.45404612e+02  -7.07255036e-04
   3.45405101e+02  -2.25118757e-03
   3.45405589e+02  -1.77469559e-03
   3.45406077e+02   9.52880131e-04
   3.45406566e+02   2.10598228e-03
   3.45407054e+02   1.61106058e-03
   3.45407542e+02   6.95407798e-04
   3.45408031e+02   1.61892304e-03
   3.45408519e+02   4.42742649e-03
   3.45409007e+02   3.80039634e-03
   3.45409496e+02   2.10635783e-03
   3.45409984e+02   3.59914103e-03
   3.45410472e+02   4.70573269e-03
   3.45410960e+02   3.09927203e-03
   3.45411449e+02   3.11687560e-04
   3.45411937e+02  -1.73442368e-03
   3.45412425e+02  -2.19826843e-03
   3.45412914e+02  -1.62063213e-03
   3.45413402e+02  -8.15416628e-04
   3.45413890e+02  -1.09331071e-04
   3.45414379e+02   8.81341402e-04
   3.45414867e+02   1.87078130e-03
   3.45415355e+02   2.27901572e-03
   3.45415844e+02   2.81018671e-03
   3.45416332e+02   2.37570168e-03
   3.45416820e+02   7.34937319e-04
   3.45417308e+02  -3.69587622e-04
   3.45417797e+02  -3.78179422e-04
   3.45418285e+02   3.92679387e-04
   3.45418773e+02   1.67215988e-03
   3.45419262e+02   2.67163455e-03
   3.45419750e+02   2.19865842e-03
   3.45420238e+02  -1.21793573e-05
   3.45420727e+02  -1.45916676e-03
   3.45421215e+02  -8.15838575e-04
   3.45421703e+02  -7.02072517e-04
   3.45422192e+02  -1.21437258e-03
   3.45422680e+02  -7.49745930e-04
   3.45423168e+02  -2.12741375e-04
   3.45423656e+02  -4.49005711e-05
   3.45424145e+02   8.73662939e-04
   3.45424633e+02   9.31119081e-04
   3.45425121e+02  -7.14751775e-04
   3.45425610e+02  -2.49961717e-03
   3.45426098e+02  -2.91718869e-03
   3.45426586e+02  -8.94601108e-04
   3.45427075e+02   5.87322807e-04
   3.45427563e+02   1.23785867e-04
   3.45428051e+02   1.10071420e-03
   3.45428540e+02   2.26100837e-03
   3.45429028e+02   3.28331545e-04
   3.45429516e+02  -1.03221997e-03
   3.45430004e+02   4.85945115e-04
   3.45430493e+02   1.24085136e-03
   3.45430981e+02   5.02895506e-04
   3.45431469e+02  -4.09444561e-04
   3.45431958e+02  -1.29809277e-03
   3.45432446e+02  -8.02777475e-04
   3.45432934e+02   3.55201249e-04
   3.45433423e+02   9.41563980e-04
   3.45433911e+02   1.16603868e-03
   3.45434399e+02   6.97759388e-04
   3.45434888e+02  -6.87448715e-04
   3.45435376e+02  -1.87262264e-03
   3.45435864e+02  -1.34839583e-03
   3.45436352e+02  -7.13355083e-04
   3.45436841e+02  -1.10934523e-03
   3.45437329e+02  -8.92093347e-04
   3.45437817e+02   9.76189986e-05
   3.45438306e+02   3.33640986e-04
   3.45438794e+02  -5.71248122e-04
   3.45439282e+02  -1.69870630e-03
   3.45439771e+02  -2.64246017e-03
   3.45440259e+02  -2.50807754e-03
   3.45440747e+02  -4.95521293e-04
   3.45441236e+02   2.02977052e-03
   3.45441724e+02   2.85408017e-03
   3.45442212e+02   1.47564744e-03
   3.45442700e+02  -1.23307738e-03
   3.45443189e+02  -2.32814974e-03
   3.45443677e+02  -8.71168450e-04
   3.45444165e+02   1.00887381e-03
   3.45444654e+02   1.29631045e-03
   3.45445142e+02  -4.27717401e-04
   3.45445630e+02  -3.11452808e-04
   3.45446119e+02   1.75373454e-03
   3.45446607e+02   1.93313812e-03
   3.45447095e+02   9.04956425e-04
   3.45447584e+02  -8.97385180e-04
   3.45448072e+02  -1.89393724e-03
   3.45448560e+02  -4.23814956e-04
   3.45449049e+02   1.15758809e-03
   3.45449537e+02   3.45150242e-04
   3.45450025e+02  -1.76004658e-03
   3.45450513e+02  -1.87917228e-03
   3.45451002e+02  -2.65764364e-04
   3.45451490e+02  -1.66440455e-04
   3.45451978e+02  -1.35104160e-03
   3.45452467e+02  -1.40104210e-03
   3.45452955e+02  -4.73246939e-04
   3.45453443e+02   2.76367849e-04
   3.45453932e+02   3.00854241e-04
   3.45454420e+02  -3.30675073e-04
   3.45454908e+02   5.92149096e-04
   3.45455397e+02   2.31609354e-03
   3.45455885e+02   2.75374972e-03
   3.45456373e+02   2.79682665e-03
   3.45456861e+02   1.99040328e-03
   3.45457350e+02   4.14358539e-04
   3.45457838e+02   9.79599194e-04
   3.45458326e+02   2.87509779e-03
   3.45458815e+02   3.33508337e-03
   3.45459303e+02   3.33885010e-03
   3.45459791e+02   3.41944350e-03
   3.45460280e+02   2.74438527e-03
   3.45460768e+02   4.87374235e-03
   3.45461256e+02   8.05766881e-03
   3.45461745e+02   8.59675650e-03
   3.45462233e+02   7.53384549e-03
   3.45462721e+02   9.14114434e-03
   3.45463209e+02   1.11423545e-02
   3.45463698e+02   1.33553464e-02
   3.45464186e+02   1.41384564e-02
   3.45464674e+02   1.45507613e-02
   3.45465163e+02   1.47648612e-02
   3.45465651e+02   1.59556065e-02
   3.45466139e+02   1.92592051e-02
   3.45466628e+02   2.15244424e-02
   3.45467116e+02   2.23008618e-02
   3.45467604e+02   2.51638163e-02
   3.45468093e+02   3.04373000e-02
   3.45468581e+02   3.43184806e-02
   3.45469069e+02   3.85234579e-02
   3.45469557e+02   4.55527790e-02
   3.45470046e+02   5.46738878e-02
   3.45470534e+02   6.74340129e-02
   3.45471022e+02   8.67034271e-02
   3.45471511e+02   1.11470513e-01
   3.45471999e+02   1.42635718e-01
   3.45472487e+02   1.81129426e-01
   3.45472976e+02   2.28899002e-01
   3.45473464e+02   2.67272294e-01
   3.45473952e+02   2.99090564e-01
   3.45474441e+02   3.24946254e-01
   3.45474929e+02   3.38447839e-01
   3.45475417e+02   3.48320484e-01
   3.45475905e+02   3.19023281e-01
   3.45476394e+02   2.43495926e-01
   3.45476882e+02   1.61188707e-01
   3.45477370e+02   1.00674130e-01
   3.45477859e+02   5.17759100e-02
   3.45478347e+02   1.85662154e-02
   3.45478835e+02   2.58151647e-02
   3.45479324e+02   6.52043000e-02
   3.45479812e+02   1.31885037e-01
   3.45480300e+02   2.01147810e-01
   3.45480789e+02   2.65569299e-01
   3.45481277e+02   3.12448621e-01
   3.45481765e+02   3.27000201e-01
   3.45482253e+02   3.04810971e-01
   3.45482742e+02   2.59765416e-01
   3.45483230e+02   2.06760630e-01
   3.45483718e+02   1.56781927e-01
   3.45484207e+02   1.19426124e-01
   3.45484695e+02   9.59812850e-02
   3.45485183e+02   7.94882700e-02
   3.45485672e+02   6.56019747e-02
   3.45486160e+02   5.31906262e-02
   3.45486648e+02   4.15324233e-02
   3.45487137e+02   3.28420550e-02
   3.45487625e+02   2.91026123e-02
   3.45488113e+02   2.65947152e-02
   3.45488602e+02   2.25971024e-02
   3.45489090e+02   1.79372448e-02
   3.45489578e+02   1.62953697e-02
   3.45490066e+02   1.50739169e-02
   3.45490555e+02   1.22151719e-02
   3.45491043e+02   9.81255807e-03
   3.45491531e+02   7.27082370e-03
   3.45492020e+02   4.99592070e-03
   3.45492508e+02   3.43933748e-03
   3.45492996e+02   3.28978780e-03
   3.45493485e+02   3.45416740e-03
   3.45493973e+02   4.34110640e-03
   3.45494461e+02   5.56567032e-03
   3.45494950e+02   4.42668423e-03
   3.45495438e+02   2.87208287e-03
   3.45495926e+02   3.32486210e-03
   3.45496414e+02   5.38318278e-03
   3.45496903e+02   6.99697062e-03
   3.45497391e+02   6.18323218e-03
   3.45497879e+02   3.96711379e-03
   3.45498368e+02   3.91267659e-03
   3.45498856e+02   5.44385891e-03
   3.45499344e+02   5.09582972e-03
   3.45499833e+02   3.88388033e-03
   3.45500321e+02   3.19910399e-03
   3.45500809e+02   2.50062114e-03
   3.45501298e+02   2.52080103e-03
   3.45501786e+02   2.38730316e-03
   3.45502274e+02   6.47181703e-04
   3.45502762e+02   4.13487956e-04
   3.45503251e+02   1.65580970e-03
   3.45503739e+02   1.12358818e-03
   3.45504227e+02  -4.39388939e-04
   3.45504716e+02  -4.18088923e-04
   3.45505204e+02   1.27198594e-03
   3.45505692e+02   2.20666197e-03
   3.45506181e+02   2.60762125e-03
   3.45506669e+02   3.95228900e-03
   3.45507157e+02   3.49677331e-03
   3.45507646e+02   9.34402982e-04
   3.45508134e+02  -7.65101577e-04
   3.45508622e+02  -5.53156133e-04
   3.45509110e+02   7.35344889e-04
   3.45509599e+02   1.47779856e-03
   3.45510087e+02   1.40412035e-03
   3.45510575e+02   1.82379957e-03
   3.45511064e+02   3.50000407e-03
   3.45511552e+02   3.05785402e-03
   3.45512040e+02  -8.06330703e-04
   3.45512529e+02  -2.91795912e-03
   3.45513017e+02  -1.35804864e-03
   3.45513505e+02   9.63221479e-04
   3.45513994e+02   1.87049666e-03
   3.45514482e+02   1.39647746e-03
   3.45514970e+02   3.47491790e-04
   3.45515458e+02   5.02674142e-04
   3.45515947e+02   9.78995929e-04
   3.45516435e+02  -7.18800700e-04
   3.45516923e+02  -3.20153125e-03
   3.45517412e+02  -3.97527032e-03
   3.45517900e+02  -3.40432697e-03
   3.45518388e+02  -1.38507574e-03
   3.45518877e+02   6.29446120e-04
   3.45519365e+02   7.08881009e-04
   3.45519853e+02  -3.10203141e-05
   3.45520342e+02  -8.45217073e-05
   3.45520830e+02   9.80048091e-04
   3.45521318e+02   1.95132417e-03
   3.45521806e+02   1.67539611e-03
   3.45522295e+02   2.98333063e-04
   3.45522783e+02  -1.40564283e-03
   3.45523271e+02  -1.80134550e-03
   3.45523760e+02   1.80790412e-05
   3.45524248e+02   1.26726669e-03
   3.45524736e+02   1.31414432e-04
   3.45525225e+02  -5.47441246e-04
   3.45525713e+02  -6.11163050e-05
   3.45526201e+02  -1.18337426e-04
   3.45526690e+02   3.04576697e-05
   3.45527178e+02   5.20609901e-04
   3.45527666e+02   3.14657664e-04
   3.45528155e+02   2.24170202e-04
   3.45528643e+02   3.54114221e-04
   3.45529131e+02  -3.89417401e-04
   3.45529619e+02  -1.08497997e-03
   3.45530108e+02  -7.00334494e-04
   3.45530596e+02   6.45183900e-04
   3.45531084e+02   1.93416839e-03
   3.45531573e+02   1.15172216e-03
   3.45532061e+02  -6.97924916e-05
   3.45532549e+02   2.70267949e-04
   3.45533038e+02   5.88970899e-04
   3.45533526e+02  -2.62023503e-04
   3.45534014e+02  -5.71294629e-04
   3.45534503e+02   5.58574859e-04
   3.45534991e+02   6.73405826e-04
   3.45535479e+02  -1.13593787e-03
   3.45535967e+02  -8.75430531e-04
   3.45536456e+02   4.24008991e-04
   3.45536944e+02  -4.69304301e-04
   3.45537432e+02  -1.71340362e-03
   3.45537921e+02  -7.98231340e-04
   3.45538409e+02   8.14267842e-04
   3.45538897e+02   5.09059173e-04
   3.45539386e+02  -4.78575530e-04
   3.45539874e+02   1.63799312e-04
   3.45540362e+02   5.71260054e-04
   3.45540851e+02   3.01215710e-04
   3.45541339e+02   1.89565972e-03
   3.45541827e+02   3.49300960e-03
   3.45542315e+02   3.27946316e-03
   3.45542804e+02   1.45206996e-03
   3.45543292e+02  -1.35790685e-03
   3.45543780e+02  -4.07797284e-03
   3.45544269e+02  -5.21345064e-03
   3.45544757e+02  -3.00858845e-03
   3.45545245e+02  -6.49922527e-04
   3.45545734e+02   1.56203212e-04
   3.45546222e+02   2.40367939e-04
   3.45546710e+02  -5.44182294e-05
   3.45547199e+02   1.83638185e-03
   3.45547687e+02   3.48501955e-03
   3.45548175e+02   1.64464896e-03
   3.45548663e+02  -1.06178725e-03
   3.45549152e+02  -1.68909249e-03
   3.45549640e+02  -1.05914660e-03
   3.45550128e+02  -1.40548812e-03
   3.45550617e+02  -1.22187217e-03
   3.45551105e+02   1.03982871e-04
   3.45551593e+02   9.28570458e-04
   3.45552082e+02   4.50904743e-04
   3.45552570e+02  -1.09242101e-03
   3.45553058e+02  -2.61326111e-03
   3.45553547e+02  -2.31649680e-03
   3.45554035e+02  -5.18758781e-04
   3.45554523e+02   8.45698232e-04
   3.45555011e+02   1.03368377e-03
   3.45555500e+02  -9.33022748e-05
   3.45555988e+02  -1.93034543e-03
   3.45556476e+02  -3.05119460e-03
   3.45556965e+02  -3.94312898e-03
   3.45557453e+02  -4.02306905e-03
   3.45557941e+02  -1.59565080e-03
   3.45558430e+02  -9.84114362e-04
   3.45558918e+02  -2.23491853e-03
   3.45559406e+02  -1.60079228e-03
   3.45559895e+02   8.88513168e-04
   3.45560383e+02   1.52775261e-03
   3.45560871e+02  -2.04764074e-03
   3.45561359e+02  -3.91592272e-03
   3.45561848e+02  -1.67240622e-03
   3.45562336e+02  -4.90579114e-04
   3.45562824e+02  -1.82565511e-03
   3.45563313e+02  -1.50464976e-03
   3.45563801e+02   3.82053724e-04
   3.45564289e+02  -2.25973010e-04
   3.45564778e+02  -8.45278846e-04
   3.45565266e+02   1.64198270e-03
   3.45565754e+02   4.13388200e-03
   3.45566243e+02   4.24732594e-03
   3.45566731e+02   3.31163872e-03
   3.45567219e+02   7.72743660e-04
   3.45567708e+02  -1.60568138e-03
   3.45568196e+02  -1.13849167e-03
   3.45568684e+02  -6.60853926e-04
   3.45569172e+02  -1.33535441e-03
   3.45569661e+02  -3.77641933e-04
   3.45570149e+02   3.04709096e-03
   3.45570637e+02   4.49029356e-03
   3.45571126e+02   2.47069285e-03
   3.45571614e+02   2.84540909e-03
   3.45572102e+02   3.29073379e-03
   3.45572591e+02   3.82508704e-04
   3.45573079e+02  -1.98113616e-04
   3.45573567e+02   1.58452720e-03
   3.45574056e+02   2.23777629e-03
   3.45574544e+02   1.68814301e-03
   3.45575032e+02   6.96065195e-04
   3.45575520e+02  -1.25561981e-03
   3.45576009e+02  -2.19386397e-03
   3.45576497e+02  -1.00022752e-03
   3.45576985e+02   6.24139793e-04
   3.45577474e+02   2.19518924e-03
   3.45577962e+02   1.43824425e-03
   3.45578450e+02  -5.27778757e-04
   3.45578939e+02   5.05760487e-04
   3.45579427e+02   2.45470880e-03
   3.45579915e+02   3.09186475e-03
   3.45580404e+02   2.43138708e-03
   3.45580892e+02   1.54575997e-03
   3.45581380e+02   1.84491987e-03
   3.45581868e+02   2.17223004e-03
   3.45582357e+02   2.47326633e-03
   3.45582845e+02   1.26477936e-03
   3.45583333e+02  -1.30818633e-03
   3.45583822e+02  -1.70999591e-03
   3.45584310e+02  -4.55355563e-04
   3.45584798e+02  -5.10376703e-04
   3.45585287e+02  -1.72690791e-03
   3.45585775e+02  -8.80439009e-04
   3.45586263e+02   1.44997262e-03
   3.45586752e+02   1.77137379e-03
   3.45587240e+02   8.72778299e-04
   3.45587728e+02   1.45989819e-04
   3.45588216e+02  -7.73731517e-05
   3.45588705e+02   1.12995040e-05
   3.45589193e+02  -8.67021270e-04
   3.45589681e+02  -1.96465757e-03
   3.45590170e+02  -1.70368073e-03
   3.45590658e+02   1.25709060e-03
   3.45591146e+02   2.24524480e-03
   3.45591635e+02   6.19259372e-04
   3.45592123e+02   5.75276244e-05
   3.45592611e+02   2.19164160e-03
   3.45593100e+02   3.44331795e-03
   3.45593588e+02   1.72424584e-03
   3.45594076e+02  -1.52437045e-04
   3.45594564e+02  -8.22941016e-04
   3.45595053e+02  -2.38449778e-04
   3.45595541e+02   1.58773037e-03
   3.45596029e+02   2.78691039e-03
   3.45596518e+02   4.20399330e-04
   3.45597006e+02  -2.54054321e-03
   3.45597494e+02  -1.53534673e-03
   3.45597983e+02   5.59972308e-04
   3.45598471e+02   1.00342219e-03
   3.45598959e+02   1.00318168e-03
   3.45599448e+02   2.05863221e-03
   3.45599936e+02   2.95753614e-03
   3.45600424e+02   2.28378759e-03
   3.45600912e+02   1.53737061e-03
   3.45601401e+02   1.59431086e-03
   3.45601889e+02   9.20091639e-04
   3.45602377e+02   1.00040626e-04
   3.45602866e+02   2.63196671e-05
   3.45603354e+02   4.81666561e-04
   3.45603842e+02   1.28598348e-03
   3.45604331e+02   7.12906534e-04
   3.45604819e+02  -1.16232270e-03
   3.45605307e+02  -2.67120497e-03
   3.45605796e+02  -2.34549702e-03
   3.45606284e+02  -1.24190690e-03
   3.45606772e+02  -1.22543285e-03
   3.45607261e+02  -1.04314950e-03
   3.45607749e+02   9.04823479e-04
   3.45608237e+02   3.11964005e-03
   3.45608725e+02   2.44744192e-03
   3.45609214e+02   3.60063859e-04
   3.45609702e+02   8.24419491e-04
   3.45610190e+02   1.61873607e-03
   3.45610679e+02   4.40075761e-04
   3.45611167e+02  -2.83857244e-05
   3.45611655e+02   1.15874468e-03
   3.45612144e+02   2.78162537e-03
   3.45612632e+02   3.21030989e-03
   3.45613120e+02   3.28350021e-03
   3.45613609e+02   4.06050822e-03
   3.45614097e+02   2.78602005e-03
   3.45614585e+02  -1.62794051e-04
   3.45615073e+02  -1.63980480e-03
   3.45615562e+02  -2.21340079e-03
   3.45616050e+02  -2.68056290e-03
   3.45616538e+02  -1.46618043e-03
   3.45617027e+02   2.58083252e-04
   3.45617515e+02   7.07896543e-04
   3.45618003e+02  -2.17194101e-04
   3.45618492e+02  -1.01390178e-03
   3.45618980e+02  -5.74138714e-04
   3.45619468e+02  -1.21779786e-03
   3.45619957e+02  -2.34301155e-03
   3.45620445e+02  -9.28870926e-04
   3.45620933e+02   7.57448608e-04
   3.45621421e+02   2.97008868e-04
   3.45621910e+02  -3.71329545e-04
   3.45622398e+02   5.79066575e-04
   3.45622886e+02   3.40501894e-04
   3.45623375e+02  -5.74796344e-04
   3.45623863e+02  -1.37155864e-03
   3.45624351e+02  -2.52903742e-03
   3.45624840e+02  -2.84720631e-03
   3.45625328e+02  -2.25491356e-03
   3.45625816e+02  -1.52001425e-03
   3.45626305e+02  -3.15847894e-04
   3.45626793e+02  -3.33579141e-04
   3.45627281e+02  -1.36031467e-03
   3.45627769e+02  -5.38144377e-04
   3.45628258e+02   2.78141233e-04
   3.45628746e+02  -8.14522617e-04
   3.45629234e+02  -1.26778556e-03
   3.45629723e+02  -2.58861401e-04
   3.45630211e+02  -2.91234697e-04
   3.45630699e+02  -1.42892380e-03
   3.45631188e+02  -2.40773917e-03
   3.45631676e+02  -2.25431984e-03
   3.45632164e+02  -1.19340548e-03
   3.45632653e+02  -3.35243414e-04
   3.45633141e+02  -1.84828677e-04
   3.45633629e+02  -4.18847747e-04
   3.45634117e+02   3.71502800e-04
   3.45634606e+02   1.73440808e-03
   3.45635094e+02   1.16135250e-03
   3.45635582e+02   7.64765136e-05
   3.45636071e+02   2.65116920e-04
   3.45636559e+02   1.12247292e-03
   3.45637047e+02   2.81047681e-03
   3.45637536e+02   4.19026194e-03
   3.45638024e+02   2.26833136e-03
   3.45638512e+02  -1.02013792e-03
   3.45639001e+02  -1.87906448e-03
   3.45639489e+02  -1.75476226e-03
   3.45639977e+02  -1.41395919e-03
   3.45640465e+02   8.27775395e-04
   3.45640954e+02   2.75665568e-03
   3.45641442e+02   2.54899403e-03
   3.45641930e+02   4.02958482e-04
   3.45642419e+02  -1.25825230e-03
   3.45642907e+02   1.08088832e-03
   3.45643395e+02   3.78580205e-03
   3.45643884e+02   3.20555968e-03
   3.45644372e+02   2.05213297e-03
   3.45644860e+02   3.32504598e-04
   3.45645349e+02  -1.75224547e-03
   3.45645837e+02  -1.31294376e-03
   3.45646325e+02   5.16348809e-04
   3.45646814e+02  -5.72087447e-05
   3.45647302e+02  -1.66729651e-03
   3.45647790e+02  -1.21122063e-03
   3.45648278e+02  -1.02167448e-03
   3.45648767e+02  -2.40585720e-03
   3.45649255e+02  -2.35038414e-03
   3.45649743e+02  -1.72979676e-03
   3.45650232e+02  -1.90496328e-03
   3.45650720e+02  -2.16182042e-03
   3.45651208e+02  -2.11842428e-03
   3.45651697e+02  -1.02034945e-03
   3.45652185e+02   1.27916690e-03
   3.45652673e+02   3.11664771e-03
   3.45653162e+02   3.16113955e-03
   3.45653650e+02   1.86650374e-03
   3.45654138e+02   7.51393265e-04
   3.45654626e+02   8.11402686e-04
   3.45655115e+02   9.73484537e-04
   3.45655603e+02   1.37820010e-04
   3.45656091e+02  -6.81827369e-04
   3.45656580e+02  -1.26508763e-03
   3.45657068e+02  -7.16391951e-04
   3.45657556e+02   2.75479659e-04
   3.45658045e+02   2.12656741e-04
   3.45658533e+02   5.60499262e-04
   3.45659021e+02   1.15021202e-03
   3.45659510e+02   1.31833926e-03
   3.45659998e+02   5.47221047e-04
   3.45660486e+02  -2.66466290e-03
   3.45660974e+02  -4.04976774e-03
   3.45661463e+02  -1.97548768e-03
   3.45661951e+02  -1.76246697e-03
   3.45662439e+02  -3.02751129e-03
   3.45662928e+02  -1.98488333e-03
   3.45663416e+02   9.38314653e-04
   3.45663904e+02   2.61935988e-03
   3.45664393e+02   1.49703911e-03
   3.45664881e+02   3.15617246e-04
   3.45665369e+02  -3.93745489e-04
   3.45665858e+02  -2.57963128e-03
   3.45666346e+02  -3.32917599e-03
   3.45666834e+02  -2.67172721e-03
   3.45667322e+02  -2.05758307e-03
   3.45667811e+02  -1.02500466e-03
   3.45668299e+02  -1.49481965e-03
   3.45668787e+02  -3.53726628e-03
   3.45669276e+02  -3.94498976e-03
   3.45669764e+02  -1.95919047e-03
   3.45670252e+02  -5.99406136e-04
   3.45670741e+02  -2.40675430e-03
   3.45671229e+02  -4.96747578e-03
   3.45671717e+02  -4.65201959e-03
   3.45672206e+02  -2.40748958e-03
   3.45672694e+02  -5.21567301e-04
   3.45673182e+02   2.72881953e-05
   3.45673670e+02   1.02231861e-03
   3.45674159e+02   1.85020594e-03
   3.45674647e+02   1.76708773e-03
   3.45675135e+02   2.22325441e-03
   3.45675624e+02   1.83301826e-03
   3.45676112e+02   6.88414380e-04
   3.45676600e+02  -8.67445633e-05
   3.45677089e+02  -9.28048685e-04
   3.45677577e+02  -1.26124674e-03
   3.45678065e+02  -1.14106829e-03
   3.45678554e+02  -9.22388688e-04
   3.45679042e+02  -7.25731254e-04
   3.45679530e+02  -1.84162825e-04
   3.45680018e+02   5.86441194e-04
   3.45680507e+02   6.92400557e-04
   3.45680995e+02   3.99312703e-04
   3.45681483e+02   3.85995780e-04
   3.45681972e+02   9.39609250e-04
   3.45682460e+02  -4.31888147e-05
   3.45682948e+02  -7.63143296e-04
   3.45683437e+02   1.70471758e-04
   3.45683925e+02   6.31783507e-04
   3.45684413e+02  -2.01888761e-04
   3.45684902e+02  -6.38868136e-04
   3.45685390e+02  -4.81304771e-04
   3.45685878e+02  -9.50894842e-04
   3.45686367e+02  -3.69452639e-04
   3.45686855e+02   1.49124244e-03
   3.45687343e+02   1.60334562e-03
   3.45687831e+02  -3.72046808e-04
   3.45688320e+02  -1.28631282e-03
   3.45688808e+02   1.98643775e-05
   3.45689296e+02   9.05523601e-04
   3.45689785e+02   3.15152167e-04
   3.45690273e+02  -4.84294840e-04
   3.45690761e+02  -8.02923169e-04
   3.45691250e+02   2.99855135e-04
   3.45691738e+02   1.77552772e-03
   3.45692226e+02   7.87734287e-04
   3.45692715e+02  -9.81389894e-04
   3.45693203e+02  -5.44715440e-04
   3.45693691e+02   8.19352514e-04
   3.45694179e+02   1.38214696e-03
   3.45694668e+02   8.12498620e-04
   3.45695156e+02   2.69027572e-04
   3.45695644e+02   6.73592614e-04
   3.45696133e+02   4.68124053e-04
   3.45696621e+02  -1.57132803e-03
   3.45697109e+02  -2.37617409e-03
   3.45697598e+02  -9.89336055e-04
   3.45698086e+02   3.01675755e-05
   3.45698574e+02  -3.69361187e-05
   3.45699063e+02  -2.05127988e-03
   3.45699551e+02  -2.98538408e-03
   3.45700039e+02  -1.62516173e-03
   3.45700527e+02  -1.09974691e-03
   3.45701016e+02  -7.29628809e-05
   3.45701504e+02   1.68127671e-03
   3.45701992e+02   8.86779337e-04
   3.45702481e+02  -7.09279091e-04
   3.45702969e+02  -4.54895169e-04
   3.45703457e+02  -7.57632428e-04
   3.45703946e+02  -2.61105015e-03
   3.45704434e+02  -1.68330711e-03
   3.45704922e+02   1.78348715e-03
   3.45705411e+02   2.85865995e-03
   3.45705899e+02   1.34997454e-03
   3.45706387e+02  -2.74804206e-05
   3.45706875e+02  -1.50075124e-04
   3.45707364e+02   7.18813739e-04
   3.45707852e+02   1.02324982e-03
   3.45708340e+02   5.76484890e-04
   3.45708829e+02  -4.66868805e-04
   3.45709317e+02  -1.18043926e-03
   3.45709805e+02  -1.76016532e-03
   3.45710294e+02  -1.27594767e-03
   3.45710782e+02  -3.49938578e-04
   3.45711270e+02  -9.47582710e-04
   3.45711759e+02  -1.72659778e-03
   3.45712247e+02  -2.93214992e-03
   3.45712735e+02  -2.45425990e-03
   3.45713223e+02   3.54371325e-04
   3.45713712e+02   8.16939748e-04
   3.45714200e+02  -7.50293038e-05
   3.45714688e+02   1.48187464e-04
   3.45715177e+02   9.06081521e-04
   3.45715665e+02   1.87436026e-03
   3.45716153e+02   1.91764941e-03
   3.45716642e+02   1.35160482e-03
   3.45717130e+02   6.66387554e-04
   3.45717618e+02  -1.04282750e-03
   3.45718107e+02  -2.26121256e-03
   3.45718595e+02  -1.75086444e-03
   3.45719083e+02  -7.72620842e-04
   3.45719571e+02   5.00863607e-05
   3.45720060e+02   1.11016452e-04
   3.45720548e+02  -1.72242778e-03
   3.45721036e+02  -3.01986304e-03
   3.45721525e+02  -1.73786900e-03
   3.45722013e+02  -1.34856720e-03
   3.45722501e+02  -2.63274787e-03
   3.45722990e+02  -3.45773320e-03
   3.45723478e+02  -2.00776034e-03
   3.45723966e+02   1.26812153e-03
   3.45724455e+02   1.37502141e-03
   3.45724943e+02  -1.10295671e-03
   3.45725431e+02  -2.51919846e-03
   3.45725920e+02  -3.94412782e-03
   3.45726408e+02  -4.24189307e-03
   3.45726896e+02  -1.69559079e-03
   3.45727384e+02   5.59460430e-04
   3.45727873e+02   7.64650060e-04
   3.45728361e+02   5.62899164e-04
   3.45728849e+02  -3.90201167e-05
   3.45729338e+02  -1.08275597e-03
   3.45729826e+02  -1.53869542e-03
   3.45730314e+02  -2.21280218e-03
   3.45730803e+02  -3.56249465e-03
   3.45731291e+02  -3.50215845e-03
   3.45731779e+02  -3.95322277e-04
   3.45732268e+02   2.08236696e-03
   3.45732756e+02   1.13335589e-03
   3.45733244e+02  -1.03397795e-03
   3.45733732e+02  -2.33373954e-03
   3.45734221e+02  -2.06870795e-03
   3.45734709e+02  -1.88418478e-03
   3.45735197e+02  -1.43536390e-03
   3.45735686e+02   2.80512555e-04
   3.45736174e+02   4.69924096e-04
   3.45736662e+02  -9.62873281e-04
   3.45737151e+02  -2.37425280e-04
   3.45737639e+02   8.13911727e-04
   3.45738127e+02   1.03938924e-04
   3.45738616e+02   2.44622788e-05
   3.45739104e+02   9.23974090e-04
   3.45739592e+02   4.11036366e-04
   3.45740080e+02  -7.31077511e-04
   3.45740569e+02  -8.65496637e-04
   3.45741057e+02  -3.22913460e-04
   3.45741545e+02   7.48788530e-04
   3.45742034e+02   2.48675561e-03
   3.45742522e+02   2.82785296e-03
   3.45743010e+02   1.32332183e-03
   3.45743499e+02   3.57284560e-04
   3.45743987e+02   1.03249389e-03
   3.45744475e+02   1.84517528e-03
   3.45744964e+02   1.56236580e-03
   3.45745452e+02   8.41519388e-04
   3.45745940e+02   3.65926215e-04
   3.45746428e+02   8.81425003e-05
   3.45746917e+02  -2.73747661e-04
   3.45747405e+02  -7.49430619e-04
   3.45747893e+02   3.91396270e-06
   3.45748382e+02   6.67817367e-04
   3.45748870e+02  -2.11909675e-04
   3.45749358e+02  -7.50019972e-04
   3.45749847e+02  -3.16441030e-04
   3.45750335e+02  -1.10961060e-04
   3.45750823e+02  -6.32985146e-04
   3.45751312e+02  -1.41191960e-03
   3.45751800e+02  -9.17384925e-04
   3.45752288e+02   1.06948246e-05
   3.45752776e+02  -3.29288072e-04
   3.45753265e+02  -7.40062620e-04
   3.45753753e+02   2.11239952e-04
   3.45754241e+02   1.88605988e-03
   3.45754730e+02   1.28566520e-03
   3.45755218e+02  -1.51540886e-03
   3.45755706e+02  -2.69841985e-03
   3.45756195e+02  -1.03305595e-03
   3.45756683e+02   1.46785448e-03
   3.45757171e+02   1.46538345e-03
   3.45757660e+02  -1.35909452e-03
   3.45758148e+02  -3.29448911e-03
   3.45758636e+02  -3.70393856e-03
   3.45759124e+02  -1.91884895e-03
   3.45759613e+02   1.09780440e-03
   3.45760101e+02   1.39312597e-03
   3.45760589e+02   6.21035404e-04
   3.45761078e+02   1.07139011e-03
   3.45761566e+02   1.15018548e-03
   3.45762054e+02  -2.85141490e-04
   3.45762543e+02  -1.72401103e-03
   3.45763031e+02  -4.51035012e-04
   3.45763519e+02   2.94016139e-03
   3.45764008e+02   3.82317067e-03
   3.45764496e+02   8.58677668e-04
   3.45764984e+02  -1.67673489e-03
   3.45765473e+02  -8.23247130e-04
   3.45765961e+02   7.79267459e-04
   3.45766449e+02   1.63308566e-03
   3.45766937e+02   1.18011551e-03
   3.45767426e+02  -1.59731833e-04
   3.45767914e+02   9.98605392e-04
   3.45768402e+02   3.77617870e-03
   3.45768891e+02   3.53800342e-03
   3.45769379e+02   1.67409470e-03
   3.45769867e+02   1.13082479e-03
   3.45770356e+02   2.87167466e-04
   3.45770844e+02  -1.14962191e-03
   3.45771332e+02  -2.70919804e-03
   3.45771821e+02  -3.19603016e-03
   3.45772309e+02  -1.46582094e-03
   3.45772797e+02  -4.49950254e-04
   3.45773285e+02  -1.01413543e-03
   3.45773774e+02  -1.50160270e-03
   3.45774262e+02  -7.42277480e-04
   3.45774750e+02  -3.12077173e-05
   3.45775239e+02  -2.61298301e-05
   3.45775727e+02   5.18924207e-04
   3.45776215e+02  -4.78193797e-05
   3.45776704e+02  -1.47001119e-03
   3.45777192e+02  -8.90948926e-04
   3.45777680e+02   7.32176355e-04
   3.45778169e+02   2.05700475e-04
   3.45778657e+02  -1.23672874e-03
   3.45779145e+02  -8.11800594e-04
   3.45779633e+02  -9.50794638e-05
   3.45780122e+02   2.34689219e-06
   3.45780610e+02   1.94895925e-04
   3.45781098e+02  -9.40293190e-04
   3.45781587e+02  -3.17154336e-03
   3.45782075e+02  -4.09279810e-03
   3.45782563e+02  -3.55722825e-03
   3.45783052e+02  -3.02549894e-03
   3.45783540e+02  -1.45877944e-03
   3.45784028e+02   7.94280262e-04
   3.45784517e+02   1.08616182e-03
   3.45785005e+02   2.77788204e-04
   3.45785493e+02   7.92239851e-04
   3.45785981e+02   7.32954708e-04
   3.45786470e+02   1.11406320e-04
   3.45786958e+02   3.48562491e-04
   3.45787446e+02  -7.88325327e-04
   3.45787935e+02  -1.31656788e-03
   3.45788423e+02  -1.15873176e-03
   3.45788911e+02  -2.67409370e-03
   3.45789400e+02  -1.93322252e-03
   3.45789888e+02   7.76165049e-04
   3.45790376e+02   1.02512888e-03
   3.45790865e+02  -6.76231750e-04
   3.45791353e+02  -1.76177593e-03
   3.45791841e+02  -1.24408072e-03
   3.45792329e+02   1.99166490e-04
   3.45792818e+02   6.78916054e-04
   3.45793306e+02  -1.50025298e-03
   3.45793794e+02  -3.50721972e-03
   3.45794283e+02  -2.95263575e-03
   3.45794771e+02  -2.47077411e-03
   3.45795259e+02  -3.32978717e-03
   3.45795748e+02  -3.76100838e-03
   3.45796236e+02  -2.78879004e-03
   3.45796724e+02  -6.54410280e-04
   3.45797213e+02   5.20666188e-04
   3.45797701e+02   7.29919586e-04
   3.45798189e+02   9.71491681e-04
   3.45798677e+02   8.63710477e-04
   3.45799166e+02   9.19660204e-04
   3.45799654e+02   7.44848803e-04
   3.45800142e+02   4.17971605e-04
   3.45800631e+02   5.54536527e-04
   3.45801119e+02  -8.26005125e-04
   3.45801607e+02  -1.99524011e-03
   3.45802096e+02  -1.48387544e-03
   3.45802584e+02  -1.10863138e-03
   3.45803072e+02   2.52670347e-04
   3.45803561e+02   1.88916491e-03
   3.45804049e+02   6.17515936e-04
   3.45804537e+02  -1.18900533e-03
   3.45805026e+02  -3.68725188e-04
   3.45805514e+02   1.17326563e-03
   3.45806002e+02   1.02824520e-03
   3.45806490e+02   1.39796967e-03
   3.45806979e+02   2.98382016e-03
   3.45807467e+02   3.54191149e-03
   3.45807955e+02   2.18396005e-03
   3.45808444e+02   3.99605015e-05
   3.45808932e+02  -1.25231512e-03
   3.45809420e+02  -8.59374937e-04
   3.45809909e+02  -9.76110023e-05
   3.45810397e+02  -1.09433581e-03
   3.45810885e+02  -1.64301903e-03
   3.45811374e+02   5.01613889e-04
   3.45811862e+02   1.47305208e-03
   3.45812350e+02   1.98963739e-04
   3.45812838e+02  -8.07952601e-05
   3.45813327e+02  -1.23416627e-04
   3.45813815e+02  -5.77363302e-04
   3.45814303e+02  -4.37903916e-04
   3.45814792e+02   1.31858431e-03
   3.45815280e+02   5.07943332e-03
   3.45815768e+02   5.88988885e-03
   3.45816257e+02   2.82752374e-03
   3.45816745e+02   4.24925529e-04
   3.45817233e+02  -8.35466024e-04
   3.45817722e+02  -1.58093439e-03
   3.45818210e+02  -1.94335612e-03
   3.45818698e+02  -2.49297824e-03
   3.45819186e+02  -2.60494789e-03
   3.45819675e+02  -1.40038540e-03
   3.45820163e+02  -1.08450523e-03
   3.45820651e+02  -1.92530116e-03
   3.45821140e+02  -1.17997022e-03
   3.45821628e+02  -1.60026902e-05
   3.45822116e+02  -5.00721799e-04
   3.45822605e+02  -8.43381218e-04
