frequency (GHz), flux (Jy/beam)
   3.44888470e+02  -1.75692735e-03
   3.44888959e+02   4.43192519e-04
   3.44889447e+02  -8.43641348e-04
   3.44889935e+02  -2.10476387e-03
   3.44890423e+02  -2.20045890e-03
   3.44890912e+02  -1.53017230e-03
   3.44891400e+02   7.17583403e-04
   3.44891888e+02   6.20344013e-04
   3.44892377e+02  -6.70889101e-04
   3.44892865e+02   9.44636588e-04
   3.44893353e+02   3.22082383e-03
   3.44893842e+02   3.62819200e-03
   3.44894330e+02   1.54195796e-03
   3.44894818e+02   1.01390535e-04
   3.44895307e+02   9.18381047e-05
   3.44895795e+02   1.45416684e-03
   3.44896283e+02   1.71042024e-03
   3.44896771e+02   8.43964342e-04
   3.44897260e+02   1.46239763e-03
   3.44897748e+02   1.49917149e-03
   3.44898236e+02   1.18058721e-04
   3.44898725e+02  -3.72402952e-04
   3.44899213e+02   1.91716675e-03
   3.44899701e+02   2.66046938e-03
   3.44900190e+02  -2.42139708e-04
   3.44900678e+02  -2.22948682e-03
   3.44901166e+02  -2.28904816e-03
   3.44901655e+02  -1.38760253e-03
   3.44902143e+02   2.88810988e-04
   3.44902631e+02   1.54754892e-03
   3.44903119e+02   2.02523661e-03
   3.44903608e+02   3.94533796e-04
   3.44904096e+02  -1.39487919e-03
   3.44904584e+02  -1.66316540e-03
   3.44905073e+02  -1.28584943e-04
   3.44905561e+02   1.45404879e-03
   3.44906049e+02   1.29066722e-03
   3.44906538e+02  -5.64810005e-04
   3.44907026e+02  -1.28984638e-03
   3.44907514e+02   5.69686526e-04
   3.44908003e+02   8.91842865e-05
   3.44908491e+02  -1.33007555e-03
   3.44908979e+02  -8.28847580e-04
   3.44909467e+02  -7.10264256e-04
   3.44909956e+02   1.24600029e-03
   3.44910444e+02   3.11056525e-03
   3.44910932e+02   8.04383817e-05
   3.44911421e+02  -3.71848000e-03
   3.44911909e+02  -2.83840206e-03
   3.44912397e+02  -2.06548884e-03
   3.44912886e+02  -2.23013386e-03
   3.44913374e+02  -2.60352885e-04
   3.44913862e+02   9.92536006e-05
   3.44914351e+02   1.20421400e-05
   3.44914839e+02   8.76126462e-04
   3.44915327e+02   5.88004114e-05
   3.44915815e+02  -1.27919787e-03
   3.44916304e+02   3.86025495e-04
   3.44916792e+02   2.99982331e-03
   3.44917280e+02   3.16321407e-03
   3.44917769e+02   2.67638126e-03
   3.44918257e+02   3.71001055e-03
   3.44918745e+02   4.38366272e-03
   3.44919234e+02   2.99336435e-03
   3.44919722e+02   2.51163519e-03
   3.44920210e+02   9.18876089e-04
   3.44920699e+02  -2.85196421e-03
   3.44921187e+02  -3.66762932e-03
   3.44921675e+02  -2.72608176e-03
   3.44922163e+02  -3.98097327e-03
   3.44922652e+02  -4.62795887e-03
   3.44923140e+02  -2.97202333e-03
   3.44923628e+02  -9.17299360e-04
   3.44924117e+02   1.66873637e-04
   3.44924605e+02   2.82462628e-04
   3.44925093e+02   9.55891010e-05
   3.44925582e+02  -1.99041941e-04
   3.44926070e+02  -2.42204595e-04
   3.44926558e+02  -1.52205944e-03
   3.44927047e+02  -1.27153285e-03
   3.44927535e+02   9.87273059e-04
   3.44928023e+02  -1.93688116e-04
   3.44928512e+02  -1.56963535e-03
   3.44929000e+02   4.79981507e-04
   3.44929488e+02   3.13256821e-03
   3.44929976e+02   4.68794256e-03
   3.44930465e+02   2.80995574e-03
   3.44930953e+02   3.68346256e-04
   3.44931441e+02  -8.55342776e-04
   3.44931930e+02  -2.82640592e-03
   3.44932418e+02  -2.26790248e-03
   3.44932906e+02  -1.48015074e-03
   3.44933395e+02  -2.27935868e-03
   3.44933883e+02  -1.23334245e-03
   3.44934371e+02   2.63496273e-04
   3.44934860e+02  -1.67042279e-04
   3.44935348e+02  -2.14538281e-03
   3.44935836e+02  -2.76529067e-03
   3.44936324e+02  -1.62558944e-03
   3.44936813e+02  -6.02337648e-04
   3.44937301e+02   5.71076853e-05
   3.44937789e+02  -8.62940069e-05
   3.44938278e+02  -1.30699028e-03
   3.44938766e+02  -2.31972523e-03
   3.44939254e+02  -1.72941305e-03
   3.44939743e+02  -6.23387634e-04
   3.44940231e+02   2.74616381e-04
   3.44940719e+02   6.05170964e-04
   3.44941208e+02  -1.31086877e-03
   3.44941696e+02  -2.62132450e-03
   3.44942184e+02  -7.28337036e-04
   3.44942672e+02   1.56612761e-04
   3.44943161e+02   1.36239349e-03
   3.44943649e+02   2.47784005e-03
   3.44944137e+02   4.63630015e-04
   3.44944626e+02  -1.59519853e-03
   3.44945114e+02  -7.89874350e-04
   3.44945602e+02  -4.34217596e-04
   3.44946091e+02   9.30614013e-04
   3.44946579e+02   2.42944388e-03
   3.44947067e+02   5.48834272e-04
   3.44947556e+02  -1.17072498e-03
   3.44948044e+02   1.13398931e-03
   3.44948532e+02   1.85767829e-03
   3.44949020e+02  -1.63705132e-04
   3.44949509e+02  -1.14703353e-03
   3.44949997e+02   9.73051297e-04
   3.44950485e+02   2.03574402e-03
   3.44950974e+02   4.08586871e-04
   3.44951462e+02   5.22757997e-04
   3.44951950e+02   1.63078308e-03
   3.44952439e+02   2.60911300e-03
   3.44952927e+02   2.94437329e-03
   3.44953415e+02   2.16914830e-03
   3.44953904e+02   1.13185332e-03
   3.44954392e+02   1.54222257e-03
   3.44954880e+02   3.39903170e-03
   3.44955368e+02   3.48952948e-03
   3.44955857e+02   3.63998045e-03
   3.44956345e+02   4.30595642e-03
   3.44956833e+02   2.83484207e-03
   3.44957322e+02  -2.98165487e-05
   3.44957810e+02  -1.84649229e-03
   3.44958298e+02  -2.39850473e-04
   3.44958787e+02   2.13544955e-03
   3.44959275e+02   8.69352778e-04
   3.44959763e+02  -7.06010615e-04
   3.44960252e+02  -3.52362491e-04
   3.44960740e+02  -1.20563782e-03
   3.44961228e+02  -2.95470166e-03
   3.44961716e+02  -4.23861714e-03
   3.44962205e+02  -5.93835209e-03
   3.44962693e+02  -5.62456110e-03
   3.44963181e+02  -2.52518267e-03
   3.44963670e+02  -2.03519803e-03
   3.44964158e+02  -3.94424656e-03
   3.44964646e+02  -3.70119140e-03
   3.44965135e+02  -1.85188139e-03
   3.44965623e+02  -1.31202309e-04
   3.44966111e+02  -1.06213833e-04
   3.44966600e+02  -1.27187662e-03
   3.44967088e+02  -1.22894684e-03
   3.44967576e+02  -1.09777472e-03
   3.44968065e+02  -2.09908211e-03
   3.44968553e+02  -1.30610191e-03
   3.44969041e+02   8.26975855e-04
   3.44969529e+02   7.43632147e-04
   3.44970018e+02   8.06890021e-04
   3.44970506e+02   3.48597881e-03
   3.44970994e+02   3.67720914e-03
   3.44971483e+02   5.27078868e-04
   3.44971971e+02  -1.20780058e-03
   3.44972459e+02  -8.65162350e-04
   3.44972948e+02  -5.23130409e-04
   3.44973436e+02  -3.50412563e-04
   3.44973924e+02  -4.97191621e-04
   3.44974413e+02  -1.83296704e-03
   3.44974901e+02  -2.01009167e-03
   3.44975389e+02  -3.47386318e-04
   3.44975877e+02   1.44481007e-03
   3.44976366e+02   2.21480150e-03
   3.44976854e+02   6.71792368e-04
   3.44977342e+02   5.87865885e-04
   3.44977831e+02   2.92421621e-03
   3.44978319e+02   2.48273415e-03
   3.44978807e+02   5.94866171e-04
   3.44979296e+02   1.85437821e-04
   3.44979784e+02   1.13647380e-04
   3.44980272e+02  -1.30478106e-03
   3.44980761e+02  -4.00772365e-03
   3.44981249e+02  -2.70918151e-03
   3.44981737e+02   1.08196423e-03
   3.44982225e+02   1.19985896e-03
   3.44982714e+02  -8.10526719e-04
   3.44983202e+02  -1.26898545e-03
   3.44983690e+02  -5.25007083e-04
   3.44984179e+02  -6.63166400e-04
   3.44984667e+02  -5.12932660e-04
   3.44985155e+02   1.07533147e-03
   3.44985644e+02   1.68982265e-03
   3.44986132e+02   1.57386891e-03
   3.44986620e+02   1.79875258e-03
   3.44987109e+02   7.60852534e-04
   3.44987597e+02  -2.48513126e-04
   3.44988085e+02  -1.13902148e-03
   3.44988573e+02  -1.54826161e-03
   3.44989062e+02  -1.61081157e-03
   3.44989550e+02  -1.00505003e-03
   3.44990038e+02   1.08973961e-03
   3.44990527e+02   1.31106982e-03
   3.44991015e+02   1.04343169e-03
   3.44991503e+02   1.31222757e-03
   3.44991992e+02   3.26136680e-04
   3.44992480e+02  -2.25558324e-05
   3.44992968e+02  -2.90750759e-03
   3.44993457e+02  -6.14266610e-03
   3.44993945e+02  -4.60056728e-03
   3.44994433e+02  -2.21731490e-03
   3.44994921e+02  -1.39317778e-03
   3.44995410e+02  -1.09780626e-03
   3.44995898e+02  -1.47567598e-05
   3.44996386e+02   9.53375245e-04
   3.44996875e+02  -1.05132349e-03
   3.44997363e+02  -2.81326077e-03
   3.44997851e+02  -1.36996550e-03
   3.44998340e+02   2.54846265e-04
   3.44998828e+02   2.35580583e-03
   3.44999316e+02   3.41920066e-03
   3.44999805e+02   2.46881647e-03
   3.45000293e+02   7.64409779e-05
   3.45000781e+02  -1.68752077e-03
   3.45001269e+02  -2.88589764e-03
   3.45001758e+02  -4.35532955e-03
   3.45002246e+02  -3.36600374e-03
   3.45002734e+02  -1.81927229e-03
   3.45003223e+02  -8.78461869e-04
   3.45003711e+02  -6.58179924e-04
   3.45004199e+02  -2.73316028e-03
   3.45004688e+02  -1.68211554e-04
   3.45005176e+02   1.36228150e-03
   3.45005664e+02  -4.59641218e-04
   3.45006153e+02  -6.98377378e-04
   3.45006641e+02   7.46408550e-05
   3.45007129e+02   1.28133513e-03
   3.45007618e+02   2.41119997e-03
   3.45008106e+02   1.54705101e-03
   3.45008594e+02   1.56158465e-03
   3.45009082e+02   2.67202151e-03
   3.45009571e+02  -3.60706908e-04
   3.45010059e+02  -3.27100325e-03
   3.45010547e+02  -3.38441203e-03
   3.45011036e+02  -3.64733697e-03
   3.45011524e+02  -3.24306148e-03
   3.45012012e+02  -2.50827661e-03
   3.45012501e+02  -1.36303925e-03
   3.45012989e+02   7.39340554e-04
   3.45013477e+02   1.91628758e-03
   3.45013966e+02   6.69425761e-04
   3.45014454e+02  -2.34826026e-03
   3.45014942e+02  -2.32573831e-03
   3.45015430e+02  -1.91906933e-03
   3.45015919e+02  -4.33126325e-03
   3.45016407e+02  -4.31558071e-03
   3.45016895e+02  -2.33545550e-03
   3.45017384e+02  -1.44369202e-03
   3.45017872e+02  -7.72701242e-05
   3.45018360e+02   4.97050467e-04
   3.45018849e+02  -1.45799166e-03
   3.45019337e+02  -2.61484249e-03
   3.45019825e+02  -1.82898861e-04
   3.45020314e+02   1.23702758e-03
   3.45020802e+02  -7.06316379e-04
   3.45021290e+02  -2.79229623e-03
   3.45021778e+02  -4.16196603e-03
   3.45022267e+02  -3.16101802e-03
   3.45022755e+02  -2.00870214e-04
   3.45023243e+02   1.32386037e-03
   3.45023732e+02   3.89513763e-04
   3.45024220e+02  -1.52862247e-03
   3.45024708e+02  -1.78279553e-03
   3.45025197e+02   1.50489650e-04
   3.45025685e+02   6.22874300e-04
   3.45026173e+02  -5.05766831e-04
   3.45026662e+02  -1.02271675e-03
   3.45027150e+02  -1.22514542e-03
   3.45027638e+02  -9.58010845e-04
   3.45028126e+02   9.02336556e-04
   3.45028615e+02   1.29298086e-03
   3.45029103e+02   1.28933534e-04
   3.45029591e+02  -1.12018641e-03
   3.45030080e+02  -9.43975465e-04
   3.45030568e+02   5.70242351e-04
   3.45031056e+02   1.21716806e-03
   3.45031545e+02   1.16558117e-03
   3.45032033e+02   1.26448995e-03
   3.45032521e+02  -1.05930858e-05
   3.45033010e+02  -1.56439980e-03
   3.45033498e+02  -1.92385248e-03
   3.45033986e+02   1.98228925e-04
   3.45034474e+02   1.88638328e-03
   3.45034963e+02   1.22320256e-03
   3.45035451e+02   1.60621677e-03
   3.45035939e+02   2.40892870e-03
   3.45036428e+02   1.84161938e-03
   3.45036916e+02   1.51152990e-03
   3.45037404e+02   1.42494147e-03
   3.45037893e+02   8.68845556e-04
   3.45038381e+02   3.45728477e-05
   3.45038869e+02   4.09628003e-04
   3.45039358e+02   1.81507622e-03
   3.45039846e+02   2.74442695e-03
   3.45040334e+02   2.22408329e-03
   3.45040822e+02   1.31168531e-03
   3.45041311e+02   1.39609037e-03
   3.45041799e+02   4.35746694e-03
   3.45042287e+02   5.08569041e-03
   3.45042776e+02   9.98112489e-04
   3.45043264e+02  -1.01088561e-04
   3.45043752e+02   3.25039029e-03
   3.45044241e+02   4.15074313e-03
   3.45044729e+02   6.55606505e-04
   3.45045217e+02  -3.51946009e-03
   3.45045706e+02  -2.67246179e-03
   3.45046194e+02   1.25922402e-03
   3.45046682e+02   2.33947905e-03
   3.45047171e+02   2.31076195e-03
   3.45047659e+02   1.16094481e-03
   3.45048147e+02  -2.85076979e-03
   3.45048635e+02  -5.46796946e-03
   3.45049124e+02  -3.55700031e-03
   3.45049612e+02   2.12548202e-05
   3.45050100e+02   8.67995201e-04
   3.45050589e+02  -1.19466218e-03
   3.45051077e+02  -2.73805740e-03
   3.45051565e+02  -2.42685690e-03
   3.45052054e+02  -2.66454648e-03
   3.45052542e+02  -2.62488471e-03
   3.45053030e+02  -1.05610956e-03
   3.45053519e+02  -6.80958212e-04
   3.45054007e+02  -1.37134409e-03
   3.45054495e+02  -2.71635875e-03
   3.45054983e+02  -3.62332282e-03
   3.45055472e+02  -1.86753040e-03
   3.45055960e+02   1.53928436e-03
   3.45056448e+02   2.34596478e-03
   3.45056937e+02   1.17737905e-03
   3.45057425e+02   3.43640731e-03
   3.45057913e+02   4.94421273e-03
   3.45058402e+02   3.28677427e-03
   3.45058890e+02   2.31668190e-03
   3.45059378e+02   2.48419750e-03
   3.45059867e+02   3.42189427e-03
   3.45060355e+02   5.77701954e-03
   3.45060843e+02   7.38511933e-03
   3.45061331e+02   5.48488181e-03
   3.45061820e+02   1.83048996e-03
   3.45062308e+02   2.27718102e-03
   3.45062796e+02   5.00153424e-03
   3.45063285e+02   6.22742856e-03
   3.45063773e+02   5.78116626e-03
   3.45064261e+02   5.89704560e-03
   3.45064750e+02   7.13331671e-03
   3.45065238e+02   6.39087893e-03
   3.45065726e+02   2.82078236e-03
   3.45066215e+02   1.65617885e-03
   3.45066703e+02   4.43351595e-03
   3.45067191e+02   4.80839424e-03
   3.45067679e+02   2.21727518e-04
   3.45068168e+02  -4.09059087e-03
   3.45068656e+02  -3.59685533e-03
   3.45069144e+02  -6.93082751e-04
   3.45069633e+02  -7.32493121e-04
   3.45070121e+02  -2.45627249e-03
   3.45070609e+02  -1.84425409e-03
   3.45071098e+02  -9.95355309e-04
   3.45071586e+02  -1.42215262e-03
   3.45072074e+02  -2.49859621e-03
   3.45072563e+02  -2.99259787e-03
   3.45073051e+02  -1.79599586e-03
   3.45073539e+02  -6.25074783e-04
   3.45074027e+02   6.91057998e-04
   3.45074516e+02   1.34933705e-03
   3.45075004e+02  -1.36942444e-05
   3.45075492e+02  -1.70895096e-03
   3.45075981e+02  -1.87701371e-03
   3.45076469e+02   1.68192538e-03
   3.45076957e+02   4.44165338e-03
   3.45077446e+02   1.77081802e-03
   3.45077934e+02  -1.18602870e-03
   3.45078422e+02  -7.37360853e-04
   3.45078911e+02  -5.38969529e-04
   3.45079399e+02  -1.68421981e-03
   3.45079887e+02  -9.21512255e-04
   3.45080375e+02  -3.94157105e-04
   3.45080864e+02  -7.26731669e-04
   3.45081352e+02  -7.91323720e-04
   3.45081840e+02  -6.55813375e-04
   3.45082329e+02  -6.20117818e-04
   3.45082817e+02  -4.39030671e-04
   3.45083305e+02  -1.75424851e-03
   3.45083794e+02  -3.24510643e-03
   3.45084282e+02  -2.85351323e-03
   3.45084770e+02  -4.87431564e-04
   3.45085259e+02   1.53803127e-03
   3.45085747e+02   1.37927092e-03
   3.45086235e+02   9.27775342e-04
   3.45086724e+02   3.31818737e-04
   3.45087212e+02   8.11681792e-04
   3.45087700e+02   1.30867147e-05
   3.45088188e+02  -1.38263847e-03
   3.45088677e+02   7.18185853e-04
   3.45089165e+02   1.92170462e-03
   3.45089653e+02   1.74478861e-03
   3.45090142e+02   1.88411481e-03
   3.45090630e+02   1.20180170e-03
   3.45091118e+02  -7.04551581e-04
   3.45091607e+02  -1.47974968e-03
   3.45092095e+02  -4.54153254e-04
   3.45092583e+02  -1.53336819e-04
   3.45093072e+02  -5.70806675e-04
   3.45093560e+02   7.43414857e-04
   3.45094048e+02   1.77550549e-03
   3.45094536e+02   1.41988241e-03
   3.45095025e+02   2.58468295e-04
   3.45095513e+02  -1.49222324e-03
   3.45096001e+02  -1.92349998e-03
   3.45096490e+02   3.26202775e-04
   3.45096978e+02   2.04260903e-03
   3.45097466e+02   8.54822225e-04
   3.45097955e+02  -1.39276439e-03
   3.45098443e+02  -2.05112342e-03
   3.45098931e+02  -1.26819257e-04
   3.45099420e+02   6.06748799e-04
   3.45099908e+02  -1.06758962e-03
   3.45100396e+02  -6.87486900e-04
   3.45100884e+02   8.20973655e-04
   3.45101373e+02  -4.21809324e-04
   3.45101861e+02  -2.13671522e-03
   3.45102349e+02  -1.97790237e-03
   3.45102838e+02  -1.50912919e-03
   3.45103326e+02  -1.22271531e-05
   3.45103814e+02   2.94519472e-03
   3.45104303e+02   3.05994181e-03
   3.45104791e+02   7.50415493e-05
   3.45105279e+02  -1.64411217e-03
   3.45105768e+02  -2.86698667e-03
   3.45106256e+02  -3.62814171e-03
   3.45106744e+02  -1.19729270e-03
   3.45107232e+02   1.30094192e-03
   3.45107721e+02   7.33242428e-04
   3.45108209e+02  -3.40597762e-04
   3.45108697e+02  -1.47794117e-03
   3.45109186e+02  -3.43569624e-03
   3.45109674e+02  -2.92446790e-03
   3.45110162e+02  -1.01029396e-03
   3.45110651e+02  -1.58835412e-03
   3.45111139e+02  -1.23801955e-03
   3.45111627e+02   7.02582707e-04
   3.45112116e+02   1.33983418e-03
   3.45112604e+02   1.92784367e-03
   3.45113092e+02   1.66192208e-03
   3.45113580e+02  -1.72974914e-03
   3.45114069e+02  -2.90678628e-03
   3.45114557e+02   1.76390563e-03
   3.45115045e+02   5.32728340e-03
   3.45115534e+02   3.21098696e-03
   3.45116022e+02   8.83574772e-04
   3.45116510e+02   6.40612707e-05
   3.45116999e+02  -6.23842468e-04
   3.45117487e+02   1.16173376e-03
   3.45117975e+02   4.10675816e-03
   3.45118464e+02   2.10526283e-03
   3.45118952e+02  -1.30246906e-03
   3.45119440e+02   6.20264094e-04
   3.45119928e+02   3.81074077e-03
   3.45120417e+02   4.69333585e-03
   3.45120905e+02   2.42519914e-03
   3.45121393e+02   9.12233816e-07
   3.45121882e+02  -2.62374324e-05
   3.45122370e+02   1.86864263e-03
   3.45122858e+02   3.73228267e-03
   3.45123347e+02   2.04952643e-03
   3.45123835e+02  -7.57266360e-04
   3.45124323e+02  -1.20345422e-03
   3.45124812e+02  -1.94294215e-03
   3.45125300e+02  -8.04514159e-04
   3.45125788e+02   1.56960182e-03
   3.45126277e+02   2.75802740e-04
   3.45126765e+02  -1.23175082e-03
   3.45127253e+02   9.91015695e-04
   3.45127741e+02   2.52934801e-03
   3.45128230e+02   1.56314753e-03
   3.45128718e+02  -1.70605155e-04
   3.45129206e+02  -7.15385133e-04
   3.45129695e+02   5.04070951e-04
   3.45130183e+02   1.14992307e-03
   3.45130671e+02   1.68998248e-03
   3.45131160e+02   2.59537157e-03
   3.45131648e+02   2.72682356e-03
   3.45132136e+02   8.83278670e-04
   3.45132625e+02  -1.17195625e-04
   3.45133113e+02   1.97783974e-03
   3.45133601e+02   2.92126881e-03
   3.45134089e+02   1.87127106e-03
   3.45134578e+02   1.59554451e-03
   3.45135066e+02   1.09555363e-03
   3.45135554e+02  -1.70103193e-03
   3.45136043e+02  -3.22865485e-03
   3.45136531e+02  -8.69619078e-04
   3.45137019e+02   4.69082734e-04
   3.45137508e+02   2.68320349e-04
   3.45137996e+02   1.54639536e-04
   3.45138484e+02   6.03481662e-04
   3.45138973e+02   2.82998430e-04
   3.45139461e+02   5.12321312e-05
   3.45139949e+02   3.84326297e-04
   3.45140437e+02   9.82033787e-04
   3.45140926e+02  -2.61702255e-04
   3.45141414e+02  -1.98584469e-03
   3.45141902e+02  -3.00345081e-03
   3.45142391e+02  -2.42998125e-03
   3.45142879e+02  -1.11392664e-03
   3.45143367e+02  -2.05368758e-03
   3.45143856e+02  -1.31587731e-03
   3.45144344e+02   2.10653292e-03
   3.45144832e+02   2.13982374e-03
   3.45145321e+02  -5.90401993e-04
   3.45145809e+02  -1.67004147e-03
   3.45146297e+02  -3.37593374e-04
   3.45146785e+02  -5.02957206e-04
   3.45147274e+02  -3.44365486e-03
   3.45147762e+02  -4.98662377e-03
   3.45148250e+02  -3.18893045e-03
   3.45148739e+02   4.34641785e-04
   3.45149227e+02   1.54890143e-03
   3.45149715e+02  -8.67844792e-04
   3.45150204e+02   1.15418436e-04
   3.45150692e+02   4.37397324e-03
   3.45151180e+02   5.50667848e-03
   3.45151669e+02   3.98438238e-03
   3.45152157e+02   2.69555487e-03
   3.45152645e+02   1.95434433e-03
   3.45153133e+02  -1.40429847e-03
   3.45153622e+02  -3.89790186e-03
   3.45154110e+02  -1.33796863e-03
   3.45154598e+02  -8.63729219e-05
   3.45155087e+02  -2.54833093e-03
   3.45155575e+02  -4.38462477e-03
   3.45156063e+02  -2.29690620e-03
   3.45156552e+02   1.22986163e-03
   3.45157040e+02  -1.04305276e-04
   3.45157528e+02  -3.17328633e-03
   3.45158017e+02  -2.80075497e-03
   3.45158505e+02  -2.12127762e-03
   3.45158993e+02  -2.66466779e-03
   3.45159481e+02  -2.32044305e-03
   3.45159970e+02  -1.46600697e-03
   3.45160458e+02  -8.57683888e-04
   3.45160946e+02  -9.82926111e-04
   3.45161435e+02  -1.50588609e-03
   3.45161923e+02  -1.08096458e-03
   3.45162411e+02  -9.03068634e-04
   3.45162900e+02  -3.41583532e-03
   3.45163388e+02  -6.31259568e-03
   3.45163876e+02  -4.92277415e-03
   3.45164365e+02  -1.93546154e-03
   3.45164853e+02  -6.37549616e-04
   3.45165341e+02   5.14693675e-04
   3.45165830e+02   2.78560328e-03
   3.45166318e+02   1.05466321e-03
   3.45166806e+02  -2.86037079e-03
   3.45167294e+02  -2.61745555e-03
   3.45167783e+02  -3.20164283e-04
   3.45168271e+02   6.09249866e-04
   3.45168759e+02  -7.02023681e-04
   3.45169248e+02  -1.85281818e-03
   3.45169736e+02  -1.05673703e-03
   3.45170224e+02   1.12575153e-03
   3.45170713e+02   2.97969533e-03
   3.45171201e+02   3.30393971e-03
   3.45171689e+02   2.00253166e-03
   3.45172178e+02  -1.31798710e-03
   3.45172666e+02  -2.93885684e-03
   3.45173154e+02  -3.66038032e-04
   3.45173642e+02   2.07717065e-03
   3.45174131e+02   1.11829268e-03
   3.45174619e+02  -1.17867580e-03
   3.45175107e+02  -7.51027022e-04
   3.45175596e+02  -8.23895913e-04
   3.45176084e+02  -2.35275691e-03
   3.45176572e+02  -5.93908539e-04
   3.45177061e+02  -1.43543046e-04
   3.45177549e+02  -3.34190601e-03
   3.45178037e+02  -3.89695214e-03
   3.45178526e+02  -3.31866159e-03
   3.45179014e+02  -4.06230334e-03
   3.45179502e+02  -2.48250132e-03
   3.45179990e+02  -2.53234786e-04
   3.45180479e+02   1.47134217e-03
   3.45180967e+02   2.01597437e-03
   3.45181455e+02   1.78915774e-03
   3.45181944e+02   1.18851732e-03
   3.45182432e+02   7.38120754e-04
   3.45182920e+02   1.42594415e-03
   3.45183409e+02   2.68487725e-04
   3.45183897e+02   1.28635054e-03
   3.45184385e+02   3.72558599e-03
   3.45184874e+02   2.41375878e-03
   3.45185362e+02  -8.00352518e-06
   3.45185850e+02  -1.43770734e-03
   3.45186338e+02  -1.68987399e-03
   3.45186827e+02   7.67609818e-05
   3.45187315e+02   9.24599226e-05
   3.45187803e+02  -1.85078022e-03
   3.45188292e+02  -6.97339477e-04
   3.45188780e+02   1.04443170e-03
   3.45189268e+02  -7.22950848e-04
   3.45189757e+02  -1.12511241e-03
   3.45190245e+02  -1.93198662e-06
   3.45190733e+02  -6.89650071e-04
   3.45191222e+02  -1.31899095e-03
   3.45191710e+02  -5.39882276e-05
   3.45192198e+02   7.55493005e-04
   3.45192686e+02  -8.88707727e-05
   3.45193175e+02  -8.42438370e-04
   3.45193663e+02   3.97492513e-05
   3.45194151e+02   2.55122385e-03
   3.45194640e+02   2.84583308e-03
   3.45195128e+02   8.07415985e-04
   3.45195616e+02  -6.77351345e-05
   3.45196105e+02   4.48526916e-05
   3.45196593e+02   1.10443658e-03
   3.45197081e+02   1.37943588e-03
   3.45197570e+02   5.07919576e-05
   3.45198058e+02  -7.91368948e-04
   3.45198546e+02  -1.33236565e-04
   3.45199034e+02   1.82473310e-03
   3.45199523e+02   3.14944284e-03
   3.45200011e+02   2.57848972e-03
   3.45200499e+02   2.84317823e-04
   3.45200988e+02  -1.03865110e-03
   3.45201476e+02  -1.00187106e-04
   3.45201964e+02   3.53084877e-04
   3.45202453e+02  -3.87638516e-04
   3.45202941e+02  -2.04565498e-04
   3.45203429e+02   8.62420711e-06
   3.45203918e+02  -8.79865023e-04
   3.45204406e+02  -2.34926515e-03
   3.45204894e+02  -2.44149333e-03
   3.45205383e+02  -8.72449891e-04
   3.45205871e+02  -4.12684691e-04
   3.45206359e+02   1.02766277e-03
   3.45206847e+02   2.47453176e-03
   3.45207336e+02   2.57163751e-03
   3.45207824e+02   2.56689242e-03
   3.45208312e+02   5.01792878e-04
   3.45208801e+02  -1.85046380e-03
   3.45209289e+02  -1.26448297e-03
   3.45209777e+02  -2.82124838e-05
   3.45210266e+02  -7.02090270e-04
   3.45210754e+02  -7.35455160e-06
   3.45211242e+02   1.06065546e-03
   3.45211731e+02  -1.25646393e-03
   3.45212219e+02  -1.16144563e-03
   3.45212707e+02  -5.81808679e-04
   3.45213195e+02  -1.95134850e-03
   3.45213684e+02  -6.20056875e-04
   3.45214172e+02   6.65207510e-04
   3.45214660e+02   2.23020834e-05
   3.45215149e+02   8.44955575e-05
   3.45215637e+02   7.56364723e-04
   3.45216125e+02   9.08948481e-04
   3.45216614e+02   9.88903106e-04
   3.45217102e+02  -5.92555734e-04
   3.45217590e+02  -2.42655189e-03
   3.45218079e+02  -1.21208408e-03
   3.45218567e+02  -1.45315286e-03
   3.45219055e+02  -2.23187311e-03
   3.45219543e+02  -1.32483977e-03
   3.45220032e+02  -2.06145155e-03
   3.45220520e+02  -2.86390120e-03
   3.45221008e+02  -1.82720297e-03
   3.45221497e+02  -1.24200189e-03
   3.45221985e+02   3.33542761e-04
   3.45222473e+02   2.11689551e-03
   3.45222962e+02   2.19953549e-03
   3.45223450e+02   2.49165599e-03
   3.45223938e+02   3.18691437e-03
   3.45224427e+02   2.20141979e-03
   3.45224915e+02  -1.69854902e-04
   3.45225403e+02  -1.03290402e-03
   3.45225891e+02   9.70724679e-04
   3.45226380e+02   2.56393664e-03
   3.45226868e+02   9.27768822e-04
   3.45227356e+02  -1.13524729e-03
   3.45227845e+02  -7.45026686e-04
   3.45228333e+02   6.42123225e-04
   3.45228821e+02   4.09961882e-04
   3.45229310e+02  -9.99226351e-04
   3.45229798e+02   1.34197366e-03
   3.45230286e+02   4.21163114e-03
   3.45230775e+02   3.73431435e-03
   3.45231263e+02   1.34836964e-03
   3.45231751e+02  -4.52015011e-05
   3.45232239e+02  -5.87871182e-04
   3.45232728e+02  -1.91976526e-03
   3.45233216e+02  -3.70865600e-04
   3.45233704e+02   1.78480800e-03
   3.45234193e+02   2.87893671e-03
   3.45234681e+02   1.41494267e-03
   3.45235169e+02  -3.19706090e-03
   3.45235658e+02  -4.36321925e-03
   3.45236146e+02  -2.30468460e-03
   3.45236634e+02  -2.90701631e-04
   3.45237123e+02   2.08404870e-03
   3.45237611e+02   5.20400330e-03
   3.45238099e+02   6.36979705e-03
   3.45238587e+02   1.82272377e-03
   3.45239076e+02  -2.18283292e-03
   3.45239564e+02  -1.76364600e-04
   3.45240052e+02   2.27548066e-03
   3.45240541e+02   6.24496606e-04
   3.45241029e+02  -1.73263007e-03
   3.45241517e+02  -1.68416474e-03
   3.45242006e+02  -1.77014430e-04
   3.45242494e+02   2.60382681e-03
   3.45242982e+02   6.31077215e-03
   3.45243471e+02   5.32462867e-03
   3.45243959e+02   1.82670110e-03
   3.45244447e+02  -7.29089006e-05
   3.45244936e+02  -9.60956793e-04
   3.45245424e+02   4.31992492e-04
   3.45245912e+02   1.19462621e-03
   3.45246400e+02  -3.58758873e-04
   3.45246889e+02  -1.65188848e-03
   3.45247377e+02  -3.67449393e-04
   3.45247865e+02   1.58850290e-03
   3.45248354e+02   6.40809652e-04
   3.45248842e+02  -1.10899063e-03
   3.45249330e+02   6.88484870e-05
   3.45249819e+02   3.00905295e-03
   3.45250307e+02   2.49486789e-03
   3.45250795e+02   1.25565403e-03
   3.45251284e+02   1.91136263e-04
   3.45251772e+02  -3.65473260e-03
   3.45252260e+02  -3.90010187e-03
   3.45252748e+02   7.34438872e-05
   3.45253237e+02   7.49238243e-04
   3.45253725e+02  -3.05545749e-03
   3.45254213e+02  -6.24772813e-03
   3.45254702e+02  -5.26319630e-03
   3.45255190e+02  -3.64194188e-04
   3.45255678e+02   2.22646492e-03
   3.45256167e+02   1.34522642e-03
   3.45256655e+02  -2.57428910e-04
   3.45257143e+02  -1.47376768e-03
   3.45257632e+02  -4.29024542e-04
   3.45258120e+02   1.21277012e-03
   3.45258608e+02   2.28317617e-03
   3.45259096e+02   1.59472111e-03
   3.45259585e+02  -9.92701971e-04
   3.45260073e+02  -1.77939772e-03
   3.45260561e+02   3.72729619e-06
   3.45261050e+02   2.39077653e-03
   3.45261538e+02   3.39698605e-03
   3.45262026e+02   3.62378731e-03
   3.45262515e+02   3.85194831e-03
   3.45263003e+02   2.00512609e-03
   3.45263491e+02  -2.95943930e-04
   3.45263980e+02  -1.04242319e-03
   3.45264468e+02   3.88367553e-05
   3.45264956e+02   2.18617334e-03
   3.45265444e+02   1.60279777e-03
   3.45265933e+02  -1.67317805e-03
   3.45266421e+02  -2.95497966e-03
   3.45266909e+02  -3.24265828e-04
   3.45267398e+02   2.41062930e-03
   3.45267886e+02   3.82878305e-03
   3.45268374e+02   3.41552612e-03
   3.45268863e+02   4.08287422e-04
   3.45269351e+02  -9.17995756e-04
   3.45269839e+02  -3.62606661e-04
   3.45270328e+02  -8.30361096e-04
   3.45270816e+02  -2.03320151e-03
   3.45271304e+02  -1.85873336e-03
   3.45271792e+02  -7.30238215e-04
   3.45272281e+02  -1.66002093e-04
   3.45272769e+02  -3.87810025e-04
   3.45273257e+02  -1.98711734e-03
   3.45273746e+02  -1.43322826e-03
   3.45274234e+02   9.15808079e-04
   3.45274722e+02   4.95941029e-04
   3.45275211e+02  -1.41590217e-03
   3.45275699e+02  -1.60406146e-03
   3.45276187e+02  -6.03671186e-04
   3.45276676e+02   1.36799179e-03
   3.45277164e+02   3.84277035e-03
   3.45277652e+02   2.92063667e-03
   3.45278140e+02   1.01180631e-04
   3.45278629e+02  -1.10288127e-03
   3.45279117e+02  -8.40331311e-04
   3.45279605e+02   6.03940396e-04
   3.45280094e+02   2.27759755e-03
   3.45280582e+02   3.18733649e-03
   3.45281070e+02   2.89611309e-03
   3.45281559e+02   2.59069167e-03
   3.45282047e+02   2.83907214e-03
   3.45282535e+02   1.91630842e-03
   3.45283024e+02  -6.99896598e-04
   3.45283512e+02  -3.70429805e-03
   3.45284000e+02  -5.31142252e-03
   3.45284489e+02  -5.19105047e-03
   3.45284977e+02  -3.69052589e-03
   3.45285465e+02  -5.00039896e-04
   3.45285953e+02   1.71398127e-03
   3.45286442e+02   1.09910550e-04
   3.45286930e+02  -1.68851126e-04
   3.45287418e+02   2.32400210e-03
   3.45287907e+02   2.78541655e-03
   3.45288395e+02   9.20290651e-04
   3.45288883e+02  -1.46832166e-03
   3.45289372e+02  -2.56154174e-03
   3.45289860e+02  -1.73466059e-03
   3.45290348e+02  -3.08835006e-04
   3.45290837e+02  -4.23335936e-04
   3.45291325e+02  -5.79729560e-04
   3.45291813e+02  -8.17439868e-04
   3.45292301e+02  -3.13753588e-03
   3.45292790e+02  -4.23124200e-03
   3.45293278e+02  -3.29259573e-03
   3.45293766e+02  -2.38469942e-03
   3.45294255e+02   4.12937690e-04
   3.45294743e+02   3.40055651e-03
   3.45295231e+02   3.63372802e-03
   3.45295720e+02   3.93157685e-03
   3.45296208e+02   5.11069316e-03
   3.45296696e+02   4.04187152e-03
   3.45297185e+02   2.63015111e-03
   3.45297673e+02   3.14458739e-03
   3.45298161e+02   2.99672899e-03
   3.45298649e+02   3.76974931e-04
   3.45299138e+02  -1.51937304e-03
   3.45299626e+02  -2.97139341e-04
   3.45300114e+02   1.97647419e-03
   3.45300603e+02   2.84792646e-03
   3.45301091e+02   3.52403056e-03
   3.45301579e+02   4.56344709e-03
   3.45302068e+02   2.22352426e-03
   3.45302556e+02  -1.89655542e-03
   3.45303044e+02  -1.56135031e-03
   3.45303533e+02   2.77288724e-04
   3.45304021e+02   1.10194924e-04
   3.45304509e+02   9.79232253e-04
   3.45304997e+02   2.38071498e-03
   3.45305486e+02   2.48418679e-03
   3.45305974e+02   2.52180849e-03
   3.45306462e+02   2.32532271e-03
   3.45306951e+02   1.66531559e-03
   3.45307439e+02   2.17204588e-03
   3.45307927e+02   2.59290170e-03
   3.45308416e+02   1.52303197e-03
   3.45308904e+02   3.15533020e-04
   3.45309392e+02   1.28645450e-03
   3.45309881e+02   1.72600034e-03
   3.45310369e+02  -1.32200960e-03
   3.45310857e+02  -4.01710300e-03
   3.45311345e+02  -1.93324452e-03
   3.45311834e+02   2.12501618e-03
   3.45312322e+02   2.92776409e-03
   3.45312810e+02   1.68915209e-03
   3.45313299e+02  -3.64293955e-04
   3.45313787e+02  -1.36341434e-03
   3.45314275e+02   8.50677025e-04
   3.45314764e+02   2.53623724e-03
   3.45315252e+02   1.65646372e-03
   3.45315740e+02   6.09626644e-04
   3.45316229e+02   1.24163239e-03
   3.45316717e+02   1.73089141e-03
   3.45317205e+02   1.27149012e-03
   3.45317693e+02  -2.91744818e-05
   3.45318182e+02  -3.87597247e-04
   3.45318670e+02   6.07434951e-04
   3.45319158e+02   3.72551673e-04
   3.45319647e+02  -6.57571596e-04
   3.45320135e+02  -3.89233493e-04
   3.45320623e+02   6.22557127e-04
   3.45321112e+02  -9.45519248e-04
   3.45321600e+02  -2.89068860e-03
   3.45322088e+02  -2.33622268e-03
   3.45322577e+02  -6.53182215e-04
   3.45323065e+02   3.40195489e-04
   3.45323553e+02  -6.33771633e-05
   3.45324042e+02  -7.08650477e-05
   3.45324530e+02   2.14786455e-03
   3.45325018e+02   3.58980289e-03
   3.45325506e+02   1.12237560e-03
   3.45325995e+02  -2.57329829e-03
   3.45326483e+02  -1.59230328e-03
   3.45326971e+02   1.36539387e-03
   3.45327460e+02   2.35870969e-03
   3.45327948e+02   2.86477478e-03
   3.45328436e+02   3.30573670e-03
   3.45328925e+02   3.03609436e-03
   3.45329413e+02   8.57648440e-04
   3.45329901e+02  -2.28934526e-03
   3.45330390e+02  -2.67068692e-03
   3.45330878e+02  -1.78987952e-03
   3.45331366e+02  -1.36306731e-03
   3.45331854e+02   1.65440913e-04
   3.45332343e+02   2.18347833e-03
   3.45332831e+02   1.85219327e-03
   3.45333319e+02  -3.80493613e-04
   3.45333808e+02   1.76490328e-04
   3.45334296e+02   7.94265303e-04
   3.45334784e+02  -2.46348791e-03
   3.45335273e+02  -5.47750480e-03
   3.45335761e+02  -4.67444304e-03
   3.45336249e+02  -1.20958581e-03
   3.45336738e+02   1.14338950e-03
   3.45337226e+02   2.35508149e-03
   3.45337714e+02   4.14604694e-03
   3.45338202e+02   5.11134462e-03
   3.45338691e+02   2.74573173e-03
   3.45339179e+02   1.52626878e-03
   3.45339667e+02   1.35667296e-03
   3.45340156e+02  -2.62355927e-04
   3.45340644e+02  -1.07033574e-03
   3.45341132e+02  -2.94815691e-04
   3.45341621e+02   2.19415128e-03
   3.45342109e+02   3.13493260e-03
   3.45342597e+02   2.99495994e-04
   3.45343086e+02  -2.24112999e-03
   3.45343574e+02  -2.37945816e-03
   3.45344062e+02   1.49707121e-04
   3.45344550e+02   2.68027349e-03
   3.45345039e+02   4.79707785e-04
   3.45345527e+02  -3.49921826e-03
   3.45346015e+02  -1.89901050e-03
   3.45346504e+02   2.23757932e-03
   3.45346992e+02   4.70143324e-03
   3.45347480e+02   3.61286406e-03
   3.45347969e+02   2.77566287e-04
   3.45348457e+02   7.20167300e-04
   3.45348945e+02   3.65644391e-03
   3.45349434e+02   3.88777070e-03
   3.45349922e+02   1.92451745e-03
   3.45350410e+02   9.57136159e-04
   3.45350898e+02   1.46219565e-03
   3.45351387e+02   1.15410890e-03
   3.45351875e+02   5.34157734e-04
   3.45352363e+02   7.61460222e-04
   3.45352852e+02  -6.17078680e-04
   3.45353340e+02   6.08356262e-04
   3.45353828e+02   3.68344015e-03
   3.45354317e+02   2.76846462e-03
   3.45354805e+02   1.53244415e-04
   3.45355293e+02   1.18393160e-03
   3.45355782e+02   2.77166301e-03
   3.45356270e+02   1.66925497e-03
   3.45356758e+02   1.74539993e-04
   3.45357246e+02  -4.23452409e-04
   3.45357735e+02  -1.19236158e-03
   3.45358223e+02  -9.05756955e-04
   3.45358711e+02   1.14068144e-03
   3.45359200e+02   2.63726013e-03
   3.45359688e+02   1.90367666e-03
   3.45360176e+02   1.09975936e-03
   3.45360665e+02   5.93096134e-04
   3.45361153e+02  -3.15826561e-04
   3.45361641e+02  -2.02518213e-03
   3.45362130e+02  -1.73387805e-03
   3.45362618e+02   1.27695582e-03
   3.45363106e+02   2.00796477e-03
   3.45363595e+02   4.01167956e-04
   3.45364083e+02  -6.64314779e-04
   3.45364571e+02  -8.50200246e-04
   3.45365059e+02   1.10565910e-04
   3.45365548e+02   2.29085423e-03
   3.45366036e+02   3.11704841e-03
   3.45366524e+02   2.05531227e-03
   3.45367013e+02   2.34081454e-04
   3.45367501e+02  -8.55730963e-04
   3.45367989e+02  -3.78267345e-04
   3.45368478e+02   1.28604181e-04
   3.45368966e+02  -7.14936177e-04
   3.45369454e+02  -3.25954566e-03
   3.45369943e+02  -4.43124538e-03
   3.45370431e+02  -1.32434105e-03
   3.45370919e+02   1.97112895e-04
   3.45371407e+02  -2.16552732e-03
   3.45371896e+02  -1.98562630e-03
   3.45372384e+02  -6.94856062e-05
   3.45372872e+02  -1.03511417e-03
   3.45373361e+02  -1.53937307e-03
   3.45373849e+02  -4.86723497e-04
   3.45374337e+02  -2.38908644e-04
   3.45374826e+02  -1.48933817e-04
   3.45375314e+02   1.31574972e-03
   3.45375802e+02   2.30472372e-03
   3.45376291e+02   1.06779276e-03
   3.45376779e+02  -1.77914117e-04
   3.45377267e+02  -1.35599566e-03
   3.45377755e+02  -1.23820698e-03
   3.45378244e+02   8.78824154e-04
   3.45378732e+02   2.47980095e-03
   3.45379220e+02   2.11775093e-03
   3.45379709e+02   1.18148676e-03
   3.45380197e+02   1.35623058e-03
   3.45380685e+02   1.58408924e-03
   3.45381174e+02   2.42019398e-03
   3.45381662e+02   1.86180987e-03
   3.45382150e+02   3.73337825e-05
   3.45382639e+02  -1.40892470e-03
   3.45383127e+02  -2.11797049e-03
   3.45383615e+02  -1.66442932e-03
   3.45384103e+02  -1.77790574e-03
   3.45384592e+02  -1.72820862e-03
   3.45385080e+02   2.78517546e-04
   3.45385568e+02   2.57357536e-03
   3.45386057e+02   2.11772905e-03
   3.45386545e+02  -8.58087209e-04
   3.45387033e+02  -3.87417851e-03
   3.45387522e+02  -4.62418096e-03
   3.45388010e+02  -2.82373931e-03
   3.45388498e+02   3.84262385e-04
   3.45388987e+02   2.01206445e-03
   3.45389475e+02   2.58001848e-03
   3.45389963e+02   2.70200125e-03
   3.45390451e+02   5.15290652e-04
   3.45390940e+02  -1.23625773e-03
   3.45391428e+02  -1.12456654e-03
   3.45391916e+02  -5.14669460e-04
   3.45392405e+02   1.34593365e-03
   3.45392893e+02   1.76527060e-03
   3.45393381e+02   3.69074201e-04
   3.45393870e+02  -1.17412722e-03
   3.45394358e+02  -2.43957574e-03
   3.45394846e+02  -2.16565398e-03
   3.45395335e+02  -9.87652107e-04
   3.45395823e+02   5.12681545e-05
   3.45396311e+02   2.59576109e-03
   3.45396799e+02   2.71010003e-03
   3.45397288e+02   2.69412808e-03
   3.45397776e+02   4.50667180e-03
   3.45398264e+02   2.02485011e-03
   3.45398753e+02  -1.05715299e-03
   3.45399241e+02  -2.47736974e-03
   3.45399729e+02  -4.01299214e-03
   3.45400218e+02  -3.07027088e-03
   3.45400706e+02  -3.47653811e-04
   3.45401194e+02   1.69079006e-03
   3.45401683e+02   1.88607397e-03
   3.45402171e+02   1.74684532e-03
   3.45402659e+02   5.29926270e-04
   3.45403147e+02  -1.84012984e-03
   3.45403636e+02  -2.44031684e-03
   3.45404124e+02  -1.03914156e-03
   3.45404612e+02  -5.36939828e-04
   3.45405101e+02  -2.77112238e-04
   3.45405589e+02   1.12428144e-03
   3.45406077e+02   1.91771146e-03
   3.45406566e+02   1.99305243e-03
   3.45407054e+02   2.81827728e-04
   3.45407542e+02  -1.66649406e-03
   3.45408031e+02  -1.32021902e-03
   3.45408519e+02  -6.66638371e-04
   3.45409007e+02  -9.05955327e-04
   3.45409496e+02  -6.49961352e-04
   3.45409984e+02  -1.66691456e-03
   3.45410472e+02  -3.29452637e-03
   3.45410960e+02  -1.36444613e-03
   3.45411449e+02  -2.14485684e-04
   3.45411937e+02   6.05063105e-04
   3.45412425e+02   2.91629485e-03
   3.45412914e+02   1.75156654e-03
   3.45413402e+02  -2.95077247e-04
   3.45413890e+02  -7.40570133e-04
   3.45414379e+02   7.98319932e-04
   3.45414867e+02   1.75390067e-03
   3.45415355e+02   3.68780899e-03
   3.45415844e+02   4.77935839e-03
   3.45416332e+02   2.00961460e-03
   3.45416820e+02  -1.40725577e-03
   3.45417308e+02  -2.08086404e-03
   3.45417797e+02   4.02121164e-04
   3.45418285e+02   2.43945411e-04
   3.45418773e+02  -2.65629892e-03
   3.45419262e+02  -9.78402793e-04
   3.45419750e+02   1.32622640e-03
   3.45420238e+02   4.43031196e-04
   3.45420727e+02  -8.75437516e-04
   3.45421215e+02  -3.85636784e-04
   3.45421703e+02   1.37664354e-03
   3.45422192e+02   4.86123638e-04
   3.45422680e+02  -1.31468743e-03
   3.45423168e+02  -2.24810676e-03
   3.45423656e+02  -2.14362401e-03
   3.45424145e+02  -5.39666391e-04
   3.45424633e+02   3.58552003e-04
   3.45425121e+02   2.04866796e-04
   3.45425610e+02   3.37163976e-04
   3.45426098e+02   2.88745941e-04
   3.45426586e+02  -8.14072409e-05
   3.45427075e+02  -1.09067572e-04
   3.45427563e+02   2.67930940e-04
   3.45428051e+02  -3.39832128e-04
   3.45428540e+02  -1.33046752e-03
   3.45429028e+02   6.03510707e-04
   3.45429516e+02   1.64381892e-03
   3.45430004e+02  -3.78568511e-04
   3.45430493e+02  -1.73849193e-03
   3.45430981e+02  -1.71272899e-03
   3.45431469e+02  -5.41840680e-04
   3.45431958e+02   8.40085922e-05
   3.45432446e+02   2.82240100e-04
   3.45432934e+02   8.89908639e-04
   3.45433423e+02   7.86652148e-04
   3.45433911e+02  -7.31747332e-06
   3.45434399e+02  -9.57924000e-04
   3.45434888e+02   1.02576148e-03
   3.45435376e+02   3.11139086e-03
   3.45435864e+02  -1.60413352e-03
   3.45436352e+02  -4.98456927e-03
   3.45436841e+02  -2.67632096e-03
   3.45437329e+02  -1.28104247e-03
   3.45437817e+02  -1.03948917e-03
   3.45438306e+02   2.99836305e-04
   3.45438794e+02   1.60210382e-03
   3.45439282e+02   1.94173539e-03
   3.45439771e+02   1.79120034e-04
   3.45440259e+02  -1.08481559e-03
   3.45440747e+02   1.47939601e-04
   3.45441236e+02   2.21002585e-04
   3.45441724e+02  -5.36381500e-04
   3.45442212e+02  -5.06408978e-04
   3.45442700e+02  -2.32221064e-04
   3.45443189e+02   6.64655410e-04
   3.45443677e+02   4.10014851e-04
   3.45444165e+02  -2.85205827e-03
   3.45444654e+02  -2.02940241e-03
   3.45445142e+02   3.25399800e-03
   3.45445630e+02   5.37037989e-03
   3.45446119e+02   3.63329938e-03
   3.45446607e+02   1.04543928e-03
   3.45447095e+02  -4.53411427e-04
   3.45447584e+02  -1.36763265e-03
   3.45448072e+02  -2.22846284e-03
   3.45448560e+02  -1.14553247e-03
   3.45449049e+02   1.55836542e-03
   3.45449537e+02   2.09253980e-03
   3.45450025e+02   6.81622187e-04
   3.45450513e+02   4.10435110e-04
   3.45451002e+02  -4.11510147e-04
   3.45451490e+02  -1.53196207e-03
   3.45451978e+02  -4.13113768e-04
   3.45452467e+02  -9.20025224e-04
   3.45452955e+02  -2.30860570e-03
   3.45453443e+02  -1.46665191e-03
   3.45453932e+02  -5.77996019e-04
   3.45454420e+02  -5.64505171e-04
   3.45454908e+02   1.23023885e-04
   3.45455397e+02   6.38414815e-04
   3.45455885e+02  -4.71037609e-04
   3.45456373e+02  -1.76064484e-03
   3.45456861e+02  -2.20331270e-03
   3.45457350e+02  -1.98538485e-03
   3.45457838e+02   3.44819768e-04
   3.45458326e+02   1.20535446e-03
   3.45458815e+02  -5.83317364e-04
   3.45459303e+02  -2.23970786e-03
   3.45459791e+02  -3.24313762e-03
   3.45460280e+02  -1.44067209e-03
   3.45460768e+02   9.85427294e-04
   3.45461256e+02   2.23061489e-03
   3.45461745e+02   1.88990089e-03
   3.45462233e+02  -1.09960514e-04
   3.45462721e+02  -1.67909183e-03
   3.45463209e+02  -1.97901088e-03
   3.45463698e+02   3.89715249e-04
   3.45464186e+02   4.48174484e-04
   3.45464674e+02  -2.60618050e-03
   3.45465163e+02  -3.49269155e-03
   3.45465651e+02  -2.29973509e-03
   3.45466139e+02   1.25037716e-03
   3.45466628e+02   4.17809142e-03
   3.45467116e+02   2.85284151e-03
   3.45467604e+02   7.39043695e-04
   3.45468093e+02  -5.10090380e-04
   3.45468581e+02  -1.02470140e-03
   3.45469069e+02  -6.44218700e-04
   3.45469557e+02  -1.33756548e-03
   3.45470046e+02  -2.78203585e-03
   3.45470534e+02  -3.29073612e-03
   3.45471022e+02  -3.14855669e-03
   3.45471511e+02  -2.70144991e-03
   3.45471999e+02  -1.15404930e-03
   3.45472487e+02   2.17617417e-04
   3.45472976e+02  -2.20271456e-03
   3.45473464e+02  -9.58532386e-04
   3.45473952e+02   2.13842955e-03
   3.45474441e+02   1.59880961e-03
   3.45474929e+02   5.02563082e-04
   3.45475417e+02   3.73236107e-04
   3.45475905e+02  -7.63617456e-04
   3.45476394e+02  -2.24776356e-03
   3.45476882e+02  -1.64307526e-03
   3.45477370e+02  -3.60423001e-04
   3.45477859e+02   1.60853029e-03
   3.45478347e+02   3.19064292e-03
   3.45478835e+02   2.37813988e-03
   3.45479324e+02   5.91846590e-04
   3.45479812e+02  -1.51545519e-03
   3.45480300e+02  -6.62222330e-04
   3.45480789e+02   1.83079659e-03
   3.45481277e+02   1.61796459e-04
   3.45481765e+02  -2.04038434e-03
   3.45482253e+02  -8.26386386e-04
   3.45482742e+02   2.32368293e-05
   3.45483230e+02  -2.36414970e-04
   3.45483718e+02   6.37881516e-04
   3.45484207e+02   2.32672971e-03
   3.45484695e+02   1.49898755e-04
   3.45485183e+02  -2.80995411e-03
   3.45485672e+02  -1.87488995e-03
   3.45486160e+02  -1.78779137e-05
   3.45486648e+02  -8.57777603e-04
   3.45487137e+02  -3.96008790e-03
   3.45487625e+02  -4.34084330e-03
   3.45488113e+02  -1.18249492e-03
   3.45488602e+02  -5.82631561e-04
   3.45489090e+02  -2.22463207e-03
   3.45489578e+02  -2.35639000e-03
   3.45490066e+02  -1.09171623e-03
   3.45490555e+02   1.38732768e-03
   3.45491043e+02   3.69431567e-03
   3.45491531e+02   3.24715744e-03
   3.45492020e+02   2.19483720e-03
   3.45492508e+02   1.41408714e-03
   3.45492996e+02   4.00903140e-04
   3.45493485e+02   1.56512216e-03
   3.45493973e+02   1.92746823e-03
   3.45494461e+02  -9.85068502e-04
   3.45494950e+02  -2.74535781e-03
   3.45495438e+02  -8.65988623e-05
   3.45495926e+02   2.97094299e-03
   3.45496414e+02   2.49210908e-03
   3.45496903e+02   3.87632936e-05
   3.45497391e+02  -8.94223747e-04
   3.45497879e+02  -5.20328816e-04
   3.45498368e+02   1.09463763e-04
   3.45498856e+02   1.47327792e-03
   3.45499344e+02   2.47312686e-03
   3.45499833e+02   1.97220710e-03
   3.45500321e+02  -7.43778015e-04
   3.45500809e+02  -1.31265886e-04
   3.45501298e+02   2.37100199e-03
   3.45501786e+02   3.50326253e-03
   3.45502274e+02   3.72078479e-03
   3.45502762e+02   3.91360931e-03
   3.45503251e+02   5.76842157e-03
   3.45503739e+02   8.54562409e-03
   3.45504227e+02   1.18061826e-02
   3.45504716e+02   1.75783131e-02
   3.45505204e+02   2.31204070e-02
   3.45505692e+02   2.87646670e-02
   3.45506181e+02   3.39488499e-02
   3.45506669e+02   3.77777740e-02
   3.45507157e+02   4.28608395e-02
   3.45507646e+02   5.28203659e-02
   3.45508134e+02   6.48904666e-02
   3.45508622e+02   7.63106272e-02
   3.45509110e+02   9.06445608e-02
   3.45509599e+02   1.08275525e-01
   3.45510087e+02   1.31127521e-01
   3.45510575e+02   1.56755611e-01
   3.45511064e+02   1.84722632e-01
   3.45511552e+02   2.19654381e-01
   3.45512040e+02   2.61535019e-01
   3.45512529e+02   3.09279442e-01
   3.45513017e+02   3.61879766e-01
   3.45513505e+02   4.17197883e-01
   3.45513994e+02   4.73165274e-01
   3.45514482e+02   5.29543877e-01
   3.45514970e+02   5.82736611e-01
   3.45515458e+02   6.33817554e-01
   3.45515947e+02   6.83190644e-01
   3.45516435e+02   7.30171382e-01
   3.45516923e+02   7.65090942e-01
   3.45517412e+02   7.76779294e-01
   3.45517900e+02   7.74319589e-01
   3.45518388e+02   7.65744805e-01
   3.45518877e+02   7.57948518e-01
   3.45519365e+02   7.56288111e-01
   3.45519853e+02   7.55795836e-01
   3.45520342e+02   7.52878606e-01
   3.45520830e+02   7.51513958e-01
   3.45521318e+02   7.50714481e-01
   3.45521806e+02   7.45733142e-01
   3.45522295e+02   7.48829663e-01
   3.45522783e+02   7.54694879e-01
   3.45523271e+02   7.53268540e-01
   3.45523760e+02   7.37657726e-01
   3.45524248e+02   7.17527509e-01
   3.45524736e+02   6.87367141e-01
   3.45525225e+02   6.55424058e-01
   3.45525713e+02   6.21912420e-01
   3.45526201e+02   5.80821395e-01
   3.45526690e+02   5.37606537e-01
   3.45527178e+02   4.66622770e-01
   3.45527666e+02   3.62689674e-01
   3.45528155e+02   2.67985851e-01
   3.45528643e+02   2.08041832e-01
   3.45529131e+02   1.73800915e-01
   3.45529619e+02   1.50411591e-01
   3.45530108e+02   1.29894719e-01
   3.45530596e+02   1.12024561e-01
   3.45531084e+02   9.45658833e-02
   3.45531573e+02   8.32709521e-02
   3.45532061e+02   7.06969872e-02
   3.45532549e+02   6.02265336e-02
   3.45533038e+02   5.15085720e-02
   3.45533526e+02   4.63040136e-02
   3.45534014e+02   4.43162508e-02
   3.45534503e+02   4.02039364e-02
   3.45534991e+02   3.35457548e-02
   3.45535479e+02   2.92061754e-02
   3.45535967e+02   2.42383778e-02
   3.45536456e+02   1.77942663e-02
   3.45536944e+02   1.28782941e-02
   3.45537432e+02   8.57097935e-03
   3.45537921e+02   4.26875520e-03
   3.45538409e+02   2.20619305e-03
   3.45538897e+02   1.77451875e-03
   3.45539386e+02   1.50483008e-03
   3.45539874e+02   2.02591578e-03
   3.45540362e+02   1.02045597e-03
   3.45540851e+02  -2.16070948e-05
   3.45541339e+02   8.95502279e-04
   3.45541827e+02   2.44764495e-03
   3.45542315e+02   3.84866353e-03
   3.45542804e+02   2.72441912e-03
   3.45543292e+02  -1.35312657e-04
   3.45543780e+02  -1.26788497e-03
   3.45544269e+02   2.13976717e-04
   3.45544757e+02   2.67910794e-03
   3.45545245e+02   3.77507461e-03
   3.45545734e+02   2.22452800e-03
   3.45546222e+02  -3.05976515e-04
   3.45546710e+02  -2.15166993e-03
   3.45547199e+02  -1.95519137e-03
   3.45547687e+02  -2.41170521e-04
   3.45548175e+02   3.14055542e-05
   3.45548663e+02   1.05863309e-03
   3.45549152e+02   2.68671196e-03
   3.45549640e+02   1.35260157e-03
   3.45550128e+02   7.97831104e-04
   3.45550617e+02   2.43010363e-04
   3.45551105e+02  -1.78333989e-03
   3.45551593e+02  -7.11429981e-04
   3.45552082e+02  -2.33837181e-06
   3.45552570e+02  -1.75135070e-03
   3.45553058e+02  -1.27849740e-03
   3.45553547e+02  -3.42866493e-04
   3.45554035e+02  -1.30698958e-03
   3.45554523e+02  -2.75680725e-03
   3.45555011e+02  -3.13677266e-03
   3.45555500e+02  -1.73143321e-03
   3.45555988e+02  -5.63629419e-06
   3.45556476e+02   1.18394929e-03
   3.45556965e+02   1.55489193e-03
   3.45557453e+02   1.95560255e-03
   3.45557941e+02   1.79371482e-03
   3.45558430e+02   2.24310133e-04
   3.45558918e+02   1.05927011e-03
   3.45559406e+02   2.44565797e-03
   3.45559895e+02   1.43185921e-03
   3.45560383e+02   1.36271259e-03
   3.45560871e+02   1.07324822e-03
   3.45561359e+02   8.32092308e-04
   3.45561848e+02   1.14576891e-03
   3.45562336e+02  -1.00741291e-03
   3.45562824e+02  -3.42549733e-03
   3.45563313e+02  -2.91968277e-03
   3.45563801e+02  -1.27387547e-03
   3.45564289e+02   4.98043140e-04
   3.45564778e+02   2.93766474e-03
   3.45565266e+02   3.82074481e-03
   3.45565754e+02   1.20212010e-03
   3.45566243e+02  -5.43476082e-04
   3.45566731e+02  -1.51901543e-06
   3.45567219e+02  -1.19939948e-04
   3.45567708e+02   1.13471888e-03
   3.45568196e+02   2.96726194e-03
   3.45568684e+02   1.36001722e-03
   3.45569172e+02  -9.40841739e-04
   3.45569661e+02  -8.19804263e-04
   3.45570149e+02  -2.96300394e-03
   3.45570637e+02  -5.23004029e-03
   3.45571126e+02  -4.00535762e-03
   3.45571614e+02  -2.11904687e-03
   3.45572102e+02  -1.17800012e-03
   3.45572591e+02   7.17828225e-04
   3.45573079e+02   1.75299437e-03
   3.45573567e+02  -1.09867810e-03
   3.45574056e+02  -4.64566145e-03
   3.45574544e+02  -4.29678243e-03
   3.45575032e+02  -1.05760538e-03
   3.45575520e+02  -2.39870729e-04
   3.45576009e+02  -3.71711882e-04
   3.45576497e+02   2.10053506e-04
   3.45576985e+02  -1.93343253e-03
   3.45577474e+02  -3.43535910e-03
   3.45577962e+02  -2.79006409e-03
   3.45578450e+02  -2.82411114e-03
   3.45578939e+02  -2.15832540e-03
   3.45579427e+02   2.89223863e-06
   3.45579915e+02   9.88706714e-04
   3.45580404e+02  -5.56772167e-04
   3.45580892e+02  -1.69752934e-03
   3.45581380e+02  -1.18438771e-03
   3.45581868e+02  -3.99999437e-04
   3.45582357e+02   7.31068605e-04
   3.45582845e+02   6.25063665e-04
   3.45583333e+02   1.18662766e-03
   3.45583822e+02   2.79888953e-03
   3.45584310e+02   3.56308417e-04
   3.45584798e+02  -2.50802026e-03
   3.45585287e+02  -1.62973383e-03
   3.45585775e+02  -6.55096432e-04
   3.45586263e+02   6.61567668e-04
   3.45586752e+02   2.04536412e-03
   3.45587240e+02   1.75194000e-03
   3.45587728e+02   1.35656307e-03
   3.45588216e+02   1.84720452e-03
   3.45588705e+02   7.36083952e-04
   3.45589193e+02  -1.63289555e-03
   3.45589681e+02   1.05264864e-03
   3.45590170e+02   2.09823647e-03
   3.45590658e+02   1.23839767e-03
   3.45591146e+02   9.96332616e-04
   3.45591635e+02   7.37332797e-04
   3.45592123e+02  -1.09157956e-03
   3.45592611e+02  -1.05004734e-03
   3.45593100e+02   3.45854255e-06
   3.45593588e+02  -1.55257352e-03
   3.45594076e+02  -2.77741300e-03
   3.45594564e+02  -1.16467488e-03
   3.45595053e+02  -5.47507370e-04
   3.45595541e+02  -1.21820066e-03
   3.45596029e+02   3.14592529e-04
   3.45596518e+02   1.01520622e-04
   3.45597006e+02  -2.51266849e-03
   3.45597494e+02  -2.20720889e-03
   3.45597983e+02  -1.52332545e-03
   3.45598471e+02  -2.19331146e-03
   3.45598959e+02  -2.56003253e-03
   3.45599448e+02  -8.27595999e-04
   3.45599936e+02   1.70625455e-03
   3.45600424e+02   1.20991073e-03
   3.45600912e+02   1.28123665e-03
   3.45601401e+02   3.16544739e-03
   3.45601889e+02   1.30123494e-03
   3.45602377e+02   2.81333469e-05
   3.45602866e+02   3.64563102e-03
   3.45603354e+02   5.50556881e-03
   3.45603842e+02   2.85608997e-03
   3.45604331e+02   2.37486252e-04
   3.45604819e+02  -2.57720851e-04
   3.45605307e+02  -4.05491155e-04
   3.45605796e+02  -4.95726184e-04
   3.45606284e+02   4.84386168e-04
   3.45606772e+02   1.40398159e-03
   3.45607261e+02   2.43715680e-04
   3.45607749e+02  -2.85204314e-03
   3.45608237e+02  -3.94975627e-03
   3.45608725e+02  -2.36066012e-03
   3.45609214e+02  -1.95303059e-03
   3.45609702e+02  -1.19330501e-03
   3.45610190e+02  -9.79681427e-05
   3.45610679e+02  -2.21042568e-03
   3.45611167e+02  -4.33750171e-03
   3.45611655e+02  -2.25225440e-03
   3.45612144e+02  -1.40823878e-03
   3.45612632e+02  -3.32492590e-03
   3.45613120e+02  -3.14121926e-03
   3.45613609e+02  -2.37661717e-03
   3.45614097e+02  -1.79625861e-03
   3.45614585e+02  -9.08335031e-04
   3.45615073e+02  -8.09696619e-04
   3.45615562e+02   7.95077067e-05
   3.45616050e+02   1.05807558e-03
   3.45616538e+02   2.29627430e-03
   3.45617027e+02   3.16596567e-03
   3.45617515e+02   1.44244381e-03
   3.45618003e+02  -7.20141863e-04
   3.45618492e+02  -2.37540412e-03
   3.45618980e+02  -3.12834489e-03
   3.45619468e+02  -2.05402053e-03
   3.45619957e+02   9.96475108e-04
   3.45620445e+02   3.33931088e-03
   3.45620933e+02   1.66304200e-03
   3.45621421e+02   7.57481075e-06
   3.45621910e+02  -2.64202299e-05
   3.45622398e+02  -3.63845786e-04
   3.45622886e+02   1.58910430e-03
   3.45623375e+02   4.23356192e-03
   3.45623863e+02   4.36822651e-03
   3.45624351e+02   3.45293269e-03
   3.45624840e+02   3.14773689e-03
   3.45625328e+02   2.75290105e-03
   3.45625816e+02   2.15944499e-04
   3.45626305e+02  -1.65196275e-03
   3.45626793e+02   1.02216681e-03
   3.45627281e+02   3.67727620e-03
   3.45627769e+02   2.02302984e-03
   3.45628258e+02  -4.53076384e-04
   3.45628746e+02  -1.21478294e-03
   3.45629234e+02  -7.18935276e-04
   3.45629723e+02   3.81595950e-04
   3.45630211e+02  -3.61501370e-05
   3.45630699e+02  -2.78641935e-03
   3.45631188e+02  -2.97916355e-03
   3.45631676e+02  -3.44038708e-04
   3.45632164e+02  -1.65187565e-04
   3.45632653e+02  -1.17673830e-03
   3.45633141e+02  -5.04696567e-04
   3.45633629e+02  -2.48221826e-04
   3.45634117e+02   6.54187519e-04
   3.45634606e+02   2.12491048e-03
   3.45635094e+02   1.94836163e-03
   3.45635582e+02   1.80102521e-04
   3.45636071e+02  -1.80521188e-03
   3.45636559e+02  -5.55642066e-04
   3.45637047e+02   7.69473263e-04
   3.45637536e+02   1.02647906e-03
   3.45638024e+02   1.71186682e-03
   3.45638512e+02   5.55528852e-04
   3.45639001e+02  -2.37220200e-04
   3.45639489e+02   6.29091344e-04
   3.45639977e+02   7.72330095e-04
   3.45640465e+02  -2.50917248e-04
   3.45640954e+02   4.32554545e-04
   3.45641442e+02   1.24456047e-03
   3.45641930e+02   9.20123479e-04
   3.45642419e+02   1.10681274e-03
   3.45642907e+02   6.53924770e-04
   3.45643395e+02  -8.49201868e-04
   3.45643884e+02  -1.65733066e-03
   3.45644372e+02  -2.07354454e-03
   3.45644860e+02  -1.91560213e-03
   3.45645349e+02  -9.44488682e-04
   3.45645837e+02   8.87795250e-05
   3.45646325e+02  -8.29749973e-04
   3.45646814e+02  -2.24945229e-03
   3.45647302e+02  -3.76507487e-05
   3.45647790e+02   1.31008367e-03
   3.45648278e+02   1.56759808e-04
   3.45648767e+02   1.62464590e-03
   3.45649255e+02   3.59383458e-03
   3.45649743e+02   2.88700988e-03
   3.45650232e+02   6.79949415e-04
   3.45650720e+02   2.21523060e-03
   3.45651208e+02   4.04520007e-03
   3.45651697e+02   1.86704181e-03
   3.45652185e+02  -7.64282129e-04
   3.45652673e+02  -2.19392776e-03
   3.45653162e+02  -2.09855125e-03
   3.45653650e+02   2.49201839e-04
   3.45654138e+02   9.08267219e-04
   3.45654626e+02  -1.08248822e-03
   3.45655115e+02  -1.55996135e-03
   3.45655603e+02  -1.59207545e-03
   3.45656091e+02  -7.86647026e-04
   3.45656580e+02   1.90835318e-03
   3.45657068e+02   2.33655376e-03
   3.45657556e+02   5.72549819e-04
   3.45658045e+02  -1.69889175e-03
   3.45658533e+02  -3.10305250e-03
   3.45659021e+02  -1.98974833e-03
   3.45659510e+02  -8.96173879e-04
   3.45659998e+02  -1.90580307e-04
   3.45660486e+02   1.01209560e-03
   3.45660974e+02   7.98711786e-04
   3.45661463e+02   1.14935834e-03
   3.45661951e+02   9.72633250e-04
   3.45662439e+02  -2.30521007e-04
   3.45662928e+02  -2.53643404e-04
   3.45663416e+02  -2.49359710e-03
   3.45663904e+02  -3.01781832e-03
   3.45664393e+02   1.36566942e-03
   3.45664881e+02   3.39318207e-03
   3.45665369e+02   1.77784974e-03
   3.45665858e+02  -6.80332596e-05
   3.45666346e+02  -2.22079907e-04
   3.45666834e+02   8.69211362e-05
   3.45667322e+02   7.75995490e-04
   3.45667811e+02   2.87438161e-03
   3.45668299e+02   3.44451191e-03
   3.45668787e+02   5.24811097e-04
   3.45669276e+02  -2.30249995e-03
   3.45669764e+02  -2.99115432e-03
   3.45670252e+02  -2.55072955e-03
   3.45670741e+02  -1.77012943e-03
   3.45671229e+02  -3.03145940e-03
   3.45671717e+02  -2.68136943e-03
   3.45672206e+02   1.24489365e-03
   3.45672694e+02   3.66349099e-03
   3.45673182e+02   2.48756609e-03
   3.45673670e+02   1.69016421e-03
   3.45674159e+02   2.57500610e-03
   3.45674647e+02   1.61315326e-03
   3.45675135e+02   2.14173531e-04
   3.45675624e+02   2.42730184e-05
   3.45676112e+02  -9.52823320e-04
   3.45676600e+02  -2.02726433e-03
   3.45677089e+02  -1.94236869e-03
   3.45677577e+02  -1.44644070e-03
   3.45678065e+02  -1.36500935e-03
   3.45678554e+02   4.54131310e-04
   3.45679042e+02   1.28615519e-03
   3.45679530e+02  -9.05676046e-04
   3.45680018e+02  -1.21170189e-03
   3.45680507e+02  -4.38085030e-04
   3.45680995e+02  -8.97230813e-04
   3.45681483e+02  -1.39402552e-03
   3.45681972e+02  -1.50712091e-03
   3.45682460e+02  -2.34994804e-03
   3.45682948e+02  -2.83252075e-03
   3.45683437e+02  -9.76537485e-05
   3.45683925e+02   2.62449193e-03
   3.45684413e+02   1.39500399e-03
   3.45684902e+02   6.55844342e-04
   3.45685390e+02   2.43056403e-03
   3.45685878e+02   3.62547208e-03
   3.45686367e+02   3.03742499e-03
   3.45686855e+02   2.77536543e-04
   3.45687343e+02  -1.18346920e-03
   3.45687831e+02   2.20857235e-03
   3.45688320e+02   4.54267859e-03
   3.45688808e+02   3.08209518e-03
   3.45689296e+02   9.39026882e-04
   3.45689785e+02   1.15355139e-03
   3.45690273e+02   2.68138177e-03
   3.45690761e+02   1.54412154e-03
   3.45691250e+02  -1.11129694e-03
   3.45691738e+02   1.18516888e-04
   3.45692226e+02   2.25834805e-03
   3.45692715e+02   1.37703889e-03
   3.45693203e+02  -1.06838602e-03
   3.45693691e+02  -1.91287824e-03
   3.45694179e+02   1.37168652e-04
   3.45694668e+02   2.16370588e-03
   3.45695156e+02   2.11040094e-03
   3.45695644e+02   3.03880370e-04
   3.45696133e+02  -2.10473244e-03
   3.45696621e+02  -3.56216775e-03
   3.45697109e+02  -4.33143135e-03
   3.45697598e+02  -3.28785134e-03
   3.45698086e+02  -1.48031962e-04
   3.45698574e+02   1.45385868e-03
   3.45699063e+02   7.93734507e-04
   3.45699551e+02   4.66560799e-04
   3.45700039e+02   1.37966475e-04
   3.45700527e+02   5.93603530e-04
   3.45701016e+02   1.32397353e-03
   3.45701504e+02   4.33283596e-04
   3.45701992e+02   1.38398597e-03
   3.45702481e+02   2.80299364e-03
   3.45702969e+02   1.61746831e-03
   3.45703457e+02  -6.59854413e-06
   3.45703946e+02  -1.41883513e-03
   3.45704434e+02   1.07000844e-04
   3.45704922e+02   2.56709848e-03
   3.45705411e+02   1.47025369e-03
   3.45705899e+02   5.38106018e-04
   3.45706387e+02   1.64556503e-03
   3.45706875e+02   2.33000191e-03
   3.45707364e+02   3.57465469e-04
   3.45707852e+02  -1.84010470e-03
   3.45708340e+02  -2.48415256e-03
   3.45708829e+02  -4.46763559e-04
   3.45709317e+02   1.46759686e-03
   3.45709805e+02   1.78532396e-03
   3.45710294e+02   2.18221452e-03
   3.45710782e+02   1.03588926e-03
   3.45711270e+02  -2.41385004e-03
   3.45711759e+02  -3.39469151e-03
   3.45712247e+02  -1.97519688e-03
   3.45712735e+02  -1.41023763e-03
   3.45713223e+02  -1.01868680e-03
   3.45713712e+02  -2.94384750e-04
   3.45714200e+02  -9.27061956e-06
   3.45714688e+02   4.88526595e-04
   3.45715177e+02   1.72652001e-03
   3.45715665e+02   4.32134868e-04
   3.45716153e+02  -2.67091719e-03
   3.45716642e+02  -3.63616063e-03
   3.45717130e+02  -3.25779920e-03
   3.45717618e+02  -2.31186347e-03
   3.45718107e+02  -1.43274316e-03
   3.45718595e+02  -3.32076772e-04
   3.45719083e+02   3.25829023e-04
   3.45719571e+02   2.47012591e-04
   3.45720060e+02   7.84307835e-04
   3.45720548e+02   1.13175274e-03
   3.45721036e+02   1.44540274e-03
   3.45721525e+02   3.05872783e-03
   3.45722013e+02   5.04665682e-03
   3.45722501e+02   4.25550900e-03
   3.45722990e+02   2.59189261e-03
   3.45723478e+02   1.12551870e-03
   3.45723966e+02   1.17367005e-03
   3.45724455e+02   2.78763846e-03
   3.45724943e+02   2.05923847e-04
   3.45725431e+02  -2.18339800e-03
   3.45725920e+02  -2.84281414e-05
   3.45726408e+02   1.51824660e-03
   3.45726896e+02   1.68055587e-03
   3.45727384e+02   1.92516088e-03
   3.45727873e+02   1.07148639e-03
   3.45728361e+02  -8.88290233e-04
   3.45728849e+02  -5.22805785e-04
   3.45729338e+02   8.24598072e-04
   3.45729826e+02  -9.20215389e-05
   3.45730314e+02  -5.41282119e-04
   3.45730803e+02  -1.04899786e-03
   3.45731291e+02  -2.06745369e-03
   3.45731779e+02   5.85942937e-04
   3.45732268e+02   2.45184777e-03
   3.45732756e+02   2.72508565e-04
   3.45733244e+02  -1.04074134e-03
   3.45733732e+02   4.02765785e-04
   3.45734221e+02   1.31436961e-03
   3.45734709e+02   1.35172124e-03
   3.45735197e+02   5.38734137e-04
   3.45735686e+02  -2.90272641e-03
   3.45736174e+02  -4.06060321e-03
   3.45736662e+02  -2.60171923e-03
   3.45737151e+02  -1.85174798e-03
   3.45737639e+02  -8.92814540e-04
   3.45738127e+02  -8.50472716e-04
   3.45738616e+02  -2.76024482e-04
   3.45739104e+02   6.60960563e-04
   3.45739592e+02  -1.72822372e-04
   3.45740080e+02  -8.46048584e-04
   3.45740569e+02  -1.40005979e-03
   3.45741057e+02  -1.21929939e-03
   3.45741545e+02   3.66398453e-04
   3.45742034e+02   3.45954468e-04
   3.45742522e+02  -1.60077296e-03
   3.45743010e+02  -6.90264278e-04
   3.45743499e+02   2.11252001e-04
   3.45743987e+02  -1.38683850e-03
   3.45744475e+02  -3.51580721e-03
   3.45744964e+02  -3.05435527e-03
   3.45745452e+02  -2.91632925e-04
   3.45745940e+02   1.10493344e-03
   3.45746428e+02   6.61467609e-04
   3.45746917e+02  -5.71549754e-04
   3.45747405e+02  -6.25634450e-04
   3.45747893e+02   1.70218584e-03
   3.45748382e+02   3.90353426e-03
   3.45748870e+02   2.93285539e-03
   3.45749358e+02   4.73555032e-04
   3.45749847e+02  -1.70252242e-04
   3.45750335e+02  -1.41795608e-04
   3.45750823e+02   1.72125129e-03
   3.45751312e+02   2.78320350e-03
   3.45751800e+02   1.27279013e-03
   3.45752288e+02   2.17055855e-03
   3.45752776e+02   1.81380450e-03
   3.45753265e+02  -7.17345160e-04
   3.45753753e+02  -4.51613538e-04
   3.45754241e+02   1.20060300e-04
   3.45754730e+02  -1.83991552e-03
   3.45755218e+02  -3.85178975e-03
   3.45755706e+02  -3.97173362e-03
   3.45756195e+02  -1.88202318e-03
   3.45756683e+02   4.41183947e-04
   3.45757171e+02  -4.27570572e-04
   3.45757660e+02  -1.99142797e-03
   3.45758148e+02  -2.57600308e-03
   3.45758636e+02  -2.31296825e-03
   3.45759124e+02   4.86731842e-05
   3.45759613e+02   3.11513926e-04
   3.45760101e+02  -1.66159950e-03
   3.45760589e+02  -2.31953381e-04
   3.45761078e+02   2.64447485e-03
   3.45761566e+02   2.59722234e-03
   3.45762054e+02   5.28367877e-04
   3.45762543e+02  -1.15406327e-03
   3.45763031e+02  -3.78166915e-05
   3.45763519e+02   2.51928018e-03
   3.45764008e+02   9.51301598e-04
   3.45764496e+02   9.01749590e-05
   3.45764984e+02   2.62041460e-03
   3.45765473e+02  -1.59683579e-04
   3.45765961e+02  -4.42264648e-03
   3.45766449e+02  -4.58403677e-03
   3.45766937e+02  -2.61971657e-03
   3.45767426e+02  -3.76383052e-03
   3.45767914e+02  -4.00037551e-03
   3.45768402e+02  -1.96338887e-03
   3.45768891e+02  -5.64763614e-04
   3.45769379e+02   1.77962729e-03
   3.45769867e+02   3.87915433e-03
   3.45770356e+02   2.66731903e-03
   3.45770844e+02   1.12490659e-03
   3.45771332e+02  -2.51601246e-04
   3.45771821e+02  -2.57513416e-03
   3.45772309e+02  -1.93630485e-03
   3.45772797e+02   4.35854367e-04
   3.45773285e+02   1.31771679e-03
   3.45773774e+02   2.54579890e-03
   3.45774262e+02   3.54672503e-03
   3.45774750e+02   2.96062767e-03
   3.45775239e+02   2.63697258e-03
   3.45775727e+02   2.72149965e-03
   3.45776215e+02   4.06389451e-03
   3.45776704e+02   4.59611742e-03
   3.45777192e+02   2.46612402e-03
   3.45777680e+02   2.32624519e-03
   3.45778169e+02   3.82407056e-03
   3.45778657e+02   3.36163444e-03
   3.45779145e+02   1.16326648e-03
   3.45779633e+02   8.90199954e-05
   3.45780122e+02  -1.09092951e-04
   3.45780610e+02  -2.65656738e-04
   3.45781098e+02   7.14168942e-04
   3.45781587e+02   1.77358033e-03
   3.45782075e+02   2.62210565e-03
   3.45782563e+02   8.65524518e-04
   3.45783052e+02  -2.70655286e-03
   3.45783540e+02  -1.49853830e-03
   3.45784028e+02   1.52405084e-03
   3.45784517e+02   2.81933858e-03
   3.45785005e+02   3.61128850e-03
   3.45785493e+02   1.63942005e-03
   3.45785981e+02   1.05656065e-04
   3.45786470e+02  -4.68110607e-04
   3.45786958e+02  -1.92227843e-03
   3.45787446e+02  -1.17314514e-03
   3.45787935e+02  -3.54874122e-04
   3.45788423e+02  -1.39225565e-04
   3.45788911e+02   1.28562457e-03
   3.45789400e+02   1.76107758e-04
   3.45789888e+02  -2.11155182e-03
   3.45790376e+02   4.47150000e-04
   3.45790865e+02   2.69784196e-03
   3.45791353e+02   3.45851353e-04
   3.45791841e+02  -1.73684594e-03
   3.45792329e+02   1.32149167e-03
   3.45792818e+02   3.74042033e-03
   3.45793306e+02   1.24246476e-03
   3.45793794e+02  -5.56196574e-05
   3.45794283e+02   6.61500730e-04
   3.45794771e+02  -7.90821738e-04
   3.45795259e+02  -2.21190765e-03
   3.45795748e+02  -9.02169617e-04
   3.45796236e+02  -1.43024401e-04
   3.45796724e+02  -3.00531741e-03
   3.45797213e+02  -3.42990714e-03
   3.45797701e+02   2.05094955e-04
   3.45798189e+02   2.16303975e-03
   3.45798677e+02   1.90256292e-03
   3.45799166e+02   1.79734675e-03
   3.45799654e+02   1.10604963e-03
   3.45800142e+02   6.75431074e-05
   3.45800631e+02  -6.42469036e-04
   3.45801119e+02  -1.12250994e-03
   3.45801607e+02  -1.34518568e-03
   3.45802096e+02  -1.85894815e-03
   3.45802584e+02  -7.51779939e-04
   3.45803072e+02  -4.69673105e-04
   3.45803561e+02  -8.48402211e-04
   3.45804049e+02   7.29021325e-04
   3.45804537e+02   2.28110817e-03
   3.45805026e+02   1.79091364e-03
   3.45805514e+02  -9.30848124e-04
   3.45806002e+02  -2.73968140e-03
   3.45806490e+02  -6.43460196e-04
   3.45806979e+02   1.42620795e-03
   3.45807467e+02   1.62103318e-03
   3.45807955e+02   1.11683481e-03
   3.45808444e+02  -3.94655188e-04
   3.45808932e+02  -1.24894676e-03
   3.45809420e+02  -7.96383363e-04
   3.45809909e+02  -8.92999175e-04
   3.45810397e+02  -4.40100441e-04
   3.45810885e+02   1.36252015e-03
   3.45811374e+02   1.56415954e-05
   3.45811862e+02  -3.22101312e-03
   3.45812350e+02  -5.55607909e-03
   3.45812838e+02  -5.15175099e-03
   3.45813327e+02  -6.23645377e-04
   3.45813815e+02   2.10542534e-03
   3.45814303e+02   1.24365359e-03
   3.45814792e+02   1.09281461e-03
   3.45815280e+02  -7.43757002e-04
   3.45815768e+02  -3.72150308e-03
   3.45816257e+02  -3.91398184e-03
   3.45816745e+02  -2.91999546e-03
   3.45817233e+02  -2.02669576e-03
   3.45817722e+02  -2.17008637e-04
   3.45818210e+02   8.23899172e-04
   3.45818698e+02  -7.69216043e-04
   3.45819186e+02  -1.32125127e-03
   3.45819675e+02  -6.67574714e-05
   3.45820163e+02   2.68107583e-03
   3.45820651e+02   2.45847134e-03
   3.45821140e+02  -7.09475426e-04
   3.45821628e+02  -1.65984954e-03
   3.45822116e+02   1.07108521e-04
   3.45822605e+02   2.04313779e-03
