frequency (GHz), flux (Jy/beam)
   3.44888470e+02   1.19460092e-05
   3.44888959e+02  -1.39455165e-04
   3.44889447e+02  -3.42351501e-04
   3.44889935e+02  -5.36901643e-04
   3.44890423e+02  -3.46922228e-04
   3.44890912e+02   4.19544522e-05
   3.44891400e+02   3.60591221e-05
   3.44891888e+02   1.46141581e-04
   3.44892377e+02   4.18955431e-04
   3.44892865e+02   4.29035514e-04
   3.44893353e+02   3.37055651e-04
   3.44893842e+02   2.88692008e-05
   3.44894330e+02  -3.81404971e-04
   3.44894818e+02  -7.08836655e-04
   3.44895307e+02  -8.78406281e-04
   3.44895795e+02  -4.90280800e-04
   3.44896283e+02  -1.27924577e-04
   3.44896771e+02  -1.31669658e-04
   3.44897260e+02  -8.94449622e-05
   3.44897748e+02   1.90849925e-04
   3.44898236e+02   6.47827983e-04
   3.44898725e+02   6.14676101e-04
   3.44899213e+02   3.21229803e-04
   3.44899701e+02   1.97681686e-04
   3.44900190e+02   1.95821223e-04
   3.44900678e+02   2.48793658e-04
   3.44901166e+02  -1.26586951e-04
   3.44901655e+02  -2.94544647e-04
   3.44902143e+02   1.85800091e-04
   3.44902631e+02   5.05635049e-04
   3.44903119e+02   3.21816158e-04
   3.44903608e+02   8.98738581e-05
   3.44904096e+02  -3.64791049e-05
   3.44904584e+02  -2.16757369e-04
   3.44905073e+02  -5.08452533e-04
   3.44905561e+02  -6.16675010e-04
   3.44906049e+02  -3.73646384e-04
   3.44906538e+02  -7.63210774e-05
   3.44907026e+02  -1.87390742e-05
   3.44907514e+02  -1.88002625e-04
   3.44908003e+02  -7.70989063e-05
   3.44908491e+02  -3.07226510e-05
   3.44908979e+02  -2.62620597e-04
   3.44909467e+02  -2.45496398e-04
   3.44909956e+02  -2.63122027e-04
   3.44910444e+02  -4.01612371e-04
   3.44910932e+02  -2.26275326e-04
   3.44911421e+02  -4.28541207e-05
   3.44911909e+02  -2.47458316e-04
   3.44912397e+02  -1.04712650e-04
   3.44912886e+02   3.08408140e-04
   3.44913374e+02   3.19136656e-04
   3.44913862e+02   2.62278754e-05
   3.44914351e+02  -9.25955246e-05
   3.44914839e+02   2.05243472e-04
   3.44915327e+02   2.63106602e-04
   3.44915815e+02   5.44315735e-05
   3.44916304e+02  -9.89034816e-05
   3.44916792e+02  -2.63929862e-04
   3.44917280e+02  -1.67504390e-04
   3.44917769e+02   1.78200426e-04
   3.44918257e+02   3.85582476e-04
   3.44918745e+02   2.06395038e-04
   3.44919234e+02  -4.23891979e-05
   3.44919722e+02   1.50788954e-04
   3.44920210e+02   3.59606929e-04
   3.44920699e+02   1.46824314e-04
   3.44921187e+02   6.76614800e-05
   3.44921675e+02   5.01111863e-05
   3.44922163e+02  -2.74947524e-04
   3.44922652e+02  -3.82147642e-04
   3.44923140e+02  -2.86030427e-05
   3.44923628e+02   3.80942627e-04
   3.44924117e+02   3.17917555e-04
   3.44924605e+02  -6.67894055e-05
   3.44925093e+02  -3.13549943e-04
   3.44925582e+02  -2.31375889e-04
   3.44926070e+02   3.58663819e-05
   3.44926558e+02   9.70441324e-05
   3.44927047e+02   1.64022440e-05
   3.44927535e+02  -1.12406335e-04
   3.44928023e+02  -1.85083278e-04
   3.44928512e+02   1.63610341e-04
   3.44929000e+02   2.58744432e-04
   3.44929488e+02  -1.27701438e-04
   3.44929976e+02  -9.15629789e-05
   3.44930465e+02   2.21840892e-04
   3.44930953e+02   1.41951547e-04
   3.44931441e+02  -1.25105318e-04
   3.44931930e+02  -4.40025942e-05
   3.44932418e+02   8.54781101e-05
   3.44932906e+02   6.74453668e-06
   3.44933395e+02  -1.42629360e-04
   3.44933883e+02  -1.71806823e-04
   3.44934371e+02  -2.11827867e-07
   3.44934860e+02   1.56725140e-08
   3.44935348e+02  -3.43095569e-04
   3.44935836e+02  -3.43953870e-04
   3.44936324e+02  -5.86984315e-05
   3.44936813e+02   9.13835029e-05
   3.44937301e+02   3.45818000e-04
   3.44937789e+02   6.04358444e-04
   3.44938278e+02   4.59756004e-04
   3.44938766e+02   2.35044005e-04
   3.44939254e+02   2.44428753e-04
   3.44939743e+02   3.65180982e-04
   3.44940231e+02   3.65714863e-04
   3.44940719e+02  -1.64186829e-04
   3.44941208e+02  -6.98249438e-04
   3.44941696e+02  -5.70898876e-04
   3.44942184e+02  -1.25771578e-04
   3.44942672e+02  -1.44139107e-04
   3.44943161e+02  -5.39150147e-04
   3.44943649e+02  -5.38154040e-04
   3.44944137e+02  -5.07307879e-04
   3.44944626e+02  -3.92418180e-04
   3.44945114e+02   3.08024639e-04
   3.44945602e+02   2.23579147e-04
   3.44946091e+02   4.91858336e-05
   3.44946579e+02   1.05401276e-04
   3.44947067e+02   2.75273924e-04
   3.44947556e+02   4.13758506e-04
   3.44948044e+02   5.06586919e-04
   3.44948532e+02   2.72529054e-04
   3.44949020e+02   1.26144820e-04
   3.44949509e+02   1.96832378e-04
   3.44949997e+02   7.24990241e-06
   3.44950485e+02  -2.02784009e-04
   3.44950974e+02  -2.24645511e-04
   3.44951462e+02  -1.67162114e-04
   3.44951950e+02  -1.65751262e-04
   3.44952439e+02  -3.88862245e-05
   3.44952927e+02   2.21933355e-04
   3.44953415e+02   3.34252487e-04
   3.44953904e+02   1.80857605e-04
   3.44954392e+02   9.17913931e-05
   3.44954880e+02   2.98003666e-04
   3.44955368e+02   5.63592010e-04
   3.44955857e+02   6.05224690e-04
   3.44956345e+02   3.14709527e-04
   3.44956833e+02  -9.91473353e-05
   3.44957322e+02  -2.88776610e-05
   3.44957810e+02   3.92777642e-04
   3.44958298e+02   6.87084976e-04
   3.44958787e+02   6.14430697e-04
   3.44959275e+02   2.82776746e-04
   3.44959763e+02  -9.86064260e-05
   3.44960252e+02  -2.63552938e-04
   3.44960740e+02  -7.70411134e-05
   3.44961228e+02   3.61828075e-04
   3.44961716e+02   5.58077532e-04
   3.44962205e+02   3.48912465e-04
   3.44962693e+02   3.15569960e-05
   3.44963181e+02  -7.76557863e-05
   3.44963670e+02   9.27512010e-05
   3.44964158e+02   2.15413704e-04
   3.44964646e+02   1.67908322e-04
   3.44965135e+02  -2.46749369e-05
   3.44965623e+02  -1.48707346e-04
   3.44966111e+02  -2.13204941e-04
   3.44966600e+02  -9.85791121e-05
   3.44967088e+02   8.74118778e-05
   3.44967576e+02   2.54497834e-04
   3.44968065e+02   5.59334876e-04
   3.44968553e+02   4.14216483e-04
   3.44969041e+02  -4.41642624e-05
   3.44969529e+02  -1.62502489e-04
   3.44970018e+02  -7.76650995e-05
   3.44970506e+02   1.08043132e-04
   3.44970994e+02   5.49495708e-05
   3.44971483e+02  -8.69775977e-05
   3.44971971e+02  -1.28573651e-04
   3.44972459e+02  -1.55104441e-04
   3.44972948e+02  -9.84133148e-05
   3.44973436e+02  -1.97781337e-04
   3.44973924e+02  -3.46601795e-04
   3.44974413e+02  -1.71472508e-04
   3.44974901e+02   2.06836834e-04
   3.44975389e+02   1.83250246e-04
   3.44975877e+02  -2.76864357e-05
   3.44976366e+02   2.52554473e-05
   3.44976854e+02   4.78074653e-05
   3.44977342e+02   3.02404787e-05
   3.44977831e+02   9.61830810e-05
   3.44978319e+02   1.06601583e-04
   3.44978807e+02  -3.94087829e-06
   3.44979296e+02   6.06660287e-05
   3.44979784e+02   3.77145698e-05
   3.44980272e+02  -3.77290926e-05
   3.44980761e+02   1.93103435e-04
   3.44981249e+02   4.03891463e-04
   3.44981737e+02   3.07551119e-04
   3.44982225e+02   2.61340610e-04
   3.44982714e+02   2.51139165e-04
   3.44983202e+02   1.71286316e-04
   3.44983690e+02   1.48703955e-04
   3.44984179e+02  -1.21965131e-04
   3.44984667e+02  -4.88966762e-04
   3.44985155e+02  -3.16552294e-04
   3.44985644e+02   2.28755998e-05
   3.44986132e+02  -2.92992663e-05
   3.44986620e+02  -1.35227412e-04
   3.44987109e+02  -2.34992767e-04
   3.44987597e+02  -4.28139087e-04
   3.44988085e+02  -2.19107023e-04
   3.44988573e+02   2.28200501e-04
   3.44989062e+02   3.67173023e-04
   3.44989550e+02   2.91749515e-04
   3.44990038e+02  -9.84329890e-05
   3.44990527e+02  -4.01804282e-04
   3.44991015e+02  -1.30709785e-04
   3.44991503e+02   2.29849407e-04
   3.44991992e+02   6.13274868e-04
   3.44992480e+02   7.53540196e-04
   3.44992968e+02   4.45544574e-04
   3.44993457e+02   1.29316279e-04
   3.44993945e+02  -8.81774613e-05
   3.44994433e+02   3.02464086e-05
   3.44994921e+02   2.00246315e-04
   3.44995410e+02  -1.27456762e-04
   3.44995898e+02  -7.69451799e-05
   3.44996386e+02   2.11228617e-04
   3.44996875e+02   3.23213520e-04
   3.44997363e+02   1.74413421e-04
   3.44997851e+02  -1.07510881e-04
   3.44998340e+02  -4.81744974e-05
   3.44998828e+02  -3.22872293e-05
   3.44999316e+02   1.50201067e-05
   3.44999805e+02   3.12987744e-04
   3.45000293e+02   2.56323401e-04
   3.45000781e+02  -2.23723982e-04
   3.45001269e+02  -5.22624119e-04
   3.45001758e+02  -4.25109261e-04
   3.45002246e+02  -3.89520166e-04
   3.45002734e+02  -4.60904179e-04
   3.45003223e+02  -5.39063767e-04
   3.45003711e+02  -3.24462977e-04
   3.45004199e+02  -1.79118906e-05
   3.45004688e+02  -6.33295031e-06
   3.45005176e+02   1.19103890e-04
   3.45005664e+02   2.80217209e-04
   3.45006153e+02   2.77563377e-04
   3.45006641e+02   9.47956578e-05
   3.45007129e+02  -2.99623352e-04
   3.45007618e+02  -3.94745439e-04
   3.45008106e+02  -1.94204025e-04
   3.45008594e+02  -8.59480351e-05
   3.45009082e+02  -1.93052038e-05
   3.45009571e+02   2.86243630e-05
   3.45010059e+02   4.21963123e-05
   3.45010547e+02   1.44340709e-04
   3.45011036e+02   2.98410130e-04
   3.45011524e+02   1.16625262e-04
   3.45012012e+02  -9.13683252e-05
   3.45012501e+02   1.80023664e-04
   3.45012989e+02   2.08643294e-04
   3.45013477e+02  -7.25213031e-05
   3.45013966e+02   9.05478519e-05
   3.45014454e+02   1.66978280e-04
   3.45014942e+02   1.10692243e-04
   3.45015430e+02   3.53744719e-04
   3.45015919e+02   2.08393481e-04
   3.45016407e+02  -2.44368013e-04
   3.45016895e+02  -2.13183317e-04
   3.45017384e+02  -3.03668858e-05
   3.45017872e+02  -1.88264123e-04
   3.45018360e+02  -2.61486159e-04
   3.45018849e+02  -2.96388782e-04
   3.45019337e+02  -2.24576477e-04
   3.45019825e+02  -4.92617837e-05
   3.45020314e+02  -2.71706871e-04
   3.45020802e+02  -1.87217483e-05
   3.45021290e+02   4.93930420e-04
   3.45021778e+02   3.33385717e-04
   3.45022267e+02   4.12996538e-04
   3.45022755e+02   3.60199687e-04
   3.45023243e+02  -6.63352621e-05
   3.45023732e+02  -1.39197422e-04
   3.45024220e+02  -1.40281190e-04
   3.45024708e+02  -2.04375465e-04
   3.45025197e+02  -1.64443860e-04
   3.45025685e+02   8.47804313e-06
   3.45026173e+02   1.34577655e-04
   3.45026662e+02   2.69830838e-04
   3.45027150e+02   1.21529170e-04
   3.45027638e+02  -9.34529817e-05
   3.45028126e+02   2.09643928e-04
   3.45028615e+02   5.78899286e-04
   3.45029103e+02   5.02197654e-04
   3.45029591e+02   2.06141158e-05
   3.45030080e+02  -3.48517700e-04
   3.45030568e+02  -2.58080399e-04
   3.45031056e+02   2.01965213e-05
   3.45031545e+02   1.18424359e-04
   3.45032033e+02  -9.28539812e-05
   3.45032521e+02  -2.29663216e-04
   3.45033010e+02  -2.15367210e-04
   3.45033498e+02   5.15643587e-05
   3.45033986e+02   9.45525608e-05
   3.45034474e+02  -1.76558984e-04
   3.45034963e+02  -9.82132988e-05
   3.45035451e+02   1.46123290e-04
   3.45035939e+02   1.92249863e-04
   3.45036428e+02  -3.86492538e-05
   3.45036916e+02  -1.65285222e-04
   3.45037404e+02  -5.94144331e-05
   3.45037893e+02  -5.20401336e-05
   3.45038381e+02  -9.08069851e-05
   3.45038869e+02  -5.70146294e-05
   3.45039358e+02  -1.04127437e-04
   3.45039846e+02  -3.64161766e-04
   3.45040334e+02  -5.56994928e-04
   3.45040822e+02  -1.79168739e-04
   3.45041311e+02   1.41419383e-04
   3.45041799e+02  -1.41942612e-04
   3.45042287e+02  -2.74957303e-04
   3.45042776e+02  -3.75125273e-05
   3.45043264e+02   8.78832725e-06
   3.45043752e+02  -2.01720773e-04
   3.45044241e+02  -2.36915977e-04
   3.45044729e+02   1.86167177e-04
   3.45045217e+02   5.04653610e-04
   3.45045706e+02   4.76881076e-04
   3.45046194e+02   2.53682840e-04
   3.45046682e+02  -4.90975581e-05
   3.45047171e+02   1.80495099e-05
   3.45047659e+02   2.82171590e-04
   3.45048147e+02  -7.22469340e-05
   3.45048635e+02  -3.85122199e-04
   3.45049124e+02   1.99669448e-04
   3.45049612e+02   6.71234913e-04
   3.45050100e+02   3.43565800e-04
   3.45050589e+02  -6.74182011e-05
   3.45051077e+02  -1.11308589e-04
   3.45051565e+02  -3.49826769e-05
   3.45052054e+02  -1.42698365e-04
   3.45052542e+02  -2.60927777e-06
   3.45053030e+02   1.93035245e-04
   3.45053519e+02  -3.15632933e-04
   3.45054007e+02  -6.66934589e-04
   3.45054495e+02  -3.67639819e-04
   3.45054983e+02  -2.46758456e-04
   3.45055472e+02  -4.99449961e-04
   3.45055960e+02  -6.10343646e-04
   3.45056448e+02  -4.39638767e-04
   3.45056937e+02  -9.80280602e-05
   3.45057425e+02   5.43042333e-05
   3.45057913e+02  -3.13859928e-05
   3.45058402e+02  -3.31696414e-04
   3.45058890e+02  -2.82051944e-04
   3.45059378e+02  -4.39987780e-05
   3.45059867e+02  -2.18683868e-04
   3.45060355e+02  -3.16085934e-04
   3.45060843e+02   4.64040495e-05
   3.45061331e+02   3.28244292e-04
   3.45061820e+02   4.20962111e-04
   3.45062308e+02   5.38135821e-04
   3.45062796e+02   3.20767984e-04
   3.45063285e+02   1.95008455e-04
   3.45063773e+02   2.08784331e-04
   3.45064261e+02   5.77129322e-05
   3.45064750e+02  -8.57735577e-05
   3.45065238e+02   2.42618684e-04
   3.45065726e+02   4.21331235e-04
   3.45066215e+02   2.52819678e-04
   3.45066703e+02  -3.70862072e-05
   3.45067191e+02  -8.87619899e-05
   3.45067679e+02   2.90123309e-04
   3.45068168e+02   1.72098604e-04
   3.45068656e+02  -1.95781657e-04
   3.45069144e+02   2.84057431e-04
   3.45069633e+02   7.00080884e-04
   3.45070121e+02   2.68863718e-04
   3.45070609e+02  -1.58213865e-04
   3.45071098e+02  -1.85312965e-04
   3.45071586e+02  -1.65465986e-04
   3.45072074e+02  -3.56887933e-04
   3.45072563e+02  -5.02565817e-04
   3.45073051e+02  -2.29629979e-04
   3.45073539e+02   1.98901078e-04
   3.45074027e+02   5.28314209e-04
   3.45074516e+02   5.67265553e-04
   3.45075004e+02   4.34386020e-04
   3.45075492e+02   3.26628797e-04
   3.45075981e+02  -4.58523609e-05
   3.45076469e+02  -3.79978796e-04
   3.45076957e+02  -2.76925741e-04
   3.45077446e+02  -1.70854284e-04
   3.45077934e+02  -5.45887560e-05
   3.45078422e+02   2.94649421e-04
   3.45078911e+02   4.28250380e-04
   3.45079399e+02   2.19165653e-04
   3.45079887e+02  -1.53507484e-04
   3.45080375e+02  -2.00437978e-04
   3.45080864e+02   2.21993614e-05
   3.45081352e+02   7.53671266e-05
   3.45081840e+02  -6.84832703e-05
   3.45082329e+02  -4.70144623e-05
   3.45082817e+02   2.83242698e-04
   3.45083305e+02   3.37618752e-04
   3.45083794e+02   2.59039807e-04
   3.45084282e+02   2.01281611e-04
   3.45084770e+02   2.92456389e-04
   3.45085259e+02   3.16520192e-04
   3.45085747e+02   1.57038492e-04
   3.45086235e+02   1.10556153e-04
   3.45086724e+02  -1.54864247e-05
   3.45087212e+02  -2.00309747e-04
   3.45087700e+02  -2.39766930e-04
   3.45088188e+02   4.75440465e-05
   3.45088677e+02   3.45683307e-04
   3.45089165e+02   1.39372001e-04
   3.45089653e+02  -9.31629256e-05
   3.45090142e+02   4.87221841e-05
   3.45090630e+02   2.29989426e-04
   3.45091118e+02   2.26808770e-04
   3.45091607e+02   8.86244015e-05
   3.45092095e+02   1.03016740e-04
   3.45092583e+02   1.98105263e-04
   3.45093072e+02   2.55977589e-04
   3.45093560e+02   1.84080098e-04
   3.45094048e+02  -1.67172882e-04
   3.45094536e+02  -2.61081295e-04
   3.45095025e+02  -3.52225878e-04
   3.45095513e+02  -4.54722700e-04
   3.45096001e+02  -9.95761525e-07
   3.45096490e+02   3.08077550e-04
   3.45096978e+02   9.85097358e-05
   3.45097466e+02   1.11316140e-05
   3.45097955e+02   4.84752163e-05
   3.45098443e+02  -1.14530492e-04
   3.45098931e+02  -1.70123822e-05
   3.45099420e+02   2.23191601e-04
   3.45099908e+02   1.42073084e-04
   3.45100396e+02  -9.91207799e-06
   3.45100884e+02  -2.05750621e-04
   3.45101373e+02  -2.01331204e-04
   3.45101861e+02   2.01542061e-04
   3.45102349e+02   2.80355976e-04
   3.45102838e+02   2.12068568e-04
   3.45103326e+02   4.02725505e-04
   3.45103814e+02   5.37817134e-04
   3.45104303e+02   4.54744761e-04
   3.45104791e+02   4.36280461e-05
   3.45105279e+02  -5.07720804e-04
   3.45105768e+02  -6.33572170e-04
   3.45106256e+02  -1.99289047e-04
   3.45106744e+02   8.46380208e-05
   3.45107232e+02  -1.58262105e-06
   3.45107721e+02  -1.41791286e-04
   3.45108209e+02  -2.15848719e-04
   3.45108697e+02  -7.71442574e-05
   3.45109186e+02  -5.05059943e-05
   3.45109674e+02  -3.04370566e-04
   3.45110162e+02  -2.79197178e-04
   3.45110651e+02  -5.13494524e-05
   3.45111139e+02  -1.81573487e-04
   3.45111627e+02  -2.48419616e-04
   3.45112116e+02  -8.84747351e-05
   3.45112604e+02  -5.55216611e-05
   3.45113092e+02  -8.90243973e-05
   3.45113580e+02  -1.14675873e-04
   3.45114069e+02   2.38483244e-05
   3.45114557e+02   4.79562354e-04
   3.45115045e+02   5.70105040e-04
   3.45115534e+02   2.15414941e-04
   3.45116022e+02   1.32037152e-04
   3.45116510e+02   6.49835711e-05
   3.45116999e+02  -2.79563217e-04
   3.45117487e+02  -3.44793894e-04
   3.45117975e+02  -7.09089272e-06
   3.45118464e+02   1.39608936e-04
   3.45118952e+02  -2.95340433e-04
   3.45119440e+02  -5.75013051e-04
   3.45119928e+02  -3.74842726e-04
   3.45120417e+02  -2.76920382e-05
   3.45120905e+02   1.64905767e-04
   3.45121393e+02   3.78625962e-04
   3.45121882e+02   6.00626343e-04
   3.45122370e+02   4.15101589e-04
   3.45122858e+02   3.27418500e-04
   3.45123347e+02   2.66269111e-04
   3.45123835e+02  -8.50652032e-06
   3.45124323e+02   3.23666318e-05
   3.45124812e+02   6.83141261e-05
   3.45125300e+02  -1.66281883e-04
   3.45125788e+02  -2.92413548e-04
   3.45126277e+02  -3.91554378e-04
   3.45126765e+02  -4.57455637e-04
   3.45127253e+02  -3.53843119e-04
   3.45127741e+02  -3.55915661e-04
   3.45128230e+02  -3.18740989e-04
   3.45128718e+02  -1.93081942e-04
   3.45129206e+02  -9.81950070e-05
   3.45129695e+02  -2.98321138e-05
   3.45130183e+02  -1.74225221e-04
   3.45130671e+02  -2.82086228e-04
   3.45131160e+02  -4.33025525e-05
   3.45131648e+02  -1.21917925e-04
   3.45132136e+02  -2.02062598e-04
   3.45132625e+02   2.56667554e-04
   3.45133113e+02   1.57396600e-04
   3.45133601e+02  -2.97317543e-04
   3.45134089e+02  -2.45027506e-04
   3.45134578e+02  -4.07608284e-04
   3.45135066e+02  -5.44501876e-04
   3.45135554e+02  -1.62100318e-04
   3.45136043e+02   1.46228937e-04
   3.45136531e+02   2.32132166e-04
   3.45137019e+02   3.00864922e-04
   3.45137508e+02   1.58388197e-04
   3.45137996e+02   8.47316842e-05
   3.45138484e+02   9.60486523e-06
   3.45138973e+02   4.08610431e-05
   3.45139461e+02   4.40240139e-04
   3.45139949e+02   5.36662061e-04
   3.45140437e+02   2.36195017e-04
   3.45140926e+02   8.25032912e-05
   3.45141414e+02  -9.04984319e-08
   3.45141902e+02  -1.24798302e-04
   3.45142391e+02  -3.03671259e-04
   3.45142879e+02  -4.03912447e-04
   3.45143367e+02  -1.61435935e-04
   3.45143856e+02   2.70916607e-05
   3.45144344e+02   9.34384516e-05
   3.45144832e+02   2.03518692e-04
   3.45145321e+02   1.36666858e-04
   3.45145809e+02   3.15238030e-05
   3.45146297e+02  -1.15642979e-04
   3.45146785e+02  -2.17276611e-04
   3.45147274e+02  -8.57182240e-05
   3.45147762e+02  -6.84839279e-07
   3.45148250e+02  -1.88649865e-04
   3.45148739e+02  -1.38174291e-04
   3.45149227e+02   1.88334147e-04
   3.45149715e+02   3.15279583e-04
   3.45150204e+02   3.16017322e-05
   3.45150692e+02  -4.79775365e-04
   3.45151180e+02  -5.91338787e-04
   3.45151669e+02  -2.92291603e-04
   3.45152157e+02  -2.12602856e-04
   3.45152645e+02  -3.10502306e-04
   3.45153133e+02  -1.26955099e-04
   3.45153622e+02   1.46604347e-04
   3.45154110e+02   1.47178274e-04
   3.45154598e+02  -1.64057255e-05
   3.45155087e+02  -1.58206618e-04
   3.45155575e+02   3.94160088e-05
   3.45156063e+02   2.92668527e-04
   3.45156552e+02   1.65802659e-04
   3.45157040e+02   1.13889437e-04
   3.45157528e+02   2.49908131e-04
   3.45158017e+02   2.17948211e-04
   3.45158505e+02   3.92925140e-04
   3.45158993e+02   6.58557459e-04
   3.45159481e+02   5.08054101e-04
   3.45159970e+02   3.02748551e-04
   3.45160458e+02   3.66160879e-04
   3.45160946e+02   4.73652501e-04
   3.45161435e+02   6.78024080e-04
   3.45161923e+02   7.30802945e-04
   3.45162411e+02   1.36265400e-04
   3.45162900e+02  -2.18352012e-04
   3.45163388e+02   1.23390055e-04
   3.45163876e+02   3.66752472e-04
   3.45164365e+02   3.24727036e-04
   3.45164853e+02   2.45994946e-04
   3.45165341e+02  -4.99175221e-05
   3.45165830e+02  -3.31545656e-04
   3.45166318e+02  -1.86350546e-04
   3.45166806e+02  -7.22651966e-05
   3.45167294e+02  -2.62056827e-04
   3.45167783e+02  -3.60082398e-04
   3.45168271e+02  -3.83548293e-04
   3.45168759e+02  -3.49186041e-04
   3.45169248e+02  -6.12963559e-05
   3.45169736e+02  -1.50438544e-04
   3.45170224e+02  -5.62494213e-04
   3.45170713e+02  -4.90718114e-04
   3.45171201e+02  -2.53987440e-04
   3.45171689e+02  -8.05246673e-05
   3.45172178e+02   1.59987336e-04
   3.45172666e+02   4.19533812e-04
   3.45173154e+02   4.81689087e-04
   3.45173642e+02   3.43152875e-04
   3.45174131e+02   1.21822937e-04
   3.45174619e+02  -7.80836399e-06
   3.45175107e+02  -1.27622639e-04
   3.45175596e+02  -3.21099447e-04
   3.45176084e+02  -5.76338643e-05
   3.45176572e+02   4.35490714e-04
   3.45177061e+02   3.86763742e-04
   3.45177549e+02   1.21256016e-04
   3.45178037e+02  -1.10333503e-05
   3.45178526e+02  -2.54094084e-05
   3.45179014e+02   1.53221466e-04
   3.45179502e+02   7.84152689e-06
   3.45179990e+02  -1.26659579e-04
   3.45180479e+02   1.77533642e-04
   3.45180967e+02   3.01183318e-04
   3.45181455e+02   2.78021500e-04
   3.45181944e+02   3.51913943e-04
   3.45182432e+02   2.66196119e-04
   3.45182920e+02   2.84457026e-04
   3.45183409e+02   4.46451042e-04
   3.45183897e+02   3.63023719e-04
   3.45184385e+02   3.35853547e-04
   3.45184874e+02   5.65703260e-04
   3.45185362e+02   3.47005815e-04
   3.45185850e+02  -3.84015366e-05
   3.45186338e+02  -8.00898197e-05
   3.45186827e+02  -2.31915983e-04
   3.45187315e+02  -1.31478198e-04
   3.45187803e+02   2.36195425e-04
   3.45188292e+02   2.43707007e-04
   3.45188780e+02  -1.50528329e-04
   3.45189268e+02  -2.91335629e-04
   3.45189757e+02  -4.00644458e-05
   3.45190245e+02   9.14859265e-05
   3.45190733e+02   9.10564195e-05
   3.45191222e+02   6.65559855e-05
   3.45191710e+02  -1.78170721e-05
   3.45192198e+02  -9.67362139e-05
   3.45192686e+02  -9.00916421e-05
   3.45193175e+02   7.25633363e-05
   3.45193663e+02   2.92502460e-04
   3.45194151e+02   2.68258591e-04
   3.45194640e+02   1.77437032e-04
   3.45195128e+02   1.68892890e-04
   3.45195616e+02   1.57389790e-04
   3.45196105e+02  -9.76097508e-05
   3.45196593e+02  -1.97576039e-04
   3.45197081e+02   1.42787103e-04
   3.45197570e+02   5.04792610e-04
   3.45198058e+02   5.77715633e-04
   3.45198546e+02   3.35890043e-04
   3.45199034e+02  -6.70539739e-05
   3.45199523e+02  -1.38097676e-04
   3.45200011e+02   1.30048313e-04
   3.45200499e+02   2.88210431e-04
   3.45200988e+02   2.42481750e-04
   3.45201476e+02  -9.75031890e-06
   3.45201964e+02   9.82892307e-05
   3.45202453e+02   5.09526872e-04
   3.45202941e+02   3.49007576e-04
   3.45203429e+02  -1.65184261e-04
   3.45203918e+02  -4.35855676e-04
   3.45204406e+02  -4.58840543e-04
   3.45204894e+02  -2.58092594e-04
   3.45205383e+02  -1.65244546e-05
   3.45205871e+02   1.16306743e-04
   3.45206359e+02  -5.31910373e-05
   3.45206847e+02  -2.89645657e-04
   3.45207336e+02  -5.61974011e-04
   3.45207824e+02  -6.55667740e-04
   3.45208312e+02  -4.80300776e-04
   3.45208801e+02  -3.22122534e-04
   3.45209289e+02  -5.08082994e-05
   3.45209777e+02   7.64044016e-05
   3.45210266e+02  -9.80516688e-06
   3.45210754e+02   1.09496672e-04
   3.45211242e+02   4.11211135e-04
   3.45211731e+02   5.19658322e-04
   3.45212219e+02   2.87841889e-04
   3.45212707e+02   9.97573152e-05
   3.45213195e+02   1.85366196e-04
   3.45213684e+02   3.10522184e-04
   3.45214172e+02   1.13157766e-04
   3.45214660e+02  -1.11845460e-04
   3.45215149e+02   1.23614765e-04
   3.45215637e+02   2.33848710e-04
   3.45216125e+02  -2.38162742e-04
   3.45216614e+02  -4.46858554e-04
   3.45217102e+02  -2.26228774e-04
   3.45217590e+02  -2.80780046e-06
   3.45218079e+02   4.21084405e-04
   3.45218567e+02   6.19406055e-04
   3.45219055e+02   3.13275610e-04
   3.45219543e+02   4.23409874e-05
   3.45220032e+02   8.43649250e-05
   3.45220520e+02   1.73200257e-04
   3.45221008e+02   1.47197759e-04
   3.45221497e+02   1.83609460e-04
   3.45221985e+02   1.61701464e-04
   3.45222473e+02  -1.58993807e-05
   3.45222962e+02  -5.18045090e-05
   3.45223450e+02   1.63043587e-04
   3.45223938e+02   3.94799805e-04
   3.45224427e+02   3.56492819e-04
   3.45224915e+02   2.71957455e-04
   3.45225403e+02   1.28738655e-04
   3.45225891e+02   4.05981300e-05
   3.45226380e+02   2.18297209e-04
   3.45226868e+02   2.63382681e-04
   3.45227356e+02   1.52225082e-04
   3.45227845e+02   1.42938501e-04
   3.45228333e+02   1.89836690e-04
   3.45228821e+02   4.81941970e-04
   3.45229310e+02   7.88726611e-04
   3.45229798e+02   5.78314415e-04
   3.45230286e+02   1.24708400e-04
   3.45230775e+02  -8.41539950e-05
   3.45231263e+02  -1.35403665e-04
   3.45231751e+02  -7.49292376e-05
   3.45232239e+02  -6.78452489e-05
   3.45232728e+02  -2.92246143e-04
   3.45233216e+02  -4.62966651e-04
   3.45233704e+02  -4.51288739e-04
   3.45234193e+02  -2.47848890e-04
   3.45234681e+02   1.48772102e-04
   3.45235169e+02   3.97634751e-04
   3.45235658e+02   3.30048817e-04
   3.45236146e+02   3.28075344e-04
   3.45236634e+02   1.25193410e-05
   3.45237123e+02  -2.00023831e-04
   3.45237611e+02   8.43208181e-05
   3.45238099e+02   4.56301845e-04
   3.45238587e+02   3.30000767e-04
   3.45239076e+02   3.00676511e-05
   3.45239564e+02  -2.56130064e-04
   3.45240052e+02  -4.29892913e-04
   3.45240541e+02  -3.44853062e-04
   3.45241029e+02  -2.35818239e-04
   3.45241517e+02  -2.83804198e-04
   3.45242006e+02  -3.64380016e-04
   3.45242494e+02  -4.30056971e-04
   3.45242982e+02  -3.76479147e-04
   3.45243471e+02  -1.82194344e-04
   3.45243959e+02  -2.67118390e-04
   3.45244447e+02  -2.82988010e-04
   3.45244936e+02  -1.09305860e-04
   3.45245424e+02  -2.29989135e-04
   3.45245912e+02  -2.45424249e-04
   3.45246400e+02   3.53746473e-05
   3.45246889e+02   2.81779958e-05
   3.45247377e+02  -6.13685916e-05
   3.45247865e+02  -5.69885851e-05
   3.45248354e+02   6.81656165e-05
   3.45248842e+02   2.44338560e-04
   3.45249330e+02   1.28156578e-04
   3.45249819e+02  -1.44695747e-04
   3.45250307e+02  -2.91175034e-04
   3.45250795e+02  -2.81939778e-04
   3.45251284e+02  -2.25239783e-04
   3.45251772e+02  -1.34111600e-04
   3.45252260e+02  -3.02454896e-06
   3.45252748e+02   2.55329185e-04
   3.45253237e+02   2.53563543e-04
   3.45253725e+02  -7.37056616e-05
   3.45254213e+02  -3.05966591e-04
   3.45254702e+02  -2.28491132e-04
   3.45255190e+02   1.69429797e-04
   3.45255678e+02   1.83180106e-04
   3.45256167e+02  -1.40517470e-04
   3.45256655e+02  -1.33888816e-05
   3.45257143e+02   1.35051188e-04
   3.45257632e+02   1.10263885e-04
   3.45258120e+02   2.30823032e-04
   3.45258608e+02   1.43152400e-04
   3.45259096e+02  -1.33399226e-04
   3.45259585e+02  -3.68573237e-04
   3.45260073e+02  -5.82776440e-04
   3.45260561e+02  -7.40883814e-04
   3.45261050e+02  -4.45719692e-04
   3.45261538e+02  -2.13339838e-04
   3.45262026e+02  -2.21069393e-04
   3.45262515e+02  -1.62909811e-04
   3.45263003e+02  -4.26676212e-04
   3.45263491e+02  -5.01446775e-04
   3.45263980e+02  -1.17954361e-04
   3.45264468e+02  -1.48807623e-04
   3.45264956e+02  -2.34860447e-04
   3.45265444e+02   7.04637569e-05
   3.45265933e+02   3.00878164e-04
   3.45266421e+02   2.93326477e-04
   3.45266909e+02   1.03829894e-04
   3.45267398e+02  -8.63992609e-05
   3.45267886e+02   1.66921600e-05
   3.45268374e+02   2.64662638e-04
   3.45268863e+02   2.24987147e-04
   3.45269351e+02   2.00524912e-04
   3.45269839e+02   2.79903674e-04
   3.45270328e+02   3.10734991e-04
   3.45270816e+02   5.95258607e-04
   3.45271304e+02   7.41846394e-04
   3.45271792e+02   2.95633596e-04
   3.45272281e+02  -2.29946658e-04
   3.45272769e+02  -1.98010501e-04
   3.45273257e+02   2.02533454e-04
   3.45273746e+02   5.85512840e-04
   3.45274234e+02   6.16608653e-04
   3.45274722e+02   2.46481388e-04
   3.45275211e+02  -9.92344940e-05
   3.45275699e+02  -2.02761730e-04
   3.45276187e+02   2.65493964e-05
   3.45276676e+02   2.70985562e-04
   3.45277164e+02   8.16792672e-05
   3.45277652e+02   9.33784468e-05
   3.45278140e+02   4.25050646e-04
   3.45278629e+02   2.18363915e-04
   3.45279117e+02  -1.28310348e-04
   3.45279605e+02   1.61783773e-05
   3.45280094e+02   2.65454437e-04
   3.45280582e+02   5.12965256e-04
   3.45281070e+02   5.61430526e-04
   3.45281559e+02   3.28841474e-04
   3.45282047e+02   2.10365342e-05
   3.45282535e+02  -2.51908146e-04
   3.45283024e+02  -4.40518779e-05
   3.45283512e+02   2.80108390e-04
   3.45284000e+02   8.66931005e-05
   3.45284489e+02  -1.30568282e-04
   3.45284977e+02  -1.37641342e-04
   3.45285465e+02  -1.02170678e-04
   3.45285953e+02  -8.11178470e-05
   3.45286442e+02  -1.07729429e-04
   3.45286930e+02  -1.78950038e-04
   3.45287418e+02  -1.89799088e-04
   3.45287907e+02  -3.26666282e-04
   3.45288395e+02  -4.14333103e-04
   3.45288883e+02  -1.64851052e-04
   3.45289372e+02   2.23416500e-04
   3.45289860e+02   1.32972084e-04
   3.45290348e+02  -3.09327093e-04
   3.45290837e+02  -4.71459061e-04
   3.45291325e+02  -4.69650869e-04
   3.45291813e+02  -5.40548121e-04
   3.45292301e+02  -4.79336188e-04
   3.45292790e+02  -3.78782570e-04
   3.45293278e+02  -3.39002523e-04
   3.45293766e+02  -3.86920350e-04
   3.45294255e+02  -3.67352332e-04
   3.45294743e+02  -3.64535605e-04
   3.45295231e+02  -3.91082751e-04
   3.45295720e+02  -3.29745119e-04
   3.45296208e+02  -8.21331414e-05
   3.45296696e+02   3.47810826e-04
   3.45297185e+02   1.42297358e-04
   3.45297673e+02  -1.42421210e-04
   3.45298161e+02   4.36894952e-05
   3.45298649e+02   4.71324136e-04
   3.45299138e+02   6.77745091e-04
   3.45299626e+02   4.01171594e-04
   3.45300114e+02   8.34390739e-05
   3.45300603e+02  -8.61757690e-06
   3.45301091e+02  -1.47697225e-04
   3.45301579e+02  -2.49609322e-04
   3.45302068e+02   5.69537260e-05
   3.45302556e+02   2.90438242e-04
   3.45303044e+02   2.18480840e-04
   3.45303533e+02   2.58322281e-04
   3.45304021e+02   2.63747264e-04
   3.45304509e+02   5.81399872e-05
   3.45304997e+02  -9.76067604e-05
   3.45305486e+02  -1.63972261e-04
   3.45305974e+02  -9.23582604e-07
   3.45306462e+02  -7.70513507e-05
   3.45306951e+02  -2.55813706e-04
   3.45307439e+02  -1.80665869e-04
   3.45307927e+02  -1.46728096e-04
   3.45308416e+02  -1.34143425e-04
   3.45308904e+02  -4.72467764e-05
   3.45309392e+02  -1.19358183e-05
   3.45309881e+02  -2.00533206e-04
   3.45310369e+02  -4.31516120e-04
   3.45310857e+02  -1.86584075e-04
   3.45311345e+02  -5.55275146e-05
   3.45311834e+02  -2.15235865e-04
   3.45312322e+02  -3.08818329e-04
   3.45312810e+02  -3.68905748e-04
   3.45313299e+02  -3.28423514e-04
   3.45313787e+02  -1.05322280e-04
   3.45314275e+02   2.73619895e-04
   3.45314764e+02   3.57176323e-04
   3.45315252e+02  -8.02185677e-05
   3.45315740e+02  -5.48157783e-04
   3.45316229e+02  -5.79293119e-04
   3.45316717e+02  -2.01974908e-04
   3.45317205e+02  -7.42606280e-05
   3.45317693e+02  -8.63897640e-06
   3.45318182e+02   2.84354144e-04
   3.45318670e+02   4.34236747e-04
   3.45319158e+02   5.87908726e-04
   3.45319647e+02   5.47466218e-04
   3.45320135e+02   8.73595855e-05
   3.45320623e+02  -1.30082815e-04
   3.45321112e+02   1.03281636e-04
   3.45321600e+02   2.84543261e-04
   3.45322088e+02   3.62503692e-04
   3.45322577e+02   1.72830230e-04
   3.45323065e+02  -8.67446142e-05
   3.45323553e+02   4.46375343e-05
   3.45324042e+02   1.37235795e-04
   3.45324530e+02   3.94305971e-05
   3.45325018e+02   2.20568982e-04
   3.45325506e+02   3.96251125e-04
   3.45325995e+02   1.71726439e-04
   3.45326483e+02  -2.54118087e-04
   3.45326971e+02  -4.04230756e-04
   3.45327460e+02  -2.63086316e-04
   3.45327948e+02  -1.37899231e-04
   3.45328436e+02   1.29471257e-04
   3.45328925e+02   3.41531471e-04
   3.45329413e+02   2.91030126e-04
   3.45329901e+02   4.30278364e-04
   3.45330390e+02   4.04782739e-04
   3.45330878e+02   2.81805405e-04
   3.45331366e+02   3.13561381e-04
   3.45331854e+02   3.48337890e-05
   3.45332343e+02  -5.05951059e-04
   3.45332831e+02  -7.00240664e-04
   3.45333319e+02  -5.22930874e-04
   3.45333808e+02  -3.87202454e-04
   3.45334296e+02  -3.24834255e-04
   3.45334784e+02  -1.56156239e-04
   3.45335273e+02   5.01658269e-06
   3.45335761e+02  -1.02479316e-04
   3.45336249e+02  -3.89636029e-04
   3.45336738e+02  -4.65181511e-04
   3.45337226e+02  -1.61730190e-04
   3.45337714e+02   9.28652662e-05
   3.45338202e+02  -8.20345886e-05
   3.45338691e+02  -2.13206236e-04
   3.45339179e+02  -2.98360101e-04
   3.45339667e+02  -3.07337992e-04
   3.45340156e+02  -1.97164991e-04
   3.45340644e+02  -2.86824972e-04
   3.45341132e+02  -1.37028066e-04
   3.45341621e+02   3.09853756e-04
   3.45342109e+02   1.70973464e-04
   3.45342597e+02  -7.97541652e-05
   3.45343086e+02  -6.92631802e-05
   3.45343574e+02  -1.37491719e-04
   3.45344062e+02  -1.10295485e-04
   3.45344550e+02   1.86329198e-04
   3.45345039e+02   3.48018599e-04
   3.45345527e+02   1.05951920e-04
   3.45346015e+02  -7.29435269e-05
   3.45346504e+02   1.44407068e-06
   3.45346992e+02   1.57677045e-04
   3.45347480e+02   1.05103987e-04
   3.45347969e+02   1.73772743e-04
   3.45348457e+02   3.53154377e-04
   3.45348945e+02   8.19285488e-05
   3.45349434e+02  -1.08679051e-04
   3.45349922e+02   8.72664532e-05
   3.45350410e+02   2.73316051e-04
   3.45350898e+02   3.34991200e-04
   3.45351387e+02   6.15506549e-04
   3.45351875e+02   7.47127982e-04
   3.45352363e+02   2.40647511e-04
   3.45352852e+02   4.34171807e-06
   3.45353340e+02   3.56270408e-04
   3.45353828e+02   3.92669521e-04
   3.45354317e+02   7.66361118e-05
   3.45354805e+02  -2.03272702e-05
   3.45355293e+02  -3.36167432e-05
   3.45355782e+02   8.38035048e-05
   3.45356270e+02   3.22976499e-04
   3.45356758e+02   3.49816895e-04
   3.45357246e+02  -7.47903396e-05
   3.45357735e+02  -2.50642479e-04
   3.45358223e+02   7.03094120e-05
   3.45358711e+02   2.03076168e-04
   3.45359200e+02  -1.23944366e-04
   3.45359688e+02  -3.74847325e-04
   3.45360176e+02  -4.50239226e-04
   3.45360665e+02  -4.13840869e-04
   3.45361153e+02  -8.42032896e-05
   3.45361641e+02   9.37366931e-05
   3.45362130e+02  -8.33729428e-05
   3.45362618e+02  -1.53564004e-04
   3.45363106e+02  -7.48714447e-05
   3.45363595e+02  -2.44337949e-04
   3.45364083e+02  -3.27227113e-04
   3.45364571e+02   1.22486279e-04
   3.45365059e+02   3.30154668e-04
   3.45365548e+02  -1.96439345e-04
   3.45366036e+02  -5.75178361e-04
   3.45366524e+02  -3.83610313e-04
   3.45367013e+02  -1.43239195e-05
   3.45367501e+02   2.06380937e-04
   3.45367989e+02  -4.37819945e-05
   3.45368478e+02  -2.66628951e-04
   3.45368966e+02  -1.38430958e-04
   3.45369454e+02  -8.23713126e-05
   3.45369943e+02  -1.54718189e-04
   3.45370431e+02  -7.72247404e-06
   3.45370919e+02   2.72705103e-04
   3.45371407e+02   2.60004483e-04
   3.45371896e+02  -8.69693613e-05
   3.45372384e+02  -3.42982152e-04
   3.45372872e+02   2.01200019e-05
   3.45373361e+02   5.00437804e-04
   3.45373849e+02   3.54624732e-04
   3.45374337e+02  -1.14802395e-04
   3.45374826e+02  -1.20768273e-04
   3.45375314e+02   2.84497539e-04
   3.45375802e+02   3.97020311e-04
   3.45376291e+02   2.27211160e-04
   3.45376779e+02   4.30747132e-05
   3.45377267e+02  -2.03341318e-04
   3.45377755e+02  -2.60776025e-04
   3.45378244e+02  -2.31033162e-04
   3.45378732e+02  -4.73794702e-04
   3.45379220e+02  -3.62380932e-04
   3.45379709e+02   5.52608508e-05
   3.45380197e+02   1.23023041e-04
   3.45380685e+02  -7.67003348e-06
   3.45381174e+02  -8.69299838e-05
   3.45381662e+02   1.65853198e-04
   3.45382150e+02   3.35276243e-04
   3.45382639e+02   2.44713214e-04
   3.45383127e+02   4.99281567e-04
   3.45383615e+02   7.60980183e-04
   3.45384103e+02   6.80898898e-04
   3.45384592e+02   2.75113154e-04
   3.45385080e+02  -2.61377078e-04
   3.45385568e+02  -3.94264498e-04
   3.45386057e+02  -3.41643841e-04
   3.45386545e+02  -3.87196313e-04
   3.45387033e+02  -2.45008472e-04
   3.45387522e+02  -9.69833491e-05
   3.45388010e+02  -1.06201282e-04
   3.45388498e+02  -3.72479044e-05
   3.45388987e+02   6.13743541e-05
   3.45389475e+02   9.41362014e-05
   3.45389963e+02   7.84573276e-05
   3.45390451e+02   1.61737444e-05
   3.45390940e+02  -1.02150771e-04
   3.45391428e+02   1.95740082e-04
   3.45391916e+02   5.32842707e-04
   3.45392405e+02   2.52068654e-04
   3.45392893e+02  -1.21321063e-04
   3.45393381e+02  -2.27669967e-04
   3.45393870e+02  -2.13983862e-04
   3.45394358e+02  -1.64306155e-04
   3.45394846e+02  -1.20455908e-04
   3.45395335e+02  -1.26893356e-04
   3.45395823e+02  -6.29922433e-05
   3.45396311e+02   1.82131946e-04
   3.45396799e+02   4.51549015e-04
   3.45397288e+02   1.94307489e-04
   3.45397776e+02  -1.40803138e-04
   3.45398264e+02  -2.33883940e-04
   3.45398753e+02  -4.21896897e-04
   3.45399241e+02  -6.32512092e-04
   3.45399729e+02  -6.07626280e-04
   3.45400218e+02  -1.98229245e-04
   3.45400706e+02   1.09827452e-04
   3.45401194e+02  -6.51860682e-05
   3.45401683e+02  -1.47932922e-04
   3.45402171e+02   2.54851737e-04
   3.45402659e+02   5.18907269e-04
   3.45403147e+02   2.67890020e-04
   3.45403636e+02  -3.27867485e-04
   3.45404124e+02  -5.95111691e-04
   3.45404612e+02  -1.82373275e-04
   3.45405101e+02   3.75648488e-05
   3.45405589e+02   6.43918829e-05
   3.45406077e+02   2.17847919e-04
   3.45406566e+02   1.74411864e-04
   3.45407054e+02   6.79386358e-05
   3.45407542e+02   6.96761635e-05
   3.45408031e+02   1.24874741e-05
   3.45408519e+02  -2.78505235e-04
   3.45409007e+02  -4.10825742e-04
   3.45409496e+02  -2.45975225e-05
   3.45409984e+02   4.03719343e-04
   3.45410472e+02   4.84348624e-04
   3.45410960e+02   2.08139783e-04
   3.45411449e+02  -9.15273176e-06
   3.45411937e+02   1.04570689e-04
   3.45412425e+02   1.55188100e-04
   3.45412914e+02   1.18549906e-04
   3.45413402e+02   8.53189849e-05
   3.45413890e+02  -2.47725111e-04
   3.45414379e+02  -5.44897863e-04
   3.45414867e+02  -4.32609406e-04
   3.45415355e+02  -1.73652617e-04
   3.45415844e+02   1.59479496e-05
   3.45416332e+02   2.60601810e-04
   3.45416820e+02   2.51138612e-04
   3.45417308e+02   2.12792278e-04
   3.45417797e+02   4.29133273e-04
   3.45418285e+02   3.28975089e-04
   3.45418773e+02  -3.08781528e-05
   3.45419262e+02  -1.25648206e-04
   3.45419750e+02  -1.68557570e-04
   3.45420238e+02  -5.73026009e-05
   3.45420727e+02   1.34616057e-04
   3.45421215e+02   6.56541597e-05
   3.45421703e+02   6.86252970e-05
   3.45422192e+02   5.07655168e-05
   3.45422680e+02  -3.27934067e-05
   3.45423168e+02   5.95763231e-05
   3.45423656e+02   2.04972181e-04
   3.45424145e+02   3.44141154e-04
   3.45424633e+02   3.37295234e-04
   3.45425121e+02  -6.36086261e-05
   3.45425610e+02  -3.83094448e-04
   3.45426098e+02  -3.62326973e-04
   3.45426586e+02  -1.18951859e-04
   3.45427075e+02  -1.35471593e-04
   3.45427563e+02  -2.21625320e-04
   3.45428051e+02  -1.03995162e-05
   3.45428540e+02  -3.21466214e-05
   3.45429028e+02  -1.65711026e-04
   3.45429516e+02   1.12322028e-04
   3.45430004e+02   4.68739629e-04
   3.45430493e+02   2.82205438e-04
   3.45430981e+02  -1.84857956e-04
   3.45431469e+02  -2.88383279e-04
   3.45431958e+02  -5.99241102e-05
   3.45432446e+02  -9.76507363e-05
   3.45432934e+02  -4.73669294e-04
   3.45433423e+02  -6.99850090e-04
   3.45433911e+02  -4.35895898e-04
   3.45434399e+02  -4.38603092e-05
   3.45434888e+02  -1.24459373e-04
   3.45435376e+02  -2.57000647e-04
   3.45435864e+02  -4.56408801e-04
   3.45436352e+02  -6.26779336e-04
   3.45436841e+02  -4.78305825e-04
   3.45437329e+02  -5.01144328e-04
   3.45437817e+02  -7.27075210e-04
   3.45438306e+02  -6.07041235e-04
   3.45438794e+02  -2.99710315e-04
   3.45439282e+02  -1.11555542e-04
   3.45439771e+02   1.37916970e-06
   3.45440259e+02   6.30057475e-05
   3.45440747e+02  -9.17935613e-05
   3.45441236e+02  -3.17807862e-04
   3.45441724e+02  -3.51139286e-04
   3.45442212e+02  -3.08618066e-04
   3.45442700e+02  -4.32963308e-04
   3.45443189e+02  -5.08360274e-04
   3.45443677e+02  -5.96414146e-04
   3.45444165e+02  -4.73934109e-04
   3.45444654e+02  -9.60029429e-05
   3.45445142e+02   2.53739330e-04
   3.45445630e+02   3.83153296e-04
   3.45446119e+02   1.38767937e-04
   3.45446607e+02  -2.00728260e-04
   3.45447095e+02  -2.65284005e-04
   3.45447584e+02  -1.07579050e-04
   3.45448072e+02   5.26434051e-05
   3.45448560e+02   1.83608383e-04
   3.45449049e+02   3.39886785e-04
   3.45449537e+02   2.26322110e-04
   3.45450025e+02   6.75490446e-05
   3.45450513e+02   4.80804119e-05
   3.45451002e+02   8.51030854e-05
   3.45451490e+02   4.22003322e-05
   3.45451978e+02  -2.94012018e-04
   3.45452467e+02  -5.29635057e-04
   3.45452955e+02  -2.54101120e-04
   3.45453443e+02   1.83403288e-04
   3.45453932e+02   2.50244077e-04
   3.45454420e+02   2.33451137e-04
   3.45454908e+02   2.74486054e-04
   3.45455397e+02   1.58317373e-04
   3.45455885e+02   3.86710279e-04
   3.45456373e+02   6.39088394e-04
   3.45456861e+02   3.01043881e-04
   3.45457350e+02  -2.53498496e-04
   3.45457838e+02  -4.54888854e-04
   3.45458326e+02  -2.20387083e-04
   3.45458815e+02   1.48130755e-04
   3.45459303e+02   2.48502154e-04
   3.45459791e+02   5.77955543e-05
   3.45460280e+02  -1.11944799e-04
   3.45460768e+02  -4.23538149e-04
   3.45461256e+02  -7.36924645e-04
   3.45461745e+02  -7.17083109e-04
   3.45462233e+02  -5.86011272e-04
   3.45462721e+02  -5.06171316e-04
   3.45463209e+02  -3.67073895e-04
   3.45463698e+02  -7.19745585e-05
   3.45464186e+02  -8.56219856e-07
   3.45464674e+02   8.00874404e-05
   3.45465163e+02   3.34430952e-04
   3.45465651e+02   2.11948587e-04
   3.45466139e+02  -1.29623531e-05
   3.45466628e+02  -7.28355444e-05
   3.45467116e+02   1.53240486e-04
   3.45467604e+02   5.58639527e-04
   3.45468093e+02   5.86869719e-04
   3.45468581e+02   2.49932666e-04
   3.45469069e+02  -1.11015579e-05
   3.45469557e+02   3.58402576e-05
   3.45470046e+02   3.01549648e-04
   3.45470534e+02   6.45576045e-04
   3.45471022e+02   8.12543207e-04
   3.45471511e+02   6.71539805e-04
   3.45471999e+02   2.66998977e-04
   3.45472487e+02   8.67269409e-05
   3.45472976e+02   1.09549233e-04
   3.45473464e+02   2.59224063e-04
   3.45473952e+02   3.99449142e-04
   3.45474441e+02   3.72010953e-04
   3.45474929e+02   1.93094224e-04
   3.45475417e+02  -1.36348899e-04
   3.45475905e+02  -3.44666798e-04
   3.45476394e+02  -2.78214808e-04
   3.45476882e+02   1.13363290e-04
   3.45477370e+02   4.43666679e-04
   3.45477859e+02   4.37679882e-05
   3.45478347e+02  -3.44762462e-04
   3.45478835e+02  -1.99904200e-04
   3.45479324e+02   6.27891859e-05
   3.45479812e+02   2.39557397e-04
   3.45480300e+02   2.93759367e-04
   3.45480789e+02   4.26691637e-04
   3.45481277e+02   5.58012980e-04
   3.45481765e+02   7.11764267e-04
   3.45482253e+02   5.90057869e-04
   3.45482742e+02   2.85061560e-05
   3.45483230e+02  -1.67062710e-04
   3.45483718e+02  -1.20322191e-04
   3.45484207e+02  -7.11101020e-05
   3.45484695e+02   2.02248157e-05
   3.45485183e+02  -1.15055933e-04
   3.45485672e+02  -2.10858252e-05
   3.45486160e+02   4.77733265e-04
   3.45486648e+02   6.13289129e-04
   3.45487137e+02   8.12885719e-06
   3.45487625e+02  -3.72438692e-04
   3.45488113e+02  -1.88795806e-04
   3.45488602e+02   3.72974864e-05
   3.45489090e+02   1.94758599e-04
   3.45489578e+02   1.94416207e-04
   3.45490066e+02  -3.76305288e-05
   3.45490555e+02  -8.32998121e-05
   3.45491043e+02   4.94949600e-05
   3.45491531e+02   1.55331145e-04
   3.45492020e+02   1.64346144e-04
   3.45492508e+02  -7.35315916e-05
   3.45492996e+02  -3.41983658e-04
   3.45493485e+02  -1.49733620e-04
   3.45493973e+02   1.36363786e-04
   3.45494461e+02   7.41828553e-05
   3.45494950e+02   1.09585184e-04
   3.45495438e+02   2.19015958e-04
   3.45495926e+02   3.68134351e-05
   3.45496414e+02   1.66230995e-04
   3.45496903e+02   4.38613410e-04
   3.45497391e+02   3.36640835e-04
   3.45497879e+02   1.40607124e-04
   3.45498368e+02   1.57866991e-04
   3.45498856e+02   3.26195091e-04
   3.45499344e+02   3.13043420e-04
   3.45499833e+02   1.22565514e-04
   3.45500321e+02   8.56935512e-05
   3.45500809e+02   2.06351018e-04
   3.45501298e+02   4.80943971e-04
   3.45501786e+02   6.60428661e-04
   3.45502274e+02   4.48115752e-04
   3.45502762e+02   3.68109431e-05
   3.45503251e+02  -2.54770075e-05
   3.45503739e+02   3.11584066e-04
   3.45504227e+02   3.76329728e-04
   3.45504716e+02   1.58251118e-04
   3.45505204e+02   3.05645139e-04
   3.45505692e+02   9.06676345e-04
   3.45506181e+02   1.40058703e-03
   3.45506669e+02   1.35602604e-03
   3.45507157e+02   1.07066077e-03
   3.45507646e+02   1.08939561e-03
   3.45508134e+02   1.27450435e-03
   3.45508622e+02   1.12046825e-03
   3.45509110e+02   1.25554902e-03
   3.45509599e+02   1.81448006e-03
   3.45510087e+02   2.49427720e-03
   3.45510575e+02   3.30670271e-03
   3.45511064e+02   4.28431248e-03
   3.45511552e+02   4.74984851e-03
   3.45512040e+02   5.07783564e-03
   3.45512529e+02   4.76587564e-03
   3.45513017e+02   4.26818943e-03
   3.45513505e+02   1.81154860e-03
   3.45513994e+02  -5.66706818e-04
   3.45514482e+02  -4.66205413e-03
   3.45514970e+02  -7.16775469e-03
   3.45515458e+02  -6.64622895e-03
   3.45515947e+02  -1.97809120e-03
   3.45516435e+02   1.12177115e-02
   3.45516923e+02   1.72268543e-02
   3.45517412e+02   3.12468782e-02
   3.45517900e+02   4.03778963e-02
   3.45518388e+02   5.16137071e-02
   3.45518877e+02   7.36751258e-02
   3.45519365e+02   1.04116142e-01
   3.45519853e+02   1.56998873e-01
   3.45520342e+02   2.04126924e-01
   3.45520830e+02   2.08881259e-01
   3.45521318e+02   1.90351233e-01
   3.45521806e+02   1.84902027e-01
   3.45522295e+02   1.98856801e-01
   3.45522783e+02   2.23195761e-01
   3.45523271e+02   2.57543832e-01
   3.45523760e+02   2.71256953e-01
   3.45524248e+02   3.07521880e-01
   3.45524736e+02   3.09394479e-01
   3.45525225e+02   3.05189013e-01
   3.45525713e+02   2.96627015e-01
   3.45526201e+02   2.85147190e-01
   3.45526690e+02   2.67979324e-01
   3.45527178e+02   2.41444573e-01
   3.45527666e+02   2.11661220e-01
   3.45528155e+02   1.71690360e-01
   3.45528643e+02   1.31887376e-01
   3.45529131e+02   9.78144333e-02
   3.45529619e+02   7.21627101e-02
   3.45530108e+02   5.41614816e-02
   3.45530596e+02   4.28817421e-02
   3.45531084e+02   3.18545997e-02
   3.45531573e+02   2.57469807e-02
   3.45532061e+02   2.20718198e-02
   3.45532549e+02   1.95156876e-02
   3.45533038e+02   1.68573707e-02
   3.45533526e+02   1.41698588e-02
   3.45534014e+02   1.18648801e-02
   3.45534503e+02   9.76108015e-03
   3.45534991e+02   8.07335041e-03
   3.45535479e+02   6.69284305e-03
   3.45535967e+02   5.48336655e-03
   3.45536456e+02   4.43476904e-03
   3.45536944e+02   3.35946446e-03
   3.45537432e+02   2.55413819e-03
   3.45537921e+02   2.07159738e-03
   3.45538409e+02   1.67381298e-03
   3.45538897e+02   1.57444715e-03
   3.45539386e+02   1.75499462e-03
   3.45539874e+02   1.39319431e-03
   3.45540362e+02   7.99279893e-04
   3.45540851e+02   6.75572781e-04
   3.45541339e+02   9.20198101e-04
   3.45541827e+02   9.23552376e-04
   3.45542315e+02   6.69102708e-04
   3.45542804e+02   6.74848037e-04
   3.45543292e+02   9.84931597e-04
   3.45543780e+02   1.14281185e-03
   3.45544269e+02   9.33582836e-04
   3.45544757e+02   5.37432788e-04
   3.45545245e+02   5.75912185e-04
   3.45545734e+02   4.67581413e-04
   3.45546222e+02   2.06199562e-04
   3.45546710e+02   1.36449278e-04
   3.45547199e+02   3.58040590e-04
   3.45547687e+02   5.92580007e-04
   3.45548175e+02   3.51591181e-04
   3.45548663e+02  -2.67092895e-04
   3.45549152e+02  -3.91403795e-04
   3.45549640e+02   1.52015607e-04
   3.45550128e+02   4.33126057e-04
   3.45550617e+02   4.62102878e-04
   3.45551105e+02   6.37051533e-04
   3.45551593e+02   7.43918121e-04
   3.45552082e+02   7.04319507e-04
   3.45552570e+02   4.56180831e-04
   3.45553058e+02   7.05809725e-05
   3.45553547e+02   2.02438023e-05
   3.45554035e+02   3.65259359e-04
   3.45554523e+02   5.78800507e-04
   3.45555011e+02   4.77286900e-04
   3.45555500e+02   2.86683469e-04
   3.45555988e+02  -8.02919385e-05
   3.45556476e+02  -2.49848352e-04
   3.45556965e+02  -3.89206543e-05
   3.45557453e+02   2.30641235e-04
   3.45557941e+02   3.10968346e-04
   3.45558430e+02   3.05018417e-04
   3.45558918e+02   3.73647956e-04
   3.45559406e+02   2.07636927e-04
   3.45559895e+02  -7.49450410e-05
   3.45560383e+02  -1.57291986e-04
   3.45560871e+02  -3.21414584e-04
   3.45561359e+02  -3.01215943e-04
   3.45561848e+02  -4.33156092e-05
   3.45562336e+02  -1.77140828e-04
   3.45562824e+02  -2.63272610e-04
   3.45563313e+02  -2.00897208e-04
   3.45563801e+02  -3.78684240e-06
   3.45564289e+02   2.31191589e-04
   3.45564778e+02  -2.26846055e-06
   3.45565266e+02  -1.90320294e-04
   3.45565754e+02  -3.33484146e-04
   3.45566243e+02  -7.07765110e-04
   3.45566731e+02  -5.93696139e-04
   3.45567219e+02   1.96835463e-05
   3.45567708e+02   2.63270427e-04
   3.45568196e+02  -8.39652348e-05
   3.45568684e+02  -3.30225739e-04
   3.45569172e+02  -1.98427442e-04
   3.45569661e+02  -1.61402015e-04
   3.45570149e+02  -3.27524642e-04
   3.45570637e+02  -1.67498787e-04
   3.45571126e+02   4.93016996e-05
   3.45571614e+02  -5.73303660e-05
   3.45572102e+02  -1.19293429e-04
   3.45572591e+02  -4.65118734e-04
   3.45573079e+02  -7.60618132e-04
   3.45573567e+02  -4.06652776e-04
   3.45574056e+02   1.80856965e-04
   3.45574544e+02   5.47521864e-04
   3.45575032e+02   5.12652565e-04
   3.45575520e+02   3.59052443e-04
   3.45576009e+02   3.28608003e-04
   3.45576497e+02   2.36520864e-04
   3.45576985e+02   5.40074579e-05
   3.45577474e+02  -2.74390932e-05
   3.45577962e+02   1.30735261e-05
   3.45578450e+02   6.25279499e-05
   3.45578939e+02   7.15989081e-05
   3.45579427e+02  -1.13823815e-04
   3.45579915e+02  -4.03507089e-04
   3.45580404e+02  -3.23594577e-04
   3.45580892e+02   2.30928308e-05
   3.45581380e+02  -4.17150732e-05
   3.45581868e+02  -1.06426523e-04
   3.45582357e+02   4.53073822e-04
   3.45582845e+02   6.91846246e-04
   3.45583333e+02   2.76402454e-04
   3.45583822e+02  -6.05496825e-05
   3.45584310e+02   1.90751845e-04
   3.45584798e+02   6.10051851e-04
   3.45585287e+02   3.16623424e-04
   3.45585775e+02  -2.34478299e-04
   3.45586263e+02  -2.85906688e-04
   3.45586752e+02  -1.16561670e-04
   3.45587240e+02  -1.25829793e-05
   3.45587728e+02   6.27523041e-05
   3.45588216e+02  -3.22831416e-04
   3.45588705e+02  -6.95244584e-04
   3.45589193e+02  -3.85781284e-04
   3.45589681e+02  -2.18124231e-04
   3.45590170e+02  -1.16043157e-05
   3.45590658e+02   1.83763768e-04
   3.45591146e+02   2.02759329e-04
   3.45591635e+02  -1.21734674e-05
   3.45592123e+02  -1.01167388e-04
   3.45592611e+02   8.24063682e-05
   3.45593100e+02   1.12818510e-04
   3.45593588e+02  -1.20465920e-04
   3.45594076e+02  -2.14411833e-04
   3.45594564e+02   1.95613720e-05
   3.45595053e+02   4.38984389e-05
   3.45595541e+02  -1.67859944e-05
   3.45596029e+02   1.16659678e-04
   3.45596518e+02   3.25529072e-05
   3.45597006e+02  -1.01226564e-04
   3.45597494e+02   5.31891328e-06
   3.45597983e+02  -1.33703856e-04
   3.45598471e+02  -1.30522618e-04
   3.45598959e+02   1.42562058e-04
   3.45599448e+02   1.24682105e-04
   3.45599936e+02   6.04489651e-05
   3.45600424e+02   7.43165219e-05
   3.45600912e+02  -2.73156929e-05
   3.45601401e+02  -2.02292067e-04
   3.45601889e+02  -3.14172852e-04
   3.45602377e+02  -3.10340518e-04
   3.45602866e+02  -5.66176168e-05
   3.45603354e+02   3.74112191e-04
   3.45603842e+02   4.95538756e-04
   3.45604331e+02  -5.85840837e-07
   3.45604819e+02  -2.50431913e-04
   3.45605307e+02   6.84422703e-05
   3.45605796e+02   1.36103365e-04
   3.45606284e+02  -2.18998059e-04
   3.45606772e+02  -4.81775380e-04
   3.45607261e+02  -4.77828871e-04
   3.45607749e+02  -1.72669723e-04
   3.45608237e+02   1.06212356e-04
   3.45608725e+02  -1.52996363e-04
   3.45609214e+02  -4.99220972e-04
   3.45609702e+02  -5.40519017e-04
   3.45610190e+02  -4.97116940e-04
   3.45610679e+02  -3.01196007e-04
   3.45611167e+02  -2.14503219e-04
   3.45611655e+02  -7.75198350e-05
   3.45612144e+02   8.25819880e-05
   3.45612632e+02  -1.80611445e-04
   3.45613120e+02  -3.27563059e-04
   3.45613609e+02  -2.79562926e-04
   3.45614097e+02  -1.78408955e-04
   3.45614585e+02   2.60140921e-04
   3.45615073e+02   5.17205975e-04
   3.45615562e+02   2.01279370e-04
   3.45616050e+02  -1.32304078e-04
   3.45616538e+02  -1.17148586e-04
   3.45617027e+02  -1.86791061e-04
   3.45617515e+02  -5.14923828e-04
   3.45618003e+02  -5.47272735e-04
   3.45618492e+02  -2.56663498e-05
   3.45618980e+02   2.61811714e-04
   3.45619468e+02   1.06959669e-04
   3.45619957e+02   8.89246530e-06
   3.45620445e+02   9.70083638e-05
   3.45620933e+02   1.65236706e-04
   3.45621421e+02   1.20185046e-04
   3.45621910e+02  -8.52995436e-05
   3.45622398e+02  -3.51333438e-04
   3.45622886e+02  -1.48857522e-04
   3.45623375e+02   3.13900178e-04
   3.45623863e+02   2.25704600e-04
   3.45624351e+02  -8.38768538e-05
   3.45624840e+02  -1.56028655e-05
   3.45625328e+02   1.17344513e-04
   3.45625816e+02   7.52574997e-05
   3.45626305e+02   2.49694003e-05
   3.45626793e+02   3.53970790e-05
   3.45627281e+02   2.05597113e-04
   3.45627769e+02   1.96065288e-04
   3.45628258e+02  -4.64996119e-05
   3.45628746e+02  -2.72840640e-04
   3.45629234e+02  -3.60440434e-04
   3.45629723e+02  -7.26497965e-05
   3.45630211e+02   1.26882456e-04
   3.45630699e+02   4.61482414e-05
   3.45631188e+02  -4.95407494e-06
   3.45631676e+02  -2.37489832e-04
   3.45632164e+02  -4.66222293e-04
   3.45632653e+02  -1.64923622e-04
   3.45633141e+02   2.62733141e-04
   3.45633629e+02   2.86649010e-04
   3.45634117e+02   1.10762798e-04
   3.45634606e+02   2.85838487e-05
   3.45635094e+02   6.40343496e-05
   3.45635582e+02   1.11334171e-04
   3.45636071e+02   1.39224358e-04
   3.45636559e+02   2.94797763e-04
   3.45637047e+02   4.12194349e-04
   3.45637536e+02   3.24663299e-04
   3.45638024e+02   1.62427794e-04
   3.45638512e+02   6.40989674e-05
   3.45639001e+02   2.69067503e-04
   3.45639489e+02   3.42288637e-04
   3.45639977e+02   6.20421561e-05
   3.45640465e+02  -3.69908725e-04
   3.45640954e+02  -3.76529992e-04
   3.45641442e+02   1.32611356e-04
   3.45641930e+02   1.47373285e-04
   3.45642419e+02  -1.65972029e-04
   3.45642907e+02   2.27986638e-05
   3.45643395e+02   3.28210444e-04
   3.45643884e+02   2.13436171e-04
   3.45644372e+02  -1.87662605e-04
   3.45644860e+02  -2.95255071e-04
   3.45645349e+02  -1.44633508e-04
   3.45645837e+02  -4.37783456e-04
   3.45646325e+02  -4.13869449e-04
   3.45646814e+02   1.13423892e-04
   3.45647302e+02   1.65266058e-04
   3.45647790e+02  -5.66959898e-05
   3.45648278e+02  -4.78729344e-04
   3.45648767e+02  -5.58069500e-04
   3.45649255e+02  -2.51205143e-04
   3.45649743e+02  -1.24965991e-05
   3.45650232e+02   4.99689531e-06
   3.45650720e+02  -1.70342217e-04
   3.45651208e+02  -1.53325876e-04
   3.45651697e+02   7.36631555e-05
   3.45652185e+02   9.30506358e-05
   3.45652673e+02   9.41474136e-05
   3.45653162e+02   2.61670823e-04
   3.45653650e+02   2.98646599e-04
   3.45654138e+02   1.30327433e-04
   3.45654626e+02   6.48695786e-05
   3.45655115e+02   5.06181459e-05
   3.45655603e+02  -7.27691004e-05
   3.45656091e+02  -8.09065095e-05
   3.45656580e+02  -1.73785647e-05
   3.45657068e+02  -3.18930302e-06
   3.45657556e+02  -1.42000397e-04
   3.45658045e+02  -1.51365559e-04
   3.45658533e+02   2.77170220e-05
   3.45659021e+02   1.29873908e-04
   3.45659510e+02   2.44439172e-04
   3.45659998e+02   3.88343906e-04
   3.45660486e+02   3.79903970e-04
   3.45660974e+02   1.52099834e-04
   3.45661463e+02   2.16893313e-04
   3.45661951e+02   3.90894449e-04
   3.45662439e+02  -1.86029301e-05
   3.45662928e+02  -5.32988808e-04
   3.45663416e+02  -6.70213660e-04
   3.45663904e+02  -4.30168409e-04
   3.45664393e+02  -1.01809943e-04
   3.45664881e+02   1.21276746e-04
   3.45665369e+02   1.34106085e-04
   3.45665858e+02   1.06886488e-04
   3.45666346e+02   2.38039924e-04
   3.45666834e+02   2.70360499e-04
   3.45667322e+02   8.16632964e-05
   3.45667811e+02  -2.56980216e-04
   3.45668299e+02  -4.70686442e-04
   3.45668787e+02  -3.00966261e-04
   3.45669276e+02  -7.58021706e-05
   3.45669764e+02   1.06531632e-04
   3.45670252e+02  -1.77432375e-05
   3.45670741e+02  -3.40675935e-04
   3.45671229e+02  -2.89746735e-04
   3.45671717e+02   1.10533649e-04
   3.45672206e+02   2.95329228e-04
   3.45672694e+02   2.44206021e-04
   3.45673182e+02   4.87031735e-04
   3.45673670e+02   4.21123696e-04
   3.45674159e+02  -4.37718518e-05
   3.45674647e+02  -1.80814648e-04
   3.45675135e+02  -4.48207546e-04
   3.45675624e+02  -5.08592115e-04
   3.45676112e+02  -1.73240871e-04
   3.45676600e+02  -2.23092371e-04
   3.45677089e+02  -3.27998569e-04
   3.45677577e+02  -8.52090670e-05
   3.45678065e+02   5.21380171e-05
   3.45678554e+02  -1.37498137e-04
   3.45679042e+02  -1.48747145e-04
   3.45679530e+02  -9.79013930e-05
   3.45680018e+02  -1.61714910e-04
   3.45680507e+02  -1.11443129e-04
   3.45680995e+02  -9.61082114e-05
   3.45681483e+02   1.20391051e-04
   3.45681972e+02   5.40326640e-04
   3.45682460e+02   6.49657799e-04
   3.45682948e+02   4.42516612e-04
   3.45683437e+02   1.45337181e-04
   3.45683925e+02  -1.16288953e-04
   3.45684413e+02  -2.61706184e-04
   3.45684902e+02  -9.75644580e-05
   3.45685390e+02  -9.24653577e-05
   3.45685878e+02  -3.20420688e-04
   3.45686367e+02  -1.57787203e-04
   3.45686855e+02   1.82744061e-05
   3.45687343e+02   3.98902048e-05
   3.45687831e+02   4.27005907e-05
   3.45688320e+02   9.07299982e-05
   3.45688808e+02   2.08712678e-04
   3.45689296e+02   1.08019703e-04
   3.45689785e+02   5.59559521e-05
   3.45690273e+02   4.59944495e-05
   3.45690761e+02  -4.44102079e-05
   3.45691250e+02  -1.58050854e-04
   3.45691738e+02  -2.32042541e-04
   3.45692226e+02  -1.84804783e-04
   3.45692715e+02   1.03009785e-04
   3.45693203e+02   4.53470071e-04
   3.45693691e+02   3.30850860e-04
   3.45694179e+02   1.83991360e-04
   3.45694668e+02   3.04443267e-04
   3.45695156e+02   2.71650642e-04
   3.45695644e+02   5.88097719e-05
   3.45696133e+02  -1.28645959e-04
   3.45696621e+02  -8.66100454e-05
   3.45697109e+02   3.38431892e-05
   3.45697598e+02   7.30797328e-05
   3.45698086e+02  -1.52187577e-05
   3.45698574e+02  -2.54829560e-04
   3.45699063e+02  -3.62183928e-04
   3.45699551e+02  -3.93672148e-04
   3.45700039e+02  -5.43662347e-04
   3.45700527e+02  -5.70126460e-04
   3.45701016e+02  -2.15015316e-04
   3.45701504e+02   8.94517871e-06
   3.45701992e+02   1.86349080e-05
   3.45702481e+02   8.60095170e-05
   3.45702969e+02   7.77544919e-05
   3.45703457e+02   8.28484335e-05
   3.45703946e+02   3.54331685e-04
   3.45704434e+02   4.07195708e-04
   3.45704922e+02   7.06158025e-05
   3.45705411e+02  -9.71988557e-05
   3.45705899e+02  -4.89196391e-05
   3.45706387e+02  -2.78635911e-04
   3.45706875e+02  -4.78632428e-05
   3.45707364e+02  -8.42298141e-06
   3.45707852e+02  -2.81019486e-04
   3.45708340e+02  -3.90517554e-04
   3.45708829e+02  -3.63192987e-04
   3.45709317e+02  -2.72783596e-04
   3.45709805e+02  -5.19718778e-05
   3.45710294e+02   2.67627707e-04
   3.45710782e+02   4.79664246e-04
   3.45711270e+02   2.99911422e-04
   3.45711759e+02   2.45866046e-04
   3.45712247e+02   3.61667044e-04
   3.45712735e+02   2.72391946e-04
   3.45713223e+02   1.30898683e-04
   3.45713712e+02   1.28952561e-05
   3.45714200e+02  -6.74852417e-05
   3.45714688e+02  -1.36077550e-04
   3.45715177e+02  -1.12422582e-04
   3.45715665e+02  -2.73536698e-05
   3.45716153e+02   6.58260687e-05
   3.45716642e+02   2.06083001e-04
   3.45717130e+02  -1.35667124e-05
   3.45717618e+02  -5.79914078e-04
   3.45718107e+02  -6.34132593e-04
   3.45718595e+02  -3.82393773e-04
   3.45719083e+02  -3.95710114e-04
   3.45719571e+02  -3.64545442e-04
   3.45720060e+02  -9.77968593e-05
   3.45720548e+02   2.08573765e-04
   3.45721036e+02   7.35639405e-05
   3.45721525e+02  -2.85251910e-04
   3.45722013e+02  -1.96666544e-04
   3.45722501e+02   1.08597524e-04
   3.45722990e+02   2.09637990e-04
   3.45723478e+02   1.32418616e-04
   3.45723966e+02  -4.20459910e-05
   3.45724455e+02  -1.55937640e-04
   3.45724943e+02   9.27151850e-05
   3.45725431e+02   3.18320032e-04
   3.45725920e+02   3.20822910e-05
   3.45726408e+02   3.47077839e-05
   3.45726896e+02   3.44714848e-04
   3.45727384e+02   2.29174184e-04
   3.45727873e+02  -1.40391194e-05
   3.45728361e+02  -1.47620580e-04
   3.45728849e+02  -2.49467033e-04
   3.45729338e+02  -1.38842748e-04
   3.45729826e+02  -1.79881710e-04
   3.45730314e+02  -3.48526344e-04
   3.45730803e+02  -1.84693927e-04
   3.45731291e+02   6.03429689e-05
   3.45731779e+02   1.18373036e-05
   3.45732268e+02  -1.17362943e-04
   3.45732756e+02   1.65964884e-05
   3.45733244e+02   1.91074447e-04
   3.45733732e+02   2.40271867e-04
   3.45734221e+02   1.90126710e-04
   3.45734709e+02  -3.89040870e-05
   3.45735197e+02  -2.10872866e-04
   3.45735686e+02  -1.26101368e-04
   3.45736174e+02  -1.78208982e-04
   3.45736662e+02  -3.30815994e-04
   3.45737151e+02  -1.33269656e-04
   3.45737639e+02   8.61138396e-05
   3.45738127e+02   4.82041542e-05
   3.45738616e+02   2.19390655e-04
   3.45739104e+02   2.47910386e-04
   3.45739592e+02   9.52071641e-05
   3.45740080e+02   1.62057506e-04
   3.45740569e+02   2.09243750e-04
   3.45741057e+02   6.32758965e-05
   3.45741545e+02  -1.65472564e-04
   3.45742034e+02  -1.61797027e-04
   3.45742522e+02   4.54322617e-05
   3.45743010e+02   1.11714166e-04
   3.45743499e+02  -7.84816875e-05
   3.45743987e+02  -2.34525112e-04
   3.45744475e+02  -1.71336913e-04
   3.45744964e+02  -5.03250158e-05
   3.45745452e+02   2.88828363e-04
   3.45745940e+02   4.39033640e-04
   3.45746428e+02   1.83964425e-04
   3.45746917e+02   7.97011817e-05
   3.45747405e+02   2.10614686e-04
   3.45747893e+02   2.95951584e-04
   3.45748382e+02   4.34384652e-04
   3.45748870e+02   3.39516730e-04
   3.45749358e+02   1.56591545e-04
   3.45749847e+02   1.76339483e-04
   3.45750335e+02   2.93484536e-05
   3.45750823e+02  -2.27665310e-04
   3.45751312e+02  -1.51676126e-04
   3.45751800e+02   7.85750890e-05
   3.45752288e+02   1.57652757e-04
   3.45752776e+02   4.93875414e-05
   3.45753265e+02  -8.51660734e-05
   3.45753753e+02  -2.03273245e-04
   3.45754241e+02  -4.12696478e-04
   3.45754730e+02  -6.38091878e-04
   3.45755218e+02  -3.45911307e-04
   3.45755706e+02   2.86483846e-04
   3.45756195e+02   2.52555619e-04
   3.45756683e+02  -7.69151666e-05
   3.45757171e+02   3.26265217e-05
   3.45757660e+02   5.31003752e-04
   3.45758148e+02   5.10254235e-04
   3.45758636e+02  -3.15405516e-04
   3.45759124e+02  -7.76752888e-04
   3.45759613e+02  -7.21081975e-04
   3.45760101e+02  -5.24365809e-04
   3.45760589e+02   7.81667695e-05
   3.45761078e+02   3.25126137e-04
   3.45761566e+02   1.69289513e-06
   3.45762054e+02  -9.60898760e-05
   3.45762543e+02   2.94465553e-06
   3.45763031e+02  -3.57492463e-05
   3.45763519e+02  -4.75676534e-05
   3.45764008e+02   6.73515678e-05
   3.45764496e+02   2.77287123e-04
   3.45764984e+02   3.43706517e-04
   3.45765473e+02  -3.05043563e-04
   3.45765961e+02  -4.22936602e-04
   3.45766449e+02  -1.92521562e-04
   3.45766937e+02   2.20123420e-05
   3.45767426e+02   7.98680230e-06
   3.45767914e+02   6.90277957e-05
   3.45768402e+02   1.78863775e-04
   3.45768891e+02   2.20098809e-04
   3.45769379e+02   4.09979024e-04
   3.45769867e+02   4.62420576e-04
   3.45770356e+02   3.35168239e-04
   3.45770844e+02   5.27325727e-04
   3.45771332e+02   6.92027388e-04
   3.45771821e+02   5.00423368e-04
   3.45772309e+02   3.72974086e-04
   3.45772797e+02   1.94979963e-04
   3.45773285e+02  -2.11466569e-04
   3.45773774e+02  -2.63082940e-04
   3.45774262e+02  -4.70030063e-05
   3.45774750e+02  -1.53724701e-04
   3.45775239e+02  -3.62231105e-04
   3.45775727e+02  -1.98495720e-04
   3.45776215e+02   8.36868276e-05
   3.45776704e+02   2.96711369e-04
   3.45777192e+02   3.47433874e-04
   3.45777680e+02   2.40098248e-04
   3.45778169e+02   3.10781325e-04
   3.45778657e+02   3.98211443e-04
   3.45779145e+02   4.07499087e-04
   3.45779633e+02   5.82386914e-04
   3.45780122e+02   5.07691992e-04
   3.45780610e+02  -4.37266408e-07
   3.45781098e+02  -1.64131328e-04
   3.45781587e+02  -4.32942106e-05
   3.45782075e+02   1.20947981e-04
   3.45782563e+02   1.94761044e-04
   3.45783052e+02   7.40401447e-05
   3.45783540e+02   1.87454280e-05
   3.45784028e+02  -4.53526372e-05
   3.45784517e+02  -3.39176186e-05
   3.45785005e+02  -2.37257176e-04
   3.45785493e+02  -4.01366473e-04
   3.45785981e+02  -2.82221212e-04
   3.45786470e+02  -3.67470580e-04
   3.45786958e+02  -4.81375348e-04
   3.45787446e+02  -7.08529144e-04
   3.45787935e+02  -6.56442135e-04
   3.45788423e+02  -3.06593167e-04
   3.45788911e+02  -3.23948130e-04
   3.45789400e+02  -2.82966066e-04
   3.45789888e+02   7.54161665e-05
   3.45790376e+02   2.04891679e-04
   3.45790865e+02   2.30844496e-04
   3.45791353e+02   2.85698654e-04
   3.45791841e+02   1.45516533e-04
   3.45792329e+02  -7.02551115e-05
   3.45792818e+02  -1.49641186e-04
   3.45793306e+02  -1.75600537e-04
   3.45793794e+02  -1.11348148e-04
   3.45794283e+02  -6.67906934e-05
   3.45794771e+02  -6.20953215e-05
   3.45795259e+02   9.06688438e-05
   3.45795748e+02   4.76485729e-05
   3.45796236e+02  -2.63409514e-04
   3.45796724e+02  -5.54790779e-04
   3.45797213e+02  -4.26006882e-04
   3.45797701e+02   1.68747109e-04
   3.45798189e+02   4.60507203e-04
   3.45798677e+02   2.74897611e-04
   3.45799166e+02  -4.62446988e-05
   3.45799654e+02  -3.47698864e-04
   3.45800142e+02  -2.39433066e-04
   3.45800631e+02  -5.13261239e-06
   3.45801119e+02  -5.69515432e-05
   3.45801607e+02  -5.82768880e-05
   3.45802096e+02   1.16125630e-04
   3.45802584e+02   1.81588519e-04
   3.45803072e+02  -1.14617123e-05
   3.45803561e+02  -1.78249211e-05
   3.45804049e+02   1.39999407e-04
   3.45804537e+02   2.43773102e-04
   3.45805026e+02   2.19267429e-04
   3.45805514e+02   7.44905556e-05
   3.45806002e+02   2.00128357e-04
   3.45806490e+02   2.47372285e-04
   3.45806979e+02  -1.35497412e-05
   3.45807467e+02  -7.48759248e-06
   3.45807955e+02   2.44051640e-04
   3.45808444e+02   2.60481902e-04
   3.45808932e+02   1.17056217e-04
   3.45809420e+02  -3.37078127e-05
   3.45809909e+02  -3.14073928e-04
   3.45810397e+02  -4.00926365e-04
   3.45810885e+02  -1.66524842e-04
   3.45811374e+02  -1.99794318e-04
   3.45811862e+02  -5.11716760e-04
   3.45812350e+02  -4.44983627e-04
   3.45812838e+02  -6.34416647e-05
   3.45813327e+02   9.36949218e-05
   3.45813815e+02   2.47091113e-04
   3.45814303e+02   2.30893333e-04
   3.45814792e+02  -1.58430761e-04
   3.45815280e+02  -4.66622907e-04
   3.45815768e+02  -4.23078018e-04
   3.45816257e+02  -2.85515474e-04
   3.45816745e+02  -2.46425770e-04
   3.45817233e+02  -2.36168635e-04
   3.45817722e+02  -3.68920562e-04
   3.45818210e+02  -3.10883654e-04
   3.45818698e+02   1.15839517e-04
   3.45819186e+02   2.25622367e-04
   3.45819675e+02  -6.65248372e-05
   3.45820163e+02  -2.85051734e-04
   3.45820651e+02  -6.17996615e-04
   3.45821140e+02  -8.21128488e-04
   3.45821628e+02  -1.78648246e-04
   3.45822116e+02   5.48783748e-04
   3.45822605e+02   2.84138136e-04
   3.45823093e+02  -1.65530757e-04
