frequency (GHz), flux (Jy/beam)
   3.44888470e+02   2.42212764e-03
   3.44888959e+02   1.27782856e-04
   3.44889447e+02  -2.78868293e-03
   3.44889935e+02  -4.09800466e-03
   3.44890423e+02  -3.83093557e-03
   3.44890912e+02  -2.42835120e-03
   3.44891400e+02  -2.61955283e-04
   3.44891888e+02  -5.12289334e-05
   3.44892377e+02  -1.56960438e-03
   3.44892865e+02  -2.02294160e-03
   3.44893353e+02  -1.68078602e-03
   3.44893842e+02  -1.87811442e-03
   3.44894330e+02  -1.92346924e-03
   3.44894818e+02  -1.54451071e-03
   3.44895307e+02  -9.13738331e-04
   3.44895795e+02  -4.72880609e-04
   3.44896283e+02  -1.50650187e-04
   3.44896771e+02   1.01617235e-03
   3.44897260e+02   1.02605775e-03
   3.44897748e+02  -7.13279122e-04
   3.44898236e+02  -1.67014834e-03
   3.44898725e+02  -2.08775722e-03
   3.44899213e+02  -2.42165755e-03
   3.44899701e+02  -1.64855889e-03
   3.44900190e+02  -1.11122930e-03
   3.44900678e+02  -2.66538141e-03
   3.44901166e+02  -3.97276366e-03
   3.44901655e+02  -2.60791578e-03
   3.44902143e+02  -1.03860581e-03
   3.44902631e+02  -9.75169591e-04
   3.44903119e+02  -8.44824652e-04
   3.44903608e+02  -2.11778621e-04
   3.44904096e+02  -2.64292234e-04
   3.44904584e+02  -9.43938328e-04
   3.44905073e+02  -1.08441815e-03
   3.44905561e+02  -1.40792923e-03
   3.44906049e+02  -2.45813490e-03
   3.44906538e+02  -2.39081983e-03
   3.44907026e+02  -1.64462195e-03
   3.44907514e+02  -1.31983357e-03
   3.44908003e+02  -5.57717343e-04
   3.44908491e+02   1.23780209e-03
   3.44908979e+02   1.59384625e-03
   3.44909467e+02  -7.24335317e-04
   3.44909956e+02  -2.59479717e-03
   3.44910444e+02  -2.92230374e-03
   3.44910932e+02  -3.21390247e-03
   3.44911421e+02  -2.38811714e-03
   3.44911909e+02   5.39781526e-04
   3.44912397e+02   2.84013990e-03
   3.44912886e+02   3.05752805e-03
   3.44913374e+02   1.79645454e-03
   3.44913862e+02  -2.17506386e-04
   3.44914351e+02  -1.63721142e-03
   3.44914839e+02  -1.73725106e-03
   3.44915327e+02  -1.45481061e-03
   3.44915815e+02  -9.12770513e-04
   3.44916304e+02  -1.06426451e-04
   3.44916792e+02   1.67171733e-04
   3.44917280e+02  -1.09232758e-04
   3.44917769e+02  -1.64394423e-05
   3.44918257e+02   7.43369746e-04
   3.44918745e+02   1.55566656e-03
   3.44919234e+02   1.02028635e-03
   3.44919722e+02   1.94735796e-04
   3.44920210e+02   7.55894405e-04
   3.44920699e+02   4.12133173e-04
   3.44921187e+02  -1.07185147e-03
   3.44921675e+02  -1.03988545e-03
   3.44922163e+02   3.29757400e-04
   3.44922652e+02   1.63200730e-03
   3.44923140e+02   2.23205099e-03
   3.44923628e+02   2.19701231e-03
   3.44924117e+02   2.75134365e-03
   3.44924605e+02   2.62765354e-03
   3.44925093e+02   2.56659318e-04
   3.44925582e+02  -1.00387447e-03
   3.44926070e+02   8.39080894e-04
   3.44926558e+02   2.34051468e-03
   3.44927047e+02   1.79886585e-03
   3.44927535e+02   1.75329286e-03
   3.44928023e+02   1.00222218e-03
   3.44928512e+02  -1.66521326e-03
   3.44929000e+02  -2.05606152e-03
   3.44929488e+02  -7.09078799e-04
   3.44929976e+02  -9.40551632e-04
   3.44930465e+02  -1.99653488e-03
   3.44930953e+02  -2.07823445e-03
   3.44931441e+02  -1.36166327e-05
   3.44931930e+02   2.13393872e-03
   3.44932418e+02   1.24269095e-03
   3.44932906e+02  -8.82075168e-04
   3.44933395e+02  -1.35742186e-03
   3.44933883e+02  -1.63032603e-03
   3.44934371e+02  -2.72242608e-03
   3.44934860e+02  -1.82287593e-03
   3.44935348e+02   6.54422620e-04
   3.44935836e+02   1.44332054e-03
   3.44936324e+02   5.07637451e-04
   3.44936813e+02   2.11616018e-04
   3.44937301e+02   6.94347720e-04
   3.44937789e+02  -6.30756142e-04
   3.44938278e+02  -3.31239821e-03
   3.44938766e+02  -4.07633325e-03
   3.44939254e+02  -2.66355742e-03
   3.44939743e+02  -2.02875095e-03
   3.44940231e+02  -2.66577094e-03
   3.44940719e+02  -3.23181693e-03
   3.44941208e+02  -2.79802852e-03
   3.44941696e+02  -6.88084518e-04
   3.44942184e+02   1.43452804e-03
   3.44942672e+02   9.55700467e-04
   3.44943161e+02  -1.82003807e-03
   3.44943649e+02  -2.07801699e-03
   3.44944137e+02  -1.62847384e-04
   3.44944626e+02   8.75246362e-04
   3.44945114e+02   7.43857119e-04
   3.44945602e+02   4.69564344e-04
   3.44946091e+02   4.48467617e-04
   3.44946579e+02   2.86690716e-04
   3.44947067e+02  -1.14534481e-03
   3.44947556e+02  -1.70282729e-03
   3.44948044e+02   6.53230891e-05
   3.44948532e+02   1.44541275e-03
   3.44949020e+02   2.00893660e-03
   3.44949509e+02   2.78457091e-03
   3.44949997e+02   2.68437457e-03
   3.44950485e+02   1.90304022e-03
   3.44950974e+02   3.55977128e-04
   3.44951462e+02  -1.83762435e-03
   3.44951950e+02  -2.75062653e-03
   3.44952439e+02  -1.91270607e-03
   3.44952927e+02  -2.26863471e-04
   3.44953415e+02   7.59301038e-05
   3.44953904e+02  -1.81127107e-03
   3.44954392e+02  -2.90595787e-03
   3.44954880e+02  -2.74800858e-03
   3.44955368e+02  -3.42713716e-03
   3.44955857e+02  -3.61234718e-03
   3.44956345e+02  -1.99705432e-03
   3.44956833e+02  -7.28078478e-04
   3.44957322e+02  -6.48712914e-04
   3.44957810e+02  -1.48845499e-03
   3.44958298e+02  -2.00404320e-03
   3.44958787e+02  -8.78587947e-04
   3.44959275e+02   3.27856797e-05
   3.44959763e+02   8.17331456e-05
   3.44960252e+02  -7.62039563e-04
   3.44960740e+02  -2.15124688e-03
   3.44961228e+02  -2.17654137e-03
   3.44961716e+02  -1.43163640e-03
   3.44962205e+02  -1.19968003e-03
   3.44962693e+02  -6.66023581e-04
   3.44963181e+02   2.78162508e-04
   3.44963670e+02   8.52356374e-04
   3.44964158e+02   8.29372031e-04
   3.44964646e+02   3.32125754e-04
   3.44965135e+02  -1.62412733e-04
   3.44965623e+02  -7.66198151e-04
   3.44966111e+02  -7.47262849e-04
   3.44966600e+02   7.38025177e-04
   3.44967088e+02   1.41810428e-03
   3.44967576e+02   9.75820411e-04
   3.44968065e+02   8.23026232e-04
   3.44968553e+02   4.11661953e-04
   3.44969041e+02  -4.81836178e-04
   3.44969529e+02  -6.14478835e-04
   3.44970018e+02  -3.17823695e-04
   3.44970506e+02  -4.86156263e-04
   3.44970994e+02  -3.97873198e-04
   3.44971483e+02  -6.08286064e-04
   3.44971971e+02  -2.61361408e-03
   3.44972459e+02  -2.86653801e-03
   3.44972948e+02  -7.55436369e-04
   3.44973436e+02   5.87053073e-05
   3.44973924e+02   4.04086895e-04
   3.44974413e+02   6.17250975e-04
   3.44974901e+02  -4.89692786e-04
   3.44975389e+02  -7.23842531e-04
   3.44975877e+02  -7.50954205e-05
   3.44976366e+02   4.62795608e-04
   3.44976854e+02   1.53282925e-03
   3.44977342e+02   1.16257824e-03
   3.44977831e+02  -2.09005120e-05
   3.44978319e+02  -5.16323664e-04
   3.44978807e+02  -1.24156754e-03
   3.44979296e+02  -1.39864488e-03
   3.44979784e+02  -5.11677936e-04
   3.44980272e+02  -6.77256787e-04
   3.44980761e+02  -2.02038186e-03
   3.44981249e+02  -2.08132551e-03
   3.44981737e+02  -1.20941193e-04
   3.44982225e+02   1.30630657e-03
   3.44982714e+02   5.28077420e-04
   3.44983202e+02  -3.18700913e-04
   3.44983690e+02   1.31794740e-03
   3.44984179e+02   3.01377475e-03
   3.44984667e+02   2.78920494e-03
   3.44985155e+02   2.60044751e-03
   3.44985644e+02   1.89244153e-03
   3.44986132e+02   1.82873372e-03
   3.44986620e+02   3.14853177e-03
   3.44987109e+02   1.93775690e-03
   3.44987597e+02  -4.29267093e-04
   3.44988085e+02  -3.64601437e-04
   3.44988573e+02  -6.61002472e-04
   3.44989062e+02  -2.21937103e-03
   3.44989550e+02  -1.52782002e-03
   3.44990038e+02   3.38654121e-04
   3.44990527e+02   3.88492597e-04
   3.44991015e+02   4.03316866e-04
   3.44991503e+02   1.42954104e-03
   3.44991992e+02   6.09281415e-04
   3.44992480e+02  -1.27413194e-03
   3.44992968e+02  -1.52990513e-03
   3.44993457e+02  -3.23264423e-04
   3.44993945e+02  -4.65042656e-04
   3.44994433e+02  -2.05204193e-03
   3.44994921e+02  -1.73403753e-03
   3.44995410e+02  -8.27773998e-04
   3.44995898e+02  -1.44112192e-03
   3.44996386e+02  -5.08426863e-04
   3.44996875e+02   1.48203399e-03
   3.44997363e+02   1.88520818e-03
   3.44997851e+02   1.18788600e-03
   3.44998340e+02  -1.78630595e-04
   3.44998828e+02  -6.16452249e-04
   3.44999316e+02   5.05644828e-04
   3.44999805e+02   1.08536461e-03
   3.45000293e+02   5.85073198e-04
   3.45000781e+02   2.34615727e-04
   3.45001269e+02  -7.04238715e-04
   3.45001758e+02  -2.00313237e-03
   3.45002246e+02  -2.01894157e-03
   3.45002734e+02  -1.41717284e-03
   3.45003223e+02  -1.07664196e-03
   3.45003711e+02   1.82793685e-03
   3.45004199e+02   3.21770599e-03
   3.45004688e+02   1.31003137e-04
   3.45005176e+02  -2.91307946e-03
   3.45005664e+02  -1.47195614e-03
   3.45006153e+02   7.97639019e-04
   3.45006641e+02   1.10656582e-03
   3.45007129e+02   1.67868810e-03
   3.45007618e+02   2.33358727e-03
   3.45008106e+02   1.90136943e-03
   3.45008594e+02   1.25677488e-03
   3.45009082e+02   7.98354100e-04
   3.45009571e+02  -6.88450455e-05
   3.45010059e+02  -2.46694457e-04
   3.45010547e+02   1.15628797e-03
   3.45011036e+02   2.29911506e-03
   3.45011524e+02   2.10025557e-03
   3.45012012e+02   1.56847341e-03
   3.45012501e+02   1.16284832e-03
   3.45012989e+02   6.24697132e-04
   3.45013477e+02   3.55760538e-04
   3.45013966e+02   1.28611107e-04
   3.45014454e+02   9.14119999e-04
   3.45014942e+02   3.49561847e-03
   3.45015430e+02   3.20171774e-03
   3.45015919e+02  -3.34836514e-04
   3.45016407e+02  -2.31643626e-03
   3.45016895e+02  -2.83953035e-03
   3.45017384e+02  -2.66557699e-03
   3.45017872e+02  -1.53284380e-03
   3.45018360e+02  -4.48634237e-04
   3.45018849e+02   6.34864089e-04
   3.45019337e+02   4.28403117e-04
   3.45019825e+02  -1.97966862e-03
   3.45020314e+02  -3.09712556e-03
   3.45020802e+02  -4.93358064e-04
   3.45021290e+02   2.23437347e-03
   3.45021778e+02   2.23349454e-03
   3.45022267e+02   2.46206904e-03
   3.45022755e+02   2.72159488e-03
   3.45023243e+02   1.06326467e-03
   3.45023732e+02   6.87822758e-05
   3.45024220e+02   6.34482349e-05
   3.45024708e+02  -1.05058693e-03
   3.45025197e+02  -1.90038281e-03
   3.45025685e+02  -8.81058222e-04
   3.45026173e+02   4.16963710e-04
   3.45026662e+02   5.91946184e-04
   3.45027150e+02  -1.24960388e-05
   3.45027638e+02   6.42541563e-04
   3.45028126e+02   1.76544196e-03
   3.45028615e+02   1.88873999e-03
   3.45029103e+02   2.62648216e-03
   3.45029591e+02   3.54699232e-03
   3.45030080e+02   3.35904071e-03
   3.45030568e+02   2.28669168e-03
   3.45031056e+02   1.15274650e-03
   3.45031545e+02   1.99697206e-05
   3.45032033e+02  -1.53599505e-03
   3.45032521e+02  -1.41846132e-03
   3.45033010e+02   1.06103311e-03
   3.45033498e+02   2.89998669e-03
   3.45033986e+02   3.08431289e-03
   3.45034474e+02   2.44511222e-03
   3.45034963e+02   1.25061569e-03
   3.45035451e+02   1.62370670e-05
   3.45035939e+02  -1.68235938e-03
   3.45036428e+02  -4.57834871e-03
   3.45036916e+02  -5.76226693e-03
   3.45037404e+02  -2.83773895e-03
   3.45037893e+02   2.61554116e-04
   3.45038381e+02  -4.30927437e-04
   3.45038869e+02  -2.04660883e-03
   3.45039358e+02  -2.52157799e-03
   3.45039846e+02  -2.48743896e-03
   3.45040334e+02  -7.47621292e-04
   3.45040822e+02   1.10049429e-03
   3.45041311e+02   8.71329568e-04
   3.45041799e+02  -4.66740399e-04
   3.45042287e+02  -9.24705411e-04
   3.45042776e+02   1.09281694e-03
   3.45043264e+02   3.04217800e-03
   3.45043752e+02   2.08862941e-03
   3.45044241e+02   3.59188707e-04
   3.45044729e+02  -4.76336398e-04
   3.45045217e+02  -3.93105613e-04
   3.45045706e+02   8.76115868e-04
   3.45046194e+02   2.24860455e-03
   3.45046682e+02   1.84528634e-03
   3.45047171e+02  -3.32782336e-04
   3.45047659e+02  -2.50573549e-03
   3.45048147e+02  -2.69141770e-03
   3.45048635e+02  -1.56886608e-03
   3.45049124e+02  -1.17820839e-03
   3.45049612e+02  -9.76628857e-04
   3.45050100e+02  -1.84819428e-03
   3.45050589e+02  -2.51539843e-03
   3.45051077e+02  -6.27032365e-04
   3.45051565e+02  -4.30390901e-05
   3.45052054e+02  -6.24582870e-04
   3.45052542e+02   4.46093356e-04
   3.45053030e+02   9.09749884e-04
   3.45053519e+02   6.17678685e-04
   3.45054007e+02   5.16915636e-04
   3.45054495e+02   2.64877570e-04
   3.45054983e+02   2.43301940e-04
   3.45055472e+02  -4.33944369e-04
   3.45055960e+02  -1.88605208e-03
   3.45056448e+02  -2.52963859e-03
   3.45056937e+02  -2.13326747e-03
   3.45057425e+02  -1.09659496e-03
   3.45057913e+02   1.23187597e-03
   3.45058402e+02   3.72528378e-03
   3.45058890e+02   3.81265627e-03
   3.45059378e+02   1.81048992e-03
   3.45059867e+02   1.78587637e-04
   3.45060355e+02   4.14221140e-04
   3.45060843e+02   1.79308932e-03
   3.45061331e+02   2.36872467e-03
   3.45061820e+02   1.55427307e-03
   3.45062308e+02   1.02825358e-03
   3.45062796e+02  -1.45679269e-05
   3.45063285e+02  -5.93163422e-04
   3.45063773e+02  -8.79765197e-04
   3.45064261e+02  -1.93545199e-03
   3.45064750e+02  -1.85893034e-03
   3.45065238e+02   7.35389243e-04
   3.45065726e+02   3.54128960e-03
   3.45066215e+02   3.70701333e-03
   3.45066703e+02   2.46042293e-03
   3.45067191e+02   1.66047818e-03
   3.45067679e+02   1.20929827e-03
   3.45068168e+02   7.33398367e-04
   3.45068656e+02  -4.80724375e-05
   3.45069144e+02  -6.64806634e-04
   3.45069633e+02  -7.96817185e-04
   3.45070121e+02  -1.13624707e-03
   3.45070609e+02  -1.64627074e-03
   3.45071098e+02  -1.51062198e-03
   3.45071586e+02  -4.59162198e-04
   3.45072074e+02   3.65340064e-04
   3.45072563e+02   1.68695959e-04
   3.45073051e+02   6.29066199e-05
   3.45073539e+02  -2.65428855e-04
   3.45074027e+02  -4.08152526e-04
   3.45074516e+02   1.20310244e-04
   3.45075004e+02  -4.56530193e-04
   3.45075492e+02  -1.23491313e-03
   3.45075981e+02   2.58867309e-04
   3.45076469e+02   1.62104948e-03
   3.45076957e+02   1.09737448e-03
   3.45077446e+02   2.04496886e-04
   3.45077934e+02   9.90597910e-05
   3.45078422e+02   2.99494044e-04
   3.45078911e+02  -9.24066175e-04
   3.45079399e+02  -1.88813405e-03
   3.45079887e+02  -1.73429353e-03
   3.45080375e+02  -2.78244144e-03
   3.45080864e+02  -3.45203234e-03
   3.45081352e+02  -1.75752817e-03
   3.45081840e+02   3.60856211e-04
   3.45082329e+02   1.15731219e-03
   3.45082817e+02  -1.90444203e-04
   3.45083305e+02  -1.56146160e-03
   3.45083794e+02  -1.44060538e-03
   3.45084282e+02  -8.34499777e-04
   3.45084770e+02   5.11246442e-04
   3.45085259e+02   8.51698918e-04
   3.45085747e+02   9.20337989e-05
   3.45086235e+02   4.73334047e-04
   3.45086724e+02   1.05727091e-03
   3.45087212e+02   8.44172318e-04
   3.45087700e+02   3.36604076e-04
   3.45088188e+02  -2.01533956e-04
   3.45088677e+02  -4.31648397e-04
   3.45089165e+02  -7.08924432e-04
   3.45089653e+02  -1.23588205e-03
   3.45090142e+02  -1.47959078e-03
   3.45090630e+02  -1.95509288e-03
   3.45091118e+02  -1.92336668e-03
   3.45091607e+02   1.38923337e-04
   3.45092095e+02   1.99723919e-03
   3.45092583e+02   1.43720803e-03
   3.45093072e+02  -4.76349174e-04
   3.45093560e+02  -1.77498779e-03
   3.45094048e+02  -2.75105122e-03
   3.45094536e+02  -3.24173039e-03
   3.45095025e+02  -2.41298787e-03
   3.45095513e+02  -9.01039515e-04
   3.45096001e+02   4.02923266e-04
   3.45096490e+02   2.65803625e-04
   3.45096978e+02  -1.97329748e-04
   3.45097466e+02   1.17291580e-03
   3.45097955e+02   1.68747047e-03
   3.45098443e+02  -7.21113291e-04
   3.45098931e+02  -1.80728454e-03
   3.45099420e+02   2.62304442e-04
   3.45099908e+02   1.68141036e-03
   3.45100396e+02   6.77655975e-04
   3.45100884e+02  -1.43129216e-03
   3.45101373e+02  -3.42172850e-03
   3.45101861e+02  -3.34815169e-03
   3.45102349e+02  -1.32174592e-03
   3.45102838e+02   7.81430455e-04
   3.45103326e+02   2.59392732e-03
   3.45103814e+02   1.95194141e-03
   3.45104303e+02   3.50925984e-04
   3.45104791e+02   3.66400433e-04
   3.45105279e+02  -6.00685424e-04
   3.45105768e+02  -2.20133457e-03
   3.45106256e+02  -1.36739819e-03
   3.45106744e+02   1.42727292e-03
   3.45107232e+02   2.15194235e-03
   3.45107721e+02  -2.71175551e-04
   3.45108209e+02  -1.55807193e-03
   3.45108697e+02   5.45645831e-04
   3.45109186e+02   2.27143150e-03
   3.45109674e+02   1.76254543e-03
   3.45110162e+02   1.95736284e-04
   3.45110651e+02  -1.60785089e-03
   3.45111139e+02  -2.32593552e-03
   3.45111627e+02  -1.55785645e-03
   3.45112116e+02  -1.29861955e-03
   3.45112604e+02  -2.71741324e-03
   3.45113092e+02  -3.53168719e-03
   3.45113580e+02  -1.97815569e-03
   3.45114069e+02  -4.22240351e-04
   3.45114557e+02  -9.62746562e-04
   3.45115045e+02  -1.11210032e-03
   3.45115534e+02   2.93814548e-04
   3.45116022e+02   1.12492393e-03
   3.45116510e+02   1.00876472e-03
   3.45116999e+02  -3.97850308e-05
   3.45117487e+02  -1.48040557e-03
   3.45117975e+02  -1.21582148e-03
   3.45118464e+02   2.68458098e-04
   3.45118952e+02   2.03923672e-03
   3.45119440e+02   3.00280470e-03
   3.45119928e+02   1.33074250e-03
   3.45120417e+02  -5.95297955e-04
   3.45120905e+02   2.58140906e-04
   3.45121393e+02   1.36183517e-03
   3.45121882e+02   1.19924825e-03
   3.45122370e+02   1.96650787e-03
   3.45122858e+02   2.87043070e-03
   3.45123347e+02   1.87806552e-04
   3.45123835e+02  -4.03265795e-03
   3.45124323e+02  -4.13443800e-03
   3.45124812e+02  -1.67602638e-03
   3.45125300e+02  -2.68321921e-04
   3.45125788e+02  -8.23097362e-05
   3.45126277e+02  -1.04191562e-03
   3.45126765e+02  -2.21747346e-03
   3.45127253e+02  -2.48666923e-03
   3.45127741e+02  -1.68738817e-03
   3.45128230e+02  -3.34921118e-04
   3.45128718e+02   8.50102690e-04
   3.45129206e+02   1.95343909e-03
   3.45129695e+02   2.89239176e-03
   3.45130183e+02   1.80538697e-03
   3.45130671e+02  -2.53037404e-04
   3.45131160e+02  -1.18824537e-03
   3.45131648e+02  -1.26486400e-03
   3.45132136e+02  -6.32868905e-04
   3.45132625e+02   2.27017197e-04
   3.45133113e+02   9.73185161e-05
   3.45133601e+02  -1.03581848e-03
   3.45134089e+02  -1.09224254e-03
   3.45134578e+02   2.13820749e-04
   3.45135066e+02  -4.65106481e-04
   3.45135554e+02  -2.15430069e-03
   3.45136043e+02  -1.65788631e-03
   3.45136531e+02   2.83583824e-04
   3.45137019e+02   1.00984925e-03
   3.45137508e+02   8.73858749e-04
   3.45137996e+02   1.12078490e-03
   3.45138484e+02   8.55341088e-04
   3.45138973e+02   5.26790740e-04
   3.45139461e+02   6.55001553e-04
   3.45139949e+02   6.34941447e-04
   3.45140437e+02   7.63500051e-04
   3.45140926e+02   8.68064002e-04
   3.45141414e+02   4.05926432e-04
   3.45141902e+02   7.32590794e-04
   3.45142391e+02   1.32896705e-03
   3.45142879e+02   1.14316666e-04
   3.45143367e+02  -1.22879364e-03
   3.45143856e+02  -5.07322373e-04
   3.45144344e+02   9.99925192e-04
   3.45144832e+02   1.54837326e-03
   3.45145321e+02   1.89483585e-03
   3.45145809e+02   2.14392832e-03
   3.45146297e+02   9.44390020e-04
   3.45146785e+02  -6.72750029e-05
   3.45147274e+02   2.05290897e-04
   3.45147762e+02   9.37370060e-04
   3.45148250e+02   1.34283141e-03
   3.45148739e+02  -1.23280086e-04
   3.45149227e+02  -1.73970521e-03
   3.45149715e+02  -1.74303644e-03
   3.45150204e+02  -1.12959510e-03
   3.45150692e+02   8.64283429e-05
   3.45151180e+02   1.11487997e-03
   3.45151669e+02   1.00278168e-03
   3.45152157e+02   7.30357249e-04
   3.45152645e+02   4.80446644e-04
   3.45153133e+02   9.51552007e-04
   3.45153622e+02   1.75847125e-03
   3.45154110e+02   8.23363196e-04
   3.45154598e+02  -9.73104557e-04
   3.45155087e+02  -1.79178570e-03
   3.45155575e+02  -2.38966616e-03
   3.45156063e+02  -2.32247892e-03
   3.45156552e+02  -4.35157817e-05
   3.45157040e+02   1.17211614e-03
   3.45157528e+02   1.90274950e-04
   3.45158017e+02   1.35688914e-03
   3.45158505e+02   2.14824057e-03
   3.45158993e+02   1.54167519e-05
   3.45159481e+02  -1.04496336e-04
   3.45159970e+02   3.21392575e-03
   3.45160458e+02   4.38023498e-03
   3.45160946e+02   2.07043462e-03
   3.45161435e+02  -4.69429477e-04
   3.45161923e+02  -1.69228064e-03
   3.45162411e+02  -1.25272840e-03
   3.45162900e+02  -7.97612884e-05
   3.45163388e+02   7.50797160e-04
   3.45163876e+02   1.66836777e-03
   3.45164365e+02   2.57745129e-03
   3.45164853e+02   1.08969526e-03
   3.45165341e+02  -2.13801395e-03
   3.45165830e+02  -2.17270385e-03
   3.45166318e+02   3.49734619e-04
   3.45166806e+02   8.68280127e-04
   3.45167294e+02  -4.71889303e-04
   3.45167783e+02  -1.05803506e-03
   3.45168271e+02  -2.25249460e-04
   3.45168759e+02   8.47515708e-04
   3.45169248e+02   6.11639523e-04
   3.45169736e+02  -7.11951638e-04
   3.45170224e+02  -1.53817120e-03
   3.45170713e+02  -1.23851304e-03
   3.45171201e+02  -1.18522055e-03
   3.45171689e+02  -1.00938580e-03
   3.45172178e+02  -4.72430460e-04
   3.45172666e+02  -5.91814169e-04
   3.45173154e+02  -4.27007297e-04
   3.45173642e+02  -4.77354537e-04
   3.45174131e+02  -7.83834606e-04
   3.45174619e+02  -5.24102536e-04
   3.45175107e+02  -1.91343090e-04
   3.45175596e+02  -8.31442187e-04
   3.45176084e+02  -6.77821285e-04
   3.45176572e+02   1.27253646e-03
   3.45177061e+02   8.79120082e-04
   3.45177549e+02  -1.66811759e-03
   3.45178037e+02  -2.21603084e-03
   3.45178526e+02  -1.92664762e-03
   3.45179014e+02  -2.64030183e-03
   3.45179502e+02  -3.20674371e-05
   3.45179990e+02   3.64088034e-03
   3.45180479e+02   4.49928548e-03
   3.45180967e+02   2.42773304e-03
   3.45181455e+02   1.02106447e-03
   3.45181944e+02  -4.55758476e-04
   3.45182432e+02  -2.37410539e-03
   3.45182920e+02  -6.10507384e-04
   3.45183409e+02   1.70216709e-03
   3.45183897e+02   7.86667806e-04
   3.45184385e+02  -6.10067043e-04
   3.45184874e+02  -9.09674214e-04
   3.45185362e+02  -2.23994066e-04
   3.45185850e+02   9.08053597e-04
   3.45186338e+02   1.48288289e-03
   3.45186827e+02   1.65266485e-03
   3.45187315e+02   1.33156660e-03
   3.45187803e+02   4.50596010e-04
   3.45188292e+02   9.10451170e-04
   3.45188780e+02   1.71729084e-03
   3.45189268e+02   5.02878800e-04
   3.45189757e+02   2.47898104e-04
   3.45190245e+02   1.61496014e-03
   3.45190733e+02   1.52281346e-03
   3.45191222e+02   3.09822208e-04
   3.45191710e+02  -4.05769097e-04
   3.45192198e+02   4.01006109e-04
   3.45192686e+02   1.54348894e-03
   3.45193175e+02   1.05818000e-03
   3.45193663e+02   1.73417429e-04
   3.45194151e+02   4.64639044e-04
   3.45194640e+02   6.81895006e-04
   3.45195128e+02   2.05924865e-04
   3.45195616e+02  -2.37526401e-04
   3.45196105e+02  -5.73284051e-04
   3.45196593e+02  -1.66645041e-03
   3.45197081e+02  -3.57498368e-03
   3.45197570e+02  -3.87095870e-03
   3.45198058e+02  -2.82584270e-03
   3.45198546e+02  -2.67137098e-03
   3.45199034e+02  -1.96765573e-03
   3.45199523e+02   3.69012123e-04
   3.45200011e+02   1.98901142e-03
   3.45200499e+02   2.54006637e-03
   3.45200988e+02   2.12434400e-03
   3.45201476e+02   1.79934577e-04
   3.45201964e+02  -1.80895580e-03
   3.45202453e+02  -2.36282148e-03
   3.45202941e+02  -1.06000924e-03
   3.45203429e+02   1.40011893e-03
   3.45203918e+02   3.33489920e-03
   3.45204406e+02   2.68919161e-03
   3.45204894e+02  -8.79179453e-04
   3.45205383e+02  -3.70728364e-03
   3.45205871e+02  -4.24813665e-03
   3.45206359e+02  -4.35083872e-03
   3.45206847e+02  -2.81943474e-03
   3.45207336e+02   9.46859480e-04
   3.45207824e+02   2.69766035e-03
   3.45208312e+02   1.40940456e-03
   3.45208801e+02   8.24981835e-04
   3.45209289e+02   1.29343034e-03
   3.45209777e+02   1.51902705e-03
   3.45210266e+02   1.73542416e-03
   3.45210754e+02   2.49030045e-03
   3.45211242e+02   3.76148010e-03
   3.45211731e+02   3.84039106e-03
   3.45212219e+02   2.54711346e-03
   3.45212707e+02   2.32395483e-03
   3.45213195e+02   1.66477601e-03
   3.45213684e+02  -7.75588211e-04
   3.45214172e+02  -2.39528785e-03
   3.45214660e+02  -2.14568852e-03
   3.45215149e+02  -4.43840108e-04
   3.45215637e+02   6.69719419e-04
   3.45216125e+02   3.30744340e-04
   3.45216614e+02  -6.72539347e-04
   3.45217102e+02  -2.12027668e-03
   3.45217590e+02  -2.75762170e-03
   3.45218079e+02  -2.90342025e-03
   3.45218567e+02  -3.17192986e-03
   3.45219055e+02  -2.10104277e-03
   3.45219543e+02   2.31014434e-04
   3.45220032e+02   9.00887942e-04
   3.45220520e+02   1.42767194e-05
   3.45221008e+02   7.50715495e-04
   3.45221497e+02   2.92708282e-03
   3.45221985e+02   3.34118702e-03
   3.45222473e+02   2.36944691e-03
   3.45222962e+02   1.70051598e-03
   3.45223450e+02   5.16406843e-04
   3.45223938e+02  -1.46695951e-04
   3.45224427e+02   1.32240751e-03
   3.45224915e+02   1.10328791e-03
   3.45225403e+02  -1.60436949e-03
   3.45225891e+02  -1.58063776e-03
   3.45226380e+02  -3.23959510e-04
   3.45226868e+02  -1.62875734e-03
   3.45227356e+02  -1.39957212e-03
   3.45227845e+02   1.52843946e-03
   3.45228333e+02   2.86028464e-03
   3.45228821e+02   2.57842592e-03
   3.45229310e+02   2.01795949e-03
   3.45229798e+02   4.45260026e-04
   3.45230286e+02   2.11351526e-05
   3.45230775e+02   8.73572775e-04
   3.45231263e+02   7.16764247e-04
   3.45231751e+02   4.43054945e-04
   3.45232239e+02   8.23797134e-04
   3.45232728e+02   1.62583136e-03
   3.45233216e+02   2.69358163e-03
   3.45233704e+02   2.21112301e-03
   3.45234193e+02   3.42832587e-04
   3.45234681e+02  -8.10691679e-04
   3.45235169e+02  -1.51171384e-03
   3.45235658e+02  -2.01673992e-03
   3.45236146e+02  -1.30751287e-03
   3.45236634e+02   7.56523979e-04
   3.45237123e+02   2.70159636e-03
   3.45237611e+02   3.33874812e-03
   3.45238099e+02   2.12688954e-03
   3.45238587e+02   1.50360109e-03
   3.45239076e+02   1.01771310e-03
   3.45239564e+02   8.99834500e-04
   3.45240052e+02   7.84361211e-04
   3.45240541e+02   5.54476574e-04
   3.45241029e+02   1.30872510e-03
   3.45241517e+02   2.38984451e-03
   3.45242006e+02   2.18010601e-03
   3.45242494e+02   1.25788676e-03
   3.45242982e+02   1.83875862e-04
   3.45243471e+02  -1.54998747e-03
   3.45243959e+02  -1.90432963e-03
   3.45244447e+02  -5.81234985e-04
   3.45244936e+02   5.64417627e-04
   3.45245424e+02   7.69849459e-04
   3.45245912e+02  -1.05787294e-04
   3.45246400e+02  -1.02635752e-03
   3.45246889e+02  -1.85002675e-04
   3.45247377e+02   1.86128961e-03
   3.45247865e+02   2.15241499e-03
   3.45248354e+02   3.06183618e-04
   3.45248842e+02  -1.68110512e-03
   3.45249330e+02  -2.22402345e-03
   3.45249819e+02  -5.00295020e-04
   3.45250307e+02   4.34332585e-04
   3.45250795e+02  -1.00275478e-03
   3.45251284e+02  -1.65664160e-03
   3.45251772e+02   1.59246032e-04
   3.45252260e+02   2.82896101e-03
   3.45252748e+02   4.62240586e-03
   3.45253237e+02   3.63004860e-03
   3.45253725e+02   3.64969193e-04
   3.45254213e+02  -8.82976397e-04
   3.45254702e+02   3.65394080e-04
   3.45255190e+02   1.08797569e-03
   3.45255678e+02  -3.18419829e-04
   3.45256167e+02  -2.09000008e-03
   3.45256655e+02  -2.02195649e-03
   3.45257143e+02  -8.43822665e-04
   3.45257632e+02   5.47682284e-04
   3.45258120e+02   9.08863789e-04
   3.45258608e+02   9.45534790e-04
   3.45259096e+02   1.08667812e-03
   3.45259585e+02   2.43912058e-04
   3.45260073e+02  -3.95674928e-04
   3.45260561e+02  -4.36212540e-05
   3.45261050e+02   9.83729144e-04
   3.45261538e+02   1.75131834e-03
   3.45262026e+02   2.03431956e-03
   3.45262515e+02   2.32392456e-03
   3.45263003e+02   7.99148867e-04
   3.45263491e+02  -1.46258774e-03
   3.45263980e+02  -1.28751365e-03
   3.45264468e+02   1.07855781e-03
   3.45264956e+02   3.09398700e-03
   3.45265444e+02   2.41138856e-03
   3.45265933e+02   8.29314347e-04
   3.45266421e+02   4.84148215e-04
   3.45266909e+02  -7.40031610e-05
   3.45267398e+02  -4.04325314e-04
   3.45267886e+02  -3.01067939e-05
   3.45268374e+02  -4.36143804e-04
   3.45268863e+02  -1.24283880e-03
   3.45269351e+02  -1.09313743e-03
   3.45269839e+02  -6.69043220e-04
   3.45270328e+02  -3.93127644e-04
   3.45270816e+02   5.15634543e-04
   3.45271304e+02   8.43440066e-04
   3.45271792e+02   1.65687222e-03
   3.45272281e+02   3.22194584e-03
   3.45272769e+02   2.26942031e-03
   3.45273257e+02   2.69297219e-04
   3.45273746e+02  -6.51433074e-04
   3.45274234e+02  -1.71430642e-03
   3.45274722e+02  -2.32395413e-03
   3.45275211e+02  -1.01085298e-03
   3.45275699e+02   2.03627220e-04
   3.45276187e+02   2.42697541e-04
   3.45276676e+02  -3.09434290e-05
   3.45277164e+02  -4.45466518e-04
   3.45277652e+02  -8.54318660e-06
   3.45278140e+02   3.64935084e-04
   3.45278629e+02   3.62987688e-04
   3.45279117e+02  -2.83058034e-04
   3.45279605e+02  -2.22873804e-03
   3.45280094e+02  -1.73289643e-03
   3.45280582e+02   1.26867078e-03
   3.45281070e+02   1.32854108e-03
   3.45281559e+02  -9.64228064e-04
   3.45282047e+02  -8.79401225e-04
   3.45282535e+02   1.08479033e-03
   3.45283024e+02   1.95324072e-03
   3.45283512e+02   1.36929366e-03
   3.45284000e+02   4.26242652e-04
   3.45284489e+02   3.60587990e-04
   3.45284977e+02   8.82245484e-04
   3.45285465e+02   1.83894183e-03
   3.45285953e+02   3.50288977e-03
   3.45286442e+02   3.32950638e-03
   3.45286930e+02   7.91481405e-04
   3.45287418e+02  -2.11496168e-04
   3.45287907e+02   2.71209137e-06
   3.45288395e+02  -1.28470315e-03
   3.45288883e+02  -2.25014659e-03
   3.45289372e+02  -1.60347007e-03
   3.45289860e+02  -3.05296475e-04
   3.45290348e+02   7.88283360e-04
   3.45290837e+02   2.80678592e-04
   3.45291325e+02  -1.07338376e-04
   3.45291813e+02   8.73650424e-04
   3.45292301e+02   1.56262692e-03
   3.45292790e+02   1.72041019e-03
   3.45293278e+02   4.72230196e-04
   3.45293766e+02  -3.30242066e-04
   3.45294255e+02   5.03495859e-04
   3.45294743e+02   5.56242827e-04
   3.45295231e+02  -1.59635660e-04
   3.45295720e+02  -5.91328368e-04
   3.45296208e+02  -4.79597395e-04
   3.45296696e+02  -1.46392419e-03
   3.45297185e+02  -2.64964742e-03
   3.45297673e+02  -1.95165561e-03
   3.45298161e+02   8.29092605e-05
   3.45298649e+02   6.17880782e-04
   3.45299138e+02   9.35079064e-04
   3.45299626e+02   2.14702031e-03
   3.45300114e+02   2.66059255e-03
   3.45300603e+02   3.01914639e-03
   3.45301091e+02   2.83391820e-03
   3.45301579e+02   1.64028467e-03
   3.45302068e+02  -5.61904890e-05
   3.45302556e+02  -1.71715254e-03
   3.45303044e+02  -1.74308242e-03
   3.45303533e+02  -1.49830987e-04
   3.45304021e+02   2.82815105e-04
   3.45304509e+02  -1.26583932e-03
   3.45304997e+02  -2.04677787e-03
   3.45305486e+02  -1.32193451e-03
   3.45305974e+02  -1.51012116e-03
   3.45306462e+02  -1.55480497e-03
   3.45306951e+02  -7.72762462e-04
   3.45307439e+02  -1.40475237e-03
   3.45307927e+02  -1.53727341e-03
   3.45308416e+02   2.02639756e-04
   3.45308904e+02   3.17479600e-04
   3.45309392e+02  -2.80482753e-04
   3.45309881e+02   1.20582338e-03
   3.45310369e+02   1.51357776e-03
   3.45310857e+02   5.81522880e-04
   3.45311345e+02   1.77460304e-03
   3.45311834e+02   2.39967462e-03
   3.45312322e+02   1.69420222e-04
   3.45312810e+02  -2.53923750e-03
   3.45313299e+02  -3.09203658e-03
   3.45313787e+02  -1.71286648e-03
   3.45314275e+02  -5.13122824e-04
   3.45314764e+02   5.53986174e-04
   3.45315252e+02   1.33033877e-03
   3.45315740e+02   6.45974505e-05
   3.45316229e+02  -1.50371576e-03
   3.45316717e+02  -7.88448437e-04
   3.45317205e+02   1.15733547e-03
   3.45317693e+02   1.93383545e-03
   3.45318182e+02   8.13446124e-04
   3.45318670e+02  -1.56281036e-04
   3.45319158e+02   8.51587509e-04
   3.45319647e+02   1.34903099e-03
   3.45320135e+02  -5.16351894e-04
   3.45320623e+02  -1.85380923e-03
   3.45321112e+02  -1.14013208e-03
   3.45321600e+02  -4.63044242e-04
   3.45322088e+02  -3.54208925e-04
   3.45322577e+02  -8.68375821e-04
   3.45323065e+02  -2.56321626e-03
   3.45323553e+02  -3.84647795e-03
   3.45324042e+02  -2.31064251e-03
   3.45324530e+02   1.04538376e-04
   3.45325018e+02  -7.81424387e-05
   3.45325506e+02  -1.47813035e-03
   3.45325995e+02  -9.24488239e-04
   3.45326483e+02  -2.04430806e-04
   3.45326971e+02  -1.31279719e-03
   3.45327460e+02  -2.03784532e-03
   3.45327948e+02  -1.00089295e-03
   3.45328436e+02   4.54755063e-04
   3.45328925e+02   4.36028582e-04
   3.45329413e+02  -5.80565713e-04
   3.45329901e+02  -1.13990449e-03
   3.45330390e+02  -1.14460557e-03
   3.45330878e+02  -1.09587482e-03
   3.45331366e+02  -2.10624235e-03
   3.45331854e+02  -3.59861646e-03
   3.45332343e+02  -3.06880916e-03
   3.45332831e+02  -5.30157587e-04
   3.45333319e+02  -5.64368092e-04
   3.45333808e+02  -3.31433862e-03
   3.45334296e+02  -4.08655079e-03
   3.45334784e+02  -2.44322047e-03
   3.45335273e+02  -8.16021115e-04
   3.45335761e+02  -6.23134954e-04
   3.45336249e+02  -1.18447549e-03
   3.45336738e+02  -2.20639049e-03
   3.45337226e+02  -3.94056737e-03
   3.45337714e+02  -3.44658247e-03
   3.45338202e+02  -4.56101989e-04
   3.45338691e+02   1.49533921e-03
   3.45339179e+02   1.80939084e-03
   3.45339667e+02   1.67995237e-03
   3.45340156e+02   2.31702463e-03
   3.45340644e+02   3.03912885e-03
   3.45341132e+02   2.19936762e-03
   3.45341621e+02   1.18428608e-03
   3.45342109e+02   9.58252174e-04
   3.45342597e+02   1.71255553e-03
   3.45343086e+02   1.75383349e-03
   3.45343574e+02  -3.14995094e-04
   3.45344062e+02  -1.16236275e-03
   3.45344550e+02   1.00061833e-03
   3.45345039e+02   2.42279912e-03
   3.45345527e+02   9.67709231e-04
   3.45346015e+02  -1.88404531e-03
   3.45346504e+02  -3.76903592e-03
   3.45346992e+02  -3.44976946e-03
   3.45347480e+02  -2.91923317e-03
   3.45347969e+02  -3.00115417e-03
   3.45348457e+02  -2.19961116e-03
   3.45348945e+02  -8.72073171e-04
   3.45349434e+02   9.39627644e-04
   3.45349922e+02   1.98486517e-03
   3.45350410e+02   2.22853990e-03
   3.45350898e+02   2.62189470e-03
   3.45351387e+02   2.11497792e-03
   3.45351875e+02   5.39160217e-04
   3.45352363e+02  -1.12769403e-03
   3.45352852e+02  -9.91843408e-04
   3.45353340e+02   6.29049609e-04
   3.45353828e+02   1.46293384e-03
   3.45354317e+02   1.71631970e-03
   3.45354805e+02   2.71365885e-03
   3.45355293e+02   4.50674165e-03
   3.45355782e+02   2.84140743e-03
   3.45356270e+02  -8.07892793e-05
   3.45356758e+02  -1.20305165e-03
   3.45357246e+02  -1.29554106e-03
   3.45357735e+02  -2.47083051e-04
   3.45358223e+02   2.72819248e-04
   3.45358711e+02  -7.51802232e-04
   3.45359200e+02  -1.63529022e-03
   3.45359688e+02  -7.68394500e-04
   3.45360176e+02   4.77129448e-04
   3.45360665e+02   2.70416000e-04
   3.45361153e+02   3.84674291e-04
   3.45361641e+02   1.34227495e-03
   3.45362130e+02   1.49873621e-03
   3.45362618e+02   3.02521541e-04
   3.45363106e+02  -1.31161103e-03
   3.45363595e+02  -9.12584015e-04
   3.45364083e+02   1.23699591e-03
   3.45364571e+02   2.33618752e-03
   3.45365059e+02   6.50680682e-04
   3.45365548e+02  -2.26655276e-03
   3.45366036e+02  -1.88747433e-03
   3.45366524e+02   1.52587681e-03
   3.45367013e+02   3.46167292e-03
   3.45367501e+02   1.95092754e-03
   3.45367989e+02  -1.28378009e-03
   3.45368478e+02  -3.46117560e-03
   3.45368966e+02  -1.98072218e-03
   3.45369454e+02   1.09968660e-03
   3.45369943e+02   1.48943265e-03
   3.45370431e+02   4.34741902e-04
   3.45370919e+02  -5.07667544e-04
   3.45371407e+02  -1.38169946e-03
   3.45371896e+02  -1.29770627e-03
   3.45372384e+02  -2.54532322e-04
   3.45372872e+02   4.05414379e-04
   3.45373361e+02  -3.96170217e-04
   3.45373849e+02  -6.54746662e-04
   3.45374337e+02   9.50070680e-04
   3.45374826e+02   1.75033824e-03
   3.45375314e+02   1.62183039e-03
   3.45375802e+02   2.09209602e-03
   3.45376291e+02   2.02203169e-03
   3.45376779e+02   1.18726154e-03
   3.45377267e+02   1.43261068e-03
   3.45377755e+02   2.74204207e-03
   3.45378244e+02   2.01884378e-03
   3.45378732e+02  -6.66809385e-04
   3.45379220e+02  -1.01519655e-03
   3.45379709e+02   1.06535712e-03
   3.45380197e+02   1.57946814e-03
   3.45380685e+02   7.25919323e-04
   3.45381174e+02   1.26027490e-03
   3.45381662e+02   3.09561775e-03
   3.45382150e+02   3.03739309e-03
   3.45382639e+02   8.32456106e-04
   3.45383127e+02   1.22136087e-04
   3.45383615e+02   1.47982733e-03
   3.45384103e+02   1.99350971e-03
   3.45384592e+02   1.24459702e-03
   3.45385080e+02   4.19014628e-04
   3.45385568e+02   8.03943723e-04
   3.45386057e+02   1.02407392e-03
   3.45386545e+02  -1.33457404e-04
   3.45387033e+02  -2.13136387e-04
   3.45387522e+02   2.85984046e-04
   3.45388010e+02   9.71694186e-04
   3.45388498e+02   1.87490752e-03
   3.45388987e+02   4.59950243e-04
   3.45389475e+02  -2.56708148e-03
   3.45389963e+02  -4.21844143e-03
   3.45390451e+02  -1.83696032e-03
   3.45390940e+02   1.98833877e-03
   3.45391428e+02   1.52810500e-03
   3.45391916e+02  -7.49501050e-04
   3.45392405e+02  -1.29018805e-03
   3.45392893e+02  -1.64990779e-03
   3.45393381e+02  -1.44277944e-03
   3.45393870e+02  -1.34043639e-05
   3.45394358e+02   1.16240478e-03
   3.45394846e+02   8.50262062e-04
   3.45395335e+02  -6.17154874e-04
   3.45395823e+02  -1.53351342e-03
   3.45396311e+02  -1.22910354e-03
   3.45396799e+02  -4.03382785e-07
   3.45397288e+02   7.69938575e-04
   3.45397776e+02  -6.36249097e-05
   3.45398264e+02  -7.77396373e-04
   3.45398753e+02  -3.83438513e-04
   3.45399241e+02   6.05885405e-04
   3.45399729e+02   8.05646763e-04
   3.45400218e+02  -8.26502874e-05
   3.45400706e+02  -2.91697244e-04
   3.45401194e+02   4.35576891e-04
   3.45401683e+02   9.61634505e-04
   3.45402171e+02   4.21200442e-04
   3.45402659e+02  -1.82878008e-04
   3.45403147e+02  -6.55043230e-04
   3.45403636e+02  -1.75426609e-03
   3.45404124e+02  -2.43955012e-03
   3.45404612e+02  -2.07507238e-03
   3.45405101e+02  -8.68786941e-04
   3.45405589e+02  -1.03681639e-03
   3.45406077e+02  -2.85714213e-03
   3.45406566e+02  -2.94263801e-03
   3.45407054e+02  -1.68199977e-03
   3.45407542e+02  -5.85579022e-04
   3.45408031e+02   1.85402561e-04
   3.45408519e+02  -1.97236048e-04
   3.45409007e+02  -1.32476632e-03
   3.45409496e+02  -1.53015647e-03
   3.45409984e+02   1.17008523e-04
   3.45410472e+02   1.78498880e-03
   3.45410960e+02   1.79322716e-03
   3.45411449e+02   1.20476959e-03
   3.45411937e+02   1.34257914e-03
   3.45412425e+02   1.90101040e-03
   3.45412914e+02   1.94039161e-03
   3.45413402e+02   1.38767855e-03
   3.45413890e+02  -4.29621839e-04
   3.45414379e+02  -9.22815234e-04
   3.45414867e+02   1.41209792e-04
   3.45415355e+02   1.08499115e-03
   3.45415844e+02   1.25963136e-03
   3.45416332e+02   1.64871302e-03
   3.45416820e+02   2.17191502e-03
   3.45417308e+02   1.51901937e-03
   3.45417797e+02   2.30118865e-04
   3.45418285e+02   3.74200579e-04
   3.45418773e+02   6.40152430e-04
   3.45419262e+02  -2.78565072e-04
   3.45419750e+02  -1.02128251e-04
   3.45420238e+02   6.48724381e-04
   3.45420727e+02   6.40267914e-04
   3.45421215e+02   1.23452290e-03
   3.45421703e+02   1.20038795e-03
   3.45422192e+02   1.09394814e-05
   3.45422680e+02   1.58672134e-04
   3.45423168e+02   1.38149911e-03
   3.45423656e+02   1.64927321e-03
   3.45424145e+02   1.92452432e-03
   3.45424633e+02   3.27043212e-03
   3.45425121e+02   4.47362568e-03
   3.45425610e+02   3.09171900e-03
   3.45426098e+02  -8.77872226e-05
   3.45426586e+02  -1.55220728e-03
   3.45427075e+02  -1.27321412e-03
   3.45427563e+02  -1.67544524e-03
   3.45428051e+02  -2.78224424e-03
   3.45428540e+02  -2.63369363e-03
   3.45429028e+02  -6.08007773e-04
   3.45429516e+02   1.37246877e-03
   3.45430004e+02   2.01170729e-03
   3.45430493e+02   9.75196133e-04
   3.45430981e+02   1.61006275e-04
   3.45431469e+02   1.01964804e-03
   3.45431958e+02   1.53954281e-03
   3.45432446e+02   1.21139405e-04
   3.45432934e+02  -7.79291207e-04
   3.45433423e+02   7.64986733e-04
   3.45433911e+02   1.84869487e-03
   3.45434399e+02   6.58751233e-04
   3.45434888e+02  -5.41111513e-04
   3.45435376e+02  -7.01645855e-04
   3.45435864e+02  -6.32814830e-04
   3.45436352e+02  -5.76153281e-04
   3.45436841e+02  -6.50606642e-04
   3.45437329e+02  -3.08780523e-04
   3.45437817e+02   2.40136767e-04
   3.45438306e+02  -5.26724965e-04
   3.45438794e+02  -7.81441922e-04
   3.45439282e+02  -3.09362425e-04
   3.45439771e+02  -1.45358697e-03
   3.45440259e+02  -1.88179361e-03
   3.45440747e+02  -3.61782208e-04
   3.45441236e+02   1.18514977e-03
   3.45441724e+02   1.18796923e-03
   3.45442212e+02   3.40414816e-04
   3.45442700e+02   1.24381331e-03
   3.45443189e+02   4.37345216e-03
   3.45443677e+02   6.18750835e-03
   3.45444165e+02   4.54197172e-03
   3.45444654e+02   2.81426846e-03
   3.45445142e+02   1.82486034e-03
   3.45445630e+02   1.36427057e-03
   3.45446119e+02   1.75543921e-03
   3.45446607e+02   2.22353803e-04
   3.45447095e+02  -2.16529611e-03
   3.45447584e+02  -1.68611191e-03
   3.45448072e+02   7.67867896e-05
   3.45448560e+02   7.16242532e-04
   3.45449049e+02   6.85063569e-05
   3.45449537e+02  -2.27653282e-03
   3.45450025e+02  -3.67872044e-03
   3.45450513e+02  -1.80120626e-03
   3.45451002e+02   2.59345805e-04
   3.45451490e+02   6.43561245e-04
   3.45451978e+02   7.08916050e-04
   3.45452467e+02   1.06676831e-03
   3.45452955e+02   1.54286600e-03
   3.45453443e+02   1.08029589e-03
   3.45453932e+02  -3.33747943e-04
   3.45454420e+02   5.90662530e-04
   3.45454908e+02   3.53041501e-03
   3.45455397e+02   4.80594393e-03
   3.45455885e+02   3.29201156e-03
   3.45456373e+02   1.20403012e-03
   3.45456861e+02   1.06066167e-04
   3.45457350e+02  -5.48337994e-04
   3.45457838e+02  -1.20902795e-03
   3.45458326e+02  -1.89733377e-03
   3.45458815e+02  -1.94967818e-03
   3.45459303e+02   2.00751838e-05
   3.45459791e+02   2.17721169e-03
   3.45460280e+02   2.21500010e-03
   3.45460768e+02   1.25942682e-03
   3.45461256e+02   1.38753443e-04
   3.45461745e+02  -5.45663352e-04
   3.45462233e+02   1.74911678e-04
   3.45462721e+02  -2.97138264e-04
   3.45463209e+02  -1.36892358e-03
   3.45463698e+02  -2.31806232e-04
   3.45464186e+02   1.88567361e-03
   3.45464674e+02   2.72237184e-03
   3.45465163e+02   2.14950112e-03
   3.45465651e+02   1.04080583e-03
   3.45466139e+02   3.01924592e-04
   3.45466628e+02   4.05315950e-04
   3.45467116e+02   7.78419257e-04
   3.45467604e+02   2.21857030e-04
   3.45468093e+02  -2.09864439e-03
   3.45468581e+02  -3.31314350e-03
   3.45469069e+02  -5.87173308e-05
   3.45469557e+02   3.32098058e-03
   3.45470046e+02   2.63695465e-03
   3.45470534e+02   1.00377633e-03
   3.45471022e+02   3.16062098e-04
   3.45471511e+02   3.30997893e-04
   3.45471999e+02   1.69035583e-03
   3.45472487e+02   2.15591281e-03
   3.45472976e+02   1.13203726e-03
   3.45473464e+02  -4.73019791e-05
   3.45473952e+02  -1.05442863e-03
   3.45474441e+02  -1.01441424e-03
   3.45474929e+02  -1.45644590e-03
   3.45475417e+02  -2.18068156e-03
   3.45475905e+02  -1.34239998e-03
   3.45476394e+02  -2.92258861e-04
   3.45476882e+02   2.81160319e-04
   3.45477370e+02   9.07978159e-04
   3.45477859e+02   2.12047854e-03
   3.45478347e+02   2.95497174e-03
   3.45478835e+02   3.11614596e-03
   3.45479324e+02   3.49334744e-03
   3.45479812e+02   2.92195589e-03
   3.45480300e+02   1.78720756e-03
   3.45480789e+02   2.28884091e-04
   3.45481277e+02  -1.80277100e-03
   3.45481765e+02  -2.10707402e-03
   3.45482253e+02  -1.09640276e-03
   3.45482742e+02  -8.81487504e-04
   3.45483230e+02  -1.26702804e-03
   3.45483718e+02  -2.67119176e-04
   3.45484207e+02   1.34615274e-03
   3.45484695e+02   9.57518525e-04
   3.45485183e+02  -6.45869062e-04
   3.45485672e+02  -1.23071426e-03
   3.45486160e+02  -2.12168088e-05
   3.45486648e+02   9.55642434e-04
   3.45487137e+02  -3.48365604e-04
   3.45487625e+02  -1.64562196e-03
   3.45488113e+02  -1.80620293e-03
   3.45488602e+02  -1.67505268e-03
   3.45489090e+02   7.34033601e-05
   3.45489578e+02   2.43135332e-03
   3.45490066e+02   1.44138676e-03
   3.45490555e+02  -9.22023784e-04
   3.45491043e+02  -1.38669112e-03
   3.45491531e+02  -4.65557940e-04
   3.45492020e+02   8.06262833e-04
   3.45492508e+02   1.46845635e-03
   3.45492996e+02   1.80011650e-03
   3.45493485e+02   1.11613679e-03
   3.45493973e+02   8.61293287e-04
   3.45494461e+02   3.04113794e-03
   3.45494950e+02   4.62231319e-03
   3.45495438e+02   3.40523152e-03
   3.45495926e+02   2.00409046e-03
   3.45496414e+02   2.73480988e-03
   3.45496903e+02   4.34141839e-03
   3.45497391e+02   4.85812547e-03
   3.45497879e+02   3.57835717e-03
   3.45498368e+02   9.63708502e-04
   3.45498856e+02  -1.15496304e-03
   3.45499344e+02  -1.49361114e-03
   3.45499833e+02  -1.02249300e-03
   3.45500321e+02  -9.88378190e-04
   3.45500809e+02  -6.79522869e-04
   3.45501298e+02   3.43893975e-04
   3.45501786e+02   2.66717747e-04
   3.45502274e+02  -9.35823191e-04
   3.45502762e+02  -1.20129739e-03
   3.45503251e+02  -6.93443930e-04
   3.45503739e+02  -8.91166914e-04
   3.45504227e+02  -1.21802696e-04
   3.45504716e+02   1.85302924e-03
   3.45505204e+02   3.88823240e-03
   3.45505692e+02   4.60947072e-03
   3.45506181e+02   4.08181595e-03
   3.45506669e+02   3.48605937e-03
   3.45507157e+02   2.76929908e-03
   3.45507646e+02   1.56897842e-03
   3.45508134e+02   1.04457350e-03
   3.45508622e+02   8.64179747e-04
   3.45509110e+02   1.60113524e-03
   3.45509599e+02   3.19388555e-03
   3.45510087e+02   3.22116259e-03
   3.45510575e+02   5.06893219e-03
   3.45511064e+02   1.11263189e-02
   3.45511552e+02   1.87533647e-02
   3.45512040e+02   3.57230939e-02
   3.45512529e+02   7.65819699e-02
   3.45513017e+02   1.48825094e-01
   3.45513505e+02   2.45335042e-01
   3.45513994e+02   3.44802320e-01
   3.45514482e+02   4.28760648e-01
   3.45514970e+02   4.81187522e-01
   3.45515458e+02   4.89414781e-01
   3.45515947e+02   4.58539873e-01
   3.45516435e+02   4.08646256e-01
   3.45516923e+02   3.49807173e-01
   3.45517412e+02   2.76897848e-01
   3.45517900e+02   1.91993371e-01
   3.45518388e+02   1.12738989e-01
   3.45518877e+02   6.04843572e-02
   3.45519365e+02   3.37397382e-02
   3.45519853e+02   1.70220416e-02
   3.45520342e+02   6.78261369e-03
   3.45520830e+02   4.29412862e-03
   3.45521318e+02   4.76051122e-03
   3.45521806e+02   4.61317925e-03
   3.45522295e+02   4.50997008e-03
   3.45522783e+02   3.26611823e-03
   3.45523271e+02   1.23714888e-03
   3.45523760e+02  -1.47667582e-04
   3.45524248e+02  -7.00149685e-05
   3.45524736e+02   1.37413479e-03
   3.45525225e+02   2.09242152e-03
   3.45525713e+02   1.17154035e-03
   3.45526201e+02  -7.98899855e-04
   3.45526690e+02  -2.11392902e-03
   3.45527178e+02  -1.14053977e-03
   3.45527666e+02  -6.84720231e-04
   3.45528155e+02  -1.43612642e-03
   3.45528643e+02  -1.92143512e-03
   3.45529131e+02  -2.55286437e-03
   3.45529619e+02  -2.32705334e-03
   3.45530108e+02  -5.56877174e-04
   3.45530596e+02   1.18229410e-03
   3.45531084e+02   2.69848766e-04
   3.45531573e+02  -1.21693697e-03
   3.45532061e+02  -1.11809326e-03
   3.45532549e+02  -9.89194305e-05
   3.45533038e+02  -1.07930915e-04
   3.45533526e+02  -1.86126982e-03
   3.45534014e+02  -2.96535017e-03
   3.45534503e+02  -2.71170284e-03
   3.45534991e+02  -2.51698401e-03
   3.45535479e+02  -2.79610581e-03
   3.45535967e+02  -2.33323057e-03
   3.45536456e+02  -1.42513844e-03
   3.45536944e+02  -1.45552505e-03
   3.45537432e+02  -1.64585433e-03
   3.45537921e+02  -5.65427355e-04
   3.45538409e+02   6.15782046e-04
   3.45538897e+02   4.56059526e-04
   3.45539386e+02  -8.88795708e-04
   3.45539874e+02  -2.44790968e-03
   3.45540362e+02  -1.99081306e-03
   3.45540851e+02  -2.84685084e-04
   3.45541339e+02   5.43621078e-04
   3.45541827e+02   1.47976575e-03
   3.45542315e+02   2.28504604e-03
   3.45542804e+02   1.36051711e-03
   3.45543292e+02  -2.15662731e-04
   3.45543780e+02  -5.61551133e-04
   3.45544269e+02   2.05925797e-04
   3.45544757e+02   3.10915115e-04
   3.45545245e+02  -4.35144902e-04
   3.45545734e+02  -5.63706737e-04
   3.45546222e+02   5.74262580e-04
   3.45546710e+02   1.59314310e-03
   3.45547199e+02   6.52387622e-04
   3.45547687e+02  -4.63494653e-04
   3.45548175e+02  -2.04507684e-04
   3.45548663e+02   4.50776017e-04
   3.45549152e+02   1.56529504e-03
   3.45549640e+02   1.61998987e-03
   3.45550128e+02   2.86658847e-04
   3.45550617e+02  -1.03119179e-03
   3.45551105e+02  -1.34252699e-03
   3.45551593e+02  -4.43150580e-04
   3.45552082e+02  -4.46299702e-04
   3.45552570e+02  -1.60285528e-03
   3.45553058e+02  -1.94596220e-03
   3.45553547e+02  -9.04076209e-04
   3.45554035e+02   4.15791379e-04
   3.45554523e+02   2.53689592e-04
   3.45555011e+02  -1.09975506e-03
   3.45555500e+02  -2.05558795e-03
   3.45555988e+02  -1.89248356e-03
   3.45556476e+02  -1.62537105e-03
   3.45556965e+02  -2.30678520e-03
   3.45557453e+02  -2.03093421e-03
   3.45557941e+02   7.50961131e-04
   3.45558430e+02   3.76640656e-03
   3.45558918e+02   4.86707920e-03
   3.45559406e+02   4.65958379e-03
   3.45559895e+02   3.00975656e-03
   3.45560383e+02   1.17746997e-03
   3.45560871e+02   6.45309978e-04
   3.45561359e+02  -5.93552941e-05
   3.45561848e+02  -1.43852655e-03
   3.45562336e+02  -1.83830655e-03
   3.45562824e+02  -1.20927626e-03
   3.45563313e+02  -9.06846108e-05
   3.45563801e+02   1.09233789e-03
   3.45564289e+02   2.06213538e-03
   3.45564778e+02   3.11054010e-03
   3.45565266e+02   2.71467841e-03
   3.45565754e+02   1.20259379e-03
   3.45566243e+02   9.63207916e-04
   3.45566731e+02   1.45794835e-03
   3.45567219e+02   1.56773243e-03
   3.45567708e+02   1.48359570e-03
   3.45568196e+02   9.75346484e-04
   3.45568684e+02   1.07672915e-03
   3.45569172e+02   9.18493082e-04
   3.45569661e+02  -2.52763624e-04
   3.45570149e+02  -2.37483197e-04
   3.45570637e+02   3.33674659e-04
   3.45571126e+02   1.08796626e-03
   3.45571614e+02   1.97998760e-03
   3.45572102e+02   3.72797425e-04
   3.45572591e+02  -1.19713019e-03
   3.45573079e+02  -6.65150234e-04
   3.45573567e+02  -4.89478058e-04
   3.45574056e+02  -7.75623543e-04
   3.45574544e+02  -5.89142670e-04
   3.45575032e+02   4.31391411e-04
   3.45575520e+02   2.01595924e-03
   3.45576009e+02   2.45622871e-03
   3.45576497e+02   2.04584794e-03
   3.45576985e+02   2.33614026e-03
   3.45577474e+02   2.29078252e-03
   3.45577962e+02   3.64355248e-04
   3.45578450e+02  -2.22838530e-03
   3.45578939e+02  -3.96555150e-03
   3.45579427e+02  -3.44279245e-03
   3.45579915e+02  -1.24904269e-04
   3.45580404e+02   1.26032659e-03
   3.45580892e+02   1.04530591e-04
   3.45581380e+02   6.32266572e-04
   3.45581868e+02   1.68103434e-03
   3.45582357e+02   8.33866245e-04
   3.45582845e+02  -1.22821634e-03
   3.45583333e+02  -3.14446655e-03
   3.45583822e+02  -4.41549672e-03
   3.45584310e+02  -3.76598467e-03
   3.45584798e+02  -1.21695781e-03
   3.45585287e+02   6.38911501e-04
   3.45585775e+02   4.97942907e-04
   3.45586263e+02  -8.67625815e-04
   3.45586752e+02  -2.50037224e-03
   3.45587240e+02  -3.33826896e-03
   3.45587728e+02  -2.29662773e-03
   3.45588216e+02   3.85289110e-04
   3.45588705e+02   1.70033483e-03
   3.45589193e+02   9.58682445e-04
   3.45589681e+02   1.14995544e-03
   3.45590170e+02   1.51505927e-03
   3.45590658e+02   4.02077509e-04
   3.45591146e+02  -5.42784634e-04
   3.45591635e+02  -4.19037679e-04
   3.45592123e+02  -9.59720201e-05
   3.45592611e+02   1.22624484e-03
   3.45593100e+02   1.47812814e-03
   3.45593588e+02  -9.47221066e-04
   3.45594076e+02  -1.13916991e-03
   3.45594564e+02   1.52823306e-03
   3.45595053e+02   2.80476874e-03
   3.45595541e+02   2.17727735e-03
   3.45596029e+02   8.99873558e-04
   3.45596518e+02   5.97319740e-04
   3.45597006e+02   1.23228692e-03
   3.45597494e+02   1.05320930e-03
   3.45597983e+02   1.38761825e-04
   3.45598471e+02   1.67517326e-04
   3.45598959e+02  -2.51420541e-04
   3.45599448e+02  -1.44838879e-03
   3.45599936e+02  -8.03047034e-04
   3.45600424e+02   1.01264124e-03
   3.45600912e+02   2.22226209e-03
   3.45601401e+02   2.04256503e-03
   3.45601889e+02  -1.26777304e-04
   3.45602377e+02  -2.22210633e-03
   3.45602866e+02  -1.69637718e-03
   3.45603354e+02  -6.70823269e-04
   3.45603842e+02  -1.04118290e-03
   3.45604331e+02  -2.17924872e-03
   3.45604819e+02  -2.39674444e-03
   3.45605307e+02  -1.52110611e-03
   3.45605796e+02  -7.93383340e-04
   3.45606284e+02   3.61586601e-04
   3.45606772e+02   5.80963388e-04
   3.45607261e+02  -1.42466417e-03
   3.45607749e+02  -2.64401082e-03
   3.45608237e+02  -2.51117395e-03
   3.45608725e+02  -2.41971388e-03
   3.45609214e+02  -2.03749188e-03
   3.45609702e+02  -2.44818907e-03
   3.45610190e+02  -2.64297077e-03
   3.45610679e+02  -6.76309399e-04
   3.45611167e+02   9.37778386e-04
   3.45611655e+02   9.98245087e-04
   3.45612144e+02   8.23421578e-04
   3.45612632e+02   4.71695268e-04
   3.45613120e+02  -7.88166712e-04
   3.45613609e+02  -1.69031636e-03
   3.45614097e+02  -8.00767448e-04
   3.45614585e+02   2.35550469e-05
   3.45615073e+02  -9.79218981e-04
   3.45615562e+02  -1.62722601e-03
   3.45616050e+02   1.55230300e-04
   3.45616538e+02   2.13198899e-03
   3.45617027e+02   1.06523279e-03
   3.45617515e+02  -1.17490208e-03
   3.45618003e+02  -1.65850518e-03
   3.45618492e+02  -1.23156619e-03
   3.45618980e+02  -4.29847249e-04
   3.45619468e+02   9.73194197e-04
   3.45619957e+02   1.73293485e-03
   3.45620445e+02   1.19936431e-03
   3.45620933e+02  -1.08977265e-05
   3.45621421e+02  -4.35417576e-04
   3.45621910e+02   8.02444352e-04
   3.45622398e+02   1.44622114e-03
   3.45622886e+02   2.97801191e-04
   3.45623375e+02  -1.23121554e-05
   3.45623863e+02   1.39371713e-03
   3.45624351e+02   2.53213081e-03
   3.45624840e+02   2.30759848e-03
   3.45625328e+02   4.53119486e-04
   3.45625816e+02  -2.87340372e-03
   3.45626305e+02  -4.94828261e-03
   3.45626793e+02  -3.42383049e-03
   3.45627281e+02  -1.56599551e-03
   3.45627769e+02  -1.61243661e-03
   3.45628258e+02  -1.09776454e-04
   3.45628746e+02   2.92316405e-03
   3.45629234e+02   3.76003375e-03
   3.45629723e+02   2.43403250e-03
   3.45630211e+02   1.28846953e-03
   3.45630699e+02   3.63811821e-04
   3.45631188e+02  -9.78583121e-04
   3.45631676e+02  -6.59330864e-04
   3.45632164e+02   1.34458276e-03
   3.45632653e+02   1.06727716e-03
   3.45633141e+02  -1.56959996e-03
   3.45633629e+02  -2.64485111e-03
   3.45634117e+02  -1.51558104e-03
   3.45634606e+02   3.78791651e-06
   3.45635094e+02   6.04406639e-04
   3.45635582e+02   1.21387315e-03
   3.45636071e+02   1.55604316e-03
   3.45636559e+02   7.83305324e-04
   3.45637047e+02   8.27490876e-05
   3.45637536e+02   7.60155453e-05
   3.45638024e+02  -6.58588469e-05
   3.45638512e+02  -1.25245700e-04
   3.45639001e+02   8.15387291e-04
   3.45639489e+02   1.36441493e-03
   3.45639977e+02   8.47272822e-05
   3.45640465e+02  -1.90246641e-03
   3.45640954e+02  -2.57803290e-03
   3.45641442e+02  -1.89322652e-03
   3.45641930e+02  -2.10168376e-03
   3.45642419e+02  -3.12723313e-03
   3.45642907e+02  -2.47390149e-03
   3.45643395e+02  -1.38368097e-03
   3.45643884e+02  -1.39642786e-03
   3.45644372e+02  -8.32277510e-05
   3.45644860e+02   1.31422048e-03
   3.45645349e+02  -8.93909237e-05
   3.45645837e+02  -1.63694739e-03
   3.45646325e+02  -1.26156351e-03
   3.45646814e+02  -1.36245706e-03
   3.45647302e+02  -3.01807863e-03
   3.45647790e+02  -4.44349321e-03
   3.45648278e+02  -3.43292276e-03
   3.45648767e+02  -1.10466720e-03
   3.45649255e+02   1.91093131e-03
   3.45649743e+02   3.33281606e-03
   3.45650232e+02   2.35948013e-03
   3.45650720e+02   2.33973656e-03
   3.45651208e+02   3.03198188e-03
   3.45651697e+02   2.37506651e-03
   3.45652185e+02   1.04678993e-03
   3.45652673e+02  -7.97992514e-04
   3.45653162e+02  -1.76224590e-03
   3.45653650e+02  -1.01085927e-03
   3.45654138e+02   7.70016166e-04
   3.45654626e+02   2.88256444e-03
   3.45655115e+02   2.71370402e-03
   3.45655603e+02   6.88123546e-05
   3.45656091e+02  -1.80907012e-03
   3.45656580e+02  -1.00251008e-03
   3.45657068e+02   3.99329110e-05
   3.45657556e+02  -7.19985401e-04
   3.45658045e+02  -1.45576708e-03
   3.45658533e+02  -7.19242031e-04
   3.45659021e+02   1.11219694e-03
   3.45659510e+02   1.45369722e-03
   3.45659998e+02   3.77948425e-04
   3.45660486e+02   7.28477258e-04
   3.45660974e+02   2.02177162e-03
   3.45661463e+02   2.09514587e-03
   3.45661951e+02   2.51127803e-03
   3.45662439e+02   3.53424787e-03
   3.45662928e+02   2.79236818e-03
   3.45663416e+02   2.06019008e-03
   3.45663904e+02   1.94687885e-03
   3.45664393e+02   4.68524580e-04
   3.45664881e+02  -1.17192417e-03
   3.45665369e+02  -1.47033285e-03
   3.45665858e+02  -1.90875866e-03
   3.45666346e+02  -3.07278358e-03
   3.45666834e+02  -3.12796491e-03
   3.45667322e+02  -2.44933553e-03
   3.45667811e+02  -1.56415405e-03
   3.45668299e+02   5.03673335e-04
   3.45668787e+02   1.81467133e-03
   3.45669276e+02   8.43566027e-04
   3.45669764e+02  -2.21096998e-04
   3.45670252e+02  -7.75497872e-04
   3.45670741e+02  -1.49868347e-03
   3.45671229e+02  -1.32293557e-03
   3.45671717e+02  -5.11156977e-04
   3.45672206e+02  -2.69871525e-04
   3.45672694e+02   4.66948368e-05
   3.45673182e+02   8.55357037e-04
   3.45673670e+02   1.42407662e-03
   3.45674159e+02   1.83130789e-03
   3.45674647e+02   1.94673741e-03
   3.45675135e+02   5.24534495e-04
   3.45675624e+02  -1.45880086e-03
   3.45676112e+02  -1.37447007e-03
   3.45676600e+02   4.84000630e-04
   3.45677089e+02   1.65903242e-03
   3.45677577e+02   3.32623487e-04
   3.45678065e+02  -2.07207282e-03
   3.45678554e+02  -1.76222820e-03
   3.45679042e+02   3.03385332e-05
   3.45679530e+02  -7.83428957e-04
   3.45680018e+02  -1.66844181e-03
   3.45680507e+02  -1.74812961e-03
   3.45680995e+02  -3.27176112e-03
   3.45681483e+02  -3.95891163e-03
   3.45681972e+02  -3.01197660e-03
   3.45682460e+02  -1.25806802e-03
   3.45682948e+02   9.68352077e-04
   3.45683437e+02   1.44894375e-03
   3.45683925e+02   3.79567791e-04
   3.45684413e+02  -4.05469997e-04
   3.45684902e+02  -1.06766797e-03
   3.45685390e+02  -1.50202296e-03
   3.45685878e+02  -1.17273908e-03
   3.45686367e+02  -2.18713903e-04
   3.45686855e+02  -1.87187892e-04
   3.45687343e+02  -1.57920655e-03
   3.45687831e+02  -1.76575815e-03
   3.45688320e+02  -1.21742778e-03
   3.45688808e+02  -1.31465204e-03
   3.45689296e+02  -8.55590391e-04
   3.45689785e+02   2.04815966e-04
   3.45690273e+02   2.24410396e-04
   3.45690761e+02  -6.37792691e-04
   3.45691250e+02  -1.47421483e-03
   3.45691738e+02  -1.79062609e-03
   3.45692226e+02  -2.23978495e-04
   3.45692715e+02   9.82868369e-04
   3.45693203e+02   2.36120526e-04
   3.45693691e+02  -5.63396839e-04
   3.45694179e+02  -4.34980611e-04
   3.45694668e+02   5.24777395e-04
   3.45695156e+02   1.22313469e-03
   3.45695644e+02   1.51445885e-04
   3.45696133e+02  -1.52653514e-03
   3.45696621e+02  -1.20096048e-03
   3.45697109e+02  -1.32177054e-04
   3.45697598e+02  -1.13928538e-04
   3.45698086e+02   1.11999005e-04
   3.45698574e+02   1.17630651e-03
   3.45699063e+02   1.37757929e-03
   3.45699551e+02   4.95551212e-04
   3.45700039e+02   3.10023490e-04
   3.45700527e+02   2.01978881e-04
   3.45701016e+02  -1.09485374e-03
   3.45701504e+02  -1.76526618e-03
   3.45701992e+02  -3.07031412e-04
   3.45702481e+02   8.87866016e-04
   3.45702969e+02  -9.86068480e-05
   3.45703457e+02  -1.59058487e-03
   3.45703946e+02  -3.04974336e-03
   3.45704434e+02  -4.11658315e-03
   3.45704922e+02  -3.41610773e-03
   3.45705411e+02  -2.22987449e-03
   3.45705899e+02  -1.56784011e-03
   3.45706387e+02  -1.60081300e-03
   3.45706875e+02  -9.66827036e-04
   3.45707364e+02   8.64404778e-04
   3.45707852e+02   1.62358326e-03
   3.45708340e+02   4.59120274e-05
   3.45708829e+02  -8.58182553e-04
   3.45709317e+02   4.47263941e-04
   3.45709805e+02   1.45403179e-03
   3.45710294e+02   3.32466123e-04
   3.45710782e+02  -1.17737870e-03
   3.45711270e+02  -1.74035272e-03
   3.45711759e+02  -1.97423738e-03
   3.45712247e+02  -2.65675317e-03
   3.45712735e+02  -3.09267477e-03
   3.45713223e+02  -2.05240957e-03
   3.45713712e+02   9.40149112e-05
   3.45714200e+02   9.16514720e-04
   3.45714688e+02  -1.15824980e-03
   3.45715177e+02  -2.54661916e-03
   3.45715665e+02  -5.10900223e-04
   3.45716153e+02   1.28070370e-03
   3.45716642e+02   5.26613323e-04
   3.45717130e+02  -1.03042799e-03
   3.45717618e+02  -1.21075648e-03
   3.45718107e+02   1.80612726e-04
   3.45718595e+02   1.57113536e-03
   3.45719083e+02   2.07858137e-03
   3.45719571e+02   1.64797995e-03
   3.45720060e+02   3.21534491e-04
   3.45720548e+02  -8.92068550e-04
   3.45721036e+02  -8.85367510e-04
   3.45721525e+02  -3.77282879e-04
   3.45722013e+02  -6.72177062e-04
   3.45722501e+02  -9.88832442e-04
   3.45722990e+02  -3.42768850e-04
   3.45723478e+02   2.07564328e-04
   3.45723966e+02   5.05433534e-04
   3.45724455e+02   1.84412382e-03
   3.45724943e+02   2.68147863e-03
   3.45725431e+02   2.27198238e-03
   3.45725920e+02   1.38092425e-03
   3.45726408e+02  -5.51626203e-04
   3.45726896e+02  -1.53332727e-03
   3.45727384e+02  -1.23664240e-05
   3.45727873e+02   1.66608684e-03
   3.45728361e+02   2.14804686e-03
   3.45728849e+02   2.92948657e-03
   3.45729338e+02   2.79037026e-03
   3.45729826e+02   1.20635913e-03
   3.45730314e+02  -5.84874011e-04
   3.45730803e+02  -1.01192831e-03
   3.45731291e+02   1.10410899e-03
   3.45731779e+02   4.04984225e-03
   3.45732268e+02   5.61799668e-03
   3.45732756e+02   4.95956466e-03
   3.45733244e+02   2.59464374e-03
   3.45733732e+02   4.89922822e-04
   3.45734221e+02  -5.77436527e-04
   3.45734709e+02  -1.38970464e-03
   3.45735197e+02  -2.02391669e-03
   3.45735686e+02  -1.88716582e-03
   3.45736174e+02  -1.38538773e-03
   3.45736662e+02  -1.14982692e-03
   3.45737151e+02  -5.58901287e-04
   3.45737639e+02  -6.15462195e-04
   3.45738127e+02  -2.61174049e-03
   3.45738616e+02  -4.45797201e-03
   3.45739104e+02  -4.33962792e-03
   3.45739592e+02  -1.95002311e-03
   3.45740080e+02   7.28071376e-04
   3.45740569e+02   7.92710518e-04
   3.45741057e+02  -7.83965632e-04
   3.45741545e+02  -1.68094481e-03
   3.45742034e+02  -2.03724811e-03
   3.45742522e+02  -1.43573794e-03
   3.45743010e+02  -5.98958177e-05
   3.45743499e+02   4.05288098e-04
   3.45743987e+02  -7.39174429e-04
   3.45744475e+02  -2.07702606e-03
   3.45744964e+02  -2.26985640e-03
   3.45745452e+02  -2.15273397e-03
   3.45745940e+02  -2.03526160e-03
   3.45746428e+02  -1.56190374e-03
   3.45746917e+02  -9.31365765e-04
   3.45747405e+02  -6.27150759e-04
   3.45747893e+02  -2.29759942e-04
   3.45748382e+02   7.86990917e-04
   3.45748870e+02   1.54987245e-03
   3.45749358e+02   1.94865733e-03
   3.45749847e+02   2.20394577e-03
   3.45750335e+02   1.47346361e-03
   3.45750823e+02  -4.49098443e-04
   3.45751312e+02  -1.77327136e-03
   3.45751800e+02  -8.35273298e-04
   3.45752288e+02   9.93035617e-04
   3.45752776e+02   1.59973325e-03
   3.45753265e+02   1.00515340e-03
   3.45753753e+02   1.13392470e-03
   3.45754241e+02   3.00903316e-03
   3.45754730e+02   3.59262316e-03
   3.45755218e+02   1.99989160e-03
   3.45755706e+02   7.08853011e-04
   3.45756195e+02  -1.13079041e-04
   3.45756683e+02   5.13409730e-04
   3.45757171e+02   2.85072322e-03
   3.45757660e+02   3.87693592e-03
   3.45758148e+02   3.43169039e-03
   3.45758636e+02   3.58558609e-03
   3.45759124e+02   3.22756800e-03
   3.45759613e+02   2.18106387e-03
   3.45760101e+02   1.66316191e-03
   3.45760589e+02   1.17277587e-03
   3.45761078e+02   3.96497431e-04
   3.45761566e+02   2.86203052e-04
   3.45762054e+02   1.90275779e-04
   3.45762543e+02  -6.67015673e-04
   3.45763031e+02  -5.52630459e-04
   3.45763519e+02  -8.01302886e-05
   3.45764008e+02  -2.62157031e-04
   3.45764496e+02   3.11838638e-04
   3.45764984e+02   1.05852354e-03
   3.45765473e+02   1.05043803e-03
   3.45765961e+02   7.21553573e-04
   3.45766449e+02   9.88632557e-04
   3.45766937e+02   2.53028865e-03
   3.45767426e+02   2.89343297e-03
   3.45767914e+02   1.29558321e-03
   3.45768402e+02  -1.56167916e-05
   3.45768891e+02  -5.18628978e-04
   3.45769379e+02  -9.15262615e-04
   3.45769867e+02  -1.34969712e-03
   3.45770356e+02  -3.13033175e-04
   3.45770844e+02   1.33957074e-03
   3.45771332e+02   1.34149799e-03
   3.45771821e+02   1.41332916e-03
   3.45772309e+02   8.54864425e-04
   3.45772797e+02  -1.13550865e-03
   3.45773285e+02  -1.89822831e-03
   3.45773774e+02  -2.12944020e-03
   3.45774262e+02  -2.60566478e-03
   3.45774750e+02  -1.67566119e-03
   3.45775239e+02   3.34076147e-04
   3.45775727e+02   1.05078251e-03
   3.45776215e+02  -3.96968680e-04
   3.45776704e+02  -1.31221791e-03
   3.45777192e+02  -1.72777931e-04
   3.45777680e+02   1.24862208e-03
   3.45778169e+02   1.55031611e-03
   3.45778657e+02   1.08697417e-03
   3.45779145e+02   8.20328016e-04
   3.45779633e+02   6.68744789e-04
   3.45780122e+02   3.62845283e-04
   3.45780610e+02  -5.54703060e-04
   3.45781098e+02  -1.40470348e-03
   3.45781587e+02  -1.16726803e-03
   3.45782075e+02  -1.96235883e-03
   3.45782563e+02  -3.18227545e-03
   3.45783052e+02  -3.05213849e-03
   3.45783540e+02  -2.98401690e-03
   3.45784028e+02  -1.48146390e-03
   3.45784517e+02   1.61702232e-03
   3.45785005e+02   2.58607930e-03
   3.45785493e+02   1.43131590e-03
   3.45785981e+02   1.23955391e-03
   3.45786470e+02   2.04480439e-03
   3.45786958e+02   1.79837621e-03
   3.45787446e+02   6.37570862e-04
   3.45787935e+02   4.39897030e-06
   3.45788423e+02   2.98385362e-06
   3.45788911e+02   3.58630175e-04
   3.45789400e+02   9.91791137e-04
   3.45789888e+02   1.15289108e-03
   3.45790376e+02   5.72426710e-04
   3.45790865e+02   6.65165076e-04
   3.45791353e+02   1.53865560e-03
   3.45791841e+02   1.56358606e-03
   3.45792329e+02   3.68675683e-04
   3.45792818e+02  -4.81979863e-04
   3.45793306e+02   5.64084679e-04
   3.45793794e+02   2.06551724e-03
   3.45794283e+02   1.13377557e-03
   3.45794771e+02  -1.13100442e-03
   3.45795259e+02  -2.07778858e-03
   3.45795748e+02  -1.31321629e-03
   3.45796236e+02   2.43182767e-05
   3.45796724e+02   7.74049666e-04
   3.45797213e+02   8.12881510e-04
   3.45797701e+02   4.81967669e-04
   3.45798189e+02  -3.77964287e-04
   3.45798677e+02  -1.51325681e-03
   3.45799166e+02  -1.52118679e-03
   3.45799654e+02  -9.40484111e-04
   3.45800142e+02  -9.97140771e-04
   3.45800631e+02  -1.66067213e-03
   3.45801119e+02  -1.89578289e-03
   3.45801607e+02  -4.73614957e-04
   3.45802096e+02   7.42845179e-04
   3.45802584e+02  -9.22574964e-06
   3.45803072e+02  -8.14657658e-04
   3.45803561e+02  -1.34273170e-04
   3.45804049e+02   1.11464597e-03
   3.45804537e+02   1.22446520e-03
   3.45805026e+02  -3.64339285e-05
   3.45805514e+02  -5.97126491e-04
   3.45806002e+02  -4.39836091e-04
   3.45806490e+02  -1.41342066e-03
   3.45806979e+02  -2.42458889e-03
   3.45807467e+02  -2.76360754e-03
   3.45807955e+02  -1.97859947e-03
   3.45808444e+02   6.81217280e-05
   3.45808932e+02   7.72200467e-04
   3.45809420e+02  -5.46782918e-04
   3.45809909e+02  -1.45980436e-03
   3.45810397e+02  -1.43770082e-03
   3.45810885e+02  -1.45772018e-03
   3.45811374e+02  -1.06343604e-03
   3.45811862e+02   4.24182188e-04
   3.45812350e+02   2.02882034e-03
   3.45812838e+02   2.29320605e-03
   3.45813327e+02   2.13235780e-03
   3.45813815e+02   9.51768016e-04
   3.45814303e+02  -1.42726803e-03
   3.45814792e+02  -1.43663608e-03
   3.45815280e+02  -4.96146444e-04
   3.45815768e+02  -9.90937930e-04
   3.45816257e+02  -8.15159437e-05
   3.45816745e+02   7.17279327e-04
   3.45817233e+02  -6.31966977e-04
   3.45817722e+02  -2.73677841e-04
   3.45818210e+02   1.60171912e-04
   3.45818698e+02  -1.57461362e-03
   3.45819186e+02  -1.40384957e-03
   3.45819675e+02   5.64838934e-04
   3.45820163e+02   8.22092814e-04
   3.45820651e+02  -1.85670005e-03
   3.45821140e+02  -5.30357100e-03
   3.45821628e+02  -5.88902598e-03
   3.45822116e+02  -4.32175491e-03
   3.45822605e+02  -2.73917662e-03
