frequency (GHz), flux (Jy/beam)
   3.44020461e+02  -1.21018616e-04
   3.44020949e+02   9.91730485e-05
   3.44021438e+02   1.44480087e-04
   3.44021926e+02  -9.89540858e-05
   3.44022414e+02  -1.28005631e-04
   3.44022903e+02  -1.28950769e-05
   3.44023391e+02  -2.72788951e-04
   3.44023879e+02  -2.14599000e-04
   3.44024367e+02   2.81548564e-04
   3.44024856e+02   3.12432298e-04
   3.44025344e+02   9.15331402e-05
   3.44025832e+02   3.14806457e-05
   3.44026321e+02  -3.76381577e-05
   3.44026809e+02  -1.23963517e-04
   3.44027297e+02  -3.38482350e-05
   3.44027786e+02  -8.10414131e-05
   3.44028274e+02  -3.33420525e-04
   3.44028762e+02   9.92938876e-05
   3.44029251e+02   7.41009891e-04
   3.44029739e+02   7.20518758e-04
   3.44030227e+02   4.39447613e-04
   3.44030716e+02   3.92378774e-04
   3.44031204e+02   4.19781427e-04
   3.44031692e+02   1.27621053e-04
   3.44032181e+02  -3.44324479e-04
   3.44032669e+02  -1.75388777e-04
   3.44033157e+02   1.18851378e-04
   3.44033646e+02   6.48828718e-05
   3.44034134e+02   4.27980922e-05
   3.44034622e+02   1.90628038e-04
   3.44035110e+02   3.45053151e-04
   3.44035599e+02   4.79172695e-06
   3.44036087e+02  -5.22765797e-04
   3.44036575e+02  -4.24823287e-04
   3.44037064e+02  -1.89630708e-04
   3.44037552e+02  -1.48407242e-04
   3.44038040e+02  -3.27583053e-04
   3.44038529e+02  -3.89838126e-04
   3.44039017e+02  -1.87548707e-04
   3.44039505e+02   2.02495412e-05
   3.44039994e+02   1.93710483e-04
   3.44040482e+02   1.81374882e-04
   3.44040970e+02   1.27200314e-04
   3.44041459e+02   7.52769993e-05
   3.44041947e+02  -6.56713601e-05
   3.44042435e+02   9.19860831e-05
   3.44042924e+02   2.32391321e-04
   3.44043412e+02  -9.32136609e-05
   3.44043900e+02  -2.96000362e-04
   3.44044389e+02  -2.20913586e-04
   3.44044877e+02  -6.70639420e-05
   3.44045365e+02  -6.27694099e-05
   3.44045853e+02  -3.04695423e-04
   3.44046342e+02  -1.56028502e-04
   3.44046830e+02   3.03200795e-04
   3.44047318e+02   3.91085661e-04
   3.44047807e+02   2.45618721e-04
   3.44048295e+02   2.85952206e-04
   3.44048783e+02   3.69927060e-04
   3.44049272e+02   2.35032931e-04
   3.44049760e+02   1.40706019e-04
   3.44050248e+02  -6.89668086e-05
   3.44050737e+02  -1.43927798e-04
   3.44051225e+02   7.71182458e-05
   3.44051713e+02  -1.28667336e-04
   3.44052202e+02  -1.35391325e-04
   3.44052690e+02   1.93681655e-04
   3.44053178e+02   2.38667126e-04
   3.44053667e+02   2.33228129e-04
   3.44054155e+02  -5.31390797e-05
   3.44054643e+02  -5.21011651e-04
   3.44055132e+02  -2.86433555e-04
   3.44055620e+02   1.80988704e-04
   3.44056108e+02   1.53346526e-04
   3.44056597e+02  -3.30732400e-05
   3.44057085e+02   4.12534700e-06
   3.44057573e+02   3.89532506e-05
   3.44058061e+02  -2.34633808e-05
   3.44058550e+02  -1.70002269e-04
   3.44059038e+02  -7.15217902e-05
   3.44059526e+02   3.99872224e-04
   3.44060015e+02   5.88266179e-04
   3.44060503e+02   3.41611594e-04
   3.44060991e+02   2.20197719e-04
   3.44061480e+02   2.83685804e-05
   3.44061968e+02  -3.46774876e-04
   3.44062456e+02  -3.54127114e-04
   3.44062945e+02  -1.31739202e-04
   3.44063433e+02   1.47441442e-05
   3.44063921e+02   8.89500006e-05
   3.44064410e+02  -1.48209772e-04
   3.44064898e+02  -1.97665664e-04
   3.44065386e+02   1.09568109e-05
   3.44065875e+02   1.10293622e-04
   3.44066363e+02   3.03179753e-04
   3.44066851e+02   1.97935675e-04
   3.44067340e+02  -2.89411219e-05
   3.44067828e+02  -1.97551126e-05
   3.44068316e+02  -4.70319537e-06
   3.44068804e+02   1.75893831e-04
   3.44069293e+02   3.68303707e-04
   3.44069781e+02   2.73606158e-04
   3.44070269e+02   1.01101636e-04
   3.44070758e+02   9.86078612e-06
   3.44071246e+02   8.36173713e-05
   3.44071734e+02   2.69297831e-04
   3.44072223e+02   2.79762549e-04
   3.44072711e+02  -2.91241067e-05
   3.44073199e+02  -2.35605912e-04
   3.44073688e+02   4.18155796e-05
   3.44074176e+02   3.44909931e-04
   3.44074664e+02   4.90914274e-04
   3.44075153e+02   3.64045962e-04
   3.44075641e+02  -3.72654267e-06
   3.44076129e+02  -9.44912390e-05
   3.44076618e+02   1.53603716e-04
   3.44077106e+02   2.41182453e-04
   3.44077594e+02  -3.48088215e-05
   3.44078083e+02  -2.82934663e-04
   3.44078571e+02  -1.89755709e-04
   3.44079059e+02   9.03002874e-05
   3.44079548e+02   1.07267570e-05
   3.44080036e+02  -2.45471922e-04
   3.44080524e+02  -1.43336540e-04
   3.44081012e+02  -5.87099712e-05
   3.44081501e+02  -9.84414801e-05
   3.44081989e+02  -1.66847094e-04
   3.44082477e+02  -1.23754508e-04
   3.44082966e+02   6.93939583e-05
   3.44083454e+02   3.59568330e-05
   3.44083942e+02  -5.13855139e-06
   3.44084431e+02   2.37464017e-04
   3.44084919e+02   3.44340864e-04
   3.44085407e+02   2.44370924e-04
   3.44085896e+02   1.61873977e-04
   3.44086384e+02   1.00604353e-04
   3.44086872e+02   2.54841889e-05
   3.44087361e+02  -1.10756402e-04
   3.44087849e+02  -1.65596619e-04
   3.44088337e+02  -7.84898075e-05
   3.44088826e+02   6.03833214e-05
   3.44089314e+02   1.97085988e-04
   3.44089802e+02   3.25663947e-04
   3.44090291e+02   6.25291796e-05
   3.44090779e+02   1.53135654e-04
   3.44091267e+02   8.22883216e-04
   3.44091755e+02   9.59424768e-04
   3.44092244e+02   8.92538752e-04
   3.44092732e+02   9.43818188e-04
   3.44093220e+02   6.80681143e-04
   3.44093709e+02   2.81223271e-04
   3.44094197e+02   3.33475822e-04
   3.44094685e+02   3.90981382e-04
   3.44095174e+02   9.49753849e-06
   3.44095662e+02  -7.53395943e-05
   3.44096150e+02   5.16686923e-05
   3.44096639e+02  -1.04150771e-04
   3.44097127e+02  -4.71937587e-04
   3.44097615e+02  -4.67054633e-04
   3.44098104e+02  -4.90103448e-05
   3.44098592e+02  -9.84266953e-05
   3.44099080e+02  -3.96061834e-04
   3.44099569e+02  -3.83459701e-04
   3.44100057e+02  -1.55206391e-04
   3.44100545e+02   3.20480904e-04
   3.44101034e+02   7.64265016e-04
   3.44101522e+02   6.53533731e-04
   3.44102010e+02   4.54149922e-05
   3.44102498e+02  -1.80308969e-04
   3.44102987e+02   7.66812736e-05
   3.44103475e+02   1.24414393e-04
   3.44103963e+02   1.79773269e-04
   3.44104452e+02   4.04556835e-04
   3.44104940e+02   3.95772717e-04
   3.44105428e+02   2.10841303e-04
   3.44105917e+02   2.72966776e-04
   3.44106405e+02   2.30631034e-04
   3.44106893e+02  -2.91965407e-05
   3.44107382e+02  -1.63938355e-04
   3.44107870e+02  -2.09182617e-04
   3.44108358e+02  -1.78545757e-04
   3.44108847e+02  -1.52764638e-04
   3.44109335e+02  -8.90838128e-05
   3.44109823e+02   1.36474730e-04
   3.44110312e+02   1.11386784e-04
   3.44110800e+02  -7.07178333e-05
   3.44111288e+02   1.79956332e-04
   3.44111777e+02   4.11071785e-04
   3.44112265e+02   2.21133945e-04
   3.44112753e+02   1.23587843e-05
   3.44113242e+02  -8.82756285e-05
   3.44113730e+02  -2.01112489e-05
   3.44114218e+02   1.33113805e-04
   3.44114706e+02   3.55582742e-05
   3.44115195e+02   6.41945007e-05
   3.44115683e+02   2.95641861e-04
   3.44116171e+02   4.39420604e-04
   3.44116660e+02   3.34610493e-04
   3.44117148e+02   6.57936980e-05
   3.44117636e+02  -1.76033413e-04
   3.44118125e+02  -3.50372167e-04
   3.44118613e+02  -4.37248353e-04
   3.44119101e+02  -3.08504619e-04
   3.44119590e+02  -2.01602656e-04
   3.44120078e+02  -2.54715414e-04
   3.44120566e+02  -2.53882899e-04
   3.44121055e+02  -3.02886736e-04
   3.44121543e+02  -3.13041674e-04
   3.44122031e+02  -1.53783709e-04
   3.44122520e+02   2.23475334e-04
   3.44123008e+02   5.36696287e-04
   3.44123496e+02   4.54960740e-04
   3.44123985e+02   3.04421003e-04
   3.44124473e+02   1.93127504e-04
   3.44124961e+02  -1.89719314e-04
   3.44125449e+02  -5.80784399e-04
   3.44125938e+02  -6.71973627e-04
   3.44126426e+02  -3.47084046e-04
   3.44126914e+02  -1.58976036e-04
   3.44127403e+02  -3.09670286e-04
   3.44127891e+02  -3.08293937e-04
   3.44128379e+02  -1.79878261e-04
   3.44128868e+02  -5.58487009e-05
   3.44129356e+02  -1.31091801e-04
   3.44129844e+02  -3.17324593e-04
   3.44130333e+02  -2.35323881e-04
   3.44130821e+02  -2.30955426e-04
   3.44131309e+02  -2.67529511e-04
   3.44131798e+02  -4.03282274e-06
   3.44132286e+02   6.92798858e-05
   3.44132774e+02   1.32270812e-04
   3.44133263e+02   4.08417458e-04
   3.44133751e+02   2.39496352e-04
   3.44134239e+02  -7.92639767e-05
   3.44134728e+02  -1.10135705e-04
   3.44135216e+02  -8.39587374e-05
   3.44135704e+02   3.26223744e-05
   3.44136192e+02   9.00701707e-05
   3.44136681e+02   6.60960432e-05
   3.44137169e+02   8.76847407e-05
   3.44137657e+02   2.87094899e-05
   3.44138146e+02  -1.53931513e-04
   3.44138634e+02  -2.38368477e-04
   3.44139122e+02  -7.49234168e-05
   3.44139611e+02   2.10290687e-04
   3.44140099e+02   3.67001281e-04
   3.44140587e+02   2.87805335e-04
   3.44141076e+02   3.39718135e-05
   3.44141564e+02  -9.66418884e-05
   3.44142052e+02   2.42908700e-05
   3.44142541e+02   2.32361301e-04
   3.44143029e+02   3.27132380e-04
   3.44143517e+02   2.01032526e-04
   3.44144006e+02   2.45064484e-06
   3.44144494e+02  -1.65445144e-05
   3.44144982e+02  -2.92732257e-05
   3.44145471e+02  -1.36803748e-04
   3.44145959e+02  -2.85286987e-05
   3.44146447e+02   1.41884811e-04
   3.44146936e+02  -2.69676020e-05
   3.44147424e+02  -2.33421844e-04
   3.44147912e+02  -1.69205043e-04
   3.44148400e+02  -1.32895831e-04
   3.44148889e+02  -1.73959954e-04
   3.44149377e+02   1.35948882e-04
   3.44149865e+02   4.15357033e-04
   3.44150354e+02   1.26288462e-04
   3.44150842e+02  -9.54317293e-05
   3.44151330e+02   1.02637649e-04
   3.44151819e+02   1.89888233e-04
   3.44152307e+02   5.79555526e-05
   3.44152795e+02   9.74502473e-05
   3.44153284e+02   1.90320745e-04
   3.44153772e+02   1.13348782e-04
   3.44154260e+02   1.05750318e-04
   3.44154749e+02   4.27176019e-05
   3.44155237e+02  -5.48025237e-05
   3.44155725e+02  -1.82897620e-05
   3.44156214e+02   1.69270133e-04
   3.44156702e+02   2.29637939e-04
   3.44157190e+02   1.43496727e-04
   3.44157679e+02   1.40260701e-04
   3.44158167e+02   4.84573829e-05
   3.44158655e+02   3.08894632e-05
   3.44159143e+02   3.50233517e-04
   3.44159632e+02   5.29311539e-04
   3.44160120e+02   3.14412289e-04
   3.44160608e+02   2.79805681e-04
   3.44161097e+02   4.06970736e-04
   3.44161585e+02   4.63293582e-05
   3.44162073e+02  -3.07443668e-04
   3.44162562e+02   1.80722462e-04
   3.44163050e+02   8.09651159e-04
   3.44163538e+02   5.94651443e-04
   3.44164027e+02   2.47121381e-04
   3.44164515e+02   5.47550153e-05
   3.44165003e+02  -2.38784196e-04
   3.44165492e+02  -1.79848852e-04
   3.44165980e+02  -5.50737059e-05
   3.44166468e+02  -1.08781998e-04
   3.44166957e+02  -1.48864216e-04
   3.44167445e+02  -2.98411411e-04
   3.44167933e+02  -1.35400638e-04
   3.44168422e+02   7.41536423e-05
   3.44168910e+02  -1.17489479e-04
   3.44169398e+02  -8.15245367e-05
   3.44169886e+02  -3.91051653e-05
   3.44170375e+02  -1.10180990e-04
   3.44170863e+02   4.55387089e-05
   3.44171351e+02  -2.16081480e-05
   3.44171840e+02  -2.47646880e-04
   3.44172328e+02  -1.02868238e-04
   3.44172816e+02   1.98007347e-05
   3.44173305e+02  -1.38954623e-04
   3.44173793e+02  -6.24773238e-05
   3.44174281e+02   1.27407926e-04
   3.44174770e+02   5.95649508e-05
   3.44175258e+02   1.53721267e-04
   3.44175746e+02   3.09764204e-04
   3.44176235e+02   8.92494791e-05
   3.44176723e+02  -8.37753760e-06
   3.44177211e+02   5.25170326e-05
   3.44177700e+02  -3.04487858e-05
   3.44178188e+02  -8.60550790e-05
   3.44178676e+02  -1.20664990e-04
   3.44179165e+02  -5.51352314e-05
   3.44179653e+02   4.04189122e-05
   3.44180141e+02   9.33949195e-05
   3.44180630e+02   1.36722883e-04
   3.44181118e+02   8.69515061e-05
   3.44181606e+02  -9.57691445e-05
   3.44182094e+02  -1.18336786e-04
   3.44182583e+02  -8.52244557e-05
   3.44183071e+02  -9.22587878e-06
   3.44183559e+02   7.37613154e-05
   3.44184048e+02  -6.35977703e-05
   3.44184536e+02  -5.69159711e-05
   3.44185024e+02   2.08657031e-04
   3.44185513e+02   2.06721670e-04
   3.44186001e+02  -2.60360939e-05
   3.44186489e+02   8.82759705e-05
   3.44186978e+02   2.44581781e-04
   3.44187466e+02   1.53185916e-04
   3.44187954e+02   2.76269478e-04
   3.44188443e+02   3.05170164e-04
   3.44188931e+02   1.28200860e-04
   3.44189419e+02   2.56458821e-04
   3.44189908e+02   2.38407971e-04
   3.44190396e+02  -8.38698688e-05
   3.44190884e+02  -2.81690998e-04
   3.44191373e+02  -2.66439631e-04
   3.44191861e+02  -1.50011809e-04
   3.44192349e+02   1.54883470e-04
   3.44192837e+02   3.65866523e-04
   3.44193326e+02  -1.85888293e-05
   3.44193814e+02  -3.38228827e-04
   3.44194302e+02  -3.14232777e-04
   3.44194791e+02  -3.17648315e-04
   3.44195279e+02  -7.07282670e-05
   3.44195767e+02   8.36484251e-05
   3.44196256e+02   1.01325524e-04
   3.44196744e+02   3.63163534e-04
   3.44197232e+02   3.74830328e-04
   3.44197721e+02  -2.55821124e-06
   3.44198209e+02  -1.83798824e-04
   3.44198697e+02  -1.74002809e-04
   3.44199186e+02  -1.56322058e-04
   3.44199674e+02  -8.68578136e-05
   3.44200162e+02  -7.20213138e-05
   3.44200651e+02  -3.25373810e-04
   3.44201139e+02  -4.09111788e-04
   3.44201627e+02  -8.93282631e-05
   3.44202116e+02   1.07140011e-04
   3.44202604e+02   1.76278845e-04
   3.44203092e+02   2.15752472e-04
   3.44203580e+02   3.13189339e-05
   3.44204069e+02  -1.69011662e-04
   3.44204557e+02   5.33348066e-06
   3.44205045e+02   3.25304922e-04
   3.44205534e+02   2.50625279e-04
   3.44206022e+02   1.14993803e-04
   3.44206510e+02   1.29247012e-04
   3.44206999e+02  -1.52779699e-04
   3.44207487e+02  -3.04514513e-04
   3.44207975e+02  -4.18199079e-06
   3.44208464e+02   1.51569475e-04
   3.44208952e+02   2.79184227e-04
   3.44209440e+02   2.77747167e-04
   3.44209929e+02  -4.73351101e-05
   3.44210417e+02  -1.13378926e-04
   3.44210905e+02  -1.62957644e-04
   3.44211394e+02  -2.46930082e-04
   3.44211882e+02  -8.10205820e-05
   3.44212370e+02   1.96500652e-04
   3.44212859e+02   3.44569737e-04
   3.44213347e+02   2.59982946e-04
   3.44213835e+02  -4.57902715e-05
   3.44214324e+02  -9.25207278e-05
   3.44214812e+02   1.78812159e-04
   3.44215300e+02   2.80379114e-04
   3.44215788e+02   1.35466689e-04
   3.44216277e+02   1.59778992e-05
   3.44216765e+02  -1.13477014e-04
   3.44217253e+02  -4.92315667e-05
   3.44217742e+02   1.50648149e-04
   3.44218230e+02   2.79671367e-04
   3.44218718e+02   2.48719327e-04
   3.44219207e+02  -1.09878943e-04
   3.44219695e+02  -7.69490362e-05
   3.44220183e+02   4.88692822e-05
   3.44220672e+02  -9.30355091e-05
   3.44221160e+02  -7.21969045e-05
   3.44221648e+02   4.54088804e-05
   3.44222137e+02   1.24239814e-04
   3.44222625e+02  -1.56707640e-04
   3.44223113e+02  -4.27618157e-04
   3.44223602e+02  -2.58692948e-04
   3.44224090e+02  -1.47804589e-04
   3.44224578e+02  -1.70161613e-04
   3.44225067e+02  -5.63698486e-05
   3.44225555e+02  -3.71173956e-05
   3.44226043e+02  -2.51346933e-06
   3.44226531e+02   3.00454985e-06
   3.44227020e+02  -8.14997111e-05
   3.44227508e+02   1.39904383e-04
   3.44227996e+02   3.93755530e-04
   3.44228485e+02   1.52665903e-04
   3.44228973e+02  -4.37539638e-05
   3.44229461e+02   1.10340392e-04
   3.44229950e+02   1.72836881e-04
   3.44230438e+02   1.63711113e-04
   3.44230926e+02  -3.48037793e-05
   3.44231415e+02  -1.58582261e-04
   3.44231903e+02  -5.70249103e-05
   3.44232391e+02  -7.68306836e-06
   3.44232880e+02  -4.27516170e-06
   3.44233368e+02  -1.03706727e-04
   3.44233856e+02  -5.87303621e-05
   3.44234345e+02   2.52341240e-04
   3.44234833e+02   2.19656504e-04
   3.44235321e+02  -2.95126738e-05
   3.44235810e+02   8.14002269e-05
   3.44236298e+02   1.27869018e-04
   3.44236786e+02  -6.18284757e-05
   3.44237275e+02  -1.84474658e-04
   3.44237763e+02  -1.40208984e-04
   3.44238251e+02   1.48921636e-05
   3.44238739e+02   1.92289677e-04
   3.44239228e+02   1.50280655e-04
   3.44239716e+02   2.88111623e-05
   3.44240204e+02   2.83351023e-04
   3.44240693e+02   5.58878644e-04
   3.44241181e+02   4.06149746e-04
   3.44241669e+02   1.27186315e-04
   3.44242158e+02   1.20328499e-04
   3.44242646e+02   1.32391258e-04
   3.44243134e+02   1.15521252e-04
   3.44243623e+02   1.55882532e-04
   3.44244111e+02   1.93796426e-04
   3.44244599e+02   1.23532940e-04
   3.44245088e+02  -1.59777454e-04
   3.44245576e+02  -3.07305512e-04
   3.44246064e+02  -3.05736670e-04
   3.44246553e+02  -2.72968668e-04
   3.44247041e+02  -3.01491120e-04
   3.44247529e+02  -3.38124402e-04
   3.44248018e+02  -1.42243996e-04
   3.44248506e+02   8.72805977e-05
   3.44248994e+02   2.69546552e-04
   3.44249482e+02   5.03806397e-04
   3.44249971e+02   6.05012581e-04
   3.44250459e+02   2.58194108e-04
   3.44250947e+02  -2.83496251e-04
   3.44251436e+02  -2.37944259e-04
   3.44251924e+02   8.67999333e-05
   3.44252412e+02   1.30471759e-04
   3.44252901e+02   2.38018096e-04
   3.44253389e+02   1.04253240e-06
   3.44253877e+02   8.97891368e-05
   3.44254366e+02   2.21615424e-04
   3.44254854e+02   1.96064011e-05
   3.44255342e+02  -1.90778490e-04
   3.44255831e+02  -3.54350806e-04
   3.44256319e+02  -5.80626482e-04
   3.44256807e+02  -4.25152772e-04
   3.44257296e+02  -1.07238768e-04
   3.44257784e+02  -5.31299302e-05
   3.44258272e+02  -8.08904151e-05
   3.44258761e+02   1.74599176e-04
   3.44259249e+02   4.52328823e-04
   3.44259737e+02   4.69345920e-04
   3.44260225e+02   3.25893052e-04
   3.44260714e+02  -7.68656082e-06
   3.44261202e+02  -1.12294088e-04
   3.44261690e+02   9.31255418e-05
   3.44262179e+02  -1.56650040e-05
   3.44262667e+02  -3.24260007e-04
   3.44263155e+02  -2.92496406e-04
   3.44263644e+02  -1.06577143e-04
   3.44264132e+02  -1.16481511e-04
   3.44264620e+02  -8.67036797e-05
   3.44265109e+02   2.81849952e-06
   3.44265597e+02   8.47976116e-05
   3.44266085e+02   3.24625260e-04
   3.44266574e+02   2.26167220e-04
   3.44267062e+02  -1.44717589e-04
   3.44267550e+02  -1.31049339e-04
   3.44268039e+02   2.37343309e-04
   3.44268527e+02   2.39175424e-04
   3.44269015e+02  -7.10152472e-06
   3.44269504e+02   1.54101108e-05
   3.44269992e+02   1.33007692e-04
   3.44270480e+02   1.43083715e-04
   3.44270969e+02   1.05218882e-04
   3.44271457e+02   1.12338457e-05
   3.44271945e+02  -1.21568177e-04
   3.44272433e+02  -3.48845671e-04
   3.44272922e+02  -3.70675698e-04
   3.44273410e+02  -2.44189199e-04
   3.44273898e+02  -4.27763793e-04
   3.44274387e+02  -4.86962497e-04
   3.44274875e+02  -2.77988554e-04
   3.44275363e+02  -7.46101286e-05
   3.44275852e+02   1.84805380e-04
   3.44276340e+02   1.21011333e-04
   3.44276828e+02  -1.63266901e-04
   3.44277317e+02  -6.21954605e-05
   3.44277805e+02  -1.46367238e-04
   3.44278293e+02  -5.41693589e-04
   3.44278782e+02  -4.03005222e-04
   3.44279270e+02  -3.86373831e-05
   3.44279758e+02   8.08448094e-05
   3.44280247e+02  -6.09602248e-05
   3.44280735e+02  -1.79780021e-04
   3.44281223e+02  -3.14132631e-05
   3.44281712e+02   1.28034944e-05
   3.44282200e+02   2.77319868e-05
   3.44282688e+02   2.26441589e-05
   3.44283176e+02  -4.30888504e-05
   3.44283665e+02  -4.80068084e-05
   3.44284153e+02  -1.34728456e-04
   3.44284641e+02  -2.10057173e-04
   3.44285130e+02  -3.10040778e-04
   3.44285618e+02  -1.42452962e-04
   3.44286106e+02   4.31527878e-05
   3.44286595e+02   1.60681939e-05
   3.44287083e+02   3.57925928e-05
   3.44287571e+02  -6.53684692e-05
   3.44288060e+02  -1.45085738e-04
   3.44288548e+02  -6.21048412e-06
   3.44289036e+02   1.06033469e-04
   3.44289525e+02   5.33022467e-05
   3.44290013e+02   4.48967803e-05
   3.44290501e+02   7.66840676e-05
   3.44290990e+02  -1.27617095e-04
   3.44291478e+02  -1.59935429e-04
   3.44291966e+02   1.81751791e-04
   3.44292455e+02   4.91864339e-04
   3.44292943e+02   6.25644461e-04
   3.44293431e+02   4.72573476e-04
   3.44293919e+02   2.94905651e-04
   3.44294408e+02   1.93306667e-04
   3.44294896e+02  -1.08005108e-04
   3.44295384e+02  -1.47525876e-04
   3.44295873e+02   7.05461862e-05
   3.44296361e+02   1.09567911e-04
   3.44296849e+02  -1.01340018e-04
   3.44297338e+02  -4.12555150e-04
   3.44297826e+02  -3.67790926e-04
   3.44298314e+02  -3.17846061e-05
   3.44298803e+02   1.33429116e-04
   3.44299291e+02   1.16660958e-04
   3.44299779e+02   1.28763844e-04
   3.44300268e+02  -9.22333129e-06
   3.44300756e+02  -1.55265443e-04
   3.44301244e+02  -2.31439568e-04
   3.44301733e+02  -3.87437787e-04
   3.44302221e+02  -3.75275937e-04
   3.44302709e+02  -2.45245436e-04
   3.44303198e+02  -2.00340422e-04
   3.44303686e+02   1.68748775e-05
   3.44304174e+02   4.76674832e-05
   3.44304663e+02  -2.89162854e-04
   3.44305151e+02  -1.92380947e-04
   3.44305639e+02  -6.32906995e-06
   3.44306127e+02  -2.01599032e-04
   3.44306616e+02  -2.53497361e-04
   3.44307104e+02  -9.42832401e-07
   3.44307592e+02   3.68530484e-04
   3.44308081e+02   2.44491705e-04
   3.44308569e+02  -1.38436648e-04
   3.44309057e+02  -2.62036890e-04
   3.44309546e+02  -2.32498569e-04
   3.44310034e+02  -3.05595604e-04
   3.44310522e+02  -4.65246412e-04
   3.44311011e+02  -4.86370322e-04
   3.44311499e+02  -3.59746191e-04
   3.44311987e+02  -5.46441806e-05
   3.44312476e+02  -2.89991694e-05
   3.44312964e+02  -4.12528956e-04
   3.44313452e+02  -5.94791200e-04
   3.44313941e+02  -2.49371107e-04
   3.44314429e+02  -4.44968209e-05
   3.44314917e+02  -2.29737911e-04
   3.44315406e+02  -2.26645469e-04
   3.44315894e+02  -4.65395387e-05
   3.44316382e+02  -1.52765351e-05
   3.44316870e+02  -5.81886161e-05
   3.44317359e+02   1.01762562e-04
   3.44317847e+02   4.43986908e-04
   3.44318335e+02   6.15434605e-04
   3.44318824e+02   4.45975078e-04
   3.44319312e+02   2.94899161e-04
   3.44319800e+02   2.72510340e-04
   3.44320289e+02   2.97932042e-04
   3.44320777e+02   2.71637924e-04
   3.44321265e+02   4.56698690e-05
   3.44321754e+02  -8.05784584e-05
   3.44322242e+02  -9.11132738e-05
   3.44322730e+02  -7.22283512e-05
   3.44323219e+02  -2.26029915e-05
   3.44323707e+02  -2.55301420e-04
   3.44324195e+02  -4.74734814e-04
   3.44324684e+02  -4.83640790e-04
   3.44325172e+02  -4.26315324e-04
   3.44325660e+02  -3.34101496e-04
   3.44326149e+02  -2.14309621e-04
   3.44326637e+02   2.68512713e-06
   3.44327125e+02  -3.37880811e-05
   3.44327613e+02   6.68308348e-05
   3.44328102e+02   3.67491361e-04
   3.44328590e+02   2.33409213e-04
   3.44329078e+02   6.47644410e-05
   3.44329567e+02   4.22448975e-05
   3.44330055e+02  -7.41415060e-05
   3.44330543e+02  -2.54301383e-04
   3.44331032e+02  -3.84747778e-04
   3.44331520e+02  -4.74855653e-04
   3.44332008e+02  -4.45164071e-04
   3.44332497e+02  -2.80066946e-04
   3.44332985e+02  -1.88348786e-04
   3.44333473e+02  -2.22702802e-04
   3.44333962e+02  -1.36074217e-04
   3.44334450e+02  -4.50526531e-05
   3.44334938e+02  -7.90913182e-05
   3.44335427e+02  -1.75075882e-04
   3.44335915e+02   4.56238377e-05
   3.44336403e+02   3.03085166e-04
   3.44336892e+02   2.13244668e-04
   3.44337380e+02   2.33283703e-04
   3.44337868e+02   3.95945390e-04
   3.44338357e+02   5.12710598e-04
   3.44338845e+02   6.23454398e-04
   3.44339333e+02   5.40035020e-04
   3.44339821e+02   4.00790595e-04
   3.44340310e+02   4.07038897e-04
   3.44340798e+02   4.59035247e-04
   3.44341286e+02   3.49872134e-04
   3.44341775e+02   2.42946888e-04
   3.44342263e+02   3.17931961e-04
   3.44342751e+02   2.26995369e-04
   3.44343240e+02   1.58101757e-05
   3.44343728e+02  -3.12253032e-05
   3.44344216e+02  -7.78674730e-05
   3.44344705e+02  -7.60351541e-05
   3.44345193e+02   1.52538691e-04
   3.44345681e+02   3.94773670e-04
   3.44346170e+02   3.87858192e-04
   3.44346658e+02   1.34178568e-04
   3.44347146e+02  -3.23040658e-05
   3.44347635e+02  -7.02534089e-05
   3.44348123e+02  -2.45701754e-04
   3.44348611e+02  -3.14121804e-04
   3.44349100e+02  -1.24863596e-04
   3.44349588e+02   1.14742448e-04
   3.44350076e+02   1.50936787e-04
   3.44350564e+02   1.20742021e-04
   3.44351053e+02   1.56485039e-04
   3.44351541e+02   1.58177681e-05
   3.44352029e+02   9.09946903e-05
   3.44352518e+02   4.83878393e-04
   3.44353006e+02   5.50476892e-04
   3.44353494e+02   2.75524158e-04
   3.44353983e+02   2.98872365e-05
   3.44354471e+02  -1.81492462e-04
   3.44354959e+02  -2.67856580e-04
   3.44355448e+02  -4.57272326e-05
   3.44355936e+02   1.93192376e-04
   3.44356424e+02   2.06358181e-05
   3.44356913e+02  -3.84376617e-05
   3.44357401e+02   3.15943907e-04
   3.44357889e+02   4.36429866e-04
   3.44358378e+02   1.00092235e-04
   3.44358866e+02  -2.12058567e-05
   3.44359354e+02   2.40563895e-04
   3.44359843e+02   3.22954671e-04
   3.44360331e+02   9.54349744e-05
   3.44360819e+02  -2.15577078e-04
   3.44361307e+02  -9.87698950e-05
   3.44361796e+02   3.75686330e-04
   3.44362284e+02   3.37098230e-04
   3.44362772e+02   1.01951671e-04
   3.44363261e+02   1.38945776e-04
   3.44363749e+02   1.79882103e-04
   3.44364237e+02   1.39248456e-04
   3.44364726e+02  -2.28571706e-04
   3.44365214e+02  -4.89445752e-04
   3.44365702e+02  -3.49029608e-04
   3.44366191e+02  -2.35113665e-04
   3.44366679e+02  -2.74012593e-04
   3.44367167e+02  -1.16592382e-04
   3.44367656e+02   2.66750954e-04
   3.44368144e+02   4.60035080e-04
   3.44368632e+02   3.29704402e-04
   3.44369121e+02   1.30332977e-04
   3.44369609e+02  -1.09138600e-04
   3.44370097e+02  -2.29975267e-04
   3.44370586e+02   1.06877007e-04
   3.44371074e+02   2.98815168e-04
   3.44371562e+02   1.21721780e-04
   3.44372051e+02  -7.44559729e-05
   3.44372539e+02   2.35041123e-04
   3.44373027e+02   2.69323966e-04
   3.44373515e+02  -1.88639897e-04
   3.44374004e+02  -1.88725477e-04
   3.44374492e+02   1.96259207e-04
   3.44374980e+02   2.66154879e-04
   3.44375469e+02   8.77105267e-05
   3.44375957e+02  -1.18009826e-04
   3.44376445e+02  -1.70671628e-04
   3.44376934e+02  -3.07401904e-04
   3.44377422e+02  -4.59363160e-04
   3.44377910e+02  -3.88771557e-04
   3.44378399e+02  -3.40891100e-04
   3.44378887e+02  -4.30214044e-04
   3.44379375e+02  -3.59634258e-04
   3.44379864e+02  -3.22764681e-04
   3.44380352e+02  -3.70024849e-04
   3.44380840e+02   2.48450069e-05
   3.44381329e+02   4.14762675e-04
   3.44381817e+02   2.07423029e-04
   3.44382305e+02   3.21685766e-05
   3.44382794e+02   2.90516364e-05
   3.44383282e+02   1.47159735e-04
   3.44383770e+02   2.49968056e-04
   3.44384258e+02   2.45918578e-04
   3.44384747e+02   2.55890860e-04
   3.44385235e+02   1.88784135e-04
   3.44385723e+02  -9.38559060e-06
   3.44386212e+02  -1.77119335e-04
   3.44386700e+02  -2.85513583e-04
   3.44387188e+02  -3.30845738e-04
   3.44387677e+02  -2.45599280e-04
   3.44388165e+02  -2.53000908e-04
   3.44388653e+02  -1.74619869e-04
   3.44389142e+02   2.26522734e-05
   3.44389630e+02   7.15739952e-05
   3.44390118e+02  -9.31247414e-05
   3.44390607e+02  -3.31372314e-04
   3.44391095e+02  -3.80113604e-04
   3.44391583e+02  -3.15576210e-04
   3.44392072e+02  -4.01388359e-04
   3.44392560e+02  -4.46325575e-04
   3.44393048e+02  -3.08409362e-04
   3.44393537e+02  -2.13624022e-04
   3.44394025e+02  -6.28686166e-06
   3.44394513e+02   2.84600013e-04
   3.44395002e+02   2.20681046e-04
   3.44395490e+02  -6.62352686e-05
   3.44395978e+02  -1.91175539e-04
   3.44396466e+02  -1.54027322e-04
   3.44396955e+02  -1.45229293e-04
   3.44397443e+02  -1.26430139e-04
   3.44397931e+02  -4.72367974e-05
   3.44398420e+02   2.63470374e-05
   3.44398908e+02  -1.92603311e-05
   3.44399396e+02  -3.51209805e-04
   3.44399885e+02  -2.74102524e-04
   3.44400373e+02   1.23323771e-04
   3.44400861e+02   9.04070985e-05
   3.44401350e+02  -1.24996252e-04
   3.44401838e+02  -7.00277378e-05
   3.44402326e+02   9.98116302e-05
   3.44402815e+02   1.92739608e-04
   3.44403303e+02   1.05842650e-04
   3.44403791e+02  -1.91255895e-04
   3.44404280e+02  -3.62636056e-04
   3.44404768e+02  -1.26868341e-04
   3.44405256e+02  -4.38823481e-05
   3.44405745e+02  -1.96830835e-04
   3.44406233e+02  -1.68645463e-04
   3.44406721e+02  -7.40199630e-06
   3.44407209e+02  -9.51271359e-05
   3.44407698e+02  -3.79242119e-04
   3.44408186e+02  -4.35241614e-04
   3.44408674e+02  -1.29857333e-04
   3.44409163e+02   1.29950393e-04
   3.44409651e+02   2.42515707e-05
   3.44410139e+02  -1.41071228e-04
   3.44410628e+02  -7.24981282e-06
   3.44411116e+02   7.86730743e-05
   3.44411604e+02   2.65699987e-06
   3.44412093e+02   9.57458760e-05
   3.44412581e+02   1.79332183e-05
   3.44413069e+02  -1.59529591e-04
   3.44413558e+02  -6.09363851e-05
   3.44414046e+02   1.90579867e-05
   3.44414534e+02  -3.12979209e-05
   3.44415023e+02   1.65751786e-04
   3.44415511e+02   4.31999884e-04
   3.44415999e+02   3.86344938e-04
   3.44416488e+02   1.67533522e-04
   3.44416976e+02  -4.14959018e-08
   3.44417464e+02  -3.92899383e-05
   3.44417952e+02  -1.02944839e-04
   3.44418441e+02  -1.09428198e-04
   3.44418929e+02  -2.09985985e-04
   3.44419417e+02  -3.06333182e-04
   3.44419906e+02  -4.67078848e-04
   3.44420394e+02  -5.85117145e-04
   3.44420882e+02  -2.04962053e-04
   3.44421371e+02  -3.79570265e-05
   3.44421859e+02  -3.09833849e-04
   3.44422347e+02  -2.69247743e-04
   3.44422836e+02  -7.68547179e-05
   3.44423324e+02  -1.05418738e-04
   3.44423812e+02  -1.68535626e-04
   3.44424301e+02  -2.27636512e-04
   3.44424789e+02  -2.10521568e-04
   3.44425277e+02  -1.40550721e-04
   3.44425766e+02  -2.24146468e-04
   3.44426254e+02  -8.68915813e-05
   3.44426742e+02   1.98459660e-04
   3.44427231e+02   3.43093037e-04
   3.44427719e+02   1.49766871e-04
   3.44428207e+02  -3.78106488e-04
   3.44428696e+02  -4.64925804e-04
   3.44429184e+02  -7.58819306e-06
   3.44429672e+02   4.09414024e-05
   3.44430160e+02  -6.75511401e-05
   3.44430649e+02   1.30119384e-04
   3.44431137e+02   3.72955139e-04
   3.44431625e+02   3.27532238e-04
   3.44432114e+02   1.26111088e-04
   3.44432602e+02   1.44010686e-04
   3.44433090e+02   1.75959649e-04
   3.44433579e+02  -5.77902574e-05
   3.44434067e+02  -1.73862180e-04
   3.44434555e+02  -5.98424913e-06
   3.44435044e+02   1.80524163e-04
   3.44435532e+02   1.10173300e-04
   3.44436020e+02  -9.09511655e-05
   3.44436509e+02  -7.66085941e-05
   3.44436997e+02   5.87104732e-05
   3.44437485e+02   1.73285254e-04
   3.44437974e+02   1.85494282e-04
   3.44438462e+02   3.23790882e-05
   3.44438950e+02   3.44548716e-05
   3.44439439e+02   1.58656287e-04
   3.44439927e+02  -3.22274864e-05
   3.44440415e+02  -1.24168495e-04
   3.44440903e+02   9.70697101e-07
   3.44441392e+02  -1.70546366e-04
   3.44441880e+02  -2.38786830e-04
   3.44442368e+02   2.83473317e-04
   3.44442857e+02   6.92163245e-04
   3.44443345e+02   6.38142228e-04
   3.44443833e+02   2.79849337e-04
   3.44444322e+02  -2.41911141e-04
   3.44444810e+02  -4.97049943e-04
   3.44445298e+02  -3.54758085e-04
   3.44445787e+02  -1.47560801e-04
   3.44446275e+02   4.12197041e-05
   3.44446763e+02   1.70925268e-04
   3.44447252e+02   2.53329199e-04
   3.44447740e+02   3.61691345e-04
   3.44448228e+02   3.47126304e-04
   3.44448717e+02   3.68230161e-04
   3.44449205e+02   4.76299814e-04
   3.44449693e+02   1.64463985e-04
   3.44450182e+02   5.12088372e-05
   3.44450670e+02   2.89285730e-04
   3.44451158e+02   1.52382549e-04
   3.44451646e+02  -9.73973729e-05
   3.44452135e+02   2.86518443e-05
   3.44452623e+02   2.09730613e-04
   3.44453111e+02   1.02591534e-04
   3.44453600e+02   8.54554746e-05
   3.44454088e+02   1.12619724e-04
   3.44454576e+02   1.01602727e-05
   3.44455065e+02  -5.56685045e-05
   3.44455553e+02   2.88223353e-04
   3.44456041e+02   6.09972049e-04
   3.44456530e+02   1.77338385e-04
   3.44457018e+02  -3.27052403e-04
   3.44457506e+02  -2.16282249e-04
   3.44457995e+02  -8.26975083e-05
   3.44458483e+02   2.69575594e-05
   3.44458971e+02   1.33545327e-04
   3.44459460e+02  -1.64191384e-04
   3.44459948e+02  -2.20334987e-04
   3.44460436e+02   1.74104876e-04
   3.44460925e+02   2.23321957e-04
   3.44461413e+02  -5.66944709e-06
   3.44461901e+02  -1.08822111e-04
   3.44462390e+02  -2.67584343e-04
   3.44462878e+02  -2.30882593e-04
   3.44463366e+02   7.70791667e-05
   3.44463854e+02   1.64956960e-04
   3.44464343e+02   1.44339880e-04
   3.44464831e+02   4.15453687e-04
   3.44465319e+02   3.71017348e-04
   3.44465808e+02  -1.12809357e-05
   3.44466296e+02  -3.72009032e-04
   3.44466784e+02  -3.32475669e-04
   3.44467273e+02   1.60087104e-04
   3.44467761e+02   5.01146540e-04
   3.44468249e+02   3.21058498e-04
   3.44468738e+02  -3.44055261e-05
   3.44469226e+02   2.76391984e-05
   3.44469714e+02   1.90801060e-04
   3.44470203e+02   7.04017430e-06
   3.44470691e+02  -2.19785346e-04
   3.44471179e+02  -3.83716484e-04
   3.44471668e+02  -3.52398434e-04
   3.44472156e+02  -9.16532554e-06
   3.44472644e+02   2.04916723e-04
   3.44473133e+02   6.76649288e-05
   3.44473621e+02  -1.28168967e-05
   3.44474109e+02   1.54521840e-04
   3.44474597e+02   1.74624016e-04
   3.44475086e+02  -4.28141939e-05
   3.44475574e+02  -3.43635416e-04
   3.44476062e+02  -3.60601261e-04
   3.44476551e+02   8.22427901e-05
   3.44477039e+02   2.95649719e-04
   3.44477527e+02   7.01575409e-05
   3.44478016e+02   5.71865748e-05
   3.44478504e+02   2.09594844e-04
   3.44478992e+02   6.69124929e-05
   3.44479481e+02  -1.59391318e-04
   3.44479969e+02  -1.25005099e-04
   3.44480457e+02  -2.87923631e-05
   3.44480946e+02  -1.21377430e-04
   3.44481434e+02  -2.84731912e-04
   3.44481922e+02  -2.27874756e-04
   3.44482411e+02  -1.44931299e-04
   3.44482899e+02  -8.65171751e-05
   3.44483387e+02   6.74683615e-05
   3.44483876e+02   2.61720328e-04
   3.44484364e+02   4.34518268e-04
   3.44484852e+02   2.39618646e-04
   3.44485340e+02   1.24813705e-05
   3.44485829e+02   1.48404200e-04
   3.44486317e+02   1.06417836e-04
   3.44486805e+02  -1.38981399e-04
   3.44487294e+02  -2.86572846e-04
   3.44487782e+02  -3.94110066e-05
   3.44488270e+02  -5.34863248e-05
   3.44488759e+02  -2.57707143e-04
   3.44489247e+02  -2.71195226e-04
   3.44489735e+02  -2.99150852e-04
   3.44490224e+02  -4.19114745e-04
   3.44490712e+02  -2.20999180e-04
   3.44491200e+02  -1.18939577e-04
   3.44491689e+02  -2.08456608e-04
   3.44492177e+02  -8.77949333e-06
   3.44492665e+02   2.19454654e-04
   3.44493154e+02   1.16931158e-04
   3.44493642e+02  -5.33180246e-05
   3.44494130e+02   4.44136531e-05
   3.44494619e+02   8.79685176e-05
   3.44495107e+02  -1.49442450e-04
   3.44495595e+02  -1.77939146e-04
   3.44496084e+02   3.28917260e-04
   3.44496572e+02   5.35610132e-04
   3.44497060e+02   2.35074811e-04
   3.44497548e+02  -1.64630474e-04
   3.44498037e+02  -3.64069361e-04
   3.44498525e+02  -1.81118841e-04
   3.44499013e+02  -2.02197742e-04
   3.44499502e+02  -4.27464111e-04
   3.44499990e+02  -3.29773087e-04
   3.44500478e+02  -1.85877099e-04
   3.44500967e+02  -1.48569015e-04
   3.44501455e+02  -8.81316955e-05
   3.44501943e+02  -2.11183229e-04
   3.44502432e+02  -1.11989837e-04
   3.44502920e+02   1.95110133e-05
   3.44503408e+02  -6.04568741e-05
   3.44503897e+02  -1.83769487e-04
   3.44504385e+02  -3.33386008e-04
   3.44504873e+02  -4.09509550e-04
   3.44505362e+02  -2.61832669e-04
   3.44505850e+02   2.67050782e-05
   3.44506338e+02   1.24945029e-04
   3.44506827e+02   5.01012946e-05
   3.44507315e+02  -8.47162373e-05
   3.44507803e+02   1.15632160e-04
   3.44508291e+02   3.21036758e-04
   3.44508780e+02   1.31308101e-04
   3.44509268e+02  -1.13469781e-04
   3.44509756e+02  -1.02465652e-04
   3.44510245e+02  -2.31819231e-05
   3.44510733e+02  -1.90992767e-04
   3.44511221e+02  -1.05797604e-04
   3.44511710e+02   1.38628602e-04
   3.44512198e+02   1.61618664e-04
   3.44512686e+02   1.98368274e-04
   3.44513175e+02   1.66537662e-04
   3.44513663e+02  -7.24333440e-05
   3.44514151e+02  -2.69899057e-04
   3.44514640e+02  -8.93435936e-05
   3.44515128e+02   1.47371364e-04
   3.44515616e+02   5.77878964e-05
   3.44516105e+02   1.09654837e-04
   3.44516593e+02   3.68351757e-04
   3.44517081e+02   1.76857691e-04
   3.44517570e+02  -5.57107269e-05
   3.44518058e+02   1.93593405e-05
   3.44518546e+02  -1.09271214e-05
   3.44519034e+02  -1.09931992e-04
   3.44519523e+02  -1.75540408e-04
   3.44520011e+02  -3.22824606e-04
   3.44520499e+02  -4.02112229e-04
   3.44520988e+02  -2.27007680e-04
   3.44521476e+02  -1.07886728e-04
   3.44521964e+02  -3.50560003e-04
   3.44522453e+02  -4.71587031e-04
   3.44522941e+02  -1.80019590e-04
   3.44523429e+02   1.42359830e-04
   3.44523918e+02   2.21716342e-04
   3.44524406e+02   6.71547168e-05
   3.44524894e+02   2.89652507e-05
   3.44525383e+02   1.20573881e-04
   3.44525871e+02   1.54069512e-05
   3.44526359e+02  -1.60975469e-04
   3.44526848e+02  -1.96455236e-04
   3.44527336e+02  -6.09249655e-05
   3.44527824e+02  -2.35947446e-05
   3.44528313e+02   4.81544230e-05
   3.44528801e+02   1.75290639e-04
   3.44529289e+02   2.09747799e-04
   3.44529778e+02   1.91213156e-04
   3.44530266e+02  -1.27780286e-05
   3.44530754e+02  -2.32380306e-04
   3.44531242e+02  -2.39524859e-04
   3.44531731e+02   5.10158570e-05
   3.44532219e+02   3.19129118e-04
   3.44532707e+02   1.44360398e-04
   3.44533196e+02   8.99467414e-05
   3.44533684e+02   4.12284193e-04
   3.44534172e+02   5.81183238e-04
   3.44534661e+02   5.25472686e-04
   3.44535149e+02   2.55174469e-04
   3.44535637e+02  -5.88273506e-05
   3.44536126e+02  -6.82543541e-05
   3.44536614e+02  -1.22038022e-04
   3.44537102e+02  -1.79768016e-04
   3.44537591e+02  -7.23246194e-05
   3.44538079e+02  -1.05021216e-04
   3.44538567e+02  -1.71522421e-04
   3.44539056e+02  -2.34273117e-04
   3.44539544e+02  -3.00511215e-06
   3.44540032e+02   2.79975124e-04
   3.44540521e+02   3.75265896e-04
   3.44541009e+02   4.95220011e-04
   3.44541497e+02   4.48733772e-04
   3.44541985e+02   1.73119523e-04
   3.44542474e+02  -2.81897519e-04
   3.44542962e+02  -6.40517392e-04
   3.44543450e+02  -6.02764543e-04
   3.44543939e+02  -2.63636699e-04
   3.44544427e+02   1.36481249e-04
   3.44544915e+02   5.20999602e-04
   3.44545404e+02   5.66322415e-04
   3.44545892e+02   1.17061027e-04
   3.44546380e+02   1.43711630e-04
   3.44546869e+02   2.48967815e-04
   3.44547357e+02   2.81277666e-04
   3.44547845e+02   3.73368530e-04
   3.44548334e+02   2.99360399e-04
   3.44548822e+02   2.48437223e-04
   3.44549310e+02   2.60921981e-04
   3.44549799e+02   5.04928903e-05
   3.44550287e+02  -1.39120762e-04
   3.44550775e+02  -1.54598980e-04
   3.44551264e+02  -1.85939498e-04
   3.44551752e+02  -6.41009246e-05
   3.44552240e+02  -2.43835734e-06
   3.44552729e+02  -9.07265421e-05
   3.44553217e+02  -6.76492564e-05
   3.44553705e+02   5.64395232e-05
   3.44554193e+02   1.49848856e-04
   3.44554682e+02   2.71916128e-04
   3.44555170e+02   3.05489200e-04
   3.44555658e+02   1.49647618e-04
   3.44556147e+02   1.15844501e-04
   3.44556635e+02   2.21220718e-04
   3.44557123e+02  -4.30736654e-05
   3.44557612e+02  -3.39580787e-04
   3.44558100e+02  -2.50067038e-04
   3.44558588e+02  -1.57281582e-04
   3.44559077e+02  -1.03163424e-04
   3.44559565e+02  -7.90247796e-05
   3.44560053e+02  -1.55716130e-04
   3.44560542e+02  -4.60020456e-05
   3.44561030e+02   1.58309354e-04
   3.44561518e+02   2.62881978e-04
   3.44562007e+02   7.25456484e-05
   3.44562495e+02  -8.96617275e-05
   3.44562983e+02   1.72467524e-04
   3.44563472e+02   2.13350169e-04
   3.44563960e+02   4.55356676e-05
   3.44564448e+02   1.29212727e-04
   3.44564936e+02   2.52516737e-04
   3.44565425e+02   4.24612372e-04
   3.44565913e+02   4.61505871e-04
   3.44566401e+02   1.74063956e-04
   3.44566890e+02   7.94080279e-06
   3.44567378e+02   1.10792505e-04
   3.44567866e+02   5.42783819e-05
   3.44568355e+02  -2.20169051e-04
   3.44568843e+02  -2.51465739e-04
   3.44569331e+02  -1.36562870e-04
   3.44569820e+02  -1.47787607e-04
   3.44570308e+02  -2.44532770e-04
   3.44570796e+02  -2.98540370e-04
   3.44571285e+02   1.11237590e-04
   3.44571773e+02   3.40312545e-04
   3.44572261e+02  -4.68842263e-05
   3.44572750e+02  -2.70904013e-04
   3.44573238e+02  -1.40312797e-04
   3.44573726e+02   3.18666134e-05
   3.44574215e+02   2.50483979e-04
   3.44574703e+02   3.69276968e-04
   3.44575191e+02   4.19603311e-04
   3.44575679e+02   5.92596363e-04
   3.44576168e+02   5.30460733e-04
   3.44576656e+02   2.13125561e-04
   3.44577144e+02   3.27591406e-05
   3.44577633e+02   1.00916928e-04
   3.44578121e+02   2.10832688e-04
   3.44578609e+02   3.33476819e-05
   3.44579098e+02  -2.71689700e-04
   3.44579586e+02  -3.74607218e-04
   3.44580074e+02  -3.38100741e-04
   3.44580563e+02  -1.51820905e-05
   3.44581051e+02   4.16466472e-04
   3.44581539e+02   4.21334291e-04
   3.44582028e+02   5.33983512e-05
   3.44582516e+02  -1.86341858e-04
   3.44583004e+02  -1.53131725e-04
   3.44583493e+02  -2.48413471e-05
   3.44583981e+02   3.56468772e-05
   3.44584469e+02  -6.32611773e-05
   3.44584958e+02  -2.91018077e-04
   3.44585446e+02  -3.35059391e-04
   3.44585934e+02  -3.53389078e-05
   3.44586423e+02   2.54879589e-04
   3.44586911e+02   1.21651501e-04
   3.44587399e+02   1.18494681e-04
   3.44587887e+02   2.67984113e-04
   3.44588376e+02   1.64872647e-04
   3.44588864e+02  -4.60744377e-05
   3.44589352e+02  -9.97623556e-06
   3.44589841e+02   7.74176078e-05
   3.44590329e+02  -1.98287831e-04
   3.44590817e+02  -4.58365859e-04
   3.44591306e+02  -4.18013806e-04
   3.44591794e+02  -3.48275236e-04
   3.44592282e+02  -3.46306624e-04
   3.44592771e+02  -4.18248441e-04
   3.44593259e+02  -4.16533818e-04
   3.44593747e+02  -1.10842091e-04
   3.44594236e+02   2.62854534e-04
   3.44594724e+02   1.77327995e-04
   3.44595212e+02   1.91830870e-04
   3.44595701e+02   3.77006538e-04
   3.44596189e+02   2.70125805e-04
   3.44596677e+02   1.89111652e-05
   3.44597166e+02  -1.31635301e-04
   3.44597654e+02  -1.24621962e-04
   3.44598142e+02  -2.05178978e-04
   3.44598630e+02  -3.08089308e-04
   3.44599119e+02  -1.40266013e-04
   3.44599607e+02   1.17283373e-04
   3.44600095e+02   1.16487114e-04
   3.44600584e+02  -2.28270395e-07
   3.44601072e+02  -9.61244295e-05
   3.44601560e+02  -1.80417846e-04
   3.44602049e+02  -1.30693166e-04
   3.44602537e+02  -6.10997290e-07
   3.44603025e+02   7.02836260e-05
   3.44603514e+02   7.14011476e-05
   3.44604002e+02   1.62150594e-04
   3.44604490e+02   2.24627467e-04
   3.44604979e+02   1.38419986e-04
   3.44605467e+02  -5.26942385e-05
   3.44605955e+02  -1.61599717e-04
   3.44606444e+02  -7.12147594e-05
   3.44606932e+02  -4.02762198e-05
   3.44607420e+02  -9.46564687e-05
   3.44607909e+02   7.73569918e-05
   3.44608397e+02   1.97280388e-04
   3.44608885e+02   4.41068878e-05
   3.44609373e+02   1.20871584e-04
   3.44609862e+02   1.12484253e-04
   3.44610350e+02   1.02225131e-05
   3.44610838e+02   2.97405961e-04
   3.44611327e+02   3.36214202e-04
   3.44611815e+02   1.48098852e-05
   3.44612303e+02  -5.43577735e-05
   3.44612792e+02  -1.60778618e-05
   3.44613280e+02   1.19501667e-04
   3.44613768e+02   3.43677559e-04
   3.44614257e+02   6.01561187e-05
   3.44614745e+02  -3.84386134e-04
   3.44615233e+02  -1.95197819e-04
   3.44615722e+02  -8.04915635e-06
   3.44616210e+02  -8.47148840e-05
   3.44616698e+02  -2.24472009e-04
   3.44617187e+02  -2.39098386e-04
   3.44617675e+02  -8.56282568e-05
   3.44618163e+02  -1.92127816e-04
   3.44618652e+02  -3.66049673e-04
   3.44619140e+02  -3.55565106e-04
   3.44619628e+02  -3.14202392e-04
   3.44620117e+02  -3.77795077e-04
   3.44620605e+02  -2.53122242e-04
   3.44621093e+02   1.16345516e-04
   3.44621581e+02   1.23163365e-04
   3.44622070e+02   8.58824278e-05
   3.44622558e+02   1.66195197e-04
   3.44623046e+02   5.48457319e-05
   3.44623535e+02   4.63798142e-06
   3.44624023e+02   2.17786765e-05
   3.44624511e+02  -3.46322413e-05
   3.44625000e+02   1.43318670e-04
   3.44625488e+02   2.87587172e-04
   3.44625976e+02  -3.16108017e-05
   3.44626465e+02  -3.51489376e-04
   3.44626953e+02  -1.64851503e-04
   3.44627441e+02   1.66287675e-04
   3.44627930e+02   1.36200266e-04
   3.44628418e+02  -2.53264006e-04
   3.44628906e+02  -4.53927583e-04
   3.44629395e+02  -2.37510365e-04
   3.44629883e+02   1.36363626e-04
   3.44630371e+02   3.17068130e-04
   3.44630860e+02   1.99828704e-04
   3.44631348e+02  -3.17048398e-05
   3.44631836e+02  -1.05714767e-04
   3.44632324e+02  -4.52492386e-05
   3.44632813e+02  -3.99467317e-05
   3.44633301e+02  -7.62454729e-05
   3.44633789e+02   8.39405402e-05
   3.44634278e+02   7.96864479e-05
   3.44634766e+02  -3.18480976e-04
   3.44635254e+02  -3.21494823e-04
   3.44635743e+02   1.86045931e-04
   3.44636231e+02   4.18393000e-04
   3.44636719e+02   3.96885705e-04
   3.44637208e+02   3.57881887e-04
   3.44637696e+02   3.33262200e-04
   3.44638184e+02   2.64718808e-04
   3.44638673e+02   3.76973221e-05
   3.44639161e+02  -9.28190202e-05
   3.44639649e+02  -1.56568989e-04
   3.44640138e+02  -3.01047578e-04
   3.44640626e+02  -3.23148037e-04
   3.44641114e+02  -3.34542827e-04
   3.44641603e+02  -2.38728666e-04
   3.44642091e+02  -1.13291309e-04
   3.44642579e+02  -2.68955773e-05
   3.44643067e+02   2.66612100e-04
   3.44643556e+02   5.58239990e-04
   3.44644044e+02   5.85181639e-04
   3.44644532e+02   3.77569697e-04
   3.44645021e+02   9.62240156e-05
   3.44645509e+02  -5.52711026e-05
   3.44645997e+02   5.67182615e-05
   3.44646486e+02   1.42866978e-04
   3.44646974e+02  -1.12773530e-04
   3.44647462e+02  -2.13713211e-04
   3.44647951e+02  -4.14895621e-05
   3.44648439e+02  -1.65670048e-04
   3.44648927e+02  -3.17963277e-04
   3.44649416e+02  -2.36632419e-04
   3.44649904e+02  -2.92706245e-04
   3.44650392e+02  -3.38229380e-04
   3.44650881e+02  -1.77517955e-04
   3.44651369e+02   9.09395239e-05
   3.44651857e+02   3.22629436e-04
   3.44652346e+02   1.06324835e-04
   3.44652834e+02  -1.09361914e-04
   3.44653322e+02   1.18700853e-04
   3.44653811e+02   1.57109709e-04
   3.44654299e+02   1.22951082e-04
   3.44654787e+02   3.26249050e-04
   3.44655275e+02   2.62308691e-04
   3.44655764e+02   1.39268654e-04
   3.44656252e+02   3.22193926e-04
   3.44656740e+02   3.13464785e-04
   3.44657229e+02   4.24149075e-05
   3.44657717e+02   2.28352892e-05
   3.44658205e+02   1.06626459e-04
   3.44658694e+02   2.66327203e-04
   3.44659182e+02   2.43069226e-04
   3.44659670e+02  -5.69317199e-05
   3.44660159e+02  -1.07808992e-04
   3.44660647e+02  -4.78956645e-05
   3.44661135e+02  -2.76219562e-05
   3.44661624e+02  -4.65722951e-05
   3.44662112e+02  -2.24283809e-04
   3.44662600e+02  -1.31093722e-04
   3.44663089e+02   3.19668688e-05
   3.44663577e+02  -3.07971262e-04
   3.44664065e+02  -1.77848706e-04
   3.44664554e+02  -5.90122290e-05
   3.44665042e+02  -1.47084997e-04
   3.44665530e+02  -2.00688213e-04
   3.44666018e+02  -1.39521522e-04
   3.44666507e+02   9.51560505e-05
   3.44666995e+02   2.45704578e-04
   3.44667483e+02   1.54708338e-04
   3.44667972e+02   1.40545308e-04
   3.44668460e+02   2.50587851e-04
   3.44668948e+02   2.32936567e-04
   3.44669437e+02   1.61145188e-04
   3.44669925e+02   1.84129254e-04
   3.44670413e+02  -1.66945596e-04
   3.44670902e+02  -5.45453629e-04
   3.44671390e+02  -6.80064957e-04
   3.44671878e+02  -5.93724661e-04
   3.44672367e+02  -2.51814898e-04
   3.44672855e+02   2.53781877e-06
   3.44673343e+02   1.51059488e-04
   3.44673832e+02   1.76384783e-04
   3.44674320e+02   1.40740929e-04
   3.44674808e+02   1.11814916e-04
   3.44675297e+02   1.19961551e-04
   3.44675785e+02   1.14596842e-04
   3.44676273e+02   5.84012596e-05
   3.44676761e+02  -5.17993503e-05
   3.44677250e+02  -9.41638718e-05
   3.44677738e+02   1.01045094e-04
   3.44678226e+02   5.30471953e-05
   3.44678715e+02  -1.87110520e-04
   3.44679203e+02  -2.64047878e-04
   3.44679691e+02  -1.85879311e-04
   3.44680180e+02  -1.75421796e-04
   3.44680668e+02  -2.79480795e-04
   3.44681156e+02  -1.84366581e-04
   3.44681645e+02  -7.32358385e-05
   3.44682133e+02   8.42587397e-05
   3.44682621e+02   1.46999882e-04
   3.44683110e+02  -1.15145413e-04
   3.44683598e+02  -3.11155396e-04
   3.44684086e+02  -1.79614872e-04
   3.44684575e+02   1.95987377e-05
   3.44685063e+02   1.81444237e-04
   3.44685551e+02   2.32399500e-04
   3.44686040e+02  -8.86870621e-05
   3.44686528e+02  -5.09572332e-04
   3.44687016e+02  -4.16577619e-04
   3.44687505e+02  -1.39301876e-04
   3.44687993e+02  -2.76120874e-04
   3.44688481e+02  -4.41673998e-04
   3.44688969e+02  -2.92593584e-04
   3.44689458e+02   2.38330103e-05
   3.44689946e+02   1.53610556e-04
   3.44690434e+02   1.02361795e-04
   3.44690923e+02  -1.68287763e-04
   3.44691411e+02  -3.38332728e-04
   3.44691899e+02  -2.15501845e-04
   3.44692388e+02  -2.21970011e-04
   3.44692876e+02  -9.09326700e-05
   3.44693364e+02   1.24240250e-04
   3.44693853e+02   6.79420118e-05
   3.44694341e+02   1.78534447e-05
   3.44694829e+02   1.89113067e-04
   3.44695318e+02   2.84882932e-04
   3.44695806e+02   1.28522937e-04
   3.44696294e+02   1.71918262e-04
   3.44696783e+02   1.50050386e-04
   3.44697271e+02  -2.53818464e-04
   3.44697759e+02  -2.30078513e-04
   3.44698248e+02   2.76287930e-04
   3.44698736e+02   3.04194633e-04
   3.44699224e+02   1.02255421e-04
   3.44699712e+02   2.82934798e-05
   3.44700201e+02  -2.61255773e-04
   3.44700689e+02  -2.97122635e-04
   3.44701177e+02   3.64908055e-06
   3.44701666e+02  -1.30778688e-04
   3.44702154e+02  -3.90371453e-04
   3.44702642e+02  -3.90041358e-04
   3.44703131e+02  -2.95851671e-04
   3.44703619e+02   7.64314336e-07
   3.44704107e+02   1.73620603e-04
   3.44704596e+02   9.69692410e-05
   3.44705084e+02   5.56174200e-05
   3.44705572e+02   4.27884443e-05
   3.44706061e+02   1.82051503e-04
   3.44706549e+02   3.57707991e-04
   3.44707037e+02   1.40785225e-04
   3.44707526e+02  -3.52637326e-05
   3.44708014e+02   8.88623617e-05
   3.44708502e+02   2.57972162e-04
   3.44708991e+02   2.76171311e-04
   3.44709479e+02   1.86705165e-05
   3.44709967e+02  -1.09997280e-04
   3.44710456e+02  -3.14010795e-05
   3.44710944e+02   4.89877857e-05
   3.44711432e+02  -4.46609192e-05
   3.44711920e+02  -2.24438554e-04
   3.44712409e+02  -2.63614929e-04
   3.44712897e+02  -2.89598887e-04
   3.44713385e+02  -2.18062414e-04
   3.44713874e+02  -1.46301618e-05
   3.44714362e+02  -4.07613552e-05
   3.44714850e+02   9.82687998e-05
   3.44715339e+02   1.56420036e-04
   3.44715827e+02  -9.22856780e-05
   3.44716315e+02  -8.36420586e-05
   3.44716804e+02  -1.50590986e-05
   3.44717292e+02  -7.41943804e-05
   3.44717780e+02  -3.93714465e-04
   3.44718269e+02  -4.80523682e-04
   3.44718757e+02  -2.31597805e-04
   3.44719245e+02  -1.14496936e-04
   3.44719734e+02  -9.41623694e-06
   3.44720222e+02  -8.83021203e-05
   3.44720710e+02  -1.98926049e-04
   3.44721199e+02  -2.08602418e-04
   3.44721687e+02  -2.07186313e-04
   3.44722175e+02  -1.73933586e-04
   3.44722663e+02   8.77758885e-06
   3.44723152e+02   1.61005282e-05
   3.44723640e+02  -4.09586646e-05
   3.44724128e+02   3.80191377e-05
   3.44724617e+02  -6.15775980e-06
   3.44725105e+02   7.60513867e-05
   3.44725593e+02   3.12797987e-04
   3.44726082e+02   1.94779568e-04
   3.44726570e+02  -2.08948876e-07
   3.44727058e+02   7.47079976e-05
   3.44727547e+02  -2.08146812e-05
   3.44728035e+02  -2.96248007e-04
   3.44728523e+02  -1.59831485e-04
   3.44729012e+02   2.58855551e-04
   3.44729500e+02   3.89426335e-04
   3.44729988e+02   4.36047616e-04
   3.44730477e+02   2.09894410e-04
   3.44730965e+02  -2.20720583e-04
   3.44731453e+02  -1.33429116e-04
   3.44731942e+02  -1.22646787e-04
   3.44732430e+02  -1.47339146e-04
   3.44732918e+02   6.95502895e-05
   3.44733406e+02  -1.49826801e-05
   3.44733895e+02  -1.79569193e-04
   3.44734383e+02   3.84860177e-05
   3.44734871e+02   1.67605394e-04
   3.44735360e+02   1.58286002e-05
   3.44735848e+02  -1.58816165e-05
   3.44736336e+02  -8.86263078e-05
   3.44736825e+02  -2.17509136e-04
   3.44737313e+02  -1.25756647e-04
   3.44737801e+02   4.88132391e-05
   3.44738290e+02   7.82943753e-05
   3.44738778e+02  -1.40887962e-04
   3.44739266e+02  -9.20914463e-05
   3.44739755e+02   1.76315356e-04
   3.44740243e+02   8.90537412e-05
   3.44740731e+02   1.88539525e-05
   3.44741220e+02   6.85725399e-06
   3.44741708e+02  -1.73479595e-04
   3.44742196e+02  -1.89943428e-04
   3.44742685e+02  -2.38840978e-04
   3.44743173e+02  -4.25324281e-04
   3.44743661e+02  -4.12175461e-04
   3.44744150e+02  -3.68418230e-04
   3.44744638e+02  -2.25174546e-04
   3.44745126e+02   1.44093385e-04
   3.44745614e+02   2.57493521e-04
   3.44746103e+02   1.32129106e-04
   3.44746591e+02   1.60852851e-05
   3.44747079e+02   1.64501471e-05
   3.44747568e+02   4.73225009e-05
   3.44748056e+02  -9.82669881e-05
   3.44748544e+02  -2.28588004e-04
   3.44749033e+02  -1.52413850e-04
   3.44749521e+02   3.98525008e-05
   3.44750009e+02   2.42461334e-04
   3.44750498e+02   2.89791264e-04
   3.44750986e+02   2.42409689e-04
   3.44751474e+02   2.56189844e-04
   3.44751963e+02   1.95166722e-04
   3.44752451e+02  -1.24395767e-04
   3.44752939e+02  -4.80626040e-04
   3.44753428e+02  -3.10936011e-04
   3.44753916e+02   8.88743307e-05
   3.44754404e+02   2.09569334e-04
   3.44754893e+02   2.76424311e-04
   3.44755381e+02   3.15406563e-04
   3.44755869e+02   2.70168268e-04
   3.44756357e+02   8.59564680e-05
   3.44756846e+02  -8.75842943e-06
   3.44757334e+02  -2.84545331e-05
   3.44757822e+02   1.89737566e-05
   3.44758311e+02   2.22229981e-04
   3.44758799e+02   8.80579173e-05
   3.44759287e+02  -1.47694809e-04
   3.44759776e+02  -2.77137569e-05
   3.44760264e+02   1.59988282e-04
   3.44760752e+02   2.18347457e-04
   3.44761241e+02   1.42967998e-04
   3.44761729e+02   3.22631022e-05
   3.44762217e+02   1.55674134e-05
   3.44762706e+02   1.44446225e-04
   3.44763194e+02   4.33778368e-05
   3.44763682e+02  -2.77500396e-04
   3.44764171e+02  -2.42329625e-04
   3.44764659e+02   3.11854383e-05
   3.44765147e+02   6.75581532e-06
   3.44765636e+02  -1.47852974e-04
   3.44766124e+02   6.46648696e-05
   3.44766612e+02   3.12857243e-04
   3.44767100e+02   2.78493302e-04
   3.44767589e+02   1.05611995e-04
   3.44768077e+02  -1.53869536e-04
   3.44768565e+02  -2.50526675e-04
   3.44769054e+02  -5.90449708e-05
   3.44769542e+02   1.56572933e-04
   3.44770030e+02   1.19933778e-04
   3.44770519e+02   1.55964663e-05
   3.44771007e+02  -5.40345695e-07
   3.44771495e+02  -1.59362055e-04
   3.44771984e+02  -2.02160125e-04
   3.44772472e+02  -3.61315597e-06
   3.44772960e+02   1.87827216e-04
   3.44773449e+02   2.03310701e-04
   3.44773937e+02  -1.14994924e-04
   3.44774425e+02  -4.16757073e-04
   3.44774914e+02  -7.30831016e-05
   3.44775402e+02   2.51737307e-04
   3.44775890e+02  -6.07255106e-06
   3.44776379e+02  -2.16172644e-04
   3.44776867e+02  -1.31884926e-05
   3.44777355e+02   4.88370824e-05
   3.44777844e+02  -1.29280030e-04
   3.44778332e+02  -3.96950963e-05
   3.44778820e+02  -8.27513795e-05
   3.44779308e+02  -2.09747872e-04
   3.44779797e+02  -2.60702582e-05
   3.44780285e+02   1.29958906e-04
   3.44780773e+02   3.93724447e-04
   3.44781262e+02   3.37664940e-04
   3.44781750e+02   2.02938187e-04
   3.44782238e+02   9.77937743e-05
   3.44782727e+02   1.14848144e-05
   3.44783215e+02   8.56411280e-05
   3.44783703e+02   1.10431596e-04
   3.44784192e+02   4.08596170e-05
   3.44784680e+02   3.28923234e-05
   3.44785168e+02   6.42514060e-05
   3.44785657e+02   1.63609555e-04
   3.44786145e+02   3.59713187e-04
   3.44786633e+02   1.23295584e-04
   3.44787122e+02  -1.97468820e-04
   3.44787610e+02  -1.95339962e-04
   3.44788098e+02  -3.07444163e-04
   3.44788587e+02  -3.84487066e-04
   3.44789075e+02  -1.87360987e-04
   3.44789563e+02   2.12111685e-04
   3.44790051e+02   4.40214528e-04
   3.44790540e+02   1.38054384e-04
   3.44791028e+02  -4.51906235e-05
   3.44791516e+02  -2.27267028e-05
   3.44792005e+02  -1.73695953e-04
   3.44792493e+02  -3.82933475e-04
   3.44792981e+02  -2.02261988e-04
   3.44793470e+02   2.62476591e-04
   3.44793958e+02   2.98200292e-04
   3.44794446e+02  -1.14800896e-04
   3.44794935e+02  -4.10962151e-04
   3.44795423e+02  -2.76989565e-04
   3.44795911e+02  -5.75335907e-05
   3.44796400e+02   6.55783369e-05
   3.44796888e+02   9.45589418e-05
   3.44797376e+02   9.29458474e-05
   3.44797865e+02   2.72219302e-04
   3.44798353e+02   3.39961814e-04
   3.44798841e+02   5.83334768e-05
   3.44799330e+02  -2.87660587e-05
   3.44799818e+02   1.77577836e-04
   3.44800306e+02   2.20286078e-04
   3.44800794e+02   1.97151501e-04
   3.44801283e+02   4.40312200e-04
   3.44801771e+02   5.17184439e-04
   3.44802259e+02   1.73148917e-04
   3.44802748e+02  -3.74154130e-04
   3.44803236e+02  -6.73593604e-04
   3.44803724e+02  -4.71433130e-04
   3.44804213e+02  -5.48341559e-05
   3.44804701e+02  -7.76998568e-05
   3.44805189e+02  -2.35887914e-04
   3.44805678e+02   1.12413960e-04
   3.44806166e+02   3.39641381e-04
   3.44806654e+02   1.36902221e-04
   3.44807143e+02  -1.20423669e-04
   3.44807631e+02  -3.25688510e-04
   3.44808119e+02  -1.92125532e-04
   3.44808608e+02   1.63560166e-04
   3.44809096e+02   2.48428201e-04
   3.44809584e+02   3.16002639e-04
   3.44810073e+02   4.48109582e-04
   3.44810561e+02   3.57453508e-04
   3.44811049e+02   2.64644070e-04
   3.44811538e+02   3.61216691e-04
   3.44812026e+02   3.03820358e-04
   3.44812514e+02  -1.36882576e-04
   3.44813002e+02  -1.90392893e-04
   3.44813491e+02   1.00906138e-04
   3.44813979e+02   1.24813479e-04
   3.44814467e+02   1.94530821e-05
   3.44814956e+02   1.05348518e-05
   3.44815444e+02   1.48938096e-04
   3.44815932e+02   9.71324698e-05
   3.44816421e+02  -1.45816943e-04
   3.44816909e+02  -1.67889608e-04
   3.44817397e+02  -5.94812300e-05
   3.44817886e+02   8.37347179e-05
   3.44818374e+02   1.93344735e-04
   3.44818862e+02   1.76568632e-04
   3.44819351e+02   5.69305193e-05
   3.44819839e+02  -2.04581811e-05
   3.44820327e+02   9.85025399e-05
   3.44820816e+02   1.41250537e-04
   3.44821304e+02  -2.69804819e-04
   3.44821792e+02  -6.80413970e-04
   3.44822281e+02  -5.07217715e-04
   3.44822769e+02  -7.86110541e-05
   3.44823257e+02  -6.46978442e-05
   3.44823745e+02  -3.54231219e-04
   3.44824234e+02  -4.09124332e-04
   3.44824722e+02  -1.54051031e-05
   3.44825210e+02   1.11755791e-04
   3.44825699e+02  -2.21563285e-04
   3.44826187e+02  -1.29400738e-04
   3.44826675e+02   1.56398368e-04
   3.44827164e+02   3.53761197e-06
   3.44827652e+02   3.95854004e-05
   3.44828140e+02   3.24125256e-04
   3.44828629e+02   2.33287748e-04
   3.44829117e+02   1.28923915e-04
   3.44829605e+02   5.76084931e-05
   3.44830094e+02  -1.50338135e-04
   3.44830582e+02  -3.68083682e-04
   3.44831070e+02  -4.00253281e-04
   3.44831559e+02   6.71005546e-05
   3.44832047e+02   3.45914450e-04
   3.44832535e+02   2.18861096e-04
   3.44833024e+02   1.49763699e-04
   3.44833512e+02   2.92757060e-04
   3.44834000e+02   4.02214559e-04
   3.44834488e+02   7.90120394e-05
   3.44834977e+02   5.29963472e-06
   3.44835465e+02   3.54836986e-04
   3.44835953e+02   3.12412943e-04
   3.44836442e+02   1.39005970e-05
   3.44836930e+02  -2.37822649e-04
   3.44837418e+02  -3.04015062e-04
   3.44837907e+02  -1.58348557e-04
   3.44838395e+02  -9.80490877e-05
   3.44838883e+02  -1.42128760e-04
   3.44839372e+02   4.17539792e-04
   3.44839860e+02   3.46924964e-04
   3.44840348e+02   4.12931477e-05
   3.44840837e+02  -2.26389806e-04
   3.44841325e+02  -1.51422413e-04
   3.44841813e+02   3.34952492e-04
   3.44842302e+02   4.24278638e-04
   3.44842790e+02   1.06354331e-04
   3.44843278e+02   4.91422616e-05
   3.44843767e+02   1.96486217e-04
   3.44844255e+02   2.27847078e-04
   3.44844743e+02   2.86904484e-04
   3.44845232e+02   3.02095956e-04
   3.44845720e+02   2.01840972e-04
   3.44846208e+02   2.29438185e-04
   3.44846696e+02   2.93386984e-04
   3.44847185e+02   1.80205592e-04
   3.44847673e+02   1.28079933e-04
   3.44848161e+02   1.15841460e-04
   3.44848650e+02   1.09191555e-04
   3.44849138e+02   9.33933334e-05
   3.44849626e+02  -1.09183216e-04
   3.44850115e+02  -9.10566450e-05
   3.44850603e+02  -8.69248615e-05
   3.44851091e+02  -2.69827608e-04
   3.44851580e+02  -4.09451386e-05
   3.44852068e+02   2.32729653e-04
   3.44852556e+02   1.28582353e-04
   3.44853045e+02  -5.56399827e-05
   3.44853533e+02  -2.06174198e-04
   3.44854021e+02  -3.61680955e-04
   3.44854510e+02  -3.44091270e-04
   3.44854998e+02  -8.74683828e-05
   3.44855486e+02   1.98425361e-04
   3.44855975e+02   2.60730390e-04
   3.44856463e+02  -3.33968019e-05
   3.44856951e+02  -1.13326219e-04
   3.44857439e+02   1.87710291e-04
   3.44857928e+02  -3.25826950e-05
   3.44858416e+02  -3.71365750e-04
   3.44858904e+02  -1.04509731e-04
   3.44859393e+02   7.24875426e-05
   3.44859881e+02  -9.67635715e-05
   3.44860369e+02  -8.71437005e-05
   3.44860858e+02  -1.02906242e-05
   3.44861346e+02  -9.72861162e-05
   3.44861834e+02  -1.70647516e-04
   3.44862323e+02  -1.72493717e-04
   3.44862811e+02  -8.19651996e-06
   3.44863299e+02   8.32018268e-05
   3.44863788e+02   2.96770904e-05
   3.44864276e+02   1.13425260e-04
   3.44864764e+02   2.95658276e-04
   3.44865253e+02   2.19765861e-04
   3.44865741e+02   2.31104714e-05
   3.44866229e+02  -6.26908950e-05
   3.44866718e+02  -4.63102551e-05
   3.44867206e+02  -4.95946661e-05
   3.44867694e+02  -2.12879604e-04
   3.44868183e+02  -3.06833972e-04
   3.44868671e+02  -1.62301876e-04
   3.44869159e+02   4.22730554e-05
   3.44869647e+02   1.24276659e-04
   3.44870136e+02   3.95181742e-05
   3.44870624e+02   2.08042165e-05
   3.44871112e+02   2.38116219e-04
   3.44871601e+02   3.02809698e-04
   3.44872089e+02   1.81203563e-04
   3.44872577e+02   7.52336127e-05
   3.44873066e+02  -1.06069447e-05
   3.44873554e+02  -7.84826989e-05
   3.44874042e+02  -9.89693872e-05
   3.44874531e+02  -8.13934967e-05
   3.44875019e+02  -5.79012558e-05
   3.44875507e+02  -6.69482688e-05
   3.44875996e+02  -2.04910582e-04
   3.44876484e+02  -2.52370373e-04
   3.44876972e+02  -1.87321959e-04
   3.44877461e+02  -1.34441972e-04
   3.44877949e+02  -2.46016891e-04
   3.44878437e+02  -4.22911136e-04
   3.44878926e+02  -3.20749386e-04
   3.44879414e+02   1.56309397e-05
   3.44879902e+02   1.92584979e-04
   3.44880390e+02   2.55765597e-04
   3.44880879e+02   2.93535908e-04
   3.44881367e+02   1.53798479e-04
   3.44881855e+02  -3.99646378e-05
   3.44882344e+02   6.91369632e-06
   3.44882832e+02  -7.62666314e-05
   3.44883320e+02  -2.96221930e-04
   3.44883809e+02  -4.11500689e-04
   3.44884297e+02  -2.53336795e-04
   3.44884785e+02   2.51135411e-04
   3.44885274e+02   3.73792107e-04
   3.44885762e+02  -2.33555165e-05
   3.44886250e+02  -1.72036336e-04
   3.44886739e+02  -5.52717283e-05
   3.44887227e+02  -1.19488730e-04
   3.44887715e+02  -2.61797279e-04
   3.44888204e+02  -2.25336655e-04
   3.44888692e+02   2.34214403e-05
   3.44889180e+02   2.78583117e-04
   3.44889669e+02   2.62213522e-04
   3.44890157e+02   5.25358046e-05
   3.44890645e+02   1.71448737e-05
   3.44891133e+02  -5.59614164e-05
   3.44891622e+02  -1.43320853e-04
   3.44892110e+02   8.68899042e-06
   3.44892598e+02   1.52055349e-04
   3.44893087e+02   1.79448965e-04
   3.44893575e+02   1.18615326e-05
   3.44894063e+02   5.00735659e-05
   3.44894552e+02   3.61467944e-04
   3.44895040e+02   4.01686935e-04
   3.44895528e+02   1.22919184e-04
   3.44896017e+02  -1.45693281e-04
   3.44896505e+02  -3.28208203e-04
   3.44896993e+02  -3.79922654e-04
   3.44897482e+02  -2.38792447e-04
   3.44897970e+02   2.68934207e-04
   3.44898458e+02   3.67715722e-04
   3.44898947e+02   6.75499105e-05
   3.44899435e+02   8.13685165e-06
   3.44899923e+02   1.42574849e-04
   3.44900412e+02   8.28865595e-05
   3.44900900e+02   1.79255167e-05
   3.44901388e+02  -8.33326703e-05
   3.44901877e+02  -3.21146217e-04
   3.44902365e+02  -2.12261453e-04
   3.44902853e+02   2.66590767e-04
   3.44903341e+02   3.38347134e-04
   3.44903830e+02   8.37380358e-05
   3.44904318e+02   9.75226576e-05
   3.44904806e+02   2.50732381e-04
   3.44905295e+02   2.03092190e-04
   3.44905783e+02   6.28332054e-05
   3.44906271e+02  -1.49324696e-05
   3.44906760e+02  -2.37894110e-05
   3.44907248e+02   8.44584720e-05
   3.44907736e+02   2.97571794e-04
   3.44908225e+02   4.04118327e-04
   3.44908713e+02   3.22823646e-04
   3.44909201e+02   9.31732648e-05
   3.44909690e+02  -9.88926113e-05
   3.44910178e+02  -1.55146801e-04
   3.44910666e+02  -2.46411364e-04
   3.44911155e+02  -1.59819829e-04
   3.44911643e+02  -2.15825730e-05
   3.44912131e+02  -5.92155156e-05
   3.44912620e+02  -1.83022166e-05
   3.44913108e+02  -7.25120401e-07
   3.44913596e+02  -9.07443755e-05
   3.44914084e+02  -1.86153964e-04
   3.44914573e+02  -6.43288586e-05
   3.44915061e+02   6.44869579e-05
   3.44915549e+02  -1.21439902e-04
   3.44916038e+02  -1.30671368e-04
   3.44916526e+02  -1.49324042e-04
   3.44917014e+02  -3.32642056e-04
   3.44917503e+02  -2.48681114e-04
   3.44917991e+02   1.91141153e-05
   3.44918479e+02   6.14217133e-05
   3.44918968e+02  -5.23337912e-05
   3.44919456e+02  -2.27414319e-04
   3.44919944e+02  -3.43450287e-04
   3.44920433e+02  -2.84171256e-04
   3.44920921e+02  -5.62097812e-05
   3.44921409e+02   7.20352909e-05
   3.44921898e+02   2.78255466e-05
   3.44922386e+02  -2.86914510e-05
   3.44922874e+02   1.19547607e-04
   3.44923363e+02   3.02218337e-04
   3.44923851e+02   2.12753832e-04
   3.44924339e+02   1.74246219e-04
   3.44924827e+02   2.68220378e-04
   3.44925316e+02   2.45992327e-04
   3.44925804e+02  -9.47013832e-05
   3.44926292e+02  -5.06033364e-04
   3.44926781e+02  -4.15205926e-04
   3.44927269e+02  -9.89590408e-05
   3.44927757e+02   7.28096420e-05
   3.44928246e+02   3.77216144e-04
   3.44928734e+02   6.04264322e-04
   3.44929222e+02   5.94288169e-04
   3.44929711e+02   3.59362341e-04
   3.44930199e+02  -3.51055278e-05
   3.44930687e+02   2.34921099e-05
   3.44931176e+02   3.25102563e-04
   3.44931664e+02   2.95185717e-04
   3.44932152e+02   2.88888754e-04
   3.44932641e+02   2.11655715e-04
   3.44933129e+02  -1.37544426e-04
   3.44933617e+02  -3.84729094e-04
   3.44934106e+02  -2.61589303e-04
   3.44934594e+02   2.62943286e-05
   3.44935082e+02  -8.39817658e-05
   3.44935571e+02  -3.81546881e-04
   3.44936059e+02  -2.67325930e-04
   3.44936547e+02   1.87555743e-05
   3.44937035e+02  -1.73148350e-04
   3.44937524e+02  -5.41488116e-04
   3.44938012e+02  -5.28224802e-04
   3.44938500e+02  -3.26147710e-04
   3.44938989e+02  -5.04228910e-06
   3.44939477e+02   1.29985083e-05
   3.44939965e+02  -1.53457495e-05
   3.44940454e+02   2.39162036e-04
   3.44940942e+02   3.91550886e-04
   3.44941430e+02   5.21718641e-04
   3.44941919e+02   4.22517041e-04
   3.44942407e+02  -1.08185894e-04
   3.44942895e+02  -3.15822050e-04
   3.44943384e+02   1.68656770e-05
   3.44943872e+02   3.40952771e-04
   3.44944360e+02   6.32235548e-04
   3.44944849e+02   5.33420069e-04
   3.44945337e+02  -8.42383633e-06
   3.44945825e+02  -3.04146495e-04
   3.44946314e+02  -3.20505264e-04
   3.44946802e+02  -2.38593610e-04
   3.44947290e+02   5.66061026e-05
   3.44947778e+02   2.00651237e-04
   3.44948267e+02   5.71719283e-05
   3.44948755e+02  -1.78637274e-05
   3.44949243e+02  -1.58259005e-04
   3.44949732e+02  -3.39506572e-04
   3.44950220e+02  -3.12211807e-04
   3.44950708e+02  -1.19870914e-04
   3.44951197e+02  -1.55772213e-04
   3.44951685e+02  -3.93214897e-04
   3.44952173e+02  -3.03432200e-04
   3.44952662e+02  -4.80766685e-05
   3.44953150e+02   1.17445434e-05
   3.44953638e+02   6.94630507e-05
   3.44954127e+02   2.18207613e-04
   3.44954615e+02   5.13695013e-05
