frequency (GHz), flux (Jy/beam)
   3.43899310e+02   7.76981979e-05
   3.43899798e+02  -9.13001350e-05
   3.43900286e+02   7.14360576e-05
   3.43900774e+02   4.44230565e-04
   3.43901263e+02   5.60687506e-04
   3.43901751e+02   4.19814198e-04
   3.43902239e+02   1.17973359e-04
   3.43902728e+02  -1.97830552e-04
   3.43903216e+02  -4.89137892e-05
   3.43903704e+02   1.25641382e-04
   3.43904193e+02  -1.32242330e-05
   3.43904681e+02   6.75766714e-05
   3.43905169e+02  -7.97300818e-05
   3.43905658e+02  -4.55067930e-04
   3.43906146e+02  -1.64860670e-04
   3.43906634e+02   1.89175014e-04
   3.43907122e+02  -1.08335058e-04
   3.43907611e+02  -2.91126751e-04
   3.43908099e+02  -7.99748304e-05
   3.43908587e+02  -5.42815105e-05
   3.43909076e+02   1.81173236e-04
   3.43909564e+02   5.51375910e-04
   3.43910052e+02   4.68389277e-04
   3.43910541e+02   9.91474808e-05
   3.43911029e+02  -8.25691459e-05
   3.43911517e+02  -1.38106523e-04
   3.43912006e+02  -3.33244301e-04
   3.43912494e+02  -2.68048287e-04
   3.43912982e+02  -1.39854077e-04
   3.43913470e+02  -2.72186298e-04
   3.43913959e+02  -2.53518956e-04
   3.43914447e+02  -2.56524305e-04
   3.43914935e+02  -1.84487464e-04
   3.43915424e+02   6.15601370e-04
   3.43915912e+02   1.19910121e-03
   3.43916400e+02   9.16934281e-04
   3.43916889e+02   3.57647135e-04
   3.43917377e+02   1.81991236e-05
   3.43917865e+02  -2.30664402e-04
   3.43918354e+02  -3.60120059e-04
   3.43918842e+02   3.25358974e-06
   3.43919330e+02   4.65163903e-04
   3.43919818e+02   6.08852715e-04
   3.43920307e+02   5.31088910e-04
   3.43920795e+02   4.19334887e-04
   3.43921283e+02   3.18511884e-04
   3.43921772e+02   1.93645639e-04
   3.43922260e+02   3.62103019e-04
   3.43922748e+02   6.07762660e-04
   3.43923237e+02   5.15429128e-04
   3.43923725e+02   2.35075204e-04
   3.43924213e+02   1.60377225e-04
   3.43924702e+02   3.30297888e-04
   3.43925190e+02   1.71473410e-04
   3.43925678e+02  -2.51580059e-04
   3.43926166e+02  -3.03750363e-04
   3.43926655e+02   1.24847691e-04
   3.43927143e+02   4.43724770e-04
   3.43927631e+02   2.56364205e-04
   3.43928120e+02   5.78440267e-05
   3.43928608e+02   2.10743659e-04
   3.43929096e+02   1.85706158e-04
   3.43929585e+02   1.66918326e-04
   3.43930073e+02   3.15162033e-04
   3.43930561e+02   4.04826977e-04
   3.43931050e+02   4.19130782e-04
   3.43931538e+02   1.39872936e-04
   3.43932026e+02  -7.06443971e-05
   3.43932514e+02  -2.06202254e-04
   3.43933003e+02  -6.40687475e-04
   3.43933491e+02  -7.02186197e-04
   3.43933979e+02  -2.25445954e-04
   3.43934468e+02   1.62275637e-06
   3.43934956e+02   7.59470713e-05
   3.43935444e+02   2.12589453e-04
   3.43935933e+02   7.42751727e-05
   3.43936421e+02  -1.65905833e-04
   3.43936909e+02  -2.13381281e-05
   3.43937398e+02   2.82980473e-04
   3.43937886e+02   2.64443253e-04
   3.43938374e+02  -1.02435588e-04
   3.43938863e+02  -4.14903130e-04
   3.43939351e+02  -5.48001903e-04
   3.43939839e+02  -4.27816994e-04
   3.43940327e+02  -8.26392206e-05
   3.43940816e+02   4.37946710e-06
   3.43941304e+02  -2.92277655e-05
   3.43941792e+02   3.37552745e-04
   3.43942281e+02   5.99658932e-04
   3.43942769e+02  -3.06624825e-05
   3.43943257e+02  -6.38259982e-04
   3.43943746e+02  -5.75173297e-04
   3.43944234e+02  -3.12359189e-04
   3.43944722e+02  -8.78516585e-05
   3.43945211e+02  -3.00679938e-04
   3.43945699e+02  -6.55502605e-04
   3.43946187e+02  -5.42775146e-04
   3.43946675e+02  -1.76182584e-04
   3.43947164e+02   1.93885367e-04
   3.43947652e+02   2.08709505e-04
   3.43948140e+02   5.32935774e-05
   3.43948629e+02   8.44979077e-05
   3.43949117e+02   2.16404675e-04
   3.43949605e+02   1.98075781e-04
   3.43950094e+02   9.65321960e-05
   3.43950582e+02   2.12178857e-05
   3.43951070e+02  -1.53182336e-05
   3.43951559e+02   2.14170766e-04
   3.43952047e+02   2.08286496e-04
   3.43952535e+02  -1.95545552e-04
   3.43953023e+02  -3.04098940e-04
   3.43953512e+02  -2.03680920e-05
   3.43954000e+02   1.59819654e-04
   3.43954488e+02  -1.13425689e-04
   3.43954977e+02  -2.85734655e-04
   3.43955465e+02  -8.16900283e-05
   3.43955953e+02   8.59275533e-05
   3.43956442e+02   1.84054457e-04
   3.43956930e+02   1.96436711e-04
   3.43957418e+02   1.82885007e-04
   3.43957907e+02   2.60670931e-04
   3.43958395e+02   2.53697275e-04
   3.43958883e+02   2.94466561e-04
   3.43959371e+02   4.21396631e-04
   3.43959860e+02   5.23415161e-04
   3.43960348e+02   4.99824935e-04
   3.43960836e+02  -3.45454464e-05
   3.43961325e+02  -5.38306369e-04
   3.43961813e+02  -3.43200489e-04
   3.43962301e+02  -9.76645024e-05
   3.43962790e+02  -3.32764612e-04
   3.43963278e+02  -6.41027174e-04
   3.43963766e+02  -6.93023321e-04
   3.43964255e+02  -5.75447571e-04
   3.43964743e+02  -3.24852706e-04
   3.43965231e+02   3.95940842e-05
   3.43965719e+02   2.93390360e-04
   3.43966208e+02   3.93110618e-04
   3.43966696e+02   5.04947151e-04
   3.43967184e+02   4.66542406e-04
   3.43967673e+02   3.97942815e-04
   3.43968161e+02   4.15960210e-04
   3.43968649e+02   4.80950664e-04
   3.43969138e+02   6.77858072e-04
   3.43969626e+02   8.61522800e-04
   3.43970114e+02   7.07730593e-04
   3.43970603e+02   2.55087158e-04
   3.43971091e+02  -3.84139239e-05
   3.43971579e+02   7.86602050e-06
   3.43972067e+02   2.02226569e-04
   3.43972556e+02   2.18879679e-04
   3.43973044e+02  -1.96936016e-04
   3.43973532e+02  -4.12299647e-04
   3.43974021e+02   1.49184034e-05
   3.43974509e+02   3.14232107e-04
   3.43974997e+02   1.75609253e-04
   3.43975486e+02   1.05034749e-04
   3.43975974e+02   4.01743542e-04
   3.43976462e+02   7.69636128e-04
   3.43976951e+02   6.46251778e-04
   3.43977439e+02   1.43305384e-04
   3.43977927e+02  -1.74060508e-04
   3.43978416e+02   9.90729895e-05
   3.43978904e+02   4.16523981e-04
   3.43979392e+02   2.81224813e-04
   3.43979880e+02   3.45269800e-04
   3.43980369e+02   2.73092330e-04
   3.43980857e+02  -3.02722998e-04
   3.43981345e+02  -4.71398263e-04
   3.43981834e+02  -1.82138974e-04
   3.43982322e+02  -1.25706661e-04
   3.43982810e+02  -6.65246553e-05
   3.43983299e+02   1.40382719e-04
   3.43983787e+02   5.70965904e-06
   3.43984275e+02  -1.90907784e-04
   3.43984764e+02   1.01393336e-04
   3.43985252e+02   3.13188444e-04
   3.43985740e+02   1.09306166e-04
   3.43986228e+02  -2.40593698e-04
   3.43986717e+02  -2.00408525e-04
   3.43987205e+02   9.00991727e-05
   3.43987693e+02   1.58797950e-04
   3.43988182e+02  -8.18432090e-05
   3.43988670e+02  -2.54926621e-04
   3.43989158e+02  -3.11922253e-04
   3.43989647e+02  -1.88850114e-04
   3.43990135e+02   3.20967956e-04
   3.43990623e+02   5.37837157e-04
   3.43991112e+02   1.81274445e-04
   3.43991600e+02   8.45198447e-05
   3.43992088e+02   1.77477668e-05
   3.43992576e+02  -3.35334771e-04
   3.43993065e+02  -2.92836223e-04
   3.43993553e+02   1.11785848e-04
   3.43994041e+02   2.72351463e-04
   3.43994530e+02   8.30861536e-05
   3.43995018e+02   2.01189527e-04
   3.43995506e+02   6.28091046e-04
   3.43995995e+02   6.60691469e-04
   3.43996483e+02   3.49351001e-04
   3.43996971e+02   5.76143721e-05
   3.43997460e+02   1.14530731e-05
   3.43997948e+02  -7.29484163e-05
   3.43998436e+02  -4.70144121e-04
   3.43998924e+02  -6.50166592e-04
   3.43999413e+02  -2.80404027e-04
   3.43999901e+02   1.24278549e-05
   3.44000389e+02  -4.01976460e-04
   3.44000878e+02  -8.04543088e-04
   3.44001366e+02  -6.24018605e-04
   3.44001854e+02  -4.73698485e-04
   3.44002343e+02  -4.99555084e-04
   3.44002831e+02  -3.71621485e-04
   3.44003319e+02  -1.79171067e-04
   3.44003808e+02   5.17675471e-05
   3.44004296e+02   3.03799781e-04
   3.44004784e+02   2.84709618e-04
   3.44005272e+02   1.91031577e-04
   3.44005761e+02   2.11125909e-04
   3.44006249e+02   2.77442101e-04
   3.44006737e+02   3.34353681e-04
   3.44007226e+02   3.60236387e-04
   3.44007714e+02   2.95880483e-04
   3.44008202e+02   3.19898158e-04
   3.44008691e+02   4.12244262e-04
   3.44009179e+02   2.92576675e-04
   3.44009667e+02   1.19210621e-04
   3.44010156e+02  -3.07426497e-04
   3.44010644e+02  -6.94627815e-04
   3.44011132e+02  -4.55114845e-04
   3.44011620e+02  -3.04172892e-04
   3.44012109e+02  -3.39466089e-04
   3.44012597e+02  -1.57448987e-04
   3.44013085e+02  -8.56730985e-05
   3.44013574e+02  -1.05200139e-04
   3.44014062e+02  -4.88243095e-05
   3.44014550e+02  -1.69631763e-04
   3.44015039e+02  -2.48076540e-04
   3.44015527e+02  -1.11952948e-04
   3.44016015e+02  -8.11645950e-05
   3.44016504e+02   1.04125374e-05
   3.44016992e+02   1.63223797e-06
   3.44017480e+02  -3.31803370e-04
   3.44017969e+02  -3.64505540e-04
   3.44018457e+02   6.28111911e-06
   3.44018945e+02   3.03460227e-04
   3.44019433e+02   1.68953746e-04
   3.44019922e+02  -4.56959388e-04
   3.44020410e+02  -7.00637116e-04
   3.44020898e+02  -2.05535267e-04
   3.44021387e+02   1.66406928e-04
   3.44021875e+02   8.98244543e-05
   3.44022363e+02  -3.49838192e-05
   3.44022852e+02   1.27175217e-05
   3.44023340e+02   1.34929345e-04
   3.44023828e+02   1.40519653e-04
   3.44024317e+02   7.50214676e-05
   3.44024805e+02   2.15831766e-04
   3.44025293e+02   4.77540365e-04
   3.44025781e+02   4.34569054e-04
   3.44026270e+02   2.94706057e-04
   3.44026758e+02   2.75309692e-04
   3.44027246e+02   2.37080676e-04
   3.44027735e+02   1.73178050e-04
   3.44028223e+02   3.04619491e-04
   3.44028711e+02   5.62933390e-04
   3.44029200e+02   5.88665542e-04
   3.44029688e+02   5.69472613e-04
   3.44030176e+02   5.54010214e-04
   3.44030665e+02   3.45134526e-04
   3.44031153e+02   2.82976747e-04
   3.44031641e+02   1.28275278e-04
   3.44032129e+02  -2.55270075e-04
   3.44032618e+02  -3.10698204e-04
   3.44033106e+02  -1.91127241e-04
   3.44033594e+02  -4.62347263e-04
   3.44034083e+02  -6.55844924e-04
   3.44034571e+02  -5.46347932e-04
   3.44035059e+02  -5.85051661e-04
   3.44035548e+02  -6.38140889e-04
   3.44036036e+02  -7.22749217e-04
   3.44036524e+02  -6.22127729e-04
   3.44037013e+02  -3.67871107e-04
   3.44037501e+02  -9.46562704e-06
   3.44037989e+02   4.93781408e-04
   3.44038477e+02   4.07121057e-04
   3.44038966e+02   1.64857571e-04
   3.44039454e+02   2.53120757e-04
   3.44039942e+02  -7.88753969e-05
   3.44040431e+02  -4.72463493e-04
   3.44040919e+02  -3.67356144e-04
   3.44041407e+02  -1.64652356e-05
   3.44041896e+02   2.39700355e-04
   3.44042384e+02   2.57312495e-04
   3.44042872e+02   3.97866854e-04
   3.44043361e+02   4.81672003e-04
   3.44043849e+02   1.76956382e-04
   3.44044337e+02  -1.12708207e-04
   3.44044825e+02  -1.47720581e-04
   3.44045314e+02  -8.37616899e-05
   3.44045802e+02  -6.69165238e-05
   3.44046290e+02  -3.46033448e-05
   3.44046779e+02  -1.08655637e-04
   3.44047267e+02  -1.34610105e-04
   3.44047755e+02  -3.67402790e-05
   3.44048244e+02  -1.60094962e-04
   3.44048732e+02  -3.31802876e-04
   3.44049220e+02  -2.48369324e-04
   3.44049709e+02  -9.89664695e-05
   3.44050197e+02   1.21839905e-04
   3.44050685e+02   3.72271199e-04
   3.44051173e+02   6.78199940e-05
   3.44051662e+02  -4.47773200e-04
   3.44052150e+02  -5.28300297e-04
   3.44052638e+02  -2.94312718e-04
   3.44053127e+02  -2.08106751e-04
   3.44053615e+02  -2.59263674e-04
   3.44054103e+02  -3.52109288e-04
   3.44054592e+02  -5.63713955e-04
   3.44055080e+02  -4.95741027e-04
   3.44055568e+02  -8.61836888e-05
   3.44056057e+02   4.03871585e-04
   3.44056545e+02   5.93221106e-04
   3.44057033e+02   4.24582395e-04
   3.44057522e+02   3.66940163e-04
   3.44058010e+02   3.82838596e-04
   3.44058498e+02   1.22734171e-04
   3.44058986e+02  -1.34220434e-04
   3.44059475e+02  -2.58829125e-04
   3.44059963e+02  -4.63750795e-04
   3.44060451e+02  -4.80941671e-04
   3.44060940e+02  -1.91581697e-04
   3.44061428e+02  -5.82046596e-07
   3.44061916e+02   3.12746051e-05
   3.44062405e+02   2.21774812e-04
   3.44062893e+02   3.70253838e-04
   3.44063381e+02   3.59078462e-04
   3.44063870e+02   3.94509814e-04
   3.44064358e+02   6.44159882e-05
   3.44064846e+02  -4.62868629e-04
   3.44065334e+02  -4.41209733e-04
   3.44065823e+02   9.22467098e-06
   3.44066311e+02   3.72645707e-04
   3.44066799e+02   4.81064722e-04
   3.44067288e+02   3.54864460e-04
   3.44067776e+02   2.24722695e-04
   3.44068264e+02   4.06472691e-06
   3.44068753e+02  -4.91119921e-04
   3.44069241e+02  -5.24916162e-04
   3.44069729e+02   1.24176600e-04
   3.44070218e+02   5.99773775e-04
   3.44070706e+02   4.36484668e-04
   3.44071194e+02   4.84559096e-05
   3.44071682e+02   3.85374224e-05
   3.44072171e+02   1.54759095e-04
   3.44072659e+02  -1.59153104e-04
   3.44073147e+02  -4.71158215e-04
   3.44073636e+02  -2.34020510e-04
   3.44074124e+02   2.47181655e-04
   3.44074612e+02   3.58011021e-04
   3.44075101e+02   2.56503990e-04
   3.44075589e+02   1.99561036e-05
   3.44076077e+02  -4.10356326e-04
   3.44076566e+02  -6.13979879e-04
   3.44077054e+02  -4.09466680e-04
   3.44077542e+02  -1.63057157e-05
   3.44078030e+02   2.84337992e-04
   3.44078519e+02   2.63184513e-04
   3.44079007e+02  -1.50454407e-05
   3.44079495e+02  -1.75449284e-04
   3.44079984e+02   5.49541110e-05
   3.44080472e+02   2.87279923e-04
   3.44080960e+02   1.73781038e-04
   3.44081449e+02   9.14168995e-05
   3.44081937e+02   2.85526097e-04
   3.44082425e+02   3.70989670e-04
   3.44082914e+02   1.12142690e-04
   3.44083402e+02  -1.25589097e-04
   3.44083890e+02  -4.13965929e-04
   3.44084378e+02  -6.81254664e-04
   3.44084867e+02  -6.46762492e-04
   3.44085355e+02  -4.27465944e-04
   3.44085843e+02  -2.53017643e-04
   3.44086332e+02  -1.96809619e-04
   3.44086820e+02  -9.63504062e-05
   3.44087308e+02  -2.21761176e-04
   3.44087797e+02  -4.37584618e-04
   3.44088285e+02  -5.39586239e-04
   3.44088773e+02  -3.96393181e-04
   3.44089262e+02  -3.12478514e-05
   3.44089750e+02   1.34781876e-04
   3.44090238e+02   6.13502416e-05
   3.44090726e+02  -1.62814162e-04
   3.44091215e+02  -2.84143811e-04
   3.44091703e+02   4.62406979e-06
   3.44092191e+02   1.79432216e-04
   3.44092680e+02  -1.13087925e-04
   3.44093168e+02  -1.49922533e-04
   3.44093656e+02   2.20598420e-04
   3.44094145e+02   2.41209244e-04
   3.44094633e+02   3.80809543e-05
   3.44095121e+02  -2.42236376e-04
   3.44095610e+02  -5.78525825e-04
   3.44096098e+02  -5.88345341e-04
   3.44096586e+02  -2.86333670e-04
   3.44097075e+02  -7.02787656e-05
   3.44097563e+02  -5.95838501e-05
   3.44098051e+02  -1.10525370e-05
   3.44098539e+02  -1.39615040e-05
   3.44099028e+02  -2.16501885e-05
   3.44099516e+02   1.60265467e-04
   3.44100004e+02   2.88682728e-04
   3.44100493e+02   1.33032096e-04
   3.44100981e+02  -2.30754467e-05
   3.44101469e+02  -8.54013342e-05
   3.44101958e+02  -2.26327684e-04
   3.44102446e+02  -7.30145039e-05
   3.44102934e+02   4.68901329e-04
   3.44103423e+02   9.24862165e-04
   3.44103911e+02   9.20450082e-04
   3.44104399e+02   5.26558666e-04
   3.44104887e+02   2.28797871e-04
   3.44105376e+02  -2.09196674e-04
   3.44105864e+02  -8.36761901e-04
   3.44106352e+02  -9.59841185e-04
   3.44106841e+02  -5.70893986e-04
   3.44107329e+02  -1.57484479e-04
   3.44107817e+02   3.18146951e-04
   3.44108306e+02   4.92507301e-04
   3.44108794e+02   1.66670317e-04
   3.44109282e+02  -5.51458925e-06
   3.44109771e+02   4.13002708e-05
   3.44110259e+02   1.77905167e-05
   3.44110747e+02   4.77852263e-05
   3.44111235e+02   2.97009567e-04
   3.44111724e+02   3.64958250e-04
   3.44112212e+02   7.17212024e-05
   3.44112700e+02   1.10625231e-04
   3.44113189e+02   1.61586344e-04
   3.44113677e+02  -1.64182726e-04
   3.44114165e+02  -2.87282834e-04
   3.44114654e+02  -1.40694843e-04
   3.44115142e+02  -6.77345452e-05
   3.44115630e+02   1.76543836e-05
   3.44116119e+02   1.56041424e-04
   3.44116607e+02   1.05805120e-04
   3.44117095e+02  -1.04494204e-04
   3.44117583e+02  -4.62735217e-04
   3.44118072e+02  -7.19345815e-04
   3.44118560e+02  -6.15897647e-04
   3.44119048e+02  -4.52173670e-04
   3.44119537e+02  -2.66075716e-04
   3.44120025e+02  -5.72529352e-05
   3.44120513e+02  -2.40357753e-04
   3.44121002e+02  -4.41572891e-04
   3.44121490e+02  -2.23993484e-04
   3.44121978e+02  -3.28529102e-04
   3.44122467e+02  -4.21185134e-04
   3.44122955e+02  -1.80262199e-04
   3.44123443e+02  -9.95857772e-06
   3.44123931e+02   5.76239217e-05
   3.44124420e+02  -1.52239052e-04
   3.44124908e+02  -2.30930527e-04
   3.44125396e+02   3.23042841e-05
   3.44125885e+02   6.74366820e-05
   3.44126373e+02   7.73958527e-06
   3.44126861e+02   1.26322935e-04
   3.44127350e+02  -3.55961056e-05
   3.44127838e+02  -2.30748614e-04
   3.44128326e+02  -6.54820760e-05
   3.44128815e+02   1.80449351e-05
   3.44129303e+02  -1.38612022e-05
   3.44129791e+02   2.07624704e-04
   3.44130279e+02   3.50172020e-04
   3.44130768e+02   4.32295492e-05
   3.44131256e+02  -2.00502356e-04
   3.44131744e+02  -1.43438840e-04
   3.44132233e+02   1.08918597e-04
   3.44132721e+02   3.14609846e-04
   3.44133209e+02   1.37074079e-04
   3.44133698e+02  -7.72401618e-05
   3.44134186e+02  -3.89831257e-04
   3.44134674e+02  -7.35558686e-04
   3.44135163e+02  -5.13572129e-04
   3.44135651e+02   7.48409036e-07
   3.44136139e+02   2.68881471e-04
   3.44136628e+02   1.60307478e-04
   3.44137116e+02  -1.36532326e-05
   3.44137604e+02  -8.45120740e-05
   3.44138092e+02   3.52562165e-05
   3.44138581e+02   1.24331127e-04
   3.44139069e+02   1.10615736e-04
   3.44139557e+02   3.15854923e-05
   3.44140046e+02  -9.38437661e-05
   3.44140534e+02   1.97707832e-05
   3.44141022e+02   2.64012604e-04
   3.44141511e+02   1.76309928e-04
   3.44141999e+02  -3.53211763e-05
   3.44142487e+02   1.97705725e-04
   3.44142976e+02   3.63648578e-04
   3.44143464e+02   1.44328485e-04
   3.44143952e+02  -1.28269588e-04
   3.44144440e+02  -2.89047457e-04
   3.44144929e+02  -5.32111910e-04
   3.44145417e+02  -7.18604540e-04
   3.44145905e+02  -5.74073289e-04
   3.44146394e+02  -3.67900124e-04
   3.44146882e+02  -1.83389275e-04
   3.44147370e+02   4.35509428e-05
   3.44147859e+02   1.92577514e-04
   3.44148347e+02   3.31351621e-04
   3.44148835e+02   4.92770865e-04
   3.44149324e+02   4.44919744e-04
   3.44149812e+02   6.11359719e-05
   3.44150300e+02  -1.67348713e-04
   3.44150788e+02  -1.82408367e-05
   3.44151277e+02   3.51241142e-05
   3.44151765e+02  -5.36845728e-05
   3.44152253e+02  -6.83171020e-05
   3.44152742e+02  -2.02234252e-04
   3.44153230e+02  -4.08302905e-04
   3.44153718e+02  -4.14889015e-04
   3.44154207e+02  -2.30656718e-04
   3.44154695e+02  -6.30791765e-05
   3.44155183e+02   7.98025285e-05
   3.44155672e+02   2.75170372e-04
   3.44156160e+02   3.02649336e-04
   3.44156648e+02   3.21302534e-04
   3.44157136e+02   4.30294545e-04
   3.44157625e+02   2.13826832e-04
   3.44158113e+02  -1.90958395e-04
   3.44158601e+02  -2.46134790e-04
   3.44159090e+02  -2.72156089e-04
   3.44159578e+02  -1.28955202e-04
   3.44160066e+02   4.21243429e-04
   3.44160555e+02   4.93854284e-04
   3.44161043e+02   1.37736613e-04
   3.44161531e+02  -8.46817147e-06
   3.44162020e+02  -5.26294825e-05
   3.44162508e+02   2.99680960e-05
   3.44162996e+02   1.06067906e-04
   3.44163484e+02  -1.69278777e-04
   3.44163973e+02  -3.71244823e-04
   3.44164461e+02  -3.17562692e-04
   3.44164949e+02  -3.11998097e-04
   3.44165438e+02  -4.03529499e-04
   3.44165926e+02  -2.74733466e-04
   3.44166414e+02   2.43862130e-04
   3.44166903e+02   7.20992510e-04
   3.44167391e+02   4.40210948e-04
   3.44167879e+02  -1.85501151e-04
   3.44168368e+02  -2.39428002e-04
   3.44168856e+02   1.58782805e-05
   3.44169344e+02   1.38861593e-04
   3.44169832e+02   3.03617795e-04
   3.44170321e+02   2.41578877e-04
   3.44170809e+02   7.42602861e-05
   3.44171297e+02   1.95362998e-04
   3.44171786e+02   5.54174221e-05
   3.44172274e+02  -2.74173508e-04
   3.44172762e+02  -1.80743038e-04
   3.44173251e+02   2.51064892e-04
   3.44173739e+02   4.23999212e-04
   3.44174227e+02   4.07383486e-04
   3.44174716e+02   6.06554910e-04
   3.44175204e+02   3.44581407e-04
   3.44175692e+02  -2.27998844e-05
   3.44176181e+02   8.79610816e-05
   3.44176669e+02   6.64580657e-05
   3.44177157e+02  -1.18433112e-04
   3.44177645e+02  -3.94201052e-04
   3.44178134e+02  -5.89932140e-04
   3.44178622e+02  -1.93965025e-04
   3.44179110e+02   3.68081266e-04
   3.44179599e+02   5.15490130e-04
   3.44180087e+02   3.28617374e-04
   3.44180575e+02  -1.21824771e-04
   3.44181064e+02  -3.87373788e-04
   3.44181552e+02  -1.54782145e-04
   3.44182040e+02  -9.38218727e-05
   3.44182529e+02   3.86906031e-05
   3.44183017e+02   5.31456899e-04
   3.44183505e+02   6.06691057e-04
   3.44183993e+02   4.67434904e-04
   3.44184482e+02   4.45951824e-04
   3.44184970e+02   2.26794960e-04
   3.44185458e+02  -4.37472445e-05
   3.44185947e+02  -1.42489967e-04
   3.44186435e+02   1.11938243e-04
   3.44186923e+02   2.75796396e-04
   3.44187412e+02  -3.62489191e-05
   3.44187900e+02  -2.62404239e-04
   3.44188388e+02  -7.87614845e-05
   3.44188877e+02   1.76107758e-04
   3.44189365e+02   2.42473398e-04
   3.44189853e+02   3.00370768e-04
   3.44190341e+02   4.29014006e-04
   3.44190830e+02   3.52615840e-04
   3.44191318e+02  -1.63192439e-04
   3.44191806e+02  -3.63353174e-04
   3.44192295e+02   1.97996327e-04
   3.44192783e+02   6.60397578e-04
   3.44193271e+02   4.45463374e-04
   3.44193760e+02  -3.05265057e-05
   3.44194248e+02  -4.42985707e-04
   3.44194736e+02  -5.67997282e-04
   3.44195225e+02  -4.75792564e-04
   3.44195713e+02  -2.00833092e-04
   3.44196201e+02  -1.87697864e-04
   3.44196689e+02  -5.07136981e-04
   3.44197178e+02  -6.80747326e-04
   3.44197666e+02  -4.09252825e-04
   3.44198154e+02  -5.14662424e-05
   3.44198643e+02  -1.98982540e-04
   3.44199131e+02  -7.03608850e-04
   3.44199619e+02  -7.13736517e-04
   3.44200108e+02  -4.16504015e-04
   3.44200596e+02  -4.51974774e-04
   3.44201084e+02  -5.56025305e-04
   3.44201573e+02  -5.98141167e-04
   3.44202061e+02  -4.25540085e-04
   3.44202549e+02  -8.42650479e-05
   3.44203037e+02   8.81026790e-05
   3.44203526e+02  -3.14157951e-05
   3.44204014e+02  -3.56660690e-04
   3.44204502e+02  -6.55759766e-04
   3.44204991e+02  -7.03110127e-04
   3.44205479e+02  -5.65668219e-04
   3.44205967e+02  -3.49536713e-04
   3.44206456e+02  -1.25194692e-05
   3.44206944e+02   2.66334944e-04
   3.44207432e+02   2.18807822e-04
   3.44207921e+02  -1.11915477e-04
   3.44208409e+02  -1.28010171e-04
   3.44208897e+02   2.99724081e-04
   3.44209385e+02   4.86057892e-04
   3.44209874e+02   1.67615013e-04
   3.44210362e+02  -7.18475640e-05
   3.44210850e+02   2.78644129e-05
   3.44211339e+02   2.78260472e-04
   3.44211827e+02   4.08623338e-04
   3.44212315e+02   2.42415117e-04
   3.44212804e+02  -2.99830281e-05
   3.44213292e+02   6.67731865e-06
   3.44213780e+02   1.15968454e-04
   3.44214269e+02  -2.64092214e-05
   3.44214757e+02  -2.07820427e-04
   3.44215245e+02  -2.92812503e-04
   3.44215734e+02  -2.79792410e-04
   3.44216222e+02  -3.26488807e-05
   3.44216710e+02   8.02073191e-05
   3.44217198e+02  -3.37708698e-05
   3.44217687e+02  -9.03946711e-05
   3.44218175e+02  -1.09457418e-04
   3.44218663e+02  -2.02316165e-04
   3.44219152e+02  -4.14419308e-04
   3.44219640e+02  -5.22438495e-04
   3.44220128e+02  -4.62128082e-04
   3.44220617e+02  -4.17811214e-04
   3.44221105e+02  -3.85401945e-04
   3.44221593e+02  -3.96748335e-04
   3.44222082e+02  -5.93093719e-05
   3.44222570e+02   3.55630269e-04
   3.44223058e+02   8.36103573e-05
   3.44223546e+02  -1.05095671e-04
   3.44224035e+02   1.82416799e-04
   3.44224523e+02   2.06314915e-04
   3.44225011e+02   2.33729457e-04
   3.44225500e+02   3.13709315e-04
   3.44225988e+02   1.59898118e-04
   3.44226476e+02   2.18282963e-04
   3.44226965e+02   6.29805378e-04
   3.44227453e+02   4.42460325e-04
   3.44227941e+02  -1.73426335e-04
   3.44228430e+02  -1.19109282e-04
   3.44228918e+02   1.86544348e-04
   3.44229406e+02   3.84246232e-04
   3.44229894e+02   4.95773042e-04
   3.44230383e+02   1.80230534e-04
   3.44230871e+02  -2.08676822e-04
   3.44231359e+02  -3.52660194e-04
   3.44231848e+02  -3.20883526e-04
   3.44232336e+02  -1.08247579e-04
   3.44232824e+02   1.36378600e-04
   3.44233313e+02   2.97332241e-04
   3.44233801e+02   1.34377144e-04
   3.44234289e+02  -1.07659587e-04
   3.44234778e+02   4.53427856e-05
   3.44235266e+02   3.43865831e-04
   3.44235754e+02   3.50006914e-04
   3.44236242e+02   2.12828163e-04
   3.44236731e+02   4.30366752e-04
   3.44237219e+02   5.36585925e-04
   3.44237707e+02   3.04935355e-04
   3.44238196e+02   3.10754287e-04
   3.44238684e+02   3.32245021e-04
   3.44239172e+02   2.49778474e-04
   3.44239661e+02   5.40961861e-04
   3.44240149e+02   8.74477904e-04
   3.44240637e+02   7.12148612e-04
   3.44241126e+02   4.52302193e-04
   3.44241614e+02   2.43589238e-04
   3.44242102e+02   5.23268463e-05
   3.44242590e+02   6.18425620e-05
   3.44243079e+02   1.08581036e-04
   3.44243567e+02   2.37795655e-04
   3.44244055e+02   2.04146621e-04
   3.44244544e+02  -2.70940945e-04
   3.44245032e+02  -3.79049598e-04
   3.44245520e+02   1.42371151e-04
   3.44246009e+02   5.90103678e-04
   3.44246497e+02   4.79510491e-04
   3.44246985e+02  -5.52462479e-05
   3.44247474e+02  -1.36763163e-04
   3.44247962e+02   6.08885694e-06
   3.44248450e+02  -1.27053485e-04
   3.44248938e+02  -2.39207046e-04
   3.44249427e+02  -2.14266515e-06
   3.44249915e+02  -3.03321413e-05
   3.44250403e+02  -2.43305738e-04
   3.44250892e+02  -1.28932326e-04
   3.44251380e+02  -2.36784194e-06
   3.44251868e+02  -1.37181967e-04
   3.44252357e+02  -3.07986076e-04
   3.44252845e+02  -2.46731244e-04
   3.44253333e+02   1.84674282e-05
   3.44253822e+02   2.49965757e-04
   3.44254310e+02   1.55636793e-04
   3.44254798e+02  -1.98267211e-04
   3.44255286e+02  -1.55295886e-04
   3.44255775e+02   2.91978940e-04
   3.44256263e+02   2.14283704e-04
   3.44256751e+02  -3.82032478e-04
   3.44257240e+02  -5.46638679e-04
   3.44257728e+02  -1.58609473e-04
   3.44258216e+02   2.65088893e-04
   3.44258705e+02   2.99244362e-04
   3.44259193e+02  -2.95214595e-05
   3.44259681e+02  -1.36953007e-04
   3.44260170e+02  -9.93906724e-06
   3.44260658e+02   1.55973161e-04
   3.44261146e+02   2.04106182e-04
   3.44261635e+02   6.21884174e-05
   3.44262123e+02   2.12784857e-04
   3.44262611e+02   4.68383718e-04
   3.44263099e+02   1.87919592e-04
   3.44263588e+02  -2.37272790e-04
   3.44264076e+02  -3.46133165e-04
   3.44264564e+02  -3.43513326e-04
   3.44265053e+02  -3.33469245e-04
   3.44265541e+02  -1.90762396e-04
   3.44266029e+02  -1.17138923e-04
   3.44266518e+02  -5.49112556e-05
   3.44267006e+02  -1.42671517e-04
   3.44267494e+02  -5.72571182e-04
   3.44267983e+02  -6.32607611e-04
   3.44268471e+02  -2.79328688e-05
   3.44268959e+02   5.92657307e-04
   3.44269447e+02   6.27841859e-04
   3.44269936e+02   2.50269339e-04
   3.44270424e+02   1.09273213e-04
   3.44270912e+02   3.04068875e-04
   3.44271401e+02   3.68242501e-04
   3.44271889e+02   1.24224738e-04
   3.44272377e+02   6.83237522e-05
   3.44272866e+02   1.48075153e-04
   3.44273354e+02  -2.54878978e-05
   3.44273842e+02   3.35422847e-05
   3.44274331e+02   4.74717497e-04
   3.44274819e+02   7.74465560e-04
   3.44275307e+02   4.06655512e-04
   3.44275795e+02  -2.44410388e-04
   3.44276284e+02  -3.60600941e-04
   3.44276772e+02  -1.62774828e-04
   3.44277260e+02  -1.15949850e-04
   3.44277749e+02  -1.82017364e-04
   3.44278237e+02  -2.07630146e-04
   3.44278725e+02  -3.09242896e-04
   3.44279214e+02  -3.84421903e-04
   3.44279702e+02   7.53930362e-05
   3.44280190e+02   3.38098325e-04
   3.44280679e+02   3.73285002e-05
   3.44281167e+02   6.03552253e-05
   3.44281655e+02   2.26586199e-04
   3.44282143e+02  -5.71173878e-05
   3.44282632e+02  -2.30001446e-04
   3.44283120e+02  -1.90365652e-04
   3.44283608e+02  -2.90203898e-04
   3.44284097e+02  -3.34209588e-04
   3.44284585e+02  -4.45382524e-04
   3.44285073e+02  -3.15658166e-04
   3.44285562e+02   3.46055924e-04
   3.44286050e+02   7.50929757e-04
   3.44286538e+02   5.38175751e-04
   3.44287027e+02   2.64029775e-04
   3.44287515e+02   2.68739270e-04
   3.44288003e+02   3.00045038e-04
   3.44288491e+02   2.08486599e-04
   3.44288980e+02   1.37051786e-04
   3.44289468e+02  -1.04320017e-04
   3.44289956e+02  -1.88335820e-04
   3.44290445e+02  -6.87173742e-05
   3.44290933e+02   2.36224751e-05
   3.44291421e+02   1.92664302e-04
   3.44291910e+02   5.49802680e-05
   3.44292398e+02  -2.12070066e-04
   3.44292886e+02  -2.79437401e-04
   3.44293375e+02  -1.06370630e-04
   3.44293863e+02   2.16161687e-04
   3.44294351e+02   2.08908081e-04
   3.44294839e+02  -8.86124690e-06
   3.44295328e+02  -1.37005991e-04
   3.44295816e+02  -5.54719882e-05
   3.44296304e+02   2.81057350e-04
   3.44296793e+02   3.77203105e-04
   3.44297281e+02   3.46017760e-06
   3.44297769e+02  -2.77794927e-04
   3.44298258e+02  -1.02834092e-04
   3.44298746e+02   4.91225692e-05
   3.44299234e+02  -1.46453822e-04
   3.44299723e+02  -4.03564569e-04
   3.44300211e+02  -4.59277217e-04
   3.44300699e+02  -5.37304033e-04
   3.44301188e+02  -5.31628728e-04
   3.44301676e+02  -2.06297962e-04
   3.44302164e+02   1.41714365e-04
   3.44302652e+02   1.54564143e-04
   3.44303141e+02   1.61234449e-04
   3.44303629e+02   3.84906976e-04
   3.44304117e+02   4.36666800e-04
   3.44304606e+02   1.22213212e-04
   3.44305094e+02  -4.59792907e-04
   3.44305582e+02  -7.24165875e-04
   3.44306071e+02  -2.88321695e-04
   3.44306559e+02   2.24172778e-04
   3.44307047e+02   2.11955252e-04
   3.44307536e+02  -2.29675323e-04
   3.44308024e+02  -4.57870978e-04
   3.44308512e+02  -1.93970525e-04
   3.44309000e+02  -1.62319018e-04
   3.44309489e+02  -1.18768250e-04
   3.44309977e+02  -1.83239055e-04
   3.44310465e+02  -3.36070865e-04
   3.44310954e+02   1.92890911e-05
   3.44311442e+02   5.86505979e-04
   3.44311930e+02   5.78676525e-04
   3.44312419e+02   2.49249279e-04
   3.44312907e+02   3.00283398e-04
   3.44313395e+02   6.15227735e-04
   3.44313884e+02   4.42286051e-04
   3.44314372e+02   3.58385550e-05
   3.44314860e+02   1.47282641e-04
   3.44315348e+02   7.08093376e-06
   3.44315837e+02  -3.54846969e-04
   3.44316325e+02  -2.90815602e-04
   3.44316813e+02   1.74397519e-05
   3.44317302e+02   3.74436117e-04
   3.44317790e+02   4.68861370e-04
   3.44318278e+02   2.99957144e-04
   3.44318767e+02   2.60594679e-04
   3.44319255e+02   4.86533099e-04
   3.44319743e+02   6.37843565e-04
   3.44320232e+02   5.02350449e-04
   3.44320720e+02   3.35045654e-04
   3.44321208e+02   1.90389765e-04
   3.44321696e+02  -1.29528795e-04
   3.44322185e+02  -2.40900525e-04
   3.44322673e+02  -5.06497599e-05
   3.44323161e+02  -1.21865218e-04
   3.44323650e+02  -3.60538455e-04
   3.44324138e+02  -1.64070079e-04
   3.44324626e+02   5.69040130e-04
   3.44325115e+02   8.30743869e-04
   3.44325603e+02   4.60777432e-04
   3.44326091e+02   1.60917654e-04
   3.44326580e+02   1.07345704e-05
   3.44327068e+02   1.29779830e-04
   3.44327556e+02   3.41973093e-04
   3.44328044e+02   1.22576792e-04
   3.44328533e+02  -9.51469847e-05
   3.44329021e+02   2.99454277e-05
   3.44329509e+02  -3.63602303e-05
   3.44329998e+02  -3.08081828e-04
   3.44330486e+02  -2.36958338e-04
   3.44330974e+02   1.47788407e-04
   3.44331463e+02   2.64933013e-04
   3.44331951e+02   2.75012979e-04
   3.44332439e+02   2.57117819e-04
   3.44332928e+02   1.16133364e-04
   3.44333416e+02   9.36397118e-05
   3.44333904e+02   8.37694097e-05
   3.44334392e+02  -4.43265744e-05
   3.44334881e+02  -1.95233515e-04
   3.44335369e+02  -1.28517304e-05
   3.44335857e+02   3.02431814e-04
   3.44336346e+02   2.89111253e-04
   3.44336834e+02   1.26133047e-04
   3.44337322e+02  -1.02880331e-04
   3.44337811e+02  -7.49990140e-05
   3.44338299e+02   2.28654870e-04
   3.44338787e+02   3.09521303e-04
   3.44339276e+02   1.76437170e-05
   3.44339764e+02  -4.13752248e-04
   3.44340252e+02  -3.79671168e-04
   3.44340741e+02  -2.92003933e-05
   3.44341229e+02   3.94905685e-04
   3.44341717e+02   7.72534870e-04
   3.44342205e+02   6.86241372e-04
   3.44342694e+02   5.22156246e-04
   3.44343182e+02   4.03562241e-04
   3.44343670e+02   1.56849041e-04
   3.44344159e+02   1.07900974e-04
   3.44344647e+02   2.11788196e-04
   3.44345135e+02   2.91539618e-04
   3.44345624e+02   8.08951154e-05
   3.44346112e+02  -2.08939629e-04
   3.44346600e+02  -1.10548412e-04
   3.44347089e+02   2.52194557e-04
   3.44347577e+02   4.77267720e-04
   3.44348065e+02   5.41273388e-04
   3.44348553e+02   7.11763569e-04
   3.44349042e+02   7.38686766e-04
   3.44349530e+02   2.89108342e-04
   3.44350018e+02  -4.86195713e-05
   3.44350507e+02   1.60102223e-04
   3.44350995e+02   3.63327912e-04
   3.44351483e+02   5.49381308e-04
   3.44351972e+02   6.81201695e-04
   3.44352460e+02   5.46985946e-04
   3.44352948e+02   6.68610330e-04
   3.44353437e+02   8.09118152e-04
   3.44353925e+02   3.71622067e-04
   3.44354413e+02   1.27621999e-04
   3.44354901e+02  -4.91234314e-05
   3.44355390e+02  -5.82011824e-04
   3.44355878e+02  -7.13236921e-04
   3.44356366e+02  -6.15840021e-04
   3.44356855e+02  -5.73957281e-04
   3.44357343e+02  -1.32960937e-04
   3.44357831e+02   2.08815734e-04
   3.44358320e+02   6.70258396e-06
   3.44358808e+02  -1.33756490e-04
   3.44359296e+02  -1.98643829e-06
   3.44359785e+02  -4.54631227e-05
   3.44360273e+02  -1.11763926e-04
   3.44360761e+02  -1.49805492e-04
   3.44361249e+02  -3.70377675e-04
   3.44361738e+02  -4.47822764e-04
   3.44362226e+02  -2.49647885e-04
   3.44362714e+02  -2.46806827e-04
   3.44363203e+02  -4.63917007e-04
   3.44363691e+02  -2.13875755e-04
   3.44364179e+02   1.66783764e-04
   3.44364668e+02   1.24233135e-04
   3.44365156e+02   9.25057157e-06
   3.44365644e+02  -2.44647144e-05
   3.44366133e+02  -4.63371407e-06
   3.44366621e+02   3.45919398e-04
   3.44367109e+02   2.35509186e-04
   3.44367597e+02  -1.62500844e-04
   3.44368086e+02  -3.47714231e-04
   3.44368574e+02  -1.23438585e-04
   3.44369062e+02   2.66742893e-04
   3.44369551e+02   5.16941305e-04
   3.44370039e+02   5.17286360e-04
   3.44370527e+02   5.14285872e-04
   3.44371016e+02   4.86429402e-04
   3.44371504e+02   4.09693930e-05
   3.44371992e+02  -3.94406146e-04
   3.44372481e+02  -2.23124676e-04
   3.44372969e+02  -2.83854865e-06
   3.44373457e+02  -5.21922593e-05
   3.44373945e+02  -2.01996096e-04
   3.44374434e+02  -4.93161206e-04
   3.44374922e+02  -6.87258842e-04
   3.44375410e+02  -4.49795538e-04
   3.44375899e+02  -1.75548739e-05
   3.44376387e+02   1.43529687e-04
   3.44376875e+02   2.44195071e-05
   3.44377364e+02  -1.47215571e-04
   3.44377852e+02  -2.88250711e-04
   3.44378340e+02  -4.31171182e-04
   3.44378829e+02  -4.84015269e-04
   3.44379317e+02  -2.99086067e-04
   3.44379805e+02  -2.17237583e-04
   3.44380294e+02  -5.97530801e-04
   3.44380782e+02  -8.71198077e-04
   3.44381270e+02  -5.81030676e-04
   3.44381758e+02  -1.74209054e-04
   3.44382247e+02   1.00412850e-04
   3.44382735e+02   3.08196497e-04
   3.44383223e+02   3.57239565e-04
   3.44383712e+02   2.67305353e-04
   3.44384200e+02  -4.71467065e-05
   3.44384688e+02  -2.81786692e-04
   3.44385177e+02  -2.49502977e-04
   3.44385665e+02  -1.92311854e-04
   3.44386153e+02  -2.80094187e-04
   3.44386642e+02  -4.38353251e-04
   3.44387130e+02  -3.72945331e-04
   3.44387618e+02  -3.64620268e-04
   3.44388106e+02  -4.49566200e-04
   3.44388595e+02  -1.36857925e-04
   3.44389083e+02   4.35184600e-04
   3.44389571e+02   7.20992452e-04
   3.44390060e+02   4.72240907e-04
   3.44390548e+02   1.05729865e-04
   3.44391036e+02   2.00686598e-04
   3.44391525e+02   6.60470570e-04
   3.44392013e+02   4.76595451e-04
   3.44392501e+02  -1.06898231e-04
   3.44392990e+02  -2.83140282e-04
   3.44393478e+02  -2.43236937e-04
   3.44393966e+02  -8.03964504e-05
   3.44394454e+02   1.25347986e-04
   3.44394943e+02   1.14079339e-04
   3.44395431e+02   2.77529853e-05
   3.44395919e+02   1.85084500e-04
   3.44396408e+02   2.91295815e-04
   3.44396896e+02   7.16316063e-05
   3.44397384e+02  -7.82631687e-05
   3.44397873e+02   7.32899789e-05
   3.44398361e+02   3.75350442e-04
   3.44398849e+02   5.33734623e-04
   3.44399338e+02   3.85450228e-04
   3.44399826e+02   3.06328060e-04
   3.44400314e+02   5.13064500e-04
   3.44400802e+02   5.05649543e-04
   3.44401291e+02   2.11334482e-04
   3.44401779e+02   2.02773706e-04
   3.44402267e+02   1.49637242e-04
   3.44402756e+02  -2.03376185e-04
   3.44403244e+02  -1.26509374e-04
   3.44403732e+02   1.73901703e-04
   3.44404221e+02   9.39090096e-05
   3.44404709e+02  -2.73406822e-05
   3.44405197e+02  -9.33772753e-05
   3.44405686e+02  -2.08012745e-04
   3.44406174e+02  -1.90670442e-04
   3.44406662e+02  -2.34185383e-04
   3.44407150e+02  -2.50118173e-04
   3.44407639e+02  -1.86621735e-04
   3.44408127e+02  -1.43860278e-04
   3.44408615e+02   1.98018315e-04
   3.44409104e+02   4.27325664e-04
   3.44409592e+02   9.45815482e-05
   3.44410080e+02  -4.36153787e-04
   3.44410569e+02  -4.57797898e-04
   3.44411057e+02  -1.39764263e-04
   3.44411545e+02   1.21886325e-04
   3.44412034e+02   4.20815515e-04
   3.44412522e+02   4.67685633e-04
   3.44413010e+02   2.47648190e-04
   3.44413498e+02   1.37819035e-04
   3.44413987e+02   1.68359533e-04
   3.44414475e+02   2.57227977e-04
   3.44414963e+02   1.11140827e-04
   3.44415452e+02  -1.40940319e-04
   3.44415940e+02  -3.56473873e-04
   3.44416428e+02  -6.07705617e-04
   3.44416917e+02  -6.04711706e-04
   3.44417405e+02  -3.14851408e-04
   3.44417893e+02  -2.34126579e-04
   3.44418382e+02  -5.07280871e-04
   3.44418870e+02  -7.96971668e-04
   3.44419358e+02  -6.75783202e-04
   3.44419847e+02  -3.29993898e-04
   3.44420335e+02  -1.66327212e-04
   3.44420823e+02  -1.58174851e-04
   3.44421311e+02  -2.00383976e-04
   3.44421800e+02   2.28978133e-05
   3.44422288e+02   5.28228935e-04
   3.44422776e+02   6.86319778e-04
   3.44423265e+02   3.36740923e-04
   3.44423753e+02   4.54545552e-05
   3.44424241e+02  -1.44762875e-04
   3.44424730e+02   3.79204721e-05
   3.44425218e+02   3.82934551e-04
   3.44425706e+02   1.37953946e-04
   3.44426195e+02   6.59761572e-05
   3.44426683e+02   1.01747268e-04
   3.44427171e+02  -1.72602216e-04
   3.44427659e+02  -9.59129029e-05
   3.44428148e+02   1.55178117e-04
   3.44428636e+02   1.69664956e-04
   3.44429124e+02   1.38581992e-04
   3.44429613e+02   2.65039824e-04
   3.44430101e+02   4.07098531e-04
   3.44430589e+02   2.36248059e-04
   3.44431078e+02  -2.01758186e-04
   3.44431566e+02  -6.33931195e-05
   3.44432054e+02   4.19677439e-04
   3.44432543e+02   2.58284243e-04
   3.44433031e+02  -1.61979260e-04
   3.44433519e+02  -2.83514149e-04
   3.44434007e+02  -4.43954050e-04
   3.44434496e+02  -5.26703312e-04
   3.44434984e+02  -2.09471589e-04
   3.44435472e+02  -2.93770299e-05
   3.44435961e+02  -2.13591396e-04
   3.44436449e+02  -3.57779209e-04
   3.44436937e+02  -1.48195730e-04
   3.44437426e+02   1.81003430e-04
   3.44437914e+02   1.84872173e-04
   3.44438402e+02   1.71396969e-04
   3.44438891e+02   2.22362534e-04
   3.44439379e+02  -1.26379658e-04
   3.44439867e+02  -2.81175191e-04
   3.44440355e+02   1.49113941e-04
   3.44440844e+02   5.09797945e-04
   3.44441332e+02   5.19704598e-04
   3.44441820e+02   1.87687619e-04
   3.44442309e+02  -3.83365317e-04
   3.44442797e+02  -5.05026313e-04
   3.44443285e+02   1.21079021e-04
   3.44443774e+02   5.29739656e-04
   3.44444262e+02   4.98527952e-04
   3.44444750e+02   2.77760526e-04
   3.44445239e+02   1.54718655e-04
   3.44445727e+02   2.51867081e-04
   3.44446215e+02   1.68900879e-04
   3.44446703e+02   1.65326448e-04
   3.44447192e+02   4.72309825e-04
   3.44447680e+02   5.84427267e-04
   3.44448168e+02   3.83574516e-04
   3.44448657e+02   1.57302173e-04
   3.44449145e+02   1.45346610e-04
   3.44449633e+02   1.99662085e-04
   3.44450122e+02  -2.19136673e-05
   3.44450610e+02  -4.39169555e-04
   3.44451098e+02  -6.96713454e-04
   3.44451587e+02  -3.78040713e-04
   3.44452075e+02   3.81540303e-04
   3.44452563e+02   9.99723212e-04
   3.44453051e+02   8.21055728e-04
   3.44453540e+02   1.07213236e-04
   3.44454028e+02  -2.26694392e-04
   3.44454516e+02  -2.52785510e-04
   3.44455005e+02  -2.01846487e-04
   3.44455493e+02  -4.92758372e-05
   3.44455981e+02  -1.17431569e-04
   3.44456470e+02  -3.32623546e-04
   3.44456958e+02  -1.27216816e-04
   3.44457446e+02   3.06027883e-04
   3.44457935e+02   4.71110747e-04
   3.44458423e+02   5.19959838e-04
   3.44458911e+02   3.29188071e-04
   3.44459400e+02  -2.02088245e-06
   3.44459888e+02  -8.34688399e-05
   3.44460376e+02  -2.25616226e-04
   3.44460864e+02  -4.85618366e-04
   3.44461353e+02  -5.64791670e-04
   3.44461841e+02  -1.93884378e-04
   3.44462329e+02   4.58234921e-04
   3.44462818e+02   5.56043233e-04
   3.44463306e+02   3.25567002e-04
   3.44463794e+02   4.12960362e-04
   3.44464283e+02   2.61795125e-04
   3.44464771e+02   2.63780985e-05
   3.44465259e+02   2.25851210e-04
   3.44465748e+02  -6.80524522e-07
   3.44466236e+02  -4.93936066e-04
   3.44466724e+02  -4.19120071e-04
   3.44467212e+02  -1.95358210e-04
   3.44467701e+02  -3.73025192e-04
   3.44468189e+02  -8.24931776e-04
   3.44468677e+02  -8.33195227e-04
   3.44469166e+02  -5.46680123e-04
   3.44469654e+02  -3.53981886e-04
   3.44470142e+02   6.91812529e-05
   3.44470631e+02   5.49132237e-04
   3.44471119e+02   5.84489200e-04
   3.44471607e+02   2.36355103e-04
   3.44472096e+02   1.15081661e-04
   3.44472584e+02   1.27234802e-04
   3.44473072e+02  -1.02876387e-04
   3.44473560e+02  -4.03665836e-05
   3.44474049e+02   2.61692388e-04
   3.44474537e+02   7.37616065e-05
   3.44475025e+02  -2.79348198e-04
   3.44475514e+02  -4.52390581e-04
   3.44476002e+02  -5.75914164e-04
   3.44476490e+02  -8.08334793e-04
   3.44476979e+02  -6.60536578e-04
   3.44477467e+02  -1.60895899e-04
   3.44477955e+02   1.61657765e-04
   3.44478444e+02   3.25858826e-04
   3.44478932e+02   4.11503104e-04
   3.44479420e+02   4.43957397e-04
   3.44479908e+02   4.51548578e-04
   3.44480397e+02   9.97465686e-05
   3.44480885e+02  -2.80478824e-04
   3.44481373e+02  -1.05004685e-04
   3.44481862e+02   1.44459176e-04
   3.44482350e+02   2.13629013e-04
   3.44482838e+02   2.48454657e-04
   3.44483327e+02   4.07158572e-04
   3.44483815e+02   6.18082704e-04
   3.44484303e+02   5.81853441e-04
   3.44484792e+02   7.03773752e-04
   3.44485280e+02   8.41612811e-04
   3.44485768e+02   3.21676314e-04
   3.44486256e+02  -4.29178530e-04
   3.44486745e+02  -4.75048611e-04
   3.44487233e+02  -2.32827631e-04
   3.44487721e+02  -4.36040609e-05
   3.44488210e+02   3.15816986e-04
   3.44488698e+02   2.80937791e-04
   3.44489186e+02  -1.18820346e-04
   3.44489675e+02  -1.90814622e-04
   3.44490163e+02  -2.42535214e-04
   3.44490651e+02  -5.30637568e-04
   3.44491140e+02  -6.19049883e-04
   3.44491628e+02  -5.92234195e-04
   3.44492116e+02  -3.21941770e-04
   3.44492604e+02   1.74296743e-04
   3.44493093e+02   7.27306542e-05
   3.44493581e+02  -2.52231432e-04
   3.44494069e+02  -1.19788914e-04
   3.44494558e+02  -1.71976586e-04
   3.44495046e+02  -5.98730170e-04
   3.44495534e+02  -7.86503952e-04
   3.44496023e+02  -3.87804292e-04
   3.44496511e+02   1.92700536e-04
   3.44496999e+02   4.09557717e-04
   3.44497488e+02   1.05703250e-04
   3.44497976e+02  -4.28169325e-04
   3.44498464e+02  -6.81756297e-04
   3.44498953e+02  -5.38679014e-04
   3.44499441e+02  -2.27431636e-04
   3.44499929e+02  -1.01683881e-05
   3.44500417e+02  -1.81718075e-04
   3.44500906e+02  -1.50303575e-04
   3.44501394e+02   4.23369667e-04
   3.44501882e+02   3.65528947e-04
   3.44502371e+02  -1.02494829e-04
   3.44502859e+02   3.48931426e-05
   3.44503347e+02   3.12332559e-04
   3.44503836e+02   5.41437330e-05
   3.44504324e+02  -5.65632770e-04
   3.44504812e+02  -8.69406678e-04
   3.44505301e+02  -6.51864917e-04
   3.44505789e+02  -2.92087701e-04
   3.44506277e+02  -1.62411561e-05
   3.44506765e+02   1.50475433e-04
   3.44507254e+02   2.78656866e-04
   3.44507742e+02   1.76537636e-04
   3.44508230e+02  -1.04574341e-04
   3.44508719e+02  -3.39198275e-04
   3.44509207e+02  -1.63370598e-04
   3.44509695e+02   2.04411917e-04
   3.44510184e+02   2.48349621e-04
   3.44510672e+02   2.01741423e-04
   3.44511160e+02   2.43719012e-04
   3.44511649e+02   2.79032625e-04
   3.44512137e+02   4.72803113e-05
   3.44512625e+02  -4.92330873e-04
   3.44513113e+02  -5.21435402e-04
   3.44513602e+02   8.62466550e-05
   3.44514090e+02   2.61958747e-04
   3.44514578e+02  -1.78032380e-04
   3.44515067e+02  -3.76752199e-04
   3.44515555e+02  -2.41527479e-04
   3.44516043e+02  -7.15383721e-05
   3.44516532e+02  -1.44627711e-05
   3.44517020e+02   2.74195227e-05
   3.44517508e+02   2.83391477e-04
   3.44517997e+02   3.06299626e-04
   3.44518485e+02   3.95264651e-05
   3.44518973e+02  -6.48155547e-05
   3.44519461e+02   4.58190552e-05
   3.44519950e+02   2.85622926e-04
   3.44520438e+02   3.18526843e-04
   3.44520926e+02  -2.82211222e-05
   3.44521415e+02  -4.11428249e-04
   3.44521903e+02  -5.09740901e-04
   3.44522391e+02  -3.20313440e-04
   3.44522880e+02   4.18058953e-05
   3.44523368e+02   2.42214242e-04
   3.44523856e+02   2.96600138e-05
   3.44524345e+02  -2.96254497e-04
   3.44524833e+02  -4.39749914e-04
   3.44525321e+02  -4.41736163e-04
   3.44525809e+02  -2.08356709e-04
   3.44526298e+02   2.22724047e-04
   3.44526786e+02   3.72242852e-04
   3.44527274e+02   2.56805564e-04
   3.44527763e+02   3.09348077e-04
   3.44528251e+02   2.44213559e-04
   3.44528739e+02  -1.86099423e-04
   3.44529228e+02  -4.07305895e-04
   3.44529716e+02   1.96483707e-05
   3.44530204e+02   3.20444349e-04
   3.44530693e+02   5.76860512e-05
   3.44531181e+02  -1.45723636e-04
   3.44531669e+02  -1.75626672e-04
   3.44532157e+02  -1.73657681e-04
   3.44532646e+02  -1.11009664e-04
   3.44533134e+02  -1.48653504e-04
   3.44533622e+02  -2.60813158e-06
   3.44534111e+02   3.67356581e-04
   3.44534599e+02   1.61590317e-04
   3.44535087e+02  -2.35792730e-04
   3.44535576e+02  -1.92779116e-04
   3.44536064e+02  -3.63431463e-04
   3.44536552e+02  -4.82168834e-04
   3.44537041e+02  -1.12662907e-04
   3.44537529e+02   1.31548251e-04
   3.44538017e+02   1.86672522e-04
   3.44538506e+02   2.02066469e-04
   3.44538994e+02   1.31407025e-04
   3.44539482e+02   5.37865926e-05
   3.44539970e+02  -1.41479177e-05
   3.44540459e+02   6.82393002e-05
   3.44540947e+02   2.17681489e-04
   3.44541435e+02  -5.24532709e-07
   3.44541924e+02   1.26847617e-05
   3.44542412e+02   4.49179992e-04
   3.44542900e+02   4.16328927e-04
   3.44543389e+02   2.28627905e-04
   3.44543877e+02  -7.68948594e-05
   3.44544365e+02  -4.06400533e-04
   3.44544854e+02  -2.25298238e-04
   3.44545342e+02   2.12383587e-04
   3.44545830e+02   3.72978655e-04
   3.44546318e+02   2.48869648e-04
   3.44546807e+02  -6.43671301e-05
   3.44547295e+02  -2.79349595e-04
   3.44547783e+02  -5.00533715e-05
   3.44548272e+02   1.06010288e-04
   3.44548760e+02  -3.42079729e-04
   3.44549248e+02  -5.78937761e-04
   3.44549737e+02  -4.13267524e-04
   3.44550225e+02  -1.36254195e-04
   3.44550713e+02   3.87150125e-04
   3.44551202e+02   6.13513868e-04
   3.44551690e+02   2.27627461e-04
   3.44552178e+02  -1.65924634e-04
   3.44552666e+02  -3.28665104e-04
   3.44553155e+02  -4.59258998e-04
   3.44553643e+02  -5.08553232e-04
   3.44554131e+02  -2.32092221e-04
   3.44554620e+02   2.60145694e-04
   3.44555108e+02   3.20203806e-04
   3.44555596e+02  -5.65524242e-05
   3.44556085e+02  -3.64896725e-04
   3.44556573e+02  -4.30816115e-04
   3.44557061e+02  -7.05120192e-06
   3.44557550e+02   4.53829678e-04
   3.44558038e+02   3.95457086e-04
   3.44558526e+02   2.27725701e-04
   3.44559014e+02   2.28190809e-04
   3.44559503e+02   4.13236616e-04
   3.44559991e+02   6.46283966e-04
   3.44560479e+02   4.49779065e-04
   3.44560968e+02   1.24328872e-04
   3.44561456e+02   1.61632750e-04
   3.44561944e+02   3.06514878e-04
   3.44562433e+02   2.31778424e-04
   3.44562921e+02   2.27161567e-04
   3.44563409e+02   5.20624977e-04
   3.44563898e+02   4.32703469e-04
   3.44564386e+02   8.83059256e-05
   3.44564874e+02   9.51456386e-05
   3.44565362e+02   5.83948213e-06
   3.44565851e+02  -2.92720997e-05
   3.44566339e+02   2.29539684e-04
   3.44566827e+02   1.44687088e-04
   3.44567316e+02  -2.87059491e-04
   3.44567804e+02  -4.22825222e-04
   3.44568292e+02  -8.88533468e-05
   3.44568781e+02   1.68831306e-04
   3.44569269e+02   3.03826382e-04
   3.44569757e+02   1.14851740e-04
   3.44570246e+02  -1.82285672e-04
   3.44570734e+02   1.99029659e-04
   3.44571222e+02   4.67310398e-04
   3.44571710e+02   1.48746432e-04
   3.44572199e+02  -1.12096350e-04
   3.44572687e+02   4.10645298e-05
   3.44573175e+02   2.62404938e-04
   3.44573664e+02   1.76852394e-04
   3.44574152e+02  -6.34535627e-06
   3.44574640e+02  -2.74640275e-04
   3.44575129e+02  -2.49055010e-04
   3.44575617e+02   3.67612607e-04
   3.44576105e+02   7.91178201e-04
   3.44576594e+02   6.03424269e-04
   3.44577082e+02   2.86845403e-04
   3.44577570e+02   9.81328412e-05
   3.44578059e+02  -2.43440722e-04
   3.44578547e+02  -5.62642876e-04
   3.44579035e+02  -6.34943543e-04
   3.44579523e+02  -4.28955333e-04
   3.44580012e+02   2.00090290e-05
   3.44580500e+02   4.75242414e-04
   3.44580988e+02   5.53590769e-04
   3.44581477e+02   6.18668739e-04
   3.44581965e+02   6.19693194e-04
   3.44582453e+02   2.94562778e-04
   3.44582942e+02   9.56741351e-05
   3.44583430e+02  -1.51475193e-04
   3.44583918e+02  -4.72665299e-04
   3.44584407e+02  -6.36328245e-04
   3.44584895e+02  -7.32812739e-04
   3.44585383e+02  -5.77072205e-04
   3.44585871e+02  -4.03133774e-04
   3.44586360e+02  -3.91354610e-04
   3.44586848e+02  -2.85297225e-04
   3.44587336e+02  -8.28816992e-05
   3.44587825e+02   2.24437026e-04
   3.44588313e+02   4.67492908e-04
   3.44588801e+02   3.70410708e-04
   3.44589290e+02   4.17309711e-05
   3.44589778e+02  -8.12035432e-05
   3.44590266e+02   1.77624665e-04
   3.44590755e+02   6.20448147e-04
   3.44591243e+02   6.27048954e-04
   3.44591731e+02   3.37748963e-04
   3.44592219e+02   1.96577836e-04
   3.44592708e+02   1.80205097e-04
   3.44593196e+02   3.62648570e-04
   3.44593684e+02   3.48548579e-04
   3.44594173e+02  -2.10369544e-05
   3.44594661e+02  -3.20385210e-04
   3.44595149e+02  -2.95472390e-04
   3.44595638e+02  -2.86158815e-04
   3.44596126e+02  -6.07234368e-04
   3.44596614e+02  -5.87442715e-04
   3.44597103e+02  -5.92627475e-05
   3.44597591e+02   2.74575752e-04
   3.44598079e+02   2.76915147e-04
   3.44598567e+02   3.93639930e-04
   3.44599056e+02   5.09862497e-04
   3.44599544e+02   4.30246146e-04
   3.44600032e+02   4.53850953e-04
   3.44600521e+02   4.45399201e-04
   3.44601009e+02  -9.31434115e-05
   3.44601497e+02  -3.15945625e-04
   3.44601986e+02  -2.86410388e-04
   3.44602474e+02   1.72791566e-04
   3.44602962e+02   5.66638599e-04
   3.44603451e+02   5.17507782e-04
   3.44603939e+02   3.39248800e-04
   3.44604427e+02   3.84901068e-04
   3.44604915e+02   3.37337260e-04
   3.44605404e+02   7.12777910e-05
   3.44605892e+02   5.02218754e-05
   3.44606380e+02   1.27073727e-04
   3.44606869e+02  -1.24422819e-04
   3.44607357e+02  -7.09021697e-04
   3.44607845e+02  -1.04049314e-03
   3.44608334e+02  -7.53885892e-04
   3.44608822e+02  -4.20017604e-04
   3.44609310e+02  -2.90466851e-04
   3.44609799e+02  -5.59788750e-05
   3.44610287e+02  -4.28670246e-05
   3.44610775e+02  -2.70271004e-04
   3.44611263e+02  -1.12346563e-04
   3.44611752e+02   1.10739260e-04
   3.44612240e+02  -7.59000104e-05
   3.44612728e+02  -1.87140045e-04
   3.44613217e+02   7.68106547e-05
   3.44613705e+02   2.35104948e-04
   3.44614193e+02   1.46216742e-04
   3.44614682e+02   2.37247446e-06
   3.44615170e+02  -9.67766755e-05
   3.44615658e+02  -6.93789843e-05
   3.44616147e+02   2.33173414e-04
   3.44616635e+02   5.65715367e-04
   3.44617123e+02   4.74868080e-04
   3.44617612e+02   2.47954187e-04
   3.44618100e+02   2.02994648e-04
   3.44618588e+02   9.08214206e-05
   3.44619076e+02  -1.23993377e-04
   3.44619565e+02   8.94862023e-05
   3.44620053e+02   6.87252439e-04
   3.44620541e+02   8.68460920e-04
   3.44621030e+02   3.17535829e-04
   3.44621518e+02  -2.16069893e-04
   3.44622006e+02  -1.51547792e-04
   3.44622495e+02   4.67270766e-05
   3.44622983e+02  -1.77936294e-04
   3.44623471e+02  -5.56653133e-04
   3.44623960e+02  -7.73565029e-04
   3.44624448e+02  -7.19110772e-04
   3.44624936e+02  -3.56868608e-04
   3.44625424e+02  -6.96087181e-06
   3.44625913e+02   1.77658467e-06
   3.44626401e+02  -1.72458051e-04
   3.44626889e+02  -3.06471367e-04
   3.44627378e+02  -4.41946322e-04
   3.44627866e+02  -5.84643043e-04
   3.44628354e+02  -4.61228512e-04
   3.44628843e+02  -1.77265989e-04
   3.44629331e+02  -3.68331021e-05
   3.44629819e+02   1.84808043e-04
   3.44630308e+02   4.33949259e-04
   3.44630796e+02   4.59749281e-04
   3.44631284e+02   4.45032259e-04
   3.44631772e+02   3.45197885e-04
   3.44632261e+02   1.37557305e-04
   3.44632749e+02   1.00334044e-04
   3.44633237e+02   1.18073229e-04
   3.44633726e+02   1.38613948e-04
   3.44634214e+02   2.09572798e-04
   3.44634702e+02   3.02073633e-04
   3.44635191e+02   5.57814201e-04
   3.44635679e+02   5.75425336e-04
   3.44636167e+02   1.89778671e-04
   3.44636656e+02  -1.70400133e-04
   3.44637144e+02  -2.57288339e-04
   3.44637632e+02  -2.61684851e-04
   3.44638120e+02  -1.56652328e-04
   3.44638609e+02   5.04212003e-05
   3.44639097e+02   1.63998877e-04
   3.44639585e+02   7.13635891e-05
   3.44640074e+02  -8.23408918e-05
   3.44640562e+02  -1.74388391e-04
   3.44641050e+02  -1.59940217e-04
   3.44641539e+02  -4.61073287e-05
   3.44642027e+02   6.62579405e-05
   3.44642515e+02   1.14353214e-04
   3.44643004e+02  -6.20849969e-05
   3.44643492e+02  -1.41621073e-04
   3.44643980e+02   3.53344258e-05
   3.44644468e+02   1.04838975e-04
   3.44644957e+02   1.11997477e-04
   3.44645445e+02   7.06488790e-05
   3.44645933e+02  -4.56751841e-05
   3.44646422e+02  -4.85261480e-05
   3.44646910e+02  -1.78356175e-04
   3.44647398e+02  -1.80845294e-04
   3.44647887e+02   1.58417788e-05
   3.44648375e+02   1.68052473e-04
   3.44648863e+02   4.04585327e-04
   3.44649352e+02   4.64560580e-04
   3.44649840e+02   1.68923987e-04
   3.44650328e+02   2.38559023e-05
   3.44650816e+02  -1.35925337e-04
   3.44651305e+02  -2.50477315e-04
   3.44651793e+02  -4.52719032e-05
   3.44652281e+02  -1.15562456e-04
   3.44652770e+02  -2.98603583e-04
   3.44653258e+02  -2.99723935e-04
   3.44653746e+02  -3.07836424e-04
   3.44654235e+02  -3.00854532e-04
   3.44654723e+02  -5.57900406e-04
   3.44655211e+02  -8.47377116e-04
   3.44655700e+02  -6.27346104e-04
   3.44656188e+02  -1.54949623e-04
   3.44656676e+02   1.45639628e-04
   3.44657165e+02   5.63676003e-04
   3.44657653e+02   7.52804044e-04
   3.44658141e+02   3.36467172e-04
   3.44658629e+02   9.21475657e-05
   3.44659118e+02   1.24566548e-04
   3.44659606e+02   1.90335268e-05
   3.44660094e+02   2.44703755e-04
   3.44660583e+02   6.54502423e-04
   3.44661071e+02   4.68933955e-04
   3.44661559e+02   1.85107099e-04
   3.44662048e+02   4.38713847e-04
   3.44662536e+02   6.45042455e-04
   3.44663024e+02   3.75129777e-04
   3.44663513e+02   9.41774415e-05
   3.44664001e+02   6.17867627e-05
   3.44664489e+02   1.50515762e-05
   3.44664977e+02  -9.33870979e-05
   3.44665466e+02  -2.50278303e-04
   3.44665954e+02  -2.69888667e-04
   3.44666442e+02   1.14379836e-04
   3.44666931e+02   4.97486384e-04
   3.44667419e+02   3.78402241e-04
   3.44667907e+02   1.29482913e-04
   3.44668396e+02   1.67294245e-04
   3.44668884e+02  -8.25724510e-06
   3.44669372e+02  -5.00656141e-04
   3.44669861e+02  -7.77163601e-04
   3.44670349e+02  -8.19248438e-04
   3.44670837e+02  -6.97395881e-04
   3.44671325e+02  -2.02139796e-04
   3.44671814e+02   1.15276358e-04
   3.44672302e+02  -9.04426997e-05
   3.44672790e+02  -2.13667226e-04
   3.44673279e+02  -3.55621654e-04
   3.44673767e+02  -5.33276529e-04
   3.44674255e+02  -3.71526199e-04
   3.44674744e+02  -9.22006220e-05
   3.44675232e+02  -1.79902054e-04
   3.44675720e+02  -3.26870359e-04
   3.44676209e+02  -6.49546200e-05
   3.44676697e+02   3.42458981e-04
   3.44677185e+02   3.11246928e-04
   3.44677673e+02   1.18778808e-04
   3.44678162e+02   2.95522070e-04
   3.44678650e+02   3.34689830e-04
   3.44679138e+02   1.11971873e-04
   3.44679627e+02   2.32672406e-04
   3.44680115e+02   4.83268843e-04
   3.44680603e+02   4.85636032e-04
   3.44681092e+02   2.57747248e-04
   3.44681580e+02   2.15248831e-04
   3.44682068e+02   8.91632953e-05
   3.44682557e+02  -3.22402600e-04
   3.44683045e+02  -3.44484492e-04
   3.44683533e+02  -1.74038680e-04
   3.44684021e+02   2.96736516e-06
   3.44684510e+02   5.63622161e-04
   3.44684998e+02   7.80585688e-04
   3.44685486e+02   5.29952114e-04
   3.44685975e+02   5.27050986e-04
   3.44686463e+02   3.44911299e-04
   3.44686951e+02  -2.91466102e-04
   3.44687440e+02  -6.04756991e-04
   3.44687928e+02  -2.71065655e-04
   3.44688416e+02   4.09584463e-05
   3.44688905e+02   2.82721212e-05
   3.44689393e+02  -6.02606378e-05
   3.44689881e+02  -1.60331765e-04
   3.44690369e+02  -1.65391917e-04
   3.44690858e+02   7.60339244e-05
   3.44691346e+02   4.92016843e-04
   3.44691834e+02   6.31809118e-04
   3.44692323e+02   3.19983490e-04
   3.44692811e+02  -5.04346390e-05
   3.44693299e+02  -2.19715221e-04
   3.44693788e+02  -3.08154529e-04
   3.44694276e+02  -3.59428930e-04
   3.44694764e+02  -2.34771869e-04
   3.44695253e+02  -2.88247422e-04
   3.44695741e+02  -3.36748373e-04
   3.44696229e+02  -1.82467193e-04
   3.44696718e+02  -2.33488056e-04
   3.44697206e+02  -2.86614144e-04
   3.44697694e+02  -7.77245659e-05
   3.44698182e+02   2.18499321e-04
   3.44698671e+02   3.88187415e-04
   3.44699159e+02   7.56234076e-05
   3.44699647e+02  -3.47943249e-04
   3.44700136e+02  -3.33545846e-04
   3.44700624e+02  -3.39529142e-05
   3.44701112e+02   2.30704973e-04
   3.44701601e+02   2.56515428e-04
   3.44702089e+02   1.29023378e-04
   3.44702577e+02   2.16716253e-05
   3.44703066e+02  -5.64217880e-05
   3.44703554e+02   2.53383751e-05
   3.44704042e+02   7.48384264e-05
   3.44704530e+02   1.47958010e-04
   3.44705019e+02   4.58546972e-04
   3.44705507e+02   3.87009815e-04
   3.44705995e+02   8.82786753e-06
   3.44706484e+02  -1.39044074e-04
   3.44706972e+02  -2.29202458e-04
   3.44707460e+02  -1.60094511e-04
   3.44707949e+02   6.91658788e-05
   3.44708437e+02   6.61265876e-05
   3.44708925e+02   1.26499326e-05
   3.44709414e+02   4.04749851e-04
   3.44709902e+02   9.00741899e-04
   3.44710390e+02   9.12870630e-04
   3.44710878e+02   4.11221496e-04
   3.44711367e+02  -2.93533056e-04
   3.44711855e+02  -6.81772071e-04
   3.44712343e+02  -5.67345822e-04
   3.44712832e+02  -1.35219452e-04
   3.44713320e+02   1.90039689e-04
   3.44713808e+02   2.54917191e-04
   3.44714297e+02   1.40377044e-04
   3.44714785e+02  -3.58037978e-05
   3.44715273e+02  -2.12934770e-04
   3.44715762e+02  -3.08530463e-04
   3.44716250e+02  -1.76470247e-04
   3.44716738e+02   7.84526128e-05
   3.44717226e+02   4.27439372e-04
   3.44717715e+02   6.00902829e-04
   3.44718203e+02   4.26639424e-04
   3.44718691e+02  -3.81439495e-05
   3.44719180e+02  -5.48618613e-04
   3.44719668e+02  -5.83553629e-04
   3.44720156e+02  -3.47588393e-05
   3.44720645e+02   5.09447011e-04
   3.44721133e+02   5.95373160e-04
   3.44721621e+02   4.96384688e-04
   3.44722110e+02   1.31257344e-04
   3.44722598e+02  -4.81493509e-04
   3.44723086e+02  -6.17574202e-04
   3.44723574e+02  -1.69705716e-04
   3.44724063e+02   6.23178203e-04
   3.44724551e+02   1.05458091e-03
   3.44725039e+02   6.69699453e-04
   3.44725528e+02   3.39008635e-04
   3.44726016e+02   2.42050621e-04
   3.44726504e+02  -3.40299011e-05
   3.44726993e+02  -4.62092808e-04
   3.44727481e+02  -4.42088873e-04
   3.44727969e+02  -4.13584712e-05
   3.44728458e+02  -2.08621874e-04
   3.44728946e+02  -4.77937021e-04
   3.44729434e+02  -2.48583179e-04
   3.44729922e+02   9.23484185e-05
   3.44730411e+02   1.44565158e-04
   3.44730899e+02   4.69422048e-05
   3.44731387e+02   1.70629773e-05
   3.44731876e+02  -1.20450764e-04
   3.44732364e+02  -3.81233636e-04
   3.44732852e+02  -1.70992877e-04
   3.44733341e+02   4.82364936e-04
   3.44733829e+02   7.73602631e-04
   3.44734317e+02   8.94239929e-04
   3.44734806e+02   1.02100556e-03
   3.44735294e+02   4.85771685e-04
   3.44735782e+02  -1.91627259e-04
   3.44736271e+02  -1.47006038e-04
   3.44736759e+02   9.84183571e-05
   3.44737247e+02   1.01143283e-04
   3.44737735e+02   1.74559987e-04
   3.44738224e+02   3.88374901e-04
   3.44738712e+02   3.53045267e-04
   3.44739200e+02   2.59808858e-05
   3.44739689e+02  -2.44329567e-04
   3.44740177e+02  -2.61332985e-04
   3.44740665e+02  -2.84434554e-05
   3.44741154e+02   9.62336198e-05
   3.44741642e+02   9.74992727e-05
   3.44742130e+02   2.26477496e-04
   3.44742619e+02   2.68017553e-04
   3.44743107e+02   1.66850237e-04
   3.44743595e+02  -1.54253474e-04
   3.44744083e+02  -5.62433386e-04
   3.44744572e+02  -5.49485616e-04
   3.44745060e+02  -1.30337634e-04
   3.44745548e+02   2.32984443e-04
   3.44746037e+02   2.20794114e-04
   3.44746525e+02   1.54484751e-05
   3.44747013e+02  -7.58166352e-05
   3.44747502e+02  -1.54877795e-04
   3.44747990e+02  -2.12838495e-04
   3.44748478e+02  -1.51332162e-04
   3.44748967e+02  -7.40889154e-05
   3.44749455e+02   1.35846683e-04
   3.44749943e+02   4.49333136e-04
   3.44750431e+02   3.94722592e-04
   3.44750920e+02  -1.07320353e-04
   3.44751408e+02  -4.57324262e-04
   3.44751896e+02  -4.54213499e-04
   3.44752385e+02  -2.62319634e-04
   3.44752873e+02  -8.64681715e-05
   3.44753361e+02  -2.64944421e-04
   3.44753850e+02  -4.49529383e-04
   3.44754338e+02   3.22781452e-05
   3.44754826e+02   4.05637576e-04
   3.44755315e+02   5.69197909e-05
   3.44755803e+02  -3.63788655e-04
   3.44756291e+02  -4.10189619e-04
   3.44756779e+02   6.50375732e-05
   3.44757268e+02   4.01098107e-04
   3.44757756e+02   1.25790277e-04
   3.44758244e+02  -3.41681472e-04
   3.44758733e+02  -5.08051715e-04
   3.44759221e+02  -2.13728126e-04
   3.44759709e+02   1.01047619e-04
   3.44760198e+02   9.46033397e-05
   3.44760686e+02  -7.37839509e-05
   3.44761174e+02  -1.08439541e-04
   3.44761663e+02   1.36563700e-04
   3.44762151e+02   3.59307858e-04
   3.44762639e+02   3.87178821e-04
   3.44763127e+02   3.20063235e-04
   3.44763616e+02   2.44177209e-04
   3.44764104e+02   1.78343020e-04
   3.44764592e+02   1.63827164e-04
   3.44765081e+02   1.80304109e-04
   3.44765569e+02   2.88769370e-04
   3.44766057e+02   5.69526805e-04
   3.44766546e+02   5.51897509e-04
   3.44767034e+02   2.48278666e-04
   3.44767522e+02   3.12975433e-04
   3.44768011e+02   5.28456760e-04
   3.44768499e+02   2.78058316e-04
   3.44768987e+02  -9.19373088e-06
   3.44769475e+02   7.44160498e-05
   3.44769964e+02   1.64904748e-04
   3.44770452e+02   2.33400078e-05
   3.44770940e+02  -1.81033494e-04
   3.44771429e+02  -1.10576068e-04
   3.44771917e+02  -3.01032069e-05
   3.44772405e+02  -1.29890905e-04
   3.44772894e+02  -7.70572806e-05
   3.44773382e+02  -1.71812222e-04
   3.44773870e+02  -2.62917922e-04
   3.44774359e+02   1.91620784e-04
   3.44774847e+02   6.69748930e-04
   3.44775335e+02   6.31169067e-04
   3.44775824e+02   4.57224436e-04
   3.44776312e+02   5.46523734e-05
   3.44776800e+02  -6.39454869e-04
   3.44777288e+02  -5.96750237e-04
   3.44777777e+02  -4.09396103e-04
   3.44778265e+02  -2.65850918e-04
   3.44778753e+02   1.61537828e-04
   3.44779242e+02   4.34172165e-04
   3.44779730e+02   2.91361328e-04
   3.44780218e+02   2.93842313e-04
   3.44780707e+02   1.78668910e-04
   3.44781195e+02  -9.53904018e-05
   3.44781683e+02  -1.23868929e-04
   3.44782172e+02  -1.31783061e-04
   3.44782660e+02  -1.96174908e-04
   3.44783148e+02  -2.47410120e-04
   3.44783636e+02  -2.82226567e-04
   3.44784125e+02  -2.37095519e-04
   3.44784613e+02  -9.17870711e-05
   3.44785101e+02   1.35065457e-05
   3.44785590e+02   3.07035298e-05
   3.44786078e+02  -7.95211236e-05
   3.44786566e+02  -2.90742086e-04
   3.44787055e+02  -5.44537557e-04
   3.44787543e+02  -5.70216507e-04
   3.44788031e+02  -9.48636953e-05
   3.44788520e+02   2.36496577e-04
   3.44789008e+02   7.87009412e-05
   3.44789496e+02  -1.78755017e-05
   3.44789984e+02   9.64549181e-05
   3.44790473e+02   3.01147578e-04
   3.44790961e+02   4.55546979e-04
   3.44791449e+02   2.86299881e-04
   3.44791938e+02   1.22302954e-04
   3.44792426e+02   1.86321937e-04
   3.44792914e+02   2.09090736e-04
   3.44793403e+02   1.63354664e-04
   3.44793891e+02   2.46072974e-04
   3.44794379e+02   9.85084407e-05
   3.44794868e+02  -2.56745494e-04
   3.44795356e+02  -2.76112085e-04
   3.44795844e+02  -2.16776098e-04
   3.44796332e+02  -2.82598368e-04
   3.44796821e+02  -6.00590778e-04
   3.44797309e+02  -7.17641204e-04
   3.44797797e+02  -2.85509857e-04
   3.44798286e+02  -2.00127979e-05
   3.44798774e+02  -1.59163610e-04
   3.44799262e+02  -4.38931078e-04
   3.44799751e+02  -7.10941735e-04
   3.44800239e+02  -6.95224444e-04
   3.44800727e+02  -7.73616426e-04
   3.44801216e+02  -8.57746752e-04
   3.44801704e+02  -4.65858524e-04
   3.44802192e+02  -2.46789685e-04
   3.44802680e+02  -5.73057565e-04
   3.44803169e+02  -6.42366649e-04
   3.44803657e+02  -3.63332190e-04
   3.44804145e+02  -2.54212064e-05
   3.44804634e+02   9.66697626e-05
   3.44805122e+02  -2.10132814e-04
   3.44805610e+02  -4.86380624e-04
   3.44806099e+02  -1.77971306e-04
   3.44806587e+02   3.50003567e-04
   3.44807075e+02   3.24468565e-04
   3.44807564e+02  -2.68534175e-04
   3.44808052e+02  -4.90050064e-04
   3.44808540e+02  -6.81674428e-05
   3.44809028e+02   2.52602913e-04
   3.44809517e+02   1.44226506e-04
   3.44810005e+02  -9.88401953e-05
   3.44810493e+02  -8.59242136e-05
   3.44810982e+02  -3.39504877e-05
   3.44811470e+02  -3.39458842e-04
   3.44811958e+02  -6.91274297e-04
   3.44812447e+02  -7.25691847e-04
   3.44812935e+02  -4.06103500e-04
   3.44813423e+02  -2.95226928e-04
   3.44813912e+02  -4.01959114e-04
   3.44814400e+02  -4.34253656e-04
   3.44814888e+02  -4.72158456e-04
   3.44815377e+02  -3.51192168e-04
   3.44815865e+02  -1.99802002e-04
   3.44816353e+02  -4.70445491e-04
   3.44816841e+02  -6.19828294e-04
   3.44817330e+02  -2.03225300e-05
   3.44817818e+02   1.98357695e-04
   3.44818306e+02  -4.02479200e-04
   3.44818795e+02  -6.08982344e-04
   3.44819283e+02  -5.76699327e-04
   3.44819771e+02  -4.29670763e-04
   3.44820260e+02  -2.86099996e-04
   3.44820748e+02  -5.82103268e-04
   3.44821236e+02  -5.51896112e-04
   3.44821725e+02  -7.77421519e-05
   3.44822213e+02   2.15400869e-04
   3.44822701e+02   4.17265779e-04
   3.44823189e+02   2.73154292e-04
   3.44823678e+02  -2.41311049e-04
   3.44824166e+02  -4.29214910e-04
   3.44824654e+02  -1.28085609e-04
   3.44825143e+02   9.76953233e-05
   3.44825631e+02  -1.95454137e-04
   3.44826119e+02  -3.39387829e-04
   3.44826608e+02   3.52611642e-05
   3.44827096e+02   3.03124747e-04
   3.44827584e+02   3.40399216e-04
   3.44828073e+02   2.68245174e-04
   3.44828561e+02   5.71301898e-05
   3.44829049e+02  -1.21630728e-04
   3.44829537e+02  -7.72874773e-05
   3.44830026e+02   3.34424985e-04
   3.44830514e+02   5.32684207e-04
   3.44831002e+02   4.82437579e-04
   3.44831491e+02   4.51065891e-04
   3.44831979e+02   1.21724333e-04
   3.44832467e+02  -2.41115762e-04
   3.44832956e+02  -4.16376679e-05
   3.44833444e+02   2.01129180e-04
