frequency (GHz), flux (Jy/beam)
   3.44888470e+02  -1.28299335e-03
   3.44888959e+02   2.18251441e-03
   3.44889447e+02   2.72409781e-03
   3.44889935e+02   1.05425064e-03
   3.44890423e+02  -1.50776783e-03
   3.44890912e+02  -6.04599540e-04
   3.44891400e+02   1.38544140e-03
   3.44891888e+02   1.53070796e-04
   3.44892377e+02  -1.34596764e-03
   3.44892865e+02  -1.26930792e-03
   3.44893353e+02  -1.77320675e-03
   3.44893842e+02  -2.35495879e-03
   3.44894330e+02  -2.31025260e-04
   3.44894818e+02   2.03587976e-03
   3.44895307e+02   2.92637385e-03
   3.44895795e+02   3.76494532e-03
   3.44896283e+02   2.91771721e-03
   3.44896771e+02   1.32962433e-03
   3.44897260e+02   4.10337350e-04
   3.44897748e+02  -1.61976350e-04
   3.44898236e+02   5.73922182e-04
   3.44898725e+02   1.53458503e-03
   3.44899213e+02  -1.27586551e-04
   3.44899701e+02  -2.23041489e-03
   3.44900190e+02  -3.07899085e-04
   3.44900678e+02   3.54382838e-03
   3.44901166e+02   3.50671425e-03
   3.44901655e+02   4.34592162e-04
   3.44902143e+02  -9.68473556e-04
   3.44902631e+02  -8.02256109e-04
   3.44903119e+02  -8.45410250e-05
   3.44903608e+02   5.81490691e-04
   3.44904096e+02   1.31245202e-03
   3.44904584e+02   1.00115268e-03
   3.44905073e+02  -1.11309673e-04
   3.44905561e+02  -7.08308653e-04
   3.44906049e+02  -1.02629082e-03
   3.44906538e+02  -8.59728698e-06
   3.44907026e+02   2.01558415e-03
   3.44907514e+02   3.28915054e-03
   3.44908003e+02   1.32056803e-03
   3.44908491e+02  -2.10029725e-03
   3.44908979e+02  -2.72217277e-03
   3.44909467e+02   1.38983742e-04
   3.44909956e+02   3.90645536e-03
   3.44910444e+02   3.04140779e-03
   3.44910932e+02   4.40365111e-04
   3.44911421e+02   7.92122912e-04
   3.44911909e+02  -1.67480452e-04
   3.44912397e+02  -2.78208614e-03
   3.44912886e+02  -3.58079467e-03
   3.44913374e+02  -2.37579667e-03
   3.44913862e+02  -6.05425739e-04
   3.44914351e+02   1.81997754e-03
   3.44914839e+02   2.09787651e-03
   3.44915327e+02  -2.38419932e-04
   3.44915815e+02  -1.76608795e-03
   3.44916304e+02  -1.78477389e-03
   3.44916792e+02  -1.06742652e-03
   3.44917280e+02   1.53755769e-04
   3.44917769e+02   1.48711342e-03
   3.44918257e+02   2.23613664e-04
   3.44918745e+02  -2.20616371e-03
   3.44919234e+02  -1.40473293e-03
   3.44919722e+02   9.14680131e-04
   3.44920210e+02   1.61968637e-03
   3.44920699e+02   1.07787596e-03
   3.44921187e+02   1.18751149e-03
   3.44921675e+02   2.61247507e-03
   3.44922163e+02   2.50475318e-03
   3.44922652e+02   1.73941153e-04
   3.44923140e+02  -1.33414508e-03
   3.44923628e+02   6.51139475e-04
   3.44924117e+02   1.97299803e-03
   3.44924605e+02   1.45481422e-03
   3.44925093e+02   2.06964643e-04
   3.44925582e+02  -1.96088408e-03
   3.44926070e+02  -1.74771645e-03
   3.44926558e+02   2.33767758e-04
   3.44927047e+02   1.14280684e-03
   3.44927535e+02   6.24906897e-05
   3.44928023e+02  -1.06549857e-03
   3.44928512e+02  -1.81369972e-03
   3.44929000e+02  -1.50071119e-03
   3.44929488e+02   1.95148413e-03
   3.44929976e+02   3.64578492e-03
   3.44930465e+02   2.16103694e-03
   3.44930953e+02   2.00123919e-04
   3.44931441e+02  -7.98839610e-04
   3.44931930e+02  -5.87755989e-04
   3.44932418e+02  -1.85431796e-04
   3.44932906e+02  -1.42148847e-05
   3.44933395e+02   1.07588980e-03
   3.44933883e+02   1.52420136e-03
   3.44934371e+02   1.10034586e-03
   3.44934860e+02   1.33535056e-03
   3.44935348e+02   1.68363634e-03
   3.44935836e+02   1.10220630e-03
   3.44936324e+02   3.92462680e-04
   3.44936813e+02   1.37563201e-03
   3.44937301e+02   2.29671388e-03
   3.44937789e+02  -2.42783193e-04
   3.44938278e+02  -2.60299235e-03
   3.44938766e+02  -1.10352563e-03
   3.44939254e+02  -1.09298271e-03
   3.44939743e+02  -1.14866626e-03
   3.44940231e+02   8.92909069e-04
   3.44940719e+02   3.18336370e-03
   3.44941208e+02   2.62978696e-03
   3.44941696e+02  -8.33258440e-04
   3.44942184e+02  -1.13200780e-03
   3.44942672e+02  -1.08615344e-03
   3.44943161e+02  -4.03492246e-03
   3.44943649e+02  -5.31879812e-03
   3.44944137e+02  -2.97085871e-03
   3.44944626e+02   3.08221759e-04
   3.44945114e+02  -4.72059386e-04
   3.44945602e+02  -1.03737460e-03
   3.44946091e+02  -2.51674815e-03
   3.44946579e+02  -3.18880426e-03
   3.44947067e+02  -9.93584399e-04
   3.44947556e+02   1.04543567e-03
   3.44948044e+02   1.36991357e-03
   3.44948532e+02   9.81480931e-04
   3.44949020e+02   1.70454165e-04
   3.44949509e+02   3.55276541e-04
   3.44949997e+02   2.52082502e-03
   3.44950485e+02   3.14920186e-03
   3.44950974e+02  -3.46126850e-04
   3.44951462e+02  -3.44479945e-03
   3.44951950e+02  -2.41287146e-03
   3.44952439e+02   1.25955092e-03
   3.44952927e+02   1.65246078e-03
   3.44953415e+02  -7.34294648e-04
   3.44953904e+02   6.66356587e-04
   3.44954392e+02   3.11563327e-03
   3.44954880e+02   3.28928558e-03
   3.44955368e+02   1.19109766e-03
   3.44955857e+02   4.74590721e-04
   3.44956345e+02   2.20581866e-03
   3.44956833e+02   7.56155641e-04
   3.44957322e+02  -2.20160023e-03
   3.44957810e+02  -2.12591630e-03
   3.44958298e+02  -1.41084276e-03
   3.44958787e+02  -1.28593785e-03
   3.44959275e+02  -1.10289722e-03
   3.44959763e+02  -1.28851738e-03
   3.44960252e+02   1.75986835e-03
   3.44960740e+02   4.29422129e-03
   3.44961228e+02   1.45777653e-03
   3.44961716e+02  -2.00611143e-03
   3.44962205e+02  -3.54147935e-03
   3.44962693e+02  -3.28526995e-03
   3.44963181e+02  -1.92313234e-03
   3.44963670e+02  -3.94095201e-04
   3.44964158e+02   2.11314321e-03
   3.44964646e+02   4.91993362e-03
   3.44965135e+02   4.74872394e-03
   3.44965623e+02   2.46627082e-04
   3.44966111e+02  -2.52811797e-03
   3.44966600e+02  -9.67302549e-05
   3.44967088e+02   1.62250618e-03
   3.44967576e+02   3.81908903e-04
   3.44968065e+02  -1.56280829e-03
   3.44968553e+02  -5.40315406e-04
   3.44969041e+02   1.95682701e-03
   3.44969529e+02   1.07823161e-03
   3.44970018e+02  -9.22949053e-04
   3.44970506e+02  -1.38029747e-03
   3.44970994e+02  -1.46526052e-03
   3.44971483e+02  -4.50643332e-04
   3.44971971e+02   1.63359847e-03
   3.44972459e+02   2.38793110e-03
   3.44972948e+02   1.56426488e-03
   3.44973436e+02  -5.81587665e-04
   3.44973924e+02   1.66322483e-04
   3.44974413e+02   3.57068866e-03
   3.44974901e+02   2.98695755e-03
   3.44975389e+02  -2.51370424e-04
   3.44975877e+02  -1.72392372e-03
   3.44976366e+02  -1.76688656e-03
   3.44976854e+02   4.30419837e-04
   3.44977342e+02   3.57533270e-03
   3.44977831e+02   3.44131701e-03
   3.44978319e+02   1.14405283e-03
   3.44978807e+02  -6.88028289e-04
   3.44979296e+02  -4.56699810e-04
   3.44979784e+02   7.72249885e-04
   3.44980272e+02  -1.01531239e-03
   3.44980761e+02  -2.03411840e-03
   3.44981249e+02   7.63663789e-04
   3.44981737e+02   7.04357590e-05
   3.44982225e+02  -3.82776000e-03
   3.44982714e+02  -2.79935240e-03
   3.44983202e+02   5.96080557e-04
   3.44983690e+02   1.54805067e-03
   3.44984179e+02   2.91588437e-03
   3.44984667e+02   2.82595097e-03
   3.44985155e+02   7.81875453e-04
   3.44985644e+02   8.89674469e-04
   3.44986132e+02   1.26558560e-04
   3.44986620e+02  -1.63680559e-03
   3.44987109e+02  -2.19295756e-03
   3.44987597e+02  -1.20709708e-03
   3.44988085e+02   5.85496193e-04
   3.44988573e+02   1.09345349e-03
   3.44989062e+02   1.19306077e-03
   3.44989550e+02   9.06714005e-04
   3.44990038e+02   1.46877952e-03
   3.44990527e+02   1.53127394e-03
   3.44991015e+02  -1.03185535e-03
   3.44991503e+02  -1.68411783e-03
   3.44991992e+02   6.62684979e-05
   3.44992480e+02   1.40131812e-03
   3.44992968e+02   2.30488647e-03
   3.44993457e+02   2.77722534e-03
   3.44993945e+02   2.72960332e-03
   3.44994433e+02   2.84417951e-03
   3.44994921e+02   4.27079387e-04
   3.44995410e+02  -3.01503716e-03
   3.44995898e+02  -3.57310427e-03
   3.44996386e+02  -3.03924899e-03
   3.44996875e+02  -1.34781015e-03
   3.44997363e+02   1.58779067e-03
   3.44997851e+02   1.68337952e-03
   3.44998340e+02   5.73920959e-04
   3.44998828e+02   1.48492877e-03
   3.44999316e+02   2.40744837e-03
   3.44999805e+02   3.12301889e-03
   3.45000293e+02   2.59628473e-03
   3.45000781e+02   5.42874099e-04
   3.45001269e+02   8.51830991e-04
   3.45001758e+02   1.61521905e-03
   3.45002246e+02   1.95855391e-03
   3.45002734e+02   3.33360070e-03
   3.45003223e+02   4.24842536e-03
   3.45003711e+02   4.16806713e-03
   3.45004199e+02   3.23288329e-03
   3.45004688e+02   2.57180945e-04
   3.45005176e+02  -1.66037970e-03
   3.45005664e+02  -1.02363399e-03
   3.45006153e+02   6.58433768e-04
   3.45006641e+02   2.26507243e-03
   3.45007129e+02   3.14168842e-03
   3.45007618e+02   3.55599727e-03
   3.45008106e+02   2.10131402e-03
   3.45008594e+02  -6.85123785e-04
   3.45009082e+02  -1.09101576e-03
   3.45009571e+02   6.64772815e-04
   3.45010059e+02   3.54065152e-04
   3.45010547e+02  -1.48032163e-03
   3.45011036e+02  -1.75180589e-03
   3.45011524e+02  -1.69784669e-03
   3.45012012e+02  -1.66531571e-03
   3.45012501e+02  -4.84978547e-04
   3.45012989e+02   1.88474206e-03
   3.45013477e+02   2.68574664e-03
   3.45013966e+02   5.35121537e-04
   3.45014454e+02  -1.11489755e-03
   3.45014942e+02  -1.21112366e-03
   3.45015430e+02  -1.03265629e-03
   3.45015919e+02  -1.22675463e-03
   3.45016407e+02  -1.35976844e-03
   3.45016895e+02  -1.15552288e-03
   3.45017384e+02  -1.46454899e-03
   3.45017872e+02  -1.97286764e-03
   3.45018360e+02  -2.53429660e-03
   3.45018849e+02  -4.06430801e-03
   3.45019337e+02  -4.01194720e-03
   3.45019825e+02  -1.87133078e-03
   3.45020314e+02   2.40966081e-04
   3.45020802e+02   1.71195762e-03
   3.45021290e+02   2.52404553e-03
   3.45021778e+02   3.41085554e-03
   3.45022267e+02   2.58703157e-03
   3.45022755e+02  -8.84669542e-04
   3.45023243e+02  -1.86423387e-03
   3.45023732e+02   9.05362016e-04
   3.45024220e+02   2.19985330e-03
   3.45024708e+02   9.70902038e-04
   3.45025197e+02   8.97789199e-04
   3.45025685e+02   2.81075691e-03
   3.45026173e+02   4.36072471e-03
   3.45026662e+02   3.32594523e-03
   3.45027150e+02   7.06880412e-04
   3.45027638e+02  -6.91709924e-04
   3.45028126e+02  -1.01786328e-03
   3.45028615e+02   3.70715250e-04
   3.45029103e+02   1.71923696e-03
   3.45029591e+02   1.43358158e-03
   3.45030080e+02   6.84431230e-04
   3.45030568e+02   1.43155237e-04
   3.45031056e+02   2.54849350e-04
   3.45031545e+02   1.29050401e-03
   3.45032033e+02   2.63484952e-04
   3.45032521e+02  -2.31307582e-03
   3.45033010e+02  -2.11730925e-03
   3.45033498e+02  -1.51094666e-03
   3.45033986e+02  -1.85836060e-03
   3.45034474e+02   4.83431097e-04
   3.45034963e+02   1.22638675e-03
   3.45035451e+02  -1.93741929e-03
   3.45035939e+02  -2.95323157e-03
   3.45036428e+02  -2.00551189e-03
   3.45036916e+02  -2.39057816e-04
   3.45037404e+02   1.48055737e-03
   3.45037893e+02   1.14579254e-03
   3.45038381e+02   1.18005737e-04
   3.45038869e+02   6.33930104e-05
   3.45039358e+02   1.80812960e-03
   3.45039846e+02   2.60816887e-03
   3.45040334e+02   1.48719072e-03
   3.45040822e+02   1.54289661e-03
   3.45041311e+02   8.90499854e-04
   3.45041799e+02   7.34842499e-04
   3.45042287e+02   1.66400080e-03
   3.45042776e+02   2.22895155e-03
   3.45043264e+02   2.37608049e-03
   3.45043752e+02   1.66288577e-03
   3.45044241e+02   4.24514583e-04
   3.45044729e+02  -4.24107828e-04
   3.45045217e+02  -1.41249865e-03
   3.45045706e+02  -1.96457608e-03
   3.45046194e+02  -2.31230096e-03
   3.45046682e+02  -2.32678838e-03
   3.45047171e+02  -1.89363796e-04
   3.45047659e+02   1.99912232e-03
   3.45048147e+02   1.35090249e-03
   3.45048635e+02   6.49016947e-05
   3.45049124e+02   5.01778210e-04
   3.45049612e+02   2.15290557e-03
   3.45050100e+02   3.33672180e-03
   3.45050589e+02   1.93296676e-03
   3.45051077e+02   3.73179268e-04
   3.45051565e+02   8.67633964e-04
   3.45052054e+02   1.29834516e-04
   3.45052542e+02   7.95414308e-05
   3.45053030e+02   2.59380648e-03
   3.45053519e+02   2.68980465e-03
   3.45054007e+02  -2.65161216e-04
   3.45054495e+02  -1.17363292e-03
   3.45054983e+02   2.19063440e-04
   3.45055472e+02   9.87637904e-04
   3.45055960e+02   9.85725666e-04
   3.45056448e+02   1.55880256e-03
   3.45056937e+02   1.44480111e-03
   3.45057425e+02  -1.37464015e-03
   3.45057913e+02  -2.56727519e-03
   3.45058402e+02  -1.10127847e-03
   3.45058890e+02  -6.08238101e-04
   3.45059378e+02  -3.45349661e-04
   3.45059867e+02   1.68921018e-03
   3.45060355e+02   1.49510440e-03
   3.45060843e+02  -1.32861373e-03
   3.45061331e+02  -1.73438084e-03
   3.45061820e+02   1.79017283e-04
   3.45062308e+02   1.77595750e-04
   3.45062796e+02   3.28264490e-04
   3.45063285e+02   1.85608771e-03
   3.45063773e+02   3.79831833e-03
   3.45064261e+02   4.44224989e-03
   3.45064750e+02   3.89424269e-03
   3.45065238e+02   4.42841370e-03
   3.45065726e+02   5.22260228e-03
   3.45066215e+02   3.91900912e-03
   3.45066703e+02   2.85279122e-03
   3.45067191e+02   3.95617820e-03
   3.45067679e+02   5.04225679e-03
   3.45068168e+02   4.00637044e-03
   3.45068656e+02   1.83967745e-03
   3.45069144e+02  -4.23026404e-06
   3.45069633e+02  -9.71288246e-04
   3.45070121e+02  -2.85706687e-04
   3.45070609e+02  -6.79263321e-04
   3.45071098e+02  -7.76286412e-04
   3.45071586e+02   3.84823332e-04
   3.45072074e+02  -5.76407125e-04
   3.45072563e+02  -1.91709225e-03
   3.45073051e+02  -1.71996525e-03
   3.45073539e+02  -1.67395256e-03
   3.45074027e+02  -3.41347326e-03
   3.45074516e+02  -4.64402419e-03
   3.45075004e+02  -2.27164151e-03
   3.45075492e+02  -1.47503466e-04
   3.45075981e+02  -8.49934993e-04
   3.45076469e+02  -2.95059872e-03
   3.45076957e+02  -5.31223696e-03
   3.45077446e+02  -5.98654337e-03
   3.45077934e+02  -4.53402614e-03
   3.45078422e+02  -1.18014298e-03
   3.45078911e+02   1.35879766e-03
   3.45079399e+02   8.90818319e-06
   3.45079887e+02  -1.96889532e-03
   3.45080375e+02  -1.46712747e-03
   3.45080864e+02   1.75998735e-04
   3.45081352e+02   1.21590844e-03
   3.45081840e+02   4.10836219e-04
   3.45082329e+02  -9.98253236e-04
   3.45082817e+02  -9.96621209e-04
   3.45083305e+02  -8.18073284e-04
   3.45083794e+02  -9.67190950e-04
   3.45084282e+02   7.85475713e-05
   3.45084770e+02   2.26562400e-03
   3.45085259e+02   4.10765270e-03
   3.45085747e+02   3.68821458e-03
   3.45086235e+02   1.82946387e-03
   3.45086724e+02   3.11186050e-05
   3.45087212e+02  -8.62216752e-04
   3.45087700e+02   5.16851782e-04
   3.45088188e+02   9.92033980e-04
   3.45088677e+02  -1.33175543e-03
   3.45089165e+02  -2.08554510e-03
   3.45089653e+02  -3.93869239e-04
   3.45090142e+02  -4.39424504e-04
   3.45090630e+02  -1.16036949e-03
   3.45091118e+02   4.40332551e-05
   3.45091607e+02   2.30707112e-03
   3.45092095e+02   3.16492980e-03
   3.45092583e+02   1.48443924e-03
   3.45093072e+02  -1.96684967e-03
   3.45093560e+02  -4.73855576e-03
   3.45094048e+02  -4.11024829e-03
   3.45094536e+02  -1.48166041e-03
   3.45095025e+02   5.50150988e-04
   3.45095513e+02   6.11025200e-04
   3.45096001e+02   5.11438586e-04
   3.45096490e+02   1.59038662e-03
   3.45096978e+02   2.71050655e-03
   3.45097466e+02   2.92965071e-03
   3.45097955e+02   1.98144025e-05
   3.45098443e+02  -4.12760116e-03
   3.45098931e+02  -5.67339221e-03
   3.45099420e+02  -5.58005972e-03
   3.45099908e+02  -4.83024167e-03
   3.45100396e+02  -3.02193267e-03
   3.45100884e+02  -3.30733223e-04
   3.45101373e+02   2.85606395e-04
   3.45101861e+02   1.00579031e-03
   3.45102349e+02   4.37391875e-03
   3.45102838e+02   5.09918062e-03
   3.45103326e+02   2.82767299e-03
   3.45103814e+02   1.26501219e-03
   3.45104303e+02   7.81599898e-04
   3.45104791e+02   1.75554678e-03
   3.45105279e+02   2.53341231e-03
   3.45105768e+02   1.11125386e-03
   3.45106256e+02  -1.15204672e-03
   3.45106744e+02  -2.02187570e-03
   3.45107232e+02  -2.32267636e-03
   3.45107721e+02  -1.96023053e-03
   3.45108209e+02  -7.98443565e-04
   3.45108697e+02  -2.88622221e-04
   3.45109186e+02   6.59150362e-04
   3.45109674e+02   5.90029929e-04
   3.45110162e+02  -1.16264971e-03
   3.45110651e+02  -1.48235890e-03
   3.45111139e+02  -8.82521039e-04
   3.45111627e+02  -9.89561784e-04
   3.45112116e+02  -1.95554667e-03
   3.45112604e+02  -1.43560150e-03
   3.45113092e+02   1.07986981e-03
   3.45113580e+02   2.91483663e-03
   3.45114069e+02   2.36616819e-03
   3.45114557e+02   5.61743625e-04
   3.45115045e+02  -6.81531266e-04
   3.45115534e+02  -8.76684906e-04
   3.45116022e+02  -7.64211814e-04
   3.45116510e+02  -1.21012249e-03
   3.45116999e+02  -3.85918655e-03
   3.45117487e+02  -5.96808456e-03
   3.45117975e+02  -5.31054754e-03
   3.45118464e+02  -3.65523528e-03
   3.45118952e+02  -1.03752431e-03
   3.45119440e+02  -4.75413661e-04
   3.45119928e+02   1.29436655e-03
   3.45120417e+02   4.17612400e-03
   3.45120905e+02   2.73358892e-03
   3.45121393e+02  -5.62014640e-04
   3.45121882e+02  -7.72247498e-04
   3.45122370e+02   9.15089506e-04
   3.45122858e+02   1.29547354e-03
   3.45123347e+02   1.98056316e-03
   3.45123835e+02   3.77801666e-03
   3.45124323e+02   4.87391138e-03
   3.45124812e+02   3.20705865e-03
   3.45125300e+02  -1.02420605e-03
   3.45125788e+02  -3.10097053e-03
   3.45126277e+02   2.40260299e-04
   3.45126765e+02   3.32457642e-03
   3.45127253e+02   2.87973532e-03
   3.45127741e+02   2.50692037e-03
   3.45128230e+02   1.96580472e-03
   3.45128718e+02  -4.09746834e-04
   3.45129206e+02  -7.55240035e-04
   3.45129695e+02   1.16785173e-03
   3.45130183e+02   1.78794365e-03
   3.45130671e+02   7.33220368e-04
   3.45131160e+02  -7.05125334e-04
   3.45131648e+02  -8.96453450e-04
   3.45132136e+02  -1.00373139e-03
   3.45132625e+02  -2.08739075e-03
   3.45133113e+02  -1.62177789e-03
   3.45133601e+02  -1.64766592e-04
   3.45134089e+02  -7.55190908e-04
   3.45134578e+02  -1.41768612e-03
   3.45135066e+02   5.61744731e-04
   3.45135554e+02   2.82590510e-03
   3.45136043e+02   1.84355385e-03
   3.45136531e+02  -4.54577414e-04
   3.45137019e+02  -1.82238291e-03
   3.45137508e+02  -2.05535744e-03
   3.45137996e+02  -1.61470741e-03
   3.45138484e+02  -1.91141560e-03
   3.45138973e+02  -1.64689682e-03
   3.45139461e+02  -1.89648068e-03
   3.45139949e+02  -2.83413124e-03
   3.45140437e+02  -2.67067249e-03
   3.45140926e+02  -2.90835579e-03
   3.45141414e+02  -2.99342233e-03
   3.45141902e+02  -2.72334507e-03
   3.45142391e+02  -2.67305004e-04
   3.45142879e+02   1.22077484e-03
   3.45143367e+02   4.28923260e-04
   3.45143856e+02   6.69120986e-04
   3.45144344e+02  -7.81241746e-04
   3.45144832e+02  -2.70344806e-03
   3.45145321e+02  -2.36969301e-03
   3.45145809e+02  -9.79725854e-04
   3.45146297e+02  -1.03229482e-03
   3.45146785e+02  -1.87550217e-03
   3.45147274e+02  -2.40570679e-03
   3.45147762e+02  -3.60048423e-03
   3.45148250e+02  -3.72106885e-03
   3.45148739e+02  -1.44107931e-03
   3.45149227e+02  -7.70591490e-04
   3.45149715e+02  -2.78786989e-03
   3.45150204e+02  -3.27508757e-03
   3.45150692e+02  -2.00641248e-03
   3.45151180e+02  -1.10124354e-03
   3.45151669e+02  -7.39978452e-04
   3.45152157e+02  -2.24961346e-04
   3.45152645e+02  -3.82370054e-04
   3.45153133e+02  -1.45322969e-03
   3.45153622e+02  -1.62950961e-03
   3.45154110e+02  -2.07153964e-03
   3.45154598e+02  -3.24448710e-03
   3.45155087e+02  -3.66737950e-03
   3.45155575e+02  -3.38046672e-03
   3.45156063e+02  -3.16154375e-03
   3.45156552e+02  -2.80325185e-03
   3.45157040e+02  -1.09790068e-03
   3.45157528e+02   1.34678790e-03
   3.45158017e+02   1.93824654e-03
   3.45158505e+02   1.41491368e-03
   3.45158993e+02   1.87951594e-03
   3.45159481e+02   2.33491091e-03
   3.45159970e+02   1.75450172e-03
   3.45160458e+02  -2.33810042e-05
   3.45160946e+02  -2.11739587e-03
   3.45161435e+02  -7.58305076e-04
   3.45161923e+02   2.47022719e-04
   3.45162411e+02  -2.21914821e-03
   3.45162900e+02  -2.27273512e-03
   3.45163388e+02   8.75682803e-04
   3.45163876e+02   1.88880437e-03
   3.45164365e+02  -5.02647854e-05
   3.45164853e+02   9.43703286e-04
   3.45165341e+02   4.12660604e-03
   3.45165830e+02   4.94108256e-03
   3.45166318e+02   2.99407891e-03
   3.45166806e+02   4.22046214e-05
   3.45167294e+02  -1.28676381e-03
   3.45167783e+02  -1.63858698e-03
   3.45168271e+02  -2.41508475e-03
   3.45168759e+02  -2.67166458e-03
   3.45169248e+02  -7.04032253e-04
   3.45169736e+02   1.52871408e-03
   3.45170224e+02   7.67824531e-04
   3.45170713e+02  -1.39608025e-03
   3.45171201e+02  -2.18908582e-03
   3.45171689e+02  -2.17346544e-03
   3.45172178e+02  -3.00963596e-03
   3.45172666e+02  -4.66906279e-03
   3.45173154e+02  -3.85689386e-03
   3.45173642e+02   9.96922841e-04
   3.45174131e+02   4.39025741e-03
   3.45174619e+02   1.44736306e-03
   3.45175107e+02  -2.36792793e-03
   3.45175596e+02  -1.10271329e-03
   3.45176084e+02   1.16386940e-03
   3.45176572e+02   8.85479210e-04
   3.45177061e+02  -2.63917773e-05
   3.45177549e+02   2.52992089e-04
   3.45178037e+02   1.20730000e-03
   3.45178526e+02   1.77629106e-03
   3.45179014e+02   7.55912275e-04
   3.45179502e+02   6.12849428e-04
   3.45179990e+02   1.18438038e-03
   3.45180479e+02   2.11290340e-03
   3.45180967e+02   1.96954049e-03
   3.45181455e+02   5.39109693e-04
   3.45181944e+02   5.80606225e-04
   3.45182432e+02  -5.13037921e-05
   3.45182920e+02  -1.56417687e-03
   3.45183409e+02  -2.12294213e-03
   3.45183897e+02  -3.18757049e-03
   3.45184385e+02  -3.03006126e-03
   3.45184874e+02  -8.05065152e-04
   3.45185362e+02   2.20472895e-04
   3.45185850e+02  -2.24054587e-04
   3.45186338e+02   3.81667924e-04
   3.45186827e+02   8.92155687e-04
   3.45187315e+02   1.37638662e-03
   3.45187803e+02   3.56877828e-03
   3.45188292e+02   3.92462779e-03
   3.45188780e+02   2.07221275e-03
   3.45189268e+02   1.39409234e-03
   3.45189757e+02   1.21127861e-03
   3.45190245e+02   8.29893281e-04
   3.45190733e+02   5.74835169e-04
   3.45191222e+02   6.87565713e-04
   3.45191710e+02   2.29871436e-03
   3.45192198e+02   3.63068283e-03
   3.45192686e+02   2.60150270e-03
   3.45193175e+02   2.50291708e-03
   3.45193663e+02   2.54765362e-03
   3.45194151e+02   3.67806730e-04
   3.45194640e+02   1.97722373e-04
   3.45195128e+02   9.72063222e-04
   3.45195616e+02   1.27433203e-04
   3.45196105e+02   1.43973102e-06
   3.45196593e+02   1.08696776e-03
   3.45197081e+02   1.19689177e-03
   3.45197570e+02   1.22058264e-03
   3.45198058e+02   9.97846248e-04
   3.45198546e+02   5.10312617e-04
   3.45199034e+02   1.12752873e-03
   3.45199523e+02   8.16128857e-04
   3.45200011e+02  -2.65109906e-04
   3.45200499e+02  -8.17672058e-04
   3.45200988e+02   4.80338320e-04
   3.45201476e+02   2.11821171e-03
   3.45201964e+02   1.66152848e-03
   3.45202453e+02   5.56677755e-04
   3.45202941e+02  -5.89540694e-04
   3.45203429e+02  -2.09530885e-03
   3.45203918e+02  -2.14978913e-03
   3.45204406e+02  -1.42663892e-03
   3.45204894e+02  -1.40948541e-04
   3.45205383e+02   1.45741913e-03
   3.45205871e+02   2.14181346e-04
   3.45206359e+02  -1.13935268e-03
   3.45206847e+02  -4.50371794e-04
   3.45207336e+02  -4.31985623e-04
   3.45207824e+02  -5.30053861e-04
   3.45208312e+02   9.08941613e-04
   3.45208801e+02  -1.73608467e-04
   3.45209289e+02  -2.41547171e-03
   3.45209777e+02  -7.06136227e-04
   3.45210266e+02   4.04412451e-04
   3.45210754e+02  -2.02209619e-03
   3.45211242e+02  -2.11082469e-03
   3.45211731e+02  -9.54553252e-04
   3.45212219e+02  -8.05082091e-04
   3.45212707e+02   1.12883397e-03
   3.45213195e+02   9.92419664e-04
   3.45213684e+02  -1.23200356e-03
   3.45214172e+02  -8.63432477e-04
   3.45214660e+02   3.42419953e-04
   3.45215149e+02  -3.75992531e-04
   3.45215637e+02  -9.39477817e-04
   3.45216125e+02  -6.80504600e-04
   3.45216614e+02  -7.74306885e-04
   3.45217102e+02  -4.90234175e-04
   3.45217590e+02   5.92459866e-04
   3.45218079e+02   7.65037083e-04
   3.45218567e+02  -1.72480894e-03
   3.45219055e+02  -4.45128419e-03
   3.45219543e+02  -3.10163829e-03
   3.45220032e+02  -1.46574143e-03
   3.45220520e+02  -6.74349067e-05
   3.45221008e+02   1.76500878e-03
   3.45221497e+02   7.22883211e-04
   3.45221985e+02  -2.36496935e-03
   3.45222473e+02  -3.42684519e-03
   3.45222962e+02  -4.56836075e-04
   3.45223450e+02   1.83667080e-03
   3.45223938e+02   4.11052752e-04
   3.45224427e+02  -7.43137032e-04
   3.45224915e+02   5.79543004e-04
   3.45225403e+02   1.77799107e-03
   3.45225891e+02   1.51624426e-03
   3.45226380e+02   7.97485758e-04
   3.45226868e+02   3.32349999e-04
   3.45227356e+02  -1.10738596e-03
   3.45227845e+02  -2.66502262e-03
   3.45228333e+02  -2.36872863e-03
   3.45228821e+02  -1.33172132e-03
   3.45229310e+02  -7.22483150e-04
   3.45229798e+02  -1.19520072e-03
   3.45230286e+02  -1.28596008e-03
   3.45230775e+02  -7.84025935e-04
   3.45231263e+02  -4.75850597e-04
   3.45231751e+02  -8.77549697e-04
   3.45232239e+02  -2.11514789e-03
   3.45232728e+02  -1.79895584e-03
   3.45233216e+02   1.15520251e-03
   3.45233704e+02   2.75985524e-03
   3.45234193e+02  -6.71476941e-04
   3.45234681e+02  -5.03448211e-03
   3.45235169e+02  -6.03347924e-03
   3.45235658e+02  -4.55860980e-03
   3.45236146e+02  -2.26541841e-03
   3.45236634e+02  -2.74669292e-04
   3.45237123e+02   6.00719883e-04
   3.45237611e+02   2.18973815e-04
   3.45238099e+02  -5.97030215e-04
   3.45238587e+02  -1.35117769e-03
   3.45239076e+02  -1.09867647e-03
   3.45239564e+02  -7.83564174e-05
   3.45240052e+02   2.26898512e-04
   3.45240541e+02  -4.62726275e-05
   3.45241029e+02   2.11992286e-04
   3.45241517e+02  -2.07469580e-04
   3.45242006e+02  -6.95443479e-04
   3.45242494e+02  -1.62564765e-03
   3.45242982e+02  -1.89164304e-03
   3.45243471e+02  -1.40709977e-03
   3.45243959e+02  -1.93653884e-03
   3.45244447e+02  -2.03119754e-03
   3.45244936e+02  -2.20594258e-04
   3.45245424e+02   1.69328297e-03
   3.45245912e+02   2.25109304e-03
   3.45246400e+02   1.32152822e-03
   3.45246889e+02   1.41456362e-03
   3.45247377e+02   2.48677353e-03
   3.45247865e+02   2.58432934e-03
   3.45248354e+02   1.86969631e-03
   3.45248842e+02   9.01754014e-04
   3.45249330e+02  -4.48864070e-04
   3.45249819e+02   1.09028275e-04
   3.45250307e+02   2.28406652e-03
   3.45250795e+02   1.42958562e-03
   3.45251284e+02  -1.16871612e-03
   3.45251772e+02  -1.39330025e-03
   3.45252260e+02  -1.27934979e-03
   3.45252748e+02  -2.82576401e-03
   3.45253237e+02  -3.43829556e-03
   3.45253725e+02  -1.93918869e-03
   3.45254213e+02  -1.31291943e-03
   3.45254702e+02  -1.69975834e-03
   3.45255190e+02  -6.35505130e-04
   3.45255678e+02  -4.51536180e-04
   3.45256167e+02  -1.69047795e-03
   3.45256655e+02  -1.65153039e-03
   3.45257143e+02   1.57516522e-04
   3.45257632e+02   7.19939300e-04
   3.45258120e+02  -4.75906621e-04
   3.45258608e+02   2.98011182e-05
   3.45259096e+02   1.36240176e-03
   3.45259585e+02   2.51177698e-03
   3.45260073e+02   4.78988001e-03
   3.45260561e+02   5.39433816e-03
   3.45261050e+02   2.30988860e-03
   3.45261538e+02   1.43936151e-04
   3.45262026e+02   1.08956301e-03
   3.45262515e+02   8.21057940e-04
   3.45263003e+02  -2.12072558e-03
   3.45263491e+02  -2.37416965e-03
   3.45263980e+02  -1.05395571e-04
   3.45264468e+02   7.23512378e-04
   3.45264956e+02   6.08973030e-04
   3.45265444e+02   1.65809831e-03
   3.45265933e+02   2.02660426e-03
   3.45266421e+02  -1.18319607e-04
   3.45266909e+02  -3.00429482e-03
   3.45267398e+02  -2.94024940e-03
   3.45267886e+02  -1.83962111e-03
   3.45268374e+02  -1.33169885e-03
   3.45268863e+02  -1.15727089e-04
   3.45269351e+02   8.64456175e-04
   3.45269839e+02   2.66418420e-03
   3.45270328e+02   3.10032140e-03
   3.45270816e+02  -1.93752247e-04
   3.45271304e+02  -2.38842936e-03
   3.45271792e+02  -1.31222780e-03
   3.45272281e+02   6.22783191e-05
   3.45272769e+02   9.63022700e-04
   3.45273257e+02   1.15839555e-03
   3.45273746e+02  -2.12323328e-04
   3.45274234e+02  -1.42644229e-03
   3.45274722e+02  -1.08678732e-03
   3.45275211e+02   4.58462135e-04
   3.45275699e+02   9.23970772e-04
   3.45276187e+02   9.70441673e-04
   3.45276676e+02   2.39913724e-03
   3.45277164e+02   2.52013863e-03
   3.45277652e+02   2.30596386e-04
   3.45278140e+02   5.71413548e-04
   3.45278629e+02   2.50880839e-03
   3.45279117e+02   2.02053832e-03
   3.45279605e+02   4.71586362e-04
   3.45280094e+02  -5.57660940e-04
   3.45280582e+02  -2.55156250e-04
   3.45281070e+02   5.15550259e-04
   3.45281559e+02   7.15536182e-04
   3.45282047e+02  -2.93513149e-04
   3.45282535e+02  -9.59259749e-04
   3.45283024e+02  -1.30611705e-03
   3.45283512e+02  -2.17255764e-03
   3.45284000e+02  -1.26036874e-03
   3.45284489e+02   1.25852739e-03
   3.45284977e+02   1.57894753e-03
   3.45285465e+02  -1.64884760e-03
   3.45285953e+02  -2.42657610e-03
   3.45286442e+02   1.22443377e-03
   3.45286930e+02   2.01085000e-03
   3.45287418e+02   2.23826981e-04
   3.45287907e+02  -2.71809433e-04
   3.45288395e+02  -2.01545889e-03
   3.45288883e+02  -3.22619057e-03
   3.45289372e+02  -2.46157707e-03
   3.45289860e+02  -9.38935031e-04
   3.45290348e+02  -4.22185956e-04
   3.45290837e+02  -1.07051630e-03
   3.45291325e+02  -1.84539310e-03
   3.45291813e+02  -2.25324766e-03
   3.45292301e+02  -4.44460573e-04
   3.45292790e+02  -1.84396224e-04
   3.45293278e+02  -9.87673528e-04
   3.45293766e+02   2.49963650e-03
   3.45294255e+02   4.34386963e-03
   3.45294743e+02   1.81027956e-03
   3.45295231e+02   2.37840577e-04
   3.45295720e+02  -1.11531781e-03
   3.45296208e+02  -3.06997914e-03
   3.45296696e+02  -8.61564244e-04
   3.45297185e+02  -9.76554933e-04
   3.45297673e+02  -1.92531291e-03
   3.45298161e+02  -9.92623391e-04
   3.45298649e+02   8.78927647e-04
   3.45299138e+02   9.64863226e-04
   3.45299626e+02   9.01870138e-04
   3.45300114e+02   2.63867876e-03
   3.45300603e+02   2.30254652e-03
   3.45301091e+02  -6.70064706e-04
   3.45301579e+02  -8.52367724e-04
   3.45302068e+02   1.57260080e-03
   3.45302556e+02   9.60685895e-04
   3.45303044e+02  -1.89241022e-03
   3.45303533e+02  -3.31450789e-03
   3.45304021e+02  -2.91408785e-03
   3.45304509e+02  -1.52080995e-03
   3.45304997e+02  -9.10484523e-04
   3.45305486e+02  -2.30318704e-03
   3.45305974e+02  -2.44935183e-03
   3.45306462e+02  -2.18183501e-03
   3.45306951e+02  -3.17247584e-03
   3.45307439e+02  -1.57504040e-03
   3.45307927e+02   8.32130900e-04
   3.45308416e+02   1.82289944e-03
   3.45308904e+02   2.63503334e-03
   3.45309392e+02   1.34813727e-03
   3.45309881e+02  -4.08209220e-04
   3.45310369e+02   1.33393810e-03
   3.45310857e+02   3.60496622e-03
   3.45311345e+02   2.10135523e-03
   3.45311834e+02   2.74955702e-04
   3.45312322e+02   7.20693439e-04
   3.45312810e+02   1.48205890e-03
   3.45313299e+02   1.23151590e-03
   3.45313787e+02   5.98484185e-04
   3.45314275e+02  -5.12564729e-04
   3.45314764e+02  -2.07362976e-03
   3.45315252e+02  -1.13702146e-03
   3.45315740e+02   6.23942178e-05
   3.45316229e+02  -1.05166191e-03
   3.45316717e+02  -1.57559954e-03
   3.45317205e+02   3.71313101e-04
   3.45317693e+02   2.90445378e-03
   3.45318182e+02   2.91020842e-03
   3.45318670e+02   1.40074641e-03
   3.45319158e+02   5.84191468e-04
   3.45319647e+02   1.36287394e-03
   3.45320135e+02   2.39383779e-03
   3.45320623e+02   1.09473651e-03
   3.45321112e+02   1.73027613e-04
   3.45321600e+02   1.37073814e-03
   3.45322088e+02   2.41941190e-03
   3.45322577e+02   3.18790344e-03
   3.45323065e+02   2.32211640e-03
   3.45323553e+02   5.41818212e-04
   3.45324042e+02   5.90711774e-04
   3.45324530e+02   1.19523949e-03
   3.45325018e+02   6.25182409e-04
   3.45325506e+02   8.76176287e-04
   3.45325995e+02   1.11517706e-03
   3.45326483e+02   9.19065322e-04
   3.45326971e+02   1.65385916e-03
   3.45327460e+02   1.48302480e-03
   3.45327948e+02   6.59772777e-04
   3.45328436e+02   1.34876429e-03
   3.45328925e+02   1.31273095e-03
   3.45329413e+02  -1.12444453e-03
   3.45329901e+02  -1.92873192e-03
   3.45330390e+02  -6.99024473e-04
   3.45330878e+02  -4.74897161e-06
   3.45331366e+02   3.02458648e-04
   3.45331854e+02   9.17790341e-04
   3.45332343e+02   7.72155647e-04
   3.45332831e+02   6.06643967e-04
   3.45333319e+02   4.59421630e-04
   3.45333808e+02  -3.51291872e-03
   3.45334296e+02  -6.79104496e-03
   3.45334784e+02  -4.56238538e-03
   3.45335273e+02  -1.63237972e-03
   3.45335761e+02  -1.45463389e-03
   3.45336249e+02  -1.30355917e-03
   3.45336738e+02  -5.34125371e-04
   3.45337226e+02   7.55098532e-04
   3.45337714e+02   1.81787694e-03
   3.45338202e+02   2.20655510e-03
   3.45338691e+02   2.30483338e-03
   3.45339179e+02   8.05462070e-04
   3.45339667e+02   2.06856450e-04
   3.45340156e+02   7.53875473e-04
   3.45340644e+02  -2.49412027e-04
   3.45341132e+02  -1.94711174e-04
   3.45341621e+02  -1.03507991e-05
   3.45342109e+02  -8.90729425e-04
   3.45342597e+02  -1.72278087e-03
   3.45343086e+02  -3.76793352e-04
   3.45343574e+02   2.65543046e-03
   3.45344062e+02   3.23987496e-03
   3.45344550e+02   1.89659372e-03
   3.45345039e+02  -4.27508960e-04
   3.45345527e+02  -1.69972715e-03
   3.45346015e+02  -1.75050576e-03
   3.45346504e+02  -2.80196965e-03
   3.45346992e+02  -2.89828074e-03
   3.45347480e+02  -7.28734245e-04
   3.45347969e+02  -5.73443074e-04
   3.45348457e+02  -3.16444598e-03
   3.45348945e+02  -3.00716446e-03
   3.45349434e+02  -1.29671372e-03
   3.45349922e+02  -2.15109671e-03
   3.45350410e+02  -1.71722833e-03
   3.45350898e+02   1.51118939e-03
   3.45351387e+02   3.15946899e-03
   3.45351875e+02   1.15450786e-03
   3.45352363e+02  -1.19106099e-03
   3.45352852e+02  -3.22126958e-04
   3.45353340e+02   2.61590467e-03
   3.45353828e+02   3.78067791e-03
   3.45354317e+02   2.17656116e-03
   3.45354805e+02  -1.55163312e-03
   3.45355293e+02  -3.14393872e-03
   3.45355782e+02  -1.69917569e-03
   3.45356270e+02  -3.58097168e-04
   3.45356758e+02   1.44721323e-03
   3.45357246e+02   2.31453450e-03
   3.45357735e+02   1.10662833e-03
   3.45358223e+02  -1.74902019e-03
   3.45358711e+02  -3.24182585e-03
   3.45359200e+02  -2.34684441e-03
   3.45359688e+02  -2.63440516e-03
   3.45360176e+02  -2.92877690e-03
   3.45360665e+02   2.37779066e-04
   3.45361153e+02   2.49490235e-03
   3.45361641e+02   1.91646477e-03
   3.45362130e+02   5.88257331e-04
   3.45362618e+02  -1.78015383e-03
   3.45363106e+02  -3.15045915e-03
   3.45363595e+02  -2.66487920e-03
   3.45364083e+02  -1.15757168e-03
   3.45364571e+02   6.04426896e-04
   3.45365059e+02   1.44413312e-03
   3.45365548e+02   1.70716504e-03
   3.45366036e+02   1.07485417e-03
   3.45366524e+02   5.68408752e-04
   3.45367013e+02   1.19061698e-03
   3.45367501e+02   1.59469107e-03
   3.45367989e+02   1.17919350e-03
   3.45368478e+02   5.08466910e-04
   3.45368966e+02  -5.06566197e-04
   3.45369454e+02  -2.82933412e-04
   3.45369943e+02   9.73203743e-04
   3.45370431e+02   6.17725949e-04
   3.45370919e+02  -6.05052686e-04
   3.45371407e+02   1.23649859e-03
   3.45371896e+02   4.75879479e-03
   3.45372384e+02   4.98683751e-03
   3.45372872e+02   1.74885208e-03
   3.45373361e+02  -7.39709474e-04
   3.45373849e+02   1.19632918e-04
   3.45374337e+02   1.05458265e-03
   3.45374826e+02   1.16965605e-03
   3.45375314e+02   1.30940112e-03
   3.45375802e+02   4.22843383e-04
   3.45376291e+02  -1.91240560e-03
   3.45376779e+02  -2.64913752e-03
   3.45377267e+02  -2.72207079e-04
   3.45377755e+02   1.16233632e-03
   3.45378244e+02   1.62528350e-03
   3.45378732e+02   1.71728793e-03
   3.45379220e+02   6.83540711e-04
   3.45379709e+02  -5.01952716e-04
   3.45380197e+02  -1.74105109e-03
   3.45380685e+02  -3.53576569e-03
   3.45381174e+02  -2.62038340e-03
   3.45381662e+02   3.95455165e-04
   3.45382150e+02   1.89600140e-03
   3.45382639e+02   1.00072764e-03
   3.45383127e+02   1.05675112e-03
   3.45383615e+02   2.73041148e-03
   3.45384103e+02   3.56681715e-03
   3.45384592e+02   1.99515186e-03
   3.45385080e+02   2.84253416e-04
   3.45385568e+02   1.51876057e-03
   3.45386057e+02   4.06487659e-03
   3.45386545e+02   5.04327845e-03
   3.45387033e+02   3.14692012e-03
   3.45387522e+02  -1.13271317e-03
   3.45388010e+02  -2.79503898e-03
   3.45388498e+02  -6.95392489e-04
   3.45388987e+02   6.85664825e-04
   3.45389475e+02   5.83549700e-05
   3.45389963e+02   2.75838265e-05
   3.45390451e+02   1.41824930e-04
   3.45390940e+02  -1.68014003e-03
   3.45391428e+02  -2.88266479e-03
   3.45391916e+02  -5.60967950e-04
   3.45392405e+02   1.30470959e-03
   3.45392893e+02   1.11265667e-03
   3.45393381e+02   9.51932801e-04
   3.45393870e+02  -1.68521202e-03
   3.45394358e+02  -3.87352379e-03
   3.45394846e+02  -2.16288050e-03
   3.45395335e+02   2.46356940e-04
   3.45395823e+02   1.17348472e-03
   3.45396311e+02   1.14376540e-03
   3.45396799e+02   1.58874120e-03
   3.45397288e+02   7.96023931e-04
   3.45397776e+02  -1.46221777e-03
   3.45398264e+02  -2.02401634e-03
   3.45398753e+02  -1.32605759e-03
   3.45399241e+02   2.16231798e-04
   3.45399729e+02   1.90656888e-03
   3.45400218e+02   6.83340651e-04
   3.45400706e+02  -2.27179888e-04
   3.45401194e+02  -3.64100008e-04
   3.45401683e+02  -1.24554674e-03
   3.45402171e+02  -3.03318637e-04
   3.45402659e+02   2.16469285e-03
   3.45403147e+02   3.51561070e-03
   3.45403636e+02   1.35401951e-03
   3.45404124e+02  -1.33399107e-03
   3.45404612e+02  -1.52915739e-03
   3.45405101e+02  -2.13492149e-03
   3.45405589e+02  -3.94031079e-03
   3.45406077e+02  -3.23495269e-03
   3.45406566e+02  -1.10715875e-04
   3.45407054e+02   5.21589129e-04
   3.45407542e+02  -1.04074331e-03
   3.45408031e+02  -9.13513300e-04
   3.45408519e+02   6.26453548e-04
   3.45409007e+02   2.40043597e-03
   3.45409496e+02   3.46764945e-03
   3.45409984e+02   2.32149730e-03
   3.45410472e+02   3.24332505e-04
   3.45410960e+02  -2.13984773e-03
   3.45411449e+02  -2.14166194e-03
   3.45411937e+02   4.15440765e-04
   3.45412425e+02   1.09075406e-03
   3.45412914e+02   1.20926788e-03
   3.45413402e+02   1.39267265e-03
   3.45413890e+02   2.19933293e-03
   3.45414379e+02   9.13915341e-04
   3.45414867e+02  -2.12192372e-03
   3.45415355e+02  -4.28739982e-03
   3.45415844e+02  -2.36406061e-03
   3.45416332e+02  -1.85423502e-04
   3.45416820e+02   6.49282010e-05
   3.45417308e+02   3.06224014e-04
   3.45417797e+02  -4.74403641e-04
   3.45418285e+02  -1.63279427e-03
   3.45418773e+02  -1.23026827e-03
   3.45419262e+02   4.31871711e-04
   3.45419750e+02   6.88922708e-04
   3.45420238e+02   1.84910808e-04
   3.45420727e+02   1.02402666e-03
   3.45421215e+02   1.27567851e-03
   3.45421703e+02   5.48875949e-04
   3.45422192e+02   1.55010982e-03
   3.45422680e+02   2.61730328e-03
   3.45423168e+02   4.86997858e-04
   3.45423656e+02  -2.50232196e-03
   3.45424145e+02  -3.51708010e-03
   3.45424633e+02  -3.07623716e-03
   3.45425121e+02  -3.61202983e-03
   3.45425610e+02  -2.36554816e-03
   3.45426098e+02  -1.17737138e-04
   3.45426586e+02  -1.20771028e-05
   3.45427075e+02   2.22068309e-04
   3.45427563e+02   5.13937091e-04
   3.45428051e+02  -2.33898536e-04
   3.45428540e+02  -1.17869116e-03
   3.45429028e+02  -6.04971603e-04
   3.45429516e+02   5.13317646e-04
   3.45430004e+02  -5.21687674e-04
   3.45430493e+02  -1.15449226e-03
   3.45430981e+02   8.43266724e-04
   3.45431469e+02   1.52642501e-03
   3.45431958e+02   3.89960274e-04
   3.45432446e+02   9.06669302e-05
   3.45432934e+02   2.26179778e-04
   3.45433423e+02   1.70133531e-03
   3.45433911e+02   3.68289789e-03
   3.45434399e+02   2.26201117e-03
   3.45434888e+02   8.40892491e-04
   3.45435376e+02   9.70938592e-04
   3.45435864e+02   6.66684900e-06
   3.45436352e+02   3.81447026e-04
   3.45436841e+02   2.61595915e-03
   3.45437329e+02   2.98951427e-03
   3.45437817e+02  -4.90502396e-04
   3.45438306e+02  -6.65802509e-04
   3.45438794e+02   4.27620672e-03
   3.45439282e+02   4.84269159e-03
   3.45439771e+02   2.62676855e-04
   3.45440259e+02  -1.44565233e-03
   3.45440747e+02  -9.21206607e-04
   3.45441236e+02   7.28041778e-05
   3.45441724e+02   3.62126902e-03
   3.45442212e+02   3.78031097e-03
   3.45442700e+02  -1.08340500e-04
   3.45443189e+02  -1.89982122e-03
   3.45443677e+02  -1.40594167e-03
   3.45444165e+02   4.03924729e-04
   3.45444654e+02   2.10369530e-04
   3.45445142e+02  -2.95609207e-04
   3.45445630e+02   4.74668981e-04
   3.45446119e+02   7.00360324e-05
   3.45446607e+02  -1.00542791e-03
   3.45447095e+02  -1.78847520e-03
   3.45447584e+02  -4.93616622e-04
   3.45448072e+02   1.35039503e-03
   3.45448560e+02   1.79648015e-03
   3.45449049e+02   2.33589392e-03
   3.45449537e+02   1.70324836e-03
   3.45450025e+02   5.67135343e-04
   3.45450513e+02   1.06677704e-03
   3.45451002e+02   1.56029093e-03
   3.45451490e+02   1.32153044e-03
   3.45451978e+02   1.75417357e-04
   3.45452467e+02  -1.26244535e-03
   3.45452955e+02  -1.47860404e-03
   3.45453443e+02  -1.73129793e-03
   3.45453932e+02  -1.78874529e-03
   3.45454420e+02   3.61439190e-04
   3.45454908e+02   1.11653563e-03
   3.45455397e+02   1.07272854e-03
   3.45455885e+02   1.91948377e-03
   3.45456373e+02   1.88012177e-03
   3.45456861e+02   2.03546765e-03
   3.45457350e+02   1.59773405e-03
   3.45457838e+02   9.46651562e-04
   3.45458326e+02   1.11218845e-03
   3.45458815e+02   7.42443372e-04
   3.45459303e+02   1.37253525e-03
   3.45459791e+02   2.78247334e-03
   3.45460280e+02   1.99099304e-03
   3.45460768e+02   6.20630977e-04
   3.45461256e+02   2.54061748e-03
   3.45461745e+02   3.50478222e-03
   3.45462233e+02   1.03918032e-03
   3.45462721e+02  -2.15508533e-03
   3.45463209e+02  -3.61778820e-03
   3.45463698e+02  -1.92037178e-03
   3.45464186e+02   4.64348763e-04
   3.45464674e+02   1.00034347e-03
   3.45465163e+02  -4.59801406e-04
   3.45465651e+02  -1.29870302e-03
   3.45466139e+02  -3.37874917e-05
   3.45466628e+02  -2.91419874e-05
   3.45467116e+02  -1.08275074e-03
   3.45467604e+02  -2.47074175e-03
   3.45468093e+02  -2.43867305e-03
   3.45468581e+02  -2.51368983e-05
   3.45469069e+02   5.36453561e-04
   3.45469557e+02   6.22055813e-05
   3.45470046e+02   7.38177390e-04
   3.45470534e+02   4.80379909e-04
   3.45471022e+02   1.64725969e-03
   3.45471511e+02   2.81604123e-03
   3.45471999e+02   8.83009983e-04
   3.45472487e+02  -2.37055914e-03
   3.45472976e+02  -1.71065424e-03
   3.45473464e+02   1.63331185e-03
   3.45473952e+02   3.52667482e-03
   3.45474441e+02   2.84317881e-04
   3.45474929e+02  -2.05279537e-03
   3.45475417e+02   3.53648298e-04
   3.45475905e+02   1.32441602e-03
   3.45476394e+02  -2.60699249e-04
   3.45476882e+02   1.10138650e-03
   3.45477370e+02   3.70087824e-03
   3.45477859e+02   3.95736750e-03
   3.45478347e+02   3.31922364e-03
   3.45478835e+02   1.65556220e-03
   3.45479324e+02   1.81937954e-04
   3.45479812e+02   4.57273069e-04
   3.45480300e+02   7.35132140e-04
   3.45480789e+02   4.00974357e-04
   3.45481277e+02   5.95019083e-04
   3.45481765e+02   1.11841492e-03
   3.45482253e+02   1.71642529e-03
   3.45482742e+02   1.99350738e-03
   3.45483230e+02  -1.54247009e-05
   3.45483718e+02  -1.06953143e-03
   3.45484207e+02   1.04897445e-05
   3.45484695e+02  -2.12212617e-04
   3.45485183e+02  -1.21682149e-03
   3.45485672e+02  -1.79489458e-03
   3.45486160e+02  -3.90871166e-04
   3.45486648e+02   2.34824745e-03
   3.45487137e+02   2.27455469e-03
   3.45487625e+02   1.66686473e-03
   3.45488113e+02   2.93845031e-03
   3.45488602e+02   2.83959601e-03
   3.45489090e+02   2.78919959e-03
   3.45489578e+02   3.89098213e-03
   3.45490066e+02   3.80657124e-03
   3.45490555e+02   2.56129191e-03
   3.45491043e+02   1.57816487e-03
   3.45491531e+02   1.24269503e-03
   3.45492020e+02   2.47671176e-03
   3.45492508e+02   3.09085031e-03
   3.45492996e+02   2.02379655e-03
   3.45493485e+02   2.25909427e-03
   3.45493973e+02   3.00433673e-03
   3.45494461e+02   2.48842849e-03
   3.45494950e+02   1.25906698e-03
   3.45495438e+02   1.24618353e-03
   3.45495926e+02   2.39319890e-03
   3.45496414e+02   4.22682473e-03
   3.45496903e+02   5.84649853e-03
   3.45497391e+02   4.98613529e-03
   3.45497879e+02   5.36588160e-03
   3.45498368e+02   6.45477371e-03
   3.45498856e+02   5.34455944e-03
   3.45499344e+02   5.44067519e-03
   3.45499833e+02   5.58953732e-03
   3.45500321e+02   5.86949615e-03
   3.45500809e+02   6.90186070e-03
   3.45501298e+02   6.22058101e-03
   3.45501786e+02   5.03581716e-03
   3.45502274e+02   5.15387487e-03
   3.45502762e+02   5.11874165e-03
   3.45503251e+02   4.52875206e-03
   3.45503739e+02   5.94256260e-03
   3.45504227e+02   7.88760372e-03
   3.45504716e+02   9.27405246e-03
   3.45505204e+02   1.02271074e-02
   3.45505692e+02   1.00496076e-02
   3.45506181e+02   1.04712043e-02
   3.45506669e+02   1.03170816e-02
   3.45507157e+02   1.05576012e-02
   3.45507646e+02   1.08674783e-02
   3.45508134e+02   1.22025600e-02
   3.45508622e+02   1.36558823e-02
   3.45509110e+02   1.39470221e-02
   3.45509599e+02   1.71650164e-02
   3.45510087e+02   2.24030744e-02
   3.45510575e+02   2.47009974e-02
   3.45511064e+02   2.35260278e-02
   3.45511552e+02   2.29593832e-02
   3.45512040e+02   2.48941910e-02
   3.45512529e+02   2.82874908e-02
   3.45513017e+02   3.20798159e-02
   3.45513505e+02   3.57527323e-02
   3.45513994e+02   4.85563092e-02
   3.45514482e+02   8.09159502e-02
   3.45514970e+02   1.31211028e-01
   3.45515458e+02   1.94820628e-01
   3.45515947e+02   2.63507724e-01
   3.45516435e+02   3.37920189e-01
   3.45516923e+02   4.22439784e-01
   3.45517412e+02   5.24672270e-01
   3.45517900e+02   6.22356236e-01
   3.45518388e+02   6.67845547e-01
   3.45518877e+02   6.42511249e-01
   3.45519365e+02   3.08678120e-01
   3.45519853e+02   2.34103873e-01
   3.45520342e+02   1.52054012e-01
   3.45520830e+02   1.14074729e-01
   3.45521318e+02   1.05110958e-01
   3.45521806e+02   1.15238264e-01
   3.45522295e+02   1.19288638e-01
   3.45522783e+02   1.36193082e-01
   3.45523271e+02   1.63095474e-01
   3.45523760e+02   4.92566049e-01
   3.45524248e+02   4.70832407e-01
   3.45524736e+02   4.18498784e-01
   3.45525225e+02   3.60777557e-01
   3.45525713e+02   2.91890740e-01
   3.45526201e+02   2.35364854e-01
   3.45526690e+02   2.00210124e-01
   3.45527178e+02   1.72166377e-01
   3.45527666e+02   1.41378403e-01
   3.45528155e+02   1.08171143e-01
   3.45528643e+02   8.03764835e-02
   3.45529131e+02   6.16369806e-02
   3.45529619e+02   4.41843532e-02
   3.45530108e+02   2.98054889e-02
   3.45530596e+02   2.33725496e-02
   3.45531084e+02   1.96575504e-02
   3.45531573e+02   1.67658664e-02
   3.45532061e+02   1.41946822e-02
   3.45532549e+02   1.25699798e-02
   3.45533038e+02   1.04894415e-02
   3.45533526e+02   8.94227065e-03
   3.45534014e+02   9.26896464e-03
   3.45534503e+02   9.65148024e-03
   3.45534991e+02   9.73378681e-03
   3.45535479e+02   8.45120102e-03
   3.45535967e+02   6.07149629e-03
   3.45536456e+02   5.60536282e-03
   3.45536944e+02   4.55747871e-03
   3.45537432e+02   5.15145017e-03
   3.45537921e+02   5.75336395e-03
   3.45538409e+02   4.65440005e-03
   3.45538897e+02   4.36717458e-03
   3.45539386e+02   4.99287620e-03
   3.45539874e+02   4.85248305e-03
   3.45540362e+02   5.31953294e-03
   3.45540851e+02   5.79605298e-03
   3.45541339e+02   5.57287270e-03
   3.45541827e+02   5.91512164e-03
   3.45542315e+02   5.50255692e-03
   3.45542804e+02   2.97903037e-03
   3.45543292e+02   2.11094948e-03
   3.45543780e+02   4.12737345e-03
   3.45544269e+02   5.50165446e-03
   3.45544757e+02   5.29128918e-03
   3.45545245e+02   4.90124105e-03
   3.45545734e+02   5.00072353e-03
   3.45546222e+02   5.84708806e-03
   3.45546710e+02   6.85881032e-03
   3.45547199e+02   8.39708187e-03
   3.45547687e+02   8.63671210e-03
   3.45548175e+02   7.57871568e-03
   3.45548663e+02   7.26726837e-03
   3.45549152e+02   5.99528197e-03
   3.45549640e+02   4.62753652e-03
   3.45550128e+02   5.09738037e-03
   3.45550617e+02   4.68133762e-03
   3.45551105e+02   3.53090954e-03
   3.45551593e+02   3.81770427e-03
   3.45552082e+02   3.28729418e-03
   3.45552570e+02   2.05528270e-03
   3.45553058e+02   3.33354482e-03
   3.45553547e+02   4.40703612e-03
   3.45554035e+02   1.96883408e-03
   3.45554523e+02  -2.02340307e-04
   3.45555011e+02   5.03770774e-04
   3.45555500e+02   1.14898640e-03
   3.45555988e+02   1.24588341e-03
   3.45556476e+02   3.30890738e-03
   3.45556965e+02   4.92415903e-03
   3.45557453e+02   3.87347164e-03
   3.45557941e+02   2.42478750e-03
   3.45558430e+02   1.69225631e-03
   3.45558918e+02   2.17571142e-04
   3.45559406e+02  -3.29247632e-05
   3.45559895e+02   1.47204043e-03
   3.45560383e+02   1.55935704e-03
   3.45560871e+02   4.03984537e-04
   3.45561359e+02   2.98651023e-04
   3.45561848e+02   1.62879855e-03
   3.45562336e+02   2.51126755e-03
   3.45562824e+02   1.36075006e-03
   3.45563313e+02   8.76038335e-04
   3.45563801e+02   1.57185039e-03
   3.45564289e+02   6.17354308e-05
   3.45564778e+02  -2.22722767e-03
   3.45565266e+02  -1.48843101e-03
   3.45565754e+02   1.38364790e-03
   3.45566243e+02   3.73542728e-03
   3.45566731e+02   3.17429053e-03
   3.45567219e+02   2.81928410e-03
   3.45567708e+02   3.46439006e-03
   3.45568196e+02   2.17632460e-03
   3.45568684e+02   3.61326081e-03
   3.45569172e+02   6.01102831e-03
   3.45569661e+02   5.00918506e-03
   3.45570149e+02   4.80033271e-03
   3.45570637e+02   5.69615560e-03
   3.45571126e+02   4.15193569e-03
   3.45571614e+02   2.98705912e-04
   3.45572102e+02   9.96484654e-04
   3.45572591e+02   3.89301591e-03
   3.45573079e+02   2.84501514e-03
   3.45573567e+02   3.49049398e-04
   3.45574056e+02  -1.27841253e-03
   3.45574544e+02  -5.40303183e-04
   3.45575032e+02   1.55911036e-03
   3.45575520e+02   2.99119460e-03
   3.45576009e+02   1.77160231e-03
   3.45576497e+02  -1.06121624e-04
   3.45576985e+02  -7.16630660e-04
   3.45577474e+02  -1.56880589e-03
   3.45577962e+02  -2.14445894e-03
   3.45578450e+02  -1.80862274e-03
   3.45578939e+02  -4.39921627e-04
   3.45579427e+02   9.22341773e-04
   3.45579915e+02   1.52462302e-03
   3.45580404e+02   2.24251999e-03
   3.45580892e+02   2.39935075e-03
   3.45581380e+02   2.16241158e-03
   3.45581868e+02   1.74094795e-03
   3.45582357e+02  -2.94136029e-04
   3.45582845e+02  -1.77615404e-03
   3.45583333e+02  -8.35452578e-04
   3.45583822e+02  -3.40182451e-04
   3.45584310e+02   5.97549952e-04
   3.45584798e+02   2.16631521e-03
   3.45585287e+02   2.57728365e-03
   3.45585775e+02   3.08809034e-03
   3.45586263e+02   2.60016019e-03
   3.45586752e+02   1.00601406e-03
   3.45587240e+02  -5.68487099e-04
   3.45587728e+02  -1.45945291e-03
   3.45588216e+02  -8.33485043e-04
   3.45588705e+02   8.11761711e-04
   3.45589193e+02   1.01860717e-03
   3.45589681e+02  -2.53676740e-03
   3.45590170e+02  -2.20318069e-03
   3.45590658e+02  -5.34471706e-04
   3.45591146e+02  -1.06510866e-04
   3.45591635e+02   2.10848381e-03
   3.45592123e+02   3.48962075e-03
   3.45592611e+02   1.81097491e-03
   3.45593100e+02   1.52024347e-03
   3.45593588e+02   1.68887258e-03
   3.45594076e+02   1.40306889e-04
   3.45594564e+02  -8.46124429e-04
   3.45595053e+02   4.00017132e-04
   3.45595541e+02   2.05919659e-03
   3.45596029e+02   2.95810425e-03
   3.45596518e+02   3.80089623e-03
   3.45597006e+02   3.36851878e-03
   3.45597494e+02   1.90933910e-03
   3.45597983e+02   2.49268953e-03
   3.45598471e+02   4.25284542e-03
   3.45598959e+02   3.50112119e-03
   3.45599448e+02   1.60782353e-03
   3.45599936e+02   1.16217148e-03
   3.45600424e+02   4.29142907e-04
   3.45600912e+02  -1.07972743e-03
   3.45601401e+02  -9.59262776e-04
   3.45601889e+02   1.32233673e-03
   3.45602377e+02   1.67811546e-03
   3.45602866e+02  -3.11246287e-04
   3.45603354e+02  -1.13376370e-03
   3.45603842e+02  -1.42263412e-03
   3.45604331e+02  -1.12705329e-03
   3.45604819e+02  -1.16784999e-04
   3.45605307e+02   4.65300865e-04
   3.45605796e+02   3.83514649e-04
   3.45606284e+02   2.99323554e-04
   3.45606772e+02  -1.03205690e-04
   3.45607261e+02  -1.87063974e-03
   3.45607749e+02  -2.17393413e-03
   3.45608237e+02  -9.83789098e-04
   3.45608725e+02  -8.80180742e-04
   3.45609214e+02  -9.87112871e-04
   3.45609702e+02   3.19084444e-04
   3.45610190e+02   1.76003334e-04
   3.45610679e+02  -2.36630975e-03
   3.45611167e+02  -3.12430528e-03
   3.45611655e+02  -2.04317435e-03
   3.45612144e+02  -1.35500683e-03
   3.45612632e+02  -6.19800121e-05
   3.45613120e+02   1.21924526e-03
   3.45613609e+02   4.91465151e-04
   3.45614097e+02  -6.17952901e-04
   3.45614585e+02   1.01340213e-03
   3.45615073e+02   4.59777517e-03
   3.45615562e+02   3.78991920e-03
   3.45616050e+02   2.78323278e-04
   3.45616538e+02   8.31317520e-05
   3.45617027e+02   1.87737658e-03
   3.45617515e+02   1.32049527e-03
   3.45618003e+02  -6.10959716e-04
   3.45618492e+02   3.92849652e-05
   3.45618980e+02  -2.56760104e-04
   3.45619468e+02  -1.82718772e-03
   3.45619957e+02   8.31286132e-04
   3.45620445e+02   4.33733594e-03
   3.45620933e+02   2.94224871e-03
   3.45621421e+02   7.40157673e-04
   3.45621910e+02   1.15130842e-03
   3.45622398e+02   1.97536102e-03
   3.45622886e+02   2.48507783e-03
   3.45623375e+02   2.73202453e-03
   3.45623863e+02   1.06886704e-03
   3.45624351e+02  -1.05484494e-03
   3.45624840e+02  -1.40007026e-03
   3.45625328e+02  -1.29983283e-03
   3.45625816e+02  -1.88684848e-03
   3.45626305e+02  -1.79339084e-03
   3.45626793e+02  -1.69995322e-03
   3.45627281e+02  -9.88270971e-04
   3.45627769e+02   3.39812570e-04
   3.45628258e+02   8.45171511e-04
   3.45628746e+02  -6.38354861e-04
   3.45629234e+02  -1.35113124e-03
   3.45629723e+02   1.02734147e-03
   3.45630211e+02   1.94983976e-03
   3.45630699e+02   4.66881669e-04
   3.45631188e+02  -1.38589204e-03
   3.45631676e+02  -3.43223335e-03
   3.45632164e+02  -3.01397499e-03
   3.45632653e+02  -1.32878195e-03
   3.45633141e+02   6.17737707e-04
   3.45633629e+02   1.13015331e-03
   3.45634117e+02  -7.96447392e-04
   3.45634606e+02  -2.39924295e-03
   3.45635094e+02  -1.26748972e-04
   3.45635582e+02   3.03261844e-03
   3.45636071e+02   2.57315859e-03
   3.45636559e+02   7.84351432e-04
   3.45637047e+02   5.65878639e-04
   3.45637536e+02  -9.06758767e-04
   3.45638024e+02  -2.16538273e-03
   3.45638512e+02  -9.62292484e-04
   3.45639001e+02  -1.11971342e-03
   3.45639489e+02  -1.94088730e-03
   3.45639977e+02  -1.51766266e-03
   3.45640465e+02  -1.47890730e-03
   3.45640954e+02  -1.90733327e-03
   3.45641442e+02  -1.25171314e-03
   3.45641930e+02   1.66096457e-03
   3.45642419e+02   3.43421800e-03
   3.45642907e+02   9.90584376e-04
   3.45643395e+02  -2.57599447e-03
   3.45643884e+02  -4.42476710e-03
   3.45644372e+02  -4.20896988e-03
   3.45644860e+02  -2.56308005e-03
   3.45645349e+02  -1.08243176e-03
   3.45645837e+02  -1.72291009e-03
   3.45646325e+02  -3.32562206e-03
   3.45646814e+02  -1.66295480e-03
   3.45647302e+02   7.32038679e-05
   3.45647790e+02  -1.89388031e-03
   3.45648278e+02  -4.78169462e-03
   3.45648767e+02  -3.15158512e-03
   3.45649255e+02  -1.78130984e-04
   3.45649743e+02   1.19040732e-03
   3.45650232e+02   3.81248479e-04
   3.45650720e+02   1.15449089e-04
   3.45651208e+02   7.02768011e-05
   3.45651697e+02  -1.25759281e-03
   3.45652185e+02  -5.71089389e-04
   3.45652673e+02   1.37947919e-03
   3.45653162e+02   1.39832369e-03
   3.45653650e+02   1.18878437e-03
   3.45654138e+02   4.21708362e-04
   3.45654626e+02  -5.11329039e-04
   3.45655115e+02  -4.13113594e-05
   3.45655603e+02   4.21993791e-05
   3.45656091e+02   2.87644623e-04
   3.45656580e+02   4.62573895e-04
   3.45657068e+02  -1.50743278e-03
   3.45657556e+02  -2.91616074e-03
   3.45658045e+02  -2.84131453e-03
   3.45658533e+02  -2.16408330e-03
   3.45659021e+02  -1.72446063e-03
   3.45659510e+02  -2.03331118e-03
   3.45659998e+02  -1.41969149e-03
   3.45660486e+02   1.76334128e-04
   3.45660974e+02  -3.05427693e-06
   3.45661463e+02  -1.38603605e-03
   3.45661951e+02  -3.05270194e-03
   3.45662439e+02  -3.23927030e-03
   3.45662928e+02  -9.89771797e-04
   3.45663416e+02   2.85309419e-04
   3.45663904e+02  -1.42256159e-03
   3.45664393e+02  -2.77864584e-03
   3.45664881e+02  -1.84295862e-03
   3.45665369e+02  -1.14843633e-03
   3.45665858e+02  -9.93473921e-04
   3.45666346e+02  -3.71395785e-04
   3.45666834e+02   1.24804137e-04
   3.45667322e+02   5.70345612e-04
   3.45667811e+02   2.00311560e-03
   3.45668299e+02   2.06313538e-03
   3.45668787e+02   8.29799566e-04
   3.45669276e+02   1.10318826e-03
   3.45669764e+02   2.31371447e-03
   3.45670252e+02   8.64757807e-04
   3.45670741e+02  -2.35166890e-03
   3.45671229e+02  -2.76877894e-03
   3.45671717e+02  -1.66122778e-03
   3.45672206e+02  -9.41306862e-05
   3.45672694e+02   1.63499755e-03
   3.45673182e+02   2.04228610e-03
   3.45673670e+02   1.51515647e-03
   3.45674159e+02   9.37904522e-04
   3.45674647e+02   2.05971254e-03
   3.45675135e+02   4.66168066e-03
   3.45675624e+02   4.62891022e-03
   3.45676112e+02   1.70974829e-03
   3.45676600e+02  -3.25746892e-04
   3.45677089e+02  -2.20158161e-03
   3.45677577e+02  -2.57038232e-03
   3.45678065e+02  -1.37280137e-03
   3.45678554e+02  -2.69902940e-03
   3.45679042e+02  -3.26824188e-03
   3.45679530e+02  -2.57650367e-03
   3.45680018e+02  -3.85223189e-03
   3.45680507e+02  -3.97041347e-03
   3.45680995e+02  -1.66465144e-03
   3.45681483e+02   8.36419465e-04
   3.45681972e+02   1.13648758e-03
   3.45682460e+02  -9.27374873e-04
   3.45682948e+02  -1.67351775e-03
   3.45683437e+02  -1.24969950e-03
   3.45683925e+02   1.99136397e-04
   3.45684413e+02   2.31483043e-03
   3.45684902e+02   9.40041908e-04
   3.45685390e+02  -9.10869101e-04
   3.45685878e+02   9.84497368e-04
   3.45686367e+02   2.58166948e-03
   3.45686855e+02   1.55292603e-03
   3.45687343e+02  -1.03983888e-03
   3.45687831e+02  -3.79205169e-03
   3.45688320e+02  -3.58988927e-03
   3.45688808e+02  -5.81918517e-04
   3.45689296e+02  -1.33040739e-04
   3.45689785e+02  -1.34997023e-03
   3.45690273e+02  -3.97710042e-04
   3.45690761e+02   1.30213084e-04
   3.45691250e+02   8.28153454e-04
   3.45691738e+02   1.17102987e-03
   3.45692226e+02   2.21879192e-04
   3.45692715e+02   1.21256267e-03
   3.45693203e+02   4.27836366e-03
   3.45693691e+02   4.70869476e-03
   3.45694179e+02   1.99665269e-03
   3.45694668e+02   1.00234523e-03
   3.45695156e+02   2.21213303e-03
   3.45695644e+02   1.41603139e-03
   3.45696133e+02  -1.44565734e-03
   3.45696621e+02  -1.59088790e-03
   3.45697109e+02  -1.13393879e-03
   3.45697598e+02  -2.80712708e-03
   3.45698086e+02  -2.40878272e-03
   3.45698574e+02  -1.08236680e-03
   3.45699063e+02  -9.49655368e-04
   3.45699551e+02   1.23409904e-04
   3.45700039e+02   1.32507412e-03
   3.45700527e+02   1.66842062e-03
   3.45701016e+02   1.85796455e-03
   3.45701504e+02   1.20869814e-03
   3.45701992e+02  -8.98053229e-04
   3.45702481e+02  -2.29801284e-03
   3.45702969e+02  -2.37472751e-03
   3.45703457e+02  -2.64931680e-03
   3.45703946e+02  -2.11095461e-03
   3.45704434e+02  -7.48749590e-04
   3.45704922e+02  -6.31881005e-04
   3.45705411e+02  -5.79020125e-04
   3.45705899e+02   2.84558628e-04
   3.45706387e+02   3.67558416e-04
   3.45706875e+02  -1.25211047e-03
   3.45707364e+02  -2.39905226e-03
   3.45707852e+02  -1.99854095e-03
   3.45708340e+02  -8.47015006e-04
   3.45708829e+02  -1.73979450e-03
   3.45709317e+02  -2.71436269e-03
   3.45709805e+02  -3.45769949e-04
   3.45710294e+02   2.50235479e-03
   3.45710782e+02   3.94391548e-03
   3.45711270e+02   3.71898199e-03
   3.45711759e+02   2.62475049e-04
   3.45712247e+02  -2.78692949e-03
   3.45712735e+02  -2.60863849e-03
   3.45713223e+02  -1.71734090e-03
   3.45713712e+02  -1.16169313e-03
   3.45714200e+02  -8.21325448e-05
   3.45714688e+02   2.21174792e-03
   3.45715177e+02   3.55178514e-03
   3.45715665e+02   2.95090536e-03
   3.45716153e+02   2.84233037e-03
   3.45716642e+02   2.25705910e-03
   3.45717130e+02  -2.02175179e-05
   3.45717618e+02  -1.38358644e-03
   3.45718107e+02  -1.69167155e-03
   3.45718595e+02  -1.64192333e-03
   3.45719083e+02  -5.41629968e-04
   3.45719571e+02   1.91910472e-03
   3.45720060e+02   3.06667620e-03
   3.45720548e+02   1.01619156e-03
   3.45721036e+02   7.54251028e-04
   3.45721525e+02   2.20045587e-03
   3.45722013e+02   1.69842097e-03
   3.45722501e+02   1.42115226e-03
   3.45722990e+02   2.06575799e-03
   3.45723478e+02   1.89136248e-03
   3.45723966e+02   1.93240773e-03
   3.45724455e+02   1.50659762e-03
   3.45724943e+02  -1.55268863e-04
   3.45725431e+02  -1.95441698e-03
   3.45725920e+02  -2.17723520e-03
   3.45726408e+02   5.28424862e-04
   3.45726896e+02   1.46504282e-03
   3.45727384e+02   2.53683429e-05
   3.45727873e+02   2.13650893e-03
   3.45728361e+02   2.95032910e-03
   3.45728849e+02  -9.97585812e-05
   3.45729338e+02  -1.15434173e-03
   3.45729826e+02  -8.79569197e-05
   3.45730314e+02   5.91783319e-04
   3.45730803e+02   3.02966859e-04
   3.45731291e+02  -2.46578747e-06
   3.45731779e+02   1.07607979e-03
   3.45732268e+02   1.93480251e-03
   3.45732756e+02   4.28790663e-04
   3.45733244e+02  -1.02811691e-03
   3.45733732e+02  -1.71889347e-04
   3.45734221e+02   2.23770645e-03
   3.45734709e+02   4.46733786e-03
   3.45735197e+02   3.36083374e-03
   3.45735686e+02   2.94228696e-04
   3.45736174e+02  -8.13053804e-04
   3.45736662e+02  -1.44757715e-03
   3.45737151e+02  -2.18313234e-03
   3.45737639e+02  -1.63020042e-03
   3.45738127e+02  -1.57185167e-03
   3.45738616e+02  -1.48163247e-03
   3.45739104e+02   1.00480022e-04
   3.45739592e+02   1.31474901e-03
   3.45740080e+02   8.06598226e-04
   3.45740569e+02   3.51955125e-04
   3.45741057e+02   2.62621790e-04
   3.45741545e+02   1.80698233e-04
   3.45742034e+02   9.84027516e-04
   3.45742522e+02   1.79907121e-03
   3.45743010e+02   1.47419807e-03
   3.45743499e+02   2.75910716e-04
   3.45743987e+02   6.46006374e-04
   3.45744475e+02   1.61107024e-03
   3.45744964e+02  -1.01381433e-04
   3.45745452e+02  -1.19584776e-03
   3.45745940e+02  -2.01078423e-04
   3.45746428e+02  -4.51459491e-04
   3.45746917e+02  -7.81745941e-04
   3.45747405e+02   1.00095873e-03
   3.45747893e+02   2.50273920e-03
   3.45748382e+02   2.52112211e-03
   3.45748870e+02   2.90133827e-03
   3.45749358e+02   1.14423002e-03
   3.45749847e+02  -1.46136619e-03
   3.45750335e+02  -5.83381974e-04
   3.45750823e+02   4.70855128e-04
   3.45751312e+02  -6.61216385e-04
   3.45751800e+02  -2.43898272e-03
   3.45752288e+02  -2.24163802e-03
   3.45752776e+02   4.35376249e-04
   3.45753265e+02   1.44520681e-03
   3.45753753e+02   2.02067618e-04
   3.45754241e+02  -2.63427850e-04
   3.45754730e+02   2.29647252e-04
   3.45755218e+02  -9.77639342e-04
   3.45755706e+02  -2.78487080e-03
   3.45756195e+02  -2.02475209e-03
   3.45756683e+02  -1.17851203e-04
   3.45757171e+02   2.27287441e-04
   3.45757660e+02   6.87603781e-04
   3.45758148e+02   2.37208186e-03
   3.45758636e+02   2.02475744e-03
   3.45759124e+02  -3.45458138e-05
   3.45759613e+02  -7.51263753e-04
   3.45760101e+02  -8.56956409e-04
   3.45760589e+02  -2.91255489e-03
   3.45761078e+02  -3.95373860e-03
   3.45761566e+02  -1.20638935e-04
   3.45762054e+02   2.77250865e-03
   3.45762543e+02   1.04991440e-03
   3.45763031e+02   7.00442004e-04
   3.45763519e+02   2.32411642e-03
   3.45764008e+02   1.72312185e-03
   3.45764496e+02  -5.19221881e-04
   3.45764984e+02  -1.33502053e-03
   3.45765473e+02  -1.06963993e-03
   3.45765961e+02   3.85740568e-04
   3.45766449e+02   2.75913184e-03
   3.45766937e+02   1.76185253e-03
   3.45767426e+02  -1.27730775e-03
   3.45767914e+02  -5.89249190e-04
   3.45768402e+02   9.32498311e-04
   3.45768891e+02  -2.36805310e-04
   3.45769379e+02  -3.14653356e-04
   3.45769867e+02   1.80956582e-03
   3.45770356e+02   2.62969942e-03
   3.45770844e+02   1.90782628e-03
   3.45771332e+02   1.55187896e-04
   3.45771821e+02   6.80364246e-05
   3.45772309e+02   1.57113327e-03
   3.45772797e+02  -1.01332444e-06
   3.45773285e+02  -2.04959908e-03
   3.45773774e+02  -1.76855386e-03
   3.45774262e+02  -1.67111494e-03
   3.45774750e+02  -2.06088484e-03
   3.45775239e+02  -1.79746799e-04
   3.45775727e+02   1.22747431e-03
   3.45776215e+02   7.40956457e-04
   3.45776704e+02   1.00564200e-03
   3.45777192e+02   7.23685720e-04
   3.45777680e+02   1.79917042e-04
   3.45778169e+02   2.62549683e-03
   3.45778657e+02   3.20140366e-03
   3.45779145e+02   2.43361224e-04
   3.45779633e+02  -4.97580331e-04
   3.45780122e+02   1.32207165e-03
   3.45780610e+02   2.92566814e-03
   3.45781098e+02   1.92511769e-03
   3.45781587e+02  -3.92690679e-04
   3.45782075e+02  -1.66957686e-03
   3.45782563e+02  -1.58162403e-03
   3.45783052e+02  -4.91378480e-04
   3.45783540e+02  -1.13397988e-03
   3.45784028e+02  -1.87640742e-03
   3.45784517e+02  -7.46539328e-04
   3.45785005e+02   4.02639445e-04
   3.45785493e+02  -3.78781027e-04
   3.45785981e+02  -2.15240242e-03
   3.45786470e+02  -1.32159982e-03
   3.45786958e+02   1.34859176e-03
   3.45787446e+02   2.83350027e-03
   3.45787935e+02   3.11388983e-03
   3.45788423e+02   1.87039142e-03
   3.45788911e+02  -1.09389704e-03
   3.45789400e+02  -3.05500906e-03
   3.45789888e+02  -1.82754186e-03
   3.45790376e+02  -7.99306654e-05
   3.45790865e+02   3.21538013e-04
   3.45791353e+02  -6.70165697e-04
   3.45791841e+02  -1.62188080e-03
   3.45792329e+02  -1.83166284e-03
   3.45792818e+02  -1.55794236e-03
   3.45793306e+02  -8.46980023e-04
   3.45793794e+02  -5.59780572e-04
   3.45794283e+02  -9.46570362e-04
   3.45794771e+02  -2.17055553e-03
   3.45795259e+02  -3.82409291e-03
   3.45795748e+02  -4.29596659e-03
   3.45796236e+02  -2.32634949e-03
   3.45796724e+02   1.99851085e-04
   3.45797213e+02   4.61588032e-04
   3.45797701e+02   1.36980554e-04
   3.45798189e+02   1.06531463e-03
   3.45798677e+02   6.71029440e-04
   3.45799166e+02  -8.20311951e-04
   3.45799654e+02  -1.52109377e-03
   3.45800142e+02   3.37527454e-04
   3.45800631e+02   1.63604668e-03
   3.45801119e+02   2.99344683e-04
   3.45801607e+02   3.02826869e-04
   3.45802096e+02   2.17283657e-03
   3.45802584e+02   1.61462778e-03
   3.45803072e+02   1.94496461e-04
   3.45803561e+02   4.22202400e-04
   3.45804049e+02  -2.16051494e-03
   3.45804537e+02  -4.94457036e-03
   3.45805026e+02  -2.22916901e-03
   3.45805514e+02   2.70496542e-03
   3.45806002e+02   2.55155913e-03
   3.45806490e+02  -1.56969065e-03
   3.45806979e+02  -2.58715008e-03
   3.45807467e+02  -9.54697316e-04
   3.45807955e+02  -1.23698148e-03
   3.45808444e+02  -3.45433736e-03
   3.45808932e+02  -3.52836144e-03
   3.45809420e+02  -2.87836720e-03
   3.45809909e+02  -2.54142843e-03
   3.45810397e+02   1.18277698e-04
   3.45810885e+02   1.86883775e-03
   3.45811374e+02  -3.14383360e-04
   3.45811862e+02  -2.45065195e-03
   3.45812350e+02  -2.33394559e-03
   3.45812838e+02  -1.48226973e-03
   3.45813327e+02  -8.68253410e-04
   3.45813815e+02  -2.03136748e-04
   3.45814303e+02   1.72607345e-03
   3.45814792e+02   1.42310257e-03
   3.45815280e+02  -3.30296392e-03
   3.45815768e+02  -4.45847679e-03
   3.45816257e+02  -1.39710098e-03
   3.45816745e+02  -7.79293186e-04
   3.45817233e+02  -2.02930090e-03
   3.45817722e+02  -1.15437002e-03
   3.45818210e+02  -6.84493803e-04
   3.45818698e+02  -3.33347963e-03
   3.45819186e+02  -3.49709648e-03
   3.45819675e+02  -9.75037838e-05
   3.45820163e+02   1.78122392e-03
   3.45820651e+02   2.39589647e-03
   3.45821140e+02   3.01066041e-03
   3.45821628e+02   1.81239459e-03
   3.45822116e+02  -1.27643440e-03
   3.45822605e+02  -1.44137186e-03
