frequency (GHz), flux (Jy/beam)
   3.43899310e+02   5.58600237e-04
   3.43899798e+02  -5.11591265e-04
   3.43900286e+02  -1.78635307e-03
   3.43900774e+02  -1.28666381e-03
   3.43901263e+02  -3.30497045e-04
   3.43901751e+02  -9.43453284e-04
   3.43902239e+02  -1.72268040e-03
   3.43902728e+02  -1.46129879e-03
   3.43903216e+02  -9.77346790e-04
   3.43903704e+02  -1.29537447e-03
   3.43904193e+02  -1.44817913e-03
   3.43904681e+02   8.96753045e-04
   3.43905169e+02   1.64289388e-03
   3.43905658e+02  -2.10204464e-03
   3.43906146e+02  -4.05582273e-03
   3.43906634e+02  -1.77926058e-03
   3.43907122e+02   2.39034824e-04
   3.43907611e+02   1.98321533e-03
   3.43908099e+02   2.98113469e-03
   3.43908587e+02   1.78349763e-03
   3.43909076e+02   2.06552912e-03
   3.43909564e+02   3.56554100e-03
   3.43910052e+02   3.03993933e-03
   3.43910541e+02   2.38654763e-03
   3.43911029e+02   1.96875283e-03
   3.43911517e+02   5.91371208e-04
   3.43912006e+02  -1.67772669e-04
   3.43912494e+02  -4.91924875e-04
   3.43912982e+02  -1.32039364e-03
   3.43913470e+02  -1.36524392e-03
   3.43913959e+02  -3.29792209e-04
   3.43914447e+02  -1.75615842e-03
   3.43914935e+02  -2.42712209e-03
   3.43915424e+02   6.58620789e-04
   3.43915912e+02   2.81527312e-03
   3.43916400e+02   2.07478972e-03
   3.43916889e+02   1.05491199e-03
   3.43917377e+02   2.56907055e-03
   3.43917865e+02   3.63783678e-03
   3.43918354e+02   2.40747561e-03
   3.43918842e+02   3.44669353e-03
   3.43919330e+02   7.42911547e-03
   3.43919818e+02   8.87330901e-03
   3.43920307e+02   1.16845658e-02
   3.43920795e+02   1.39049599e-02
   3.43921283e+02   1.01300739e-02
   3.43921772e+02   6.73475442e-03
   3.43922260e+02   7.13125477e-03
   3.43922748e+02   7.95857515e-03
   3.43923237e+02   3.90749797e-03
   3.43923725e+02   8.73190584e-04
   3.43924213e+02   3.62332095e-04
   3.43924702e+02  -6.63956860e-04
   3.43925190e+02  -6.13815500e-04
   3.43925678e+02  -5.32673672e-04
   3.43926166e+02  -1.49630720e-03
   3.43926655e+02  -2.20066475e-04
   3.43927143e+02   1.90729171e-03
   3.43927631e+02   9.30103357e-04
   3.43928120e+02  -1.18540274e-03
   3.43928608e+02  -4.70335217e-04
   3.43929096e+02  -1.85362544e-04
   3.43929585e+02   1.18869895e-04
   3.43930073e+02   2.41929968e-03
   3.43930561e+02   2.59368587e-03
   3.43931050e+02   8.33414553e-04
   3.43931538e+02   1.19544857e-03
   3.43932026e+02   1.72962924e-03
   3.43932514e+02   1.10426114e-03
   3.43933003e+02   5.00727969e-04
   3.43933491e+02   8.04939831e-04
   3.43933979e+02   2.32442538e-03
   3.43934468e+02   3.73225426e-03
   3.43934956e+02   2.71774433e-03
   3.43935444e+02   5.49942662e-04
   3.43935933e+02  -8.12796643e-04
   3.43936421e+02   9.82674101e-05
   3.43936909e+02   2.55444855e-03
   3.43937398e+02   2.45200866e-03
   3.43937886e+02   1.04570901e-03
   3.43938374e+02   1.56827387e-04
   3.43938863e+02  -1.34287833e-03
   3.43939351e+02  -1.79854769e-03
   3.43939839e+02  -1.20633550e-03
   3.43940327e+02   1.07793137e-03
   3.43940816e+02   3.17934016e-03
   3.43941304e+02   1.16641144e-03
   3.43941792e+02  -6.12034986e-04
   3.43942281e+02  -2.75257480e-04
   3.43942769e+02  -1.38733210e-03
   3.43943257e+02  -3.02239624e-03
   3.43943746e+02  -4.65603778e-03
   3.43944234e+02  -3.20701371e-03
   3.43944722e+02  -8.42971320e-04
   3.43945211e+02  -3.69486772e-03
   3.43945699e+02  -5.91669045e-03
   3.43946187e+02  -2.85773724e-03
   3.43946675e+02  -6.89568347e-04
   3.43947164e+02  -8.79171072e-04
   3.43947652e+02  -1.59880042e-03
   3.43948140e+02  -1.77067344e-03
   3.43948629e+02  -1.18799559e-04
   3.43949117e+02   9.65123298e-04
   3.43949605e+02   3.40747094e-04
   3.43950094e+02   9.62244521e-04
   3.43950582e+02   2.27599847e-03
   3.43951070e+02   2.19501951e-03
   3.43951559e+02   2.54763290e-03
   3.43952047e+02   2.52160872e-03
   3.43952535e+02   1.51423085e-03
   3.43953023e+02   4.33017529e-04
   3.43953512e+02  -7.96525739e-04
   3.43954000e+02  -5.22324175e-04
   3.43954488e+02   1.18699318e-04
   3.43954977e+02   2.49679986e-04
   3.43955465e+02   5.32526581e-04
   3.43955953e+02  -1.77686132e-04
   3.43956442e+02  -5.20427770e-04
   3.43956930e+02  -7.00448814e-04
   3.43957418e+02  -4.58353781e-04
   3.43957907e+02  -1.59495394e-03
   3.43958395e+02  -1.06768834e-03
   3.43958883e+02  -4.36963339e-04
   3.43959371e+02  -1.44338119e-03
   3.43959860e+02  -1.05533516e-03
   3.43960348e+02   2.11812585e-05
   3.43960836e+02  -5.35301748e-04
   3.43961325e+02  -1.00646215e-03
   3.43961813e+02   2.03741205e-04
   3.43962301e+02   2.47893762e-03
   3.43962790e+02   3.08387494e-03
   3.43963278e+02   1.80311932e-03
   3.43963766e+02   2.13738508e-03
   3.43964255e+02   3.85046075e-03
   3.43964743e+02   5.61978295e-03
   3.43965231e+02   7.43661448e-03
   3.43965719e+02   8.22983868e-03
   3.43966208e+02   6.01991406e-03
   3.43966696e+02   4.04528202e-03
   3.43967184e+02   4.01876401e-03
   3.43967673e+02   3.95813212e-03
   3.43968161e+02   3.73707130e-03
   3.43968649e+02   2.60307663e-03
   3.43969138e+02   1.60744449e-03
   3.43969626e+02   6.34306518e-04
   3.43970114e+02  -6.16247198e-05
   3.43970603e+02   4.59151022e-04
   3.43971091e+02  -6.94174261e-04
   3.43971579e+02  -2.43601785e-03
   3.43972067e+02  -2.63645709e-03
   3.43972556e+02  -2.05169222e-03
   3.43973044e+02  -2.27657752e-03
   3.43973532e+02  -3.57001624e-03
   3.43974021e+02  -2.61736265e-03
   3.43974509e+02  -1.84714154e-04
   3.43974997e+02  -1.57474147e-04
   3.43975486e+02  -1.53844676e-03
   3.43975974e+02  -1.57638546e-03
   3.43976462e+02  -2.82353139e-04
   3.43976951e+02   1.91315721e-05
   3.43977439e+02  -1.80161587e-04
   3.43977927e+02   1.70873696e-04
   3.43978416e+02   1.01059512e-03
   3.43978904e+02   2.13858276e-03
   3.43979392e+02   1.48911506e-03
   3.43979880e+02   5.31544036e-04
   3.43980369e+02   7.82803167e-04
   3.43980857e+02   1.73936458e-03
   3.43981345e+02   9.87187494e-04
   3.43981834e+02  -9.30751150e-04
   3.43982322e+02  -1.67300960e-03
   3.43982810e+02  -1.49427587e-03
   3.43983299e+02  -2.43463364e-04
   3.43983787e+02   3.47120862e-04
   3.43984275e+02   4.05699888e-04
   3.43984764e+02   6.69203873e-05
   3.43985252e+02  -5.43940660e-05
   3.43985740e+02  -9.50962567e-05
   3.43986228e+02   9.44545682e-05
   3.43986717e+02   1.80447369e-03
   3.43987205e+02   2.02074717e-03
   3.43987693e+02  -1.32758601e-03
   3.43988182e+02  -4.47370205e-03
   3.43988670e+02  -3.14176781e-03
   3.43989158e+02  -1.32627354e-03
   3.43989647e+02  -5.05610769e-05
   3.43990135e+02   2.09071278e-03
   3.43990623e+02   1.14475924e-03
   3.43991112e+02  -1.39858329e-03
   3.43991600e+02  -2.15331418e-03
   3.43992088e+02  -1.69642176e-03
   3.43992576e+02  -1.13496569e-03
   3.43993065e+02  -8.54606333e-04
   3.43993553e+02  -7.35969807e-04
   3.43994041e+02   6.94660470e-04
   3.43994530e+02   1.50611158e-03
   3.43995018e+02   4.92242689e-04
   3.43995506e+02  -1.18387630e-03
   3.43995995e+02   3.33785691e-04
   3.43996483e+02   4.50553279e-03
   3.43996971e+02   4.67383489e-03
   3.43997460e+02   1.38410053e-03
   3.43997948e+02  -2.53340171e-04
   3.43998436e+02   3.05187219e-04
   3.43998924e+02   3.30627337e-03
   3.43999413e+02   4.80873510e-03
   3.43999901e+02   2.11650110e-03
   3.44000389e+02  -4.06165171e-04
   3.44000878e+02  -6.27229456e-04
   3.44001366e+02   5.96786151e-04
   3.44001854e+02  -1.44129561e-04
   3.44002343e+02  -1.48135843e-03
   3.44002831e+02  -6.47327979e-04
   3.44003319e+02  -9.27071029e-04
   3.44003808e+02  -2.27634981e-03
   3.44004296e+02  -1.36979087e-03
   3.44004784e+02   4.96635155e-04
   3.44005272e+02   1.36846816e-03
   3.44005761e+02   1.30183657e-03
   3.44006249e+02   1.41657671e-04
   3.44006737e+02  -8.62232002e-04
   3.44007226e+02  -5.87963092e-04
   3.44007714e+02  -2.02228504e-04
   3.44008202e+02  -8.33976199e-04
   3.44008691e+02  -5.88872877e-04
   3.44009179e+02  -4.83890399e-05
   3.44009667e+02   1.64246291e-03
   3.44010156e+02   3.12432693e-03
   3.44010644e+02   2.14067427e-03
   3.44011132e+02   2.42049876e-03
   3.44011620e+02   1.65308139e-03
   3.44012109e+02  -1.25779037e-03
   3.44012597e+02  -8.26771604e-04
   3.44013085e+02   1.21385488e-03
   3.44013574e+02   6.85920240e-04
   3.44014062e+02  -1.49166607e-03
   3.44014550e+02  -1.52745121e-03
   3.44015039e+02  -1.77758490e-03
   3.44015527e+02  -1.48263550e-03
   3.44016015e+02  -2.81127333e-03
   3.44016504e+02  -2.62032752e-03
   3.44016992e+02   2.29348370e-04
   3.44017480e+02   1.50916493e-03
   3.44017969e+02   1.61513872e-03
   3.44018457e+02   1.08452269e-03
   3.44018945e+02  -4.06228210e-04
   3.44019433e+02  -4.92038671e-04
   3.44019922e+02   1.03755784e-03
   3.44020410e+02   2.38557602e-03
   3.44020898e+02   2.93945987e-03
   3.44021387e+02   2.09407508e-03
   3.44021875e+02   9.72723647e-04
   3.44022363e+02   5.07910794e-04
   3.44022852e+02   5.39830886e-04
   3.44023340e+02   8.63037712e-04
   3.44023828e+02   2.88574141e-03
   3.44024317e+02   5.20934816e-03
   3.44024805e+02   5.41141955e-03
   3.44025293e+02   5.71401743e-03
   3.44025781e+02   8.75434000e-03
   3.44026270e+02   1.08377244e-02
   3.44026758e+02   1.31007144e-02
   3.44027246e+02   1.81934685e-02
   3.44027735e+02   2.34677307e-02
   3.44028223e+02   2.55665090e-02
   3.44028711e+02   2.96617113e-02
   3.44029200e+02   3.75558250e-02
   3.44029688e+02   4.81895506e-02
   3.44030176e+02   5.90192229e-02
   3.44030665e+02   6.52080253e-02
   3.44031153e+02   7.01826811e-02
   3.44031641e+02   7.59138092e-02
   3.44032129e+02   7.83294737e-02
   3.44032618e+02   7.12863132e-02
   3.44033106e+02   5.56537211e-02
   3.44033594e+02   3.97991799e-02
   3.44034083e+02   2.90328320e-02
   3.44034571e+02   2.22280212e-02
   3.44035059e+02   1.56952031e-02
   3.44035548e+02   9.94157139e-03
   3.44036036e+02   8.25966708e-03
   3.44036524e+02   6.04832545e-03
   3.44037013e+02   2.44914554e-03
   3.44037501e+02   2.40600412e-03
   3.44037989e+02   4.38706344e-03
   3.44038477e+02   3.75907030e-03
   3.44038966e+02   2.05532275e-03
   3.44039454e+02   1.76452321e-03
   3.44039942e+02   2.69224029e-03
   3.44040431e+02   3.33737209e-03
   3.44040919e+02   2.57856678e-03
   3.44041407e+02   7.50852574e-04
   3.44041896e+02   2.05359946e-04
   3.44042384e+02   8.81821034e-04
   3.44042872e+02   1.14599825e-03
   3.44043361e+02   3.34149488e-04
   3.44043849e+02  -1.00481766e-03
   3.44044337e+02  -2.06140522e-03
   3.44044825e+02  -1.61768938e-03
   3.44045314e+02  -7.80482602e-04
   3.44045802e+02  -9.91390320e-04
   3.44046290e+02  -1.83455378e-03
   3.44046779e+02  -3.60949640e-03
   3.44047267e+02  -2.95099826e-03
   3.44047755e+02   6.64050342e-04
   3.44048244e+02   1.94798410e-03
   3.44048732e+02   1.02548685e-03
   3.44049220e+02   1.11440755e-03
   3.44049709e+02   1.65172853e-04
   3.44050197e+02  -2.29377905e-03
   3.44050685e+02  -3.65457009e-03
   3.44051173e+02  -1.39230187e-03
   3.44051662e+02   2.25153007e-03
   3.44052150e+02   2.16209376e-03
   3.44052638e+02  -1.79906352e-03
   3.44053127e+02  -5.01879258e-03
   3.44053615e+02  -4.04878939e-03
   3.44054103e+02  -1.85458700e-03
   3.44054592e+02  -1.04039349e-03
   3.44055080e+02  -4.82996023e-04
   3.44055568e+02  -1.85344383e-04
   3.44056057e+02  -3.44281754e-04
   3.44056545e+02  -1.00434793e-03
   3.44057033e+02  -8.56395345e-04
   3.44057522e+02   1.60244817e-03
   3.44058010e+02   2.00064341e-03
   3.44058498e+02  -1.60374818e-03
   3.44058986e+02  -2.92571099e-03
   3.44059475e+02  -9.32435796e-04
   3.44059963e+02   1.84209645e-03
   3.44060451e+02   3.46917473e-03
   3.44060940e+02   1.42584171e-03
   3.44061428e+02  -1.41626236e-03
   3.44061916e+02  -2.15313770e-03
   3.44062405e+02  -1.09132915e-03
   3.44062893e+02   5.74999372e-04
   3.44063381e+02   1.08354368e-04
   3.44063870e+02  -6.54059229e-04
   3.44064358e+02   1.17730710e-03
   3.44064846e+02   2.91223289e-03
   3.44065334e+02   1.48284319e-03
   3.44065823e+02   4.99824120e-04
   3.44066311e+02   9.03560605e-04
   3.44066799e+02   1.49723585e-03
   3.44067288e+02   2.23089824e-03
   3.44067776e+02   1.03945029e-03
   3.44068264e+02  -4.62377327e-04
   3.44068753e+02   3.72212264e-04
   3.44069241e+02   8.05248565e-04
   3.44069729e+02  -9.71194531e-04
   3.44070218e+02  -1.65339140e-03
   3.44070706e+02  -6.68029999e-04
   3.44071194e+02   1.13434216e-03
   3.44071682e+02   2.48895842e-03
   3.44072171e+02   1.39318185e-03
   3.44072659e+02   1.07415042e-04
   3.44073147e+02   8.30131350e-04
   3.44073636e+02   7.89502927e-04
   3.44074124e+02   1.05546683e-03
   3.44074612e+02   2.32245983e-03
   3.44075101e+02   1.28846266e-03
   3.44075589e+02  -2.20808346e-04
   3.44076077e+02  -8.29513825e-04
   3.44076566e+02   5.60295419e-04
   3.44077054e+02   2.46224576e-03
   3.44077542e+02   1.81174604e-03
   3.44078030e+02   1.07286278e-05
   3.44078519e+02  -1.56523741e-03
   3.44079007e+02  -5.70856151e-04
   3.44079495e+02   2.39935704e-03
   3.44079984e+02   2.29943986e-03
   3.44080472e+02   1.26456667e-04
   3.44080960e+02   1.56919967e-04
   3.44081449e+02   9.61448124e-04
   3.44081937e+02   2.94228194e-05
   3.44082425e+02  -1.56269514e-03
   3.44082914e+02  -1.52538344e-03
   3.44083402e+02  -1.38538991e-04
   3.44083890e+02  -4.59560571e-04
   3.44084378e+02  -2.09078658e-03
   3.44084867e+02  -2.11363751e-03
   3.44085355e+02  -1.99352088e-03
   3.44085843e+02  -1.90153415e-03
   3.44086332e+02   7.32071931e-05
   3.44086820e+02   9.10361006e-04
   3.44087308e+02   7.00862365e-05
   3.44087797e+02   2.33126912e-06
   3.44088285e+02  -9.29082918e-04
   3.44088773e+02  -1.49437378e-03
   3.44089262e+02  -5.17706852e-04
   3.44089750e+02  -2.94873287e-04
   3.44090238e+02  -2.96215760e-04
   3.44090726e+02  -3.08999879e-04
   3.44091215e+02  -1.25257578e-03
   3.44091703e+02  -1.27350702e-03
   3.44092191e+02   5.52955666e-04
   3.44092680e+02   1.46401592e-03
   3.44093168e+02   1.56275619e-05
   3.44093656e+02  -5.70153876e-04
   3.44094145e+02   1.80089031e-04
   3.44094633e+02   1.04278122e-04
   3.44095121e+02   5.62396948e-04
   3.44095610e+02   2.40080268e-03
   3.44096098e+02   2.49615777e-03
   3.44096586e+02   4.95725253e-04
   3.44097075e+02   7.94990221e-04
   3.44097563e+02   4.07017162e-03
   3.44098051e+02   4.31296276e-03
   3.44098539e+02   3.85479536e-04
   3.44099028e+02  -1.22037984e-03
   3.44099516e+02   2.07432793e-04
   3.44100004e+02  -1.87923979e-05
   3.44100493e+02  -1.00515282e-03
   3.44100981e+02  -4.24846039e-05
   3.44101469e+02   1.79258618e-03
   3.44101958e+02   1.38566899e-03
   3.44102446e+02  -5.25501964e-04
   3.44102934e+02  -1.69364759e-03
   3.44103423e+02  -1.12388982e-03
   3.44103911e+02   1.18137791e-03
   3.44104399e+02   1.92304689e-03
   3.44104887e+02   8.66470800e-04
   3.44105376e+02  -7.37253635e-04
   3.44105864e+02  -2.72938982e-03
   3.44106352e+02  -1.70171738e-03
   3.44106841e+02   1.60440034e-03
   3.44107329e+02   2.23076297e-03
   3.44107817e+02   1.68615094e-04
   3.44108306e+02  -7.57742382e-04
   3.44108794e+02  -1.99286005e-04
   3.44109282e+02   6.80992205e-04
   3.44109771e+02   1.52323931e-03
   3.44110259e+02   1.69529661e-03
   3.44110747e+02   1.33495533e-03
   3.44111235e+02   1.27530342e-03
   3.44111724e+02   1.34690001e-03
   3.44112212e+02   6.55839045e-04
   3.44112700e+02   6.95946146e-05
   3.44113189e+02   6.81603618e-04
   3.44113677e+02   8.77375074e-04
   3.44114165e+02  -1.46051997e-03
   3.44114654e+02  -3.18344566e-03
   3.44115142e+02  -7.42703734e-04
   3.44115630e+02   2.54948088e-03
   3.44116119e+02   3.21536162e-03
   3.44116607e+02   2.58192979e-03
   3.44117095e+02   1.44878356e-03
   3.44117583e+02   5.14995947e-04
   3.44118072e+02  -6.55515527e-04
   3.44118560e+02  -1.85190036e-03
   3.44119048e+02  -2.99036456e-03
   3.44119537e+02  -3.12451366e-03
   3.44120025e+02  -4.59318428e-04
   3.44120513e+02   1.51413749e-03
   3.44121002e+02   6.03391090e-04
   3.44121490e+02  -2.77010316e-04
   3.44121978e+02  -5.82900771e-04
   3.44122467e+02   2.27294149e-04
   3.44122955e+02  -1.39529002e-04
   3.44123443e+02  -2.64684320e-03
   3.44123931e+02  -2.49474542e-03
   3.44124420e+02  -4.83763026e-04
   3.44124908e+02  -3.22946173e-04
   3.44125396e+02  -1.16812659e-03
   3.44125885e+02  -5.65781025e-04
   3.44126373e+02  -1.20735473e-04
   3.44126861e+02  -8.88317532e-04
   3.44127350e+02  -1.52134709e-03
   3.44127838e+02  -1.96567900e-03
   3.44128326e+02  -1.27269642e-03
   3.44128815e+02   7.47534970e-04
   3.44129303e+02   8.25099647e-04
   3.44129791e+02  -9.74131282e-04
   3.44130279e+02  -5.95897960e-04
   3.44130768e+02   1.34652026e-03
   3.44131256e+02   1.79426966e-03
   3.44131744e+02  -3.44085041e-04
   3.44132233e+02  -1.69999083e-03
   3.44132721e+02  -1.74901786e-03
   3.44133209e+02  -8.10027122e-04
   3.44133698e+02  -1.54557012e-04
   3.44134186e+02  -8.13422957e-05
   3.44134674e+02  -7.50773237e-04
   3.44135163e+02   2.84954993e-04
   3.44135651e+02   2.87299603e-03
   3.44136139e+02   2.56386446e-03
   3.44136628e+02   1.69538555e-03
   3.44137116e+02   3.25231696e-03
   3.44137604e+02   3.95015860e-03
   3.44138092e+02   1.64270098e-03
   3.44138581e+02   8.21515976e-04
   3.44139069e+02   9.84854181e-04
   3.44139557e+02  -1.22745044e-03
   3.44140046e+02  -2.27450207e-03
   3.44140534e+02  -9.41437611e-04
   3.44141022e+02  -9.96132003e-05
   3.44141511e+02  -3.07497452e-04
   3.44141999e+02  -9.03087144e-04
   3.44142487e+02   1.26409359e-04
   3.44142976e+02   8.86293594e-04
   3.44143464e+02  -7.78249989e-04
   3.44143952e+02  -1.00724597e-03
   3.44144440e+02   1.44489983e-04
   3.44144929e+02   4.08516091e-04
   3.44145417e+02   1.68749670e-04
   3.44145905e+02   6.96509320e-04
   3.44146394e+02   2.45109550e-03
   3.44146882e+02   2.54697422e-03
   3.44147370e+02   1.11934461e-03
   3.44147859e+02   3.27244161e-05
   3.44148347e+02  -3.17218568e-04
   3.44148835e+02   8.63886147e-04
   3.44149324e+02   2.43862811e-03
   3.44149812e+02   2.19293358e-03
   3.44150300e+02   7.52302585e-04
   3.44150788e+02  -9.84033570e-04
   3.44151277e+02  -1.81774690e-03
   3.44151765e+02  -7.31243985e-04
   3.44152253e+02   2.47673178e-03
   3.44152742e+02   4.13248781e-03
   3.44153230e+02   1.19037600e-03
   3.44153718e+02   1.08869273e-04
   3.44154207e+02   2.06429325e-03
   3.44154695e+02   2.34942278e-03
   3.44155183e+02   1.97892659e-03
   3.44155672e+02   1.92740106e-03
   3.44156160e+02   1.93552347e-03
   3.44156648e+02   1.07836467e-03
   3.44157136e+02   6.42032654e-04
   3.44157625e+02   7.25542195e-04
   3.44158113e+02   1.48706386e-04
   3.44158601e+02  -1.08078844e-03
   3.44159090e+02  -2.43612030e-03
   3.44159578e+02  -2.91156722e-03
   3.44160066e+02  -2.31397967e-03
   3.44160555e+02  -1.71301758e-03
   3.44161043e+02  -1.88555266e-03
   3.44161531e+02  -1.53497932e-03
   3.44162020e+02  -1.49484622e-04
   3.44162508e+02   9.56069503e-04
   3.44162996e+02  -5.06064680e-05
   3.44163484e+02  -1.60770898e-03
   3.44163973e+02  -1.27564371e-03
   3.44164461e+02  -3.55939992e-04
   3.44164949e+02  -1.69259292e-05
   3.44165438e+02   3.37282079e-04
   3.44165926e+02   4.28560306e-04
   3.44166414e+02   1.31751515e-03
   3.44166903e+02   2.03043781e-03
   3.44167391e+02   2.78986222e-03
   3.44167879e+02   3.38861952e-03
   3.44168368e+02   2.05284473e-03
   3.44168856e+02   1.07659085e-03
   3.44169344e+02   2.16061762e-03
   3.44169832e+02   2.47216853e-03
   3.44170321e+02  -4.64806129e-04
   3.44170809e+02  -4.07849951e-03
   3.44171297e+02  -4.56726504e-03
   3.44171786e+02  -2.23645684e-03
   3.44172274e+02  -2.52982834e-04
   3.44172762e+02  -2.02855765e-04
   3.44173251e+02  -1.96101796e-03
   3.44173739e+02  -3.32085951e-03
   3.44174227e+02  -2.50465819e-03
   3.44174716e+02  -1.91249920e-03
   3.44175204e+02  -1.73610123e-03
   3.44175692e+02  -1.38569856e-03
   3.44176181e+02  -5.45864867e-04
   3.44176669e+02   9.88838496e-04
   3.44177157e+02   2.67563760e-03
   3.44177645e+02   2.02792441e-03
   3.44178134e+02   2.16050859e-04
   3.44178622e+02   1.18740008e-03
   3.44179110e+02   2.86180060e-03
   3.44179599e+02   1.24663266e-03
   3.44180087e+02  -2.14295741e-03
   3.44180575e+02  -2.60173902e-03
   3.44181064e+02  -3.87560758e-05
   3.44181552e+02   4.55576694e-04
   3.44182040e+02  -2.93231733e-05
   3.44182529e+02   5.44628943e-04
   3.44183017e+02   1.40031788e-03
   3.44183505e+02   1.35341811e-03
   3.44183993e+02   8.85726040e-05
   3.44184482e+02  -1.99680668e-04
   3.44184970e+02   6.76343974e-04
   3.44185458e+02   1.36578386e-03
   3.44185947e+02   1.28542108e-03
   3.44186435e+02  -8.25380965e-04
   3.44186923e+02  -1.89975090e-03
   3.44187412e+02  -1.39856874e-03
   3.44187900e+02  -1.41102262e-03
   3.44188388e+02  -8.25725496e-04
   3.44188877e+02  -5.99461782e-04
   3.44189365e+02  -1.74123375e-03
   3.44189853e+02  -1.29546912e-03
   3.44190341e+02   2.89184245e-04
   3.44190830e+02  -1.41965947e-03
   3.44191318e+02  -2.96850898e-03
   3.44191806e+02  -1.94534683e-03
   3.44192295e+02   2.01447075e-03
   3.44192783e+02   3.88854300e-03
   3.44193271e+02   2.30857870e-03
   3.44193760e+02   1.04543020e-03
   3.44194248e+02  -1.24556920e-03
   3.44194736e+02  -2.94994563e-03
   3.44195225e+02  -1.19269395e-03
   3.44195713e+02   8.07339602e-05
   3.44196201e+02   5.93864534e-04
   3.44196689e+02   1.18735491e-03
   3.44197178e+02   7.57221249e-04
   3.44197666e+02   1.27630925e-03
   3.44198154e+02   3.03886761e-03
   3.44198643e+02   3.41904652e-03
   3.44199131e+02   8.02580209e-04
   3.44199619e+02  -2.40233191e-03
   3.44200108e+02  -2.61809560e-03
   3.44200596e+02  -8.85994756e-04
   3.44201084e+02  -8.18662302e-05
   3.44201573e+02   7.71843421e-04
   3.44202061e+02   5.88783238e-04
   3.44202549e+02  -1.54846499e-03
   3.44203037e+02  -9.58810851e-04
   3.44203526e+02   8.74676974e-04
   3.44204014e+02  -6.56942604e-04
   3.44204502e+02  -1.50100095e-03
   3.44204991e+02   9.27775516e-04
   3.44205479e+02   2.91628996e-03
   3.44205967e+02   2.14670808e-03
   3.44206456e+02  -9.28399240e-05
   3.44206944e+02  -1.06575526e-03
   3.44207432e+02  -4.89774277e-04
   3.44207921e+02   4.09496744e-04
   3.44208409e+02   9.39162681e-04
   3.44208897e+02   7.99613073e-04
   3.44209385e+02  -1.83088323e-05
   3.44209874e+02   5.49517863e-04
   3.44210362e+02   1.07235997e-03
   3.44210850e+02  -1.01270759e-03
   3.44211339e+02  -3.54151521e-03
   3.44211827e+02  -4.20522410e-03
   3.44212315e+02  -1.83970330e-03
   3.44212804e+02  -5.22855960e-04
   3.44213292e+02  -6.79624674e-04
   3.44213780e+02  -3.71608883e-04
   3.44214269e+02  -1.49656320e-03
   3.44214757e+02  -1.46178692e-03
   3.44215245e+02   8.90132913e-04
   3.44215734e+02   1.96701312e-03
   3.44216222e+02   2.08809250e-03
   3.44216710e+02   1.37961167e-03
   3.44217198e+02  -5.71450742e-04
   3.44217687e+02  -2.21488392e-03
   3.44218175e+02  -1.97159825e-03
   3.44218663e+02  -1.54754161e-04
   3.44219152e+02  -4.18577751e-04
   3.44219640e+02  -1.51934277e-03
   3.44220128e+02  -9.03272768e-04
   3.44220617e+02  -4.59732633e-04
   3.44221105e+02   7.15288392e-04
   3.44221593e+02   2.41128705e-03
   3.44222082e+02   1.92569674e-03
   3.44222570e+02   6.95742492e-04
   3.44223058e+02   6.40776416e-04
   3.44223546e+02  -3.39903374e-04
   3.44224035e+02  -8.91361502e-04
   3.44224523e+02   6.85520703e-04
   3.44225011e+02   6.06538786e-04
   3.44225500e+02  -1.00260915e-03
   3.44225988e+02  -1.75267726e-03
   3.44226476e+02  -1.09516026e-03
   3.44226965e+02  -3.13097771e-05
   3.44227453e+02  -1.01203402e-03
   3.44227941e+02  -1.85771659e-03
   3.44228430e+02  -2.89569166e-03
   3.44228918e+02  -3.87939531e-03
   3.44229406e+02  -2.64219521e-03
   3.44229894e+02  -2.78808735e-03
   3.44230383e+02  -4.04118653e-03
   3.44230871e+02  -3.00965994e-03
   3.44231359e+02  -1.02381536e-03
   3.44231848e+02  -6.82113634e-04
   3.44232336e+02  -5.73151570e-04
   3.44232824e+02  -4.05131344e-04
   3.44233313e+02  -8.53996782e-04
   3.44233801e+02  -3.01943073e-04
   3.44234289e+02   1.32732966e-03
   3.44234778e+02   5.86768321e-04
   3.44235266e+02  -9.04562650e-04
   3.44235754e+02   1.33972062e-04
   3.44236242e+02   1.50373089e-03
   3.44236731e+02   1.71988667e-03
   3.44237219e+02   1.23448297e-03
   3.44237707e+02   5.96443657e-04
   3.44238196e+02  -7.38557661e-04
   3.44238684e+02  -2.65493779e-03
   3.44239172e+02  -2.09383480e-03
   3.44239661e+02  -8.32304766e-04
   3.44240149e+02  -1.16647012e-03
   3.44240637e+02  -2.70913915e-05
   3.44241126e+02   1.63061940e-03
   3.44241614e+02   5.78467560e-04
   3.44242102e+02  -1.46791094e-03
   3.44242590e+02  -1.66147528e-03
   3.44243079e+02  -9.41376609e-04
   3.44243567e+02  -9.76111914e-04
   3.44244055e+02  -7.96301116e-04
   3.44244544e+02   1.58327876e-03
   3.44245032e+02   3.69525980e-03
   3.44245520e+02   4.12780046e-03
   3.44246009e+02   2.51883129e-03
   3.44246497e+02   5.77796774e-04
   3.44246985e+02   6.57829863e-04
   3.44247474e+02  -4.36196424e-04
   3.44247962e+02  -1.26102986e-03
   3.44248450e+02   1.12717587e-03
   3.44248938e+02   1.11443549e-03
   3.44249427e+02  -1.26292079e-03
   3.44249915e+02  -2.62667844e-03
   3.44250403e+02  -2.16792477e-03
   3.44250892e+02  -4.71386884e-04
   3.44251380e+02   4.22531331e-04
   3.44251868e+02   9.90306144e-04
   3.44252357e+02   1.79428433e-03
   3.44252845e+02   1.56584417e-03
   3.44253333e+02   9.46559885e-04
   3.44253822e+02   7.06546358e-04
   3.44254310e+02   1.40340300e-03
   3.44254798e+02   3.02321510e-03
   3.44255286e+02   2.40318617e-03
   3.44255775e+02  -1.26462232e-03
   3.44256263e+02  -3.71307880e-03
   3.44256751e+02  -2.47027911e-03
   3.44257240e+02  -5.08359808e-04
   3.44257728e+02   2.67903175e-04
   3.44258216e+02   1.56592182e-03
   3.44258705e+02   3.09672602e-03
   3.44259193e+02   3.11009702e-03
   3.44259681e+02   2.13365001e-03
   3.44260170e+02  -3.02293774e-04
   3.44260658e+02  -2.29992252e-03
   3.44261146e+02  -1.58486760e-03
   3.44261635e+02  -1.95066255e-04
   3.44262123e+02   4.14036476e-04
   3.44262611e+02   7.16396666e-04
   3.44263099e+02   1.39475788e-03
   3.44263588e+02   1.33924943e-03
   3.44264076e+02   4.48909646e-04
   3.44264564e+02   2.82671419e-04
   3.44265053e+02  -2.45220348e-04
   3.44265541e+02  -5.46220399e-04
   3.44266029e+02  -8.29891767e-04
   3.44266518e+02  -1.63291465e-03
   3.44267006e+02  -8.26349715e-04
   3.44267494e+02   5.69559925e-04
   3.44267983e+02  -4.50816558e-04
   3.44268471e+02  -1.54642400e-03
   3.44268959e+02  -1.10714580e-03
   3.44269447e+02  -1.27675373e-03
   3.44269936e+02  -9.97593743e-04
   3.44270424e+02  -4.70230851e-04
   3.44270912e+02   3.19352956e-04
   3.44271401e+02   1.90450216e-03
   3.44271889e+02   2.77427374e-03
   3.44272377e+02   2.99949083e-03
   3.44272866e+02   3.22931190e-03
   3.44273354e+02   1.67851686e-03
   3.44273842e+02  -2.55589519e-04
   3.44274331e+02   3.71408183e-04
   3.44274819e+02   3.63356987e-04
   3.44275307e+02   1.12754991e-04
   3.44275795e+02   8.05256423e-04
   3.44276284e+02  -5.37009328e-04
   3.44276772e+02  -1.81705621e-03
   3.44277260e+02  -8.88563809e-04
   3.44277749e+02  -6.61224010e-04
   3.44278237e+02  -6.42058556e-04
   3.44278725e+02   8.24156217e-04
   3.44279214e+02   2.57124222e-04
   3.44279702e+02  -2.32366961e-03
   3.44280190e+02  -4.10476280e-03
   3.44280679e+02  -4.38374607e-03
   3.44281167e+02  -2.78041908e-03
   3.44281655e+02  -2.13994092e-04
   3.44282143e+02   5.85065281e-04
   3.44282632e+02  -1.07475277e-03
   3.44283120e+02  -3.65125784e-03
   3.44283608e+02  -4.20642551e-03
   3.44284097e+02  -2.42369878e-03
   3.44284585e+02  -9.27985879e-04
   3.44285073e+02  -3.03958921e-04
   3.44285562e+02  -5.87070128e-04
   3.44286050e+02  -2.09453655e-03
   3.44286538e+02  -2.95559666e-03
   3.44287027e+02  -1.86181453e-03
   3.44287515e+02   7.09306798e-04
   3.44288003e+02   1.89046236e-03
   3.44288491e+02   1.30800565e-03
   3.44288980e+02   1.36997655e-03
   3.44289468e+02   1.34153443e-03
   3.44289956e+02   5.64534683e-04
   3.44290445e+02   2.77029932e-04
   3.44290933e+02   1.01274648e-03
   3.44291421e+02   2.49465765e-03
   3.44291910e+02   2.77142553e-03
   3.44292398e+02   1.34195446e-03
   3.44292886e+02  -8.50784709e-04
   3.44293375e+02  -8.10680736e-04
   3.44293863e+02  -1.74280707e-04
   3.44294351e+02  -1.97276333e-03
   3.44294839e+02  -2.28501833e-03
   3.44295328e+02   2.54748942e-04
   3.44295816e+02   1.35454780e-03
   3.44296304e+02   2.03154096e-03
   3.44296793e+02   2.73059704e-03
   3.44297281e+02   1.64427178e-03
   3.44297769e+02   1.54266378e-03
   3.44298258e+02   9.97898169e-04
   3.44298746e+02   5.21085440e-06
   3.44299234e+02   2.17739260e-03
   3.44299723e+02   5.09310188e-03
   3.44300211e+02   5.38037997e-03
   3.44300699e+02   5.68896765e-03
   3.44301188e+02   5.67933777e-03
   3.44301676e+02   2.64225667e-03
   3.44302164e+02   3.78465716e-04
   3.44302652e+02   1.10916572e-03
   3.44303141e+02   1.68608618e-03
   3.44303629e+02  -3.89737543e-04
   3.44304117e+02  -2.99253035e-03
   3.44304606e+02  -3.74935381e-03
   3.44305094e+02  -2.94694793e-03
   3.44305582e+02  -4.22337296e-04
   3.44306071e+02   2.89058289e-03
   3.44306559e+02   3.01416684e-03
   3.44307047e+02   6.03332184e-04
   3.44307536e+02   1.08565937e-03
   3.44308024e+02   1.31252443e-03
   3.44308512e+02   1.25922100e-03
   3.44309000e+02   1.22229499e-03
   3.44309489e+02   5.88899362e-04
   3.44309977e+02  -3.76324548e-04
   3.44310465e+02  -4.27781779e-04
   3.44310954e+02  -3.69632544e-05
   3.44311442e+02   1.21302961e-03
   3.44311930e+02   1.12555688e-03
   3.44312419e+02   3.04571404e-05
   3.44312907e+02   1.46319554e-03
   3.44313395e+02   2.56861793e-03
   3.44313884e+02   2.86742626e-03
   3.44314372e+02   3.23852012e-03
   3.44314860e+02   2.97839474e-03
   3.44315348e+02   1.68180931e-03
   3.44315837e+02  -1.15626864e-03
   3.44316325e+02  -2.31733825e-03
   3.44316813e+02  -1.15883583e-03
   3.44317302e+02  -3.93571594e-04
   3.44317790e+02   5.48163116e-05
   3.44318278e+02   3.28756927e-04
   3.44318767e+02  -1.26131228e-04
   3.44319255e+02  -3.10080213e-04
   3.44319743e+02   7.29907013e-04
   3.44320232e+02   1.19338941e-03
   3.44320720e+02   3.52185481e-04
   3.44321208e+02  -4.75035282e-04
   3.44321696e+02  -6.28525217e-04
   3.44322185e+02  -1.75464389e-04
   3.44322673e+02   4.94618958e-04
   3.44323161e+02   2.09405506e-03
   3.44323650e+02   4.99238633e-03
   3.44324138e+02   7.04157259e-03
   3.44324626e+02   5.25643863e-03
   3.44325115e+02   1.63759524e-03
   3.44325603e+02  -8.41179106e-04
   3.44326091e+02  -1.56451378e-03
   3.44326580e+02  -9.14336415e-04
   3.44327068e+02   4.14434122e-04
   3.44327556e+02   1.18756178e-03
   3.44328044e+02   4.27906962e-05
   3.44328533e+02  -1.21398356e-04
   3.44329021e+02   1.97707862e-03
   3.44329509e+02   2.52048625e-03
   3.44329998e+02  -1.94451583e-04
   3.44330486e+02  -2.08699564e-03
   3.44330974e+02  -1.98097015e-03
   3.44331463e+02  -1.04138872e-03
   3.44331951e+02  -1.15534267e-03
   3.44332439e+02  -2.95905559e-03
   3.44332928e+02  -2.83272262e-03
   3.44333416e+02  -1.10754767e-03
   3.44333904e+02   2.48068420e-04
   3.44334392e+02   1.30144367e-03
   3.44334881e+02   1.12075933e-04
   3.44335369e+02  -1.60476263e-03
   3.44335857e+02  -2.88881175e-03
   3.44336346e+02  -3.45648150e-03
   3.44336834e+02  -1.84867487e-04
   3.44337322e+02   2.55188602e-03
   3.44337811e+02   6.40734215e-05
   3.44338299e+02  -1.87440566e-03
   3.44338787e+02  -8.59761145e-04
   3.44339276e+02  -1.09702675e-03
   3.44339764e+02  -2.45314417e-03
   3.44340252e+02  -3.15787015e-03
   3.44340741e+02  -4.23489558e-03
   3.44341229e+02  -3.93114146e-03
   3.44341717e+02  -2.13592383e-03
   3.44342205e+02  -7.31734734e-04
   3.44342694e+02   4.45885817e-04
   3.44343182e+02   7.42958218e-04
   3.44343670e+02  -5.54587925e-04
   3.44344159e+02  -3.10760835e-04
   3.44344647e+02   9.60577745e-04
   3.44345135e+02   5.04178926e-04
   3.44345624e+02  -6.38234022e-04
   3.44346112e+02  -2.22150795e-03
   3.44346600e+02  -3.31389136e-03
   3.44347089e+02  -3.05002229e-03
   3.44347577e+02  -1.48624321e-03
   3.44348065e+02   1.53114297e-03
   3.44348553e+02   2.92944466e-03
   3.44349042e+02   1.69712747e-03
   3.44349530e+02   1.84391160e-04
   3.44350018e+02  -1.90619449e-03
   3.44350507e+02  -3.83763760e-03
   3.44350995e+02  -2.21656100e-03
   3.44351483e+02   1.10158799e-04
   3.44351972e+02  -1.88577152e-03
   3.44352460e+02  -3.37398122e-03
   3.44352948e+02  -3.15288838e-04
   3.44353437e+02   2.22221715e-03
   3.44353925e+02   2.88465386e-03
   3.44354413e+02   1.27098954e-03
   3.44354901e+02  -2.19378644e-03
   3.44355390e+02  -2.50516878e-03
   3.44355878e+02  -2.53858307e-04
   3.44356366e+02   7.54672568e-04
   3.44356855e+02  -8.56877596e-05
   3.44357343e+02  -7.91392638e-04
   3.44357831e+02  -7.06084596e-04
   3.44358320e+02   1.49022335e-05
   3.44358808e+02   2.87629035e-03
   3.44359296e+02   4.51788586e-03
   3.44359785e+02   1.44002610e-03
   3.44360273e+02  -1.96070992e-03
   3.44360761e+02  -2.15984741e-03
   3.44361249e+02  -1.67454116e-03
   3.44361738e+02  -1.83014199e-03
   3.44362226e+02  -2.54140329e-03
   3.44362714e+02  -1.88489479e-03
   3.44363203e+02   9.90036569e-05
   3.44363691e+02  -2.75809289e-04
   3.44364179e+02  -1.29324978e-03
   3.44364668e+02   3.32041905e-04
   3.44365156e+02   2.13300576e-03
   3.44365644e+02   1.10059709e-03
   3.44366133e+02  -2.27260985e-03
   3.44366621e+02  -3.51171661e-03
   3.44367109e+02  -1.67731708e-03
   3.44367597e+02   7.42048840e-04
   3.44368086e+02   6.59866724e-04
   3.44368574e+02   4.60793293e-04
   3.44369062e+02  -9.27998008e-06
   3.44369551e+02  -1.29283417e-03
   3.44370039e+02  -1.14785740e-03
   3.44370527e+02   1.32603731e-04
   3.44371016e+02   1.20686818e-04
   3.44371504e+02  -2.09294888e-03
   3.44371992e+02  -2.60551902e-03
   3.44372481e+02  -4.37669049e-04
   3.44372969e+02  -5.38937224e-04
   3.44373457e+02  -2.28875573e-03
   3.44373945e+02  -2.37621111e-03
   3.44374434e+02  -5.99157647e-04
   3.44374922e+02   4.46513441e-04
   3.44375410e+02  -2.12278595e-04
   3.44375899e+02  -1.53220946e-03
   3.44376387e+02  -2.08027288e-03
   3.44376875e+02  -1.10101490e-03
   3.44377364e+02  -1.02649361e-03
   3.44377852e+02  -1.23615621e-03
   3.44378340e+02  -5.21889480e-04
   3.44378829e+02  -1.12343230e-03
   3.44379317e+02  -1.63536612e-03
   3.44379805e+02  -1.00211869e-03
   3.44380294e+02  -7.59414805e-04
   3.44380782e+02  -1.79725804e-03
   3.44381270e+02  -2.46313587e-03
   3.44381758e+02  -2.62345583e-03
   3.44382247e+02  -2.71283090e-03
   3.44382735e+02  -1.88644521e-03
   3.44383223e+02   6.40772050e-04
   3.44383712e+02   2.67510419e-03
   3.44384200e+02   1.92851271e-03
   3.44384688e+02   6.10603602e-04
   3.44385177e+02   4.54931025e-04
   3.44385665e+02   7.87469500e-04
   3.44386153e+02   2.92118784e-04
   3.44386642e+02  -1.28940784e-03
   3.44387130e+02  -2.86818179e-03
   3.44387618e+02  -2.64177914e-03
   3.44388106e+02  -1.86915242e-03
   3.44388595e+02  -8.38871929e-04
   3.44389083e+02   5.86886017e-04
   3.44389571e+02   8.96617828e-04
   3.44390060e+02   1.24276185e-03
   3.44390548e+02   2.30668765e-03
   3.44391036e+02   2.35572294e-03
   3.44391525e+02   1.25808787e-04
   3.44392013e+02  -2.95025855e-03
   3.44392501e+02  -4.33062343e-03
   3.44392990e+02  -4.24143951e-03
   3.44393478e+02  -3.34123871e-03
   3.44393966e+02  -1.90351787e-03
   3.44394454e+02  -1.70935085e-03
   3.44394943e+02  -1.49764062e-03
   3.44395431e+02   1.03654558e-04
   3.44395919e+02   9.09633934e-04
   3.44396408e+02   1.08176179e-03
   3.44396896e+02   8.67496943e-04
   3.44397384e+02   7.37680457e-05
   3.44397873e+02   2.46528652e-04
   3.44398361e+02   7.92151841e-04
   3.44398849e+02   7.50261417e-04
   3.44399338e+02   1.63289704e-04
   3.44399826e+02   4.27572435e-04
   3.44400314e+02   1.44382776e-03
   3.44400802e+02   1.59782078e-03
   3.44401291e+02   8.26597912e-04
   3.44401779e+02   8.30254459e-04
   3.44402267e+02   2.44906009e-03
   3.44402756e+02   1.70379074e-03
   3.44403244e+02  -1.67248223e-03
   3.44403732e+02  -2.08722055e-03
   3.44404221e+02   1.05155236e-03
   3.44404709e+02   1.87550997e-03
   3.44405197e+02  -5.38725057e-04
   3.44405686e+02  -9.54136951e-04
   3.44406174e+02  -5.65289010e-05
   3.44406662e+02   2.79614469e-04
   3.44407150e+02   1.63394772e-03
   3.44407639e+02   1.99728739e-03
   3.44408127e+02   2.23073969e-03
   3.44408615e+02   2.30043940e-03
   3.44409104e+02  -6.60988619e-04
   3.44409592e+02  -4.18666517e-03
   3.44410080e+02  -3.78202205e-03
   3.44410569e+02  -1.33170409e-03
   3.44411057e+02  -4.51415923e-04
   3.44411545e+02  -4.69133607e-04
   3.44412034e+02   1.63901737e-03
   3.44412522e+02   3.11187049e-03
   3.44413010e+02   1.68196368e-03
   3.44413498e+02   1.80518487e-03
   3.44413987e+02   2.33679335e-03
   3.44414475e+02   8.16912507e-04
   3.44414963e+02  -1.48575578e-03
   3.44415452e+02  -3.48825427e-03
   3.44415940e+02  -2.43940996e-03
   3.44416428e+02   1.04151375e-03
   3.44416917e+02   3.15529853e-03
   3.44417405e+02   2.16813385e-03
   3.44417893e+02   1.36173912e-04
   3.44418382e+02   3.31355550e-04
   3.44418870e+02   2.01932574e-03
   3.44419358e+02   3.62342573e-03
   3.44419847e+02   2.72279372e-03
   3.44420335e+02   6.26607871e-05
   3.44420823e+02  -1.10426452e-03
   3.44421311e+02  -9.69187357e-04
   3.44421800e+02  -2.76699604e-04
   3.44422288e+02  -9.24373569e-04
   3.44422776e+02  -2.28274753e-03
   3.44423265e+02  -6.27610600e-04
   3.44423753e+02   2.96609849e-03
   3.44424241e+02   3.85499373e-03
   3.44424730e+02   2.89876270e-03
   3.44425218e+02   1.36519794e-03
   3.44425706e+02  -7.77116569e-04
   3.44426195e+02  -2.91152648e-03
   3.44426683e+02  -1.89173222e-03
   3.44427171e+02  -5.83077257e-04
   3.44427659e+02  -1.03418692e-03
   3.44428148e+02  -9.71117406e-04
   3.44428636e+02  -1.01374998e-03
   3.44429124e+02  -1.50189770e-03
   3.44429613e+02  -1.02171383e-03
   3.44430101e+02  -1.17364770e-03
   3.44430589e+02  -1.30503450e-03
   3.44431078e+02  -4.60884999e-04
   3.44431566e+02  -2.52003432e-04
   3.44432054e+02  -1.01787341e-03
   3.44432543e+02  -1.03018829e-03
   3.44433031e+02  -5.48145617e-04
   3.44433519e+02  -1.26837136e-03
   3.44434007e+02  -1.05415785e-03
   3.44434496e+02  -1.04604277e-03
   3.44434984e+02  -8.18415661e-04
   3.44435472e+02   5.95294230e-04
   3.44435961e+02   8.51968478e-04
   3.44436449e+02   5.27616648e-04
   3.44436937e+02   1.93984236e-03
   3.44437426e+02   2.69288011e-03
   3.44437914e+02  -1.14102557e-03
   3.44438402e+02  -4.39699274e-03
   3.44438891e+02  -3.03623290e-03
   3.44439379e+02  -8.01971124e-04
   3.44439867e+02   1.03537948e-03
   3.44440355e+02   2.37745140e-03
   3.44440844e+02   1.48079335e-03
   3.44441332e+02   7.04472244e-04
   3.44441820e+02   1.87586958e-03
   3.44442309e+02   2.65535386e-03
   3.44442797e+02   2.76530487e-03
   3.44443285e+02   3.28201451e-03
   3.44443774e+02   2.57060258e-03
   3.44444262e+02  -2.02092488e-04
   3.44444750e+02  -1.65385788e-03
   3.44445239e+02  -2.08178465e-03
   3.44445727e+02  -1.17573328e-03
   3.44446215e+02   1.27893500e-03
   3.44446703e+02   1.22810469e-03
   3.44447192e+02  -7.19935226e-04
   3.44447680e+02  -1.01152644e-03
   3.44448168e+02  -1.32540183e-03
   3.44448657e+02  -3.14657693e-03
   3.44449145e+02  -3.69213475e-03
   3.44449633e+02  -1.75929256e-03
   3.44450122e+02   1.44437276e-04
   3.44450610e+02   1.18417680e-04
   3.44451098e+02  -1.43421802e-03
   3.44451587e+02  -1.54738827e-03
   3.44452075e+02  -3.43957829e-04
   3.44452563e+02   7.12816982e-05
   3.44453051e+02  -1.04862114e-03
   3.44453540e+02  -1.77395495e-03
   3.44454028e+02  -2.83944100e-04
   3.44454516e+02   8.40919674e-04
   3.44455005e+02   4.15508373e-04
   3.44455493e+02  -8.01211572e-05
   3.44455981e+02   4.09235538e-04
   3.44456470e+02  -2.55260442e-04
   3.44456958e+02  -1.97561202e-03
   3.44457446e+02  -6.44065789e-04
   3.44457935e+02   3.30781867e-03
   3.44458423e+02   4.59368853e-03
   3.44458911e+02   2.72289128e-03
   3.44459400e+02   4.92696941e-04
   3.44459888e+02  -2.16588596e-04
   3.44460376e+02  -5.30103338e-04
   3.44460864e+02  -1.45126868e-03
   3.44461353e+02  -2.75464333e-03
   3.44461841e+02  -2.15655286e-03
   3.44462329e+02   8.66888207e-04
   3.44462818e+02   1.55917939e-03
   3.44463306e+02  -1.10348500e-03
   3.44463794e+02  -2.18144921e-03
   3.44464283e+02  -1.60093885e-03
   3.44464771e+02  -1.58665515e-03
   3.44465259e+02  -1.57596532e-03
   3.44465748e+02  -7.99917616e-04
   3.44466236e+02   8.01141025e-04
   3.44466724e+02   1.86197471e-03
   3.44467212e+02   1.73085963e-03
   3.44467701e+02   2.88545445e-04
   3.44468189e+02  -1.02445396e-04
   3.44468677e+02   3.95025912e-04
   3.44469166e+02   7.64222787e-05
   3.44469654e+02   4.04783379e-04
   3.44470142e+02   1.02931447e-03
   3.44470631e+02   4.12469235e-04
   3.44471119e+02   5.19604131e-04
   3.44471607e+02   1.48709933e-03
   3.44472096e+02   5.71630335e-05
   3.44472584e+02  -1.85833080e-03
   3.44473072e+02  -2.47934903e-03
   3.44473560e+02  -2.13718298e-03
   3.44474049e+02  -1.48817047e-03
   3.44474537e+02  -5.20363741e-04
   3.44475025e+02  -6.25821485e-05
   3.44475514e+02  -4.33946727e-04
   3.44476002e+02  -3.35677643e-04
   3.44476490e+02  -1.14103849e-03
   3.44476979e+02  -3.05270171e-03
   3.44477467e+02  -3.34374281e-03
   3.44477955e+02  -1.53669668e-03
   3.44478444e+02   3.29859584e-04
   3.44478932e+02   2.11603387e-04
   3.44479420e+02  -1.13660365e-03
   3.44479908e+02  -1.84572698e-03
   3.44480397e+02  -3.28976428e-04
   3.44480885e+02   1.94849039e-03
   3.44481373e+02   2.43131141e-03
   3.44481862e+02   2.18904926e-03
   3.44482350e+02   2.11727619e-03
   3.44482838e+02   1.61628902e-03
   3.44483327e+02  -1.17793819e-03
   3.44483815e+02  -2.11943476e-03
   3.44484303e+02  -1.15445722e-03
   3.44484792e+02   4.34125017e-04
   3.44485280e+02   1.43716158e-03
   3.44485768e+02   1.08675775e-03
   3.44486256e+02   8.68168310e-04
   3.44486745e+02   1.90984609e-03
   3.44487233e+02   1.38543604e-03
   3.44487721e+02  -5.70856093e-04
   3.44488210e+02  -3.31126270e-04
   3.44488698e+02   1.13132782e-03
   3.44489186e+02   2.76996917e-03
   3.44489675e+02   3.48691922e-03
   3.44490163e+02   1.98994720e-04
   3.44490651e+02  -2.03439267e-03
   3.44491140e+02   1.95790723e-04
   3.44491628e+02   1.83374435e-03
   3.44492116e+02   1.31350779e-03
   3.44492604e+02  -4.72306536e-04
   3.44493093e+02  -1.30556547e-03
   3.44493581e+02  -1.00374804e-03
   3.44494069e+02  -1.28932216e-03
   3.44494558e+02  -1.84163207e-03
   3.44495046e+02  -2.39345315e-03
   3.44495534e+02  -2.50874390e-03
   3.44496023e+02  -1.65816955e-03
   3.44496511e+02  -4.37424984e-04
   3.44496999e+02   1.32212750e-04
   3.44497488e+02   1.32456492e-03
   3.44497976e+02   2.48851930e-03
   3.44498464e+02   3.78119573e-03
   3.44498953e+02   4.47640289e-03
   3.44499441e+02   3.19444202e-03
   3.44499929e+02   1.29890745e-03
   3.44500417e+02  -4.64300902e-05
   3.44500906e+02   1.10365974e-03
   3.44501394e+02   4.68120119e-03
   3.44501882e+02   5.61293168e-03
   3.44502371e+02   3.58801591e-03
   3.44502859e+02   2.26912345e-03
   3.44503347e+02   1.49367645e-03
   3.44503836e+02  -6.18902777e-05
   3.44504324e+02  -1.36202690e-03
   3.44504812e+02  -1.53266403e-04
   3.44505301e+02   1.16833067e-03
   3.44505789e+02   3.23925808e-04
   3.44506277e+02  -6.59009034e-04
   3.44506765e+02  -1.56752777e-03
   3.44507254e+02  -1.49482442e-03
   3.44507742e+02   1.35318231e-04
   3.44508230e+02  -6.34118449e-04
   3.44508719e+02  -2.95315753e-03
   3.44509207e+02  -1.67631928e-03
   3.44509695e+02   2.48005119e-04
   3.44510184e+02  -1.50229098e-04
   3.44510672e+02  -2.70486489e-04
   3.44511160e+02  -1.04753046e-04
   3.44511649e+02   4.93669708e-04
   3.44512137e+02   5.69124531e-04
   3.44512625e+02  -4.84317316e-05
   3.44513113e+02   5.15189429e-04
   3.44513602e+02   7.64115597e-04
   3.44514090e+02  -1.61951245e-03
   3.44514578e+02  -2.74898065e-03
   3.44515067e+02   7.88984064e-04
   3.44515555e+02   3.52600846e-03
   3.44516043e+02   6.36311946e-04
   3.44516532e+02  -2.78841378e-03
   3.44517020e+02  -3.99718806e-03
   3.44517508e+02  -3.25279101e-03
   3.44517997e+02  -2.47274002e-04
   3.44518485e+02   1.03159843e-03
   3.44518973e+02   5.96778584e-04
   3.44519461e+02   3.87522974e-04
   3.44519950e+02  -5.14642918e-04
   3.44520438e+02  -2.35519698e-03
   3.44520926e+02  -2.65828613e-03
   3.44521415e+02  -7.98754685e-04
   3.44521903e+02   2.15967128e-04
   3.44522391e+02   1.43322803e-03
   3.44522880e+02   2.76753563e-03
   3.44523368e+02   1.88898959e-03
   3.44523856e+02   8.91319592e-04
   3.44524345e+02   5.40752371e-04
   3.44524833e+02  -1.20756267e-04
   3.44525321e+02   5.64382004e-04
   3.44525809e+02   1.37171929e-03
   3.44526298e+02   1.89596438e-03
   3.44526786e+02   1.70125859e-03
   3.44527274e+02  -8.68179632e-05
   3.44527763e+02   3.43002030e-04
   3.44528251e+02   2.44436832e-03
   3.44528739e+02   2.67675263e-03
   3.44529228e+02   2.07638997e-03
   3.44529716e+02   2.16796831e-03
   3.44530204e+02   1.87861652e-03
   3.44530693e+02   4.47579601e-04
   3.44531181e+02  -6.53090028e-05
   3.44531669e+02   7.02007732e-04
   3.44532157e+02   1.82050618e-03
   3.44532646e+02   1.61082204e-03
   3.44533134e+02   6.78356795e-04
   3.44533622e+02  -1.76823261e-04
   3.44534111e+02  -1.45042711e-03
   3.44534599e+02  -1.60274212e-03
   3.44535087e+02   8.55054997e-04
   3.44535576e+02   1.49299274e-03
   3.44536064e+02  -8.45141360e-04
   3.44536552e+02  -1.35672814e-03
   3.44537041e+02  -1.25627394e-03
   3.44537529e+02  -2.59351684e-03
   3.44538017e+02  -2.90785218e-03
   3.44538506e+02  -6.39844744e-04
   3.44538994e+02   1.02173362e-03
   3.44539482e+02   1.17276257e-04
   3.44539970e+02  -9.12204996e-06
   3.44540459e+02   1.20491418e-03
   3.44540947e+02   2.64188333e-04
   3.44541435e+02  -1.37583585e-03
   3.44541924e+02  -4.36750444e-04
   3.44542412e+02  -1.20500615e-03
   3.44542900e+02  -1.84435281e-03
   3.44543389e+02  -9.17653670e-04
   3.44543877e+02   1.17170089e-03
   3.44544365e+02   2.73916661e-03
   3.44544854e+02   5.99637220e-04
   3.44545342e+02  -1.83520210e-03
   3.44545830e+02  -5.24238276e-04
   3.44546318e+02   1.08783657e-03
   3.44546807e+02   1.08024839e-03
   3.44547295e+02   1.38497923e-03
   3.44547783e+02   1.33143994e-03
   3.44548272e+02   1.37732481e-03
   3.44548760e+02   1.00702641e-03
   3.44549248e+02  -5.27028344e-04
   3.44549737e+02  -8.80262291e-04
   3.44550225e+02   1.16996141e-03
   3.44550713e+02   1.75631791e-03
   3.44551202e+02   4.21591219e-04
   3.44551690e+02   7.02854129e-04
   3.44552178e+02   1.52565970e-03
   3.44552666e+02   1.09590206e-03
   3.44553155e+02  -9.94308284e-05
   3.44553643e+02  -3.85309540e-04
   3.44554131e+02   3.07222683e-04
   3.44554620e+02   6.00391140e-05
   3.44555108e+02  -1.56398324e-04
   3.44555596e+02   1.34786614e-03
   3.44556085e+02   2.61437334e-03
   3.44556573e+02   3.31156934e-03
   3.44557061e+02   3.30706080e-03
   3.44557550e+02   9.02444008e-04
   3.44558038e+02  -1.66815380e-03
   3.44558526e+02  -1.91875128e-03
   3.44559014e+02  -2.24414491e-03
   3.44559503e+02  -2.41379044e-03
   3.44559991e+02  -2.16649496e-03
   3.44560479e+02  -2.25572521e-03
   3.44560968e+02  -8.06074240e-04
   3.44561456e+02   1.12991163e-03
   3.44561944e+02   1.36700843e-03
   3.44562433e+02   1.25444576e-03
   3.44562921e+02   1.41391251e-03
   3.44563409e+02   1.51829061e-03
   3.44563898e+02   1.25799712e-03
   3.44564386e+02   5.97133418e-04
   3.44564874e+02   2.60945410e-04
   3.44565362e+02   3.86271451e-04
   3.44565851e+02   2.10587541e-03
   3.44566339e+02   3.26020853e-03
   3.44566827e+02   2.60575372e-03
   3.44567316e+02   1.64482929e-03
   3.44567804e+02   1.10465277e-03
   3.44568292e+02   2.31011841e-03
   3.44568781e+02   2.89820274e-03
   3.44569269e+02   3.96614749e-04
   3.44569757e+02  -1.42102723e-03
   3.44570246e+02  -6.14611607e-04
   3.44570734e+02  -8.49601522e-04
   3.44571222e+02  -2.66779284e-03
   3.44571710e+02  -4.29855101e-03
   3.44572199e+02  -3.10884230e-03
   3.44572687e+02   1.90413644e-04
   3.44573175e+02  -4.00333156e-05
   3.44573664e+02  -1.19341037e-03
   3.44574152e+02  -1.87591548e-04
   3.44574640e+02  -6.84403058e-04
   3.44575129e+02  -1.15990173e-03
   3.44575617e+02   1.54940004e-03
   3.44576105e+02   3.72143229e-03
   3.44576594e+02   2.23773881e-03
   3.44577082e+02   1.81066644e-04
   3.44577570e+02  -6.92088914e-04
   3.44578059e+02  -5.82937151e-04
   3.44578547e+02  -1.33998180e-03
   3.44579035e+02  -4.03018994e-03
   3.44579523e+02  -4.50235279e-03
   3.44580012e+02  -2.17423611e-03
   3.44580500e+02  -6.58241450e-04
   3.44580988e+02   7.96774460e-04
   3.44581477e+02   1.63986231e-03
   3.44581965e+02   2.48921802e-04
   3.44582453e+02  -8.73287034e-04
   3.44582942e+02  -9.20145947e-04
   3.44583430e+02  -1.53244822e-03
   3.44583918e+02  -9.22492531e-04
   3.44584407e+02   1.24497712e-03
   3.44584895e+02   2.20371317e-03
   3.44585383e+02   1.57061045e-03
   3.44585871e+02   1.37847685e-03
   3.44586360e+02   9.36770753e-04
   3.44586848e+02  -5.46817173e-05
   3.44587336e+02  -2.75951257e-04
   3.44587825e+02  -4.56260721e-04
   3.44588313e+02  -1.07389549e-03
   3.44588801e+02  -5.53242935e-05
   3.44589290e+02   2.10262882e-03
   3.44589778e+02   2.43916851e-03
   3.44590266e+02   1.20142405e-03
   3.44590755e+02  -3.80802492e-04
   3.44591243e+02  -1.58158434e-03
   3.44591731e+02  -1.63810770e-03
   3.44592219e+02  -1.24227942e-03
   3.44592708e+02  -4.91217615e-05
   3.44593196e+02  -9.89713299e-05
   3.44593684e+02  -2.88048037e-03
   3.44594173e+02  -2.66591855e-03
   3.44594661e+02   5.37917716e-04
   3.44595149e+02   2.16751103e-03
   3.44595638e+02   1.18287769e-03
   3.44596126e+02  -6.85387582e-04
   3.44596614e+02   8.38125183e-04
   3.44597103e+02   3.82638816e-03
   3.44597591e+02   3.10978200e-03
   3.44598079e+02  -3.10542469e-04
   3.44598567e+02  -4.98870155e-04
   3.44599056e+02   2.18975218e-03
   3.44599544e+02   2.39226664e-03
   3.44600032e+02   8.42156122e-04
   3.44600521e+02  -1.72417203e-03
   3.44601009e+02  -1.87331880e-03
   3.44601497e+02  -1.11588533e-03
   3.44601986e+02  -5.65042428e-04
   3.44602474e+02   8.30182573e-04
   3.44602962e+02   1.63277087e-03
   3.44603451e+02  -9.04285756e-04
   3.44603939e+02  -3.37177492e-03
   3.44604427e+02  -3.55066662e-03
   3.44604915e+02  -4.04238794e-03
   3.44605404e+02  -2.73013208e-03
   3.44605892e+02  -1.31816923e-04
   3.44606380e+02  -5.44221431e-04
   3.44606869e+02   8.17380496e-05
   3.44607357e+02   1.44523173e-03
   3.44607845e+02   9.72803973e-04
   3.44608334e+02  -1.23679941e-03
   3.44608822e+02  -3.93794850e-03
   3.44609310e+02  -4.85074474e-03
   3.44609799e+02  -3.23003088e-03
   3.44610287e+02  -1.30116893e-03
   3.44610775e+02  -9.43040242e-04
   3.44611263e+02  -9.66879714e-04
   3.44611752e+02  -1.43376424e-03
   3.44612240e+02  -9.83172329e-04
   3.44612728e+02   3.28783761e-04
   3.44613217e+02  -1.66241126e-03
   3.44613705e+02  -3.65310581e-03
   3.44614193e+02  -3.45110591e-03
   3.44614682e+02  -2.59022531e-03
   3.44615170e+02  -3.85059247e-04
   3.44615658e+02   2.19328259e-03
   3.44616147e+02   1.30749645e-03
   3.44616635e+02  -1.36986992e-03
   3.44617123e+02  -7.37182272e-04
   3.44617612e+02   1.18627772e-03
   3.44618100e+02  -6.50383590e-04
   3.44618588e+02  -3.18177789e-03
   3.44619076e+02  -8.39646440e-04
   3.44619565e+02   2.75692972e-03
   3.44620053e+02   3.55495373e-03
   3.44620541e+02   2.52394727e-03
   3.44621030e+02   1.04076788e-03
   3.44621518e+02  -6.19348255e-04
   3.44622006e+02  -2.88011855e-03
   3.44622495e+02  -2.97243544e-03
   3.44622983e+02  -1.49483513e-03
   3.44623471e+02  -2.37241271e-03
   3.44623960e+02  -1.83596776e-03
   3.44624448e+02  -1.22749116e-04
   3.44624936e+02  -1.06309447e-03
   3.44625424e+02  -1.30041002e-03
   3.44625913e+02   3.76289070e-04
   3.44626401e+02   3.62606894e-04
   3.44626889e+02  -1.48325495e-03
   3.44627378e+02  -3.32687632e-03
   3.44627866e+02  -1.99571904e-03
   3.44628354e+02   2.35312572e-03
   3.44628843e+02   2.61834078e-03
   3.44629331e+02   7.56288588e-04
   3.44629819e+02   8.59561143e-04
   3.44630308e+02  -1.75813562e-03
   3.44630796e+02  -4.13222006e-03
   3.44631284e+02  -2.03081407e-03
   3.44631772e+02   5.39464061e-04
   3.44632261e+02   1.16036809e-03
   3.44632749e+02   6.27431727e-04
   3.44633237e+02  -5.45665156e-04
   3.44633726e+02  -1.75065186e-03
   3.44634214e+02  -3.25023779e-03
   3.44634702e+02  -3.99691705e-03
   3.44635191e+02  -2.87700724e-03
   3.44635679e+02  -2.97989952e-03
   3.44636167e+02  -4.17646673e-03
   3.44636656e+02  -3.88049614e-03
   3.44637144e+02  -2.34787096e-03
   3.44637632e+02  -1.20553293e-03
   3.44638120e+02  -1.15250133e-03
   3.44638609e+02  -9.55763680e-05
   3.44639097e+02   3.27484659e-03
   3.44639585e+02   4.13259398e-03
   3.44640074e+02   1.58352440e-03
   3.44640562e+02  -6.53456431e-04
   3.44641050e+02  -7.49493891e-04
   3.44641539e+02   6.12715783e-04
   3.44642027e+02   3.67007218e-03
   3.44642515e+02   4.76241205e-03
   3.44643004e+02   2.36815307e-03
   3.44643492e+02   6.19391853e-04
   3.44643980e+02  -1.06965395e-04
   3.44644468e+02  -4.48993844e-04
   3.44644957e+02   9.99278427e-07
   3.44645445e+02   5.28546152e-05
   3.44645933e+02  -3.85488267e-04
   3.44646422e+02   1.72372544e-04
   3.44646910e+02   1.71624217e-03
   3.44647398e+02   1.85152760e-03
   3.44647887e+02   2.96722195e-04
   3.44648375e+02   4.18757918e-05
   3.44648863e+02   2.05596234e-03
   3.44649352e+02   2.31602695e-03
   3.44649840e+02   9.75148112e-04
   3.44650328e+02   1.21559913e-03
   3.44650816e+02   1.48680480e-03
   3.44651305e+02  -9.12164760e-05
   3.44651793e+02  -1.38414977e-03
   3.44652281e+02  -1.40113116e-03
   3.44652770e+02   8.19114211e-05
   3.44653258e+02   1.53101166e-03
   3.44653746e+02   1.67789811e-03
   3.44654235e+02   1.30231713e-03
   3.44654723e+02   3.75754316e-04
   3.44655211e+02  -2.13435578e-05
   3.44655700e+02  -3.64659529e-04
   3.44656188e+02  -8.22987582e-04
   3.44656676e+02  -2.29080184e-03
   3.44657165e+02  -2.51937052e-03
   3.44657653e+02  -7.66028534e-04
   3.44658141e+02  -3.87421023e-04
   3.44658629e+02  -2.78749969e-04
   3.44659118e+02   2.09267906e-04
   3.44659606e+02   1.71200486e-06
   3.44660094e+02   5.98912651e-04
   3.44660583e+02   1.39521831e-03
   3.44661071e+02   5.66222530e-04
   3.44661559e+02  -1.50927703e-03
   3.44662048e+02  -1.29989104e-03
   3.44662536e+02  -3.57437326e-04
   3.44663024e+02  -1.12312078e-03
   3.44663513e+02  -2.03283667e-03
   3.44664001e+02  -1.40081823e-03
   3.44664489e+02  -4.14021430e-04
   3.44664977e+02  -1.87576679e-03
   3.44665466e+02  -3.82226333e-03
   3.44665954e+02  -2.13134778e-03
   3.44666442e+02   1.26888067e-03
   3.44666931e+02   1.62587198e-03
   3.44667419e+02  -9.98250674e-04
   3.44667907e+02  -2.09971750e-03
   3.44668396e+02  -9.72392678e-04
   3.44668884e+02   7.57399597e-04
   3.44669372e+02   1.53106672e-03
   3.44669861e+02   3.33930366e-04
   3.44670349e+02   5.76196006e-04
   3.44670837e+02   2.33097957e-03
   3.44671325e+02   1.96033856e-03
   3.44671814e+02   1.20512012e-03
   3.44672302e+02   1.40710257e-03
   3.44672790e+02   5.68347634e-04
   3.44673279e+02  -1.47286698e-03
   3.44673767e+02  -2.11714022e-03
   3.44674255e+02   4.05074425e-05
   3.44674744e+02   2.01774063e-03
   3.44675232e+02   1.83188322e-03
   3.44675720e+02   1.49822724e-03
   3.44676209e+02   1.38784142e-03
   3.44676697e+02   1.26858556e-03
   3.44677185e+02   3.12772638e-04
   3.44677673e+02  -1.14612724e-03
   3.44678162e+02  -1.53996109e-03
   3.44678650e+02  -8.12275510e-04
   3.44679138e+02   2.14763510e-04
   3.44679627e+02  -9.38521116e-04
   3.44680115e+02  -9.72979993e-04
   3.44680603e+02   1.57738128e-03
   3.44681092e+02   1.73707143e-03
   3.44681580e+02   6.12620730e-04
   3.44682068e+02  -3.40781291e-04
   3.44682557e+02  -2.13279622e-03
   3.44683045e+02  -2.48211762e-03
   3.44683533e+02  -1.56989240e-03
   3.44684021e+02  -8.23385082e-04
   3.44684510e+02  -7.87116180e-04
   3.44684998e+02  -9.21910221e-04
   3.44685486e+02  -1.25886581e-04
   3.44685975e+02  -5.85558708e-04
   3.44686463e+02  -2.38481048e-03
   3.44686951e+02  -2.78254808e-03
   3.44687440e+02  -5.55769540e-04
   3.44687928e+02   2.23519211e-03
   3.44688416e+02   1.91872870e-03
   3.44688905e+02   4.75695328e-04
   3.44689393e+02  -9.58538876e-05
   3.44689881e+02  -1.17909272e-04
   3.44690369e+02   2.89938995e-04
   3.44690858e+02  -1.98882932e-04
   3.44691346e+02  -7.07693689e-04
   3.44691834e+02  -1.41015102e-04
   3.44692323e+02  -1.13001431e-03
   3.44692811e+02  -1.86056015e-03
   3.44693299e+02  -9.82836937e-04
   3.44693788e+02  -2.00774195e-03
   3.44694276e+02  -2.42054788e-03
   3.44694764e+02   2.63015012e-04
   3.44695253e+02   2.57551461e-03
   3.44695741e+02   2.45067361e-03
   3.44696229e+02   9.76285373e-04
   3.44696718e+02  -7.94013729e-04
   3.44697206e+02  -2.16689776e-03
   3.44697694e+02  -3.00705992e-03
   3.44698182e+02  -1.63977034e-03
   3.44698671e+02   1.40168075e-03
   3.44699159e+02   3.14863422e-03
   3.44699647e+02   1.93405291e-03
   3.44700136e+02   5.08785597e-04
   3.44700624e+02   2.38901796e-03
   3.44701112e+02   4.11440991e-03
   3.44701601e+02   1.38260412e-03
   3.44702089e+02  -2.45949160e-03
   3.44702577e+02  -3.22968932e-03
   3.44703066e+02  -2.33447389e-03
   3.44703554e+02  -8.78955296e-04
   3.44704042e+02   9.36701079e-04
   3.44704530e+02   2.62444327e-03
   3.44705019e+02   3.94866243e-03
   3.44705507e+02   3.48928804e-03
   3.44705995e+02   3.21716676e-03
   3.44706484e+02   2.73871422e-03
   3.44706972e+02   1.73241668e-03
   3.44707460e+02   2.55740318e-03
   3.44707949e+02   3.24736070e-03
   3.44708437e+02   3.77925579e-03
   3.44708925e+02   3.74322990e-03
   3.44709414e+02   1.04387454e-03
   3.44709902e+02  -3.14835692e-04
   3.44710390e+02   2.12890038e-04
   3.44710878e+02  -6.61670463e-04
   3.44711367e+02  -1.08130137e-03
   3.44711855e+02  -5.49309538e-04
   3.44712343e+02  -6.67785760e-04
   3.44712832e+02   5.05938835e-04
   3.44713320e+02   2.42453511e-03
   3.44713808e+02   3.07778246e-03
   3.44714297e+02   3.41951801e-03
   3.44714785e+02   1.95519044e-03
   3.44715273e+02  -7.52503169e-04
   3.44715762e+02  -3.29125876e-04
   3.44716250e+02   2.79185874e-03
   3.44716738e+02   5.09750890e-03
   3.44717226e+02   4.24127793e-03
   3.44717715e+02   2.95171654e-03
   3.44718203e+02   1.36262714e-03
   3.44718691e+02  -3.33310250e-04
   3.44719180e+02  -5.88296331e-04
   3.44719668e+02   2.44046430e-04
   3.44720156e+02   2.19993366e-04
   3.44720645e+02   7.22197932e-04
   3.44721133e+02   1.87713315e-03
   3.44721621e+02   2.90454365e-03
   3.44722110e+02   3.18202842e-03
   3.44722598e+02   2.13491172e-03
   3.44723086e+02   1.18772557e-03
   3.44723574e+02   2.05660574e-04
   3.44724063e+02  -2.00405717e-03
   3.44724551e+02  -2.89762695e-03
   3.44725039e+02  -2.23384215e-03
   3.44725528e+02  -1.18136022e-03
   3.44726016e+02  -7.38706149e-04
   3.44726504e+02  -6.53800496e-04
   3.44726993e+02  -5.37351589e-04
   3.44727481e+02  -1.45902287e-03
   3.44727969e+02  -7.08442181e-04
   3.44728458e+02   3.69743473e-04
   3.44728946e+02  -6.49715192e-04
   3.44729434e+02  -1.32905378e-03
   3.44729922e+02  -1.66660000e-04
   3.44730411e+02   9.52485483e-04
   3.44730899e+02   7.49810599e-04
   3.44731387e+02   4.10248649e-05
   3.44731876e+02  -1.07186846e-03
   3.44732364e+02  -2.60816934e-03
   3.44732852e+02  -3.09115369e-03
   3.44733341e+02  -1.07111211e-03
   3.44733829e+02   7.71875202e-04
   3.44734317e+02  -2.25164142e-04
   3.44734806e+02  -1.96749019e-03
   3.44735294e+02  -2.21603643e-03
   3.44735782e+02   7.98360561e-04
   3.44736271e+02   2.86438200e-03
   3.44736759e+02  -3.89001245e-04
   3.44737247e+02  -2.02529924e-03
   3.44737735e+02   1.81030761e-03
   3.44738224e+02   4.20539221e-03
   3.44738712e+02   2.61324667e-03
   3.44739200e+02   6.58683188e-04
   3.44739689e+02  -7.00197241e-04
   3.44740177e+02  -2.58148671e-03
   3.44740665e+02  -3.55496677e-03
   3.44741154e+02  -3.47465230e-03
   3.44741642e+02  -3.09081399e-03
   3.44742130e+02  -2.44024396e-03
   3.44742619e+02  -2.29819398e-03
   3.44743107e+02  -1.91726489e-03
   3.44743595e+02  -1.24831439e-03
   3.44744083e+02  -1.43221486e-03
   3.44744572e+02  -7.55289162e-04
   3.44745060e+02   1.61297468e-03
   3.44745548e+02   1.37908035e-03
   3.44746037e+02  -5.87153190e-04
   3.44746525e+02  -5.17223205e-04
   3.44747013e+02  -8.87505128e-04
   3.44747502e+02  -1.26290033e-04
   3.44747990e+02   7.42882898e-04
   3.44748478e+02   7.88087083e-04
   3.44748967e+02   1.53559458e-03
   3.44749455e+02   1.22382201e-03
   3.44749943e+02   1.15999533e-03
   3.44750431e+02   2.62620696e-03
   3.44750920e+02   3.69382859e-03
   3.44751408e+02   3.34884226e-03
   3.44751896e+02   2.35412200e-03
   3.44752385e+02   2.63896352e-03
   3.44752873e+02   2.80936458e-03
   3.44753361e+02   1.82725477e-03
   3.44753850e+02   9.70770139e-04
   3.44754338e+02   6.98171847e-04
   3.44754826e+02   3.98616385e-06
   3.44755315e+02  -1.94032167e-04
   3.44755803e+02   1.43925624e-03
   3.44756291e+02   2.09052931e-03
   3.44756779e+02   6.84900500e-04
   3.44757268e+02  -8.37251020e-04
   3.44757756e+02  -1.47889298e-03
   3.44758244e+02  -1.30692730e-03
   3.44758733e+02  -8.06815748e-04
   3.44759221e+02  -1.85202545e-04
   3.44759709e+02  -5.13153209e-04
   3.44760198e+02  -7.76052068e-04
   3.44760686e+02  -7.65476667e-04
   3.44761174e+02  -1.15932676e-03
   3.44761663e+02  -1.17607461e-03
   3.44762151e+02  -1.42464449e-03
   3.44762639e+02  -3.02877440e-03
   3.44763127e+02  -3.64911254e-03
   3.44763616e+02  -1.45161187e-03
   3.44764104e+02   2.09820326e-04
   3.44764592e+02  -2.77129031e-04
   3.44765081e+02  -5.00403694e-04
   3.44765569e+02   1.64645608e-04
   3.44766057e+02   3.64304724e-04
   3.44766546e+02   1.22482260e-03
   3.44767034e+02   3.18596722e-03
   3.44767522e+02   3.36358277e-03
   3.44768011e+02   2.06213701e-03
   3.44768499e+02   8.51806079e-04
   3.44768987e+02  -3.33730131e-04
   3.44769475e+02  -8.45143921e-04
   3.44769964e+02   5.35889776e-05
   3.44770452e+02   1.08785625e-03
   3.44770940e+02  -3.53500713e-04
   3.44771429e+02  -2.29200628e-03
   3.44771917e+02  -2.83116521e-03
   3.44772405e+02  -2.07539904e-03
   3.44772894e+02  -9.89938388e-04
   3.44773382e+02  -2.13198917e-04
   3.44773870e+02   4.99791175e-04
   3.44774359e+02   1.70577085e-03
   3.44774847e+02   1.98125839e-03
   3.44775335e+02   1.34637847e-03
   3.44775824e+02  -1.55498821e-03
   3.44776312e+02  -3.00137908e-03
   3.44776800e+02  -1.37016829e-03
   3.44777288e+02   1.29684270e-03
   3.44777777e+02   1.18612405e-03
   3.44778265e+02   1.00686404e-04
   3.44778753e+02   3.33673961e-04
   3.44779242e+02   5.01680188e-04
   3.44779730e+02   1.46915053e-03
   3.44780218e+02   2.34952965e-03
   3.44780707e+02   9.15976416e-04
   3.44781195e+02  -6.83991762e-04
   3.44781683e+02  -2.99349369e-04
   3.44782172e+02   5.67563227e-04
   3.44782660e+02   8.61486944e-04
   3.44783148e+02  -2.05583274e-04
   3.44783636e+02  -1.34077726e-03
   3.44784125e+02  -2.91304750e-04
   3.44784613e+02   1.84647774e-03
   3.44785101e+02   3.06307827e-03
   3.44785590e+02   3.79334320e-03
   3.44786078e+02   2.74794269e-03
   3.44786566e+02   8.14726009e-05
   3.44787055e+02  -2.75698141e-04
   3.44787543e+02  -4.13186586e-04
   3.44788031e+02  -1.64671021e-03
   3.44788520e+02   8.76209961e-05
   3.44789008e+02   3.01482505e-03
   3.44789496e+02   1.85245601e-03
   3.44789984e+02   7.55745132e-05
   3.44790473e+02   1.44449936e-03
   3.44790961e+02   1.94479607e-03
   3.44791449e+02   3.25276167e-04
   3.44791938e+02  -7.65371369e-04
   3.44792426e+02   2.86936003e-04
   3.44792914e+02   1.40814437e-03
   3.44793403e+02   1.08680758e-03
   3.44793891e+02   3.13314580e-04
   3.44794379e+02  -1.33415184e-03
   3.44794868e+02  -3.00013414e-03
   3.44795356e+02  -1.67894689e-03
   3.44795844e+02   9.41221835e-04
   3.44796332e+02   1.92467461e-03
   3.44796821e+02   2.05425289e-03
   3.44797309e+02   1.43011590e-03
   3.44797797e+02  -5.71291821e-05
   3.44798286e+02  -1.88503042e-03
   3.44798774e+02  -3.33766919e-03
   3.44799262e+02  -2.88991560e-03
   3.44799751e+02  -1.49051356e-03
   3.44800239e+02  -5.51057092e-05
   3.44800727e+02   1.01975479e-06
   3.44801216e+02   3.91588168e-04
   3.44801704e+02   2.74854433e-03
   3.44802192e+02   3.47158220e-03
   3.44802680e+02   1.96332205e-03
   3.44803169e+02   9.89474356e-04
   3.44803657e+02   1.54303751e-04
   3.44804145e+02   1.77737020e-04
   3.44804634e+02   1.37454947e-03
   3.44805122e+02   6.65237661e-04
   3.44805610e+02  -5.85457019e-04
   3.44806099e+02   3.46121669e-04
   3.44806587e+02   1.15503953e-03
   3.44807075e+02   7.47167738e-04
   3.44807564e+02   7.57402566e-04
   3.44808052e+02   1.80755125e-03
   3.44808540e+02   1.79166929e-03
   3.44809028e+02   1.17739057e-03
   3.44809517e+02   1.18215894e-03
   3.44810005e+02   2.23922683e-03
   3.44810493e+02   2.73894682e-03
   3.44810982e+02   1.00982189e-03
   3.44811470e+02  -5.02107025e-04
   3.44811958e+02  -1.84769830e-04
   3.44812447e+02  -6.90828718e-04
   3.44812935e+02  -2.15484248e-03
   3.44813423e+02  -1.36143563e-03
   3.44813912e+02   8.96970159e-04
   3.44814400e+02   3.16918333e-04
   3.44814888e+02  -1.07041991e-03
   3.44815377e+02  -9.43250954e-04
   3.44815865e+02  -2.77433690e-04
   3.44816353e+02   1.03040377e-03
   3.44816841e+02   2.11708876e-03
   3.44817330e+02   9.67413653e-04
   3.44817818e+02  -3.10677802e-04
   3.44818306e+02  -2.89717980e-04
   3.44818795e+02   6.75943913e-04
   3.44819283e+02   2.67273025e-03
   3.44819771e+02   2.56440626e-03
   3.44820260e+02  -2.43628427e-04
   3.44820748e+02  -2.17411923e-03
   3.44821236e+02  -1.51773507e-03
   3.44821725e+02  -6.12582255e-04
   3.44822213e+02  -8.69025069e-04
   3.44822701e+02  -1.64474838e-03
   3.44823189e+02  -2.44204770e-03
   3.44823678e+02  -2.74131354e-03
   3.44824166e+02  -2.04643141e-03
   3.44824654e+02  -8.60270869e-04
   3.44825143e+02   1.04776060e-03
   3.44825631e+02   9.04767192e-04
   3.44826119e+02  -1.51541107e-03
   3.44826608e+02  -1.93419447e-03
   3.44827096e+02  -3.51031078e-04
   3.44827584e+02  -5.92264929e-04
   3.44828073e+02  -2.87559000e-03
   3.44828561e+02  -2.64982716e-03
   3.44829049e+02   7.50566367e-04
   3.44829537e+02   2.71979789e-03
   3.44830026e+02   1.89291371e-03
   3.44830514e+02   1.31831632e-03
   3.44831002e+02   8.99636361e-04
   3.44831491e+02  -1.75477914e-03
   3.44831979e+02  -1.81378087e-03
   3.44832467e+02   2.02516792e-04
   3.44832956e+02  -7.92221341e-04
   3.44833444e+02  -9.03351232e-04
