frequency (GHz), flux (Jy/beam)
   3.44020461e+02   2.19425812e-04
   3.44020949e+02  -7.22527475e-05
   3.44021438e+02   6.49059584e-05
   3.44021926e+02   1.57151342e-04
   3.44022414e+02   5.70087977e-05
   3.44022903e+02   1.47497296e-04
   3.44023391e+02   2.45679577e-04
   3.44023879e+02   5.73941681e-04
   3.44024367e+02   6.25116110e-04
   3.44024856e+02   3.65288288e-05
   3.44025344e+02  -3.34506476e-05
   3.44025832e+02   2.81383167e-04
   3.44026321e+02   1.98090820e-05
   3.44026809e+02  -2.41905673e-06
   3.44027297e+02   2.80605658e-04
   3.44027786e+02   9.61337355e-05
   3.44028274e+02   1.67791703e-04
   3.44028762e+02   5.26878866e-04
   3.44029251e+02   3.98698699e-04
   3.44029739e+02  -2.59158205e-05
   3.44030227e+02  -1.95900953e-04
   3.44030716e+02   3.48936628e-05
   3.44031204e+02   1.38129253e-04
   3.44031692e+02  -1.12708607e-04
   3.44032181e+02  -3.48999194e-04
   3.44032669e+02  -4.45646030e-04
   3.44033157e+02  -4.98373120e-04
   3.44033646e+02  -4.42906923e-04
   3.44034134e+02  -2.55599734e-04
   3.44034622e+02  -1.76480477e-04
   3.44035110e+02  -1.09623332e-04
   3.44035599e+02   7.54664652e-05
   3.44036087e+02   1.18667886e-04
   3.44036575e+02  -1.11688743e-04
   3.44037064e+02  -2.88384734e-04
   3.44037552e+02  -3.14184901e-04
   3.44038040e+02  -3.54867108e-04
   3.44038529e+02  -3.11154436e-04
   3.44039017e+02  -5.29645295e-05
   3.44039505e+02   1.52421824e-04
   3.44039994e+02  -1.87955084e-05
   3.44040482e+02  -3.07004288e-04
   3.44040970e+02  -3.54511139e-04
   3.44041459e+02  -3.47013207e-04
   3.44041947e+02  -3.62051971e-04
   3.44042435e+02  -4.16030787e-04
   3.44042924e+02  -4.91993153e-04
   3.44043412e+02  -4.73266264e-04
   3.44043900e+02  -2.97481922e-04
   3.44044389e+02  -1.31145498e-04
   3.44044877e+02  -8.30955760e-05
   3.44045365e+02   1.16638497e-04
   3.44045853e+02   3.77179851e-04
   3.44046342e+02   3.64295585e-04
   3.44046830e+02   9.03319669e-05
   3.44047318e+02  -2.99781415e-04
   3.44047807e+02  -3.47063906e-04
   3.44048295e+02  -5.17488115e-05
   3.44048783e+02   8.61641020e-05
   3.44049272e+02   7.30521715e-05
   3.44049760e+02  -4.73741675e-05
   3.44050248e+02  -1.92515995e-06
   3.44050737e+02   1.02923994e-04
   3.44051225e+02  -4.30365799e-06
   3.44051713e+02  -6.47521956e-05
   3.44052202e+02  -6.34066309e-05
   3.44052690e+02  -5.13163031e-05
   3.44053178e+02   1.09254048e-04
   3.44053667e+02   6.04654015e-05
   3.44054155e+02  -3.76487820e-04
   3.44054643e+02  -5.96121594e-04
   3.44055132e+02  -4.33498004e-04
   3.44055620e+02  -1.36373623e-04
   3.44056108e+02   5.24408097e-05
   3.44056597e+02   4.76826463e-05
   3.44057085e+02   1.37197829e-04
   3.44057573e+02   2.47597054e-04
   3.44058061e+02   1.44865859e-04
   3.44058550e+02   1.75465277e-04
   3.44059038e+02   1.62039636e-04
   3.44059526e+02   1.71110605e-05
   3.44060015e+02   3.11631447e-05
   3.44060503e+02   2.74094869e-04
   3.44060991e+02   2.78797670e-04
   3.44061480e+02  -1.42889679e-04
   3.44061968e+02  -3.75515316e-04
   3.44062456e+02  -8.36126783e-05
   3.44062945e+02   1.78937349e-04
   3.44063433e+02   2.21225244e-04
   3.44063921e+02   2.82147521e-04
   3.44064410e+02   5.71208424e-04
   3.44064898e+02   6.12301694e-04
   3.44065386e+02   3.19965446e-04
   3.44065875e+02   2.40809211e-04
   3.44066363e+02   2.09252117e-04
   3.44066851e+02   7.03348851e-05
   3.44067340e+02   2.54049010e-05
   3.44067828e+02   2.52343834e-05
   3.44068316e+02   1.60206691e-04
   3.44068804e+02   3.96415446e-04
   3.44069293e+02   2.81867251e-04
   3.44069781e+02   1.30368528e-04
   3.44070269e+02   2.10272861e-04
   3.44070758e+02   1.24624159e-04
   3.44071246e+02   6.40248982e-05
   3.44071734e+02   7.74523141e-05
   3.44072223e+02  -8.83796820e-05
   3.44072711e+02  -2.00908966e-04
   3.44073199e+02  -8.96408965e-05
   3.44073688e+02   5.85202652e-05
   3.44074176e+02  -1.24558603e-04
   3.44074664e+02  -4.33028792e-04
   3.44075153e+02  -1.87558762e-04
   3.44075641e+02   2.79866272e-05
   3.44076129e+02  -1.65437188e-04
   3.44076618e+02  -2.56297877e-04
   3.44077106e+02  -1.53494286e-04
   3.44077594e+02  -1.85444413e-04
   3.44078083e+02  -1.06714149e-04
   3.44078571e+02   1.58634066e-04
   3.44079059e+02   2.41001777e-04
   3.44079548e+02  -6.84484348e-06
   3.44080036e+02  -1.53492409e-04
   3.44080524e+02  -6.18938866e-05
   3.44081012e+02   1.19927172e-04
   3.44081501e+02   1.47800325e-04
   3.44081989e+02  -1.11911504e-04
   3.44082477e+02  -2.78381369e-04
   3.44082966e+02  -2.17974841e-04
   3.44083454e+02  -1.00788217e-04
   3.44083942e+02   1.56460810e-04
   3.44084431e+02   7.21836404e-05
   3.44084919e+02  -1.55819944e-04
   3.44085407e+02  -1.06380881e-04
   3.44085896e+02  -2.01908420e-04
   3.44086384e+02  -2.60083645e-04
   3.44086872e+02   1.47050423e-05
   3.44087361e+02   2.54293351e-04
   3.44087849e+02   3.98290867e-04
   3.44088337e+02   3.65036132e-04
   3.44088826e+02   2.86723691e-04
   3.44089314e+02   1.90300707e-04
   3.44089802e+02   1.79551607e-05
   3.44090291e+02  -1.00397068e-04
   3.44090779e+02  -5.37697706e-05
   3.44091267e+02   1.57442715e-04
   3.44091755e+02   1.62897297e-04
   3.44092244e+02   1.21896228e-04
   3.44092732e+02   3.11640179e-04
   3.44093220e+02   2.69621814e-04
   3.44093709e+02  -1.35904957e-05
   3.44094197e+02   1.96452256e-05
   3.44094685e+02   2.14724176e-04
   3.44095174e+02   4.80552590e-05
   3.44095662e+02  -2.88133859e-04
   3.44096150e+02  -3.59171972e-04
   3.44096639e+02  -2.59611232e-04
   3.44097127e+02  -1.42154051e-04
   3.44097615e+02   6.75397023e-05
   3.44098104e+02   3.59672908e-04
   3.44098592e+02   3.63513769e-04
   3.44099080e+02  -8.90271476e-05
   3.44099569e+02  -2.76192703e-04
   3.44100057e+02   1.60050586e-05
   3.44100545e+02  -6.91067908e-06
   3.44101034e+02  -3.52151954e-04
   3.44101522e+02  -4.17752395e-04
   3.44102010e+02  -2.96612154e-04
   3.44102498e+02  -1.34587986e-04
   3.44102987e+02   1.05858831e-04
   3.44103475e+02   1.63899298e-04
   3.44103963e+02  -1.39677213e-04
   3.44104452e+02  -2.05638498e-04
   3.44104940e+02  -3.32867712e-05
   3.44105428e+02  -6.41396837e-05
   3.44105917e+02  -2.90512198e-05
   3.44106405e+02  -2.08483780e-05
   3.44106893e+02  -9.66538646e-05
   3.44107382e+02   5.68591931e-05
   3.44107870e+02   1.10366411e-04
   3.44108358e+02   1.78123446e-04
   3.44108847e+02   3.95007897e-04
   3.44109335e+02   4.22560086e-04
   3.44109823e+02   2.52322352e-04
   3.44110312e+02   1.09656488e-04
   3.44110800e+02   1.37245370e-04
   3.44111288e+02   5.37496599e-05
   3.44111777e+02  -1.70701504e-04
   3.44112265e+02  -1.93743253e-04
   3.44112753e+02  -9.83402788e-05
   3.44113242e+02  -1.25746679e-04
   3.44113730e+02  -6.02469263e-05
   3.44114218e+02   9.57872471e-05
   3.44114706e+02   4.57920105e-05
   3.44115195e+02  -1.18258467e-05
   3.44115683e+02   4.59208095e-05
   3.44116171e+02  -2.92938676e-05
   3.44116660e+02  -2.46199721e-04
   3.44117148e+02  -4.18999756e-04
   3.44117636e+02  -2.26156320e-04
   3.44118125e+02   2.06513185e-04
   3.44118613e+02   4.65357036e-04
   3.44119101e+02   3.39296239e-04
   3.44119590e+02  -8.22035054e-06
   3.44120078e+02   3.89440393e-05
   3.44120566e+02   4.87396930e-04
   3.44121055e+02   5.66652394e-04
   3.44121543e+02   4.08094842e-04
   3.44122031e+02   3.31529416e-04
   3.44122520e+02   2.74850492e-04
   3.44123008e+02   1.79242124e-04
   3.44123496e+02   9.03096661e-05
   3.44123985e+02   2.67736468e-04
   3.44124473e+02   4.87091573e-04
   3.44124961e+02   2.24526491e-04
   3.44125449e+02  -5.22293958e-05
   3.44125938e+02  -6.57268029e-05
   3.44126426e+02  -1.26133236e-04
   3.44126914e+02  -1.58403447e-04
   3.44127403e+02  -1.84852513e-04
   3.44127891e+02  -2.24813964e-04
   3.44128379e+02  -1.14982271e-04
   3.44128868e+02  -5.86899732e-05
   3.44129356e+02  -8.80759326e-05
   3.44129844e+02   4.15270442e-05
   3.44130333e+02   1.83299475e-04
   3.44130821e+02   2.08834943e-04
   3.44131309e+02   1.66687067e-04
   3.44131798e+02  -2.01259245e-05
   3.44132286e+02  -2.09172140e-04
   3.44132774e+02  -1.46589562e-04
   3.44133263e+02  -1.14443508e-04
   3.44133751e+02  -1.07309745e-04
   3.44134239e+02  -1.13321694e-04
   3.44134728e+02  -1.77747657e-04
   3.44135216e+02  -1.17415526e-04
   3.44135704e+02  -9.73247297e-05
   3.44136192e+02  -1.25930965e-04
   3.44136681e+02   3.80043966e-05
   3.44137169e+02   8.21049762e-05
   3.44137657e+02   1.43061145e-04
   3.44138146e+02   8.13178267e-05
   3.44138634e+02  -1.73988985e-04
   3.44139122e+02  -3.32744239e-04
   3.44139611e+02  -2.41452464e-04
   3.44140099e+02   6.75286137e-05
   3.44140587e+02   1.31275243e-04
   3.44141076e+02  -7.69290855e-05
   3.44141564e+02   1.97896552e-05
   3.44142052e+02   3.69014422e-04
   3.44142541e+02   4.96805529e-04
   3.44143029e+02   3.16838356e-04
   3.44143517e+02   3.03613546e-04
   3.44144006e+02   3.64261447e-04
   3.44144494e+02   1.42294535e-04
   3.44144982e+02  -9.72252456e-05
   3.44145471e+02  -1.97951493e-04
   3.44145959e+02  -7.45496945e-05
   3.44146447e+02   2.34647057e-04
   3.44146936e+02   3.29609436e-04
   3.44147424e+02   2.03195770e-04
   3.44147912e+02   1.18671225e-04
   3.44148400e+02   1.47576458e-04
   3.44148889e+02   1.63557852e-04
   3.44149377e+02   5.32632839e-05
   3.44149865e+02  -1.07565895e-04
   3.44150354e+02  -2.20353468e-04
   3.44150842e+02  -1.44459293e-04
   3.44151330e+02   8.94429395e-05
   3.44151819e+02   1.62341530e-04
   3.44152307e+02   5.43075512e-05
   3.44152795e+02   1.19680735e-04
   3.44153284e+02   1.50379507e-04
   3.44153772e+02  -6.91165187e-05
   3.44154260e+02  -2.47108168e-04
   3.44154749e+02  -1.52132081e-04
   3.44155237e+02   1.32077490e-04
   3.44155725e+02   3.59083206e-04
   3.44156214e+02   2.88020674e-04
   3.44156702e+02   8.79717409e-05
   3.44157190e+02   4.82376672e-05
   3.44157679e+02   1.80783572e-05
   3.44158167e+02  -6.55295371e-05
   3.44158655e+02  -1.56045480e-05
   3.44159143e+02   2.88533247e-05
   3.44159632e+02  -1.69060295e-04
   3.44160120e+02  -2.89973745e-04
   3.44160608e+02  -1.79527487e-04
   3.44161097e+02  -6.82665996e-05
   3.44161585e+02  -1.53206915e-04
   3.44162073e+02  -3.56389733e-04
   3.44162562e+02  -1.44079677e-04
   3.44163050e+02   3.17607919e-04
   3.44163538e+02   4.82461852e-04
   3.44164027e+02   3.57471930e-04
   3.44164515e+02   1.25797189e-04
   3.44165003e+02   2.51593483e-05
   3.44165492e+02   3.37621668e-06
   3.44165980e+02  -8.86385387e-05
   3.44166468e+02  -9.83930731e-05
   3.44166957e+02   1.21753830e-04
   3.44167445e+02   4.18369047e-04
   3.44167933e+02   2.60041910e-04
   3.44168422e+02  -6.82164828e-05
   3.44168910e+02   3.29268255e-06
   3.44169398e+02   1.81088733e-04
   3.44169886e+02   2.56984669e-04
   3.44170375e+02   2.60637782e-04
   3.44170863e+02   1.32961941e-04
   3.44171351e+02   2.39160217e-05
   3.44171840e+02  -4.61998461e-05
   3.44172328e+02   2.39525412e-04
   3.44172816e+02   5.96956350e-04
   3.44173305e+02   2.99362146e-04
   3.44173793e+02   2.47513544e-05
   3.44174281e+02   9.07315116e-05
   3.44174770e+02   8.74417383e-05
   3.44175258e+02   5.05649405e-06
   3.44175746e+02  -2.21770006e-05
   3.44176235e+02  -1.34522299e-04
   3.44176723e+02  -2.33805709e-04
   3.44177211e+02  -3.00109270e-04
   3.44177700e+02  -2.32362567e-04
   3.44178188e+02   8.01355418e-05
   3.44178676e+02   1.82286429e-04
   3.44179165e+02   2.95291218e-04
   3.44179653e+02   5.80084452e-04
   3.44180141e+02   4.13307629e-04
   3.44180630e+02  -8.38303386e-05
   3.44181118e+02  -2.32944745e-04
   3.44181606e+02  -5.03565316e-05
   3.44182094e+02   6.93570764e-05
   3.44182583e+02   4.89886334e-05
   3.44183071e+02   6.99757438e-05
   3.44183559e+02  -6.87517531e-05
   3.44184048e+02  -2.08365440e-04
   3.44184536e+02  -1.98915382e-04
   3.44185024e+02  -1.55871166e-04
   3.44185513e+02  -2.69491138e-05
   3.44186001e+02   6.33235541e-05
   3.44186489e+02   1.41190001e-04
   3.44186978e+02   2.66725052e-04
   3.44187466e+02   3.30749608e-04
   3.44187954e+02   3.06932634e-04
   3.44188443e+02   1.96172667e-04
   3.44188931e+02   2.79898377e-04
   3.44189419e+02   2.52903468e-04
   3.44189908e+02  -4.37147064e-05
   3.44190396e+02  -1.30787830e-05
   3.44190884e+02   1.62804878e-04
   3.44191373e+02   1.60008422e-04
   3.44191861e+02   8.30452191e-05
   3.44192349e+02   8.61675362e-05
   3.44192837e+02   1.59769421e-04
   3.44193326e+02   1.07151442e-04
   3.44193814e+02   7.66083031e-05
   3.44194302e+02   8.30340286e-05
   3.44194791e+02   9.31638933e-05
   3.44195279e+02   2.48681405e-04
   3.44195767e+02   3.28292692e-04
   3.44196256e+02   2.66404124e-04
   3.44196744e+02   2.36275679e-04
   3.44197232e+02   3.32604221e-04
   3.44197721e+02   5.67573588e-04
   3.44198209e+02   6.02034677e-04
   3.44198697e+02   3.59438418e-04
   3.44199186e+02   2.61223002e-04
   3.44199674e+02   1.24211059e-04
   3.44200162e+02  -5.16623950e-05
   3.44200651e+02  -1.73929620e-05
   3.44201139e+02   1.36672083e-04
   3.44201627e+02  -2.08727033e-05
   3.44202116e+02  -2.96491984e-04
   3.44202604e+02  -1.78779112e-04
   3.44203092e+02  -1.63782006e-05
   3.44203580e+02   1.30504677e-05
   3.44204069e+02  -5.91872158e-05
   3.44204557e+02  -5.92228789e-05
   3.44205045e+02   2.54733197e-04
   3.44205534e+02   2.92806071e-04
   3.44206022e+02   4.95334862e-05
   3.44206510e+02   7.19773152e-06
   3.44206999e+02   1.88393606e-04
   3.44207487e+02   2.42816561e-04
   3.44207975e+02  -4.56629859e-05
   3.44208464e+02  -2.94684694e-04
   3.44208952e+02  -3.41293577e-04
   3.44209440e+02  -2.74066813e-04
   3.44209929e+02  -1.07171247e-04
   3.44210417e+02   7.64573415e-05
   3.44210905e+02   2.07484729e-04
   3.44211394e+02   1.44235106e-04
   3.44211882e+02  -1.61079399e-04
   3.44212370e+02  -2.70456716e-04
   3.44212859e+02   2.10657654e-05
   3.44213347e+02  -1.85536501e-05
   3.44213835e+02  -3.29403789e-04
   3.44214324e+02  -2.47188349e-04
   3.44214812e+02  -9.97321986e-05
   3.44215300e+02  -1.11325753e-04
   3.44215788e+02  -2.26765318e-04
   3.44216277e+02  -2.41428366e-04
   3.44216765e+02  -6.78124852e-05
   3.44217253e+02   1.02520193e-04
   3.44217742e+02   9.26760185e-05
   3.44218230e+02   2.23522598e-04
   3.44218718e+02   5.10468439e-04
   3.44219207e+02   4.04249440e-04
   3.44219695e+02   1.21484889e-04
   3.44220183e+02  -1.20893812e-04
   3.44220672e+02  -3.12122720e-04
   3.44221160e+02  -1.73613458e-04
   3.44221648e+02  -1.44325473e-04
   3.44222137e+02  -2.73203943e-04
   3.44222625e+02  -1.09287575e-04
   3.44223113e+02   1.07769789e-04
   3.44223602e+02   6.05598616e-05
   3.44224090e+02   3.62058381e-05
   3.44224578e+02  -1.07255699e-04
   3.44225067e+02  -2.51696387e-04
   3.44225555e+02  -1.63140081e-04
   3.44226043e+02  -1.63854507e-04
   3.44226531e+02  -1.20885794e-04
   3.44227020e+02  -1.03701832e-05
   3.44227508e+02   2.28961526e-05
   3.44227996e+02   1.58904688e-04
   3.44228485e+02   2.41812275e-04
   3.44228973e+02   6.01706188e-06
   3.44229461e+02  -3.09454772e-05
   3.44229950e+02   1.02203296e-04
   3.44230438e+02  -1.48025909e-04
   3.44230926e+02  -4.48622945e-04
   3.44231415e+02  -3.59129801e-04
   3.44231903e+02  -2.62021407e-04
   3.44232391e+02  -2.21250011e-04
   3.44232880e+02  -1.78142844e-04
   3.44233368e+02  -3.68744018e-04
   3.44233856e+02  -4.47101425e-04
   3.44234345e+02  -2.96485086e-04
   3.44234833e+02  -1.77849433e-04
   3.44235321e+02  -1.75701192e-04
   3.44235810e+02  -1.00164165e-04
   3.44236298e+02   4.62099015e-05
   3.44236786e+02   1.92929983e-05
   3.44237275e+02  -1.20337485e-04
   3.44237763e+02  -1.56448470e-04
   3.44238251e+02   9.81965422e-05
   3.44238739e+02   1.93591477e-04
   3.44239228e+02  -9.84817161e-05
   3.44239716e+02  -2.15987136e-04
   3.44240204e+02  -8.05193267e-05
   3.44240693e+02   1.32190049e-04
   3.44241181e+02   3.36539408e-04
   3.44241669e+02   3.45794193e-04
   3.44242158e+02   2.05922624e-04
   3.44242646e+02   1.76366069e-04
   3.44243134e+02   2.33808329e-04
   3.44243623e+02   9.18759542e-05
   3.44244111e+02  -2.13524720e-04
   3.44244599e+02  -2.30858786e-04
   3.44245088e+02  -1.54166890e-04
   3.44245576e+02  -6.77477292e-05
   3.44246064e+02   2.90114567e-05
   3.44246553e+02  -6.93675829e-05
   3.44247041e+02  -1.65251055e-04
   3.44247529e+02  -8.16149914e-05
   3.44248018e+02  -5.20303765e-05
   3.44248506e+02  -5.50194163e-05
   3.44248994e+02  -5.21859947e-05
   3.44249482e+02   2.78445459e-05
   3.44249971e+02   8.52781741e-05
   3.44250459e+02   4.33320165e-05
   3.44250947e+02   9.23718108e-05
   3.44251436e+02   1.57034447e-04
   3.44251924e+02   1.21509023e-04
   3.44252412e+02  -2.05036013e-05
   3.44252901e+02  -1.79087074e-04
   3.44253389e+02  -2.24479300e-04
   3.44253877e+02  -1.94090200e-04
   3.44254366e+02   3.67229986e-05
   3.44254854e+02   3.70784801e-05
   3.44255342e+02  -6.97443247e-05
   3.44255831e+02   6.26234323e-05
   3.44256319e+02   2.49302480e-04
   3.44256807e+02   2.17943380e-04
   3.44257296e+02   9.23928383e-05
   3.44257784e+02   2.31457780e-05
   3.44258272e+02  -3.35860714e-05
   3.44258761e+02  -1.20681747e-04
   3.44259249e+02  -1.83027165e-04
   3.44259737e+02  -1.33894166e-04
   3.44260225e+02  -4.79348237e-05
   3.44260714e+02  -2.61492562e-04
   3.44261202e+02  -3.74403113e-04
   3.44261690e+02  -2.11081075e-04
   3.44262179e+02  -5.92699944e-05
   3.44262667e+02   1.29580003e-04
   3.44263155e+02  -5.58634820e-05
   3.44263644e+02  -2.86458060e-04
   3.44264132e+02  -2.54861312e-04
   3.44264620e+02  -3.00810876e-04
   3.44265109e+02  -2.19371475e-04
   3.44265597e+02  -7.02061443e-05
   3.44266085e+02  -4.95790300e-05
   3.44266574e+02  -2.73272308e-05
   3.44267062e+02   1.37185722e-04
   3.44267550e+02   2.27701268e-04
   3.44268039e+02   2.19058958e-04
   3.44268527e+02   2.02026087e-04
   3.44269015e+02   6.09478848e-05
   3.44269504e+02  -1.62825614e-04
   3.44269992e+02  -1.88403792e-04
   3.44270480e+02  -9.25180066e-05
   3.44270969e+02  -7.85291013e-06
   3.44271457e+02   1.13321003e-04
   3.44271945e+02   9.51871261e-05
   3.44272433e+02   1.75251436e-04
   3.44272922e+02   4.04289662e-04
   3.44273410e+02   4.47057537e-04
   3.44273898e+02   3.27670947e-04
   3.44274387e+02   1.01801976e-04
   3.44274875e+02  -5.22599075e-05
   3.44275363e+02  -3.11806398e-05
   3.44275852e+02  -3.30728872e-05
   3.44276340e+02   9.23475964e-05
   3.44276828e+02   4.33975583e-05
   3.44277317e+02  -4.48495499e-04
   3.44277805e+02  -7.93395506e-04
   3.44278293e+02  -5.04194992e-04
   3.44278782e+02  -1.69042818e-04
   3.44279270e+02  -1.04322855e-04
   3.44279758e+02  -8.06301541e-05
   3.44280247e+02  -1.51525746e-04
   3.44280735e+02  -1.79592884e-04
   3.44281223e+02  -1.56200971e-04
   3.44281712e+02  -3.08510935e-04
   3.44282200e+02  -1.37629249e-04
   3.44282688e+02   1.08793611e-04
   3.44283176e+02   2.96595710e-04
   3.44283665e+02   6.01669541e-04
   3.44284153e+02   5.24831004e-04
   3.44284641e+02   1.56408772e-04
   3.44285130e+02  -8.11884165e-05
   3.44285618e+02  -3.06011607e-05
   3.44286106e+02   1.37529933e-04
   3.44286595e+02   1.33428548e-04
   3.44287083e+02   8.50691722e-05
   3.44287571e+02   1.59505449e-04
   3.44288060e+02   1.57303934e-04
   3.44288548e+02  -1.51195520e-04
   3.44289036e+02  -5.93347242e-04
   3.44289525e+02  -4.59482253e-04
   3.44290013e+02  -7.82378702e-05
   3.44290501e+02   3.66902805e-06
   3.44290990e+02   1.26030252e-04
   3.44291478e+02   1.53723071e-04
   3.44291966e+02   1.19663331e-04
   3.44292455e+02   1.51790184e-04
   3.44292943e+02   9.30986789e-05
   3.44293431e+02   1.68193892e-05
   3.44293919e+02   7.43475975e-05
   3.44294408e+02   1.72769767e-04
   3.44294896e+02   4.48333703e-05
   3.44295384e+02  -1.47726882e-04
   3.44295873e+02   6.32863930e-06
   3.44296361e+02   3.94636532e-04
   3.44296849e+02   3.75847885e-04
   3.44297338e+02   7.91215789e-05
   3.44297826e+02  -6.73587419e-05
   3.44298314e+02  -1.86136429e-04
   3.44298803e+02  -2.09697959e-04
   3.44299291e+02  -2.00276088e-04
   3.44299779e+02  -2.64369824e-04
   3.44300268e+02  -2.21837996e-04
   3.44300756e+02  -2.99579580e-04
   3.44301244e+02  -3.29372589e-04
   3.44301733e+02  -1.06378233e-04
   3.44302221e+02   1.32102668e-05
   3.44302709e+02  -6.76843410e-05
   3.44303198e+02  -3.01058462e-04
   3.44303686e+02  -3.30907409e-04
   3.44304174e+02  -8.85258487e-05
   3.44304663e+02  -7.04298654e-05
   3.44305151e+02  -1.11046247e-04
   3.44305639e+02   4.95491840e-05
   3.44306127e+02   3.68582732e-05
   3.44306616e+02  -3.10013944e-04
   3.44307104e+02  -3.58200952e-04
   3.44307592e+02  -1.12653048e-04
   3.44308081e+02  -6.52417730e-05
   3.44308569e+02   4.70559025e-05
   3.44309057e+02   1.21093341e-04
   3.44309546e+02   8.63165842e-05
   3.44310034e+02   7.24400670e-05
   3.44310522e+02  -1.53902409e-04
   3.44311011e+02  -3.86851461e-04
   3.44311499e+02  -2.11554303e-04
   3.44311987e+02   2.65102317e-05
   3.44312476e+02   3.25602377e-05
   3.44312964e+02  -2.10327798e-05
   3.44313452e+02   6.21229337e-05
   3.44313941e+02   9.04923218e-05
   3.44314429e+02   1.51920001e-04
   3.44314917e+02   4.41371631e-05
   3.44315406e+02  -1.69638690e-04
   3.44315894e+02  -7.07851941e-05
   3.44316382e+02  -1.20733297e-04
   3.44316870e+02  -3.43804975e-04
   3.44317359e+02  -2.87946052e-04
   3.44317847e+02  -1.04828330e-04
   3.44318335e+02  -1.30290719e-04
   3.44318824e+02  -1.24619473e-04
   3.44319312e+02  -1.10972745e-04
   3.44319800e+02   4.52040513e-06
   3.44320289e+02   1.41139404e-04
   3.44320777e+02   4.94249434e-05
   3.44321265e+02   1.66382251e-05
   3.44321754e+02  -1.62717934e-05
   3.44322242e+02   8.25313600e-06
   3.44322730e+02   6.03849003e-05
   3.44323219e+02   2.31092461e-04
   3.44323707e+02   3.47878668e-04
   3.44324195e+02   4.24391874e-05
   3.44324684e+02  -1.23995531e-04
   3.44325172e+02   1.47542043e-04
   3.44325660e+02   1.07604144e-04
   3.44326149e+02  -4.55437257e-05
   3.44326637e+02   2.37880904e-05
   3.44327125e+02  -8.56422412e-05
   3.44327613e+02  -4.18600364e-04
   3.44328102e+02  -4.21330129e-04
   3.44328590e+02  -1.75459878e-04
   3.44329078e+02  -2.93831836e-04
   3.44329567e+02  -4.27387655e-04
   3.44330055e+02  -3.56158562e-04
   3.44330543e+02  -1.83537748e-04
   3.44331032e+02  -1.35662747e-04
   3.44331520e+02  -4.19931253e-04
   3.44332008e+02  -3.31594318e-04
   3.44332497e+02   1.01436148e-04
   3.44332985e+02   2.23964831e-04
   3.44333473e+02   1.52225141e-06
   3.44333962e+02  -1.15002127e-04
   3.44334450e+02  -2.87558923e-05
   3.44334938e+02  -2.55496852e-04
   3.44335427e+02  -4.80808929e-04
   3.44335915e+02  -1.63689634e-04
   3.44336403e+02   2.91716831e-04
   3.44336892e+02   5.64451679e-04
   3.44337380e+02   4.56807466e-04
   3.44337868e+02   5.64440488e-05
   3.44338357e+02   7.68471873e-05
   3.44338845e+02   1.36817122e-04
   3.44339333e+02  -1.81991800e-06
   3.44339821e+02   1.27017483e-05
   3.44340310e+02   1.89601793e-04
   3.44340798e+02   3.52507108e-04
   3.44341286e+02   1.09451124e-04
   3.44341775e+02  -7.57610396e-05
   3.44342263e+02   3.70751259e-05
   3.44342751e+02   1.05201500e-04
   3.44343240e+02   7.95324595e-05
   3.44343728e+02  -3.27745001e-05
   3.44344216e+02  -7.02550678e-05
   3.44344705e+02  -4.10741668e-05
   3.44345193e+02   6.67809072e-05
   3.44345681e+02   2.97295861e-04
   3.44346170e+02   2.38697525e-04
   3.44346658e+02  -2.89553409e-05
   3.44347146e+02  -1.77727707e-04
   3.44347635e+02  -1.65968318e-04
   3.44348123e+02   8.93575925e-05
   3.44348611e+02   2.06493583e-04
   3.44349100e+02   6.83375902e-06
   3.44349588e+02  -2.64728180e-04
   3.44350076e+02  -3.58055928e-04
   3.44350564e+02  -2.36504216e-04
   3.44351053e+02  -1.15309922e-04
   3.44351541e+02   2.78948210e-05
   3.44352029e+02   8.55284743e-05
   3.44352518e+02   4.01223042e-05
   3.44353006e+02   5.63109097e-05
   3.44353494e+02   2.54689512e-05
   3.44353983e+02  -1.88086604e-04
   3.44354471e+02  -3.40302009e-04
   3.44354959e+02  -2.00042006e-04
   3.44355448e+02  -3.07268169e-06
   3.44355936e+02  -2.44144139e-05
   3.44356424e+02  -2.52071506e-04
   3.44356913e+02  -2.76275037e-04
   3.44357401e+02  -1.01743162e-05
   3.44357889e+02  -6.08278833e-06
   3.44358378e+02  -1.04237290e-04
   3.44358866e+02  -4.76064888e-05
   3.44359354e+02  -2.39243013e-06
   3.44359843e+02   6.97807045e-05
   3.44360331e+02   1.22708137e-04
   3.44360819e+02   8.15304229e-05
   3.44361307e+02  -6.12050426e-05
   3.44361796e+02  -1.35885741e-04
   3.44362284e+02  -2.78697680e-05
   3.44362772e+02  -9.32355942e-06
   3.44363261e+02  -4.36088849e-05
   3.44363749e+02  -2.92999786e-04
   3.44364237e+02  -3.64178006e-04
   3.44364726e+02  -6.71550151e-05
   3.44365214e+02  -2.08859376e-04
   3.44365702e+02  -4.49669111e-04
   3.44366191e+02  -1.66656406e-04
   3.44366679e+02   2.80707260e-04
   3.44367167e+02   3.09601368e-04
   3.44367656e+02   1.26552157e-04
   3.44368144e+02   5.99635132e-05
   3.44368632e+02   1.85227866e-04
   3.44369121e+02   2.83558737e-04
   3.44369609e+02   1.17992364e-04
   3.44370097e+02  -6.90692614e-05
   3.44370586e+02  -2.31559970e-05
   3.44371074e+02  -8.03286166e-05
   3.44371562e+02  -1.81302443e-04
   3.44372051e+02  -2.34841064e-04
   3.44372539e+02  -1.58955503e-04
   3.44373027e+02  -6.25877583e-05
   3.44373515e+02  -2.49322416e-04
   3.44374004e+02  -4.50325053e-04
   3.44374492e+02  -2.08875601e-04
   3.44374980e+02   9.08393922e-05
   3.44375469e+02   3.17931008e-05
   3.44375957e+02   1.46354587e-05
   3.44376445e+02   1.92089778e-04
   3.44376934e+02   4.09574335e-04
   3.44377422e+02   3.29409493e-04
   3.44377910e+02   8.80504376e-05
   3.44378399e+02   3.25535038e-05
   3.44378887e+02  -4.80549488e-07
   3.44379375e+02  -2.39625042e-05
   3.44379864e+02   8.97231148e-05
   3.44380352e+02   6.26214241e-05
   3.44380840e+02  -1.91954910e-04
   3.44381329e+02  -2.42937560e-04
   3.44381817e+02  -1.15727187e-06
   3.44382305e+02   1.22831407e-04
   3.44382794e+02   2.29732934e-04
   3.44383282e+02   2.79682747e-04
   3.44383770e+02   5.68302348e-05
   3.44384258e+02  -9.81983885e-06
   3.44384747e+02   2.21404935e-05
   3.44385235e+02  -1.62295793e-04
   3.44385723e+02  -2.57804175e-04
   3.44386212e+02  -1.09660657e-04
   3.44386700e+02   3.13588680e-04
   3.44387188e+02   6.30495138e-04
   3.44387677e+02   2.77191692e-04
   3.44388165e+02  -1.23726990e-04
   3.44388653e+02   8.81546202e-06
   3.44389142e+02   7.66277299e-05
   3.44389630e+02  -1.12434413e-04
   3.44390118e+02  -5.87157483e-05
   3.44390607e+02  -5.85390480e-05
   3.44391095e+02  -1.53456058e-04
   3.44391583e+02  -6.96624702e-05
   3.44392072e+02  -1.44537960e-04
   3.44392560e+02  -1.87996440e-04
   3.44393048e+02  -1.22899175e-04
   3.44393537e+02  -1.52739758e-05
   3.44394025e+02   2.01701376e-04
   3.44394513e+02   1.79426599e-04
   3.44395002e+02  -1.86781253e-05
   3.44395490e+02  -6.86137864e-05
   3.44395978e+02  -2.75950209e-04
   3.44396466e+02  -6.81904785e-04
   3.44396955e+02  -7.40957679e-04
   3.44397443e+02  -5.24778676e-04
   3.44397931e+02  -2.22043760e-04
   3.44398420e+02  -8.84505971e-06
   3.44398908e+02   2.17236393e-05
   3.44399396e+02  -1.45809012e-04
   3.44399885e+02  -2.67529278e-04
   3.44400373e+02  -1.40489981e-04
   3.44400861e+02  -9.15759520e-05
   3.44401350e+02   1.56959704e-05
   3.44401838e+02   1.03068989e-04
   3.44402326e+02  -9.31352479e-05
   3.44402815e+02  -2.31428043e-04
   3.44403303e+02  -5.03813098e-05
   3.44403791e+02   6.21717918e-05
   3.44404280e+02  -2.74505379e-04
   3.44404768e+02  -4.79436218e-04
   3.44405256e+02  -2.78038700e-04
   3.44405745e+02  -1.88996273e-04
   3.44406233e+02  -1.67268023e-04
   3.44406721e+02  -2.68949370e-04
   3.44407209e+02  -2.57701642e-04
   3.44407698e+02   7.05729835e-05
   3.44408186e+02  -2.85959795e-05
   3.44408674e+02  -3.02762695e-04
   3.44409163e+02  -5.54572107e-05
   3.44409651e+02   3.55269964e-04
   3.44410139e+02   3.68279114e-04
   3.44410628e+02   1.60472104e-04
   3.44411116e+02   1.30954024e-04
   3.44411604e+02  -5.36190819e-05
   3.44412093e+02  -3.84724350e-04
   3.44412581e+02  -3.43571766e-04
   3.44413069e+02  -1.22020603e-04
   3.44413558e+02  -5.71990568e-05
   3.44414046e+02  -1.17503259e-05
   3.44414534e+02  -1.09046068e-05
   3.44415023e+02  -1.56301205e-04
   3.44415511e+02  -1.40519391e-04
   3.44415999e+02   1.10838861e-04
   3.44416488e+02   6.54723626e-05
   3.44416976e+02  -2.48959317e-04
   3.44417464e+02  -2.95576901e-04
   3.44417952e+02  -2.17839843e-04
   3.44418441e+02  -2.03659976e-04
   3.44418929e+02  -2.98425584e-04
   3.44419417e+02  -4.41585900e-04
   3.44419906e+02  -3.77965043e-04
   3.44420394e+02   4.97832698e-05
   3.44420882e+02   3.67255008e-04
   3.44421371e+02   3.21190601e-04
   3.44421859e+02   3.05273279e-04
   3.44422347e+02   6.63367173e-05
   3.44422836e+02  -1.92836495e-04
   3.44423324e+02  -1.87633414e-05
   3.44423812e+02   1.94129752e-04
   3.44424301e+02   3.80959507e-04
   3.44424789e+02   3.69870046e-04
   3.44425277e+02   7.63173157e-05
   3.44425766e+02  -7.52741325e-05
   3.44426254e+02   8.90414303e-05
   3.44426742e+02   1.08089742e-04
   3.44427231e+02   6.94067421e-05
   3.44427719e+02   1.23134247e-04
   3.44428207e+02   9.99710246e-05
   3.44428696e+02   8.85692716e-05
   3.44429184e+02  -1.42246117e-05
   3.44429672e+02  -1.37465904e-04
   3.44430160e+02   1.15826606e-05
   3.44430649e+02   2.14683940e-04
   3.44431137e+02   2.55509221e-04
   3.44431625e+02   3.43180203e-04
   3.44432114e+02   2.57144944e-04
   3.44432602e+02   1.17034208e-04
   3.44433090e+02  -4.42318524e-05
   3.44433579e+02  -2.18839879e-04
   3.44434067e+02  -3.29294853e-05
   3.44434555e+02   1.87034733e-04
   3.44435044e+02   1.52682231e-04
   3.44435532e+02   1.69268766e-04
   3.44436020e+02   1.55655085e-04
   3.44436509e+02   2.36071835e-04
   3.44436997e+02   1.63353849e-04
   3.44437485e+02  -2.26441873e-04
   3.44437974e+02  -2.79793225e-04
   3.44438462e+02   3.73897201e-05
   3.44438950e+02   8.10676138e-05
   3.44439439e+02   8.71200336e-06
   3.44439927e+02  -2.03984993e-04
   3.44440415e+02  -4.63443052e-04
   3.44440903e+02  -2.66336021e-04
   3.44441392e+02  -2.10448707e-05
   3.44441880e+02  -7.40783162e-06
   3.44442368e+02  -4.03824997e-05
   3.44442857e+02  -1.92042753e-05
   3.44443345e+02  -1.25254825e-04
   3.44443833e+02  -3.21277388e-04
   3.44444322e+02  -1.70538333e-04
   3.44444810e+02  -8.73390672e-05
   3.44445298e+02  -2.99744046e-04
   3.44445787e+02  -3.64357373e-04
   3.44446275e+02  -2.73971818e-04
   3.44446763e+02   6.03160552e-05
   3.44447252e+02   2.94495403e-04
   3.44447740e+02   2.33903032e-04
   3.44448228e+02   1.99122747e-04
   3.44448717e+02   3.45201930e-04
   3.44449205e+02   3.69531510e-04
   3.44449693e+02   2.05640812e-04
   3.44450182e+02   1.67444698e-04
   3.44450670e+02   1.48704115e-04
   3.44451158e+02  -2.43705435e-05
   3.44451646e+02  -2.11679013e-04
   3.44452135e+02  -2.57724663e-04
   3.44452623e+02  -2.47266929e-04
   3.44453111e+02  -1.53553978e-04
   3.44453600e+02  -6.94129485e-05
   3.44454088e+02  -1.73060528e-06
   3.44454576e+02   2.85023016e-05
   3.44455065e+02  -2.44657713e-04
   3.44455553e+02  -4.13314061e-04
   3.44456041e+02  -2.55678984e-04
   3.44456530e+02   3.69730005e-05
   3.44457018e+02   1.08162894e-04
   3.44457506e+02   1.60346797e-04
   3.44457995e+02   2.36100474e-04
   3.44458483e+02   5.54051949e-05
   3.44458971e+02  -9.03297623e-05
   3.44459460e+02  -1.01141377e-04
   3.44459948e+02  -1.18730866e-04
   3.44460436e+02  -1.89707265e-04
   3.44460925e+02  -3.40240920e-04
   3.44461413e+02  -4.37598414e-04
   3.44461901e+02  -3.94399191e-04
   3.44462390e+02  -2.35848875e-05
   3.44462878e+02   4.38218558e-04
   3.44463366e+02   2.44044626e-04
   3.44463854e+02  -1.64287441e-04
   3.44464343e+02  -2.25162425e-04
   3.44464831e+02  -1.03086124e-04
   3.44465319e+02  -3.01627042e-05
   3.44465808e+02  -1.26030442e-04
   3.44466296e+02   3.12531047e-05
   3.44466784e+02   1.35365714e-04
   3.44467273e+02  -3.75422860e-05
   3.44467761e+02  -2.01181698e-04
   3.44468249e+02  -4.15923787e-05
   3.44468738e+02   4.74607630e-04
   3.44469226e+02   6.60099497e-04
   3.44469714e+02   5.10334561e-04
   3.44470203e+02   3.05799971e-04
   3.44470691e+02   9.16257632e-05
   3.44471179e+02   6.21626823e-05
   3.44471668e+02   7.89965779e-05
   3.44472156e+02  -9.24030246e-05
   3.44472644e+02  -4.34696936e-04
   3.44473133e+02  -5.57017105e-04
   3.44473621e+02  -3.68239736e-04
   3.44474109e+02  -2.66747491e-04
   3.44474597e+02  -1.72386863e-04
   3.44475086e+02   8.80859297e-05
   3.44475574e+02   1.28927975e-04
   3.44476062e+02  -1.03162121e-04
   3.44476551e+02  -1.23023681e-04
   3.44477039e+02  -4.68182297e-05
   3.44477527e+02   6.15078025e-05
   3.44478016e+02   1.69492545e-04
   3.44478504e+02   1.89667353e-05
   3.44478992e+02  -2.22490868e-04
   3.44479481e+02  -2.33158367e-04
   3.44479969e+02  -3.48700778e-05
   3.44480457e+02   1.06978950e-04
   3.44480946e+02  -3.88319204e-05
   3.44481434e+02  -2.73322308e-04
   3.44481922e+02  -2.74464343e-04
   3.44482411e+02  -2.58965971e-04
   3.44482899e+02  -3.02351167e-04
   3.44483387e+02  -1.94134045e-04
   3.44483876e+02  -9.62100421e-06
   3.44484364e+02   1.61387812e-04
   3.44484852e+02   3.08427785e-04
   3.44485340e+02   3.39571707e-04
   3.44485829e+02   2.19821726e-04
   3.44486317e+02  -1.95437005e-05
   3.44486805e+02  -2.32510763e-04
   3.44487294e+02  -2.40461144e-04
   3.44487782e+02  -4.44591482e-04
   3.44488270e+02  -2.08632424e-04
   3.44488759e+02   2.38851746e-04
   3.44489247e+02   2.84814654e-04
   3.44489735e+02  -6.82202444e-05
   3.44490224e+02  -1.89874932e-04
   3.44490712e+02   8.10993661e-05
   3.44491200e+02   1.49611413e-04
   3.44491689e+02  -3.38163263e-05
   3.44492177e+02   3.07886730e-05
   3.44492665e+02   1.70960309e-04
   3.44493154e+02   1.22059268e-04
   3.44493642e+02  -1.67274105e-04
   3.44494130e+02  -4.96235734e-04
   3.44494619e+02  -3.63898638e-04
   3.44495107e+02   1.07993428e-05
   3.44495595e+02   1.82603195e-04
   3.44496084e+02   3.55067343e-04
   3.44496572e+02   4.01797268e-04
   3.44497060e+02   2.25980068e-04
   3.44497548e+02  -3.05174945e-05
   3.44498037e+02  -1.61359960e-04
   3.44498525e+02  -1.08237044e-04
   3.44499013e+02   1.08898072e-04
   3.44499502e+02   1.68181563e-04
   3.44499990e+02  -7.06822857e-06
   3.44500478e+02   1.58995274e-04
   3.44500967e+02   1.85827143e-04
   3.44501455e+02  -1.95413566e-04
   3.44501943e+02  -5.19086490e-04
   3.44502432e+02  -6.81698148e-04
   3.44502920e+02  -4.00910270e-04
   3.44503408e+02  -5.07654840e-05
   3.44503897e+02  -4.18794807e-05
   3.44504385e+02  -3.17666636e-05
   3.44504873e+02   9.17125872e-05
   3.44505362e+02   8.17891269e-05
   3.44505850e+02  -1.33030029e-04
   3.44506338e+02  -3.35344012e-05
   3.44506827e+02   4.89790837e-05
   3.44507315e+02  -1.03706276e-04
   3.44507803e+02   1.35881382e-05
   3.44508291e+02  -6.94073924e-06
   3.44508780e+02  -2.46052776e-04
   3.44509268e+02  -3.82169324e-04
   3.44509756e+02  -2.77882762e-04
   3.44510245e+02   6.59915459e-05
   3.44510733e+02   9.17967263e-05
   3.44511221e+02  -1.37840267e-04
   3.44511710e+02  -2.18908637e-04
   3.44512198e+02  -1.54530295e-04
   3.44512686e+02   2.41860998e-05
   3.44513175e+02   1.77961658e-04
   3.44513663e+02   8.26582545e-05
   3.44514151e+02  -4.62772514e-05
   3.44514640e+02  -9.96488161e-05
   3.44515128e+02  -9.74962604e-05
   3.44515616e+02  -3.62449427e-05
   3.44516105e+02  -1.21104655e-04
   3.44516593e+02  -2.10201164e-04
   3.44517081e+02   7.25603823e-05
   3.44517570e+02   1.27083244e-04
   3.44518058e+02  -1.10951529e-04
   3.44518546e+02  -1.59140167e-04
   3.44519034e+02  -4.57877286e-05
   3.44519523e+02   2.33177911e-04
   3.44520011e+02   2.54495768e-04
   3.44520499e+02   1.10167537e-04
   3.44520988e+02   2.51246147e-05
   3.44521476e+02  -4.03775739e-05
   3.44521964e+02   1.73831708e-04
   3.44522453e+02   1.16960175e-04
   3.44522941e+02  -8.15814201e-05
   3.44523429e+02   2.25433396e-04
   3.44523918e+02   3.78656201e-04
   3.44524406e+02   1.28111336e-04
   3.44524894e+02   6.67948843e-05
   3.44525383e+02   2.52323895e-04
   3.44525871e+02   2.68894306e-04
   3.44526359e+02   8.57213090e-05
   3.44526848e+02   9.03528780e-05
   3.44527336e+02   3.00467393e-04
   3.44527824e+02   3.15047888e-04
   3.44528313e+02   7.96767126e-05
   3.44528801e+02   5.94884514e-05
   3.44529289e+02  -1.55017133e-05
   3.44529778e+02  -3.76314820e-05
   3.44530266e+02   3.46380519e-04
   3.44530754e+02   3.51849158e-04
   3.44531242e+02  -8.93933611e-05
   3.44531731e+02  -3.42607556e-04
   3.44532219e+02  -1.54797061e-04
   3.44532707e+02   2.82264518e-04
   3.44533196e+02   4.74313158e-04
   3.44533684e+02   1.12076152e-04
   3.44534172e+02  -1.38870673e-04
   3.44534661e+02   9.14655684e-05
   3.44535149e+02   3.45018285e-04
   3.44535637e+02   3.71512870e-04
   3.44536126e+02   3.35880497e-04
   3.44536614e+02   2.15810433e-04
   3.44537102e+02   5.38080058e-05
   3.44537591e+02   1.42493582e-05
   3.44538079e+02   1.95134053e-05
   3.44538567e+02  -1.15947587e-05
   3.44539056e+02   5.88757166e-06
   3.44539544e+02   4.13777707e-05
   3.44540032e+02  -9.18402657e-05
   3.44540521e+02  -1.99902453e-04
   3.44541009e+02  -2.02913550e-04
   3.44541497e+02  -6.74851617e-05
   3.44541985e+02  -2.87165913e-05
   3.44542474e+02  -2.27029974e-04
   3.44542962e+02  -4.08502747e-05
   3.44543450e+02   4.08822467e-04
   3.44543939e+02   5.75856073e-04
   3.44544427e+02   5.45873947e-04
   3.44544915e+02   3.10280418e-04
   3.44545404e+02   5.97675280e-05
   3.44545892e+02  -2.91347733e-05
   3.44546380e+02   9.76633746e-05
   3.44546869e+02   6.27104600e-05
   3.44547357e+02  -3.64094885e-05
   3.44547845e+02  -1.05547670e-05
   3.44548334e+02  -2.49724162e-05
   3.44548822e+02  -2.37323602e-05
   3.44549310e+02   5.43626811e-05
   3.44549799e+02   3.91500398e-05
   3.44550287e+02   1.01860031e-04
   3.44550775e+02   1.83377575e-04
   3.44551264e+02   1.41147742e-04
   3.44551752e+02   2.75114289e-05
   3.44552240e+02   1.95726790e-09
   3.44552729e+02   1.39424128e-05
   3.44553217e+02  -1.10241264e-04
   3.44553705e+02  -1.16969350e-04
   3.44554193e+02   7.48831590e-05
   3.44554682e+02   1.61655276e-04
   3.44555170e+02   1.31944689e-04
   3.44555658e+02   2.79101718e-04
   3.44556147e+02   5.69778495e-04
   3.44556635e+02   4.93622269e-04
   3.44557123e+02   1.03262493e-04
   3.44557612e+02   1.70341533e-04
   3.44558100e+02   3.41580366e-04
   3.44558588e+02   1.44029371e-04
   3.44559077e+02   9.37612458e-06
   3.44559565e+02   8.06030221e-05
   3.44560053e+02   1.52394714e-04
   3.44560542e+02   1.16673327e-04
   3.44561030e+02   9.24288033e-05
   3.44561518e+02   3.06910260e-06
   3.44562007e+02  -1.73883236e-04
   3.44562495e+02  -2.65597715e-04
   3.44562983e+02  -1.80094547e-04
   3.44563472e+02   4.56929374e-05
   3.44563960e+02   2.09317150e-04
   3.44564448e+02   8.24135641e-05
   3.44564936e+02  -9.23629850e-05
   3.44565425e+02  -1.43763900e-04
   3.44565913e+02  -1.20730358e-04
   3.44566401e+02   1.55275702e-05
   3.44566890e+02  -1.08930006e-04
   3.44567378e+02  -3.08364979e-04
   3.44567866e+02  -2.66019837e-04
   3.44568355e+02  -1.03977094e-04
   3.44568843e+02   1.58914132e-04
   3.44569331e+02   1.43889629e-04
   3.44569820e+02  -8.65916518e-05
   3.44570308e+02  -5.10982318e-05
   3.44570796e+02   1.84097735e-04
   3.44571285e+02   2.16784232e-04
   3.44571773e+02  -4.60227311e-05
   3.44572261e+02  -1.12065049e-04
   3.44572750e+02  -3.65245323e-05
   3.44573238e+02  -3.52761745e-05
   3.44573726e+02   1.10954932e-06
   3.44574215e+02   4.75924535e-05
   3.44574703e+02   2.06691999e-04
   3.44575191e+02  -8.17755281e-05
   3.44575679e+02  -3.63586587e-04
   3.44576168e+02  -7.77133100e-05
   3.44576656e+02   1.44924154e-04
   3.44577144e+02   3.74046533e-04
   3.44577633e+02   3.08271323e-04
   3.44578121e+02   6.56756820e-05
   3.44578609e+02   1.04024461e-04
   3.44579098e+02   6.66586566e-05
   3.44579586e+02  -9.74154900e-05
   3.44580074e+02  -1.52075474e-04
   3.44580563e+02  -7.08169173e-05
   3.44581051e+02   1.26299055e-04
   3.44581539e+02   2.70475284e-04
   3.44582028e+02   2.71528523e-04
   3.44582516e+02   3.85769781e-05
   3.44583004e+02  -1.74246554e-04
   3.44583493e+02  -8.46428957e-05
   3.44583981e+02   5.38926270e-06
   3.44584469e+02  -1.49625208e-04
   3.44584958e+02  -2.42717128e-04
   3.44585446e+02  -1.04937375e-04
   3.44585934e+02   1.57260984e-05
   3.44586423e+02   1.31654615e-05
   3.44586911e+02   1.77608221e-04
   3.44587399e+02   1.08158602e-04
   3.44587887e+02  -2.27533121e-04
   3.44588376e+02  -2.10706348e-04
   3.44588864e+02  -9.59623503e-05
   3.44589352e+02  -3.69467198e-05
   3.44589841e+02   7.63069474e-05
   3.44590329e+02  -8.13245497e-05
   3.44590817e+02  -1.16042764e-04
   3.44591306e+02   1.18460070e-04
   3.44591794e+02   1.93988046e-04
   3.44592282e+02   2.49332603e-04
   3.44592771e+02   1.55199188e-04
   3.44593259e+02  -8.99155420e-05
   3.44593747e+02  -2.35359359e-04
   3.44594236e+02  -9.66455991e-05
   3.44594724e+02   1.61230972e-04
   3.44595212e+02   1.06220003e-04
   3.44595701e+02   1.01406025e-04
   3.44596189e+02   3.15293146e-04
   3.44596677e+02   3.56210512e-04
   3.44597166e+02   2.65134469e-04
   3.44597654e+02   1.28619213e-04
   3.44598142e+02   7.29383682e-05
   3.44598630e+02   2.10338651e-04
   3.44599119e+02   3.87881737e-04
   3.44599607e+02   2.56790110e-04
   3.44600095e+02  -1.29035063e-04
   3.44600584e+02  -2.30680991e-04
   3.44601072e+02  -1.43897079e-04
   3.44601560e+02  -1.62388475e-04
   3.44602049e+02  -1.81270094e-04
   3.44602537e+02  -1.39415715e-04
   3.44603025e+02  -1.14542214e-04
   3.44603514e+02  -3.59671940e-05
   3.44604002e+02   3.28613787e-05
   3.44604490e+02   3.33740245e-05
   3.44604979e+02   7.41167169e-05
   3.44605467e+02   8.81661617e-05
   3.44605955e+02   6.35664474e-05
   3.44606444e+02   9.99526383e-05
   3.44606932e+02   1.93500804e-04
   3.44607420e+02   2.93085614e-04
   3.44607909e+02   2.68146017e-04
   3.44608397e+02   2.36816588e-04
   3.44608885e+02   1.88680919e-04
   3.44609373e+02  -7.17571893e-05
   3.44609862e+02  -1.66836573e-04
   3.44610350e+02  -7.09009691e-05
   3.44610838e+02  -1.38291245e-04
   3.44611327e+02  -1.08682289e-04
   3.44611815e+02   3.26287191e-05
   3.44612303e+02   8.54278114e-05
   3.44612792e+02   1.04298988e-05
   3.44613280e+02  -3.83701699e-04
   3.44613768e+02  -6.31551957e-04
   3.44614257e+02  -5.71315119e-04
   3.44614745e+02  -4.91327606e-04
   3.44615233e+02  -4.99929884e-04
   3.44615722e+02  -4.37888550e-04
   3.44616210e+02  -2.42597947e-04
   3.44616698e+02  -2.87836505e-04
   3.44617187e+02  -2.43079689e-04
   3.44617675e+02   1.16166972e-04
   3.44618163e+02   2.49519944e-04
   3.44618652e+02   9.94148868e-05
   3.44619140e+02  -3.13853554e-04
   3.44619628e+02  -5.52735524e-04
   3.44620117e+02  -2.77449610e-04
   3.44620605e+02  -6.68171560e-05
   3.44621093e+02  -6.37827470e-05
   3.44621581e+02   2.14720858e-04
   3.44622070e+02   4.22988669e-04
   3.44622558e+02   2.61752895e-04
   3.44623046e+02   1.99683083e-04
   3.44623535e+02   2.65697192e-04
   3.44624023e+02   3.85011313e-04
   3.44624511e+02   4.04285965e-04
   3.44625000e+02   2.84268084e-04
   3.44625488e+02   1.47669256e-04
   3.44625976e+02   2.09313715e-04
   3.44626465e+02   4.94086882e-04
   3.44626953e+02   4.75800771e-04
   3.44627441e+02   8.99180668e-05
   3.44627930e+02  -1.77706621e-04
   3.44628418e+02   2.89578020e-05
   3.44628906e+02   2.98353028e-04
   3.44629395e+02   2.60641362e-04
   3.44629883e+02   1.19172240e-04
   3.44630371e+02   2.76716491e-05
   3.44630860e+02   8.16715765e-05
   3.44631348e+02   1.64355792e-04
   3.44631836e+02   4.36758746e-05
   3.44632324e+02  -1.60002615e-04
   3.44632813e+02  -2.16468528e-04
   3.44633301e+02  -1.55993002e-05
   3.44633789e+02   2.37741813e-04
   3.44634278e+02   1.70524567e-04
   3.44634766e+02  -1.52451466e-04
   3.44635254e+02  -1.49166473e-04
   3.44635743e+02   8.58438798e-05
   3.44636231e+02   1.68271377e-04
   3.44636719e+02   1.13007052e-04
   3.44637208e+02  -1.07101034e-04
   3.44637696e+02  -1.99557573e-04
   3.44638184e+02  -1.44117012e-05
   3.44638673e+02   2.30097517e-04
   3.44639161e+02   2.50816549e-04
   3.44639649e+02   5.37495471e-05
   3.44640138e+02  -7.54419161e-05
   3.44640626e+02  -2.78796244e-04
   3.44641114e+02  -3.29728762e-04
   3.44641603e+02  -4.37591225e-05
   3.44642091e+02  -1.30564586e-04
   3.44642579e+02  -2.57097650e-04
   3.44643067e+02   4.13696289e-05
   3.44643556e+02   7.96660679e-05
   3.44644044e+02  -1.88990889e-05
   3.44644532e+02   7.54461507e-05
   3.44645021e+02  -3.74469746e-05
   3.44645509e+02  -3.63287603e-04
   3.44645997e+02  -4.52176755e-04
   3.44646486e+02  -2.35686239e-04
   3.44646974e+02   5.35915897e-05
   3.44647462e+02   2.13702442e-04
   3.44647951e+02   5.18366542e-05
   3.44648439e+02  -4.87639772e-06
   3.44648927e+02   7.40648975e-05
   3.44649416e+02   5.21304319e-05
   3.44649904e+02  -8.20161949e-06
   3.44650392e+02  -1.08080181e-04
   3.44650881e+02  -4.43900026e-05
   3.44651369e+02   1.95157801e-04
   3.44651857e+02   2.68836622e-04
   3.44652346e+02   8.88646027e-05
   3.44652834e+02  -1.69699852e-04
   3.44653322e+02  -2.80613662e-04
   3.44653811e+02  -2.33397615e-04
   3.44654299e+02  -2.12526080e-04
   3.44654787e+02  -9.93482317e-05
   3.44655275e+02   1.04649107e-05
   3.44655764e+02  -8.22758648e-06
   3.44656252e+02  -1.00575642e-04
   3.44656740e+02  -1.53239947e-04
   3.44657229e+02  -6.41532097e-05
   3.44657717e+02  -2.62778049e-05
   3.44658205e+02  -1.47901155e-04
   3.44658694e+02  -1.47086088e-04
   3.44659182e+02  -8.12142753e-05
   3.44659670e+02  -6.98883814e-05
   3.44660159e+02   2.26958204e-04
   3.44660647e+02   5.57576772e-04
   3.44661135e+02   3.21629923e-04
   3.44661624e+02  -1.45384081e-04
   3.44662112e+02  -1.36369330e-04
   3.44662600e+02   1.56473179e-04
   3.44663089e+02   2.52803176e-04
   3.44663577e+02   8.88748946e-06
   3.44664065e+02   1.45291669e-05
   3.44664554e+02  -4.41121811e-05
   3.44665042e+02  -2.19531328e-04
   3.44665530e+02  -3.01168300e-04
   3.44666018e+02  -1.87544894e-04
   3.44666507e+02  -1.44966223e-04
   3.44666995e+02  -7.37934679e-05
   3.44667483e+02   1.29373220e-04
   3.44667972e+02   3.06902570e-04
   3.44668460e+02   1.61660675e-04
   3.44668948e+02   9.40017999e-05
   3.44669437e+02   2.11743700e-05
   3.44669925e+02  -4.54873589e-05
   3.44670413e+02   1.37214258e-04
   3.44670902e+02   1.14873874e-04
   3.44671390e+02   8.52470839e-05
   3.44671878e+02   3.31434479e-04
   3.44672367e+02   4.46002465e-04
   3.44672855e+02   3.90456757e-04
   3.44673343e+02   4.28077328e-05
   3.44673832e+02  -2.82974011e-04
   3.44674320e+02  -1.94458669e-04
   3.44674808e+02  -2.50083685e-04
   3.44675297e+02  -2.07396166e-04
   3.44675785e+02   1.81870142e-04
   3.44676273e+02   3.52111063e-04
   3.44676761e+02   9.18068035e-05
   3.44677250e+02  -2.46206560e-04
   3.44677738e+02  -1.04189603e-04
   3.44678226e+02   2.42229042e-04
   3.44678715e+02   4.23524267e-04
   3.44679203e+02   2.87323812e-04
   3.44679691e+02  -8.96387937e-05
   3.44680180e+02  -3.06255941e-04
   3.44680668e+02  -3.59638158e-04
   3.44681156e+02  -1.36081639e-04
   3.44681645e+02   1.55022950e-04
   3.44682133e+02   1.58508439e-04
   3.44682621e+02  -4.67455066e-05
   3.44683110e+02  -1.56018359e-04
   3.44683598e+02  -2.16022832e-04
   3.44684086e+02  -1.60507945e-04
   3.44684575e+02   1.19261043e-04
   3.44685063e+02   3.30797309e-04
   3.44685551e+02   4.82754549e-04
   3.44686040e+02   4.32682806e-04
   3.44686528e+02   2.84932117e-04
   3.44687016e+02   1.52424051e-04
   3.44687505e+02   7.74437576e-05
   3.44687993e+02   3.44633358e-04
   3.44688481e+02   5.11531427e-04
   3.44688969e+02   3.86249041e-04
   3.44689458e+02   2.67538941e-04
   3.44689946e+02   8.90542869e-05
   3.44690434e+02   1.65970792e-04
   3.44690923e+02   2.28437915e-04
   3.44691411e+02   6.52048402e-06
   3.44691899e+02   1.21904704e-04
   3.44692388e+02   2.74779100e-04
   3.44692876e+02  -1.95093071e-05
   3.44693364e+02  -2.38468318e-04
   3.44693853e+02  -1.68453538e-04
   3.44694341e+02  -7.80471310e-05
   3.44694829e+02   7.14228963e-06
   3.44695318e+02   3.01502732e-05
   3.44695806e+02  -5.93549703e-05
   3.44696294e+02  -1.56055990e-04
   3.44696783e+02   2.36145916e-05
   3.44697271e+02   3.14231293e-04
   3.44697759e+02   1.65206642e-04
   3.44698248e+02  -1.18528747e-04
   3.44698736e+02  -9.78049957e-06
   3.44699224e+02   8.27856202e-05
   3.44699712e+02  -2.09133104e-05
   3.44700201e+02  -1.45041631e-04
   3.44700689e+02  -3.18319158e-04
   3.44701177e+02  -2.75063358e-04
   3.44701666e+02   5.91045682e-06
   3.44702154e+02   9.81264020e-05
   3.44702642e+02   1.20970421e-04
   3.44703131e+02   9.78253302e-05
   3.44703619e+02   1.12492591e-04
   3.44704107e+02   2.67534168e-04
   3.44704596e+02   2.82630906e-04
   3.44705084e+02   2.23733558e-04
   3.44705572e+02   7.40640244e-05
   3.44706061e+02  -1.63605597e-04
   3.44706549e+02  -1.74361921e-04
   3.44707037e+02  -8.48074778e-05
   3.44707526e+02  -7.24931888e-05
   3.44708014e+02   4.93861007e-05
   3.44708502e+02   1.06888903e-04
   3.44708991e+02  -2.12835206e-04
   3.44709479e+02  -2.54733779e-04
   3.44709967e+02   2.35272833e-04
   3.44710456e+02   4.52332024e-04
   3.44710944e+02   1.82636271e-04
   3.44711432e+02   8.32145743e-05
   3.44711920e+02   1.53289613e-04
   3.44712409e+02   6.15375902e-05
   3.44712897e+02   1.12003931e-04
   3.44713385e+02   2.13529318e-04
   3.44713874e+02   1.22881029e-04
   3.44714362e+02  -9.50285830e-05
   3.44714850e+02  -2.63038877e-04
   3.44715339e+02  -1.85950223e-04
   3.44715827e+02  -5.03197189e-05
   3.44716315e+02  -6.21610088e-05
   3.44716804e+02  -8.39120985e-05
   3.44717292e+02  -2.56531548e-05
   3.44717780e+02   1.03339050e-06
   3.44718269e+02   4.63860633e-05
   3.44718757e+02   1.52075299e-04
   3.44719245e+02   9.51353941e-05
   3.44719734e+02  -1.87776590e-04
   3.44720222e+02  -3.16831312e-04
   3.44720710e+02  -2.90424505e-04
   3.44721199e+02  -2.30501711e-04
   3.44721687e+02   5.60791959e-05
   3.44722175e+02   1.87589205e-04
   3.44722663e+02   1.23512946e-04
   3.44723152e+02  -4.97424007e-05
   3.44723640e+02   1.42854913e-06
   3.44724128e+02   1.10510889e-04
   3.44724617e+02   7.84301956e-05
   3.44725105e+02   1.66955084e-04
   3.44725593e+02   1.12141679e-04
   3.44726082e+02  -2.32158476e-04
   3.44726570e+02  -2.18880930e-04
   3.44727058e+02   3.69312475e-05
   3.44727547e+02   9.32666371e-05
   3.44728035e+02  -1.10423221e-04
   3.44728523e+02  -3.60714563e-04
   3.44729012e+02  -1.97369620e-04
   3.44729500e+02   2.40278372e-04
   3.44729988e+02   4.32236557e-04
   3.44730477e+02   3.36533063e-04
   3.44730965e+02   2.85120535e-04
   3.44731453e+02   1.10538705e-04
   3.44731942e+02  -2.55472056e-04
   3.44732430e+02  -2.96876591e-04
   3.44732918e+02  -6.10341813e-05
   3.44733406e+02  -2.04263051e-05
   3.44733895e+02  -1.62058801e-04
   3.44734383e+02  -7.14830749e-05
   3.44734871e+02   7.80466580e-05
   3.44735360e+02   2.96186704e-06
   3.44735848e+02  -9.69115717e-05
   3.44736336e+02   9.42492552e-05
   3.44736825e+02   4.34267451e-04
   3.44737313e+02   4.87302372e-04
   3.44737801e+02   1.96465873e-04
   3.44738290e+02  -1.29652792e-04
   3.44738778e+02  -3.01998778e-04
   3.44739266e+02  -2.65645707e-04
   3.44739755e+02  -6.34065000e-05
   3.44740243e+02   2.14462852e-04
   3.44740731e+02   3.06772912e-04
   3.44741220e+02   1.73183289e-04
   3.44741708e+02   1.81837764e-04
   3.44742196e+02   2.94460711e-04
   3.44742685e+02   8.80222578e-05
   3.44743173e+02  -2.62306508e-04
   3.44743661e+02  -3.87787528e-04
   3.44744150e+02  -3.20095802e-04
   3.44744638e+02  -3.12315940e-04
   3.44745126e+02  -2.95741193e-04
   3.44745614e+02  -2.90167081e-04
   3.44746103e+02  -2.65163078e-04
   3.44746591e+02  -1.02114682e-04
   3.44747079e+02  -8.84441761e-05
   3.44747568e+02  -1.58255905e-04
   3.44748056e+02   3.12839402e-05
   3.44748544e+02   2.32323320e-04
   3.44749033e+02   6.98191725e-05
   3.44749521e+02  -2.02990283e-04
   3.44750009e+02  -3.07079521e-04
   3.44750498e+02  -2.15007094e-04
   3.44750986e+02  -6.48761397e-06
   3.44751474e+02  -1.02977010e-05
   3.44751963e+02  -8.35585015e-05
   3.44752451e+02   4.99392736e-05
   3.44752939e+02   1.44984442e-04
   3.44753428e+02   9.10603412e-05
   3.44753916e+02   2.06433197e-06
   3.44754404e+02  -1.97528789e-05
   3.44754893e+02   7.72274288e-05
   3.44755381e+02   3.11283540e-04
   3.44755869e+02   3.30140349e-04
   3.44756357e+02   1.02586535e-04
   3.44756846e+02   1.58551207e-04
   3.44757334e+02   2.36072461e-04
   3.44757822e+02  -1.18577940e-04
   3.44758311e+02  -4.89448605e-04
   3.44758799e+02  -5.80799591e-04
   3.44759287e+02  -4.63756965e-04
   3.44759776e+02  -2.18835747e-04
   3.44760264e+02  -6.94642513e-05
   3.44760752e+02  -2.44275052e-05
   3.44761241e+02  -3.96834621e-05
   3.44761729e+02  -4.76171408e-05
   3.44762217e+02  -8.74367106e-05
   3.44762706e+02  -1.22982630e-04
   3.44763194e+02   7.45756770e-05
   3.44763682e+02   3.28989147e-04
   3.44764171e+02   3.48288508e-04
   3.44764659e+02   3.27242393e-04
   3.44765147e+02   2.05025237e-04
   3.44765636e+02  -1.37094583e-04
   3.44766124e+02  -1.20289289e-04
   3.44766612e+02   2.17043525e-05
   3.44767100e+02  -2.58500309e-04
   3.44767589e+02  -3.21610773e-04
   3.44768077e+02   1.96075725e-05
   3.44768565e+02   1.01848564e-04
   3.44769054e+02  -1.14740615e-04
   3.44769542e+02  -1.39824871e-04
   3.44770030e+02  -1.65144684e-05
   3.44770519e+02   4.27199047e-05
   3.44771007e+02   1.51668264e-05
   3.44771495e+02  -9.85739098e-06
   3.44771984e+02  -9.57488592e-05
   3.44772472e+02  -1.69558843e-04
   3.44772960e+02   4.73471082e-05
   3.44773449e+02   3.62684630e-04
   3.44773937e+02   4.95103828e-04
   3.44774425e+02   3.24442459e-04
   3.44774914e+02   1.12161157e-04
   3.44775402e+02   1.56001333e-04
   3.44775890e+02   1.38114119e-04
   3.44776379e+02  -5.23427334e-05
   3.44776867e+02  -7.67658130e-05
   3.44777355e+02  -9.45093859e-07
   3.44777844e+02  -8.10274068e-05
   3.44778332e+02  -1.81682655e-04
   3.44778820e+02  -1.05235464e-04
   3.44779308e+02   5.42435555e-05
   3.44779797e+02   1.19824101e-04
   3.44780285e+02   2.23960742e-04
   3.44780773e+02   1.08322638e-04
   3.44781262e+02  -1.55972404e-04
   3.44781750e+02  -1.13503011e-04
   3.44782238e+02  -1.25370061e-04
   3.44782727e+02  -1.32718298e-04
   3.44783215e+02   1.56694496e-05
   3.44783703e+02  -1.48996667e-04
   3.44784192e+02  -2.85308051e-04
   3.44784680e+02  -1.90290841e-04
   3.44785168e+02  -1.99132090e-04
   3.44785657e+02  -1.01394035e-04
   3.44786145e+02   1.20550103e-04
   3.44786633e+02   2.41971007e-04
   3.44787122e+02   1.77427341e-04
   3.44787610e+02  -1.72505854e-04
   3.44788098e+02  -3.06977628e-04
   3.44788587e+02  -1.23103935e-04
   3.44789075e+02  -2.29062047e-04
   3.44789563e+02  -4.44803387e-04
   3.44790051e+02  -5.53754799e-04
   3.44790540e+02  -3.09557770e-04
   3.44791028e+02   1.75389752e-04
   3.44791516e+02   2.09963255e-04
   3.44792005e+02  -1.47692423e-04
   3.44792493e+02  -3.83284671e-04
   3.44792981e+02  -3.80241516e-04
   3.44793470e+02  -1.80434639e-04
   3.44793958e+02  -6.16751931e-05
   3.44794446e+02  -2.42709779e-04
   3.44794935e+02  -2.71359953e-04
   3.44795423e+02   4.00707395e-05
   3.44795911e+02   2.34984545e-04
   3.44796400e+02   1.57147922e-04
   3.44796888e+02   9.21374667e-05
   3.44797376e+02   1.44001053e-04
   3.44797865e+02   3.85092804e-04
   3.44798353e+02   4.54729219e-04
   3.44798841e+02   2.36293563e-04
   3.44799330e+02   9.61640981e-05
   3.44799818e+02  -1.00679317e-04
   3.44800306e+02  -1.86776888e-04
   3.44800794e+02   2.33134662e-04
   3.44801283e+02   4.08148218e-04
   3.44801771e+02   1.48044433e-04
   3.44802259e+02  -7.59327522e-05
   3.44802748e+02  -2.88172625e-04
   3.44803236e+02  -4.73157212e-04
   3.44803724e+02  -2.96634360e-04
   3.44804213e+02  -2.12713367e-05
   3.44804701e+02   2.60465342e-04
   3.44805189e+02   4.40999167e-04
   3.44805678e+02   3.08752264e-04
   3.44806166e+02   1.65571837e-04
   3.44806654e+02  -4.59509174e-05
   3.44807143e+02  -1.64295023e-04
   3.44807631e+02  -1.91654035e-04
   3.44808119e+02  -2.57767737e-04
   3.44808608e+02  -2.63443973e-04
   3.44809096e+02  -2.54376268e-04
   3.44809584e+02  -1.13639959e-04
   3.44810073e+02   1.02295897e-04
   3.44810561e+02   1.90243140e-04
   3.44811049e+02   5.69336880e-05
   3.44811538e+02  -8.92346579e-05
   3.44812026e+02  -1.00733494e-04
   3.44812514e+02   6.24911700e-05
   3.44813002e+02   3.18760314e-04
   3.44813491e+02   4.31331631e-04
   3.44813979e+02   4.04897059e-04
   3.44814467e+02   1.57817296e-04
   3.44814956e+02  -1.79733470e-04
   3.44815444e+02  -9.71391855e-05
   3.44815932e+02   2.76817562e-04
   3.44816421e+02   1.20884026e-04
   3.44816909e+02  -2.74582388e-04
   3.44817397e+02  -4.68870654e-04
   3.44817886e+02  -4.54357883e-04
   3.44818374e+02  -1.82764561e-04
   3.44818862e+02   1.16143301e-05
   3.44819351e+02   2.19041031e-04
   3.44819839e+02   2.82759080e-04
   3.44820327e+02   1.96360474e-04
   3.44820816e+02   2.08461977e-04
   3.44821304e+02   2.70880537e-05
   3.44821792e+02  -1.28060317e-04
   3.44822281e+02  -9.50310496e-05
   3.44822769e+02   8.71067969e-05
   3.44823257e+02   1.68575789e-04
   3.44823745e+02   4.74020089e-05
   3.44824234e+02   1.97105237e-05
   3.44824722e+02   4.59232324e-05
   3.44825210e+02   1.12248315e-04
   3.44825699e+02   2.03132411e-04
   3.44826187e+02   3.49759684e-05
   3.44826675e+02  -2.23016395e-05
   3.44827164e+02   8.21748763e-05
   3.44827652e+02   1.65575228e-04
   3.44828140e+02   1.74373417e-04
   3.44828629e+02   1.70493950e-04
   3.44829117e+02   1.78215458e-04
   3.44829605e+02   2.64931059e-05
   3.44830094e+02  -7.56410518e-05
   3.44830582e+02  -2.32106846e-04
   3.44831070e+02  -3.22522159e-04
   3.44831559e+02  -1.03165614e-04
   3.44832047e+02   3.92834627e-05
   3.44832535e+02   3.74824413e-05
   3.44833024e+02  -7.20890603e-05
   3.44833512e+02  -1.60178082e-04
   3.44834000e+02  -3.99960700e-05
   3.44834488e+02   1.33184556e-04
   3.44834977e+02   4.47962047e-05
   3.44835465e+02  -8.85141417e-05
   3.44835953e+02   1.32512854e-04
   3.44836442e+02   1.57353163e-04
   3.44836930e+02   5.00850801e-05
   3.44837418e+02   1.67547201e-04
   3.44837907e+02   1.08689244e-04
   3.44838395e+02   9.01236926e-05
   3.44838883e+02   2.70511548e-04
   3.44839372e+02   2.88373645e-04
   3.44839860e+02   2.09908234e-04
   3.44840348e+02   2.81493732e-04
   3.44840837e+02   2.94885016e-04
   3.44841325e+02  -7.25470818e-05
   3.44841813e+02  -2.40413341e-04
   3.44842302e+02  -1.98552239e-04
   3.44842790e+02  -7.72698695e-05
   3.44843278e+02   8.26492396e-05
   3.44843767e+02   1.35287541e-04
   3.44844255e+02   1.04203093e-04
   3.44844743e+02   1.33978247e-04
   3.44845232e+02   1.56879905e-04
   3.44845720e+02   1.03275590e-04
   3.44846208e+02   1.36514063e-04
   3.44846696e+02   1.28847096e-04
   3.44847185e+02  -6.26323890e-05
   3.44847673e+02  -2.13508785e-04
   3.44848161e+02  -2.52308295e-04
   3.44848650e+02  -3.54495307e-04
   3.44849138e+02  -3.95679497e-04
   3.44849626e+02  -2.51919671e-04
   3.44850115e+02   3.91508956e-06
   3.44850603e+02   1.23787700e-04
   3.44851091e+02  -1.16339812e-04
   3.44851580e+02  -2.84430629e-04
   3.44852068e+02   1.49748666e-05
   3.44852556e+02   2.04263124e-04
   3.44853045e+02   1.29422595e-04
   3.44853533e+02   7.90699996e-05
   3.44854021e+02   1.44239739e-05
   3.44854510e+02  -2.93782068e-05
   3.44854998e+02   2.45813299e-05
   3.44855486e+02   1.02991893e-04
   3.44855975e+02   1.06991989e-04
   3.44856463e+02   2.65505168e-05
   3.44856951e+02  -1.56280017e-04
   3.44857439e+02  -1.03476574e-04
   3.44857928e+02   9.23755506e-05
   3.44858416e+02   1.73044245e-04
   3.44858904e+02   1.32643225e-04
   3.44859393e+02   2.42714945e-04
   3.44859881e+02   4.07428306e-04
   3.44860369e+02   3.81195627e-04
   3.44860858e+02   2.71761877e-04
   3.44861346e+02   2.20602524e-04
   3.44861834e+02   2.58607295e-04
   3.44862323e+02   3.19218001e-04
   3.44862811e+02   3.50744143e-04
   3.44863299e+02   3.25147936e-04
   3.44863788e+02   2.44494237e-04
   3.44864276e+02   1.48602470e-04
   3.44864764e+02  -3.85672065e-05
   3.44865253e+02  -9.23518201e-06
   3.44865741e+02   3.01433411e-05
   3.44866229e+02  -1.62908065e-04
   3.44866718e+02  -3.24844063e-04
   3.44867206e+02  -3.38712183e-04
   3.44867694e+02  -1.50727254e-04
   3.44868183e+02   5.83713045e-05
   3.44868671e+02   3.86259890e-05
   3.44869159e+02  -1.39042158e-05
   3.44869647e+02   1.53519970e-04
   3.44870136e+02   1.27209758e-04
   3.44870624e+02  -1.11921381e-05
   3.44871112e+02   5.54667567e-05
   3.44871601e+02   2.79005355e-04
   3.44872089e+02   2.87834759e-04
   3.44872577e+02  -1.03950428e-04
   3.44873066e+02  -3.04199813e-04
   3.44873554e+02  -2.35748143e-04
   3.44874042e+02  -3.23816319e-04
   3.44874531e+02  -4.19883814e-04
   3.44875019e+02  -2.78613355e-04
   3.44875507e+02  -1.06906082e-05
   3.44875996e+02   1.73038658e-04
   3.44876484e+02   4.37298695e-05
   3.44876972e+02  -1.59044183e-04
   3.44877461e+02   1.95469529e-05
   3.44877949e+02   2.58508953e-04
   3.44878437e+02  -3.29612631e-05
   3.44878926e+02  -5.68480289e-04
   3.44879414e+02  -5.65284106e-04
   3.44879902e+02  -3.21078929e-04
   3.44880390e+02  -4.56049107e-04
   3.44880879e+02  -5.23443683e-04
   3.44881367e+02  -1.54864319e-04
   3.44881855e+02   3.71886970e-04
   3.44882344e+02   4.93740023e-04
   3.44882832e+02   1.86566816e-04
   3.44883320e+02   1.18037569e-04
   3.44883809e+02   3.59862141e-04
   3.44884297e+02   2.44439841e-04
   3.44884785e+02  -6.01610918e-06
   3.44885274e+02   1.32696892e-04
   3.44885762e+02   2.34322870e-04
   3.44886250e+02   1.27513864e-04
   3.44886739e+02   7.07526924e-05
   3.44887227e+02   3.82638900e-05
   3.44887715e+02  -1.42452511e-04
   3.44888204e+02  -2.39986563e-04
   3.44888692e+02  -2.58375312e-05
   3.44889180e+02   1.18895790e-04
   3.44889669e+02   8.88678696e-05
   3.44890157e+02   5.03311785e-05
   3.44890645e+02   8.04618467e-05
   3.44891133e+02   8.14409505e-05
   3.44891622e+02  -3.23574204e-05
   3.44892110e+02  -1.59638759e-04
   3.44892598e+02  -2.69972079e-04
   3.44893087e+02  -3.00365296e-04
   3.44893575e+02  -1.63509714e-04
   3.44894063e+02  -1.25345878e-05
   3.44894552e+02  -7.35461945e-05
   3.44895040e+02  -7.48626262e-05
   3.44895528e+02  -4.83036165e-05
   3.44896017e+02  -2.84135167e-04
   3.44896505e+02  -2.51261983e-04
   3.44896993e+02  -1.01367943e-04
   3.44897482e+02   5.91189309e-05
   3.44897970e+02   3.64537816e-04
   3.44898458e+02   4.02978534e-04
   3.44898947e+02   2.41458838e-04
   3.44899435e+02   1.73665849e-05
   3.44899923e+02  -1.01889054e-04
   3.44900412e+02   1.16307550e-04
   3.44900900e+02   1.66792917e-04
   3.44901388e+02   9.91665547e-06
   3.44901877e+02  -1.04501851e-05
   3.44902365e+02  -2.10497219e-05
   3.44902853e+02  -9.79806937e-05
   3.44903341e+02  -1.33054884e-04
   3.44903830e+02  -1.14318660e-04
   3.44904318e+02   6.57456767e-05
   3.44904806e+02   2.36590713e-04
   3.44905295e+02   2.23652314e-04
   3.44905783e+02   2.67188589e-04
   3.44906271e+02   9.77209347e-05
   3.44906760e+02  -1.96325287e-04
   3.44907248e+02  -4.46552767e-05
   3.44907736e+02   3.24792374e-04
   3.44908225e+02   4.61285352e-04
   3.44908713e+02   3.34932702e-04
   3.44909201e+02   2.66688498e-04
   3.44909690e+02   3.65309999e-04
   3.44910178e+02   3.43695894e-04
   3.44910666e+02   2.28052828e-04
   3.44911155e+02   1.75629284e-05
   3.44911643e+02  -1.96197841e-04
   3.44912131e+02  -2.87593575e-04
   3.44912620e+02  -4.59624163e-04
   3.44913108e+02  -4.62329597e-04
   3.44913596e+02  -2.06254001e-04
   3.44914084e+02  -1.63960984e-04
   3.44914573e+02  -1.00279889e-04
   3.44915061e+02   2.23939613e-04
   3.44915549e+02   3.81983118e-04
   3.44916038e+02  -1.29360888e-05
   3.44916526e+02  -4.01114085e-04
   3.44917014e+02  -2.56199681e-04
   3.44917503e+02  -2.31750702e-04
   3.44917991e+02  -3.46562592e-04
   3.44918479e+02  -5.85706948e-06
   3.44918968e+02   2.83356581e-04
   3.44919456e+02   1.14452614e-05
   3.44919944e+02  -3.64445441e-04
   3.44920433e+02  -4.21200995e-04
   3.44920921e+02  -3.04388726e-04
   3.44921409e+02  -2.26025062e-04
   3.44921898e+02  -1.54526962e-04
   3.44922386e+02   5.94650373e-05
   3.44922874e+02   1.01284546e-04
   3.44923363e+02   9.59239514e-06
   3.44923851e+02  -9.99119948e-05
   3.44924339e+02  -1.46063656e-04
   3.44924827e+02  -1.40778066e-04
   3.44925316e+02  -9.31662871e-05
   3.44925804e+02   1.47660947e-04
   3.44926292e+02   4.27588297e-04
   3.44926781e+02   3.49993439e-04
   3.44927269e+02  -1.30562112e-04
   3.44927757e+02  -2.77576502e-04
   3.44928246e+02  -1.90894498e-04
   3.44928734e+02  -2.83508154e-04
   3.44929222e+02  -3.26048961e-04
   3.44929711e+02  -1.97912348e-04
   3.44930199e+02  -1.21152398e-05
   3.44930687e+02  -3.68574632e-07
   3.44931176e+02  -1.15943731e-05
   3.44931664e+02   1.39906449e-04
   3.44932152e+02   8.71121210e-06
   3.44932641e+02  -1.44955557e-04
   3.44933129e+02   2.08277233e-05
   3.44933617e+02  -1.53166548e-05
   3.44934106e+02  -1.17467222e-04
   3.44934594e+02  -1.46512379e-04
   3.44935082e+02  -2.13079009e-04
   3.44935571e+02  -8.49768403e-05
   3.44936059e+02   1.34863178e-04
   3.44936547e+02   2.01869989e-04
   3.44937035e+02   2.78436521e-04
   3.44937524e+02   3.05490452e-04
   3.44938012e+02   3.14408651e-04
   3.44938500e+02   5.60429413e-04
   3.44938989e+02   6.25147892e-04
   3.44939477e+02   2.63583468e-04
   3.44939965e+02   1.00442267e-04
   3.44940454e+02   4.14413335e-05
   3.44940942e+02  -1.83172597e-04
   3.44941430e+02  -2.16419445e-04
   3.44941919e+02   4.27663836e-05
   3.44942407e+02   3.51833063e-04
   3.44942895e+02   4.34285437e-04
   3.44943384e+02   2.37817658e-04
   3.44943872e+02   5.50424811e-05
   3.44944360e+02   1.98604699e-04
   3.44944849e+02   2.32482067e-04
   3.44945337e+02   1.99329254e-04
   3.44945825e+02   3.76210664e-04
   3.44946314e+02   1.21229903e-04
   3.44946802e+02  -1.35888491e-04
   3.44947290e+02   1.57158298e-04
   3.44947778e+02   1.04529267e-04
   3.44948267e+02  -2.47433636e-04
   3.44948755e+02  -2.10622806e-04
   3.44949243e+02   1.35858791e-04
   3.44949732e+02   2.02571071e-04
   3.44950220e+02   5.47495620e-06
   3.44950708e+02   1.37939001e-04
   3.44951197e+02   1.97233705e-04
   3.44951685e+02  -1.41287892e-05
   3.44952173e+02  -2.33814935e-04
   3.44952662e+02  -3.52779170e-04
   3.44953150e+02  -1.41721393e-04
   3.44953638e+02   9.49278547e-05
   3.44954127e+02  -1.24207043e-04
   3.44954615e+02  -2.27848039e-04
