frequency (GHz), flux (Jy/beam)
   3.44888470e+02  -8.25056457e-04
   3.44888959e+02  -2.61545787e-03
   3.44889447e+02  -3.60791525e-03
   3.44889935e+02  -2.99443025e-03
   3.44890423e+02  -1.03911303e-03
   3.44890912e+02   3.00552609e-04
   3.44891400e+02   2.72242294e-04
   3.44891888e+02   8.32993595e-04
   3.44892377e+02  -8.62772635e-04
   3.44892865e+02  -5.28793456e-03
   3.44893353e+02  -5.82533749e-03
   3.44893842e+02  -2.72097485e-03
   3.44894330e+02  -5.00109782e-05
   3.44894818e+02   9.17612575e-04
   3.44895307e+02  -2.34429885e-04
   3.44895795e+02   2.83623667e-04
   3.44896283e+02   3.06443521e-03
   3.44896771e+02   2.76799104e-03
   3.44897260e+02   1.29982014e-03
   3.44897748e+02   5.99736057e-04
   3.44898236e+02  -2.31624185e-03
   3.44898725e+02  -3.56139336e-03
   3.44899213e+02  -6.14761317e-04
   3.44899701e+02   1.35377876e-03
   3.44900190e+02   1.98328227e-04
   3.44900678e+02  -2.01873225e-03
   3.44901166e+02  -1.77697442e-03
   3.44901655e+02   1.07801985e-03
   3.44902143e+02   1.55761221e-03
   3.44902631e+02  -6.08629198e-05
   3.44903119e+02  -4.14287118e-04
   3.44903608e+02  -6.98752294e-04
   3.44904096e+02  -1.06354826e-03
   3.44904584e+02  -4.62044176e-04
   3.44905073e+02   2.34485386e-04
   3.44905561e+02   6.15629659e-04
   3.44906049e+02   1.00197678e-03
   3.44906538e+02   1.21324684e-03
   3.44907026e+02   8.94708268e-04
   3.44907514e+02   9.06700385e-04
   3.44908003e+02   9.34795593e-04
   3.44908491e+02   3.29638046e-04
   3.44908979e+02  -1.24136661e-03
   3.44909467e+02  -2.64751539e-03
   3.44909956e+02  -1.95237226e-03
   3.44910444e+02  -3.29683353e-05
   3.44910932e+02  -8.57057748e-05
   3.44911421e+02  -1.95640838e-03
   3.44911909e+02  -2.21440033e-03
   3.44912397e+02  -7.65298260e-04
   3.44912886e+02   3.55406810e-04
   3.44913374e+02   6.05771260e-04
   3.44913862e+02  -1.89770708e-05
   3.44914351e+02  -1.30587490e-03
   3.44914839e+02  -2.15101358e-03
   3.44915327e+02  -2.28073448e-03
   3.44915815e+02  -2.55263504e-03
   3.44916304e+02  -1.00014184e-03
   3.44916792e+02   1.36538444e-03
   3.44917280e+02   1.89798372e-03
   3.44917769e+02   2.05953396e-03
   3.44918257e+02   2.26959237e-03
   3.44918745e+02   1.58648682e-03
   3.44919234e+02   6.97994663e-04
   3.44919722e+02  -8.41305737e-05
   3.44920210e+02  -7.99420581e-04
   3.44920699e+02  -1.46313710e-03
   3.44921187e+02  -1.35117478e-03
   3.44921675e+02  -3.94815026e-04
   3.44922163e+02  -3.96363379e-04
   3.44922652e+02   5.27116499e-05
   3.44923140e+02   8.22138565e-04
   3.44923628e+02  -1.11563050e-03
   3.44924117e+02  -2.21208902e-03
   3.44924605e+02  -1.75889104e-03
   3.44925093e+02  -2.30727345e-03
   3.44925582e+02  -2.02666433e-03
   3.44926070e+02  -9.33592150e-04
   3.44926558e+02   2.31568905e-04
   3.44927047e+02   1.20154920e-03
   3.44927535e+02   1.34473597e-03
   3.44928023e+02   1.61529833e-03
   3.44928512e+02   2.07262160e-03
   3.44929000e+02   1.21585221e-03
   3.44929488e+02   9.10881354e-05
   3.44929976e+02   1.39153085e-03
   3.44930465e+02   2.41898559e-03
   3.44930953e+02   1.38863502e-03
   3.44931441e+02   1.77386182e-03
   3.44931930e+02   2.66789855e-03
   3.44932418e+02   1.93700311e-03
   3.44932906e+02  -5.70436881e-04
   3.44933395e+02  -2.85058725e-03
   3.44933883e+02  -1.21602602e-03
   3.44934371e+02   3.43083288e-03
   3.44934860e+02   5.35462936e-03
   3.44935348e+02   2.48970790e-03
   3.44935836e+02  -2.85705784e-04
   3.44936324e+02   7.52623251e-04
   3.44936813e+02   2.51035905e-03
   3.44937301e+02   3.33532435e-03
   3.44937789e+02   5.00574056e-03
   3.44938278e+02   4.55446541e-03
   3.44938766e+02   1.02845696e-03
   3.44939254e+02  -7.29615916e-04
   3.44939743e+02   4.61137359e-04
   3.44940231e+02   3.77337355e-03
   3.44940719e+02   5.00617316e-03
   3.44941208e+02   2.10345304e-03
   3.44941696e+02  -1.24408369e-04
   3.44942184e+02   8.30531120e-04
   3.44942672e+02   2.51593604e-03
   3.44943161e+02   2.76688300e-03
   3.44943649e+02   1.86565402e-03
   3.44944137e+02   1.21238350e-03
   3.44944626e+02  -2.37438735e-03
   3.44945114e+02  -3.46037559e-03
   3.44945602e+02  -2.64263898e-03
   3.44946091e+02  -1.69320626e-03
   3.44946579e+02  -1.15822384e-03
   3.44947067e+02  -6.83957827e-04
   3.44947556e+02   9.71790214e-05
   3.44948044e+02  -1.10526977e-03
   3.44948532e+02  -2.72085983e-03
   3.44949020e+02  -2.01105839e-03
   3.44949509e+02  -6.72539580e-04
   3.44949997e+02   1.10093970e-03
   3.44950485e+02   1.04545685e-03
   3.44950974e+02  -5.01166331e-04
   3.44951462e+02   1.88038233e-04
   3.44951950e+02   1.09499216e-03
   3.44952439e+02  -7.63698423e-04
   3.44952927e+02  -3.27190803e-03
   3.44953415e+02  -3.47778993e-03
   3.44953904e+02  -1.47652533e-03
   3.44954392e+02   6.17302430e-04
   3.44954880e+02   7.73719337e-04
   3.44955368e+02  -2.21389360e-04
   3.44955857e+02  -5.75294252e-04
   3.44956345e+02  -6.72031183e-06
   3.44956833e+02  -8.99302977e-05
   3.44957322e+02  -4.27838473e-04
   3.44957810e+02   2.91182980e-04
   3.44958298e+02   6.96923118e-04
   3.44958787e+02  -8.08145734e-04
   3.44959275e+02  -2.91660661e-03
   3.44959763e+02  -3.32257757e-03
   3.44960252e+02  -2.06503738e-03
   3.44960740e+02   4.31164575e-04
   3.44961228e+02   2.08976911e-03
   3.44961716e+02   1.74682029e-03
   3.44962205e+02   1.31424773e-03
   3.44962693e+02   1.82468921e-03
   3.44963181e+02   1.72310125e-03
   3.44963670e+02   8.63949070e-04
   3.44964158e+02   1.83169599e-04
   3.44964646e+02  -1.88332415e-04
   3.44965135e+02   1.16084132e-03
   3.44965623e+02   2.88205431e-03
   3.44966111e+02   1.90904038e-03
   3.44966600e+02  -4.86307545e-04
   3.44967088e+02  -7.08550680e-04
   3.44967576e+02   4.07557876e-04
   3.44968065e+02   9.36995202e-04
   3.44968553e+02   5.95760415e-04
   3.44969041e+02  -7.25746213e-04
   3.44969529e+02  -1.89790945e-03
   3.44970018e+02  -1.26265734e-03
   3.44970506e+02  -3.63056984e-04
   3.44970994e+02  -5.66977891e-04
   3.44971483e+02  -1.84032286e-03
   3.44971971e+02  -2.39473442e-03
   3.44972459e+02  -1.22323411e-03
   3.44972948e+02   2.95464066e-04
   3.44973436e+02   7.20972603e-04
   3.44973924e+02  -9.73548973e-04
   3.44974413e+02  -1.83697173e-03
   3.44974901e+02  -1.32458040e-03
   3.44975389e+02   1.26923449e-04
   3.44975877e+02   3.01955501e-03
   3.44976366e+02   3.55958706e-03
   3.44976854e+02   5.75514510e-04
   3.44977342e+02  -1.25031953e-03
   3.44977831e+02  -2.40098903e-04
   3.44978319e+02   5.26518079e-06
   3.44978807e+02  -5.08894678e-04
   3.44979296e+02  -2.64523900e-04
   3.44979784e+02  -6.77151838e-05
   3.44980272e+02   7.36888323e-04
   3.44980761e+02   8.07368488e-04
   3.44981249e+02  -3.45272449e-04
   3.44981737e+02   6.58852630e-04
   3.44982225e+02   1.83455576e-03
   3.44982714e+02   1.01422647e-03
   3.44983202e+02   1.50923443e-04
   3.44983690e+02   8.46675466e-05
   3.44984179e+02   7.17818213e-04
   3.44984667e+02   2.62712385e-03
   3.44985155e+02   3.44776362e-03
   3.44985644e+02   6.32050098e-04
   3.44986132e+02  -2.02901498e-03
   3.44986620e+02  -2.39592558e-03
   3.44987109e+02  -2.33399216e-03
   3.44987597e+02  -2.21739896e-03
   3.44988085e+02  -2.00598780e-03
   3.44988573e+02  -2.34388351e-03
   3.44989062e+02  -1.63827802e-03
   3.44989550e+02   6.63559476e-04
   3.44990038e+02   1.18618039e-03
   3.44990527e+02   1.58049326e-04
   3.44991015e+02  -2.37305474e-04
   3.44991503e+02  -5.33358718e-04
   3.44991992e+02  -5.79981366e-04
   3.44992480e+02   3.89211258e-04
   3.44992968e+02   1.32887263e-03
   3.44993457e+02  -4.49826504e-04
   3.44993945e+02  -2.73111509e-03
   3.44994433e+02  -1.01442065e-03
   3.44994921e+02   1.33712857e-03
   3.44995410e+02   1.43259892e-03
   3.44995898e+02  -4.93629414e-05
   3.44996386e+02  -1.69722945e-03
   3.44996875e+02  -1.73465791e-03
   3.44997363e+02  -4.25914652e-04
   3.44997851e+02   3.46841902e-04
   3.44998340e+02   1.45517313e-03
   3.44998828e+02   3.07215890e-03
   3.44999316e+02   2.97470833e-03
   3.44999805e+02   1.00702851e-03
   3.45000293e+02  -1.04985456e-03
   3.45000781e+02  -2.70866207e-03
   3.45001269e+02  -2.74075218e-03
   3.45001758e+02  -1.92934158e-03
   3.45002246e+02  -5.94878220e-04
   3.45002734e+02   1.21572439e-03
   3.45003223e+02   1.45272294e-03
   3.45003711e+02   6.06235175e-04
   3.45004199e+02   1.20152731e-03
   3.45004688e+02   3.08061205e-03
   3.45005176e+02   1.90291565e-03
   3.45005664e+02  -2.02796058e-04
   3.45006153e+02  -6.63561921e-04
   3.45006641e+02   2.59132154e-04
   3.45007129e+02   2.42743944e-03
   3.45007618e+02   2.27620825e-03
   3.45008106e+02   1.64081214e-03
   3.45008594e+02   2.51439889e-03
   3.45009082e+02   1.51143444e-03
   3.45009571e+02   3.90305649e-04
   3.45010059e+02   1.06378121e-03
   3.45010547e+02   2.08891183e-03
   3.45011036e+02   2.15185760e-03
   3.45011524e+02   2.17171153e-03
   3.45012012e+02   2.67383805e-03
   3.45012501e+02   2.71511241e-03
   3.45012989e+02   2.68503278e-03
   3.45013477e+02   2.51321471e-03
   3.45013966e+02   1.59954908e-03
   3.45014454e+02  -8.70899530e-05
   3.45014942e+02  -1.54649466e-03
   3.45015430e+02  -5.10055048e-04
   3.45015919e+02   9.20216204e-04
   3.45016407e+02   2.04812295e-05
   3.45016895e+02  -1.85150676e-03
   3.45017384e+02  -2.19862396e-03
   3.45017872e+02  -8.42157053e-04
   3.45018360e+02  -1.61338830e-04
   3.45018849e+02  -8.94431840e-04
   3.45019337e+02  -2.21611606e-03
   3.45019825e+02  -2.84280628e-03
   3.45020314e+02  -7.21622549e-04
   3.45020802e+02   1.63601281e-03
   3.45021290e+02   8.36927211e-04
   3.45021778e+02   6.12113043e-04
   3.45022267e+02   2.71017500e-03
   3.45022755e+02   2.55683856e-03
   3.45023243e+02   1.67341158e-03
   3.45023732e+02   2.64978688e-03
   3.45024220e+02   1.99383707e-03
   3.45024708e+02  -5.22090180e-04
   3.45025197e+02  -2.28616656e-04
   3.45025685e+02   1.59387267e-03
   3.45026173e+02   7.29114166e-04
   3.45026662e+02   1.58286493e-04
   3.45027150e+02   1.34061312e-03
   3.45027638e+02   1.00827718e-03
   3.45028126e+02   2.79994361e-04
   3.45028615e+02   1.12850755e-03
   3.45029103e+02   2.03510839e-03
   3.45029591e+02   2.01615435e-03
   3.45030080e+02   2.07009679e-03
   3.45030568e+02   1.88137067e-03
   3.45031056e+02   2.60225381e-04
   3.45031545e+02  -2.07095337e-03
   3.45032033e+02  -3.35079618e-03
   3.45032521e+02  -3.37938149e-03
   3.45033010e+02  -2.31855665e-03
   3.45033498e+02  -1.39479074e-04
   3.45033986e+02   1.29240495e-03
   3.45034474e+02   1.41478737e-03
   3.45034963e+02   7.89394311e-04
   3.45035451e+02  -2.60776229e-04
   3.45035939e+02  -2.54459633e-03
   3.45036428e+02  -3.48160230e-03
   3.45036916e+02  -1.58555654e-03
   3.45037404e+02   5.96046739e-04
   3.45037893e+02   1.66277867e-03
   3.45038381e+02   1.31812121e-03
   3.45038869e+02  -3.98988253e-04
   3.45039358e+02  -1.79889228e-03
   3.45039846e+02  -1.92943879e-03
   3.45040334e+02  -1.63000310e-03
   3.45040822e+02  -6.08801784e-04
   3.45041311e+02  -4.76514339e-04
   3.45041799e+02  -1.72374479e-03
   3.45042287e+02  -1.39168289e-03
   3.45042776e+02  -9.93033289e-04
   3.45043264e+02  -1.68114970e-03
   3.45043752e+02  -1.77615217e-03
   3.45044241e+02  -1.37554528e-03
   3.45044729e+02  -1.11397705e-03
   3.45045217e+02  -1.60902133e-03
   3.45045706e+02  -1.59995200e-03
   3.45046194e+02  -1.43919233e-03
   3.45046682e+02  -1.24080316e-03
   3.45047171e+02  -2.80164619e-04
   3.45047659e+02   2.95311038e-04
   3.45048147e+02   9.56012926e-04
   3.45048635e+02   6.30194088e-04
   3.45049124e+02  -1.78578985e-03
   3.45049612e+02  -3.35561251e-03
   3.45050100e+02  -1.19025505e-03
   3.45050589e+02   9.11415205e-04
   3.45051077e+02  -8.44908180e-04
   3.45051565e+02  -1.43271929e-03
   3.45052054e+02   6.66593609e-04
   3.45052542e+02   1.81525643e-03
   3.45053030e+02   2.78074155e-03
   3.45053519e+02   3.00333858e-03
   3.45054007e+02   4.28469502e-04
   3.45054495e+02  -1.51953939e-03
   3.45054983e+02   1.77933136e-04
   3.45055472e+02   1.97964418e-03
   3.45055960e+02   2.23778561e-03
   3.45056448e+02   1.61744130e-03
   3.45056937e+02   7.92708946e-04
   3.45057425e+02  -8.51257391e-06
   3.45057913e+02   4.28274652e-04
   3.45058402e+02   1.25305832e-03
   3.45058890e+02   3.59462720e-04
   3.45059378e+02   5.15802996e-04
   3.45059867e+02   1.83727813e-03
   3.45060355e+02   1.51606905e-03
   3.45060843e+02   1.13664346e-03
   3.45061331e+02   1.79419958e-03
   3.45061820e+02   1.26001157e-03
   3.45062308e+02   1.17486762e-03
   3.45062796e+02   2.49932054e-04
   3.45063285e+02  -1.65682158e-03
   3.45063773e+02  -1.61142158e-03
   3.45064261e+02   6.14599499e-04
   3.45064750e+02   1.60637160e-03
   3.45065238e+02   8.71857686e-04
   3.45065726e+02   9.41024628e-04
   3.45066215e+02   1.54405890e-03
   3.45066703e+02   1.12419040e-03
   3.45067191e+02  -5.56000392e-04
   3.45067679e+02  -6.11987605e-04
   3.45068168e+02   7.65837845e-04
   3.45068656e+02   8.34824285e-04
   3.45069144e+02  -3.66283261e-04
   3.45069633e+02  -1.47148722e-03
   3.45070121e+02  -1.62904640e-03
   3.45070609e+02  -1.05250033e-03
   3.45071098e+02   2.99069914e-04
   3.45071586e+02   9.47985740e-04
   3.45072074e+02   3.11868876e-04
   3.45072563e+02   1.01457554e-04
   3.45073051e+02   1.71462039e-03
   3.45073539e+02   4.01746482e-03
   3.45074027e+02   2.71750009e-03
   3.45074516e+02  -4.25175211e-04
   3.45075004e+02  -1.08444761e-03
   3.45075492e+02  -9.69350687e-04
   3.45075981e+02  -2.15604552e-03
   3.45076469e+02  -3.90877854e-03
   3.45076957e+02  -3.74688953e-03
   3.45077446e+02  -1.64513569e-03
   3.45077934e+02  -7.13138143e-04
   3.45078422e+02  -1.55794364e-03
   3.45078911e+02  -1.56853243e-03
   3.45079399e+02  -5.87652030e-04
   3.45079887e+02  -6.48554473e-04
   3.45080375e+02  -3.93714930e-04
   3.45080864e+02   2.24967385e-04
   3.45081352e+02  -3.08593881e-04
   3.45081840e+02  -5.44448092e-04
   3.45082329e+02   6.85530715e-04
   3.45082817e+02   2.37686839e-03
   3.45083305e+02   2.86402670e-03
   3.45083794e+02   2.19781697e-03
   3.45084282e+02   2.59317877e-03
   3.45084770e+02   3.28627881e-03
   3.45085259e+02   1.45929784e-03
   3.45085747e+02  -3.76319804e-04
   3.45086235e+02  -4.96081891e-04
   3.45086724e+02  -9.53408075e-04
   3.45087212e+02  -1.55200111e-03
   3.45087700e+02  -1.17010181e-03
   3.45088188e+02   3.14646022e-04
   3.45088677e+02   1.53992104e-03
   3.45089165e+02   1.72749709e-03
   3.45089653e+02   1.43053313e-03
   3.45090142e+02   1.33674860e-03
   3.45090630e+02   1.56030129e-03
   3.45091118e+02   2.80415174e-03
   3.45091607e+02   2.65803933e-03
   3.45092095e+02   2.47884105e-04
   3.45092583e+02  -8.01835326e-04
   3.45093072e+02  -1.36783827e-04
   3.45093560e+02   2.67614727e-04
   3.45094048e+02  -6.59199432e-05
   3.45094536e+02  -1.48921099e-03
   3.45095025e+02  -1.69725833e-03
   3.45095513e+02   1.12025766e-03
   3.45096001e+02   3.18311295e-03
   3.45096490e+02   2.63575162e-03
   3.45096978e+02   1.67746318e-03
   3.45097466e+02   1.40029448e-03
   3.45097955e+02   1.17441628e-03
   3.45098443e+02   6.23625601e-05
   3.45098931e+02  -1.96286617e-03
   3.45099420e+02  -2.09461804e-03
   3.45099908e+02  -1.02168741e-03
   3.45100396e+02  -1.83152384e-03
   3.45100884e+02  -1.45604834e-03
   3.45101373e+02   4.70279832e-04
   3.45101861e+02   1.49432721e-03
   3.45102349e+02   3.10608139e-03
   3.45102838e+02   3.23487469e-03
   3.45103326e+02  -8.99660299e-05
   3.45103814e+02  -2.39176652e-03
   3.45104303e+02  -2.18036212e-03
   3.45104791e+02  -9.73097980e-04
   3.45105279e+02   8.23501381e-04
   3.45105768e+02   9.03069216e-04
   3.45106256e+02  -1.09112402e-03
   3.45106744e+02  -1.00875238e-03
   3.45107232e+02   3.20431282e-04
   3.45107721e+02  -4.29236206e-05
   3.45108209e+02  -6.68713066e-04
   3.45108697e+02   1.17345560e-04
   3.45109186e+02   1.15422159e-03
   3.45109674e+02   1.66247750e-03
   3.45110162e+02   1.02208648e-03
   3.45110651e+02   2.09550461e-04
   3.45111139e+02   3.38695623e-04
   3.45111627e+02  -1.31802191e-03
   3.45112116e+02  -2.38397857e-03
   3.45112604e+02   2.28958350e-04
   3.45113092e+02   2.61335517e-03
   3.45113580e+02   2.21710792e-03
   3.45114069e+02   6.68147055e-04
   3.45114557e+02  -1.17797160e-03
   3.45115045e+02  -1.37793657e-03
   3.45115534e+02   1.03866693e-03
   3.45116022e+02   2.35814648e-03
   3.45116510e+02   2.26005213e-03
   3.45116999e+02   3.20500880e-03
   3.45117487e+02   3.73729388e-03
   3.45117975e+02   2.47718138e-03
   3.45118464e+02   1.87658134e-03
   3.45118952e+02   2.08382425e-03
   3.45119440e+02   3.42819199e-04
   3.45119928e+02  -1.46573747e-03
   3.45120417e+02  -2.24957053e-04
   3.45120905e+02   1.74170185e-03
   3.45121393e+02   1.15034427e-03
   3.45121882e+02  -1.04228104e-03
   3.45122370e+02  -2.15874659e-03
   3.45122858e+02  -4.63571574e-04
   3.45123347e+02   1.77865371e-03
   3.45123835e+02   1.55234104e-03
   3.45124323e+02  -5.15883788e-04
   3.45124812e+02  -1.33127731e-03
   3.45125300e+02  -1.93955773e-03
   3.45125788e+02  -1.26826728e-03
   3.45126277e+02   2.00185878e-03
   3.45126765e+02   3.24779307e-03
   3.45127253e+02   1.07129978e-03
   3.45127741e+02  -1.69935427e-03
   3.45128230e+02  -9.60693520e-04
   3.45128718e+02   1.34250720e-03
   3.45129206e+02   1.21752371e-03
   3.45129695e+02   1.16446777e-03
   3.45130183e+02   5.27516357e-04
   3.45130671e+02  -1.26568472e-03
   3.45131160e+02  -1.68519514e-03
   3.45131648e+02  -1.50015880e-03
   3.45132136e+02  -1.97385554e-03
   3.45132625e+02  -1.66967872e-03
   3.45133113e+02  -1.13910460e-03
   3.45133601e+02  -4.54876485e-04
   3.45134089e+02  -4.88849182e-04
   3.45134578e+02  -2.50660651e-03
   3.45135066e+02  -3.64151946e-03
   3.45135554e+02  -3.30081466e-03
   3.45136043e+02  -4.12325049e-03
   3.45136531e+02  -4.24604723e-03
   3.45137019e+02  -1.93145196e-03
   3.45137508e+02   4.63105913e-04
   3.45137996e+02   1.54379557e-03
   3.45138484e+02   1.72851013e-03
   3.45138973e+02   2.74416030e-04
   3.45139461e+02  -1.62321306e-03
   3.45139949e+02  -1.88540865e-03
   3.45140437e+02  -1.19671866e-03
   3.45140926e+02  -8.11840931e-04
   3.45141414e+02   5.58867468e-04
   3.45141902e+02   2.42240750e-03
   3.45142391e+02   6.29239134e-04
   3.45142879e+02  -2.78236391e-03
   3.45143367e+02  -2.91097304e-03
   3.45143856e+02  -5.62169531e-04
   3.45144344e+02   4.33085428e-04
   3.45144832e+02  -1.09247674e-04
   3.45145321e+02   1.19195494e-04
   3.45145809e+02   1.76223635e-04
   3.45146297e+02  -1.48009101e-04
   3.45146785e+02  -2.05766439e-04
   3.45147274e+02   1.00243313e-03
   3.45147762e+02   2.54640682e-03
   3.45148250e+02   1.63057807e-03
   3.45148739e+02  -6.86078041e-04
   3.45149227e+02  -9.82898055e-04
   3.45149715e+02   4.95213550e-04
   3.45150204e+02   4.85424011e-04
   3.45150692e+02   1.03831734e-03
   3.45151180e+02   2.82232650e-03
   3.45151669e+02   2.56515178e-03
   3.45152157e+02   1.78671489e-03
   3.45152645e+02   2.20750039e-03
   3.45153133e+02   1.89590675e-03
   3.45153622e+02   4.60458192e-04
   3.45154110e+02  -1.14593923e-03
   3.45154598e+02  -2.29654857e-03
   3.45155087e+02  -2.53129960e-03
   3.45155575e+02  -1.90485653e-03
   3.45156063e+02  -1.47813151e-03
   3.45156552e+02  -1.22514018e-03
   3.45157040e+02  -9.49362526e-04
   3.45157528e+02  -2.69271492e-04
   3.45158017e+02   9.29635658e-04
   3.45158505e+02   1.15410157e-03
   3.45158993e+02   2.08430152e-04
   3.45159481e+02  -8.44685710e-04
   3.45159970e+02  -1.27160177e-03
   3.45160458e+02  -1.23065186e-03
   3.45160946e+02  -8.00769718e-04
   3.45161435e+02   3.94149800e-04
   3.45161923e+02   8.62605404e-04
   3.45162411e+02   8.22741189e-04
   3.45162900e+02   9.56169912e-04
   3.45163388e+02  -2.30763719e-04
   3.45163876e+02  -1.75445725e-03
   3.45164365e+02  -4.25295351e-04
   3.45164853e+02   2.16131075e-03
   3.45165341e+02   1.51042617e-03
   3.45165830e+02  -4.90457569e-05
   3.45166318e+02   9.24556400e-04
   3.45166806e+02   1.68217346e-03
   3.45167294e+02   5.92829369e-04
   3.45167783e+02  -1.17818476e-03
   3.45168271e+02  -2.34215427e-03
   3.45168759e+02  -1.47761311e-03
   3.45169248e+02  -1.53311339e-04
   3.45169736e+02   1.80540228e-04
   3.45170224e+02  -3.42772400e-04
   3.45170713e+02  -7.74467073e-04
   3.45171201e+02  -1.73562043e-03
   3.45171689e+02  -2.89666746e-03
   3.45172178e+02  -1.77312235e-03
   3.45172666e+02  -4.88315942e-04
   3.45173154e+02  -1.03140878e-03
   3.45173642e+02  -1.29790499e-03
   3.45174131e+02  -1.79870636e-03
   3.45174619e+02  -3.03574069e-03
   3.45175107e+02  -2.25258223e-03
   3.45175596e+02  -8.03515941e-05
   3.45176084e+02   3.72691313e-04
   3.45176572e+02  -1.28407346e-03
   3.45177061e+02  -2.66171177e-03
   3.45177549e+02  -2.27249879e-03
   3.45178037e+02  -4.08364140e-04
   3.45178526e+02   1.04566547e-03
   3.45179014e+02   8.08499637e-04
   3.45179502e+02  -4.61865915e-04
   3.45179990e+02  -1.27619423e-03
   3.45180479e+02  -1.78199552e-03
   3.45180967e+02  -1.37695752e-03
   3.45181455e+02  -1.01801148e-03
   3.45181944e+02  -3.33340676e-03
   3.45182432e+02  -5.57972258e-03
   3.45182920e+02  -4.77364007e-03
   3.45183409e+02  -3.23968567e-03
   3.45183897e+02  -2.25672056e-03
   3.45184385e+02  -1.11713738e-03
   3.45184874e+02  -4.41060518e-04
   3.45185362e+02  -3.34802928e-04
   3.45185850e+02  -1.25045219e-04
   3.45186338e+02  -1.16553019e-04
   3.45186827e+02  -8.95492558e-04
   3.45187315e+02  -1.30372797e-03
   3.45187803e+02  -3.14840087e-04
   3.45188292e+02   3.22684471e-04
   3.45188780e+02  -1.86632114e-05
   3.45189268e+02   6.36020908e-04
   3.45189757e+02   1.13369094e-03
   3.45190245e+02   2.05085948e-04
   3.45190733e+02  -1.08276482e-03
   3.45191222e+02  -8.70983233e-04
   3.45191710e+02   3.76406650e-04
   3.45192198e+02   1.47296395e-03
   3.45192686e+02   1.98436179e-03
   3.45193175e+02   1.11298752e-03
   3.45193663e+02   7.32504937e-04
   3.45194151e+02   1.38586422e-03
   3.45194640e+02   2.53683538e-03
   3.45195128e+02   4.17044852e-03
   3.45195616e+02   3.21674207e-03
   3.45196105e+02   2.72319681e-04
   3.45196593e+02  -1.83774892e-03
   3.45197081e+02  -2.34672450e-03
   3.45197570e+02  -1.21263100e-03
   3.45198058e+02   9.18895123e-04
   3.45198546e+02   1.70811685e-03
   3.45199034e+02   1.17473141e-03
   3.45199523e+02  -1.98567941e-04
   3.45200011e+02  -1.12746831e-03
   3.45200499e+02  -3.74284660e-04
   3.45200988e+02   6.92936417e-04
   3.45201476e+02   2.39348668e-03
   3.45201964e+02   3.22415819e-03
   3.45202453e+02   2.23394763e-03
   3.45202941e+02   2.07681395e-03
   3.45203429e+02   2.22374848e-03
   3.45203918e+02   2.94462516e-04
   3.45204406e+02  -2.32291478e-03
   3.45204894e+02  -3.13304225e-03
   3.45205383e+02  -2.28293287e-03
   3.45205871e+02  -1.30008091e-03
   3.45206359e+02  -9.00886604e-04
   3.45206847e+02  -2.15046504e-03
   3.45207336e+02  -3.82875605e-03
   3.45207824e+02  -3.14935762e-03
   3.45208312e+02  -1.33270468e-03
   3.45208801e+02  -6.99402357e-04
   3.45209289e+02  -2.19529233e-04
   3.45209777e+02   1.86697894e-03
   3.45210266e+02   3.04899458e-03
   3.45210754e+02   1.57556904e-03
   3.45211242e+02  -2.40417270e-04
   3.45211731e+02  -2.43121285e-05
   3.45212219e+02   1.02706603e-03
   3.45212707e+02   1.64895179e-03
   3.45213195e+02   1.50789018e-03
   3.45213684e+02  -3.46275134e-04
   3.45214172e+02  -2.07650033e-03
   3.45214660e+02  -1.38307025e-03
   3.45215149e+02   7.79225549e-04
   3.45215637e+02   2.31530354e-03
   3.45216125e+02   2.00644415e-03
   3.45216614e+02   6.45145716e-04
   3.45217102e+02  -6.62493869e-04
   3.45217590e+02  -1.45307812e-03
   3.45218079e+02  -1.03945553e-03
   3.45218567e+02  -6.33432865e-05
   3.45219055e+02  -1.93139465e-04
   3.45219543e+02  -7.11767527e-04
   3.45220032e+02   1.09184603e-03
   3.45220520e+02   4.12855064e-03
   3.45221008e+02   3.50990170e-03
   3.45221497e+02   2.38968816e-04
   3.45221985e+02  -4.74110748e-05
   3.45222473e+02   1.04808866e-03
   3.45222962e+02   1.28927536e-03
   3.45223450e+02   1.55080156e-03
   3.45223938e+02   3.57710785e-04
   3.45224427e+02  -2.16767262e-03
   3.45224915e+02  -2.90229055e-03
   3.45225403e+02  -1.04469969e-03
   3.45225891e+02   6.53070805e-04
   3.45226380e+02   1.60248065e-03
   3.45226868e+02   2.66574696e-03
   3.45227356e+02   3.57738207e-03
   3.45227845e+02   3.23402649e-03
   3.45228333e+02   1.12914678e-03
   3.45228821e+02  -8.85506393e-04
   3.45229310e+02  -2.59074452e-03
   3.45229798e+02  -3.49152088e-03
   3.45230286e+02  -1.79610471e-03
   3.45230775e+02  -1.73576977e-04
   3.45231263e+02  -1.16671121e-03
   3.45231751e+02  -2.22733663e-03
   3.45232239e+02  -2.56419065e-03
   3.45232728e+02  -2.65661115e-03
   3.45233216e+02  -1.48543832e-03
   3.45233704e+02  -1.80802497e-04
   3.45234193e+02   1.28814939e-03
   3.45234681e+02   3.22520989e-03
   3.45235169e+02   2.73217075e-03
   3.45235658e+02  -7.56282534e-04
   3.45236146e+02  -2.61836802e-03
   3.45236634e+02  -1.19826372e-03
   3.45237123e+02   8.80652573e-04
   3.45237611e+02   1.17660942e-03
   3.45238099e+02   2.86617578e-04
   3.45238587e+02   6.15229947e-04
   3.45239076e+02   1.02747884e-03
   3.45239564e+02  -2.69514509e-04
   3.45240052e+02  -3.54072021e-04
   3.45240541e+02   5.27874916e-04
   3.45241029e+02  -9.93822818e-04
   3.45241517e+02  -1.42285007e-03
   3.45242006e+02   1.47233636e-03
   3.45242494e+02   3.17714107e-03
   3.45242982e+02   2.67570675e-03
   3.45243471e+02   3.46105639e-03
   3.45243959e+02   5.58047649e-03
   3.45244447e+02   5.02914470e-03
   3.45244936e+02   2.74752616e-03
   3.45245424e+02   1.48136774e-03
   3.45245912e+02   8.77474959e-04
   3.45246400e+02  -7.84210511e-04
   3.45246889e+02  -3.03665642e-03
   3.45247377e+02  -3.28540942e-03
   3.45247865e+02  -1.19133515e-03
   3.45248354e+02   7.02328980e-05
   3.45248842e+02   2.78224325e-04
   3.45249330e+02   1.83121557e-03
   3.45249819e+02   3.65352980e-03
   3.45250307e+02   3.70092224e-03
   3.45250795e+02   2.65389681e-03
   3.45251284e+02   1.76800066e-03
   3.45251772e+02   1.71890890e-03
   3.45252260e+02   2.26600515e-03
   3.45252748e+02   1.69482431e-03
   3.45253237e+02   7.71914783e-04
   3.45253725e+02   1.48367311e-03
   3.45254213e+02   3.55980149e-03
   3.45254702e+02   3.73405032e-03
   3.45255190e+02   2.24911352e-03
   3.45255678e+02   2.32537067e-03
   3.45256167e+02   3.16054816e-03
   3.45256655e+02   3.32633522e-03
   3.45257143e+02   2.45144870e-03
   3.45257632e+02   9.86653497e-04
   3.45258120e+02  -5.36261359e-04
   3.45258608e+02  -8.89354793e-04
   3.45259096e+02   1.24613332e-04
   3.45259585e+02   1.13297557e-03
   3.45260073e+02   2.14364822e-03
   3.45260561e+02   2.15556263e-03
   3.45261050e+02   4.19658201e-04
   3.45261538e+02  -1.81634270e-03
   3.45262026e+02  -2.73290882e-03
   3.45262515e+02  -1.54155109e-03
   3.45263003e+02  -7.72248604e-04
   3.45263491e+02  -1.54323003e-03
   3.45263980e+02  -2.88778188e-04
   3.45264468e+02   2.08449434e-03
   3.45264956e+02   2.05183425e-03
   3.45265444e+02  -8.69398355e-05
   3.45265933e+02  -1.85540353e-03
   3.45266421e+02  -1.91412645e-03
   3.45266909e+02  -1.30699680e-03
   3.45267398e+02  -1.17153446e-04
   3.45267886e+02   1.68061838e-03
   3.45268374e+02   1.90889311e-03
   3.45268863e+02   1.73961249e-04
   3.45269351e+02  -2.52015452e-04
   3.45269839e+02   1.75939023e-03
   3.45270328e+02   2.64526554e-03
   3.45270816e+02   7.33705645e-04
   3.45271304e+02   5.34183579e-04
   3.45271792e+02   1.43169181e-03
   3.45272281e+02   1.68942512e-04
   3.45272769e+02   1.91800882e-05
   3.45273257e+02   8.24729970e-04
   3.45273746e+02   3.56888995e-05
   3.45274234e+02  -8.64284521e-04
   3.45274722e+02  -7.30865111e-04
   3.45275211e+02   6.52669289e-04
   3.45275699e+02   1.56634476e-03
   3.45276187e+02   6.00497820e-04
   3.45276676e+02  -5.03355579e-04
   3.45277164e+02  -5.36118227e-04
   3.45277652e+02   3.50436138e-04
   3.45278140e+02   6.35977311e-04
   3.45278629e+02   1.17273376e-04
   3.45279117e+02   4.94395790e-04
   3.45279605e+02   1.13595894e-03
   3.45280094e+02   1.01436640e-03
   3.45280582e+02   1.37959898e-03
   3.45281070e+02   1.57041277e-03
   3.45281559e+02   7.66263576e-04
   3.45282047e+02   3.23300541e-04
   3.45282535e+02   3.85262654e-04
   3.45283024e+02   7.85589626e-04
   3.45283512e+02   1.11033488e-03
   3.45284000e+02   1.61456736e-03
   3.45284489e+02   2.36802036e-03
   3.45284977e+02   5.43820905e-04
   3.45285465e+02  -2.02047732e-03
   3.45285953e+02  -1.85999146e-03
   3.45286442e+02  -5.80428110e-04
   3.45286930e+02   3.62655643e-04
   3.45287418e+02   6.57761004e-04
   3.45287907e+02  -2.47107255e-05
   3.45288395e+02   7.92162100e-05
   3.45288883e+02   1.66305085e-03
   3.45289372e+02   1.87233940e-03
   3.45289860e+02  -6.46378205e-04
   3.45290348e+02  -1.37095479e-03
   3.45290837e+02   7.19109375e-04
   3.45291325e+02   1.88205950e-03
   3.45291813e+02   1.51247066e-03
   3.45292301e+02  -2.64109076e-05
   3.45292790e+02  -1.95455761e-03
   3.45293278e+02  -1.78663863e-03
   3.45293766e+02  -6.82811078e-04
   3.45294255e+02  -9.19797458e-04
   3.45294743e+02  -1.02994614e-03
   3.45295231e+02  -1.52889173e-03
   3.45295720e+02  -2.74800463e-03
   3.45296208e+02  -3.63265304e-03
   3.45296696e+02  -2.75306776e-03
   3.45297185e+02  -2.13326234e-03
   3.45297673e+02  -1.21966004e-03
   3.45298161e+02   1.69012370e-03
   3.45298649e+02   3.48977698e-03
   3.45299138e+02   3.56090814e-03
   3.45299626e+02   2.57244217e-03
   3.45300114e+02  -2.44254479e-04
   3.45300603e+02  -2.08835281e-03
   3.45301091e+02  -1.18156511e-03
   3.45301579e+02   2.27041266e-04
   3.45302068e+02   7.97103683e-04
   3.45302556e+02  -4.89130907e-05
   3.45303044e+02  -1.19725545e-03
   3.45303533e+02  -1.48125098e-03
   3.45304021e+02  -7.49545929e-04
   3.45304509e+02   6.69086352e-04
   3.45304997e+02   1.85507198e-03
   3.45305486e+02   1.54282572e-03
   3.45305974e+02   5.03935444e-04
   3.45306462e+02  -8.44673836e-04
   3.45306951e+02  -2.26523937e-03
   3.45307439e+02  -2.38040346e-03
   3.45307927e+02  -1.00221857e-03
   3.45308416e+02  -2.39631467e-04
   3.45308904e+02  -1.40744925e-03
   3.45309392e+02  -2.91301892e-03
   3.45309881e+02  -4.02604742e-03
   3.45310369e+02  -2.39004986e-03
   3.45310857e+02   3.85431136e-04
   3.45311345e+02  -4.54089786e-05
   3.45311834e+02  -1.24655431e-04
   3.45312322e+02   9.99956159e-04
   3.45312810e+02   3.02969333e-04
   3.45313299e+02   6.65273285e-04
   3.45313787e+02   2.94298003e-03
   3.45314275e+02   3.18123447e-03
   3.45314764e+02   1.04808866e-03
   3.45315252e+02  -5.33644168e-04
   3.45315740e+02  -5.64260292e-04
   3.45316229e+02   2.29891903e-05
   3.45316717e+02   3.10842588e-04
   3.45317205e+02   9.39432182e-04
   3.45317693e+02   1.62938726e-03
   3.45318182e+02   1.87854981e-03
   3.45318670e+02   2.36632978e-03
   3.45319158e+02   3.00657959e-03
   3.45319647e+02   2.37664068e-03
   3.45320135e+02   1.41457189e-03
   3.45320623e+02   5.46698400e-04
   3.45321112e+02   2.00601644e-04
   3.45321600e+02   1.19515636e-03
   3.45322088e+02   1.29986927e-03
   3.45322577e+02   4.48731036e-04
   3.45323065e+02   1.20160077e-03
   3.45323553e+02   2.09978921e-03
   3.45324042e+02   2.20178463e-03
   3.45324530e+02   1.44489191e-03
   3.45325018e+02  -3.83261562e-04
   3.45325506e+02  -2.92888214e-03
   3.45325995e+02  -4.25254786e-03
   3.45326483e+02  -2.93632108e-03
   3.45326971e+02  -9.26711538e-04
   3.45327460e+02   2.99704436e-04
   3.45327948e+02   4.73865657e-04
   3.45328436e+02  -4.76651418e-04
   3.45328925e+02  -1.32590404e-03
   3.45329413e+02  -1.10854604e-03
   3.45329901e+02  -1.87885540e-04
   3.45330390e+02   7.44891469e-04
   3.45330878e+02   7.58553098e-04
   3.45331366e+02   2.00687922e-04
   3.45331854e+02  -3.64355365e-04
   3.45332343e+02   1.83242228e-04
   3.45332831e+02   1.59841869e-03
   3.45333319e+02   9.40680795e-04
   3.45333808e+02  -4.07751213e-04
   3.45334296e+02  -8.18025204e-04
   3.45334784e+02  -1.96975912e-03
   3.45335273e+02  -2.16504862e-03
   3.45335761e+02  -8.15242995e-04
   3.45336249e+02  -2.27351775e-04
   3.45336738e+02   6.01363776e-04
   3.45337226e+02   2.10750173e-03
   3.45337714e+02   3.02766985e-03
   3.45338202e+02   2.12321989e-03
   3.45338691e+02   4.04270191e-04
   3.45339179e+02   1.51228189e-04
   3.45339667e+02   1.46366085e-03
   3.45340156e+02   2.90105329e-03
   3.45340644e+02   3.66358017e-03
   3.45341132e+02   2.09177984e-03
   3.45341621e+02  -4.67373640e-04
   3.45342109e+02  -4.69009130e-04
   3.45342597e+02   2.62321264e-04
   3.45343086e+02   6.05059722e-05
   3.45343574e+02   6.44433079e-04
   3.45344062e+02   2.08408176e-03
   3.45344550e+02   3.16625834e-03
   3.45345039e+02   3.31211626e-03
   3.45345527e+02   3.06808227e-03
   3.45346015e+02   2.83566630e-03
   3.45346504e+02   5.48938755e-04
   3.45346992e+02  -2.05586595e-03
   3.45347480e+02  -2.46303901e-03
   3.45347969e+02  -1.41221890e-03
   3.45348457e+02   2.15753040e-04
   3.45348945e+02   4.26876155e-04
   3.45349434e+02  -9.85370134e-04
   3.45349922e+02  -6.43180916e-04
   3.45350410e+02   6.05143199e-04
   3.45350898e+02   3.32144584e-04
   3.45351387e+02   4.17443196e-04
   3.45351875e+02   1.15055835e-03
   3.45352363e+02   4.91666375e-04
   3.45352852e+02  -6.65373052e-04
   3.45353340e+02  -3.48242058e-04
   3.45353828e+02   2.52277852e-04
   3.45354317e+02  -2.76471430e-04
   3.45354805e+02  -9.23405983e-04
   3.45355293e+02  -1.42893358e-03
   3.45355782e+02  -1.58674899e-03
   3.45356270e+02  -6.90545246e-04
   3.45356758e+02   1.34164875e-03
   3.45357246e+02   2.34034308e-03
   3.45357735e+02   5.94084268e-04
   3.45358223e+02  -1.78461650e-03
   3.45358711e+02  -2.29238230e-03
   3.45359200e+02  -1.17595168e-03
   3.45359688e+02   1.70150699e-04
   3.45360176e+02   1.10714180e-04
   3.45360665e+02  -4.96100169e-04
   3.45361153e+02  -1.17460906e-03
   3.45361641e+02  -2.29892903e-03
   3.45362130e+02  -2.00891052e-03
   3.45362618e+02  -5.34349296e-04
   3.45363106e+02   8.98204395e-04
   3.45363595e+02   1.45300012e-03
   3.45364083e+02   6.84831233e-04
   3.45364571e+02   4.02165606e-04
   3.45365059e+02   9.26737092e-04
   3.45365548e+02  -1.17474247e-05
   3.45366036e+02  -2.23634928e-03
   3.45366524e+02  -2.89738202e-03
   3.45367013e+02  -2.82081659e-03
   3.45367501e+02  -3.83271859e-03
   3.45367989e+02  -4.14785231e-03
   3.45368478e+02  -2.43819668e-03
   3.45368966e+02  -6.32044859e-04
   3.45369454e+02  -5.73036785e-04
   3.45369943e+02   2.15036882e-04
   3.45370431e+02   1.63555727e-03
   3.45370919e+02   1.85322517e-03
   3.45371407e+02   1.39135879e-03
   3.45371896e+02  -7.55261106e-04
   3.45372384e+02  -2.90425611e-03
   3.45372872e+02  -3.13852704e-03
   3.45373361e+02  -2.72517256e-03
   3.45373849e+02  -1.85776607e-03
   3.45374337e+02  -1.11605786e-03
   3.45374826e+02   8.49165954e-04
   3.45375314e+02   3.23730963e-03
   3.45375802e+02   1.82453555e-03
   3.45376291e+02  -5.07740071e-04
   3.45376779e+02  -2.10078666e-04
   3.45377267e+02   2.43828690e-04
   3.45377755e+02  -6.25757384e-04
   3.45378244e+02  -2.03253911e-03
   3.45378732e+02  -2.50529614e-03
   3.45379220e+02  -1.63367810e-03
   3.45379709e+02  -7.76753703e-04
   3.45380197e+02  -2.05747620e-03
   3.45380685e+02  -2.96548149e-03
   3.45381174e+02  -9.81933437e-04
   3.45381662e+02   1.26243255e-03
   3.45382150e+02   1.25881506e-03
   3.45382639e+02   5.05529169e-04
   3.45383127e+02   3.40495229e-04
   3.45383615e+02   3.97749391e-05
   3.45384103e+02  -3.16889287e-04
   3.45384592e+02   1.12518785e-03
   3.45385080e+02   3.23293172e-03
   3.45385568e+02   2.25289143e-03
   3.45386057e+02  -8.69903670e-05
   3.45386545e+02   1.96554131e-04
   3.45387033e+02   2.45561730e-03
   3.45387522e+02   2.77900766e-03
   3.45388010e+02   1.62614975e-03
   3.45388498e+02   1.86732132e-03
   3.45388987e+02   2.12310790e-03
   3.45389475e+02   1.08285982e-04
   3.45389963e+02  -1.50167011e-03
   3.45390451e+02   4.50607622e-05
   3.45390940e+02   1.33524043e-03
   3.45391428e+02   1.34562806e-03
   3.45391916e+02   1.46571407e-03
   3.45392405e+02   2.48706638e-04
   3.45392893e+02  -1.12425268e-03
   3.45393381e+02  -5.01273375e-04
   3.45393870e+02   7.37438153e-04
   3.45394358e+02   4.90643724e-04
   3.45394846e+02   9.06512490e-04
   3.45395335e+02   2.45018955e-03
   3.45395823e+02   1.94262445e-03
   3.45396311e+02   1.14832900e-03
   3.45396799e+02   1.82946364e-03
   3.45397288e+02   2.19691917e-03
   3.45397776e+02   1.54221489e-03
   3.45398264e+02   6.76812124e-05
   3.45398753e+02  -1.18115742e-03
   3.45399241e+02  -7.15465809e-04
   3.45399729e+02  -6.49350986e-05
   3.45400218e+02  -1.99984922e-03
   3.45400706e+02  -4.93563153e-03
   3.45401194e+02  -5.42937638e-03
   3.45401683e+02  -3.34474258e-03
   3.45402171e+02  -1.82058685e-03
   3.45402659e+02  -1.77458546e-03
   3.45403147e+02  -8.56303028e-04
   3.45403636e+02   5.17443987e-05
   3.45404124e+02  -1.36394822e-03
   3.45404612e+02  -2.37690192e-03
   3.45405101e+02  -3.60953709e-04
   3.45405589e+02   1.64950837e-03
   3.45406077e+02   1.75374109e-04
   3.45406566e+02  -1.51332910e-03
   3.45407054e+02  -2.73038371e-04
   3.45407542e+02   1.29872689e-03
   3.45408031e+02   1.31714856e-03
   3.45408519e+02  -1.49487954e-04
   3.45409007e+02  -9.37746023e-04
   3.45409496e+02  -3.21696898e-05
   3.45409984e+02   1.01554021e-03
   3.45410472e+02   1.20768161e-03
   3.45410960e+02  -4.80268005e-04
   3.45411449e+02  -1.94135029e-03
   3.45411937e+02  -1.35282477e-04
   3.45412425e+02   1.66314235e-03
   3.45412914e+02   2.55580875e-04
   3.45413402e+02  -2.51094508e-03
   3.45413890e+02  -2.36867205e-03
   3.45414379e+02  -1.57786708e-03
   3.45414867e+02  -1.57644355e-03
   3.45415355e+02  -1.34148647e-03
   3.45415844e+02  -4.89744416e-04
   3.45416332e+02  -1.21639878e-03
   3.45416820e+02  -1.89422315e-03
   3.45417308e+02  -1.04243773e-04
   3.45417797e+02   1.38442416e-03
   3.45418285e+02   2.44320017e-05
   3.45418773e+02  -1.47966819e-03
   3.45419262e+02  -4.03576531e-04
   3.45419750e+02   1.42486067e-03
   3.45420238e+02   2.08792975e-03
   3.45420727e+02   3.12178396e-03
   3.45421215e+02   3.74492630e-03
   3.45421703e+02   2.30985461e-03
   3.45422192e+02   1.76955492e-03
   3.45422680e+02   2.27070716e-03
   3.45423168e+02   7.48060469e-04
   3.45423656e+02  -1.55160436e-03
   3.45424145e+02  -1.53515057e-03
   3.45424633e+02   2.95264268e-04
   3.45425121e+02   1.85680808e-03
   3.45425610e+02   2.83519528e-03
   3.45426098e+02   3.05714109e-03
   3.45426586e+02   2.79886276e-03
   3.45427075e+02   3.01629142e-03
   3.45427563e+02   2.99370126e-03
   3.45428051e+02   1.93475035e-03
   3.45428540e+02   1.17163849e-03
   3.45429028e+02   1.82344939e-03
   3.45429516e+02   1.28450419e-03
   3.45430004e+02  -7.80687144e-04
   3.45430493e+02  -1.93093694e-03
   3.45430981e+02  -3.50222783e-03
   3.45431469e+02  -3.33884126e-03
   3.45431958e+02  -9.57347278e-04
   3.45432446e+02  -2.39259287e-04
   3.45432934e+02  -3.55889730e-04
   3.45433423e+02   3.86625674e-04
   3.45433911e+02   5.87068847e-04
   3.45434399e+02  -1.19649201e-04
   3.45434888e+02  -4.98088077e-04
   3.45435376e+02  -1.90851555e-04
   3.45435864e+02  -1.59603136e-04
   3.45436352e+02  -2.92912911e-04
   3.45436841e+02   9.01659005e-05
   3.45437329e+02   6.76430180e-04
   3.45437817e+02   8.21255031e-04
   3.45438306e+02  -8.41873349e-04
   3.45438794e+02  -2.83719273e-03
   3.45439282e+02  -1.82665768e-03
   3.45439771e+02   2.65440496e-04
   3.45440259e+02   9.40403494e-04
   3.45440747e+02   9.00958548e-04
   3.45441236e+02  -7.00716482e-05
   3.45441724e+02  -1.60328567e-03
   3.45442212e+02  -1.22706790e-03
   3.45442700e+02   1.45067737e-04
   3.45443189e+02   7.67585123e-04
   3.45443677e+02   2.00298661e-03
   3.45444165e+02   1.90865388e-03
   3.45444654e+02  -1.82235235e-04
   3.45445142e+02  -9.36194920e-05
   3.45445630e+02   3.52941395e-04
   3.45446119e+02  -3.67916655e-04
   3.45446607e+02   1.00838183e-03
   3.45447095e+02   2.23647407e-03
   3.45447584e+02   9.43834486e-04
   3.45448072e+02  -8.91385367e-04
   3.45448560e+02  -1.14317157e-03
   3.45449049e+02   2.55676539e-04
   3.45449537e+02   8.25009600e-04
   3.45450025e+02   4.28889383e-04
   3.45450513e+02  -1.63890989e-04
   3.45451002e+02  -1.88707421e-03
   3.45451490e+02  -3.71919968e-03
   3.45451978e+02  -3.99458921e-03
   3.45452467e+02  -2.36061215e-03
   3.45452955e+02   9.75305375e-05
   3.45453443e+02   1.49658613e-03
   3.45453932e+02   9.16224497e-04
   3.45454420e+02  -5.28589590e-04
   3.45454908e+02  -1.84007664e-03
   3.45455397e+02  -1.55714806e-03
   3.45455885e+02   3.85526109e-05
   3.45456373e+02   4.78579605e-04
   3.45456861e+02  -8.96061887e-04
   3.45457350e+02  -2.09816196e-03
   3.45457838e+02  -1.03464746e-03
   3.45458326e+02  -3.99563403e-04
   3.45458815e+02  -4.32949055e-05
   3.45459303e+02   2.65199179e-03
   3.45459791e+02   4.45624860e-03
   3.45460280e+02   4.23136260e-03
   3.45460768e+02   3.30593088e-03
   3.45461256e+02   1.99476816e-03
   3.45461745e+02   6.97940646e-04
   3.45462233e+02   5.75251079e-06
   3.45462721e+02   2.97801234e-05
   3.45463209e+02   1.30273766e-04
   3.45463698e+02   8.78373030e-05
   3.45464186e+02  -4.14676819e-04
   3.45464674e+02  -5.11322462e-04
   3.45465163e+02   1.41120385e-04
   3.45465651e+02   2.47315893e-05
   3.45466139e+02  -1.24097115e-03
   3.45466628e+02  -2.71598715e-03
   3.45467116e+02  -3.49487877e-03
   3.45467604e+02  -1.95110973e-03
   3.45468093e+02   6.34680619e-04
   3.45468581e+02   1.52263523e-03
   3.45469069e+02   1.08920562e-03
   3.45469557e+02   1.05181162e-03
   3.45470046e+02   1.19994651e-03
   3.45470534e+02   6.81700243e-04
   3.45471022e+02   4.56580055e-05
   3.45471511e+02   3.85689113e-04
   3.45471999e+02   4.16099268e-04
   3.45472487e+02  -3.58421996e-04
   3.45472976e+02  -4.65271587e-04
   3.45473464e+02  -1.07669958e-03
   3.45473952e+02  -1.16518617e-03
   3.45474441e+02   3.00613057e-04
   3.45474929e+02   1.50655443e-03
   3.45475417e+02   1.79721636e-03
   3.45475905e+02   2.82053184e-03
   3.45476394e+02   3.60273267e-03
   3.45476882e+02   1.73428934e-03
   3.45477370e+02   1.65249963e-04
   3.45477859e+02   3.32888274e-04
   3.45478347e+02   8.37845655e-05
   3.45478835e+02  -7.11869798e-04
   3.45479324e+02  -1.13198429e-03
   3.45479812e+02   8.85843125e-04
   3.45480300e+02   2.58244807e-03
   3.45480789e+02   1.07128872e-03
   3.45481277e+02   7.19584175e-04
   3.45481765e+02   2.90614180e-03
   3.45482253e+02   2.31821556e-03
   3.45482742e+02  -1.72701455e-03
   3.45483230e+02  -5.10222558e-03
   3.45483718e+02  -4.42657853e-03
   3.45484207e+02  -9.14312608e-04
   3.45484695e+02   2.06113706e-04
   3.45485183e+02  -1.32235279e-03
   3.45485672e+02  -2.53985263e-03
   3.45486160e+02  -2.71961372e-03
   3.45486648e+02  -8.09453137e-04
   3.45487137e+02   9.04913759e-04
   3.45487625e+02   9.92666464e-04
   3.45488113e+02   9.05864697e-04
   3.45488602e+02   8.80383071e-04
   3.45489090e+02  -2.76493549e-04
   3.45489578e+02  -7.71427003e-04
   3.45490066e+02   1.36678037e-03
   3.45490555e+02   2.12775939e-03
   3.45491043e+02  -5.83126748e-05
   3.45491531e+02  -1.27384579e-03
   3.45492020e+02   8.12629354e-04
   3.45492508e+02   2.52350257e-03
   3.45492996e+02   4.25111881e-04
   3.45493485e+02  -1.68029056e-03
   3.45493973e+02  -1.17975299e-03
   3.45494461e+02  -4.37167619e-04
   3.45494950e+02  -5.13363630e-04
   3.45495438e+02  -6.11068914e-04
   3.45495926e+02  -3.85054649e-04
   3.45496414e+02  -7.57706643e-04
   3.45496903e+02  -1.47332728e-03
   3.45497391e+02  -1.64474221e-03
   3.45497879e+02  -1.89826870e-03
   3.45498368e+02  -1.72243291e-03
   3.45498856e+02  -4.85465222e-04
   3.45499344e+02   1.15750555e-03
   3.45499833e+02   8.64941394e-04
   3.45500321e+02  -6.42350933e-04
   3.45500809e+02  -7.45280937e-04
   3.45501298e+02  -5.21911716e-04
   3.45501786e+02  -1.00446970e-03
   3.45502274e+02  -8.60926928e-04
   3.45502762e+02  -2.69794400e-04
   3.45503251e+02   9.10938106e-05
   3.45503739e+02   9.12177435e-04
   3.45504227e+02   4.48545848e-04
   3.45504716e+02  -5.89191681e-04
   3.45505204e+02   1.53941786e-04
   3.45505692e+02   7.32321176e-04
   3.45506181e+02   1.49803038e-03
   3.45506669e+02   2.47965055e-03
   3.45507157e+02   2.47463258e-03
   3.45507646e+02   1.96103263e-03
   3.45508134e+02   1.39649527e-03
   3.45508622e+02   8.96323239e-04
   3.45509110e+02   8.68668780e-04
   3.45509599e+02  -1.73037799e-04
   3.45510087e+02  -9.46249405e-04
   3.45510575e+02   1.21653278e-03
   3.45511064e+02   3.23680649e-03
   3.45511552e+02   3.01719294e-03
   3.45512040e+02   1.74964627e-03
   3.45512529e+02   5.50579280e-04
   3.45513017e+02   1.54997630e-04
   3.45513505e+02   1.27176964e-03
   3.45513994e+02   2.22454662e-03
   3.45514482e+02   9.99756856e-04
   3.45514970e+02  -6.07300550e-04
   3.45515458e+02  -3.67251690e-04
   3.45515947e+02   1.80541805e-03
   3.45516435e+02   4.61439928e-03
   3.45516923e+02   5.93764102e-03
   3.45517412e+02   6.77691679e-03
   3.45517900e+02   7.74902618e-03
   3.45518388e+02   7.57729029e-03
   3.45518877e+02   6.75640535e-03
   3.45519365e+02   8.73203948e-03
   3.45519853e+02   1.15433382e-02
   3.45520342e+02   1.34905651e-02
   3.45520830e+02   1.44226020e-02
   3.45521318e+02   1.73626952e-02
   3.45521806e+02   2.09907368e-02
   3.45522295e+02   2.36634910e-02
   3.45522783e+02   2.78545022e-02
   3.45523271e+02   3.35433371e-02
   3.45523760e+02   4.52295654e-02
   3.45524248e+02   6.78054318e-02
   3.45524736e+02   1.02156542e-01
   3.45525225e+02   1.49627164e-01
   3.45525713e+02   2.03406125e-01
   3.45526201e+02   2.53910393e-01
   3.45526690e+02   2.95985281e-01
   3.45527178e+02   3.23207527e-01
   3.45527666e+02   2.84953177e-01
   3.45528155e+02   2.34255567e-01
   3.45528643e+02   2.03483358e-01
   3.45529131e+02   1.82381094e-01
   3.45529619e+02   1.72376245e-01
   3.45530108e+02   1.82385653e-01
   3.45530596e+02   1.96294814e-01
   3.45531084e+02   2.17687249e-01
   3.45531573e+02   2.41599873e-01
   3.45532061e+02   2.62927979e-01
   3.45532549e+02   2.32572481e-01
   3.45533038e+02   1.68637887e-01
   3.45533526e+02   9.34254825e-02
   3.45534014e+02   5.18613160e-02
   3.45534503e+02   3.16361897e-02
   3.45534991e+02   1.96613502e-02
   3.45535479e+02   1.41716395e-02
   3.45535967e+02   1.19543253e-02
   3.45536456e+02   1.04066944e-02
   3.45536944e+02   9.20193363e-03
   3.45537432e+02   6.70039561e-03
   3.45537921e+02   4.95221140e-03
   3.45538409e+02   4.59574303e-03
   3.45538897e+02   3.87845421e-03
   3.45539386e+02   1.69040833e-03
   3.45539874e+02   1.14802690e-03
   3.45540362e+02   2.19199364e-03
   3.45540851e+02   2.59036734e-03
   3.45541339e+02   1.51289185e-03
   3.45541827e+02  -6.97680080e-05
   3.45542315e+02  -1.24348316e-03
   3.45542804e+02  -1.28323748e-03
   3.45543292e+02  -6.82742044e-04
   3.45543780e+02   1.43587444e-04
   3.45544269e+02   1.58689148e-03
   3.45544757e+02   2.32955557e-03
   3.45545245e+02   1.48807163e-03
   3.45545734e+02   2.84053822e-04
   3.45546222e+02   4.45584505e-04
   3.45546710e+02   2.71031307e-03
   3.45547199e+02   4.85554291e-03
   3.45547687e+02   4.14867373e-03
   3.45548175e+02   2.45810067e-03
   3.45548663e+02   1.43946090e-03
   3.45549152e+02  -9.85899358e-04
   3.45549640e+02  -3.59513192e-03
   3.45550128e+02  -2.17552297e-03
   3.45550617e+02   4.60480311e-04
   3.45551105e+02  -4.89374564e-04
   3.45551593e+02  -2.54122377e-03
   3.45552082e+02  -2.43317964e-03
   3.45552570e+02   2.17423483e-04
   3.45553058e+02   2.50261184e-03
   3.45553547e+02   2.01475737e-03
   3.45554035e+02   5.49111748e-04
   3.45554523e+02  -6.70400041e-04
   3.45555011e+02  -1.14970445e-03
   3.45555500e+02  -2.34479419e-04
   3.45555988e+02   9.39171645e-04
   3.45556476e+02   9.46975197e-04
   3.45556965e+02   9.09652968e-04
   3.45557453e+02   2.21289298e-03
   3.45557941e+02   3.35779716e-03
   3.45558430e+02   3.23664909e-03
   3.45558918e+02   3.35982814e-03
   3.45559406e+02   2.80575524e-03
   3.45559895e+02   1.42693403e-03
   3.45560383e+02   1.71523413e-03
   3.45560871e+02   1.45951402e-03
   3.45561359e+02  -9.02573520e-04
   3.45561848e+02  -1.09922711e-03
   3.45562336e+02   1.35013205e-03
   3.45562824e+02   2.89230654e-03
   3.45563313e+02   2.48671882e-03
   3.45563801e+02   2.20367732e-03
   3.45564289e+02   2.05034879e-03
   3.45564778e+02   1.95915159e-03
   3.45565266e+02   1.73217629e-03
   3.45565754e+02   7.05651299e-04
   3.45566243e+02  -6.71299204e-05
   3.45566731e+02  -6.77864591e-04
   3.45567219e+02  -7.88997160e-04
   3.45567708e+02  -1.00858184e-03
   3.45568196e+02  -4.62596683e-04
   3.45568684e+02   8.21450492e-04
   3.45569172e+02  -7.36056129e-04
   3.45569661e+02  -3.38732707e-03
   3.45570149e+02  -3.20946798e-03
   3.45570637e+02  -1.15370122e-03
   3.45571126e+02   8.59000374e-06
   3.45571614e+02  -3.81029357e-04
   3.45572102e+02  -1.64873170e-04
   3.45572591e+02   1.58884248e-03
   3.45573079e+02   1.99395209e-03
   3.45573567e+02   1.16602896e-04
   3.45574056e+02  -2.21619243e-03
   3.45574544e+02  -3.98691604e-03
   3.45575032e+02  -3.91303468e-03
   3.45575520e+02  -2.45887856e-03
   3.45576009e+02  -1.87631953e-03
   3.45576497e+02  -1.09239493e-03
   3.45576985e+02   7.51254789e-04
   3.45577474e+02   1.80043560e-03
   3.45577962e+02   9.94560425e-04
   3.45578450e+02   5.08801721e-04
   3.45578939e+02   1.89488707e-03
   3.45579427e+02   2.30947509e-03
   3.45579915e+02   6.00232335e-04
   3.45580404e+02  -7.95077765e-04
   3.45580892e+02  -5.15110674e-04
   3.45581380e+02   4.82590374e-04
   3.45581868e+02   1.26498623e-03
   3.45582357e+02   1.15505967e-03
   3.45582845e+02  -9.82868951e-05
   3.45583333e+02  -4.61709831e-04
   3.45583822e+02   2.90988944e-04
   3.45584310e+02   8.24465125e-04
   3.45584798e+02   1.05248427e-03
   3.45585287e+02   9.99473850e-04
   3.45585775e+02   1.69593852e-03
   3.45586263e+02   1.63849001e-03
   3.45586752e+02  -6.03634398e-04
   3.45587240e+02  -2.07438529e-03
   3.45587728e+02  -1.16596534e-03
   3.45588216e+02   1.66685059e-04
   3.45588705e+02   4.41094453e-04
   3.45589193e+02   1.37900934e-03
   3.45589681e+02   1.85413717e-03
   3.45590170e+02   9.52260219e-04
   3.45590658e+02   5.13572711e-04
   3.45591146e+02   1.12031434e-04
   3.45591635e+02  -7.18138239e-04
   3.45592123e+02  -6.80879864e-04
   3.45592611e+02   3.45499138e-04
   3.45593100e+02   9.83356265e-04
   3.45593588e+02   1.95827073e-04
   3.45594076e+02  -1.04008836e-03
   3.45594564e+02  -1.60494877e-03
   3.45595053e+02  -1.61471590e-03
   3.45595541e+02  -7.69497594e-04
   3.45596029e+02   5.62007830e-04
   3.45596518e+02   9.96047165e-04
   3.45597006e+02   8.71329394e-04
   3.45597494e+02   2.87667062e-04
   3.45597983e+02  -4.76907502e-04
   3.45598471e+02  -3.23036424e-04
   3.45598959e+02  -2.05507196e-04
   3.45599448e+02  -9.59912140e-04
   3.45599936e+02  -2.35505356e-03
   3.45600424e+02  -3.38934502e-03
   3.45600912e+02  -2.67740758e-03
   3.45601401e+02  -1.39494962e-03
   3.45601889e+02  -1.14552805e-03
   3.45602377e+02  -1.80724240e-03
   3.45602866e+02  -1.94858713e-03
   3.45603354e+02   4.08549939e-04
   3.45603842e+02   2.60820193e-03
   3.45604331e+02   2.34310981e-03
   3.45604819e+02   1.70956797e-03
   3.45605307e+02   1.44790486e-03
   3.45605796e+02   8.60138854e-04
   3.45606284e+02   5.98684943e-04
   3.45606772e+02   2.03165400e-04
   3.45607261e+02  -4.20655822e-04
   3.45607749e+02   3.47644527e-04
   3.45608237e+02   1.59291562e-03
   3.45608725e+02   1.78487937e-03
   3.45609214e+02   7.10551336e-04
   3.45609702e+02  -2.45184026e-04
   3.45610190e+02   6.71480375e-04
   3.45610679e+02   2.38446752e-03
   3.45611167e+02   2.95857992e-03
   3.45611655e+02   2.05921545e-03
   3.45612144e+02   1.18516176e-03
   3.45612632e+02   1.99603010e-03
   3.45613120e+02   3.12208780e-03
   3.45613609e+02   2.87011126e-03
   3.45614097e+02   1.31967198e-03
   3.45614585e+02  -8.54871992e-04
   3.45615073e+02  -1.40876975e-03
   3.45615562e+02  -4.02826437e-04
   3.45616050e+02  -1.00241392e-03
   3.45616538e+02  -2.12133932e-03
   3.45617027e+02  -1.75367668e-03
   3.45617515e+02  -5.77486993e-04
   3.45618003e+02   8.60329019e-04
   3.45618492e+02   1.94040814e-03
   3.45618980e+02   3.13085876e-03
   3.45619468e+02   3.92034603e-03
   3.45619957e+02   2.88688275e-03
   3.45620445e+02   3.44994973e-04
   3.45620933e+02  -2.23624846e-03
   3.45621421e+02  -3.96409165e-03
   3.45621910e+02  -4.01444547e-03
   3.45622398e+02  -2.03914777e-03
   3.45622886e+02  -3.11250944e-04
   3.45623375e+02  -2.71139463e-04
   3.45623863e+02  -4.43490462e-05
   3.45624351e+02   5.85961330e-04
   3.45624840e+02   9.34504147e-04
   3.45625328e+02   2.36161100e-03
   3.45625816e+02   4.35753772e-03
   3.45626305e+02   3.88790690e-03
   3.45626793e+02   2.27495283e-03
   3.45627281e+02   1.88319362e-03
   3.45627769e+02   5.69484429e-04
   3.45628258e+02  -1.47868297e-03
   3.45628746e+02  -2.21882900e-03
   3.45629234e+02  -1.28577230e-03
   3.45629723e+02  -2.62131973e-04
   3.45630211e+02  -6.79001852e-04
   3.45630699e+02  -1.68969494e-03
   3.45631188e+02  -2.25959369e-03
   3.45631676e+02  -2.33408459e-03
   3.45632164e+02  -2.60246079e-03
   3.45632653e+02  -2.59014522e-03
   3.45633141e+02  -2.25824700e-03
   3.45633629e+02  -2.13274406e-03
   3.45634117e+02  -1.20856322e-03
   3.45634606e+02  -1.26040366e-04
   3.45635094e+02   4.73221589e-04
   3.45635582e+02   7.70267565e-04
   3.45636071e+02  -3.36876401e-05
   3.45636559e+02  -3.51845410e-05
   3.45637047e+02   1.42072863e-03
   3.45637536e+02   2.31941836e-03
   3.45638024e+02   1.54170068e-03
   3.45638512e+02   2.08598198e-04
   3.45639001e+02  -3.92194313e-04
   3.45639489e+02  -1.47952931e-03
   3.45639977e+02  -2.68662022e-03
   3.45640465e+02  -2.52426369e-03
   3.45640954e+02  -2.59666191e-03
   3.45641442e+02  -3.31510743e-03
   3.45641930e+02  -2.41757580e-03
   3.45642419e+02  -9.86600993e-04
   3.45642907e+02  -1.75120821e-03
   3.45643395e+02  -2.82522081e-03
   3.45643884e+02  -2.47945846e-03
   3.45644372e+02  -2.23282329e-03
   3.45644860e+02  -3.54531757e-03
   3.45645349e+02  -4.84858546e-03
   3.45645837e+02  -3.92755447e-03
   3.45646325e+02  -2.17018533e-03
   3.45646814e+02  -1.47998461e-03
   3.45647302e+02  -1.03016116e-03
   3.45647790e+02   1.23147201e-03
   3.45648278e+02   2.01556622e-03
   3.45648767e+02   2.07805051e-03
   3.45649255e+02   1.97463948e-03
   3.45649743e+02   1.19664927e-03
   3.45650232e+02   3.73378687e-04
   3.45650720e+02  -2.10258353e-04
   3.45651208e+02  -7.54271518e-04
   3.45651697e+02  -2.38951136e-04
   3.45652185e+02  -1.73458699e-04
   3.45652673e+02  -1.42846501e-03
   3.45653162e+02  -2.22661626e-03
   3.45653650e+02  -3.09384614e-03
   3.45654138e+02  -3.34387715e-03
   3.45654626e+02  -1.20536925e-03
   3.45655115e+02   2.31793174e-03
   3.45655603e+02   2.84245959e-03
   3.45656091e+02   3.47345020e-04
   3.45656580e+02  -1.44908053e-03
   3.45657068e+02  -1.24040362e-03
   3.45657556e+02   8.19624227e-04
   3.45658045e+02   2.15040985e-03
   3.45658533e+02   1.44210854e-03
   3.45659021e+02   4.48388048e-04
   3.45659510e+02   1.11033744e-03
   3.45659998e+02   3.15183471e-03
   3.45660486e+02   3.57482559e-03
   3.45660974e+02   2.08058697e-03
   3.45661463e+02   1.60479674e-03
   3.45661951e+02   1.18889997e-03
   3.45662439e+02   1.51700422e-03
   3.45662928e+02   4.22777934e-03
   3.45663416e+02   5.11231134e-03
   3.45663904e+02   3.31561128e-03
   3.45664393e+02   2.08064076e-03
   3.45664881e+02   8.25429743e-04
   3.45665369e+02  -6.13965385e-04
   3.45665858e+02  -2.46768282e-03
   3.45666346e+02  -3.79525404e-03
   3.45666834e+02  -3.13558732e-03
   3.45667322e+02  -1.71549921e-03
   3.45667811e+02   8.61251203e-04
   3.45668299e+02   2.73637078e-03
   3.45668787e+02   9.72093258e-04
   3.45669276e+02  -6.29177608e-04
   3.45669764e+02  -1.32037036e-03
   3.45670252e+02  -2.44053919e-03
   3.45670741e+02  -1.71048753e-03
   3.45671229e+02  -7.55480491e-04
   3.45671717e+02  -2.38779630e-03
   3.45672206e+02  -3.43869650e-03
   3.45672694e+02  -2.34475709e-03
   3.45673182e+02  -8.76760460e-04
   3.45673670e+02  -9.51182737e-04
   3.45674159e+02  -2.66978494e-03
   3.45674647e+02  -2.70983460e-03
   3.45675135e+02  -1.19668455e-03
   3.45675624e+02  -1.69990293e-04
   3.45676112e+02   1.08969871e-04
   3.45676600e+02   1.15659833e-03
   3.45677089e+02   2.53878417e-03
   3.45677577e+02   2.39192299e-03
   3.45678065e+02   2.28316872e-03
   3.45678554e+02   1.64448516e-03
   3.45679042e+02  -1.00190373e-04
   3.45679530e+02  -1.44361344e-04
   3.45680018e+02   1.62144855e-03
   3.45680507e+02   1.57813821e-03
   3.45680995e+02  -3.81065503e-04
   3.45681483e+02   9.19391532e-05
   3.45681972e+02   1.75266725e-03
   3.45682460e+02   1.72655098e-03
   3.45682948e+02   1.29391381e-03
   3.45683437e+02   1.77768234e-03
   3.45683925e+02   2.56273500e-03
   3.45684413e+02   1.30506128e-03
   3.45684902e+02  -1.11099309e-03
   3.45685390e+02  -1.50388165e-03
   3.45685878e+02  -7.05687911e-04
   3.45686367e+02  -8.99075094e-05
   3.45686855e+02  -1.55676062e-05
   3.45687343e+02  -1.45384052e-04
   3.45687831e+02  -7.73004896e-04
   3.45688320e+02  -1.74502598e-03
   3.45688808e+02  -1.32370071e-04
   3.45689296e+02   2.43836036e-03
   3.45689785e+02   2.48006638e-03
   3.45690273e+02   1.71181385e-03
   3.45690761e+02   9.79200471e-04
   3.45691250e+02  -6.09819719e-04
   3.45691738e+02  -2.97932443e-03
   3.45692226e+02  -4.65936633e-03
   3.45692715e+02  -3.48887686e-03
   3.45693203e+02  -2.21215864e-03
   3.45693691e+02  -3.05080856e-03
   3.45694179e+02  -2.97447038e-03
   3.45694668e+02  -1.77034317e-03
   3.45695156e+02  -1.26640033e-03
   3.45695644e+02  -1.13769644e-03
   3.45696133e+02  -9.36134253e-04
   3.45696621e+02  -1.52356154e-03
   3.45697109e+02  -2.27833330e-03
   3.45697598e+02  -1.34216342e-03
   3.45698086e+02  -1.97659305e-04
   3.45698574e+02  -3.58498131e-04
   3.45699063e+02   3.24300374e-04
   3.45699551e+02   2.10484490e-03
   3.45700039e+02   1.44906063e-03
   3.45700527e+02  -2.00501224e-03
   3.45701016e+02  -3.67523148e-03
   3.45701504e+02  -2.25162297e-03
   3.45701992e+02  -8.44289607e-04
   3.45702481e+02  -3.62039660e-04
   3.45702969e+02  -5.27299067e-04
   3.45703457e+02  -1.44730409e-04
   3.45703946e+02  -5.34813626e-06
   3.45704434e+02  -9.29420406e-04
   3.45704922e+02  -4.91185688e-07
   3.45705411e+02   1.93343323e-03
   3.45705899e+02   2.21332954e-03
   3.45706387e+02   2.51968717e-03
   3.45706875e+02   3.53990332e-03
   3.45707364e+02   3.02681676e-03
   3.45707852e+02   1.39166834e-03
   3.45708340e+02   6.20034698e-04
   3.45708829e+02   4.57963870e-05
   3.45709317e+02  -2.31597733e-04
   3.45709805e+02  -2.43511327e-04
   3.45710294e+02  -3.20476574e-05
   3.45710782e+02   7.57071903e-05
   3.45711270e+02   6.33266754e-05
   3.45711759e+02   5.43791160e-04
   3.45712247e+02   8.75402766e-04
   3.45712735e+02  -5.06437442e-04
   3.45713223e+02  -2.07987078e-03
   3.45713712e+02  -1.53944071e-03
   3.45714200e+02   5.18515735e-05
   3.45714688e+02   1.68086961e-03
   3.45715177e+02   2.12539663e-03
   3.45715665e+02   5.84574009e-04
   3.45716153e+02  -5.43990871e-04
   3.45716642e+02  -4.86770092e-04
   3.45717130e+02  -1.36832721e-04
   3.45717618e+02  -1.22095179e-03
   3.45718107e+02  -2.33994960e-03
   3.45718595e+02  -1.04908028e-03
   3.45719083e+02   4.12190362e-04
   3.45719571e+02   1.16497069e-03
   3.45720060e+02   1.49437436e-03
   3.45720548e+02   6.96811010e-04
   3.45721036e+02  -3.23854940e-04
   3.45721525e+02  -7.01484154e-04
   3.45722013e+02  -2.28789620e-04
   3.45722501e+02   8.47604999e-04
   3.45722990e+02   1.38033170e-03
   3.45723478e+02  -4.64647019e-04
   3.45723966e+02  -2.39775726e-03
   3.45724455e+02  -1.40467775e-03
   3.45724943e+02   2.56204308e-04
   3.45725431e+02  -7.82886345e-05
   3.45725920e+02  -3.47106950e-04
   3.45726408e+02   3.77694581e-04
   3.45726896e+02   9.17860423e-04
   3.45727384e+02   2.29490222e-03
   3.45727873e+02   3.51033639e-03
   3.45728361e+02   3.44151328e-03
   3.45728849e+02   3.74693656e-03
   3.45729338e+02   3.94413993e-03
   3.45729826e+02   3.15414718e-03
   3.45730314e+02   2.15912610e-03
   3.45730803e+02   1.48244307e-03
   3.45731291e+02   6.94661983e-04
   3.45731779e+02   1.81946132e-04
   3.45732268e+02  -1.80957068e-04
   3.45732756e+02  -1.17915659e-03
   3.45733244e+02  -2.10775994e-03
   3.45733732e+02  -2.34738481e-03
   3.45734221e+02  -1.82681764e-03
   3.45734709e+02  -8.79265717e-04
   3.45735197e+02   4.64193581e-04
   3.45735686e+02   7.73115258e-04
   3.45736174e+02  -1.10873848e-03
   3.45736662e+02  -2.00545369e-03
   3.45737151e+02  -9.34105890e-04
   3.45737639e+02   1.40793229e-04
   3.45738127e+02   6.83419858e-05
   3.45738616e+02  -1.64580462e-03
   3.45739104e+02  -2.93131662e-03
   3.45739592e+02  -2.97887367e-03
   3.45740080e+02  -3.69193312e-03
   3.45740569e+02  -3.76346149e-03
   3.45741057e+02  -1.86175318e-03
   3.45741545e+02   5.61768538e-04
   3.45742034e+02   1.26093056e-03
   3.45742522e+02  -8.09565652e-04
   3.45743010e+02  -1.99427549e-03
   3.45743499e+02  -7.10794295e-04
   3.45743987e+02   3.91621597e-06
   3.45744475e+02  -1.08953437e-03
   3.45744964e+02  -3.07616824e-03
   3.45745452e+02  -3.05886753e-03
   3.45745940e+02  -2.30689926e-04
   3.45746428e+02   2.54201400e-03
   3.45746917e+02   3.48436274e-03
   3.45747405e+02   2.20835349e-03
   3.45747893e+02  -1.99798640e-04
   3.45748382e+02  -1.07203459e-03
   3.45748870e+02  -1.68879618e-04
   3.45749358e+02   8.03320552e-04
   3.45749847e+02   1.69361802e-03
   3.45750335e+02   1.85761868e-03
   3.45750823e+02   2.05940474e-03
   3.45751312e+02   1.94601773e-03
   3.45751800e+02   1.16593170e-03
   3.45752288e+02   1.94989820e-03
   3.45752776e+02   2.11669784e-03
   3.45753265e+02   1.50042016e-03
   3.45753753e+02   2.33543408e-03
   3.45754241e+02   2.06489884e-03
   3.45754730e+02   2.73003476e-04
   3.45755218e+02  -7.94043008e-04
   3.45755706e+02   4.60568663e-05
   3.45756195e+02   1.82094227e-03
   3.45756683e+02   2.50942237e-03
   3.45757171e+02   2.64479383e-03
   3.45757660e+02   2.57481262e-03
   3.45758148e+02   1.55079737e-03
   3.45758636e+02   2.35853979e-04
   3.45759124e+02   5.97590639e-04
   3.45759613e+02   9.90556087e-04
   3.45760101e+02  -2.71397032e-04
   3.45760589e+02  -1.13428058e-03
   3.45761078e+02  -1.29384745e-03
   3.45761566e+02  -1.98271847e-03
   3.45762054e+02  -1.74207229e-03
   3.45762543e+02  -5.07591358e-05
   3.45763031e+02   1.96598168e-03
   3.45763519e+02   3.04702576e-03
   3.45764008e+02   1.48025865e-03
   3.45764496e+02  -1.17670570e-03
   3.45764984e+02  -7.45142926e-04
   3.45765473e+02   9.01445106e-04
   3.45765961e+02   1.95312756e-03
   3.45766449e+02   1.91705720e-03
   3.45766937e+02   1.48198858e-03
   3.45767426e+02   8.56806582e-04
   3.45767914e+02  -6.91863679e-05
   3.45768402e+02  -1.49279454e-04
   3.45768891e+02   6.62168255e-04
   3.45769379e+02   9.73671384e-04
   3.45769867e+02   5.61883207e-04
   3.45770356e+02  -5.53830068e-05
   3.45770844e+02  -8.85558373e-04
   3.45771332e+02  -1.31729885e-03
   3.45771821e+02  -1.26839057e-03
   3.45772309e+02   1.93093147e-04
   3.45772797e+02   1.64892478e-03
   3.45773285e+02   7.28808285e-04
   3.45773774e+02  -7.94164662e-04
   3.45774262e+02   1.00711004e-05
   3.45774750e+02   1.79010013e-03
   3.45775239e+02   1.17336586e-03
   3.45775727e+02  -1.96319364e-04
   3.45776215e+02   4.70062922e-04
   3.45776704e+02   2.36902013e-03
   3.45777192e+02   9.89351422e-04
   3.45777680e+02  -2.75226613e-03
   3.45778169e+02  -2.89034517e-03
   3.45778657e+02  -4.00741701e-04
   3.45779145e+02   1.39670889e-03
   3.45779633e+02   1.42933673e-03
   3.45780122e+02  -1.63433771e-03
   3.45780610e+02  -3.92848719e-03
   3.45781098e+02  -1.53946900e-03
   3.45781587e+02   2.64499825e-03
   3.45782075e+02   2.19937949e-03
   3.45782563e+02  -1.48292957e-03
   3.45783052e+02  -3.11780046e-03
   3.45783540e+02  -2.54974747e-03
   3.45784028e+02  -2.26330897e-03
   3.45784517e+02  -2.81391875e-03
   3.45785005e+02  -2.32904567e-03
   3.45785493e+02  -6.39084668e-04
   3.45785981e+02   1.37127892e-04
   3.45786470e+02  -2.33884435e-04
   3.45786958e+02  -4.68164450e-04
   3.45787446e+02   4.89497557e-04
   3.45787935e+02  -1.00984544e-04
   3.45788423e+02  -2.38676812e-03
   3.45788911e+02  -2.67546321e-03
   3.45789400e+02  -2.79583992e-03
   3.45789888e+02  -3.74963810e-03
   3.45790376e+02  -2.72151711e-03
   3.45790865e+02  -1.62895594e-03
   3.45791353e+02  -1.84553745e-03
   3.45791841e+02  -7.62795506e-04
   3.45792329e+02   9.48368746e-04
   3.45792818e+02   8.85473099e-04
   3.45793306e+02  -5.13810199e-04
   3.45793794e+02  -7.61613308e-04
   3.45794283e+02   1.53697550e-03
   3.45794771e+02   3.46733280e-03
   3.45795259e+02   2.89278757e-03
   3.45795748e+02   1.56849006e-03
   3.45796236e+02  -1.13652996e-03
   3.45796724e+02  -3.78431240e-03
   3.45797213e+02  -3.49563593e-03
   3.45797701e+02  -1.79176696e-03
   3.45798189e+02   3.09907453e-04
   3.45798677e+02   1.65010651e-03
   3.45799166e+02   4.95911227e-05
   3.45799654e+02  -3.09591368e-03
   3.45800142e+02  -2.23684288e-03
   3.45800631e+02   7.96186854e-04
   3.45801119e+02  -9.15330165e-05
   3.45801607e+02  -1.31669000e-03
   3.45802096e+02   8.69808500e-05
   3.45802584e+02  -4.00209159e-04
   3.45803072e+02  -2.84575252e-03
   3.45803561e+02  -3.18236253e-03
   3.45804049e+02  -2.20728782e-03
   3.45804537e+02  -1.57600793e-03
   3.45805026e+02  -1.27250818e-03
   3.45805514e+02  -8.42215493e-04
   3.45806002e+02  -4.43359531e-05
   3.45806490e+02  -2.33036248e-04
   3.45806979e+02  -9.77729564e-04
   3.45807467e+02  -2.68714008e-04
   3.45807955e+02   9.10125673e-04
   3.45808444e+02   6.53380557e-05
   3.45808932e+02  -1.14020845e-03
   3.45809420e+02  -6.33770600e-04
   3.45809909e+02   5.27581258e-04
   3.45810397e+02   1.67681393e-03
   3.45810885e+02   1.45053782e-03
   3.45811374e+02   1.28453714e-03
   3.45811862e+02   1.44386536e-03
   3.45812350e+02   6.09032577e-04
   3.45812838e+02   5.59199310e-04
   3.45813327e+02   1.41030212e-03
   3.45813815e+02   1.47873617e-03
   3.45814303e+02   4.11858462e-04
   3.45814792e+02  -1.72064319e-04
   3.45815280e+02  -4.96109948e-04
   3.45815768e+02  -1.81471754e-03
   3.45816257e+02  -2.90459814e-03
   3.45816745e+02  -2.94043100e-03
   3.45817233e+02  -1.88142760e-03
   3.45817722e+02  -5.87448769e-04
   3.45818210e+02  -1.05705392e-03
   3.45818698e+02  -9.92555404e-04
   3.45819186e+02   8.63927533e-04
   3.45819675e+02   1.46503572e-03
   3.45820163e+02   2.46428011e-04
   3.45820651e+02  -6.77065051e-04
   3.45821140e+02  -9.33231728e-04
   3.45821628e+02  -1.98368379e-03
   3.45822116e+02  -3.01414961e-03
   3.45822605e+02  -2.03122594e-03
