frequency (GHz), flux (Jy/beam)
   3.44888470e+02  -2.39857720e-04
   3.44888959e+02   5.24058350e-06
   3.44889447e+02  -3.43034185e-06
   3.44889935e+02   5.03959154e-06
   3.44890423e+02   1.75481488e-04
   3.44890912e+02   1.84220131e-04
   3.44891400e+02   3.85949330e-04
   3.44891888e+02   4.39554075e-04
   3.44892377e+02   1.52139284e-04
   3.44892865e+02   3.25055153e-04
   3.44893353e+02   9.06426052e-04
   3.44893842e+02   7.05040700e-04
   3.44894330e+02   7.59161685e-06
   3.44894818e+02  -3.48416535e-04
   3.44895307e+02  -1.79208277e-04
   3.44895795e+02   3.79294041e-04
   3.44896283e+02   4.43065364e-04
   3.44896771e+02  -3.86047068e-05
   3.44897260e+02  -5.20137197e-04
   3.44897748e+02  -7.90848862e-04
   3.44898236e+02  -7.07757485e-04
   3.44898725e+02  -2.11120932e-04
   3.44899213e+02   2.44717783e-04
   3.44899701e+02   3.28956696e-04
   3.44900190e+02   6.80300946e-05
   3.44900678e+02  -3.80661280e-04
   3.44901166e+02  -3.85383377e-04
   3.44901655e+02  -1.96947440e-04
   3.44902143e+02  -1.31207620e-04
   3.44902631e+02   3.76370667e-06
   3.44903119e+02  -1.02438549e-04
   3.44903608e+02  -4.84025542e-04
   3.44904096e+02  -4.34448884e-04
   3.44904584e+02  -3.81899619e-04
   3.44905073e+02  -4.47064143e-04
   3.44905561e+02  -4.47744445e-04
   3.44906049e+02  -4.92269523e-04
   3.44906538e+02  -4.61834046e-04
   3.44907026e+02  -3.52269533e-04
   3.44907514e+02  -2.61446257e-04
   3.44908003e+02  -2.27864599e-04
   3.44908491e+02  -2.09737445e-05
   3.44908979e+02   3.69428653e-06
   3.44909467e+02  -1.82776435e-04
   3.44909956e+02  -6.24658196e-06
   3.44910444e+02   1.35778337e-05
   3.44910932e+02  -1.75145440e-04
   3.44911421e+02  -1.79958253e-04
   3.44911909e+02  -2.77089799e-04
   3.44912397e+02  -5.13798383e-04
   3.44912886e+02  -3.28335271e-04
   3.44913374e+02  -5.07002042e-05
   3.44913862e+02  -4.61221091e-04
   3.44914351e+02  -8.17970082e-04
   3.44914839e+02  -4.53016226e-04
   3.44915327e+02  -1.24024722e-04
   3.44915815e+02  -2.50455982e-04
   3.44916304e+02  -3.39420338e-04
   3.44916792e+02  -2.41586040e-05
   3.44917280e+02   2.98893458e-04
   3.44917769e+02   2.72110396e-04
   3.44918257e+02   2.09962687e-04
   3.44918745e+02   1.26362429e-04
   3.44919234e+02  -1.47368410e-04
   3.44919722e+02  -1.79462542e-04
   3.44920210e+02  -2.68472941e-04
   3.44920699e+02  -5.18637360e-04
   3.44921187e+02  -4.11568006e-04
   3.44921675e+02  -8.38389969e-05
   3.44922163e+02  -2.20628881e-05
   3.44922652e+02  -1.96649547e-04
   3.44923140e+02  -1.84932025e-04
   3.44923628e+02   3.24221328e-04
   3.44924117e+02   9.19980288e-04
   3.44924605e+02   8.81846412e-04
   3.44925093e+02   4.81704919e-04
   3.44925582e+02   8.09047997e-05
   3.44926070e+02  -2.82388472e-04
   3.44926558e+02  -1.73981287e-04
   3.44927047e+02   3.50348622e-04
   3.44927535e+02   7.66534999e-04
   3.44928023e+02   5.73493890e-04
   3.44928512e+02   1.98279449e-04
   3.44929000e+02   3.88497283e-04
   3.44929488e+02   1.53577508e-04
   3.44929976e+02  -4.51007450e-04
   3.44930465e+02  -2.38451161e-04
   3.44930953e+02   3.60759033e-04
   3.44931441e+02   4.13876638e-04
   3.44931930e+02  -1.18837561e-04
   3.44932418e+02  -3.82931554e-04
   3.44932906e+02  -1.32741872e-04
   3.44933395e+02   1.38625561e-04
   3.44933883e+02   3.24120629e-04
   3.44934371e+02   3.24288907e-04
   3.44934860e+02   1.87172525e-04
   3.44935348e+02   5.13837585e-05
   3.44935836e+02   1.11395399e-04
   3.44936324e+02   2.23935465e-04
   3.44936813e+02  -7.18961965e-05
   3.44937301e+02  -1.94146865e-04
   3.44937789e+02   8.72723176e-05
   3.44938278e+02   2.56738858e-04
   3.44938766e+02   1.95906294e-04
   3.44939254e+02   1.10545683e-04
   3.44939743e+02   3.31209303e-04
   3.44940231e+02   3.71482543e-04
   3.44940719e+02  -3.03545821e-04
   3.44941208e+02  -9.59537399e-04
   3.44941696e+02  -1.09170564e-03
   3.44942184e+02  -5.47894451e-04
   3.44942672e+02   1.81586453e-04
   3.44943161e+02   5.79738058e-04
   3.44943649e+02   4.77743248e-04
   3.44944137e+02  -1.41479046e-04
   3.44944626e+02  -4.05450555e-04
   3.44945114e+02   1.46641716e-04
   3.44945602e+02  -1.14293245e-04
   3.44946091e+02  -5.39069530e-04
   3.44946579e+02  -1.80219795e-04
   3.44947067e+02   1.38402815e-04
   3.44947556e+02   4.01402154e-04
   3.44948044e+02   5.92219236e-04
   3.44948532e+02   4.48870211e-04
   3.44949020e+02   2.66767049e-04
   3.44949509e+02  -1.71170570e-04
   3.44949997e+02  -4.68893471e-04
   3.44950485e+02  -2.55208492e-04
   3.44950974e+02  -2.07657868e-04
   3.44951462e+02  -1.16898060e-04
   3.44951950e+02   1.81808355e-04
   3.44952439e+02   4.28374187e-04
   3.44952927e+02   4.52954060e-04
   3.44953415e+02   4.46654070e-04
   3.44953904e+02   3.67364060e-04
   3.44954392e+02  -3.99824436e-04
   3.44954880e+02  -5.31358237e-04
   3.44955368e+02   1.49126936e-04
   3.44955857e+02   2.83063389e-04
   3.44956345e+02   5.43083006e-05
   3.44956833e+02  -1.87067461e-04
   3.44957322e+02  -1.67463604e-05
   3.44957810e+02   2.99998967e-04
   3.44958298e+02   2.20519272e-04
   3.44958787e+02  -1.61100645e-04
   3.44959275e+02  -3.69793532e-04
   3.44959763e+02  -2.99697887e-04
   3.44960252e+02  -1.99567163e-04
   3.44960740e+02   4.08213818e-05
   3.44961228e+02  -8.18256376e-05
   3.44961716e+02  -7.58848153e-04
   3.44962205e+02  -9.40531492e-04
   3.44962693e+02  -3.11106909e-04
   3.44963181e+02   1.22628089e-05
   3.44963670e+02  -3.52585717e-04
   3.44964158e+02  -4.34541260e-04
   3.44964646e+02   8.73860881e-06
   3.44965135e+02  -1.52152599e-04
   3.44965623e+02  -4.06705978e-04
   3.44966111e+02  -7.06790379e-05
   3.44966600e+02  -2.82273773e-04
   3.44967088e+02  -3.03841953e-04
   3.44967576e+02   4.45258105e-04
   3.44968065e+02   3.41511302e-04
   3.44968553e+02  -1.63420234e-04
   3.44969041e+02  -1.82278265e-04
   3.44969529e+02   1.09137625e-04
   3.44970018e+02   4.88366582e-04
   3.44970506e+02   4.76631772e-04
   3.44970994e+02  -1.96281744e-05
   3.44971483e+02  -4.67473525e-04
   3.44971971e+02  -6.13906130e-04
   3.44972459e+02  -4.20287513e-04
   3.44972948e+02  -1.95576955e-04
   3.44973436e+02  -3.42733656e-05
   3.44973924e+02  -2.08667698e-04
   3.44974413e+02  -7.63972348e-04
   3.44974901e+02  -5.92722965e-04
   3.44975389e+02   9.67906453e-05
   3.44975877e+02   4.95168555e-04
   3.44976366e+02   3.51161667e-04
   3.44976854e+02  -3.15143407e-04
   3.44977342e+02  -5.12394414e-04
   3.44977831e+02  -1.27496169e-05
   3.44978319e+02   4.84928809e-04
   3.44978807e+02   4.59401635e-04
   3.44979296e+02   1.32926842e-04
   3.44979784e+02   7.64307260e-05
   3.44980272e+02   3.76948621e-04
   3.44980761e+02   5.30529302e-04
   3.44981249e+02   1.64080237e-04
   3.44981737e+02  -1.67355669e-04
   3.44982225e+02  -1.75720470e-05
   3.44982714e+02   2.55087711e-04
   3.44983202e+02   5.43953967e-04
   3.44983690e+02   5.71209996e-04
   3.44984179e+02   1.37601121e-04
   3.44984667e+02  -1.41880810e-04
   3.44985155e+02   7.54015418e-05
   3.44985644e+02   8.57083432e-05
   3.44986132e+02  -2.79071828e-04
   3.44986620e+02  -5.22158924e-04
   3.44987109e+02  -2.10813159e-04
   3.44987597e+02  -4.61792151e-05
   3.44988085e+02  -2.12621497e-04
   3.44988573e+02  -6.50188449e-05
   3.44989062e+02   5.77983992e-05
   3.44989550e+02  -8.17255423e-05
   3.44990038e+02   6.01457104e-05
   3.44990527e+02  -2.28613703e-06
   3.44991015e+02  -3.85574385e-04
   3.44991503e+02  -3.37418278e-05
   3.44991992e+02   5.06353215e-04
   3.44992480e+02   5.99678548e-04
   3.44992968e+02   5.87508664e-04
   3.44993457e+02   3.67467757e-04
   3.44993945e+02   3.29665490e-05
   3.44994433e+02  -3.48550297e-04
   3.44994921e+02  -4.35216964e-04
   3.44995410e+02  -3.50140384e-04
   3.44995898e+02  -7.05364742e-04
   3.44996386e+02  -6.74566836e-04
   3.44996875e+02  -6.08142873e-04
   3.44997363e+02  -7.59401184e-04
   3.44997851e+02  -4.19552613e-04
   3.44998340e+02  -8.87165370e-05
   3.44998828e+02  -1.20461715e-04
   3.44999316e+02  -3.48075730e-04
   3.44999805e+02  -2.85825081e-04
   3.45000293e+02  -1.97616333e-04
   3.45000781e+02   1.16208257e-05
   3.45001269e+02   2.37776781e-04
   3.45001758e+02  -9.37955265e-05
   3.45002246e+02  -2.02728901e-04
   3.45002734e+02   1.66452359e-04
   3.45003223e+02   2.69254349e-04
   3.45003711e+02  -4.84430202e-05
   3.45004199e+02  -6.22773543e-04
   3.45004688e+02  -6.99802360e-04
   3.45005176e+02  -3.70011432e-04
   3.45005664e+02  -2.91978591e-04
   3.45006153e+02  -6.70633395e-04
   3.45006641e+02  -6.74173061e-04
   3.45007129e+02  -1.59003001e-04
   3.45007618e+02   1.63076358e-04
   3.45008106e+02  -1.73640932e-04
   3.45008594e+02  -4.99488960e-04
   3.45009082e+02  -3.21097148e-04
   3.45009571e+02  -4.35160910e-04
   3.45010059e+02  -5.92675002e-04
   3.45010547e+02  -3.06614704e-04
   3.45011036e+02  -2.60948669e-04
   3.45011524e+02  -7.25132471e-04
   3.45012012e+02  -7.00442761e-04
   3.45012501e+02  -4.28962259e-04
   3.45012989e+02  -4.69662249e-04
   3.45013477e+02  -2.22565810e-04
   3.45013966e+02  -2.08361216e-05
   3.45014454e+02  -2.66201270e-04
   3.45014942e+02  -2.54215236e-04
   3.45015430e+02  -3.10775067e-04
   3.45015919e+02  -5.43091970e-04
   3.45016407e+02  -1.59504256e-04
   3.45016895e+02   2.71132798e-04
   3.45017384e+02   2.66783143e-04
   3.45017872e+02   1.49041458e-04
   3.45018360e+02   1.83498953e-04
   3.45018849e+02   3.57983808e-04
   3.45019337e+02   5.57203253e-04
   3.45019825e+02   6.93569775e-04
   3.45020314e+02   4.76619956e-04
   3.45020802e+02   1.42426186e-04
   3.45021290e+02  -2.04951866e-04
   3.45021778e+02  -2.18602727e-04
   3.45022267e+02   4.84553166e-04
   3.45022755e+02   6.38561673e-04
   3.45023243e+02  -3.11427342e-04
   3.45023732e+02  -1.13626767e-03
   3.45024220e+02  -1.11882109e-03
   3.45024708e+02  -6.67032611e-04
   3.45025197e+02  -2.07968231e-04
   3.45025685e+02  -7.26059152e-05
   3.45026173e+02  -1.56310824e-04
   3.45026662e+02  -1.51917324e-04
   3.45027150e+02  -1.43723417e-04
   3.45027638e+02   1.23517370e-04
   3.45028126e+02   3.99201905e-04
   3.45028615e+02   1.24059981e-04
   3.45029103e+02  -2.11837832e-04
   3.45029591e+02  -2.75942730e-04
   3.45030080e+02  -4.77719768e-05
   3.45030568e+02  -6.66252090e-05
   3.45031056e+02  -2.37194996e-04
   3.45031545e+02  -2.74315942e-04
   3.45032033e+02  -2.57261490e-05
   3.45032521e+02   3.33166769e-04
   3.45033010e+02   2.11502076e-04
   3.45033498e+02   4.74404842e-05
   3.45033986e+02   3.68479843e-04
   3.45034474e+02   5.18360117e-04
   3.45034963e+02   3.75904056e-04
   3.45035451e+02   2.38816792e-04
   3.45035939e+02  -1.42160468e-04
   3.45036428e+02  -6.49484980e-04
   3.45036916e+02  -3.62367980e-04
   3.45037404e+02   9.22966283e-05
   3.45037893e+02  -9.21700484e-05
   3.45038381e+02  -4.63439937e-04
   3.45038869e+02  -3.61376413e-04
   3.45039358e+02   5.20365138e-05
   3.45039846e+02  -2.36678788e-05
   3.45040334e+02  -9.20138846e-05
   3.45040822e+02   4.56543319e-04
   3.45041311e+02   6.71407150e-04
   3.45041799e+02   4.16769413e-04
   3.45042287e+02   3.37985664e-04
   3.45042776e+02   1.29356282e-04
   3.45043264e+02  -3.09983181e-04
   3.45043752e+02  -1.86624588e-04
   3.45044241e+02   1.10705456e-04
   3.45044729e+02   1.16209776e-04
   3.45045217e+02   9.22055478e-05
   3.45045706e+02   4.38731058e-06
   3.45046194e+02  -5.42024827e-05
   3.45046682e+02  -4.41213808e-04
   3.45047171e+02  -7.95484113e-04
   3.45047659e+02  -5.18719782e-04
   3.45048147e+02  -1.77453010e-04
   3.45048635e+02  -2.66217121e-05
   3.45049124e+02   3.64185224e-04
   3.45049612e+02   7.33977067e-04
   3.45050100e+02   7.52117659e-04
   3.45050589e+02   3.93988739e-04
   3.45051077e+02  -4.66024067e-04
   3.45051565e+02  -6.82679238e-04
   3.45052054e+02  -2.36074862e-04
   3.45052542e+02  -1.19229677e-04
   3.45053030e+02  -2.09126258e-04
   3.45053519e+02  -5.42402908e-04
   3.45054007e+02  -5.25556505e-04
   3.45054495e+02  -5.73397265e-05
   3.45054983e+02  -2.81647372e-04
   3.45055472e+02  -4.96948254e-04
   3.45055960e+02   1.60087715e-04
   3.45056448e+02   5.90093783e-04
   3.45056937e+02   4.59630857e-04
   3.45057425e+02   1.89378318e-06
   3.45057913e+02  -5.60902350e-04
   3.45058402e+02  -3.74311814e-04
   3.45058890e+02   6.15393219e-04
   3.45059378e+02   7.63575837e-04
   3.45059867e+02   1.14762537e-04
   3.45060355e+02  -4.86984891e-06
   3.45060843e+02   1.43426398e-04
   3.45061331e+02   3.37802980e-04
   3.45061820e+02   5.94137062e-04
   3.45062308e+02   4.65030083e-04
   3.45062796e+02   5.66420262e-04
   3.45063285e+02   1.02586136e-03
   3.45063773e+02   1.13891193e-03
   3.45064261e+02   8.87814327e-04
   3.45064750e+02   8.52086756e-04
   3.45065238e+02   1.12771965e-03
   3.45065726e+02   9.72329581e-04
   3.45066215e+02   4.29480104e-04
   3.45066703e+02   6.31730538e-04
   3.45067191e+02   1.03300659e-03
   3.45067679e+02   7.13691290e-04
   3.45068168e+02   2.75268481e-04
   3.45068656e+02  -4.48113642e-05
   3.45069144e+02  -2.12052983e-04
   3.45069633e+02  -2.16877335e-04
   3.45070121e+02  -4.60519950e-04
   3.45070609e+02  -6.83319115e-04
   3.45071098e+02  -6.69270521e-04
   3.45071586e+02  -2.27424229e-04
   3.45072074e+02   2.94194888e-05
   3.45072563e+02   9.08685179e-05
   3.45073051e+02   3.07125243e-04
   3.45073539e+02  -7.24669662e-05
   3.45074027e+02  -2.83245579e-04
   3.45074516e+02  -2.00832335e-04
   3.45075004e+02  -3.65754124e-04
   3.45075492e+02   1.40331773e-04
   3.45075981e+02   7.83613359e-04
   3.45076469e+02   1.08553248e-03
   3.45076957e+02   8.67845316e-04
   3.45077446e+02   1.01033715e-04
   3.45077934e+02  -1.54600799e-04
   3.45078422e+02  -2.94373040e-05
   3.45078911e+02  -1.03508137e-04
   3.45079399e+02  -3.29983654e-04
   3.45079887e+02  -3.09296040e-04
   3.45080375e+02  -2.58241838e-04
   3.45080864e+02  -4.61085670e-04
   3.45081352e+02  -1.56085400e-04
   3.45081840e+02   3.75728705e-04
   3.45082329e+02   4.07717394e-04
   3.45082817e+02   2.76978390e-04
   3.45083305e+02   1.33392008e-04
   3.45083794e+02  -5.48022035e-05
   3.45084282e+02  -4.02349775e-04
   3.45084770e+02  -5.51624456e-04
   3.45085259e+02  -6.43616877e-05
   3.45085747e+02   1.32697183e-04
   3.45086235e+02  -1.04365441e-04
   3.45086724e+02  -3.58185440e-04
   3.45087212e+02  -5.75823535e-04
   3.45087700e+02  -6.29261252e-04
   3.45088188e+02  -6.81818987e-04
   3.45088677e+02  -3.63239320e-04
   3.45089165e+02   3.13775854e-05
   3.45089653e+02   3.42068574e-06
   3.45090142e+02   1.65448611e-04
   3.45090630e+02   3.60531791e-04
   3.45091118e+02  -3.83776824e-05
   3.45091607e+02  -2.56667234e-04
   3.45092095e+02   2.37835862e-04
   3.45092583e+02   6.44960732e-04
   3.45093072e+02   4.71847568e-04
   3.45093560e+02   1.26513842e-04
   3.45094048e+02  -5.53745776e-04
   3.45094536e+02  -7.48289807e-04
   3.45095025e+02  -4.28733794e-04
   3.45095513e+02  -4.61743330e-04
   3.45096001e+02  -1.80450792e-04
   3.45096490e+02   3.47918802e-04
   3.45096978e+02   1.87024460e-04
   3.45097466e+02  -3.14033678e-04
   3.45097955e+02  -1.63128629e-04
   3.45098443e+02   2.94448109e-04
   3.45098931e+02   5.58178348e-04
   3.45099420e+02   2.37417626e-04
   3.45099908e+02  -1.36338349e-04
   3.45100396e+02  -3.51375871e-04
   3.45100884e+02  -4.00613877e-04
   3.45101373e+02   9.37555669e-05
   3.45101861e+02   4.69628227e-04
   3.45102349e+02   3.58615740e-04
   3.45102838e+02   2.36678854e-04
   3.45103326e+02   1.26734056e-04
   3.45103814e+02   9.34146665e-05
   3.45104303e+02   2.93133577e-04
   3.45104791e+02   7.75980239e-04
   3.45105279e+02   9.88390413e-04
   3.45105768e+02   2.75229802e-04
   3.45106256e+02  -4.16827068e-04
   3.45106744e+02   8.37952393e-05
   3.45107232e+02   4.70355386e-04
   3.45107721e+02   4.54330147e-05
   3.45108209e+02  -1.44104168e-04
   3.45108697e+02  -1.80914809e-04
   3.45109186e+02  -4.39789408e-04
   3.45109674e+02  -4.77921625e-04
   3.45110162e+02  -2.35235726e-04
   3.45110651e+02  -1.14954222e-04
   3.45111139e+02   2.69643759e-04
   3.45111627e+02   5.08823257e-04
   3.45112116e+02  -1.96215042e-05
   3.45112604e+02  -3.76556971e-04
   3.45113092e+02  -1.99257720e-05
   3.45113580e+02   1.74437213e-04
   3.45114069e+02   5.51846824e-05
   3.45114557e+02   2.15005048e-06
   3.45115045e+02   1.90029969e-04
   3.45115534e+02   2.93394900e-04
   3.45116022e+02   2.82758061e-04
   3.45116510e+02   3.88935121e-04
   3.45116999e+02   3.12307675e-04
   3.45117487e+02  -1.61594158e-04
   3.45117975e+02  -3.88255139e-04
   3.45118464e+02  -4.03510378e-04
   3.45118952e+02  -4.87944140e-04
   3.45119440e+02  -3.75924632e-04
   3.45119928e+02  -7.86487872e-05
   3.45120417e+02   3.26329784e-04
   3.45120905e+02   1.38475792e-04
   3.45121393e+02  -1.58016919e-04
   3.45121882e+02  -2.30133694e-04
   3.45122370e+02  -2.51543563e-04
   3.45122858e+02  -2.02018928e-05
   3.45123347e+02   4.76379908e-04
   3.45123835e+02   7.31393520e-04
   3.45124323e+02   7.46585778e-04
   3.45124812e+02   7.22971512e-04
   3.45125300e+02   4.35891765e-04
   3.45125788e+02   1.31306961e-05
   3.45126277e+02  -2.96476210e-04
   3.45126765e+02  -4.10906621e-04
   3.45127253e+02  -2.48979923e-04
   3.45127741e+02  -2.19402355e-04
   3.45128230e+02  -1.72434738e-04
   3.45128718e+02  -1.70321755e-06
   3.45129206e+02   1.05584106e-04
   3.45129695e+02   1.67386592e-04
   3.45130183e+02   1.29072592e-04
   3.45130671e+02   3.79200705e-04
   3.45131160e+02   7.37896946e-04
   3.45131648e+02   6.72265945e-04
   3.45132136e+02   3.25122586e-04
   3.45132625e+02  -8.76759295e-05
   3.45133113e+02  -1.41749275e-04
   3.45133601e+02   2.34393912e-04
   3.45134089e+02   5.84194029e-04
   3.45134578e+02   4.80025017e-04
   3.45135066e+02   1.99462869e-04
   3.45135554e+02   8.35855899e-05
   3.45136043e+02   2.07886493e-04
   3.45136531e+02   3.21954518e-04
   3.45137019e+02  -6.03821100e-05
   3.45137508e+02  -4.61079471e-04
   3.45137996e+02  -5.59112523e-04
   3.45138484e+02  -7.73990003e-04
   3.45138973e+02  -7.88915728e-04
   3.45139461e+02  -5.13343723e-04
   3.45139949e+02  -2.65709386e-04
   3.45140437e+02  -2.09897320e-04
   3.45140926e+02  -2.31790400e-04
   3.45141414e+02   1.42382778e-04
   3.45141902e+02   2.21720809e-04
   3.45142391e+02  -2.31260972e-04
   3.45142879e+02  -5.55983454e-04
   3.45143367e+02  -8.12736631e-04
   3.45143856e+02  -5.92119351e-04
   3.45144344e+02  -2.39406858e-04
   3.45144832e+02  -3.60704202e-04
   3.45145321e+02  -3.02768662e-04
   3.45145809e+02  -3.50276212e-04
   3.45146297e+02  -6.59467070e-04
   3.45146785e+02  -1.48247753e-04
   3.45147274e+02   2.89509626e-04
   3.45147762e+02   6.13433585e-05
   3.45148250e+02   2.99935316e-04
   3.45148739e+02   6.70206849e-04
   3.45149227e+02   6.21487561e-04
   3.45149715e+02   1.99194314e-04
   3.45150204e+02  -2.60996225e-04
   3.45150692e+02   7.75527860e-06
   3.45151180e+02   3.97731987e-04
   3.45151669e+02   4.09969740e-04
   3.45152157e+02   1.72694985e-04
   3.45152645e+02  -8.16929787e-06
   3.45153133e+02  -2.77459418e-04
   3.45153622e+02  -5.38782799e-04
   3.45154110e+02   2.33419496e-06
   3.45154598e+02   7.16509239e-04
   3.45155087e+02   4.44213161e-04
   3.45155575e+02  -2.20896211e-04
   3.45156063e+02  -5.31505444e-04
   3.45156552e+02  -3.41647567e-04
   3.45157040e+02   2.48288852e-04
   3.45157528e+02   4.89668164e-04
   3.45158017e+02   2.62868474e-04
   3.45158505e+02  -1.22925238e-04
   3.45158993e+02  -4.64296289e-04
   3.45159481e+02  -2.60046945e-04
   3.45159970e+02   9.04743065e-05
   3.45160458e+02   1.58106574e-04
   3.45160946e+02   2.63976661e-04
   3.45161435e+02   2.40370835e-04
   3.45161923e+02   1.66260521e-04
   3.45162411e+02   2.25744763e-04
   3.45162900e+02   9.72933340e-05
   3.45163388e+02  -3.65687738e-04
   3.45163876e+02  -7.86180783e-04
   3.45164365e+02  -6.95564726e-04
   3.45164853e+02  -1.80497940e-04
   3.45165341e+02   2.94086291e-04
   3.45165830e+02   5.70418080e-04
   3.45166318e+02   3.46574787e-04
   3.45166806e+02   2.29220721e-04
   3.45167294e+02   4.49131359e-04
   3.45167783e+02   4.36077185e-04
   3.45168271e+02   3.19923158e-04
   3.45168759e+02   3.29979404e-04
   3.45169248e+02   2.56087835e-04
   3.45169736e+02   1.07955439e-05
   3.45170224e+02  -4.02716105e-04
   3.45170713e+02  -4.49182466e-04
   3.45171201e+02  -1.98047826e-04
   3.45171689e+02   1.06453990e-05
   3.45172178e+02   3.91746107e-05
   3.45172666e+02  -1.00398029e-04
   3.45173154e+02   2.87403491e-05
   3.45173642e+02   3.50847913e-05
   3.45174131e+02  -2.72655510e-04
   3.45174619e+02  -3.88686283e-04
   3.45175107e+02  -3.28164140e-04
   3.45175596e+02   1.89890023e-04
   3.45176084e+02   3.38275364e-04
   3.45176572e+02  -1.55033471e-04
   3.45177061e+02  -3.24660592e-04
   3.45177549e+02  -3.34686250e-04
   3.45178037e+02  -8.86724447e-05
   3.45178526e+02   2.62012240e-04
   3.45179014e+02   5.35666419e-04
   3.45179502e+02   5.77306142e-04
   3.45179990e+02   5.28116361e-04
   3.45180479e+02   6.31527451e-04
   3.45180967e+02   8.77480139e-04
   3.45181455e+02   6.44034240e-04
   3.45181944e+02   2.07666104e-04
   3.45182432e+02  -2.97271821e-04
   3.45182920e+02  -6.39058242e-04
   3.45183409e+02  -6.15152763e-04
   3.45183897e+02  -1.14433024e-04
   3.45184385e+02   3.46118934e-04
   3.45184874e+02   4.65642166e-04
   3.45185362e+02   3.39753838e-04
   3.45185850e+02   1.89849583e-04
   3.45186338e+02   7.09679953e-05
   3.45186827e+02  -2.89356511e-04
   3.45187315e+02  -6.56998134e-04
   3.45187803e+02  -9.26873588e-04
   3.45188292e+02  -9.48538596e-04
   3.45188780e+02  -3.44446278e-04
   3.45189268e+02  -1.40564705e-04
   3.45189757e+02  -5.80033346e-04
   3.45190245e+02  -6.56500692e-04
   3.45190733e+02  -1.30907165e-05
   3.45191222e+02   7.21743039e-04
   3.45191710e+02   6.52279297e-04
   3.45192198e+02   2.67984055e-04
   3.45192686e+02  -1.74472771e-05
   3.45193175e+02  -3.89133958e-04
   3.45193663e+02  -5.10596030e-04
   3.45194151e+02  -4.32419503e-04
   3.45194640e+02  -3.59928235e-04
   3.45195128e+02  -2.71441095e-04
   3.45195616e+02  -3.32705713e-05
   3.45196105e+02   2.12294850e-04
   3.45196593e+02   1.08271117e-04
   3.45197081e+02   1.01722188e-04
   3.45197570e+02   1.10808687e-05
   3.45198058e+02  -5.82406938e-04
   3.45198546e+02  -6.91906956e-04
   3.45199034e+02  -2.78270018e-04
   3.45199523e+02  -2.20377056e-04
   3.45200011e+02  -1.99935821e-04
   3.45200499e+02  -1.30045242e-04
   3.45200988e+02  -2.19331443e-04
   3.45201476e+02  -2.99702981e-04
   3.45201964e+02  -5.36225154e-04
   3.45202453e+02  -5.47140371e-04
   3.45202941e+02  -2.56527303e-04
   3.45203429e+02   1.37222654e-04
   3.45203918e+02   2.96146754e-04
   3.45204406e+02   2.44052280e-04
   3.45204894e+02   2.50847253e-04
   3.45205383e+02   4.46143618e-04
   3.45205871e+02   5.57474908e-04
   3.45206359e+02   9.89494147e-05
   3.45206847e+02  -1.62885714e-04
   3.45207336e+02  -1.63652861e-04
   3.45207824e+02  -1.16041971e-04
   3.45208312e+02   3.20388761e-04
   3.45208801e+02   3.79758130e-04
   3.45209289e+02  -8.07847318e-05
   3.45209777e+02  -2.45769013e-04
   3.45210266e+02  -2.04129625e-04
   3.45210754e+02  -1.59429474e-04
   3.45211242e+02  -1.49452055e-04
   3.45211731e+02  -5.40367386e-04
   3.45212219e+02  -6.17771584e-04
   3.45212707e+02  -1.52589491e-04
   3.45213195e+02   1.62897632e-04
   3.45213684e+02   4.67359787e-04
   3.45214172e+02   4.00602119e-04
   3.45214660e+02   6.92635731e-05
   3.45215149e+02   5.55143750e-04
   3.45215637e+02   9.46989050e-04
   3.45216125e+02   5.26237185e-04
   3.45216614e+02  -4.66747333e-05
   3.45217102e+02  -1.94884837e-04
   3.45217590e+02  -8.09569392e-05
   3.45218079e+02  -6.12410804e-05
   3.45218567e+02   1.80978808e-04
   3.45219055e+02   2.32627121e-04
   3.45219543e+02  -1.35030714e-04
   3.45220032e+02  -4.77081194e-04
   3.45220520e+02  -5.94097015e-04
   3.45221008e+02  -2.96162645e-04
   3.45221497e+02   4.04349150e-04
   3.45221985e+02   8.71603144e-04
   3.45222473e+02   6.04457513e-04
   3.45222962e+02   3.69330373e-04
   3.45223450e+02   5.07737510e-04
   3.45223938e+02   4.84957214e-04
   3.45224427e+02   3.00848798e-04
   3.45224915e+02  -2.67018506e-04
   3.45225403e+02  -6.85516396e-04
   3.45225891e+02  -3.71927890e-04
   3.45226380e+02  -3.13980476e-04
   3.45226868e+02  -6.45093503e-04
   3.45227356e+02  -8.04938551e-04
   3.45227845e+02  -5.64058486e-04
   3.45228333e+02  -2.11882652e-04
   3.45228821e+02   1.02758757e-04
   3.45229310e+02   3.50802933e-04
   3.45229798e+02   3.63467698e-04
   3.45230286e+02   2.89014657e-04
   3.45230775e+02  -2.12427010e-04
   3.45231263e+02  -8.34241393e-04
   3.45231751e+02  -4.71974898e-04
   3.45232239e+02   6.79352597e-05
   3.45232728e+02   1.42651625e-05
   3.45233216e+02  -3.74401221e-04
   3.45233704e+02  -5.68270101e-04
   3.45234193e+02  -3.78329103e-04
   3.45234681e+02  -2.11786100e-04
   3.45235169e+02  -5.41009358e-04
   3.45235658e+02  -3.72517650e-04
   3.45236146e+02   2.59179971e-04
   3.45236634e+02  -3.63484178e-05
   3.45237123e+02  -3.79470031e-04
   3.45237611e+02   6.14595556e-05
   3.45238099e+02   8.00373746e-05
   3.45238587e+02  -7.69182807e-05
   3.45239076e+02  -4.04756342e-04
   3.45239564e+02  -4.60313517e-04
   3.45240052e+02  -5.49162156e-04
   3.45240541e+02  -5.55941719e-04
   3.45241029e+02  -3.22709529e-04
   3.45241517e+02  -2.53981707e-04
   3.45242006e+02  -9.58483943e-05
   3.45242494e+02   3.67997214e-04
   3.45242982e+02   6.89343316e-04
   3.45243471e+02   5.98650018e-04
   3.45243959e+02   3.24476190e-04
   3.45244447e+02   2.63460708e-04
   3.45244936e+02  -1.80246934e-05
   3.45245424e+02  -4.35350055e-04
   3.45245912e+02  -3.74829629e-04
   3.45246400e+02  -1.76399597e-04
   3.45246889e+02  -2.78853957e-04
   3.45247377e+02  -9.38163212e-05
   3.45247865e+02   1.37856347e-04
   3.45248354e+02  -9.98394535e-05
   3.45248842e+02  -3.74199968e-04
   3.45249330e+02  -2.43384609e-04
   3.45249819e+02  -1.29499531e-04
   3.45250307e+02  -3.52783536e-04
   3.45250795e+02  -5.74857288e-04
   3.45251284e+02  -2.68496340e-04
   3.45251772e+02  -8.18958415e-06
   3.45252260e+02  -2.83148023e-04
   3.45252748e+02  -2.95796461e-04
   3.45253237e+02  -1.50500156e-04
   3.45253725e+02  -1.95325614e-04
   3.45254213e+02  -2.11133272e-04
   3.45254702e+02  -6.12419622e-04
   3.45255190e+02  -8.20733723e-04
   3.45255678e+02  -2.90180906e-04
   3.45256167e+02   6.07705842e-05
   3.45256655e+02   1.39451877e-04
   3.45257143e+02   4.44818397e-05
   3.45257632e+02  -2.15674343e-04
   3.45258120e+02   9.94957809e-05
   3.45258608e+02   4.21991223e-04
   3.45259096e+02   1.56868045e-04
   3.45259585e+02  -6.08539194e-05
   3.45260073e+02   2.20842892e-04
   3.45260561e+02   6.61482394e-04
   3.45261050e+02   4.98218869e-04
   3.45261538e+02   2.51571095e-04
   3.45262026e+02   2.16890112e-04
   3.45262515e+02   1.13915266e-04
   3.45263003e+02  -3.33343545e-04
   3.45263491e+02  -7.54136068e-04
   3.45263980e+02  -3.98115226e-04
   3.45264468e+02   3.19706742e-04
   3.45264956e+02   8.03890580e-04
   3.45265444e+02   5.57884690e-04
   3.45265933e+02   4.80530798e-06
   3.45266421e+02  -2.90938857e-04
   3.45266909e+02  -4.21952369e-04
   3.45267398e+02  -1.24347192e-04
   3.45267886e+02   6.21546409e-04
   3.45268374e+02   7.86126999e-04
   3.45268863e+02  -5.74801525e-05
   3.45269351e+02  -6.70387642e-04
   3.45269839e+02  -2.52468686e-04
   3.45270328e+02   1.60978496e-04
   3.45270816e+02   3.08270799e-04
   3.45271304e+02   2.58822954e-04
   3.45271792e+02   7.49391074e-06
   3.45272281e+02   2.79724394e-04
   3.45272769e+02   3.57267680e-04
   3.45273257e+02  -2.12455532e-04
   3.45273746e+02  -1.47136627e-04
   3.45274234e+02   4.95624205e-04
   3.45274722e+02   5.64703136e-04
   3.45275211e+02   1.82719363e-04
   3.45275699e+02   3.80525307e-04
   3.45276187e+02   8.52381811e-04
   3.45276676e+02   8.63337016e-04
   3.45277164e+02   4.66002006e-04
   3.45277652e+02  -2.00616778e-04
   3.45278140e+02  -5.12703031e-04
   3.45278629e+02  -1.04742452e-04
   3.45279117e+02   2.80446897e-04
   3.45279605e+02   2.42342794e-04
   3.45280094e+02   1.46293038e-04
   3.45280582e+02   2.54577579e-04
   3.45281070e+02   4.15086222e-04
   3.45281559e+02   7.09200802e-04
   3.45282047e+02   7.88681326e-04
   3.45282535e+02   7.03814614e-04
   3.45283024e+02   3.57613084e-04
   3.45283512e+02  -3.55086559e-05
   3.45284000e+02  -1.29847613e-04
   3.45284489e+02  -1.53525863e-04
   3.45284977e+02  -4.80860690e-05
   3.45285465e+02  -3.34188371e-05
   3.45285953e+02  -3.64087085e-04
   3.45286442e+02  -5.82006702e-04
   3.45286930e+02  -3.14018369e-04
   3.45287418e+02  -1.61378106e-04
   3.45287907e+02  -3.75719217e-04
   3.45288395e+02  -1.93843822e-04
   3.45288883e+02   7.77214955e-05
   3.45289372e+02  -1.11871545e-04
   3.45289860e+02  -9.88610846e-05
   3.45290348e+02   5.28992059e-05
   3.45290837e+02   1.74432877e-04
   3.45291325e+02   5.71097014e-04
   3.45291813e+02   1.52576991e-04
   3.45292301e+02  -9.41235980e-04
   3.45292790e+02  -1.12070877e-03
   3.45293278e+02  -1.00900885e-03
   3.45293766e+02  -1.15093542e-03
   3.45294255e+02  -6.56412623e-04
   3.45294743e+02  -3.89388589e-07
   3.45295231e+02   2.54398125e-04
   3.45295720e+02   4.26498620e-04
   3.45296208e+02   4.54451365e-04
   3.45296696e+02   9.13739223e-06
   3.45297185e+02  -2.28737132e-04
   3.45297673e+02  -2.33638581e-04
   3.45298161e+02   2.55308751e-05
   3.45298649e+02   4.61057716e-05
   3.45299138e+02   8.31481302e-05
   3.45299626e+02   3.51201772e-04
   3.45300114e+02   2.82439665e-04
   3.45300603e+02   3.51449300e-04
   3.45301091e+02   5.63234440e-04
   3.45301579e+02   3.11741693e-04
   3.45302068e+02  -6.04912248e-06
   3.45302556e+02   7.94390435e-05
   3.45303044e+02   3.23574204e-04
   3.45303533e+02   3.59382422e-04
   3.45304021e+02   2.62091547e-04
   3.45304509e+02   2.77951167e-05
   3.45304997e+02  -6.88310465e-05
   3.45305486e+02   3.42024985e-04
   3.45305974e+02   4.38052666e-04
   3.45306462e+02  -2.92448909e-04
   3.45306951e+02  -7.18648720e-04
   3.45307439e+02  -3.12282675e-04
   3.45307927e+02   1.51391272e-04
   3.45308416e+02   3.91442707e-04
   3.45308904e+02   5.76583669e-04
   3.45309392e+02   5.23621100e-04
   3.45309881e+02   1.86700898e-04
   3.45310369e+02  -3.46368091e-04
   3.45310857e+02  -2.53833947e-04
   3.45311345e+02   3.78458004e-04
   3.45311834e+02   3.78725497e-04
   3.45312322e+02  -2.55021087e-06
   3.45312810e+02  -2.75695184e-05
   3.45313299e+02   1.31516455e-04
   3.45313787e+02   2.33297411e-04
   3.45314275e+02   2.19339578e-04
   3.45314764e+02   3.09898955e-04
   3.45315252e+02   5.22633025e-04
   3.45315740e+02   1.71731357e-04
   3.45316229e+02  -2.82855831e-06
   3.45316717e+02   2.44979106e-04
   3.45317205e+02   2.98326449e-05
   3.45317693e+02  -4.29062289e-04
   3.45318182e+02  -6.11744355e-04
   3.45318670e+02  -8.22849921e-04
   3.45319158e+02  -8.21675989e-04
   3.45319647e+02  -6.71510352e-04
   3.45320135e+02  -5.83201007e-04
   3.45320623e+02  -4.59142291e-04
   3.45321112e+02  -3.22835345e-04
   3.45321600e+02  -7.91396596e-05
   3.45322088e+02   1.75769135e-04
   3.45322577e+02   5.32983453e-04
   3.45323065e+02   4.08257969e-04
   3.45323553e+02   1.21150752e-05
   3.45324042e+02   2.33131912e-04
   3.45324530e+02   4.69705381e-04
   3.45325018e+02  -3.13821474e-05
   3.45325506e+02  -7.32988119e-04
   3.45325995e+02  -7.33147142e-04
   3.45326483e+02  -2.87810515e-04
   3.45326971e+02   1.23587830e-04
   3.45327460e+02   4.30964166e-04
   3.45327948e+02   2.50105106e-04
   3.45328436e+02  -2.48751894e-04
   3.45328925e+02  -3.49155569e-04
   3.45329413e+02  -5.38703927e-04
   3.45329901e+02  -6.52396295e-04
   3.45330390e+02  -6.71279442e-04
   3.45330878e+02  -8.43928428e-04
   3.45331366e+02  -7.15723610e-04
   3.45331854e+02  -2.38452103e-05
   3.45332343e+02   5.27369557e-04
   3.45332831e+02   2.77579791e-04
   3.45333319e+02  -1.88402686e-04
   3.45333808e+02  -7.28653977e-05
   3.45334296e+02  -2.41508955e-04
   3.45334784e+02  -8.16580898e-04
   3.45335273e+02  -6.26269379e-04
   3.45335761e+02  -1.70416224e-05
   3.45336249e+02   2.15395266e-04
   3.45336738e+02   2.11190985e-04
   3.45337226e+02   1.57328803e-04
   3.45337714e+02  -4.08790183e-05
   3.45338202e+02  -7.58216411e-05
   3.45338691e+02   1.65515637e-04
   3.45339179e+02   3.02067900e-04
   3.45339667e+02   8.63317400e-05
   3.45340156e+02   1.42412551e-04
   3.45340644e+02   4.94129898e-04
   3.45341132e+02   3.35885794e-04
   3.45341621e+02  -4.44264966e-04
   3.45342109e+02  -9.18798149e-04
   3.45342597e+02  -3.45751963e-04
   3.45343086e+02   2.44263036e-04
   3.45343574e+02   2.09141173e-04
   3.45344062e+02  -3.80812207e-06
   3.45344550e+02  -5.85967900e-05
   3.45345039e+02   1.68601036e-05
   3.45345527e+02  -1.88387658e-05
   3.45346015e+02   4.40054791e-05
   3.45346504e+02   2.55576917e-04
   3.45346992e+02   1.56411537e-04
   3.45347480e+02  -3.27245034e-05
   3.45347969e+02   1.67793551e-04
   3.45348457e+02   3.29873001e-04
   3.45348945e+02   5.51617355e-04
   3.45349434e+02   6.81127247e-04
   3.45349922e+02   1.96381588e-05
   3.45350410e+02  -7.39830954e-04
   3.45350898e+02  -7.56257446e-04
   3.45351387e+02  -2.75667087e-04
   3.45351875e+02  -5.17591216e-05
   3.45352363e+02  -3.93895694e-04
   3.45352852e+02  -4.27466584e-04
   3.45353340e+02   1.14552451e-04
   3.45353828e+02   4.45658603e-04
   3.45354317e+02   3.35337943e-04
   3.45354805e+02   2.85244168e-05
   3.45355293e+02  -6.36560071e-05
   3.45355782e+02   2.93770485e-04
   3.45356270e+02   4.69959748e-04
   3.45356758e+02   2.08538244e-04
   3.45357246e+02  -2.73059559e-04
   3.45357735e+02  -1.91577652e-04
   3.45358223e+02   2.38170032e-05
   3.45358711e+02  -1.03786078e-04
   3.45359200e+02  -2.03800919e-05
   3.45359688e+02   3.19433748e-04
   3.45360176e+02   3.72164184e-04
   3.45360665e+02   3.20479507e-04
   3.45361153e+02   3.24468216e-04
   3.45361641e+02  -1.88809310e-04
   3.45362130e+02  -9.69486544e-04
   3.45362618e+02  -7.38070055e-04
   3.45363106e+02   4.16429866e-05
   3.45363595e+02   9.39462843e-05
   3.45364083e+02  -1.77977388e-04
   3.45364571e+02   9.44024669e-06
   3.45365059e+02   6.84722443e-04
   3.45365548e+02   9.73017188e-04
   3.45366036e+02   5.55603008e-04
   3.45366524e+02  -1.56982249e-04
   3.45367013e+02  -5.13118342e-04
   3.45367501e+02  -3.63699510e-05
   3.45367989e+02   4.92045307e-04
   3.45368478e+02   5.77437342e-04
   3.45368966e+02   2.83826288e-04
   3.45369454e+02  -1.34875208e-05
   3.45369943e+02  -2.95715290e-04
   3.45370431e+02  -5.57936495e-04
   3.45370919e+02  -4.62871976e-04
   3.45371407e+02  -3.03467270e-04
   3.45371896e+02  -1.71148742e-04
   3.45372384e+02   1.50342326e-04
   3.45372872e+02   3.56729928e-04
   3.45373361e+02   2.24828182e-04
   3.45373849e+02   3.10810283e-04
   3.45374337e+02   5.24795265e-04
   3.45374826e+02   5.92979311e-04
   3.45375314e+02   6.85610867e-04
   3.45375802e+02   5.94432582e-04
   3.45376291e+02   3.99915123e-04
   3.45376779e+02   2.89090356e-04
   3.45377267e+02   5.68311916e-05
   3.45377755e+02  -2.90660653e-04
   3.45378244e+02  -2.07010962e-04
   3.45378732e+02   2.16438042e-04
   3.45379220e+02   6.21799205e-04
   3.45379709e+02   4.28315107e-04
   3.45380197e+02  -7.53909408e-05
   3.45380685e+02  -7.33221241e-05
   3.45381174e+02   1.92688894e-04
   3.45381662e+02   3.03846813e-04
   3.45382150e+02   1.47163255e-05
   3.45382639e+02  -1.38196046e-04
   3.45383127e+02  -2.18552363e-04
   3.45383615e+02  -4.81419003e-04
   3.45384103e+02  -4.85040451e-04
   3.45384592e+02  -3.88479966e-04
   3.45385080e+02  -3.90239555e-04
   3.45385568e+02  -5.23414754e-04
   3.45386057e+02  -6.54167961e-04
   3.45386545e+02  -4.66727099e-04
   3.45387033e+02  -3.96309450e-04
   3.45387522e+02  -5.88188821e-04
   3.45388010e+02  -4.67467005e-04
   3.45388498e+02  -3.43717838e-04
   3.45388987e+02  -3.03288747e-04
   3.45389475e+02   7.88225880e-05
   3.45389963e+02   2.36163745e-04
   3.45390451e+02   1.21975827e-04
   3.45390940e+02   5.93472723e-05
   3.45391428e+02  -3.82030448e-05
   3.45391916e+02   3.35504446e-04
   3.45392405e+02   6.25237823e-04
   3.45392893e+02   3.15818790e-04
   3.45393381e+02  -4.09405620e-05
   3.45393870e+02  -6.42208979e-05
   3.45394358e+02  -2.69536453e-04
   3.45394846e+02  -5.23308874e-04
   3.45395335e+02  -4.38546878e-04
   3.45395823e+02  -2.16059096e-04
   3.45396311e+02  -4.33188980e-05
   3.45396799e+02  -6.60535952e-05
   3.45397288e+02   3.78412049e-04
   3.45397776e+02   8.03574920e-04
   3.45398264e+02   4.02937323e-04
   3.45398753e+02   3.21253523e-04
   3.45399241e+02   4.81632596e-04
   3.45399729e+02   1.86059246e-04
   3.45400218e+02   1.00097401e-04
   3.45400706e+02   6.02865184e-04
   3.45401194e+02   8.72248842e-04
   3.45401683e+02   5.07201999e-04
   3.45402171e+02   2.33162762e-04
   3.45402659e+02   1.87986036e-04
   3.45403147e+02   5.77589853e-05
   3.45403636e+02  -1.85623867e-05
   3.45404124e+02   6.29211281e-05
   3.45404612e+02   7.63295466e-05
   3.45405101e+02  -2.43445975e-04
   3.45405589e+02  -4.84169286e-04
   3.45406077e+02  -3.20233405e-04
   3.45406566e+02  -3.54661024e-04
   3.45407054e+02  -3.11740441e-04
   3.45407542e+02   1.34200091e-04
   3.45408031e+02   4.06219362e-04
   3.45408519e+02   4.23490535e-04
   3.45409007e+02   3.26667767e-04
   3.45409496e+02   1.48470472e-05
   3.45409984e+02  -4.13692498e-04
   3.45410472e+02  -5.32661856e-04
   3.45410960e+02  -7.60131734e-05
   3.45411449e+02   4.30931505e-05
   3.45411937e+02  -6.46896835e-04
   3.45412425e+02  -9.11055191e-04
   3.45412914e+02  -2.99755688e-04
   3.45413402e+02   2.11423248e-04
   3.45413890e+02   7.94967127e-05
   3.45414379e+02   1.93905638e-04
   3.45414867e+02   4.20750410e-04
   3.45415355e+02   5.13155130e-04
   3.45415844e+02   4.77910682e-04
   3.45416332e+02   3.91503447e-04
   3.45416820e+02  -1.25516124e-06
   3.45417308e+02  -2.83456699e-04
   3.45417797e+02  -1.76309215e-04
   3.45418285e+02  -2.02189854e-04
   3.45418773e+02  -4.76317509e-04
   3.45419262e+02  -6.52381335e-04
   3.45419750e+02  -4.92748979e-04
   3.45420238e+02  -3.55137541e-04
   3.45420727e+02  -5.84263587e-04
   3.45421215e+02  -6.12506701e-04
   3.45421703e+02  -3.74585594e-04
   3.45422192e+02  -9.66202642e-05
   3.45422680e+02   5.18084416e-05
   3.45423168e+02  -1.03832761e-04
   3.45423656e+02  -1.53597153e-04
   3.45424145e+02  -2.52431957e-04
   3.45424633e+02  -3.41785839e-04
   3.45425121e+02  -2.50570592e-04
   3.45425610e+02  -2.43873263e-04
   3.45426098e+02   9.20120292e-05
   3.45426586e+02   3.70354916e-04
   3.45427075e+02   1.23021702e-04
   3.45427563e+02   7.68635218e-05
   3.45428051e+02   4.18982760e-04
   3.45428540e+02   5.80678752e-04
   3.45429028e+02   6.00788451e-04
   3.45429516e+02   5.37332497e-04
   3.45430004e+02   3.74306692e-04
   3.45430493e+02   3.82198894e-04
   3.45430981e+02   5.95800462e-04
   3.45431469e+02   6.64504187e-04
   3.45431958e+02   2.52346799e-04
   3.45432446e+02  -7.90439226e-05
   3.45432934e+02   2.01210118e-04
   3.45433423e+02   2.64174538e-04
   3.45433911e+02   1.53435205e-04
   3.45434399e+02   4.44502395e-04
   3.45434888e+02   6.36596407e-04
   3.45435376e+02   5.26744989e-04
   3.45435864e+02   9.32903567e-05
   3.45436352e+02  -1.47371597e-04
   3.45436841e+02   1.45392096e-05
   3.45437329e+02   3.01243672e-05
   3.45437817e+02  -1.20236837e-04
   3.45438306e+02  -1.81888216e-04
   3.45438794e+02   9.58090677e-05
   3.45439282e+02   2.14797823e-04
   3.45439771e+02   8.63388632e-05
   3.45440259e+02   2.33586659e-04
   3.45440747e+02   1.86298654e-04
   3.45441236e+02   9.26697321e-05
   3.45441724e+02   4.62293683e-04
   3.45442212e+02   5.65065420e-04
   3.45442700e+02   2.66033341e-04
   3.45443189e+02   3.57229204e-04
   3.45443677e+02   3.71049187e-04
   3.45444165e+02  -1.51777480e-04
   3.45444654e+02  -3.20482533e-04
   3.45445142e+02  -1.79605893e-04
   3.45445630e+02  -2.07452904e-05
   3.45446119e+02   3.92078036e-05
   3.45446607e+02  -3.84792278e-04
   3.45447095e+02  -6.11042313e-04
   3.45447584e+02  -1.71001753e-04
   3.45448072e+02   2.05084347e-04
   3.45448560e+02   3.80682817e-04
   3.45449049e+02   3.51846276e-04
   3.45449537e+02   1.09750108e-04
   3.45450025e+02  -3.00127431e-04
   3.45450513e+02  -4.19392338e-04
   3.45451002e+02  -2.72363250e-04
   3.45451490e+02  -3.78891302e-04
   3.45451978e+02  -1.89082813e-04
   3.45452467e+02   3.93664704e-05
   3.45452955e+02  -1.49088883e-04
   3.45453443e+02  -4.23507125e-04
   3.45453932e+02  -5.86530950e-04
   3.45454420e+02  -4.43563913e-04
   3.45454908e+02  -1.99600865e-04
   3.45455397e+02   1.12940252e-04
   3.45455885e+02   3.38973245e-04
   3.45456373e+02   5.00913957e-05
   3.45456861e+02  -1.62178272e-04
   3.45457350e+02  -5.21834663e-05
   3.45457838e+02  -1.01753547e-04
   3.45458326e+02  -1.83732336e-04
   3.45458815e+02  -1.91705112e-04
   3.45459303e+02  -3.07324080e-04
   3.45459791e+02  -5.78688167e-04
   3.45460280e+02  -3.15228885e-04
   3.45460768e+02   2.02512587e-04
   3.45461256e+02  -1.87977566e-04
   3.45461745e+02  -8.28314282e-04
   3.45462233e+02  -7.68533326e-04
   3.45462721e+02  -2.22517760e-04
   3.45463209e+02   1.73128181e-04
   3.45463698e+02   1.41542245e-04
   3.45464186e+02  -1.26766201e-04
   3.45464674e+02   3.76470598e-06
   3.45465163e+02   1.24102851e-04
   3.45465651e+02  -6.61139202e-05
   3.45466139e+02   2.27901066e-04
   3.45466628e+02   6.01200911e-04
   3.45467116e+02   5.58134983e-04
   3.45467604e+02   2.47426098e-04
   3.45468093e+02  -1.95908346e-04
   3.45468581e+02  -2.43792107e-04
   3.45469069e+02  -1.03929575e-04
   3.45469557e+02  -3.33756208e-04
   3.45470046e+02  -4.31077846e-04
   3.45470534e+02  -2.75312108e-04
   3.45471022e+02  -2.60577101e-04
   3.45471511e+02  -2.71601020e-04
   3.45471999e+02  -2.67448428e-04
   3.45472487e+02  -7.47610029e-05
   3.45472976e+02   4.16706287e-04
   3.45473464e+02   3.49751674e-04
   3.45473952e+02   1.49767890e-04
   3.45474441e+02   2.53654056e-04
   3.45474929e+02   2.49116547e-05
   3.45475417e+02  -3.11873708e-04
   3.45475905e+02  -9.16119461e-05
   3.45476394e+02   2.89179268e-04
   3.45476882e+02   3.14218021e-04
   3.45477370e+02   4.91443097e-06
   3.45477859e+02  -1.51424820e-05
   3.45478347e+02   2.84976762e-04
   3.45478835e+02   2.23640178e-04
   3.45479324e+02  -5.94189187e-05
   3.45479812e+02  -2.18151064e-04
   3.45480300e+02   9.45686843e-05
   3.45480789e+02   3.88316927e-04
   3.45481277e+02  -3.30809307e-05
   3.45481765e+02   2.80981709e-04
   3.45482253e+02   6.81844831e-04
   3.45482742e+02   7.72063777e-06
   3.45483230e+02  -3.92660557e-04
   3.45483718e+02  -1.26943443e-04
   3.45484207e+02   2.90480617e-04
   3.45484695e+02   2.38431283e-04
   3.45485183e+02  -3.49021313e-04
   3.45485672e+02  -6.72651455e-04
   3.45486160e+02  -5.25966985e-04
   3.45486648e+02  -1.39110416e-04
   3.45487137e+02  -2.61694251e-04
   3.45487625e+02  -6.02268323e-04
   3.45488113e+02   5.60343469e-05
   3.45488602e+02   8.15265812e-04
   3.45489090e+02   5.87139570e-04
   3.45489578e+02  -4.75157140e-05
   3.45490066e+02  -4.29832289e-05
   3.45490555e+02   5.83574059e-04
   3.45491043e+02   8.50110140e-04
   3.45491531e+02   7.16338633e-04
   3.45492020e+02   5.64429094e-04
   3.45492508e+02   5.82134933e-04
   3.45492996e+02   6.52246352e-04
   3.45493485e+02   8.43509566e-04
   3.45493973e+02   7.22851022e-04
   3.45494461e+02   1.53774541e-04
   3.45494950e+02  -8.37571497e-05
   3.45495438e+02   3.11769545e-04
   3.45495926e+02   6.09454291e-04
   3.45496414e+02   6.43731037e-04
   3.45496903e+02   8.55991733e-04
   3.45497391e+02   9.55439056e-04
   3.45497879e+02   6.33833872e-04
   3.45498368e+02   4.29989799e-04
   3.45498856e+02   5.71004406e-04
   3.45499344e+02   7.64810829e-04
   3.45499833e+02   9.23497835e-04
   3.45500321e+02   4.19627526e-04
   3.45500809e+02   4.99385933e-04
   3.45501298e+02   1.52476155e-03
   3.45501786e+02   2.14717002e-03
   3.45502274e+02   2.17111735e-03
   3.45502762e+02   2.26299255e-03
   3.45503251e+02   2.48208852e-03
   3.45503739e+02   2.72615673e-03
   3.45504227e+02   2.94564571e-03
   3.45504716e+02   3.54904844e-03
   3.45505204e+02   4.14415961e-03
   3.45505692e+02   4.46560280e-03
   3.45506181e+02   4.46582492e-03
   3.45506669e+02   4.90289880e-03
   3.45507157e+02   6.20547449e-03
   3.45507646e+02   8.09946191e-03
   3.45508134e+02   1.00383880e-02
   3.45508622e+02   1.23607935e-02
   3.45509110e+02   1.49775818e-02
   3.45509599e+02   1.76710039e-02
   3.45510087e+02   2.09765211e-02
   3.45510575e+02   2.47475468e-02
   3.45511064e+02   2.81034671e-02
   3.45511552e+02   3.23701464e-02
   3.45512040e+02   3.75068150e-02
   3.45512529e+02   4.36506979e-02
   3.45513017e+02   5.09843566e-02
   3.45513505e+02   5.93732670e-02
   3.45513994e+02   6.88234940e-02
   3.45514482e+02   8.06372911e-02
   3.45514970e+02   9.35739055e-02
   3.45515458e+02   1.07650325e-01
   3.45515947e+02   1.25593886e-01
   3.45516435e+02   1.51468486e-01
   3.45516923e+02   1.83003724e-01
   3.45517412e+02   2.13117704e-01
   3.45517900e+02   2.43714407e-01
   3.45518388e+02   2.78722495e-01
   3.45518877e+02   3.20886165e-01
   3.45519365e+02   3.70297551e-01
   3.45519853e+02   4.21221286e-01
   3.45520342e+02   4.69367772e-01
   3.45520830e+02   5.14832139e-01
   3.45521318e+02   5.47388673e-01
   3.45521806e+02   5.56234956e-01
   3.45522295e+02   5.47974408e-01
   3.45522783e+02   5.35255611e-01
   3.45523271e+02   5.20038128e-01
   3.45523760e+02   5.02882481e-01
   3.45524248e+02   4.85609919e-01
   3.45524736e+02   4.52661157e-01
   3.45525225e+02   4.09615368e-01
   3.45525713e+02   3.60547781e-01
   3.45526201e+02   3.03838938e-01
   3.45526690e+02   2.53496945e-01
   3.45527178e+02   2.11309433e-01
   3.45527666e+02   1.71297684e-01
   3.45528155e+02   1.34271592e-01
   3.45528643e+02   1.05229102e-01
   3.45529131e+02   8.62714350e-02
   3.45529619e+02   7.42147416e-02
   3.45530108e+02   6.53794557e-02
   3.45530596e+02   5.82867935e-02
   3.45531084e+02   5.08234538e-02
   3.45531573e+02   4.57051508e-02
   3.45532061e+02   4.05620709e-02
   3.45532549e+02   3.54569778e-02
   3.45533038e+02   3.07720099e-02
   3.45533526e+02   2.67239157e-02
   3.45534014e+02   2.35688854e-02
   3.45534503e+02   2.00886242e-02
   3.45534991e+02   1.65094435e-02
   3.45535479e+02   1.40593015e-02
   3.45535967e+02   1.24104163e-02
   3.45536456e+02   1.03301881e-02
   3.45536944e+02   8.08572676e-03
   3.45537432e+02   6.66221464e-03
   3.45537921e+02   6.02863217e-03
   3.45538409e+02   5.25285769e-03
   3.45538897e+02   4.54524066e-03
   3.45539386e+02   3.95548251e-03
   3.45539874e+02   3.58756538e-03
   3.45540362e+02   3.25050205e-03
   3.45540851e+02   3.11699766e-03
   3.45541339e+02   2.64865742e-03
   3.45541827e+02   2.01948080e-03
   3.45542315e+02   1.82488910e-03
   3.45542804e+02   1.65995618e-03
   3.45543292e+02   1.34828268e-03
   3.45543780e+02   1.10774860e-03
   3.45544269e+02   1.02322816e-03
   3.45544757e+02   1.40943739e-03
   3.45545245e+02   1.96247501e-03
   3.45545734e+02   2.03767093e-03
   3.45546222e+02   1.76766247e-03
   3.45546710e+02   1.50838098e-03
   3.45547199e+02   1.28032232e-03
   3.45547687e+02   1.21613522e-03
   3.45548175e+02   7.70507671e-04
   3.45548663e+02   6.65186206e-04
   3.45549152e+02   1.02779898e-03
   3.45549640e+02   1.02518615e-03
   3.45550128e+02   8.65911483e-04
   3.45550617e+02   1.21392624e-03
   3.45551105e+02   1.19806663e-03
   3.45551593e+02   8.48384574e-04
   3.45552082e+02   5.12160012e-04
   3.45552570e+02   6.03115594e-04
   3.45553058e+02   4.70370403e-04
   3.45553547e+02   7.46532387e-05
   3.45554035e+02  -7.10248287e-06
   3.45554523e+02  -8.36042818e-05
   3.45555011e+02  -3.79676494e-04
   3.45555500e+02   2.67287924e-05
   3.45555988e+02   6.65064144e-04
   3.45556476e+02   5.46075869e-04
   3.45556965e+02   3.42686690e-04
   3.45557453e+02   5.41528629e-04
   3.45557941e+02   6.19958679e-04
   3.45558430e+02   3.58667254e-04
   3.45558918e+02   4.17462201e-04
   3.45559406e+02   6.26954599e-04
   3.45559895e+02   6.71797199e-04
   3.45560383e+02   5.25238633e-04
   3.45560871e+02   3.48138536e-04
   3.45561359e+02   3.99018492e-04
   3.45561848e+02   2.92862736e-04
   3.45562336e+02   2.12955681e-04
   3.45562824e+02   1.71684078e-04
   3.45563313e+02   6.64861000e-05
   3.45563801e+02   9.06124842e-05
   3.45564289e+02   5.02978684e-04
   3.45564778e+02   8.14808649e-04
   3.45565266e+02   6.31468778e-04
   3.45565754e+02   2.97506922e-04
   3.45566243e+02  -9.09690425e-05
   3.45566731e+02   1.17492862e-04
   3.45567219e+02   4.25041391e-04
   3.45567708e+02   2.67928874e-04
   3.45568196e+02   1.06428721e-04
   3.45568684e+02   1.41172932e-04
   3.45569172e+02   1.96785491e-04
   3.45569661e+02   7.82109273e-05
   3.45570149e+02  -1.69331484e-04
   3.45570637e+02  -1.25038263e-04
   3.45571126e+02   4.19749231e-05
   3.45571614e+02  -1.41270633e-04
   3.45572102e+02  -2.46665004e-04
   3.45572591e+02   3.23191161e-05
   3.45573079e+02   3.12462042e-04
   3.45573567e+02   4.10782406e-04
   3.45574056e+02   1.55385860e-05
   3.45574544e+02  -3.22707172e-04
   3.45575032e+02  -6.78212382e-05
   3.45575520e+02   7.36407164e-05
   3.45576009e+02   2.48055003e-04
   3.45576497e+02   4.93543048e-04
   3.45576985e+02  -1.43774290e-04
   3.45577474e+02  -7.44116434e-04
   3.45577962e+02  -3.73951276e-04
   3.45578450e+02  -2.10502767e-04
   3.45578939e+02  -4.18103533e-04
   3.45579427e+02  -2.12544735e-04
   3.45579915e+02  -5.75344093e-05
   3.45580404e+02  -2.00085284e-04
   3.45580892e+02  -9.24739870e-05
   3.45581380e+02   1.10074900e-04
   3.45581868e+02   5.15744032e-05
   3.45582357e+02  -1.88527134e-04
   3.45582845e+02  -4.53926332e-04
   3.45583333e+02  -7.58981914e-05
   3.45583822e+02   4.06384264e-04
   3.45584310e+02   1.85723853e-04
   3.45584798e+02  -9.24264623e-06
   3.45585287e+02  -1.50070977e-04
   3.45585775e+02  -6.65836051e-05
   3.45586263e+02   2.26396718e-04
   3.45586752e+02   2.45195642e-05
   3.45587240e+02  -5.53228892e-04
   3.45587728e+02  -7.15198286e-04
   3.45588216e+02  -2.39761270e-04
   3.45588705e+02   1.09373381e-04
   3.45589193e+02  -2.77306099e-05
   3.45589681e+02  -7.05269631e-05
   3.45590170e+02   1.87034311e-04
   3.45590658e+02   1.99271555e-04
   3.45591146e+02   1.62755532e-04
   3.45591635e+02   2.26316653e-04
   3.45592123e+02   2.84789858e-04
   3.45592611e+02   7.86271121e-05
   3.45593100e+02  -2.47644057e-04
   3.45593588e+02   5.81795794e-05
   3.45594076e+02   6.00013300e-04
   3.45594564e+02   5.02991665e-04
   3.45595053e+02   3.22142791e-04
   3.45595541e+02   2.13717722e-04
   3.45596029e+02   1.13851471e-04
   3.45596518e+02   6.29729984e-05
   3.45597006e+02   6.06661815e-05
   3.45597494e+02   2.36222753e-04
   3.45597983e+02   4.97554138e-04
   3.45598471e+02   3.54762306e-04
   3.45598959e+02  -2.06862387e-04
   3.45599448e+02  -2.35825704e-04
   3.45599936e+02   2.07748380e-04
   3.45600424e+02   1.75162189e-04
   3.45600912e+02  -2.81678695e-05
   3.45601401e+02   1.79054841e-04
   3.45601889e+02   2.71789584e-04
   3.45602377e+02  -2.80895649e-04
   3.45602866e+02  -8.77015234e-04
   3.45603354e+02  -6.50827540e-04
   3.45603842e+02  -1.61850840e-04
   3.45604331e+02  -1.85352794e-04
   3.45604819e+02  -3.16764403e-04
   3.45605307e+02   5.80032929e-06
   3.45605796e+02   6.12562217e-05
   3.45606284e+02  -4.40497999e-04
   3.45606772e+02  -6.32955285e-04
   3.45607261e+02  -5.59880340e-04
   3.45607749e+02  -4.01388126e-04
   3.45608237e+02   2.01890172e-04
   3.45608725e+02   6.18411286e-04
   3.45609214e+02   4.73005377e-04
   3.45609702e+02   2.01244635e-04
   3.45610190e+02   8.57913110e-05
   3.45610679e+02   9.12135947e-05
   3.45611167e+02  -1.70378684e-04
   3.45611655e+02  -5.07589313e-04
   3.45612144e+02  -1.63481076e-04
   3.45612632e+02   2.53487844e-04
   3.45613120e+02   1.73207547e-04
   3.45613609e+02  -7.39716852e-05
   3.45614097e+02  -2.14347703e-04
   3.45614585e+02  -2.10942468e-04
   3.45615073e+02  -1.42106888e-04
   3.45615562e+02  -3.77529614e-06
   3.45616050e+02   3.78980651e-04
   3.45616538e+02   7.39093171e-04
   3.45617027e+02   5.72334800e-04
   3.45617515e+02  -7.76341130e-06
   3.45618003e+02  -1.23764243e-04
   3.45618492e+02   5.36685257e-05
   3.45618980e+02  -1.30713830e-04
   3.45619468e+02  -4.43516998e-04
   3.45619957e+02  -1.10437126e-04
   3.45620445e+02   4.07676067e-04
   3.45620933e+02  -9.65272702e-05
   3.45621421e+02  -4.79858107e-04
   3.45621910e+02  -8.19052584e-05
   3.45622398e+02   7.23283893e-06
   3.45622886e+02   9.08534203e-05
   3.45623375e+02   4.12002642e-04
   3.45623863e+02   3.13140976e-04
   3.45624351e+02   8.56262050e-05
   3.45624840e+02  -1.87084188e-05
   3.45625328e+02   4.38965071e-05
   3.45625816e+02   8.19500710e-05
   3.45626305e+02   2.68506719e-05
   3.45626793e+02   2.46464660e-05
   3.45627281e+02  -7.47002341e-05
   3.45627769e+02  -5.49471370e-05
   3.45628258e+02  -2.43741706e-05
   3.45628746e+02  -4.42724471e-04
   3.45629234e+02  -7.67816673e-04
   3.45629723e+02  -3.96670803e-04
   3.45630211e+02   2.34680090e-04
   3.45630699e+02   1.56774680e-04
   3.45631188e+02  -5.17842826e-04
   3.45631676e+02  -4.69902327e-04
   3.45632164e+02  -2.11091246e-04
   3.45632653e+02  -5.63399110e-04
   3.45633141e+02  -4.50437743e-04
   3.45633629e+02  -1.68270097e-04
   3.45634117e+02  -3.17123340e-04
   3.45634606e+02   9.71509799e-05
   3.45635094e+02   4.30676882e-04
   3.45635582e+02   6.93020338e-05
   3.45636071e+02  -2.65861658e-04
   3.45636559e+02  -3.38128244e-04
   3.45637047e+02  -1.29137756e-04
   3.45637536e+02   1.18206764e-04
   3.45638024e+02  -8.58001440e-05
   3.45638512e+02  -4.04057326e-04
   3.45639001e+02  -4.15953604e-04
   3.45639489e+02  -3.38553044e-04
   3.45639977e+02   5.08404664e-05
   3.45640465e+02   5.73157275e-04
   3.45640954e+02   6.01462263e-04
   3.45641442e+02   9.06967107e-05
   3.45641930e+02  -2.30983438e-04
   3.45642419e+02   2.22624498e-04
   3.45642907e+02   9.40849830e-04
   3.45643395e+02   9.13664408e-04
   3.45643884e+02   4.00071527e-04
   3.45644372e+02   3.43048800e-04
   3.45644860e+02   7.08164589e-04
   3.45645349e+02   6.59250887e-04
   3.45645837e+02   1.96115507e-05
   3.45646325e+02  -3.75829375e-04
   3.45646814e+02  -3.00620886e-04
   3.45647302e+02   8.18442277e-06
   3.45647790e+02   8.78895735e-05
   3.45648278e+02   2.10297603e-05
   3.45648767e+02   1.08979275e-05
   3.45649255e+02   2.52364902e-04
   3.45649743e+02   5.60772489e-04
   3.45650232e+02   6.54269475e-04
   3.45650720e+02   5.55917679e-04
   3.45651208e+02   3.26758425e-04
   3.45651697e+02   1.84015560e-04
   3.45652185e+02   3.52656614e-04
   3.45652673e+02   2.13481879e-04
   3.45653162e+02   1.10443875e-06
   3.45653650e+02   4.03858692e-04
   3.45654138e+02   6.28577545e-04
   3.45654626e+02   2.60220724e-04
   3.45655115e+02   1.19353273e-04
   3.45655603e+02   5.87853247e-05
   3.45656091e+02  -1.18109776e-04
   3.45656580e+02  -4.21846140e-04
   3.45657068e+02  -3.26220121e-04
   3.45657556e+02  -1.01576967e-04
   3.45658045e+02  -4.17141127e-04
   3.45658533e+02  -6.18787657e-04
   3.45659021e+02  -7.08115811e-04
   3.45659510e+02  -7.81801355e-04
   3.45659998e+02  -4.27767547e-04
   3.45660486e+02  -1.40356104e-04
   3.45660974e+02  -4.05789760e-04
   3.45661463e+02  -6.14712480e-04
   3.45661951e+02  -4.46508522e-04
   3.45662439e+02  -1.08830813e-04
   3.45662928e+02   2.25518233e-04
   3.45663416e+02   3.38419632e-04
   3.45663904e+02   1.75848967e-04
   3.45664393e+02   3.85519270e-05
   3.45664881e+02   1.50159525e-04
   3.45665369e+02  -4.64705699e-05
   3.45665858e+02  -4.98873589e-04
   3.45666346e+02  -3.34253011e-04
   3.45666834e+02   6.83444232e-05
   3.45667322e+02  -2.32750172e-04
   3.45667811e+02  -6.30177965e-04
   3.45668299e+02  -2.65041745e-04
   3.45668787e+02   1.11383823e-04
   3.45669276e+02   2.35582498e-04
   3.45669764e+02   4.20840166e-04
   3.45670252e+02   2.32458042e-04
   3.45670741e+02   1.97927948e-04
   3.45671229e+02   3.06666800e-04
   3.45671717e+02   1.12474132e-04
   3.45672206e+02  -2.26779870e-04
   3.45672694e+02  -2.62669579e-04
   3.45673182e+02  -1.13313145e-04
   3.45673670e+02   1.02512415e-04
   3.45674159e+02   5.43751521e-04
   3.45674647e+02   5.26257500e-04
   3.45675135e+02   2.44560724e-05
   3.45675624e+02  -1.99004484e-04
   3.45676112e+02  -2.96841637e-04
   3.45676600e+02  -4.39947471e-04
   3.45677089e+02  -2.15056207e-04
   3.45677577e+02   2.23364215e-04
   3.45678065e+02   2.75979983e-04
   3.45678554e+02   3.86757863e-04
   3.45679042e+02   6.76370633e-04
   3.45679530e+02   5.35087544e-04
   3.45680018e+02   3.33797245e-04
   3.45680507e+02   2.72917445e-04
   3.45680995e+02   2.87989620e-04
   3.45681483e+02   4.28132917e-04
   3.45681972e+02   1.06256812e-04
   3.45682460e+02  -7.17379618e-04
   3.45682948e+02  -5.69698808e-04
   3.45683437e+02   2.64426344e-04
   3.45683925e+02   5.17615234e-04
   3.45684413e+02   2.40468180e-05
   3.45684902e+02  -3.80142592e-04
   3.45685390e+02  -2.05107644e-04
   3.45685878e+02   1.03016566e-04
   3.45686367e+02   1.74305969e-04
   3.45686855e+02  -1.02271399e-04
   3.45687343e+02  -3.50848481e-04
   3.45687831e+02  -3.85969703e-04
   3.45688320e+02   2.26602657e-04
   3.45688808e+02   1.03540346e-03
   3.45689296e+02   7.74111948e-04
   3.45689785e+02   3.06388625e-04
   3.45690273e+02   4.63177974e-04
   3.45690761e+02   2.18839486e-04
   3.45691250e+02  -5.03477000e-04
   3.45691738e+02  -3.11338052e-04
   3.45692226e+02   4.64075943e-04
   3.45692715e+02   2.74074613e-04
   3.45693203e+02  -7.34019733e-04
   3.45693691e+02  -8.31854879e-04
   3.45694179e+02  -1.24602389e-04
   3.45694668e+02  -1.74923116e-05
   3.45695156e+02   4.81602910e-05
   3.45695644e+02   2.75786762e-04
   3.45696133e+02   4.44471243e-06
   3.45696621e+02  -1.39544354e-04
   3.45697109e+02  -2.99885360e-05
   3.45697598e+02   1.17678661e-04
   3.45698086e+02   2.99039180e-04
   3.45698574e+02   3.02612694e-04
   3.45699063e+02   6.97516152e-05
   3.45699551e+02  -2.64263042e-04
   3.45700039e+02  -4.02875768e-04
   3.45700527e+02  -1.78066359e-04
   3.45701016e+02  -6.18401973e-05
   3.45701504e+02  -1.26826460e-04
   3.45701992e+02   4.03976708e-04
   3.45702481e+02   8.11241451e-04
   3.45702969e+02   4.95539629e-04
   3.45703457e+02   1.44134843e-04
   3.45703946e+02   1.24655679e-04
   3.45704434e+02   9.16418794e-05
   3.45704922e+02   2.19454829e-04
   3.45705411e+02   4.20368946e-04
   3.45705899e+02   2.99534440e-04
   3.45706387e+02  -1.14660643e-05
   3.45706875e+02  -7.15480928e-05
   3.45707364e+02   1.82188523e-04
   3.45707852e+02  -2.63955910e-04
   3.45708340e+02  -4.20255965e-04
   3.45708829e+02   7.30567772e-05
   3.45709317e+02   2.17601992e-04
   3.45709805e+02  -5.87090835e-05
   3.45710294e+02   2.23244915e-05
   3.45710782e+02   3.94529023e-04
   3.45711270e+02   3.23635351e-04
   3.45711759e+02   9.21754472e-05
   3.45712247e+02   4.48912833e-05
   3.45712735e+02   9.53870403e-05
   3.45713223e+02   4.16001421e-04
   3.45713712e+02   5.94531943e-04
   3.45714200e+02   1.30530942e-04
   3.45714688e+02  -1.53580680e-04
   3.45715177e+02  -6.40590297e-05
   3.45715665e+02  -1.08759326e-04
   3.45716153e+02  -3.99428012e-04
   3.45716642e+02  -3.11447948e-04
   3.45717130e+02   9.23793323e-07
   3.45717618e+02  -7.52403357e-05
   3.45718107e+02  -3.70061927e-04
   3.45718595e+02  -5.00227383e-04
   3.45719083e+02  -2.69531476e-04
   3.45719571e+02  -3.95472453e-05
   3.45720060e+02  -6.64184990e-05
   3.45720548e+02  -4.71635896e-04
   3.45721036e+02  -6.64275023e-04
   3.45721525e+02   8.83748726e-05
   3.45722013e+02   5.95657213e-04
   3.45722501e+02   4.30384418e-04
   3.45722990e+02   1.10662448e-04
   3.45723478e+02  -2.91196222e-04
   3.45723966e+02  -3.25084518e-04
   3.45724455e+02  -9.10594645e-06
   3.45724943e+02   1.93756685e-04
   3.45725431e+02   5.47809817e-04
   3.45725920e+02   6.11737894e-04
   3.45726408e+02   1.56402864e-04
   3.45726896e+02  -1.09938514e-06
   3.45727384e+02   2.65600887e-04
   3.45727873e+02   4.14306589e-04
   3.45728361e+02   2.14725951e-04
   3.45728849e+02  -1.03925086e-04
   3.45729338e+02   5.62873975e-05
   3.45729826e+02   2.84421956e-04
   3.45730314e+02   9.25111526e-05
   3.45730803e+02  -1.26923813e-04
   3.45731291e+02  -8.35153769e-05
   3.45731779e+02   4.75863053e-05
   3.45732268e+02  -2.31429058e-05
   3.45732756e+02  -3.14403384e-04
   3.45733244e+02  -5.64175192e-04
   3.45733732e+02  -6.07459573e-04
   3.45734221e+02  -4.17382427e-04
   3.45734709e+02  -1.12651687e-04
   3.45735197e+02  -5.14363783e-05
   3.45735686e+02  -9.74546947e-06
   3.45736174e+02   1.23996826e-04
   3.45736662e+02  -3.58394500e-05
   3.45737151e+02  -2.47928750e-04
   3.45737639e+02   5.58255533e-06
   3.45738127e+02   1.85946497e-04
   3.45738616e+02  -1.96260498e-05
   3.45739104e+02   1.81429168e-05
   3.45739592e+02   3.40428756e-04
   3.45740080e+02   4.53462737e-04
   3.45740569e+02   3.61760438e-04
   3.45741057e+02   1.17732903e-04
   3.45741545e+02  -3.77013966e-05
   3.45742034e+02   2.14949869e-05
   3.45742522e+02   1.79247654e-04
   3.45743010e+02   2.60824076e-04
   3.45743499e+02   2.84010748e-04
   3.45743987e+02   4.18721378e-04
   3.45744475e+02   3.69676447e-04
   3.45744964e+02  -1.87495389e-04
   3.45745452e+02  -5.34149993e-04
   3.45745940e+02  -9.54879361e-05
   3.45746428e+02   6.59441357e-05
   3.45746917e+02  -1.06252257e-04
   3.45747405e+02   8.36222825e-05
   3.45747893e+02   2.12439059e-04
   3.45748382e+02   3.09856143e-04
   3.45748870e+02   3.63077881e-04
   3.45749358e+02   3.44531902e-04
   3.45749847e+02   3.07405426e-04
   3.45750335e+02   2.41757501e-04
   3.45750823e+02   1.57686067e-04
   3.45751312e+02  -2.43324146e-04
   3.45751800e+02  -2.44045688e-04
   3.45752288e+02  -1.75376103e-04
   3.45752776e+02  -2.16653221e-04
   3.45753265e+02   1.72718806e-04
   3.45753753e+02   3.17678176e-04
   3.45754241e+02   1.03596853e-04
   3.45754730e+02  -3.06494883e-04
   3.45755218e+02  -6.38098281e-04
   3.45755706e+02  -5.23171038e-04
   3.45756195e+02  -5.16103057e-04
   3.45756683e+02  -5.09235600e-04
   3.45757171e+02  -1.58897237e-04
   3.45757660e+02  -1.13673777e-04
   3.45758148e+02  -2.96610116e-04
   3.45758636e+02   4.29131615e-05
   3.45759124e+02   5.97889244e-04
   3.45759613e+02   7.29448278e-04
   3.45760101e+02   6.86712330e-04
   3.45760589e+02   5.72029967e-04
   3.45761078e+02  -3.22232700e-05
   3.45761566e+02  -2.57457548e-04
   3.45762054e+02  -3.30427247e-05
   3.45762543e+02   3.14342797e-05
   3.45763031e+02   3.69043322e-04
   3.45763519e+02   7.43838435e-04
   3.45764008e+02   5.44083072e-04
   3.45764496e+02   2.20371912e-05
   3.45764984e+02  -1.83772849e-04
   3.45765473e+02  -2.72733392e-04
   3.45765961e+02  -2.03127463e-04
   3.45766449e+02   2.67184456e-04
   3.45766937e+02   7.78682879e-04
   3.45767426e+02   8.41595291e-04
   3.45767914e+02   7.97730929e-04
   3.45768402e+02   6.20745413e-04
   3.45768891e+02   2.11310165e-04
   3.45769379e+02   1.60221272e-04
   3.45769867e+02   4.48490784e-04
   3.45770356e+02   3.23756685e-04
   3.45770844e+02   3.39594117e-05
   3.45771332e+02  -1.79020732e-04
   3.45771821e+02  -2.55532679e-04
   3.45772309e+02   3.35749151e-04
   3.45772797e+02   9.26257169e-04
   3.45773285e+02   6.62141596e-04
   3.45773774e+02   3.66392371e-04
   3.45774262e+02   2.62811867e-04
   3.45774750e+02  -1.26738787e-05
   3.45775239e+02   4.07296975e-05
   3.45775727e+02   4.02421028e-05
   3.45776215e+02  -2.73816288e-04
   3.45776704e+02  -2.17996843e-04
   3.45777192e+02  -5.46603987e-05
   3.45777680e+02   6.56485054e-06
   3.45778169e+02  -5.30755133e-05
   3.45778657e+02  -2.46896496e-04
   3.45779145e+02  -9.17463767e-05
   3.45779633e+02  -4.22507692e-05
   3.45780122e+02  -2.20492788e-04
   3.45780610e+02  -3.47592606e-04
   3.45781098e+02  -1.36520452e-04
   3.45781587e+02   1.68739920e-04
   3.45782075e+02  -5.92586548e-05
   3.45782563e+02  -4.16008173e-04
   3.45783052e+02  -4.56301117e-04
   3.45783540e+02  -1.24633938e-04
   3.45784028e+02   1.59346455e-04
   3.45784517e+02   1.64985886e-05
   3.45785005e+02  -2.06478740e-04
   3.45785493e+02  -2.30636069e-04
   3.45785981e+02   3.00489501e-05
   3.45786470e+02  -1.17486115e-05
   3.45786958e+02  -6.41437888e-04
   3.45787446e+02  -5.60703687e-04
   3.45787935e+02   5.19379537e-05
   3.45788423e+02   1.03787112e-04
   3.45788911e+02  -3.27046029e-04
   3.45789400e+02  -7.49383005e-04
   3.45789888e+02  -2.85185233e-04
   3.45790376e+02   2.87459494e-04
   3.45790865e+02   1.84045435e-04
   3.45791353e+02   1.28966822e-05
   3.45791841e+02  -1.33304260e-04
   3.45792329e+02   1.54739319e-05
   3.45792818e+02   2.60414148e-04
   3.45793306e+02   3.36739031e-04
   3.45793794e+02   3.97926837e-04
   3.45794283e+02   3.14545294e-04
   3.45794771e+02   6.05784771e-05
   3.45795259e+02   7.18917436e-05
   3.45795748e+02   3.84926505e-04
   3.45796236e+02   5.59561944e-04
   3.45796724e+02   3.38969840e-04
   3.45797213e+02   3.09829426e-04
   3.45797701e+02   3.83538747e-04
   3.45798189e+02  -1.22530255e-04
   3.45798677e+02  -1.77651629e-04
   3.45799166e+02   4.94407548e-04
   3.45799654e+02   6.81515201e-04
   3.45800142e+02   2.34487568e-04
   3.45800631e+02  -3.58001707e-05
   3.45801119e+02  -3.63432810e-05
   3.45801607e+02  -1.15254494e-04
   3.45802096e+02  -1.40159740e-04
   3.45802584e+02  -1.72948101e-04
   3.45803072e+02  -2.50216661e-04
   3.45803561e+02  -1.23959180e-04
   3.45804049e+02  -2.05707711e-05
   3.45804537e+02   1.42908073e-04
   3.45805026e+02   2.40316134e-04
   3.45805514e+02  -9.02812390e-05
   3.45806002e+02  -3.09816940e-04
   3.45806490e+02  -3.19406499e-05
   3.45806979e+02  -8.78179708e-05
   3.45807467e+02  -5.78713370e-04
   3.45807955e+02  -4.67840466e-04
   3.45808444e+02  -4.02345584e-04
   3.45808932e+02  -8.42226611e-04
   3.45809420e+02  -7.55159766e-04
   3.45809909e+02  -5.60743385e-04
   3.45810397e+02  -4.00606950e-04
   3.45810885e+02   2.35490952e-04
   3.45811374e+02   2.62162939e-04
   3.45811862e+02  -3.79230769e-04
   3.45812350e+02  -4.07908723e-04
   3.45812838e+02   5.47572636e-05
   3.45813327e+02   3.39737278e-04
   3.45813815e+02   6.93543465e-04
   3.45814303e+02   8.95051460e-04
   3.45814792e+02   8.56277533e-04
   3.45815280e+02   5.85347705e-04
   3.45815768e+02  -1.97048757e-05
   3.45816257e+02  -3.97297961e-04
   3.45816745e+02  -3.58575373e-04
   3.45817233e+02  -4.18190204e-04
   3.45817722e+02  -5.19502908e-04
   3.45818210e+02  -6.99059223e-04
   3.45818698e+02  -5.66323637e-04
   3.45819186e+02   8.55649778e-05
   3.45819675e+02   4.16128198e-04
   3.45820163e+02   2.03795164e-04
   3.45820651e+02   1.74120141e-05
   3.45821140e+02  -2.23301358e-05
   3.45821628e+02   1.03988386e-04
   3.45822116e+02   3.94178263e-04
   3.45822605e+02   3.59961035e-04
