frequency (GHz), flux (Jy/beam)
   3.43899310e+02  -4.34640143e-03
   3.43899798e+02  -3.02075874e-03
   3.43900286e+02  -1.93644536e-03
   3.43900774e+02  -4.35262825e-03
   3.43901263e+02  -4.79160855e-03
   3.43901751e+02  -2.04623328e-03
   3.43902239e+02  -6.87228166e-04
   3.43902728e+02  -1.05988851e-03
   3.43903216e+02  -1.01327000e-03
   3.43903704e+02  -9.67796484e-04
   3.43904193e+02   7.17957562e-04
   3.43904681e+02   5.53139159e-03
   3.43905169e+02   6.77602738e-03
   3.43905658e+02   3.18577699e-03
   3.43906146e+02   2.29550060e-03
   3.43906634e+02   2.73309206e-03
   3.43907122e+02   2.62576388e-03
   3.43907611e+02   3.17932456e-03
   3.43908099e+02   4.10998520e-03
   3.43908587e+02   5.86940721e-03
   3.43909076e+02   7.12248264e-03
   3.43909564e+02   4.88279480e-03
   3.43910052e+02   1.61594886e-03
   3.43910541e+02   3.00362031e-03
   3.43911029e+02   5.56536159e-03
   3.43911517e+02   4.46489267e-03
   3.43912006e+02   1.52951851e-03
   3.43912494e+02  -1.51222968e-03
   3.43912982e+02  -1.90221355e-03
   3.43913470e+02  -7.17752730e-04
   3.43913959e+02   1.08944520e-03
   3.43914447e+02   1.05490698e-03
   3.43914935e+02  -1.96048699e-04
   3.43915424e+02   1.24878564e-03
   3.43915912e+02   1.63603830e-03
   3.43916400e+02   1.35367061e-03
   3.43916889e+02   1.18789054e-03
   3.43917377e+02  -6.03323046e-04
   3.43917865e+02   6.11232885e-04
   3.43918354e+02   3.25148134e-03
   3.43918842e+02   4.03832505e-03
   3.43919330e+02   2.66211317e-03
   3.43919818e+02  -8.59974098e-05
   3.43920307e+02  -5.34702674e-04
   3.43920795e+02   5.78353029e-05
   3.43921283e+02   1.04862812e-03
   3.43921772e+02   1.77783042e-03
   3.43922260e+02   1.21569633e-03
   3.43922748e+02   1.85095530e-03
   3.43923237e+02   1.81939953e-03
   3.43923725e+02   5.86069145e-05
   3.43924213e+02   2.76600069e-04
   3.43924702e+02   2.18942412e-03
   3.43925190e+02   1.20113941e-03
   3.43925678e+02  -7.55499932e-04
   3.43926166e+02   1.39448652e-03
   3.43926655e+02   2.15582503e-03
   3.43927143e+02  -3.17685859e-04
   3.43927631e+02  -1.74499198e-03
   3.43928120e+02  -2.59367097e-03
   3.43928608e+02  -2.80159898e-03
   3.43929096e+02  -1.26226700e-03
   3.43929585e+02  -2.27825745e-04
   3.43930073e+02  -1.15910283e-04
   3.43930561e+02  -4.99737856e-04
   3.43931050e+02  -2.15006247e-03
   3.43931538e+02  -3.56215960e-03
   3.43932026e+02  -3.62573587e-03
   3.43932514e+02  -4.02371428e-04
   3.43933003e+02   3.24309920e-03
   3.43933491e+02   3.66242137e-03
   3.43933979e+02   2.28533917e-03
   3.43934468e+02   5.20866539e-04
   3.43934956e+02  -1.19596825e-03
   3.43935444e+02  -2.24716309e-03
   3.43935933e+02  -3.04004760e-04
   3.43936421e+02   2.62072543e-03
   3.43936909e+02   3.97728058e-03
   3.43937398e+02   2.91512650e-03
   3.43937886e+02   1.52536784e-03
   3.43938374e+02   1.40428345e-03
   3.43938863e+02   1.81275175e-03
   3.43939351e+02   3.03750555e-03
   3.43939839e+02   2.58084969e-03
   3.43940327e+02   4.94049746e-04
   3.43940816e+02  -1.98227144e-03
   3.43941304e+02  -3.53172841e-03
   3.43941792e+02  -3.44095682e-03
   3.43942281e+02  -1.60421955e-03
   3.43942769e+02   1.35389261e-03
   3.43943257e+02   1.23812561e-03
   3.43943746e+02  -6.27523812e-04
   3.43944234e+02   4.87608399e-04
   3.43944722e+02   1.74669956e-03
   3.43945211e+02   4.28779778e-04
   3.43945699e+02  -1.50983804e-03
   3.43946187e+02  -1.43875170e-03
   3.43946675e+02  -5.72491437e-04
   3.43947164e+02   8.19103618e-04
   3.43947652e+02   1.80902809e-03
   3.43948140e+02   1.75387703e-03
   3.43948629e+02   2.19030306e-04
   3.43949117e+02  -2.22264091e-03
   3.43949605e+02  -2.41597695e-03
   3.43950094e+02  -2.70879857e-04
   3.43950582e+02   5.65679278e-04
   3.43951070e+02   2.80541950e-04
   3.43951559e+02   1.56397396e-03
   3.43952047e+02   2.21249415e-03
   3.43952535e+02  -1.03888439e-03
   3.43953023e+02  -2.49070232e-03
   3.43953512e+02   7.42858625e-04
   3.43954000e+02   3.03870253e-03
   3.43954488e+02   3.00206291e-03
   3.43954977e+02   1.78609567e-03
   3.43955465e+02   1.27552939e-03
   3.43955953e+02   3.38127790e-03
   3.43956442e+02   2.77718250e-03
   3.43956930e+02   2.95222853e-03
   3.43957418e+02   2.50777253e-03
   3.43957907e+02   1.68564427e-03
   3.43958395e+02   1.41828053e-03
   3.43958883e+02   1.30274380e-03
   3.43959371e+02   1.85367092e-03
   3.43959860e+02   7.01592653e-04
   3.43960348e+02  -2.00290582e-03
   3.43960836e+02  -2.35168287e-03
   3.43961325e+02  -1.44738948e-03
   3.43961813e+02  -1.04783539e-04
   3.43962301e+02   5.05920732e-04
   3.43962790e+02  -5.17634267e-04
   3.43963278e+02  -1.24710880e-03
   3.43963766e+02  -2.56556110e-03
   3.43964255e+02  -2.22890521e-03
   3.43964743e+02  -1.32474843e-05
   3.43965231e+02  -1.33853185e-03
   3.43965719e+02  -1.99265452e-03
   3.43966208e+02   1.86613447e-03
   3.43966696e+02   4.69320640e-03
   3.43967184e+02   3.77600826e-03
   3.43967673e+02   2.21581501e-03
   3.43968161e+02   1.24811637e-03
   3.43968649e+02   2.02594325e-03
   3.43969138e+02   2.87954346e-03
   3.43969626e+02  -1.93602900e-05
   3.43970114e+02  -3.10044363e-03
   3.43970603e+02  -3.26198339e-03
   3.43971091e+02  -1.54422701e-03
   3.43971579e+02   6.57462690e-04
   3.43972067e+02   2.20602052e-03
   3.43972556e+02   2.67511443e-03
   3.43973044e+02   3.88955092e-03
   3.43973532e+02   4.63442504e-03
   3.43974021e+02   2.05742661e-03
   3.43974509e+02   1.53142930e-04
   3.43974997e+02   2.96283071e-03
   3.43975486e+02   3.39634134e-03
   3.43975974e+02   1.60936953e-03
   3.43976462e+02   2.33977078e-03
   3.43976951e+02   9.54794348e-04
   3.43977439e+02  -1.65554939e-03
   3.43977927e+02  -1.88712252e-03
   3.43978416e+02  -9.69310815e-04
   3.43978904e+02   6.60592748e-04
   3.43979392e+02   1.68571214e-03
   3.43979880e+02   9.58099321e-04
   3.43980369e+02   7.63131538e-04
   3.43980857e+02   1.27375196e-03
   3.43981345e+02   9.87590523e-04
   3.43981834e+02  -7.33632944e-04
   3.43982322e+02  -1.87045278e-03
   3.43982810e+02   4.97799228e-05
   3.43983299e+02   8.78294697e-04
   3.43983787e+02  -9.46646789e-04
   3.43984275e+02  -1.48028985e-03
   3.43984764e+02   1.76004833e-04
   3.43985252e+02   1.93910295e-04
   3.43985740e+02  -3.98233824e-04
   3.43986228e+02  -3.82170518e-04
   3.43986717e+02   7.37946597e-04
   3.43987205e+02   2.71320855e-03
   3.43987693e+02   2.44971644e-03
   3.43988182e+02   8.16834567e-04
   3.43988670e+02   8.16808373e-04
   3.43989158e+02   1.76523696e-03
   3.43989647e+02   2.71300389e-03
   3.43990135e+02   2.93325027e-03
   3.43990623e+02   2.32375413e-03
   3.43991112e+02   1.01858960e-03
   3.43991600e+02   1.02377613e-03
   3.43992088e+02   9.13432217e-04
   3.43992576e+02   3.69399313e-05
   3.43993065e+02   2.07795622e-03
   3.43993553e+02   5.51817892e-03
   3.43994041e+02   5.63418167e-03
   3.43994530e+02   4.05779015e-03
   3.43995018e+02   3.72569473e-03
   3.43995506e+02   1.61159562e-03
   3.43995995e+02  -8.92266515e-04
   3.43996483e+02   1.95572060e-03
   3.43996971e+02   4.84211743e-03
   3.43997460e+02   3.74469277e-03
   3.43997948e+02   5.34544280e-03
   3.43998436e+02   7.99340103e-03
   3.43998924e+02   5.80961071e-03
   3.43999413e+02   3.83459986e-03
   3.43999901e+02   4.84616077e-03
   3.44000389e+02   3.91141092e-03
   3.44000878e+02   2.35981680e-03
   3.44001366e+02   2.71888031e-03
   3.44001854e+02   3.14040971e-03
   3.44002343e+02   2.36480357e-03
   3.44002831e+02   2.44134618e-03
   3.44003319e+02   2.90438463e-03
   3.44003808e+02   3.90331796e-03
   3.44004296e+02   6.49984041e-03
   3.44004784e+02   6.25448721e-03
   3.44005272e+02   3.18772160e-03
   3.44005761e+02   4.54252539e-03
   3.44006249e+02   5.64858411e-03
   3.44006737e+02   4.15309472e-03
   3.44007226e+02   2.65481696e-03
   3.44007714e+02   3.55404569e-03
   3.44008202e+02   4.31473320e-03
   3.44008691e+02   3.77650023e-03
   3.44009179e+02   4.05405276e-03
   3.44009667e+02   5.64421155e-03
   3.44010156e+02   6.93930406e-03
   3.44010644e+02   7.59602897e-03
   3.44011132e+02   5.56777837e-03
   3.44011620e+02   3.11577809e-03
   3.44012109e+02   5.25119621e-03
   3.44012597e+02   9.07589123e-03
   3.44013085e+02   1.03729451e-02
   3.44013574e+02   9.10834782e-03
   3.44014062e+02   6.67036884e-03
   3.44014550e+02   3.99270747e-03
   3.44015039e+02   4.45062015e-03
   3.44015527e+02   6.33256277e-03
   3.44016015e+02   6.49895566e-03
   3.44016504e+02   6.90227887e-03
   3.44016992e+02   9.40595195e-03
   3.44017480e+02   8.64689518e-03
   3.44017969e+02   8.13576765e-03
   3.44018457e+02   1.08090835e-02
   3.44018945e+02   1.23879788e-02
   3.44019433e+02   1.17547000e-02
   3.44019922e+02   1.20267803e-02
   3.44020410e+02   1.48697067e-02
   3.44020898e+02   1.82390362e-02
   3.44021387e+02   2.13012192e-02
   3.44021875e+02   2.74626296e-02
   3.44022363e+02   3.52517515e-02
   3.44022852e+02   3.91238034e-02
   3.44023340e+02   4.27112132e-02
   3.44023828e+02   4.62228693e-02
   3.44024317e+02   4.34158184e-02
   3.44024805e+02   3.91745456e-02
   3.44025293e+02   3.66416685e-02
   3.44025781e+02   3.07557303e-02
   3.44026270e+02   2.16785762e-02
   3.44026758e+02   1.49713969e-02
   3.44027246e+02   1.07445437e-02
   3.44027735e+02   9.62294545e-03
   3.44028223e+02   7.74097722e-03
   3.44028711e+02   4.00187075e-03
   3.44029200e+02   3.23625444e-03
   3.44029688e+02   6.00775704e-03
   3.44030176e+02   7.24157365e-03
   3.44030665e+02   7.76814343e-03
   3.44031153e+02   7.50125945e-03
   3.44031641e+02   5.68310497e-03
   3.44032129e+02   3.19220778e-03
   3.44032618e+02   1.43039227e-03
   3.44033106e+02   6.62344159e-04
   3.44033594e+02   2.88589974e-04
   3.44034083e+02   2.66955537e-03
   3.44034571e+02   6.29302720e-03
   3.44035059e+02   5.56458626e-03
   3.44035548e+02   3.70075554e-03
   3.44036036e+02   4.20301594e-03
   3.44036524e+02   4.23004152e-03
   3.44037013e+02   3.30738979e-03
   3.44037501e+02   1.19286764e-03
   3.44037989e+02  -1.00246549e-03
   3.44038477e+02  -3.32195100e-06
   3.44038966e+02   1.24482566e-03
   3.44039454e+02   1.56034401e-03
   3.44039942e+02   1.65873882e-03
   3.44040431e+02   1.48545415e-03
   3.44040919e+02   3.03634396e-03
   3.44041407e+02   4.25023213e-03
   3.44041896e+02   2.41055759e-03
   3.44042384e+02  -9.16852965e-04
   3.44042872e+02  -2.38247076e-03
   3.44043361e+02   4.96993016e-04
   3.44043849e+02   3.17874784e-03
   3.44044337e+02   9.38084850e-04
   3.44044825e+02  -3.31753609e-03
   3.44045314e+02  -4.92167380e-03
   3.44045802e+02  -3.47325695e-03
   3.44046290e+02  -1.50276336e-03
   3.44046779e+02  -1.22854533e-03
   3.44047267e+02  -9.87343839e-04
   3.44047755e+02  -1.43189204e-03
   3.44048244e+02  -3.08280392e-03
   3.44048732e+02  -2.64183362e-03
   3.44049220e+02  -7.10806809e-04
   3.44049709e+02   6.02559361e-04
   3.44050197e+02   1.72288890e-03
   3.44050685e+02   1.67270121e-03
   3.44051173e+02   1.51514483e-03
   3.44051662e+02   8.47640680e-04
   3.44052150e+02   8.30550416e-05
   3.44052638e+02   1.11034641e-03
   3.44053127e+02   1.48898840e-03
   3.44053615e+02   7.28289422e-04
   3.44054103e+02   3.33517790e-04
   3.44054592e+02   6.25255809e-04
   3.44055080e+02   9.56238189e-04
   3.44055568e+02   5.22132206e-04
   3.44056057e+02  -5.76503400e-04
   3.44056545e+02   5.18651941e-05
   3.44057033e+02   2.34802673e-03
   3.44057522e+02   2.80094449e-03
   3.44058010e+02   1.31803181e-03
   3.44058498e+02  -3.98772463e-05
   3.44058986e+02  -9.73774586e-04
   3.44059475e+02  -1.50682253e-03
   3.44059963e+02  -2.08047382e-03
   3.44060451e+02  -1.64634478e-03
   3.44060940e+02  -3.39830767e-05
   3.44061428e+02   1.23142920e-04
   3.44061916e+02  -7.08679901e-04
   3.44062405e+02  -1.03166525e-03
   3.44062893e+02  -7.28069281e-04
   3.44063381e+02   1.47668493e-03
   3.44063870e+02   3.26153985e-03
   3.44064358e+02   1.49604795e-03
   3.44064846e+02   7.41323689e-04
   3.44065334e+02   2.99368380e-03
   3.44065823e+02   4.08341177e-03
   3.44066311e+02   2.80774641e-03
   3.44066799e+02   2.28500416e-04
   3.44067288e+02  -2.23217253e-03
   3.44067776e+02  -1.37695856e-03
   3.44068264e+02  -4.75187786e-04
   3.44068753e+02  -1.98293143e-04
   3.44069241e+02   2.28280248e-03
   3.44069729e+02   3.00757051e-03
   3.44070218e+02   2.29472324e-04
   3.44070706e+02   3.81540565e-04
   3.44071194e+02   3.93800205e-03
   3.44071682e+02   3.59994825e-03
   3.44072171e+02   1.27338094e-03
   3.44072659e+02   4.37923474e-04
   3.44073147e+02  -1.48282154e-03
   3.44073636e+02  -8.46621770e-05
   3.44074124e+02   2.29402957e-03
   3.44074612e+02   1.91321841e-03
   3.44075101e+02   2.07239948e-03
   3.44075589e+02   2.91535584e-03
   3.44076077e+02   1.42817223e-03
   3.44076566e+02  -1.14876567e-03
   3.44077054e+02  -1.91092561e-03
   3.44077542e+02  -1.30344322e-03
   3.44078030e+02  -1.48805289e-03
   3.44078519e+02  -8.97220045e-04
   3.44079007e+02   8.23971277e-05
   3.44079495e+02   5.83865156e-04
   3.44079984e+02   1.09356421e-03
   3.44080472e+02   8.20642977e-04
   3.44080960e+02   9.77511867e-04
   3.44081449e+02   2.69039097e-04
   3.44081937e+02  -1.42226083e-04
   3.44082425e+02   8.68848350e-04
   3.44082914e+02   1.94708398e-03
   3.44083402e+02   2.83760182e-03
   3.44083890e+02   2.41000764e-03
   3.44084378e+02   1.36055809e-03
   3.44084867e+02  -5.87514194e-04
   3.44085355e+02  -4.69353143e-03
   3.44085843e+02  -4.22817934e-03
   3.44086332e+02   1.60499313e-03
   3.44086820e+02   2.49453238e-03
   3.44087308e+02   2.86513998e-04
   3.44087797e+02  -6.39312711e-05
   3.44088285e+02  -4.66435769e-04
   3.44088773e+02  -4.31917171e-04
   3.44089262e+02   2.39728671e-03
   3.44089750e+02   3.87602393e-03
   3.44090238e+02   3.01294541e-03
   3.44090726e+02   2.05403427e-03
   3.44091215e+02   8.76303166e-05
   3.44091703e+02  -1.98122091e-03
   3.44092191e+02  -2.65195593e-03
   3.44092680e+02  -1.81365413e-05
   3.44093168e+02   3.58526269e-03
   3.44093656e+02   4.00709081e-03
   3.44094145e+02   7.62553827e-04
   3.44094633e+02  -1.63325854e-03
   3.44095121e+02  -2.36326619e-03
   3.44095610e+02  -3.35183740e-03
   3.44096098e+02  -9.59587051e-04
   3.44096586e+02   2.97469809e-03
   3.44097075e+02   3.43457400e-03
   3.44097563e+02   1.25451060e-03
   3.44098051e+02  -5.03153191e-04
   3.44098539e+02  -1.69606647e-04
   3.44099028e+02   3.42372630e-04
   3.44099516e+02   3.09187599e-04
   3.44100004e+02   5.51320438e-04
   3.44100493e+02  -1.41397759e-03
   3.44100981e+02  -3.24001559e-03
   3.44101469e+02  -1.31986116e-03
   3.44101958e+02  -2.67085299e-04
   3.44102446e+02  -9.60324483e-04
   3.44102934e+02  -4.51791362e-04
   3.44103423e+02   1.34495215e-03
   3.44103911e+02   7.43217359e-04
   3.44104399e+02  -3.99493874e-04
   3.44104887e+02   1.01598317e-03
   3.44105376e+02   2.95504788e-03
   3.44105864e+02   3.14049330e-03
   3.44106352e+02   1.43797626e-03
   3.44106841e+02  -9.11162817e-04
   3.44107329e+02  -4.10715787e-04
   3.44107817e+02   2.34803790e-03
   3.44108306e+02   1.77778024e-03
   3.44108794e+02   3.61881597e-04
   3.44109282e+02   3.26686597e-04
   3.44109771e+02  -9.85811930e-04
   3.44110259e+02  -4.09203814e-04
   3.44110747e+02   1.46560825e-03
   3.44111235e+02   4.82887030e-04
   3.44111724e+02  -1.72030507e-03
   3.44112212e+02  -9.06278729e-04
   3.44112700e+02   7.29972904e-04
   3.44113189e+02   8.49414500e-04
   3.44113677e+02  -5.98409621e-04
   3.44114165e+02  -1.93793455e-03
   3.44114654e+02  -1.21263776e-03
   3.44115142e+02  -1.05605158e-03
   3.44115630e+02  -1.65531365e-03
   3.44116119e+02  -4.71067498e-04
   3.44116607e+02   1.80176779e-04
   3.44117095e+02   1.32891955e-03
   3.44117583e+02   4.13786666e-03
   3.44118072e+02   3.98819568e-03
   3.44118560e+02   1.99481286e-03
   3.44119048e+02   7.26328348e-04
   3.44119537e+02  -1.09283568e-03
   3.44120025e+02  -2.30809418e-03
   3.44120513e+02  -1.85249012e-03
   3.44121002e+02  -1.93595584e-03
   3.44121490e+02  -2.75126332e-03
   3.44121978e+02  -2.38909503e-03
   3.44122467e+02  -5.36084175e-04
   3.44122955e+02   7.06034538e-04
   3.44123443e+02  -6.25639223e-04
   3.44123931e+02  -2.46236310e-03
   3.44124420e+02  -3.03342263e-03
   3.44124908e+02  -2.46306113e-03
   3.44125396e+02  -1.15969952e-03
   3.44125885e+02  -5.54267666e-04
   3.44126373e+02  -1.40821663e-04
   3.44126861e+02   1.50096288e-03
   3.44127350e+02   1.18565443e-03
   3.44127838e+02  -1.64133613e-03
   3.44128326e+02  -5.56626031e-03
   3.44128815e+02  -5.91824157e-03
   3.44129303e+02  -2.49834312e-03
   3.44129791e+02  -1.92317099e-03
   3.44130279e+02  -1.47671590e-03
   3.44130768e+02  -2.44833995e-04
   3.44131256e+02  -9.61366517e-04
   3.44131744e+02   1.01731555e-03
   3.44132233e+02   3.33471154e-03
   3.44132721e+02   3.06220888e-03
   3.44133209e+02   6.20366947e-04
   3.44133698e+02  -1.74956780e-03
   3.44134186e+02  -2.23022210e-03
   3.44134674e+02  -2.01323372e-03
   3.44135163e+02  -2.03962578e-03
   3.44135651e+02  -6.12574047e-04
   3.44136139e+02   2.04308773e-03
   3.44136628e+02   3.45918769e-03
   3.44137116e+02   1.29809906e-03
   3.44137604e+02  -9.70301451e-04
   3.44138092e+02  -2.77380866e-04
   3.44138581e+02   4.84175223e-04
   3.44139069e+02  -1.33384950e-04
   3.44139557e+02  -8.62454472e-04
   3.44140046e+02  -1.04098953e-03
   3.44140534e+02  -1.52129389e-04
   3.44141022e+02   1.55249645e-03
   3.44141511e+02   1.15748169e-03
   3.44141999e+02   1.07739109e-03
   3.44142487e+02   1.77458511e-03
   3.44142976e+02  -3.06513422e-04
   3.44143464e+02  -1.70903886e-03
   3.44143952e+02  -6.53280120e-04
   3.44144440e+02  -1.88378108e-04
   3.44144929e+02  -9.19160608e-04
   3.44145417e+02  -1.13492843e-03
   3.44145905e+02   5.10329555e-04
   3.44146394e+02   1.77603075e-03
   3.44146882e+02   1.75683864e-03
   3.44147370e+02   6.70661684e-04
   3.44147859e+02  -5.76425693e-04
   3.44148347e+02   4.26700542e-04
   3.44148835e+02   3.33298277e-03
   3.44149324e+02   2.46216101e-03
   3.44149812e+02   3.61745799e-04
   3.44150300e+02   1.28902495e-03
   3.44150788e+02   2.21146597e-03
   3.44151277e+02   2.95153237e-03
   3.44151765e+02   2.30661570e-03
   3.44152253e+02   1.09374116e-03
   3.44152742e+02   1.89340301e-03
   3.44153230e+02   2.22869357e-03
   3.44153718e+02   5.98864630e-04
   3.44154207e+02  -1.35648041e-03
   3.44154695e+02  -1.67213043e-03
   3.44155183e+02   8.26918113e-05
   3.44155672e+02   1.20537786e-03
   3.44156160e+02   7.36272486e-04
   3.44156648e+02   3.99110577e-04
   3.44157136e+02   1.04390760e-03
   3.44157625e+02   1.30138977e-03
   3.44158113e+02  -8.62087705e-04
   3.44158601e+02  -3.06268060e-03
   3.44159090e+02  -2.10676063e-03
   3.44159578e+02   5.13425854e-04
   3.44160066e+02   9.20982682e-04
   3.44160555e+02  -5.37961780e-04
   3.44161043e+02  -8.77574377e-04
   3.44161531e+02  -7.79242837e-04
   3.44162020e+02  -5.34801569e-04
   3.44162508e+02   1.65742764e-04
   3.44162996e+02   2.26529432e-04
   3.44163484e+02  -1.54025073e-03
   3.44163973e+02  -3.36961425e-03
   3.44164461e+02  -3.04819550e-03
   3.44164949e+02  -2.30982387e-03
   3.44165438e+02   9.36339900e-04
   3.44165926e+02   3.10401409e-03
   3.44166414e+02   6.75385178e-04
   3.44166903e+02  -1.92838628e-03
   3.44167391e+02  -1.85377069e-03
   3.44167879e+02  -1.09665423e-04
   3.44168368e+02   2.16939184e-03
   3.44168856e+02   4.35398333e-03
   3.44169344e+02   4.14836453e-03
   3.44169832e+02   2.13005138e-03
   3.44170321e+02  -4.83698153e-04
   3.44170809e+02  -4.36968450e-03
   3.44171297e+02  -3.44170840e-03
   3.44171786e+02   1.38834293e-03
   3.44172274e+02   3.12877516e-03
   3.44172762e+02   2.01989175e-03
   3.44173251e+02   1.37577218e-03
   3.44173739e+02   3.46371176e-04
   3.44174227e+02  -1.76944316e-03
   3.44174716e+02  -4.65609948e-04
   3.44175204e+02   2.10202602e-03
   3.44175692e+02   2.84028333e-03
   3.44176181e+02   6.30614464e-04
   3.44176669e+02  -2.14002072e-03
   3.44177157e+02  -2.66638049e-03
   3.44177645e+02  -1.99817377e-03
   3.44178134e+02  -6.98376316e-05
   3.44178622e+02   2.74330121e-03
   3.44179110e+02   3.99001408e-03
   3.44179599e+02   2.15306180e-03
   3.44180087e+02   1.84137985e-04
   3.44180575e+02  -8.07450851e-04
   3.44181064e+02  -8.28491175e-04
   3.44181552e+02   2.04885402e-03
   3.44182040e+02   1.52640673e-03
   3.44182529e+02  -1.61302462e-03
   3.44183017e+02  -1.38103648e-03
   3.44183505e+02   8.85797897e-04
   3.44183993e+02   1.13845791e-03
   3.44184482e+02   4.77618421e-04
   3.44184970e+02   5.28443954e-04
   3.44185458e+02   5.39034780e-04
   3.44185947e+02   1.50754862e-03
   3.44186435e+02   2.49259523e-03
   3.44186923e+02   9.28944035e-04
   3.44187412e+02  -1.55514956e-03
   3.44187900e+02  -2.16145627e-03
   3.44188388e+02  -1.00671279e-03
   3.44188877e+02   9.48841625e-04
   3.44189365e+02   1.87522988e-03
   3.44189853e+02   1.56010326e-03
   3.44190341e+02  -1.77826930e-03
   3.44190830e+02  -2.27218820e-03
   3.44191318e+02  -2.76355451e-04
   3.44191806e+02   1.84152299e-03
   3.44192295e+02   2.83004506e-03
   3.44192783e+02   3.53614148e-03
   3.44193271e+02   3.45976255e-03
   3.44193760e+02   2.84990016e-03
   3.44194248e+02   1.23070393e-04
   3.44194736e+02  -1.99659215e-03
   3.44195225e+02   5.35372063e-04
   3.44195713e+02   2.91880011e-03
   3.44196201e+02   1.81544805e-03
   3.44196689e+02  -1.40925869e-03
   3.44197178e+02  -2.60805315e-03
   3.44197666e+02  -1.44951046e-03
   3.44198154e+02  -1.05268686e-04
   3.44198643e+02   1.50002481e-03
   3.44199131e+02   1.12388167e-03
   3.44199619e+02  -7.06787629e-04
   3.44200108e+02  -1.26926275e-03
   3.44200596e+02  -3.90345725e-04
   3.44201084e+02   2.07184465e-03
   3.44201573e+02   3.43624293e-03
   3.44202061e+02   2.11215694e-03
   3.44202549e+02   2.14267406e-03
   3.44203037e+02   3.72488028e-03
   3.44203526e+02   2.51090596e-03
   3.44204014e+02   1.85209629e-03
   3.44204502e+02   1.49979978e-03
   3.44204991e+02  -1.14854460e-03
   3.44205479e+02  -5.07931400e-04
   3.44205967e+02   2.81397928e-03
   3.44206456e+02   1.46713352e-03
   3.44206944e+02  -2.46905931e-03
   3.44207432e+02  -2.38896976e-03
   3.44207921e+02   3.70031252e-04
   3.44208409e+02   4.65632875e-05
   3.44208897e+02  -1.01452344e-03
   3.44209385e+02   2.00538561e-04
   3.44209874e+02   1.14491070e-03
   3.44210362e+02   1.43826264e-03
   3.44210850e+02   9.30498296e-04
   3.44211339e+02   4.97468456e-04
   3.44211827e+02   3.26472591e-03
   3.44212315e+02   4.83481726e-03
   3.44212804e+02   1.19693216e-03
   3.44213292e+02  -3.74449766e-03
   3.44213780e+02  -3.82334553e-03
   3.44214269e+02  -5.39783272e-04
   3.44214757e+02  -5.83358633e-04
   3.44215245e+02  -1.85067044e-03
   3.44215734e+02  -3.13384109e-04
   3.44216222e+02   1.82635631e-04
   3.44216710e+02  -1.41451077e-03
   3.44217198e+02  -2.37129419e-03
   3.44217687e+02  -1.71498652e-03
   3.44218175e+02  -1.21896400e-03
   3.44218663e+02  -9.39554069e-04
   3.44219152e+02   1.06748869e-03
   3.44219640e+02   1.85032224e-03
   3.44220128e+02   6.20271079e-04
   3.44220617e+02  -4.63717442e-04
   3.44221105e+02  -2.06003524e-03
   3.44221593e+02  -3.23914015e-03
   3.44222082e+02  -5.30154037e-04
   3.44222570e+02   2.24522175e-03
   3.44223058e+02   1.42730377e-03
   3.44223546e+02   3.63474770e-04
   3.44224035e+02   6.40702492e-04
   3.44224523e+02   1.86801283e-03
   3.44225011e+02   2.56698020e-03
   3.44225500e+02   1.06338481e-03
   3.44225988e+02  -4.54084773e-04
   3.44226476e+02   4.67792590e-04
   3.44226965e+02   1.25503563e-03
   3.44227453e+02   5.21080801e-04
   3.44227941e+02  -1.47740924e-04
   3.44228430e+02   2.70794204e-04
   3.44228918e+02   1.06334890e-04
   3.44229406e+02  -1.36514311e-03
   3.44229894e+02  -1.53296546e-03
   3.44230383e+02   1.65628939e-04
   3.44230871e+02   5.15228545e-04
   3.44231359e+02  -4.94112843e-04
   3.44231848e+02  -5.86556387e-04
   3.44232336e+02   8.73264449e-04
   3.44232824e+02   1.48886500e-03
   3.44233313e+02   2.17151036e-03
   3.44233801e+02   4.18954948e-03
   3.44234289e+02   4.91988100e-03
   3.44234778e+02   3.51360068e-03
   3.44235266e+02   1.40914647e-03
   3.44235754e+02  -1.50180131e-03
   3.44236242e+02  -1.65587442e-03
   3.44236731e+02  -1.09821872e-03
   3.44237219e+02  -2.36146082e-03
   3.44237707e+02  -1.14178972e-03
   3.44238196e+02   5.55816572e-04
   3.44238684e+02  -7.24866346e-04
   3.44239172e+02  -8.17057851e-04
   3.44239661e+02  -1.10421842e-03
   3.44240149e+02  -3.30162770e-03
   3.44240637e+02  -3.96252563e-03
   3.44241126e+02  -3.13602807e-03
   3.44241614e+02  -2.26178882e-03
   3.44242102e+02  -8.82520166e-04
   3.44242590e+02   7.51945408e-05
   3.44243079e+02  -5.82615379e-04
   3.44243567e+02   4.02606020e-05
   3.44244055e+02   1.60217853e-04
   3.44244544e+02   1.12729252e-03
   3.44245032e+02   2.59999884e-03
   3.44245520e+02   2.90355738e-03
   3.44246009e+02   3.03825783e-03
   3.44246497e+02   1.16016145e-03
   3.44246985e+02   6.25529792e-04
   3.44247474e+02   1.87769963e-03
   3.44247962e+02  -3.30102805e-04
   3.44248450e+02  -2.79067573e-03
   3.44248938e+02  -3.13753029e-04
   3.44249427e+02   7.11379806e-04
   3.44249915e+02   9.65193205e-04
   3.44250403e+02   3.05058272e-03
   3.44250892e+02   3.84837692e-03
   3.44251380e+02   1.82783420e-04
   3.44251868e+02  -1.43186806e-03
   3.44252357e+02   5.72249526e-04
   3.44252845e+02   5.99647698e-04
   3.44253333e+02   9.28604626e-04
   3.44253822e+02   1.75011251e-03
   3.44254310e+02  -4.01653873e-04
   3.44254798e+02  -1.44145137e-03
   3.44255286e+02   9.66291263e-05
   3.44255775e+02   1.37804518e-03
   3.44256263e+02   1.66284712e-03
   3.44256751e+02   6.70479320e-04
   3.44257240e+02  -7.85970769e-04
   3.44257728e+02  -1.51207368e-03
   3.44258216e+02  -2.11548060e-03
   3.44258705e+02  -2.49982509e-03
   3.44259193e+02  -1.14229321e-03
   3.44259681e+02   2.43945303e-03
   3.44260170e+02   4.15837439e-03
   3.44260658e+02   1.13277405e-03
   3.44261146e+02  -1.22104690e-03
   3.44261635e+02   7.22066499e-04
   3.44262123e+02   1.84308446e-03
   3.44262611e+02   1.36804930e-03
   3.44263099e+02   3.40456609e-03
   3.44263588e+02   3.18425754e-03
   3.44264076e+02  -3.11956101e-04
   3.44264564e+02  -1.54059171e-03
   3.44265053e+02  -4.15927777e-03
   3.44265541e+02  -6.23915112e-03
   3.44266029e+02  -5.12261456e-03
   3.44266518e+02  -2.95801717e-03
   3.44267006e+02   1.17415341e-03
   3.44267494e+02   3.82680143e-03
   3.44267983e+02   2.96101160e-03
   3.44268471e+02   1.65413163e-04
   3.44268959e+02  -2.44569429e-03
   3.44269447e+02  -2.02152156e-03
   3.44269936e+02  -1.10713096e-04
   3.44270424e+02   1.49429415e-03
   3.44270912e+02   2.80693616e-03
   3.44271401e+02   4.16108081e-03
   3.44271889e+02   3.47543927e-03
   3.44272377e+02   8.40146735e-04
   3.44272866e+02  -8.77725077e-04
   3.44273354e+02  -4.68803017e-04
   3.44273842e+02   9.13341879e-04
   3.44274331e+02   8.56587605e-04
   3.44274819e+02   3.31778901e-05
   3.44275307e+02   1.24610064e-03
   3.44275795e+02   2.76000076e-03
   3.44276284e+02   1.81309937e-03
   3.44276772e+02   2.34285864e-04
   3.44277260e+02   4.65996127e-04
   3.44277749e+02   1.48195645e-03
   3.44278237e+02   3.58026329e-04
   3.44278725e+02  -1.50104449e-03
   3.44279214e+02  -2.16262741e-03
   3.44279702e+02  -1.13943033e-03
   3.44280190e+02   6.43606065e-04
   3.44280679e+02   1.68396533e-03
   3.44281167e+02   7.13959103e-04
   3.44281655e+02  -8.92376003e-04
   3.44282143e+02  -2.03076191e-03
   3.44282632e+02  -2.58242316e-03
   3.44283120e+02  -2.40714313e-03
   3.44283608e+02  -2.17836327e-03
   3.44284097e+02  -3.07225436e-03
   3.44284585e+02  -3.32952524e-03
   3.44285073e+02  -1.32825109e-03
   3.44285562e+02   9.84439743e-04
   3.44286050e+02   1.66849850e-03
   3.44286538e+02   1.81302789e-03
   3.44287027e+02   2.53383792e-03
   3.44287515e+02   2.86251912e-03
   3.44288003e+02   3.03735211e-03
   3.44288491e+02   1.93704967e-03
   3.44288980e+02  -1.66234747e-03
   3.44289468e+02  -2.92438548e-03
   3.44289956e+02  -1.15439738e-03
   3.44290445e+02   5.62730536e-04
   3.44290933e+02   2.43789051e-03
   3.44291421e+02   2.32298067e-03
   3.44291910e+02   1.47844211e-03
   3.44292398e+02   2.68296921e-03
   3.44292886e+02   8.23310111e-04
   3.44293375e+02  -1.86031789e-03
   3.44293863e+02   3.63323707e-05
   3.44294351e+02   3.89596261e-03
   3.44294839e+02   4.41118376e-03
   3.44295328e+02   2.72850436e-03
   3.44295816e+02   1.17947033e-03
   3.44296304e+02  -1.44631078e-04
   3.44296793e+02  -8.15794978e-04
   3.44297281e+02  -2.19705096e-03
   3.44297769e+02  -1.61962758e-03
   3.44298258e+02  -1.85365498e-04
   3.44298746e+02  -1.54903624e-03
   3.44299234e+02  -2.12279870e-03
   3.44299723e+02  -1.12184731e-03
   3.44300211e+02   1.02992468e-04
   3.44300699e+02   5.44247683e-04
   3.44301188e+02  -7.22843164e-04
   3.44301676e+02  -1.28717779e-03
   3.44302164e+02  -1.29548804e-04
   3.44302652e+02   1.58522010e-03
   3.44303141e+02   2.58823391e-03
   3.44303629e+02   2.10886076e-03
   3.44304117e+02   1.50442310e-03
   3.44304606e+02   1.81834039e-03
   3.44305094e+02   1.24176207e-03
   3.44305582e+02  -6.08770992e-04
   3.44306071e+02  -2.20578536e-03
   3.44306559e+02  -2.69673183e-03
   3.44307047e+02  -1.75015407e-03
   3.44307536e+02  -2.03910028e-03
   3.44308024e+02  -3.51536390e-03
   3.44308512e+02  -3.73906153e-03
   3.44309000e+02  -1.79748214e-03
   3.44309489e+02  -1.25670247e-03
   3.44309977e+02  -2.89272377e-03
   3.44310465e+02  -2.50844308e-03
   3.44310954e+02  -1.55512034e-03
   3.44311442e+02  -1.74568011e-03
   3.44311930e+02  -4.69462539e-04
   3.44312419e+02   1.46888767e-03
   3.44312907e+02   1.56943395e-03
   3.44313395e+02   2.87904058e-05
   3.44313884e+02  -1.23135746e-03
   3.44314372e+02  -1.53567956e-03
   3.44314860e+02  -9.30564885e-04
   3.44315348e+02  -3.66417007e-05
   3.44315837e+02   7.34357920e-04
   3.44316325e+02   1.15136080e-03
   3.44316813e+02   9.13053111e-04
   3.44317302e+02   1.87910523e-03
   3.44317790e+02   3.69640230e-03
   3.44318278e+02   1.87755690e-03
   3.44318767e+02  -2.13074079e-03
   3.44319255e+02  -2.89157848e-03
   3.44319743e+02  -7.31036649e-04
   3.44320232e+02   1.55204278e-03
   3.44320720e+02   1.26934727e-03
   3.44321208e+02  -1.89813995e-03
   3.44321696e+02  -3.01412260e-03
   3.44322185e+02  -1.82968169e-03
   3.44322673e+02  -9.05859401e-04
   3.44323161e+02  -2.43299117e-04
   3.44323650e+02  -5.98547456e-04
   3.44324138e+02  -2.38858542e-04
   3.44324626e+02   2.05968344e-03
   3.44325115e+02  -2.30019679e-04
   3.44325603e+02  -4.74181445e-03
   3.44326091e+02  -3.67259257e-03
   3.44326580e+02  -2.10247526e-04
   3.44327068e+02   1.16474344e-03
   3.44327556e+02   8.42947455e-04
   3.44328044e+02   6.53451891e-04
   3.44328533e+02   1.74438069e-03
   3.44329021e+02   3.39981262e-03
   3.44329509e+02   1.98550289e-03
   3.44329998e+02  -1.05093233e-03
   3.44330486e+02  -9.78004187e-04
   3.44330974e+02   1.23839441e-03
   3.44331463e+02   1.95775693e-03
   3.44331951e+02   9.34587268e-04
   3.44332439e+02   4.88404825e-04
   3.44332928e+02   1.01124449e-03
   3.44333416e+02   1.46393362e-03
   3.44333904e+02   9.71532776e-04
   3.44334392e+02  -3.02764325e-04
   3.44334881e+02  -5.05212462e-04
   3.44335369e+02   1.95766543e-03
   3.44335857e+02   2.72620656e-03
   3.44336346e+02   2.35406216e-03
   3.44336834e+02   2.35488173e-03
   3.44337322e+02  -7.02670543e-04
   3.44337811e+02  -2.29097693e-03
   3.44338299e+02  -2.49676086e-04
   3.44338787e+02   1.83421548e-03
   3.44339276e+02   3.44046694e-03
   3.44339764e+02   3.09041003e-03
   3.44340252e+02   2.37847283e-03
   3.44340741e+02   2.31989729e-03
   3.44341229e+02   1.85300142e-03
   3.44341717e+02   1.82459771e-03
   3.44342205e+02   1.57751516e-03
   3.44342694e+02   1.25691248e-03
   3.44343182e+02   1.21783291e-03
   3.44343670e+02   5.16154571e-04
   3.44344159e+02  -1.02274520e-04
   3.44344647e+02   1.34040811e-03
   3.44345135e+02   3.56437475e-03
   3.44345624e+02   5.13292663e-03
   3.44346112e+02   4.31588432e-03
   3.44346600e+02   1.40357087e-03
   3.44347089e+02   8.19602516e-04
   3.44347577e+02   1.04880601e-03
   3.44348065e+02  -7.96739536e-04
   3.44348553e+02  -2.74918997e-03
   3.44349042e+02  -2.65155034e-03
   3.44349530e+02  -1.03362821e-04
   3.44350018e+02   2.14287569e-03
   3.44350507e+02   7.18976895e-04
   3.44350995e+02  -1.23000122e-03
   3.44351483e+02  -9.59463592e-04
   3.44351972e+02  -1.64937985e-04
   3.44352460e+02   1.39839132e-03
   3.44352948e+02   2.08871393e-03
   3.44353437e+02   7.02743419e-04
   3.44353925e+02  -6.20309031e-04
   3.44354413e+02  -1.28808839e-03
   3.44354901e+02  -1.77313085e-03
   3.44355390e+02  -2.59793294e-03
   3.44355878e+02  -2.85862223e-03
   3.44356366e+02  -1.95266120e-03
   3.44356855e+02  -5.56078681e-04
   3.44357343e+02   1.63700315e-05
   3.44357831e+02  -2.30589663e-04
   3.44358320e+02   9.50174814e-04
   3.44358808e+02   2.48758355e-03
   3.44359296e+02   1.45431352e-03
   3.44359785e+02   1.35969400e-04
   3.44360273e+02   6.74333860e-05
   3.44360761e+02   8.89143921e-05
   3.44361249e+02   1.23876403e-03
   3.44361738e+02   1.29953329e-03
   3.44362226e+02  -8.17460241e-04
   3.44362714e+02   6.91860449e-04
   3.44363203e+02   2.82588368e-03
   3.44363691e+02  -2.52097612e-04
   3.44364179e+02  -1.67332368e-03
   3.44364668e+02  -2.17869543e-04
   3.44365156e+02   2.20491341e-03
   3.44365644e+02   3.76903522e-03
   3.44366133e+02   2.06140126e-03
   3.44366621e+02   1.23201311e-03
   3.44367109e+02   2.55747745e-03
   3.44367597e+02   3.58900847e-03
   3.44368086e+02   1.77509023e-03
   3.44368574e+02  -9.09350056e-04
   3.44369062e+02  -1.20182429e-03
   3.44369551e+02  -8.10882309e-04
   3.44370039e+02  -3.23519530e-03
   3.44370527e+02  -4.09189845e-03
   3.44371016e+02  -5.49616176e-04
   3.44371504e+02   8.06877622e-04
   3.44371992e+02  -1.12999999e-03
   3.44372481e+02  -1.64628797e-03
   3.44372969e+02   4.44021774e-04
   3.44373457e+02   1.42481027e-03
   3.44373945e+02   2.51782767e-04
   3.44374434e+02   1.52520428e-03
   3.44374922e+02   2.38000927e-03
   3.44375410e+02   9.29905917e-04
   3.44375899e+02   7.80494360e-04
   3.44376387e+02   1.93712604e-03
   3.44376875e+02   3.84429144e-03
   3.44377364e+02   3.24110710e-03
   3.44377852e+02   1.79005193e-03
   3.44378340e+02   2.58677453e-03
   3.44378829e+02   2.86611798e-03
   3.44379317e+02   1.48718944e-03
   3.44379805e+02  -2.09218916e-03
   3.44380294e+02  -4.37560817e-03
   3.44380782e+02  -2.58666347e-03
   3.44381270e+02  -5.69078780e-04
   3.44381758e+02  -7.80896982e-04
   3.44382247e+02  -6.58430043e-04
   3.44382735e+02   6.60071441e-04
   3.44383223e+02   1.11840223e-03
   3.44383712e+02   5.86383612e-05
   3.44384200e+02  -6.23884785e-04
   3.44384688e+02  -6.72171882e-04
   3.44385177e+02  -1.17546774e-03
   3.44385665e+02  -2.41928292e-03
   3.44386153e+02  -2.41843401e-03
   3.44386642e+02  -4.79027774e-04
   3.44387130e+02   5.88524214e-04
   3.44387618e+02   5.99743566e-04
   3.44388106e+02  -8.76818260e-04
   3.44388595e+02  -2.03730911e-03
   3.44389083e+02  -1.16480328e-03
   3.44389571e+02   3.86340485e-04
   3.44390060e+02   8.43458343e-04
   3.44390548e+02  -5.03596559e-04
   3.44391036e+02   1.11430034e-03
   3.44391525e+02   5.27339894e-03
   3.44392013e+02   5.60351973e-03
   3.44392501e+02   3.38909985e-03
   3.44392990e+02   1.01111364e-03
   3.44393478e+02  -2.40968729e-04
   3.44393966e+02  -1.03507878e-03
   3.44394454e+02  -6.25836488e-04
   3.44394943e+02   2.06855196e-03
   3.44395431e+02   3.30141862e-03
   3.44395919e+02   4.22289269e-03
   3.44396408e+02   5.54140564e-03
   3.44396896e+02   3.23785516e-03
   3.44397384e+02  -5.15059473e-05
   3.44397873e+02   1.60259340e-04
   3.44398361e+02  -1.64208886e-05
   3.44398849e+02  -1.79668202e-03
   3.44399338e+02  -2.62720510e-03
   3.44399826e+02  -1.49571744e-03
   3.44400314e+02  -8.43698654e-05
   3.44400802e+02   2.15070890e-04
   3.44401291e+02  -1.72322954e-03
   3.44401779e+02  -3.53248930e-03
   3.44402267e+02  -1.15930650e-03
   3.44402756e+02   7.23801728e-04
   3.44403244e+02  -2.38850134e-05
   3.44403732e+02  -2.81680113e-04
   3.44404221e+02   1.10992382e-03
   3.44404709e+02   2.76981038e-03
   3.44405197e+02   2.22445815e-03
   3.44405686e+02   1.49711233e-03
   3.44406174e+02   1.45112711e-03
   3.44406662e+02   1.34269160e-03
   3.44407150e+02   1.52199995e-03
   3.44407639e+02   2.13153684e-03
   3.44408127e+02   8.94744007e-04
   3.44408615e+02  -9.06648529e-06
   3.44409104e+02  -1.96613517e-04
   3.44409592e+02  -8.23035080e-05
   3.44410080e+02   3.75716569e-04
   3.44410569e+02  -2.06624216e-04
   3.44411057e+02  -1.35254930e-03
   3.44411545e+02  -2.73514842e-03
   3.44412034e+02  -2.40366021e-03
   3.44412522e+02  -1.10396696e-03
   3.44413010e+02  -4.24648199e-04
   3.44413498e+02  -4.81002877e-04
   3.44413987e+02  -3.65227315e-04
   3.44414475e+02   3.43694672e-04
   3.44414963e+02   1.43025187e-04
   3.44415452e+02  -7.20789307e-04
   3.44415940e+02   7.32556946e-05
   3.44416428e+02   8.94367695e-04
   3.44416917e+02  -1.16292899e-03
   3.44417405e+02  -2.70466879e-03
   3.44417893e+02  -3.05906474e-03
   3.44418382e+02  -2.97891581e-03
   3.44418870e+02  -7.91632105e-04
   3.44419358e+02   1.05123385e-03
   3.44419847e+02   1.43436228e-05
   3.44420335e+02  -1.13779027e-03
   3.44420823e+02  -1.27720748e-04
   3.44421311e+02  -7.28403218e-04
   3.44421800e+02  -2.70402874e-03
   3.44422288e+02  -2.33633257e-03
   3.44422776e+02   6.24785171e-05
   3.44423265e+02   1.54649839e-03
   3.44423753e+02   4.87827696e-04
   3.44424241e+02  -6.30217721e-04
   3.44424730e+02  -1.61368377e-03
   3.44425218e+02  -2.12441036e-03
   3.44425706e+02  -3.91992304e-04
   3.44426195e+02   1.95626612e-03
   3.44426683e+02   1.38976891e-03
   3.44427171e+02   1.75862014e-03
   3.44427659e+02   4.89432504e-03
   3.44428148e+02   6.02988014e-03
   3.44428636e+02   4.70467890e-03
   3.44429124e+02   2.72661564e-03
   3.44429613e+02   1.57050276e-03
   3.44430101e+02   2.15875730e-03
   3.44430589e+02   2.00953824e-03
   3.44431078e+02   9.28283087e-04
   3.44431566e+02  -7.62001728e-04
   3.44432054e+02  -1.58983772e-03
   3.44432543e+02  -8.51050369e-04
   3.44433031e+02  -4.91604151e-04
   3.44433519e+02   2.48792203e-04
   3.44434007e+02   4.39276890e-04
   3.44434496e+02  -1.99390604e-04
   3.44434984e+02   5.19847497e-04
   3.44435472e+02   2.46596010e-03
   3.44435961e+02   2.58003641e-03
   3.44436449e+02  -6.68491411e-04
   3.44436937e+02  -2.95072678e-03
   3.44437426e+02  -2.85187224e-03
   3.44437914e+02  -2.90072919e-03
   3.44438402e+02  -1.85189175e-03
   3.44438891e+02  -1.47811719e-03
   3.44439379e+02  -3.48577462e-03
   3.44439867e+02  -4.32956312e-03
   3.44440355e+02  -2.99228658e-03
   3.44440844e+02  -1.80671678e-03
   3.44441332e+02  -1.10635685e-03
   3.44441820e+02   1.04516605e-03
   3.44442309e+02   2.73670978e-03
   3.44442797e+02   1.00645819e-03
   3.44443285e+02  -7.19111646e-04
   3.44443774e+02   5.68903342e-04
   3.44444262e+02   1.63409603e-03
   3.44444750e+02   1.04878249e-03
   3.44445239e+02   7.51619984e-04
   3.44445727e+02   1.25423729e-04
   3.44446215e+02  -1.18311064e-03
   3.44446703e+02  -1.64972700e-03
   3.44447192e+02  -1.80942880e-03
   3.44447680e+02  -2.42848299e-03
   3.44448168e+02  -1.67615188e-03
   3.44448657e+02   4.54789842e-04
   3.44449145e+02   1.72743562e-03
   3.44449633e+02   1.97557802e-03
   3.44450122e+02   3.79792950e-03
   3.44450610e+02   5.36490977e-03
   3.44451098e+02   2.73921830e-03
   3.44451587e+02   9.20782390e-04
   3.44452075e+02   1.71875989e-03
   3.44452563e+02  -2.80280165e-05
   3.44453051e+02  -1.66731980e-03
   3.44453540e+02  -1.37845206e-03
   3.44454028e+02  -1.12878496e-03
   3.44454516e+02  -6.86873391e-04
   3.44455005e+02  -1.45261607e-03
   3.44455493e+02  -2.67249066e-03
   3.44455981e+02  -3.50348861e-03
   3.44456470e+02  -3.83289694e-03
   3.44456958e+02  -2.52788607e-03
   3.44457446e+02  -1.89307053e-03
   3.44457935e+02  -1.15758751e-03
   3.44458423e+02  -5.02827577e-04
   3.44458911e+02  -1.40101509e-03
   3.44459400e+02  -2.21182848e-03
   3.44459888e+02  -1.53343764e-03
   3.44460376e+02  -5.85246889e-05
   3.44460864e+02  -8.62471410e-04
   3.44461353e+02  -1.41033309e-03
   3.44461841e+02  -2.84492824e-04
   3.44462329e+02  -2.06669822e-04
   3.44462818e+02  -7.39260169e-04
   3.44463306e+02  -7.10674387e-04
   3.44463794e+02  -9.63220955e-04
   3.44464283e+02  -1.27179793e-03
   3.44464771e+02  -7.35990587e-04
   3.44465259e+02   1.37210405e-03
   3.44465748e+02   2.33449531e-03
   3.44466236e+02   7.16688286e-04
   3.44466724e+02  -1.76825572e-03
   3.44467212e+02  -2.40413449e-03
   3.44467701e+02  -1.12538610e-03
   3.44468189e+02   3.93808703e-04
   3.44468677e+02   1.84733246e-03
   3.44469166e+02   1.31739525e-03
   3.44469654e+02   7.60943280e-04
   3.44470142e+02   9.01701686e-04
   3.44470631e+02  -4.11006840e-05
   3.44471119e+02   5.37035172e-04
   3.44471607e+02   9.78032593e-04
   3.44472096e+02  -8.24612507e-04
   3.44472584e+02  -1.09264790e-03
   3.44473072e+02   7.03743717e-04
   3.44473560e+02   1.21529028e-03
   3.44474049e+02  -1.38153046e-04
   3.44474537e+02  -9.73541697e-04
   3.44475025e+02   8.61182983e-04
   3.44475514e+02   3.32782953e-03
   3.44476002e+02   1.44776900e-03
   3.44476490e+02  -2.95312516e-03
   3.44476979e+02  -2.78411945e-03
   3.44477467e+02  -1.00126839e-03
   3.44477955e+02   1.58404902e-04
   3.44478444e+02   1.83010439e-03
   3.44478932e+02   1.12185720e-03
   3.44479420e+02  -3.59123194e-04
   3.44479908e+02   6.22329011e-04
   3.44480397e+02   1.14100531e-03
   3.44480885e+02   1.01351016e-03
   3.44481373e+02   1.08382921e-03
   3.44481862e+02  -3.20664753e-04
   3.44482350e+02  -1.78619672e-03
   3.44482838e+02  -2.15186691e-03
   3.44483327e+02  -1.78141531e-03
   3.44483815e+02  -2.61486997e-03
   3.44484303e+02  -2.37284321e-03
   3.44484792e+02  -1.80388708e-03
   3.44485280e+02  -1.16196298e-03
   3.44485768e+02  -7.94068270e-04
   3.44486256e+02  -1.76192890e-03
   3.44486745e+02  -2.84072082e-03
   3.44487233e+02  -1.31826301e-03
   3.44487721e+02   1.61657319e-03
   3.44488210e+02   3.14578367e-03
   3.44488698e+02   4.28332947e-03
   3.44489186e+02   4.88887541e-03
   3.44489675e+02   2.46074027e-03
   3.44490163e+02   8.19295761e-04
   3.44490651e+02  -6.99883749e-05
   3.44491140e+02  -1.93733524e-03
   3.44491628e+02  -1.36149884e-03
   3.44492116e+02   1.73766096e-03
   3.44492604e+02   3.73513973e-03
   3.44493093e+02   2.73177517e-03
   3.44493581e+02   2.81980520e-05
   3.44494069e+02  -1.68221642e-03
   3.44494558e+02  -1.59767794e-03
   3.44495046e+02  -7.22801080e-04
   3.44495534e+02  -7.09430242e-05
   3.44496023e+02   3.43027554e-04
   3.44496511e+02   4.08763794e-04
   3.44496999e+02   5.11252030e-04
   3.44497488e+02  -8.82938504e-04
   3.44497976e+02  -3.10002849e-03
   3.44498464e+02  -3.14223627e-03
   3.44498953e+02  -1.92487356e-03
   3.44499441e+02  -1.93233613e-03
   3.44499929e+02  -2.94835586e-03
   3.44500417e+02  -1.92105316e-03
   3.44500906e+02   6.95430557e-04
   3.44501394e+02   1.82080746e-03
   3.44501882e+02   5.43118163e-04
   3.44502371e+02  -1.14531082e-03
   3.44502859e+02   5.91176562e-04
   3.44503347e+02   1.70427898e-03
   3.44503836e+02  -2.63617636e-04
   3.44504324e+02  -1.02339243e-03
   3.44504812e+02  -1.32549205e-03
   3.44505301e+02  -9.65433428e-04
   3.44505789e+02   9.41427716e-04
   3.44506277e+02   1.18293647e-04
   3.44506765e+02  -1.47456338e-03
   3.44507254e+02   4.13637317e-04
   3.44507742e+02  -5.73055295e-04
   3.44508230e+02  -3.36094550e-03
   3.44508719e+02  -2.69120792e-03
   3.44509207e+02  -2.46441248e-03
   3.44509695e+02  -2.07439461e-03
   3.44510184e+02  -5.64434333e-04
   3.44510672e+02   9.17391095e-04
   3.44511160e+02   2.28640577e-03
   3.44511649e+02   9.95108625e-04
   3.44512137e+02  -1.67677621e-03
   3.44512625e+02  -3.49177583e-03
   3.44513113e+02  -3.79016926e-03
   3.44513602e+02  -2.44258787e-03
   3.44514090e+02  -1.79889193e-03
   3.44514578e+02  -3.10069905e-03
   3.44515067e+02  -2.17635091e-03
   3.44515555e+02   1.57725648e-03
   3.44516043e+02   2.63671088e-03
   3.44516532e+02   1.18837727e-03
   3.44517020e+02  -9.36778262e-04
   3.44517508e+02  -2.26742588e-03
   3.44517997e+02  -6.44388725e-04
   3.44518485e+02   5.95598307e-04
   3.44518973e+02   4.03935410e-04
   3.44519461e+02  -1.41746446e-03
   3.44519950e+02  -3.03064054e-03
   3.44520438e+02  -1.53212878e-03
   3.44520926e+02  -1.61678449e-03
   3.44521415e+02  -2.15468300e-03
   3.44521903e+02  -1.47143949e-03
   3.44522391e+02  -1.90882536e-03
   3.44522880e+02  -6.80862111e-04
   3.44523368e+02   2.70792400e-03
   3.44523856e+02   3.80242243e-03
   3.44524345e+02   1.75378495e-03
   3.44524833e+02   2.55417288e-03
   3.44525321e+02   4.80968552e-03
   3.44525809e+02   2.48259958e-03
   3.44526298e+02  -1.09761406e-03
   3.44526786e+02  -1.27115438e-03
   3.44527274e+02  -5.22689879e-05
   3.44527763e+02   5.87449817e-04
   3.44528251e+02   2.02859030e-03
   3.44528739e+02   2.91507156e-03
   3.44529228e+02   2.61960691e-03
   3.44529716e+02   2.81453994e-03
   3.44530204e+02   2.01164954e-03
   3.44530693e+02   3.84421204e-04
   3.44531181e+02  -1.72904192e-03
   3.44531669e+02  -2.35266984e-03
   3.44532157e+02  -1.10534148e-03
   3.44532646e+02  -7.47127458e-04
   3.44533134e+02  -7.40915362e-04
   3.44533622e+02  -1.41045358e-03
   3.44534111e+02  -2.95534125e-03
   3.44534599e+02  -2.51030945e-03
   3.44535087e+02  -6.07794151e-04
   3.44535576e+02   2.62051530e-04
   3.44536064e+02  -8.17635591e-05
   3.44536552e+02  -1.06905318e-04
   3.44537041e+02  -4.99039888e-04
   3.44537529e+02  -7.89854676e-04
   3.44538017e+02  -5.58231841e-04
   3.44538506e+02  -2.03221571e-04
   3.44538994e+02  -5.62546702e-05
   3.44539482e+02  -2.97681894e-04
   3.44539970e+02  -2.08483063e-04
   3.44540459e+02  -2.98007857e-04
   3.44540947e+02  -1.04076439e-03
   3.44541435e+02  -2.26757186e-03
   3.44541924e+02  -2.81718420e-03
   3.44542412e+02  -2.41699326e-03
   3.44542900e+02  -1.65926595e-03
   3.44543389e+02  -8.88567651e-04
   3.44543877e+02  -1.26881641e-04
   3.44544365e+02  -3.89978901e-04
   3.44544854e+02  -1.42625882e-04
   3.44545342e+02  -1.06709726e-04
   3.44545830e+02  -2.04979879e-04
   3.44546318e+02   3.30918730e-04
   3.44546807e+02   1.40870083e-03
   3.44547295e+02   1.93141401e-03
   3.44547783e+02  -2.15031367e-04
   3.44548272e+02  -4.50359238e-03
   3.44548760e+02  -5.80184208e-03
   3.44549248e+02  -2.67767371e-03
   3.44549737e+02  -1.08520311e-04
   3.44550225e+02   8.33261409e-04
   3.44550713e+02   1.05166947e-03
   3.44551202e+02  -1.34882797e-03
   3.44551690e+02  -2.52855360e-03
   3.44552178e+02  -1.38178945e-03
   3.44552666e+02  -2.09907559e-03
   3.44553155e+02  -1.69345376e-03
   3.44553643e+02   6.24325767e-04
   3.44554131e+02   1.52718311e-03
   3.44554620e+02   1.27816794e-03
   3.44555108e+02   3.98125740e-05
   3.44555596e+02  -2.68526468e-03
   3.44556085e+02  -5.09520061e-03
   3.44556573e+02  -4.31674020e-03
   3.44557061e+02  -6.51231792e-04
   3.44557550e+02   1.41288713e-03
   3.44558038e+02   1.53338583e-03
   3.44558526e+02   3.21468757e-03
   3.44559014e+02   5.26131131e-03
   3.44559503e+02   4.11575008e-03
   3.44559991e+02   7.93174841e-04
   3.44560479e+02  -3.80929414e-04
   3.44560968e+02  -1.21248282e-04
   3.44561456e+02   1.66611237e-04
   3.44561944e+02   4.08566353e-04
   3.44562433e+02   4.55401023e-04
   3.44562921e+02   3.62597901e-04
   3.44563409e+02  -1.00632351e-04
   3.44563898e+02  -6.14777615e-04
   3.44564386e+02  -4.69923572e-04
   3.44564874e+02  -9.45929671e-04
   3.44565362e+02  -3.40482406e-03
   3.44565851e+02  -3.56457778e-03
   3.44566339e+02  -3.68197565e-04
   3.44566827e+02  -3.26329551e-04
   3.44567316e+02  -1.36136613e-03
   3.44567804e+02   2.81803281e-04
   3.44568292e+02   1.25540304e-03
   3.44568781e+02   1.66549406e-03
   3.44569269e+02   1.01618492e-03
   3.44569757e+02  -4.38485818e-04
   3.44570246e+02   5.61814813e-04
   3.44570734e+02   8.92957090e-04
   3.44571222e+02  -9.29378075e-05
   3.44571710e+02  -7.43879471e-04
   3.44572199e+02  -1.00230798e-03
   3.44572687e+02  -2.85261252e-04
   3.44573175e+02   1.69453211e-03
   3.44573664e+02   1.17789314e-03
   3.44574152e+02   1.15045390e-04
   3.44574640e+02   2.92730378e-03
   3.44575129e+02   2.89775315e-03
   3.44575617e+02  -9.77043062e-04
   3.44576105e+02  -1.58514234e-03
   3.44576594e+02  -3.41327686e-05
   3.44577082e+02   4.98453272e-04
   3.44577570e+02   1.53394893e-03
   3.44578059e+02   1.93726528e-03
   3.44578547e+02  -5.84736117e-04
   3.44579035e+02  -6.51329872e-04
   3.44579523e+02   1.53410691e-03
   3.44580012e+02   1.46359019e-03
   3.44580500e+02  -4.62788339e-05
   3.44580988e+02   5.45932213e-04
   3.44581477e+02   1.58521906e-03
   3.44581965e+02  -6.70300797e-05
   3.44582453e+02  -2.22560018e-03
   3.44582942e+02  -1.83563295e-03
   3.44583430e+02  -1.07139022e-04
   3.44583918e+02   1.02438452e-03
   3.44584407e+02   1.59673265e-03
   3.44584895e+02  -3.20289371e-04
   3.44585383e+02  -2.40608957e-03
   3.44585871e+02  -1.18859555e-03
   3.44586360e+02  -3.46074608e-04
   3.44586848e+02  -1.99861592e-03
   3.44587336e+02  -2.34756223e-03
   3.44587825e+02  -1.70451443e-04
   3.44588313e+02   1.07777875e-03
   3.44588801e+02   1.46751321e-04
   3.44589290e+02   5.48802236e-05
   3.44589778e+02  -7.55873742e-04
   3.44590266e+02  -1.50236115e-03
   3.44590755e+02  -9.35450953e-04
   3.44591243e+02  -8.64554255e-04
   3.44591731e+02   3.66439344e-04
   3.44592219e+02   1.03659928e-03
   3.44592708e+02   1.03568011e-04
   3.44593196e+02  -8.08551034e-04
   3.44593684e+02  -1.98273291e-03
   3.44594173e+02  -1.98259857e-03
   3.44594661e+02  -1.50596083e-03
   3.44595149e+02  -3.82127683e-03
   3.44595638e+02  -4.83769272e-03
   3.44596126e+02  -1.74874277e-03
   3.44596614e+02  -2.90863391e-04
   3.44597103e+02  -1.13978714e-03
   3.44597591e+02  -1.16828433e-03
   3.44598079e+02  -7.08632520e-04
   3.44598567e+02   1.28911051e-03
   3.44599056e+02   2.57428759e-03
   3.44599544e+02   8.52153753e-04
   3.44600032e+02   1.44297126e-04
   3.44600521e+02   5.03421389e-03
   3.44601009e+02   3.49691883e-03
   3.44601497e+02   1.12238352e-03
   3.44601986e+02   2.42941990e-03
   3.44602474e+02   1.95069914e-03
   3.44602962e+02  -1.42824242e-03
   3.44603451e+02  -7.09457323e-04
   3.44603939e+02   1.64628401e-03
   3.44604427e+02   1.55366736e-03
   3.44604915e+02   7.99580666e-05
   3.44605404e+02  -1.10167323e-03
   3.44605892e+02  -6.59021258e-04
   3.44606380e+02   1.92940538e-03
   3.44606869e+02   2.44026235e-03
   3.44607357e+02   3.14101228e-04
   3.44607845e+02  -5.09914127e-04
   3.44608334e+02   7.72127532e-04
   3.44608822e+02   2.15248507e-03
   3.44609310e+02  -3.58252117e-04
   3.44609799e+02  -3.82895069e-03
   3.44610287e+02  -2.57143006e-03
   3.44610775e+02   1.43035155e-04
   3.44611263e+02   1.32853526e-03
   3.44611752e+02   2.63260049e-03
   3.44612240e+02   2.83495570e-03
   3.44612728e+02   1.73162343e-03
   3.44613217e+02   2.06842856e-03
   3.44613705e+02   1.71825569e-03
   3.44614193e+02  -7.99406553e-04
   3.44614682e+02  -1.78747252e-03
   3.44615170e+02  -1.42236927e-03
   3.44615658e+02  -1.54523412e-03
   3.44616147e+02  -8.04459560e-04
   3.44616635e+02   9.11449431e-04
   3.44617123e+02   5.75725106e-04
   3.44617612e+02   1.40792073e-03
   3.44618100e+02   5.05889207e-03
   3.44618588e+02   4.79256036e-03
   3.44619076e+02   1.33295858e-03
   3.44619565e+02   7.22433266e-04
   3.44620053e+02   1.53720626e-04
   3.44620541e+02  -1.22835813e-03
   3.44621030e+02  -1.15855585e-03
   3.44621518e+02  -1.20980432e-03
   3.44622006e+02  -3.12266173e-04
   3.44622495e+02   5.00405986e-05
   3.44622983e+02  -2.07704445e-03
   3.44623471e+02  -3.27709806e-03
   3.44623960e+02  -3.90108069e-03
   3.44624448e+02  -3.42491991e-03
   3.44624936e+02  -1.67878694e-03
   3.44625424e+02  -7.49054481e-04
   3.44625913e+02  -1.00463210e-03
   3.44626401e+02  -1.73151464e-04
   3.44626889e+02   1.48004456e-03
   3.44627378e+02   1.32839417e-03
   3.44627866e+02   9.59122088e-04
   3.44628354e+02   6.86202082e-04
   3.44628843e+02   1.53868611e-03
   3.44629331e+02   2.57805525e-03
   3.44629819e+02   1.39369944e-03
   3.44630308e+02  -1.39366766e-03
   3.44630796e+02  -4.59321635e-03
   3.44631284e+02  -5.87249873e-03
   3.44631772e+02  -3.64261074e-03
   3.44632261e+02   8.59230175e-04
   3.44632749e+02   2.98678223e-03
   3.44633237e+02   2.12944299e-03
   3.44633726e+02   3.26145231e-03
   3.44634214e+02   3.31863225e-03
   3.44634702e+02   4.36911621e-04
   3.44635191e+02  -8.66070390e-04
   3.44635679e+02  -3.07858019e-04
   3.44636167e+02  -9.12940886e-04
   3.44636656e+02  -2.24110950e-03
   3.44637144e+02  -2.66066287e-03
   3.44637632e+02  -2.05301261e-03
   3.44638120e+02  -3.53120326e-04
   3.44638609e+02   1.79258164e-03
   3.44639097e+02   2.43438780e-03
   3.44639585e+02   7.45345256e-04
   3.44640074e+02  -3.32073192e-04
   3.44640562e+02  -1.96474430e-04
   3.44641050e+02  -4.53114422e-04
   3.44641539e+02   1.66857601e-04
   3.44642027e+02  -1.93485501e-03
   3.44642515e+02  -5.93903614e-03
   3.44643004e+02  -4.55780281e-03
   3.44643492e+02  -1.33353716e-03
   3.44643980e+02  -1.17775868e-03
   3.44644468e+02  -5.25064941e-04
   3.44644957e+02   3.78235418e-04
   3.44645445e+02  -3.15980069e-05
   3.44645933e+02  -6.29624701e-04
   3.44646422e+02  -2.11555231e-03
   3.44646910e+02  -6.30633847e-04
   3.44647398e+02   7.56039924e-04
   3.44647887e+02  -2.05854326e-03
   3.44648375e+02  -1.88317464e-03
   3.44648863e+02   1.16130512e-03
   3.44649352e+02   1.34854543e-03
   3.44649840e+02   2.21721432e-03
   3.44650328e+02   3.40411859e-03
   3.44650816e+02   1.63442630e-03
   3.44651305e+02  -9.39484627e-04
   3.44651793e+02  -2.30972259e-03
   3.44652281e+02  -2.52698059e-03
   3.44652770e+02  -2.84566428e-03
   3.44653258e+02  -1.82395382e-03
   3.44653746e+02  -1.34971451e-05
   3.44654235e+02   9.93712689e-04
   3.44654723e+02   9.88349901e-04
   3.44655211e+02  -8.13128543e-04
   3.44655700e+02  -1.27199444e-03
   3.44656188e+02  -1.41260994e-03
   3.44656676e+02  -3.55219189e-03
   3.44657165e+02  -2.20046565e-03
   3.44657653e+02   1.04708341e-03
   3.44658141e+02   1.09975494e-03
   3.44658629e+02  -6.41585852e-04
   3.44659118e+02  -3.25043034e-03
   3.44659606e+02  -2.09888513e-03
   3.44660094e+02   9.92716639e-04
   3.44660583e+02   1.42047403e-03
   3.44661071e+02   6.29617600e-04
   3.44661559e+02   1.33484625e-03
   3.44662048e+02  -7.78072455e-04
   3.44662536e+02  -4.30794479e-03
   3.44663024e+02  -4.08969959e-03
   3.44663513e+02  -2.80018733e-03
   3.44664001e+02  -1.96990254e-03
   3.44664489e+02  -3.10772751e-03
   3.44664977e+02  -3.92419752e-03
   3.44665466e+02  -1.63781468e-03
   3.44665954e+02  -3.99338431e-04
   3.44666442e+02  -4.24741767e-04
   3.44666931e+02  -1.52611209e-03
   3.44667419e+02  -1.28826092e-03
   3.44667907e+02   9.36751894e-04
   3.44668396e+02   9.41167877e-04
   3.44668884e+02   1.43670442e-03
   3.44669372e+02   2.48601567e-03
   3.44669861e+02   1.64905551e-03
   3.44670349e+02  -2.60250672e-04
   3.44670837e+02  -2.82278704e-03
   3.44671325e+02  -3.75111983e-03
   3.44671814e+02  -2.38185166e-03
   3.44672302e+02  -2.50113109e-04
   3.44672790e+02   2.39886038e-04
   3.44673279e+02  -1.09896902e-03
   3.44673767e+02  -3.51346820e-03
   3.44674255e+02  -4.42938274e-03
   3.44674744e+02  -2.32929387e-03
   3.44675232e+02  -9.92057176e-05
   3.44675720e+02  -2.61466921e-05
   3.44676209e+02  -1.21034624e-03
   3.44676697e+02  -2.40291026e-03
   3.44677185e+02  -2.04236270e-03
   3.44677673e+02  -7.25670950e-04
   3.44678162e+02   3.02866916e-04
   3.44678650e+02   1.72208223e-04
   3.44679138e+02  -5.41515299e-04
   3.44679627e+02   6.68529538e-04
   3.44680115e+02   7.33477471e-04
   3.44680603e+02  -7.49639818e-04
   3.44681092e+02   9.27499495e-04
   3.44681580e+02   2.40549189e-03
   3.44682068e+02   2.31619203e-03
   3.44682557e+02   2.75255181e-03
   3.44683045e+02   2.04475154e-03
   3.44683533e+02  -1.62972952e-04
   3.44684021e+02  -3.58116318e-04
   3.44684510e+02   1.08383864e-03
   3.44684998e+02   2.37162458e-03
   3.44685486e+02   2.62044626e-03
   3.44685975e+02   9.20239603e-04
   3.44686463e+02   1.54906171e-04
   3.44686951e+02   3.59244616e-04
   3.44687440e+02   3.61588929e-04
   3.44687928e+02  -1.23700811e-04
   3.44688416e+02  -7.96609384e-04
   3.44688905e+02  -2.38465829e-04
   3.44689393e+02  -3.19016865e-04
   3.44689881e+02  -1.34356995e-03
   3.44690369e+02  -2.31816259e-04
   3.44690858e+02   1.93554733e-03
   3.44691346e+02   1.72657834e-03
   3.44691834e+02  -6.25872985e-04
   3.44692323e+02  -2.33156816e-03
   3.44692811e+02  -2.25144741e-03
   3.44693299e+02  -1.31107692e-03
   3.44693788e+02  -4.32347384e-04
   3.44694276e+02   1.21244614e-03
   3.44694764e+02   8.16684624e-04
   3.44695253e+02  -1.04299269e-03
   3.44695741e+02  -4.91595070e-04
   3.44696229e+02  -9.00827465e-04
   3.44696718e+02  -1.82155101e-03
   3.44697206e+02  -1.07072911e-03
   3.44697694e+02  -1.04506582e-03
   3.44698182e+02  -1.82607124e-04
   3.44698671e+02   8.91052303e-04
   3.44699159e+02  -2.68091215e-04
   3.44699647e+02   1.38179190e-03
   3.44700136e+02   2.86783115e-03
   3.44700624e+02   1.87341892e-03
   3.44701112e+02   1.92360033e-03
   3.44701601e+02   1.27745257e-03
   3.44702089e+02   1.73888911e-04
   3.44702577e+02  -2.12656497e-03
   3.44703066e+02  -3.30188219e-03
   3.44703554e+02  -1.94331422e-03
   3.44704042e+02  -1.49530720e-03
   3.44704530e+02  -1.96037372e-03
   3.44705019e+02  -2.71371147e-03
   3.44705507e+02  -7.67321791e-04
   3.44705995e+02   2.89364369e-03
   3.44706484e+02   1.98480301e-03
   3.44706972e+02   3.16034675e-05
   3.44707460e+02  -3.74285126e-04
   3.44707949e+02  -3.19875544e-05
   3.44708437e+02   1.04187767e-03
   3.44708925e+02   7.06246763e-04
   3.44709414e+02  -6.55806100e-04
   3.44709902e+02  -7.94300577e-04
   3.44710390e+02   7.04044243e-04
   3.44710878e+02  -4.23910125e-04
   3.44711367e+02  -1.87729963e-03
   3.44711855e+02  -1.61029675e-04
   3.44712343e+02   4.56462934e-04
   3.44712832e+02  -3.36307479e-04
   3.44713320e+02  -1.72404735e-03
   3.44713808e+02  -1.66344573e-03
   3.44714297e+02   3.38078855e-04
   3.44714785e+02   9.01344640e-04
   3.44715273e+02   1.60603411e-03
   3.44715762e+02   2.30107643e-03
   3.44716250e+02   1.29735342e-03
   3.44716738e+02  -9.68484848e-04
   3.44717226e+02  -2.91036745e-03
   3.44717715e+02   7.78160407e-04
   3.44718203e+02   4.21241246e-04
   3.44718691e+02  -1.98683492e-03
   3.44719180e+02  -2.20628499e-04
   3.44719668e+02   1.12401601e-03
   3.44720156e+02  -1.49614725e-03
   3.44720645e+02  -2.15786276e-03
   3.44721133e+02  -8.63252382e-04
   3.44721621e+02   1.06952859e-04
   3.44722110e+02   7.35449430e-04
   3.44722598e+02   1.09522068e-03
   3.44723086e+02   1.35961571e-03
   3.44723574e+02   2.44838127e-04
   3.44724063e+02  -1.73166947e-04
   3.44724551e+02  -5.32493927e-04
   3.44725039e+02  -1.72804471e-03
   3.44725528e+02  -1.80330256e-03
   3.44726016e+02  -1.93678914e-03
   3.44726504e+02  -1.38810556e-03
   3.44726993e+02  -2.06983859e-05
   3.44727481e+02  -1.29040005e-03
   3.44727969e+02  -8.76783975e-04
   3.44728458e+02   1.04830589e-03
   3.44728946e+02   2.11726478e-03
   3.44729434e+02   2.23885616e-03
   3.44729922e+02   1.68571458e-03
   3.44730411e+02   1.13184203e-03
   3.44730899e+02  -1.52756332e-03
   3.44731387e+02  -2.76759360e-03
   3.44731876e+02  -1.26652571e-03
   3.44732364e+02  -2.71590520e-03
   3.44732852e+02  -2.90613715e-03
   3.44733341e+02   1.42227998e-03
   3.44733829e+02   2.98472005e-03
   3.44734317e+02  -6.48639631e-04
   3.44734806e+02  -1.60449289e-03
   3.44735294e+02   1.24053669e-03
   3.44735782e+02   2.00019125e-03
   3.44736271e+02   3.13942408e-04
   3.44736759e+02  -5.44626324e-04
   3.44737247e+02   6.30959810e-04
   3.44737735e+02   9.99757205e-04
   3.44738224e+02  -4.57950169e-04
   3.44738712e+02  -3.24835395e-03
   3.44739200e+02  -1.91968679e-03
   3.44739689e+02   2.50366563e-03
   3.44740177e+02   2.38146563e-03
   3.44740665e+02  -1.15041842e-03
   3.44741154e+02  -4.70299553e-03
   3.44741642e+02  -3.86110693e-03
   3.44742130e+02  -7.80757167e-04
   3.44742619e+02  -9.25804256e-04
   3.44743107e+02  -1.90299773e-03
   3.44743595e+02  -2.19367351e-03
   3.44744083e+02  -2.36136303e-03
   3.44744572e+02  -2.22739833e-03
   3.44745060e+02  -1.10216695e-03
   3.44745548e+02   8.70319316e-04
   3.44746037e+02   1.47819018e-03
   3.44746525e+02  -4.43840574e-04
   3.44747013e+02  -1.21863955e-03
   3.44747502e+02  -5.76681050e-04
   3.44747990e+02  -7.03774916e-04
   3.44748478e+02   4.84791490e-05
   3.44748967e+02  -9.98141768e-05
   3.44749455e+02  -2.46832054e-03
   3.44749943e+02  -2.20229058e-03
   3.44750431e+02   9.65434534e-04
   3.44750920e+02   1.82442309e-03
   3.44751408e+02  -3.98386124e-04
   3.44751896e+02  -9.68176348e-04
   3.44752385e+02   1.34326599e-03
   3.44752873e+02   1.99538143e-03
   3.44753361e+02   1.88623648e-03
   3.44753850e+02   4.75088786e-03
   3.44754338e+02   5.10218646e-03
   3.44754826e+02   2.05758202e-04
   3.44755315e+02  -2.29717419e-03
   3.44755803e+02  -1.20083871e-03
   3.44756291e+02   3.45680382e-05
   3.44756779e+02  -4.89626429e-04
   3.44757268e+02  -2.83517782e-03
   3.44757756e+02  -4.19926737e-03
   3.44758244e+02  -2.80130352e-03
   3.44758733e+02   4.68899409e-04
   3.44759221e+02   1.24025508e-03
   3.44759709e+02  -5.86398586e-04
   3.44760198e+02  -2.18165852e-03
   3.44760686e+02  -1.14794972e-03
   3.44761174e+02   2.85921182e-04
   3.44761663e+02  -8.59891123e-04
   3.44762151e+02  -1.69607869e-03
   3.44762639e+02  -1.83634285e-03
   3.44763127e+02  -7.62024079e-04
   3.44763616e+02  -8.60399232e-05
   3.44764104e+02  -2.88594957e-03
   3.44764592e+02  -3.90288583e-03
   3.44765081e+02  -1.51077041e-03
   3.44765569e+02   6.30041177e-04
   3.44766057e+02  -7.00516743e-04
   3.44766546e+02  -3.41961090e-03
   3.44767034e+02  -2.45971628e-03
   3.44767522e+02   1.73484243e-03
   3.44768011e+02   3.36370594e-03
   3.44768499e+02   7.48174964e-04
   3.44768987e+02  -7.72373518e-04
   3.44769475e+02  -8.59717315e-04
   3.44769964e+02  -2.32131779e-03
   3.44770452e+02  -2.16621091e-03
   3.44770940e+02  -2.01206771e-03
   3.44771429e+02  -2.98062386e-03
   3.44771917e+02  -3.56953562e-04
   3.44772405e+02   2.04972248e-03
   3.44772894e+02   1.00575481e-03
   3.44773382e+02  -7.33973808e-04
   3.44773870e+02  -3.84231564e-03
   3.44774359e+02  -4.90836846e-03
   3.44774847e+02  -1.64075673e-03
   3.44775335e+02   4.15572547e-04
   3.44775824e+02   2.80353037e-04
   3.44776312e+02   9.44840489e-04
   3.44776800e+02  -5.01566217e-04
   3.44777288e+02  -2.01741559e-03
   3.44777777e+02  -1.09808368e-03
   3.44778265e+02  -8.77983519e-04
   3.44778753e+02  -1.03635713e-03
   3.44779242e+02  -6.37631092e-05
   3.44779730e+02   1.27041407e-04
   3.44780218e+02  -5.78763604e-04
   3.44780707e+02  -1.30354974e-03
   3.44781195e+02  -8.10409256e-04
   3.44781683e+02   1.59041223e-03
   3.44782172e+02   3.23144160e-03
   3.44782660e+02   3.77186021e-04
   3.44783148e+02  -3.31630930e-03
   3.44783636e+02  -3.37358331e-03
   3.44784125e+02  -1.99321355e-03
   3.44784613e+02  -2.99529359e-03
   3.44785101e+02  -4.11086716e-03
   3.44785590e+02  -3.80657078e-03
   3.44786078e+02  -3.53837875e-03
   3.44786566e+02  -9.08643473e-04
   3.44787055e+02   7.34175032e-04
   3.44787543e+02  -5.81008717e-05
   3.44788031e+02  -6.50439586e-04
   3.44788520e+02  -2.32772646e-03
   3.44789008e+02  -4.06340091e-03
   3.44789496e+02  -4.45024576e-03
   3.44789984e+02  -4.12170775e-03
   3.44790473e+02  -3.32498434e-03
   3.44790961e+02  -2.00929260e-03
   3.44791449e+02   1.61328423e-03
   3.44791938e+02   3.38169327e-03
   3.44792426e+02   5.90859563e-04
   3.44792914e+02  -2.23417926e-04
   3.44793403e+02   1.10764534e-03
   3.44793891e+02  -2.33767467e-04
   3.44794379e+02  -1.80574518e-03
   3.44794868e+02  -2.56465399e-03
   3.44795356e+02  -2.14359048e-03
   3.44795844e+02  -1.04288745e-03
   3.44796332e+02  -8.23683877e-05
   3.44796821e+02   5.54369006e-04
   3.44797309e+02  -4.87781246e-04
   3.44797797e+02  -2.75476859e-03
   3.44798286e+02  -4.30342462e-03
   3.44798774e+02  -4.52801585e-03
   3.44799262e+02  -3.07090045e-03
   3.44799751e+02  -3.28343740e-04
   3.44800239e+02   2.97545549e-03
   3.44800727e+02   3.58204893e-03
   3.44801216e+02   2.75060348e-03
   3.44801704e+02   2.92110443e-03
   3.44802192e+02   1.66041148e-03
   3.44802680e+02   7.23608187e-04
   3.44803169e+02  -2.79924250e-04
   3.44803657e+02  -2.13248190e-04
   3.44804145e+02   1.82158110e-04
   3.44804634e+02  -1.12811736e-04
   3.44805122e+02   1.88165845e-03
   3.44805610e+02   3.12110130e-03
   3.44806099e+02   1.54522329e-03
   3.44806587e+02  -1.28856418e-05
   3.44807075e+02  -8.57933133e-04
   3.44807564e+02  -1.68468873e-03
   3.44808052e+02  -1.45138265e-03
   3.44808540e+02  -1.20630627e-03
   3.44809028e+02  -1.53856585e-03
   3.44809517e+02  -2.62157572e-03
   3.44810005e+02  -2.53935694e-03
   3.44810493e+02   3.18396662e-04
   3.44810982e+02   1.01578911e-03
   3.44811470e+02   2.89982854e-04
   3.44811958e+02   7.36306480e-04
   3.44812447e+02   7.63099582e-04
   3.44812935e+02  -5.28016069e-04
   3.44813423e+02  -1.17200892e-03
   3.44813912e+02  -7.76391709e-04
   3.44814400e+02   1.00975460e-03
   3.44814888e+02   1.57675170e-03
   3.44815377e+02  -6.73492090e-04
   3.44815865e+02  -2.43601552e-03
   3.44816353e+02  -3.15473508e-03
   3.44816841e+02  -1.08436169e-03
   3.44817330e+02   2.04723235e-03
   3.44817818e+02   1.51249813e-03
   3.44818306e+02  -1.16235821e-03
   3.44818795e+02  -2.92839971e-03
   3.44819283e+02  -1.92787475e-03
   3.44819771e+02  -2.81292916e-04
   3.44820260e+02   6.77386939e-04
   3.44820748e+02   1.30625057e-03
   3.44821236e+02  -1.46562292e-04
   3.44821725e+02  -1.72529230e-03
   3.44822213e+02  -5.52811369e-04
   3.44822701e+02   1.95197284e-03
   3.44823189e+02   2.46119453e-03
   3.44823678e+02   2.16271589e-03
   3.44824166e+02   1.75176037e-03
   3.44824654e+02  -8.36817781e-04
   3.44825143e+02  -9.93009773e-04
   3.44825631e+02   1.54034526e-03
   3.44826119e+02   2.63492111e-03
   3.44826608e+02   1.34271814e-03
   3.44827096e+02  -7.46726946e-05
   3.44827584e+02   8.53047532e-04
   3.44828073e+02   1.20553980e-03
   3.44828561e+02  -9.68489447e-04
   3.44829049e+02  -1.96526432e-03
   3.44829537e+02  -3.31427739e-03
   3.44830026e+02  -5.16334968e-03
   3.44830514e+02  -2.78408639e-03
   3.44831002e+02   2.32857492e-04
   3.44831491e+02  -2.98271945e-04
   3.44831979e+02  -8.22109345e-04
   3.44832467e+02   6.80961413e-04
   3.44832956e+02   1.89617497e-03
   3.44833444e+02   3.07781342e-03
