frequency (GHz), flux (Jy/beam)
   3.43899310e+02  -2.15384224e-03
   3.43899798e+02  -1.70334952e-03
   3.43900286e+02  -1.17214466e-03
   3.43900774e+02  -1.60392863e-03
   3.43901263e+02   7.09075655e-04
   3.43901751e+02   1.80860271e-03
   3.43902239e+02   3.35770892e-04
   3.43902728e+02  -7.31713953e-05
   3.43903216e+02  -4.00285120e-04
   3.43903704e+02   4.06192703e-04
   3.43904193e+02  -4.95115528e-04
   3.43904681e+02  -1.21192448e-03
   3.43905169e+02  -9.04528948e-04
   3.43905658e+02  -4.23835684e-03
   3.43906146e+02  -6.82302564e-03
   3.43906634e+02  -4.70211962e-03
   3.43907122e+02  -2.78007216e-03
   3.43907611e+02  -2.90575973e-03
   3.43908099e+02  -3.35373566e-03
   3.43908587e+02  -3.28654028e-03
   3.43909076e+02  -1.03233743e-03
   3.43909564e+02   1.68376288e-03
   3.43910052e+02   3.10079497e-03
   3.43910541e+02   4.87043010e-03
   3.43911029e+02   5.16654272e-03
   3.43911517e+02   3.01860902e-03
   3.43912006e+02   2.02718913e-03
   3.43912494e+02   5.05868066e-03
   3.43912982e+02   5.20507246e-03
   3.43913470e+02   1.52720662e-03
   3.43913959e+02   1.84399891e-04
   3.43914447e+02   3.32822565e-05
   3.43914935e+02   9.33480842e-05
   3.43915424e+02   7.72448664e-04
   3.43915912e+02  -1.62571669e-04
   3.43916400e+02  -1.88289629e-03
   3.43916889e+02  -1.65627210e-03
   3.43917377e+02   1.06739847e-03
   3.43917865e+02   1.55751256e-03
   3.43918354e+02  -1.46856473e-03
   3.43918842e+02  -1.73615420e-03
   3.43919330e+02  -4.34026355e-04
   3.43919818e+02  -3.24289897e-04
   3.43920307e+02   8.78127525e-04
   3.43920795e+02   1.97658362e-03
   3.43921283e+02   2.11357418e-03
   3.43921772e+02   1.01919158e-03
   3.43922260e+02   3.07735492e-04
   3.43922748e+02  -1.85785044e-04
   3.43923237e+02   6.46940083e-04
   3.43923725e+02   3.35567561e-03
   3.43924213e+02   2.10054195e-03
   3.43924702e+02  -1.89253056e-04
   3.43925190e+02   1.93035070e-04
   3.43925678e+02   7.06587627e-04
   3.43926166e+02   1.15622161e-03
   3.43926655e+02   3.30730458e-03
   3.43927143e+02   4.13495349e-03
   3.43927631e+02  -4.89299011e-04
   3.43928120e+02  -4.54579061e-03
   3.43928608e+02  -3.88891273e-03
   3.43929096e+02  -2.35738233e-03
   3.43929585e+02  -4.98243608e-05
   3.43930073e+02   1.28812331e-03
   3.43930561e+02  -8.70884687e-04
   3.43931050e+02  -2.95819482e-03
   3.43931538e+02  -1.88157917e-03
   3.43932026e+02   9.08234972e-04
   3.43932514e+02   1.52863527e-03
   3.43933003e+02   2.91296397e-04
   3.43933491e+02  -4.70541672e-05
   3.43933979e+02  -1.89891362e-04
   3.43934468e+02   1.11198565e-03
   3.43934956e+02   3.37668299e-03
   3.43935444e+02   3.71309719e-03
   3.43935933e+02   2.31941324e-03
   3.43936421e+02   7.34333822e-04
   3.43936909e+02   8.02551745e-04
   3.43937398e+02   9.33481671e-04
   3.43937886e+02  -8.95911828e-04
   3.43938374e+02  -1.81576563e-03
   3.43938863e+02   9.21645551e-04
   3.43939351e+02   2.10865983e-03
   3.43939839e+02   3.96299933e-04
   3.43940327e+02  -3.49963884e-05
   3.43940816e+02   4.70819796e-04
   3.43941304e+02   1.24423287e-03
   3.43941792e+02   2.70801713e-03
   3.43942281e+02   7.30864587e-04
   3.43942769e+02  -1.95083849e-03
   3.43943257e+02  -2.21825996e-03
   3.43943746e+02  -1.61888660e-03
   3.43944234e+02  -5.15973021e-04
   3.43944722e+02  -7.07076630e-04
   3.43945211e+02  -2.15578428e-03
   3.43945699e+02   4.15422284e-04
   3.43946187e+02   2.57684616e-03
   3.43946675e+02   4.27399413e-04
   3.43947164e+02  -4.62813186e-04
   3.43947652e+02   7.12780806e-04
   3.43948140e+02   2.82055489e-03
   3.43948629e+02   3.45058134e-03
   3.43949117e+02   2.59477575e-03
   3.43949605e+02   1.02602737e-03
   3.43950094e+02  -1.32363779e-03
   3.43950582e+02  -2.25701882e-03
   3.43951070e+02  -1.34758907e-03
   3.43951559e+02   1.40349823e-03
   3.43952047e+02   4.40669246e-03
   3.43952535e+02   2.25679949e-03
   3.43953023e+02  -2.93488824e-03
   3.43953512e+02  -3.05781700e-03
   3.43954000e+02  -5.05785923e-04
   3.43954488e+02   1.53223309e-03
   3.43954977e+02   1.96622871e-03
   3.43955465e+02   1.15449038e-04
   3.43955953e+02   1.57376242e-04
   3.43956442e+02   2.34785862e-03
   3.43956930e+02   3.87258502e-03
   3.43957418e+02   3.58233158e-03
   3.43957907e+02   2.19630310e-03
   3.43958395e+02   1.81679975e-03
   3.43958883e+02   2.44558090e-03
   3.43959371e+02   2.76115281e-03
   3.43959860e+02   2.38342909e-03
   3.43960348e+02   3.58479028e-03
   3.43960836e+02   3.07435752e-03
   3.43961325e+02  -6.32450974e-04
   3.43961813e+02  -7.82690942e-04
   3.43962301e+02   6.00425061e-04
   3.43962790e+02  -7.61770061e-04
   3.43963278e+02  -2.32081860e-03
   3.43963766e+02  -2.16837064e-03
   3.43964255e+02  -2.54186423e-04
   3.43964743e+02   6.07414404e-04
   3.43965231e+02  -1.39507966e-03
   3.43965719e+02  -1.50439842e-03
   3.43966208e+02   7.85164593e-04
   3.43966696e+02   1.41654501e-03
   3.43967184e+02   1.05998630e-03
   3.43967673e+02   8.27169395e-04
   3.43968161e+02  -1.52624771e-03
   3.43968649e+02  -3.94246494e-03
   3.43969138e+02  -2.63965596e-03
   3.43969626e+02  -1.28674714e-04
   3.43970114e+02   1.11287588e-03
   3.43970603e+02   2.85152812e-04
   3.43971091e+02  -2.43734743e-04
   3.43971579e+02  -4.92727522e-05
   3.43972067e+02  -1.47638307e-03
   3.43972556e+02  -2.00801482e-03
   3.43973044e+02  -2.94882426e-04
   3.43973532e+02   2.13986612e-03
   3.43974021e+02   3.25846137e-03
   3.43974509e+02   2.56645354e-03
   3.43974997e+02   1.13138778e-03
   3.43975486e+02  -5.22176153e-04
   3.43975974e+02   9.23622574e-05
   3.43976462e+02   1.63148681e-03
   3.43976951e+02   1.33321190e-03
   3.43977439e+02   1.15595746e-03
   3.43977927e+02  -2.69246957e-04
   3.43978416e+02  -2.70204688e-03
   3.43978904e+02  -2.25045672e-03
   3.43979392e+02  -1.01916119e-03
   3.43979880e+02  -5.00716153e-04
   3.43980369e+02  -3.65759246e-04
   3.43980857e+02   6.20277497e-05
   3.43981345e+02   1.35549193e-03
   3.43981834e+02   2.65398179e-04
   3.43982322e+02  -1.59733009e-03
   3.43982810e+02  -1.73195906e-03
   3.43983299e+02  -2.08949111e-03
   3.43983787e+02  -1.90634688e-03
   3.43984275e+02  -7.91130471e-04
   3.43984764e+02  -1.66608207e-03
   3.43985252e+02  -2.84004002e-03
   3.43985740e+02  -3.20133637e-03
   3.43986228e+02  -3.56767373e-03
   3.43986717e+02  -3.67302168e-03
   3.43987205e+02  -3.23523185e-03
   3.43987693e+02  -2.88359099e-03
   3.43988182e+02  -3.23941628e-03
   3.43988670e+02  -2.87006190e-03
   3.43989158e+02  -1.06011156e-03
   3.43989647e+02  -7.85032753e-04
   3.43990135e+02  -1.19871297e-03
   3.43990623e+02  -1.09930284e-06
   3.43991112e+02   4.27690858e-04
   3.43991600e+02  -6.87541906e-04
   3.43992088e+02  -8.41127476e-04
   3.43992576e+02   6.95356051e-04
   3.43993065e+02   7.17527117e-04
   3.43993553e+02  -4.30823799e-04
   3.43994041e+02   1.05997687e-03
   3.43994530e+02   2.62874085e-03
   3.43995018e+02   1.02212292e-03
   3.43995506e+02   9.71044821e-04
   3.43995995e+02   2.86200014e-03
   3.43996483e+02   8.29716446e-04
   3.43996971e+02  -2.60923896e-03
   3.43997460e+02  -1.72720745e-03
   3.43997948e+02   1.27557560e-03
   3.43998436e+02   2.33082497e-03
   3.43998924e+02   1.19649351e-03
   3.43999413e+02  -7.25151156e-04
   3.43999901e+02  -4.05643696e-05
   3.44000389e+02   8.46795214e-04
   3.44000878e+02   1.19852077e-04
   3.44001366e+02   1.72430451e-03
   3.44001854e+02   2.32854183e-03
   3.44002343e+02   1.00209820e-03
   3.44002831e+02   1.46869814e-03
   3.44003319e+02   2.72514205e-03
   3.44003808e+02   1.61556399e-03
   3.44004296e+02   4.87510784e-04
   3.44004784e+02   2.73353944e-04
   3.44005272e+02   1.87057696e-04
   3.44005761e+02   1.20584108e-03
   3.44006249e+02   8.12310434e-04
   3.44006737e+02  -1.03590568e-03
   3.44007226e+02  -1.83924264e-03
   3.44007714e+02  -1.84907776e-03
   3.44008202e+02  -7.31469830e-04
   3.44008691e+02   1.47816562e-03
   3.44009179e+02   9.63137252e-04
   3.44009667e+02  -2.55753798e-03
   3.44010156e+02  -4.36131563e-03
   3.44010644e+02  -2.42133508e-03
   3.44011132e+02   7.53027853e-04
   3.44011620e+02   9.84903309e-04
   3.44012109e+02   4.97679051e-04
   3.44012597e+02   1.55011588e-03
   3.44013085e+02   8.51985649e-04
   3.44013574e+02   1.09271612e-03
   3.44014062e+02   4.83424356e-03
   3.44014550e+02   4.63205529e-03
   3.44015039e+02  -9.32721596e-04
   3.44015527e+02  -2.49692961e-03
   3.44016015e+02  -1.39939506e-03
   3.44016504e+02  -4.65373050e-05
   3.44016992e+02   2.73605954e-04
   3.44017480e+02  -2.69094482e-03
   3.44017969e+02  -3.32840276e-03
   3.44018457e+02   1.57783087e-03
   3.44018945e+02   5.70151629e-03
   3.44019433e+02   4.89254016e-03
   3.44019922e+02   3.17665888e-03
   3.44020410e+02   3.11710988e-03
   3.44020898e+02   2.64127296e-03
   3.44021387e+02   1.48522609e-03
   3.44021875e+02   5.78424893e-04
   3.44022363e+02  -2.22263741e-03
   3.44022852e+02  -5.83540741e-03
   3.44023340e+02  -5.20094251e-03
   3.44023828e+02  -2.27384502e-03
   3.44024317e+02  -1.70355954e-03
   3.44024805e+02  -1.63101312e-03
   3.44025293e+02  -8.32166290e-04
   3.44025781e+02  -1.34346948e-03
   3.44026270e+02  -1.98425609e-04
   3.44026758e+02   2.41328008e-03
   3.44027246e+02   2.80071027e-03
   3.44027735e+02   1.75327575e-03
   3.44028223e+02   7.34627829e-05
   3.44028711e+02  -1.13253144e-03
   3.44029200e+02  -6.99854456e-04
   3.44029688e+02   5.19293419e-04
   3.44030176e+02   6.87373627e-04
   3.44030665e+02  -8.31796115e-06
   3.44031153e+02  -8.79594649e-04
   3.44031641e+02  -1.77684985e-03
   3.44032129e+02  -5.87220347e-05
   3.44032618e+02   1.77652074e-03
   3.44033106e+02  -7.87802855e-04
   3.44033594e+02  -4.50639520e-03
   3.44034083e+02  -4.34084330e-03
   3.44034571e+02  -4.01021767e-04
   3.44035059e+02   2.67713354e-03
   3.44035548e+02   2.91810953e-03
   3.44036036e+02   2.50550616e-03
   3.44036524e+02   1.78849371e-03
   3.44037013e+02   7.40913616e-04
   3.44037501e+02  -7.69215345e-04
   3.44037989e+02  -1.74773764e-03
   3.44038477e+02  -1.28863787e-03
   3.44038966e+02  -2.56227679e-03
   3.44039454e+02  -3.43541917e-03
   3.44039942e+02  -2.76719593e-03
   3.44040431e+02  -9.58312419e-04
   3.44040919e+02  -5.67052048e-04
   3.44041407e+02  -2.11884291e-03
   3.44041896e+02  -7.98856199e-04
   3.44042384e+02   3.10308795e-04
   3.44042872e+02  -1.44543068e-03
   3.44043361e+02  -1.73565035e-03
   3.44043849e+02  -5.43848379e-04
   3.44044337e+02   9.57074692e-04
   3.44044825e+02   1.72401348e-03
   3.44045314e+02  -4.60630035e-05
   3.44045802e+02  -2.37817247e-03
   3.44046290e+02  -9.30874899e-04
   3.44046779e+02   1.29230646e-03
   3.44047267e+02   1.63386005e-03
   3.44047755e+02   1.57518068e-03
   3.44048244e+02   8.52430880e-04
   3.44048732e+02   7.61361211e-04
   3.44049220e+02   1.80010358e-03
   3.44049709e+02   1.07555720e-03
   3.44050197e+02  -1.10036263e-03
   3.44050685e+02  -1.16884545e-03
   3.44051173e+02  -6.61180704e-04
   3.44051662e+02  -4.84472315e-04
   3.44052150e+02   1.03531918e-03
   3.44052638e+02   1.26716378e-03
   3.44053127e+02  -1.21527433e-03
   3.44053615e+02  -3.29938135e-03
   3.44054103e+02  -1.66657160e-03
   3.44054592e+02   1.82621367e-03
   3.44055080e+02   2.43825652e-03
   3.44055568e+02   2.50384503e-04
   3.44056057e+02  -1.30610727e-03
   3.44056545e+02  -1.09365326e-03
   3.44057033e+02  -1.27545407e-03
   3.44057522e+02  -2.87925615e-03
   3.44058010e+02  -1.47863221e-03
   3.44058498e+02   1.10995839e-03
   3.44058986e+02   1.71421416e-04
   3.44059475e+02  -3.94667906e-04
   3.44059963e+02   3.19231796e-04
   3.44060451e+02   7.15967763e-05
   3.44060940e+02  -6.67422210e-05
   3.44061428e+02   1.94835186e-04
   3.44061916e+02  -2.57670672e-05
   3.44062405e+02  -1.19785569e-03
   3.44062893e+02  -4.62811295e-04
   3.44063381e+02   2.49328068e-03
   3.44063870e+02   3.14102881e-03
   3.44064358e+02   1.11336377e-03
   3.44064846e+02  -5.72183693e-04
   3.44065334e+02  -2.03723134e-03
   3.44065823e+02  -1.61291508e-03
   3.44066311e+02   1.32220302e-04
   3.44066799e+02   4.18730953e-04
   3.44067288e+02  -1.03798862e-04
   3.44067776e+02  -5.50760189e-04
   3.44068264e+02  -1.82596536e-03
   3.44068753e+02  -1.67399307e-03
   3.44069241e+02   1.04943923e-04
   3.44069729e+02   1.39273106e-04
   3.44070218e+02  -1.30048802e-03
   3.44070706e+02  -1.76492077e-03
   3.44071194e+02  -4.35477501e-04
   3.44071682e+02   9.99228097e-04
   3.44072171e+02   3.06833681e-04
   3.44072659e+02  -6.79524674e-04
   3.44073147e+02   3.23057931e-04
   3.44073636e+02   3.87820124e-04
   3.44074124e+02   8.44292226e-04
   3.44074612e+02   1.91339501e-03
   3.44075101e+02   3.09066428e-03
   3.44075589e+02   1.29586773e-03
   3.44076077e+02  -1.40653539e-03
   3.44076566e+02  -5.91117132e-04
   3.44077054e+02   1.25357765e-04
   3.44077542e+02   1.16761751e-03
   3.44078030e+02   3.07367975e-03
   3.44078519e+02   8.14015977e-04
   3.44079007e+02  -1.74572074e-03
   3.44079495e+02  -1.46257714e-03
   3.44079984e+02  -2.58308696e-03
   3.44080472e+02  -1.93755515e-03
   3.44080960e+02   1.31013966e-03
   3.44081449e+02   2.69094319e-03
   3.44081937e+02   1.84709381e-03
   3.44082425e+02   2.63451162e-04
   3.44082914e+02  -1.30796060e-03
   3.44083402e+02  -1.34929735e-03
   3.44083890e+02  -5.56126251e-05
   3.44084378e+02   2.06398079e-03
   3.44084867e+02   3.23181716e-03
   3.44085355e+02   1.77170231e-03
   3.44085843e+02   4.45867727e-07
   3.44086332e+02   4.49957442e-04
   3.44086820e+02   1.06313999e-03
   3.44087308e+02   1.69571329e-04
   3.44087797e+02  -1.38133729e-03
   3.44088285e+02  -2.09544832e-03
   3.44088773e+02  -1.36994626e-04
   3.44089262e+02   2.97157490e-03
   3.44089750e+02   3.54897976e-03
   3.44090238e+02   1.10597454e-03
   3.44090726e+02   1.19960227e-03
   3.44091215e+02   2.27480964e-03
   3.44091703e+02   1.03863038e-03
   3.44092191e+02   1.27791928e-03
   3.44092680e+02   2.41882168e-03
   3.44093168e+02   1.38133671e-03
   3.44093656e+02   8.08544573e-04
   3.44094145e+02   1.11089088e-03
   3.44094633e+02  -2.44400377e-04
   3.44095121e+02  -1.12395186e-03
   3.44095610e+02  -6.98665332e-04
   3.44096098e+02  -1.96832581e-04
   3.44096586e+02  -1.29594142e-03
   3.44097075e+02  -2.22490635e-03
   3.44097563e+02  -1.00093754e-03
   3.44098051e+02   1.39110081e-04
   3.44098539e+02   2.78926086e-06
   3.44099028e+02   4.07020067e-04
   3.44099516e+02   1.40506250e-03
   3.44100004e+02  -1.35899187e-04
   3.44100493e+02  -2.53221649e-03
   3.44100981e+02  -1.84188038e-03
   3.44101469e+02   5.30442165e-04
   3.44101958e+02   2.00147997e-03
   3.44102446e+02   9.70063615e-04
   3.44102934e+02  -8.64541158e-04
   3.44103423e+02  -1.17932353e-03
   3.44103911e+02  -7.21880991e-04
   3.44104399e+02   6.48871472e-04
   3.44104887e+02   1.88577606e-03
   3.44105376e+02  -5.13522304e-04
   3.44105864e+02  -2.99330638e-03
   3.44106352e+02  -3.37879662e-03
   3.44106841e+02  -4.30979440e-03
   3.44107329e+02  -6.32068375e-03
   3.44107817e+02  -5.08434046e-03
   3.44108306e+02  -3.31410469e-04
   3.44108794e+02   1.79567887e-03
   3.44109282e+02   1.53171760e-03
   3.44109771e+02   1.62817584e-03
   3.44110259e+02   8.71240802e-04
   3.44110747e+02  -1.69359497e-03
   3.44111235e+02  -1.83634355e-03
   3.44111724e+02  -3.20308522e-04
   3.44112212e+02  -1.19452213e-03
   3.44112700e+02  -1.78949093e-03
   3.44113189e+02  -2.85581191e-04
   3.44113677e+02  -1.37201918e-04
   3.44114165e+02  -2.43478059e-03
   3.44114654e+02  -6.87378051e-04
   3.44115142e+02   1.81330275e-03
   3.44115630e+02  -7.34616711e-04
   3.44116119e+02  -2.83886120e-03
   3.44116607e+02  -2.08484242e-03
   3.44117095e+02   9.56523349e-04
   3.44117583e+02   2.92267487e-03
   3.44118072e+02   1.85592973e-03
   3.44118560e+02   5.12718281e-04
   3.44119048e+02  -1.61188102e-04
   3.44119537e+02   1.75573712e-03
   3.44120025e+02   1.59141549e-03
   3.44120513e+02  -1.39815069e-03
   3.44121002e+02  -1.75989850e-03
   3.44121490e+02  -1.36648025e-03
   3.44121978e+02  -1.69240485e-03
   3.44122467e+02  -9.04103334e-04
   3.44122955e+02  -3.53480398e-04
   3.44123443e+02  -6.47455454e-04
   3.44123931e+02  -1.41515140e-03
   3.44124420e+02  -3.13572516e-03
   3.44124908e+02  -4.33727959e-03
   3.44125396e+02  -3.18592996e-03
   3.44125885e+02  -2.46772566e-03
   3.44126373e+02  -3.49622499e-03
   3.44126861e+02  -1.99622475e-03
   3.44127350e+02   6.53062074e-04
   3.44127838e+02   8.25580326e-04
   3.44128326e+02  -3.71996430e-05
   3.44128815e+02  -1.80413097e-03
   3.44129303e+02  -2.74385302e-03
   3.44129791e+02   2.86725553e-04
   3.44130279e+02   2.92572146e-03
   3.44130768e+02   1.15146430e-03
   3.44131256e+02  -1.00414921e-03
   3.44131744e+02  -2.09150161e-03
   3.44132233e+02  -1.61571067e-03
   3.44132721e+02  -6.01355161e-04
   3.44133209e+02   1.97150605e-03
   3.44133698e+02   4.39477153e-03
   3.44134186e+02   2.82139285e-03
   3.44134674e+02   5.91515331e-04
   3.44135163e+02  -6.02100685e-04
   3.44135651e+02  -2.02611834e-03
   3.44136139e+02  -1.88694836e-03
   3.44136628e+02  -2.29953183e-03
   3.44137116e+02  -2.16556014e-03
   3.44137604e+02  -2.82899884e-04
   3.44138092e+02   5.19719266e-04
   3.44138581e+02   1.12671906e-03
   3.44139069e+02   2.85543595e-03
   3.44139557e+02   4.29523503e-03
   3.44140046e+02   4.36018268e-03
   3.44140534e+02   2.82394444e-03
   3.44141022e+02   2.16580206e-03
   3.44141511e+02   3.84051469e-03
   3.44141999e+02   3.81151494e-03
   3.44142487e+02  -8.24386734e-05
   3.44142976e+02  -1.04323204e-03
   3.44143464e+02   6.04897563e-04
   3.44143952e+02   3.91323381e-04
   3.44144440e+02   5.67441864e-04
   3.44144929e+02  -1.31817057e-03
   3.44145417e+02  -5.04386844e-03
   3.44145905e+02  -5.01453457e-03
   3.44146394e+02  -3.21858609e-03
   3.44146882e+02  -2.18415330e-03
   3.44147370e+02  -1.04003516e-03
   3.44147859e+02  -9.84984916e-04
   3.44148347e+02  -9.54736897e-04
   3.44148835e+02   6.48334331e-04
   3.44149324e+02  -4.71486797e-04
   3.44149812e+02  -1.74888643e-03
   3.44150300e+02   3.76378826e-04
   3.44150788e+02   1.34485646e-03
   3.44151277e+02  -1.82039439e-04
   3.44151765e+02  -1.28900586e-03
   3.44152253e+02  -3.13581957e-04
   3.44152742e+02  -1.18484413e-05
   3.44153230e+02  -3.49619600e-04
   3.44153718e+02   1.53473031e-03
   3.44154207e+02   2.86239875e-03
   3.44154695e+02   2.10877927e-03
   3.44155183e+02   9.92085086e-04
   3.44155672e+02   9.49224806e-04
   3.44156160e+02   1.85243937e-03
   3.44156648e+02   4.26861504e-03
   3.44157136e+02   4.81340336e-03
   3.44157625e+02   1.99665618e-03
   3.44158113e+02  -2.42494454e-04
   3.44158601e+02  -1.12703466e-03
   3.44159090e+02  -2.87327124e-03
   3.44159578e+02  -3.94631131e-03
   3.44160066e+02  -1.91992067e-03
   3.44160555e+02   2.92672863e-04
   3.44161043e+02   4.24233149e-05
   3.44161531e+02   3.69999441e-04
   3.44162020e+02   2.68145115e-03
   3.44162508e+02   2.51700729e-03
   3.44162996e+02  -5.82730863e-04
   3.44163484e+02  -2.14737514e-03
   3.44163973e+02  -1.11044839e-03
   3.44164461e+02   1.19469757e-03
   3.44164949e+02   2.62284128e-04
   3.44165438e+02  -2.08929065e-03
   3.44165926e+02  -2.00953125e-03
   3.44166414e+02  -1.98691455e-03
   3.44166903e+02  -6.76060381e-07
   3.44167391e+02   2.81372829e-03
   3.44167879e+02   1.07572856e-03
   3.44168368e+02  -1.62146182e-03
   3.44168856e+02  -1.89056864e-03
   3.44169344e+02  -3.15889646e-03
   3.44169832e+02  -4.43050405e-03
   3.44170321e+02  -1.68986910e-03
   3.44170809e+02   2.30703183e-04
   3.44171297e+02  -4.72953339e-04
   3.44171786e+02  -5.43446513e-04
   3.44172274e+02  -2.92457378e-04
   3.44172762e+02   1.72913176e-04
   3.44173251e+02   6.51019101e-04
   3.44173739e+02  -3.61249666e-04
   3.44174227e+02  -2.62489193e-03
   3.44174716e+02  -3.08318762e-03
   3.44175204e+02  -3.47764289e-05
   3.44175692e+02   2.26886617e-03
   3.44176181e+02   1.24385674e-03
   3.44176669e+02   4.65476274e-04
   3.44177157e+02   1.61862827e-03
   3.44177645e+02   1.04768155e-03
   3.44178134e+02   4.92482912e-04
   3.44178622e+02   7.96787033e-04
   3.44179110e+02   1.51269021e-03
   3.44179599e+02   2.62360671e-03
   3.44180087e+02   2.13161157e-03
   3.44180575e+02   1.89236726e-03
   3.44181064e+02   3.79014877e-03
   3.44181552e+02   2.47623632e-03
   3.44182040e+02  -7.88554025e-05
   3.44182529e+02   2.42966856e-03
   3.44183017e+02   5.22518251e-03
   3.44183505e+02   3.92848253e-03
   3.44183993e+02   2.88201589e-03
   3.44184482e+02   3.38646187e-03
   3.44184970e+02   3.64996563e-03
   3.44185458e+02   4.08417126e-03
   3.44185947e+02   3.55272368e-03
   3.44186435e+02   2.23243173e-04
   3.44186923e+02  -1.58331369e-03
   3.44187412e+02   4.10745502e-04
   3.44187900e+02   1.59460097e-03
   3.44188388e+02   2.10626022e-04
   3.44188877e+02  -6.17717567e-04
   3.44189365e+02  -2.25063068e-05
   3.44189853e+02   1.68550131e-03
   3.44190341e+02  -1.17732416e-04
   3.44190830e+02  -1.55586773e-03
   3.44191318e+02  -7.63680902e-04
   3.44191806e+02   1.89835078e-03
   3.44192295e+02   2.91670905e-03
   3.44192783e+02   3.34168319e-03
   3.44193271e+02   2.68888450e-03
   3.44193760e+02   2.27096025e-03
   3.44194248e+02   1.41339446e-03
   3.44194736e+02  -1.86397764e-03
   3.44195225e+02  -3.30543565e-03
   3.44195713e+02  -2.75789737e-03
   3.44196201e+02  -1.43044081e-03
   3.44196689e+02  -9.32806055e-04
   3.44197178e+02  -1.64254371e-03
   3.44197666e+02  -4.36233589e-04
   3.44198154e+02   1.22587173e-03
   3.44198643e+02   1.70937681e-03
   3.44199131e+02   3.01029114e-03
   3.44199619e+02   2.31372775e-03
   3.44200108e+02   3.82192753e-04
   3.44200596e+02   1.47115020e-03
   3.44201084e+02   1.24575791e-03
   3.44201573e+02  -6.79936376e-04
   3.44202061e+02  -8.35444836e-04
   3.44202549e+02   1.37376448e-03
   3.44203037e+02   4.05013887e-03
   3.44203526e+02   3.63367470e-03
   3.44204014e+02   1.36696966e-03
   3.44204502e+02  -7.36440532e-04
   3.44204991e+02  -1.61917566e-03
   3.44205479e+02  -1.75348425e-03
   3.44205967e+02  -2.39434256e-03
   3.44206456e+02  -4.75719251e-04
   3.44206944e+02   9.15342011e-04
   3.44207432e+02  -1.47720799e-04
   3.44207921e+02  -4.09853266e-04
   3.44208409e+02  -1.16490468e-03
   3.44208897e+02  -3.15707223e-03
   3.44209385e+02  -3.75909428e-03
   3.44209874e+02  -3.30907735e-03
   3.44210362e+02  -1.49335642e-03
   3.44210850e+02  -1.06259424e-04
   3.44211339e+02  -3.50828748e-04
   3.44211827e+02   1.08955521e-03
   3.44212315e+02   2.12328741e-03
   3.44212804e+02   2.13013287e-03
   3.44213292e+02   1.39257149e-03
   3.44213780e+02  -8.66475166e-04
   3.44214269e+02  -3.79304914e-03
   3.44214757e+02  -4.56787972e-03
   3.44215245e+02  -7.63223507e-04
   3.44215734e+02   1.33461459e-03
   3.44216222e+02  -5.42168447e-04
   3.44216710e+02  -9.31541668e-04
   3.44217198e+02  -1.63318752e-03
   3.44217687e+02  -2.78899772e-03
   3.44218175e+02  -1.92300684e-03
   3.44218663e+02  -2.15520820e-04
   3.44219152e+02  -2.83086672e-04
   3.44219640e+02  -7.79550697e-04
   3.44220128e+02   1.62159069e-03
   3.44220617e+02   1.88495184e-03
   3.44221105e+02   9.56687494e-04
   3.44221593e+02   4.81098832e-04
   3.44222082e+02  -1.92149554e-03
   3.44222570e+02  -2.31241202e-03
   3.44223058e+02   3.80718920e-05
   3.44223546e+02   1.17228995e-03
   3.44224035e+02   6.42450817e-04
   3.44224523e+02  -7.59318122e-04
   3.44225011e+02  -7.89386628e-04
   3.44225500e+02  -5.66003320e-04
   3.44225988e+02  -6.94085611e-04
   3.44226476e+02   1.32678857e-03
   3.44226965e+02   2.36052508e-03
   3.44227453e+02   6.07079361e-04
   3.44227941e+02  -4.32939676e-04
   3.44228430e+02  -2.33470419e-05
   3.44228918e+02  -6.73049479e-04
   3.44229406e+02  -2.63166637e-03
   3.44229894e+02  -2.59980606e-03
   3.44230383e+02  -1.52642152e-03
   3.44230871e+02  -1.71979459e-03
   3.44231359e+02  -6.36073120e-04
   3.44231848e+02   3.24139750e-04
   3.44232336e+02  -4.05160099e-04
   3.44232824e+02  -1.83108740e-03
   3.44233313e+02  -1.53334148e-03
   3.44233801e+02   3.22639011e-04
   3.44234289e+02   1.22724357e-03
   3.44234778e+02   1.74944534e-03
   3.44235266e+02   2.41866778e-03
   3.44235754e+02   1.30257488e-03
   3.44236242e+02  -6.49131369e-04
   3.44236731e+02  -1.73344451e-04
   3.44237219e+02   2.43515149e-03
   3.44237707e+02   3.45837395e-03
   3.44238196e+02   3.32303881e-03
   3.44238684e+02   2.78763589e-03
   3.44239172e+02   6.77959295e-04
   3.44239661e+02  -2.14961078e-03
   3.44240149e+02  -2.72741565e-03
   3.44240637e+02  -1.80550374e-03
   3.44241126e+02  -3.87217005e-04
   3.44241614e+02   4.50155756e-04
   3.44242102e+02  -1.89173341e-04
   3.44242590e+02  -3.19034189e-05
   3.44243079e+02   1.37164723e-03
   3.44243567e+02   1.92290219e-03
   3.44244055e+02   1.49845704e-03
   3.44244544e+02   9.61131882e-04
   3.44245032e+02   5.03717514e-04
   3.44245520e+02   6.00621919e-04
   3.44246009e+02   1.26118271e-03
   3.44246497e+02  -1.88188482e-04
   3.44246985e+02  -1.37268193e-03
   3.44247474e+02  -6.35946169e-04
   3.44247962e+02  -1.10689353e-03
   3.44248450e+02  -2.03616917e-03
   3.44248938e+02   1.79257360e-03
   3.44249427e+02   3.38900555e-03
   3.44249915e+02   2.51078908e-03
   3.44250403e+02   2.82897265e-04
   3.44250892e+02   2.56212166e-04
   3.44251380e+02   1.07561506e-03
   3.44251868e+02   1.68808945e-03
   3.44252357e+02   1.92407507e-03
   3.44252845e+02   1.20484561e-03
   3.44253333e+02   1.55247189e-03
   3.44253822e+02   8.47655640e-04
   3.44254310e+02  -4.06421459e-04
   3.44254798e+02  -4.19610587e-04
   3.44255286e+02  -7.46978389e-04
   3.44255775e+02   8.06094438e-04
   3.44256263e+02   2.67107226e-03
   3.44256751e+02   2.45791790e-03
   3.44257240e+02   1.42328662e-03
   3.44257728e+02  -7.80821254e-04
   3.44258216e+02  -2.22733314e-03
   3.44258705e+02  -7.67082092e-04
   3.44259193e+02   1.16419513e-03
   3.44259681e+02   1.38807122e-03
   3.44260170e+02   2.67648022e-04
   3.44260658e+02   6.27362169e-04
   3.44261146e+02   8.87154951e-04
   3.44261635e+02  -1.05981063e-03
   3.44262123e+02  -1.80701562e-03
   3.44262611e+02  -4.87458281e-04
   3.44263099e+02   3.64598527e-04
   3.44263588e+02   1.33930903e-03
   3.44264076e+02   4.04599181e-04
   3.44264564e+02  -1.06820324e-03
   3.44265053e+02  -1.55254878e-04
   3.44265541e+02   3.06832138e-04
   3.44266029e+02  -1.07581832e-03
   3.44266518e+02  -2.70101475e-03
   3.44267006e+02  -3.37662362e-03
   3.44267494e+02  -3.67639563e-03
   3.44267983e+02  -3.02765775e-03
   3.44268471e+02  -3.09073628e-04
   3.44268959e+02   5.48526405e-05
   3.44269447e+02  -2.50484119e-03
   3.44269936e+02  -2.83448771e-03
   3.44270424e+02  -2.25332449e-03
   3.44270912e+02  -3.39040346e-03
   3.44271401e+02  -1.54097774e-03
   3.44271889e+02   3.92964995e-03
   3.44272377e+02   5.27978269e-03
   3.44272866e+02   2.89761857e-03
   3.44273354e+02   2.74579716e-03
   3.44273842e+02   2.43773265e-03
   3.44274331e+02   2.58152955e-04
   3.44274819e+02   8.85386718e-04
   3.44275307e+02   2.52592377e-03
   3.44275795e+02   1.54030847e-03
   3.44276284e+02   2.06915406e-03
   3.44276772e+02   2.23130942e-03
   3.44277260e+02   2.28299818e-04
   3.44277749e+02   6.72867871e-04
   3.44278237e+02   2.19961093e-03
   3.44278725e+02   1.39209500e-03
   3.44279214e+02  -5.82536741e-04
   3.44279702e+02  -2.18316884e-04
   3.44280190e+02   7.60562543e-04
   3.44280679e+02   7.39132869e-04
   3.44281167e+02   1.32812012e-03
   3.44281655e+02   1.13805046e-03
   3.44282143e+02   2.60427055e-06
   3.44282632e+02   1.85954777e-04
   3.44283120e+02   2.14729714e-03
   3.44283608e+02   3.70182283e-03
   3.44284097e+02   1.82358257e-03
   3.44284585e+02   1.07738143e-03
   3.44285073e+02   2.49118591e-03
   3.44285562e+02   1.20039785e-03
   3.44286050e+02  -7.19609452e-05
   3.44286538e+02   2.50048493e-03
   3.44287027e+02   4.00446448e-03
   3.44287515e+02   2.37812661e-03
   3.44288003e+02   1.34506263e-04
   3.44288491e+02  -1.14488718e-03
   3.44288980e+02  -9.24722990e-04
   3.44289468e+02  -4.11822111e-05
   3.44289956e+02   8.00612499e-04
   3.44290445e+02   2.68256299e-05
   3.44290933e+02  -1.76476140e-03
   3.44291421e+02  -2.15536798e-03
   3.44291910e+02  -1.06598623e-03
   3.44292398e+02   6.68477500e-04
   3.44292886e+02   6.64093939e-04
   3.44293375e+02   1.15026487e-03
   3.44293863e+02   2.05442170e-03
   3.44294351e+02   9.94977192e-04
   3.44294839e+02   1.86207634e-03
   3.44295328e+02   2.76502920e-03
   3.44295816e+02   1.69530313e-03
   3.44296304e+02   8.08531418e-04
   3.44296793e+02  -2.47030490e-04
   3.44297281e+02   3.22892156e-04
   3.44297769e+02   2.49561417e-04
   3.44298258e+02  -1.14360184e-03
   3.44298746e+02  -1.27409503e-03
   3.44299234e+02  -1.15102204e-03
   3.44299723e+02   8.79145227e-05
   3.44300211e+02   1.81868812e-03
   3.44300699e+02   2.87799886e-03
   3.44301188e+02   2.48647691e-03
   3.44301676e+02   1.06479180e-04
   3.44302164e+02  -4.95306798e-04
   3.44302652e+02   7.77983689e-04
   3.44303141e+02   1.51320267e-03
   3.44303629e+02   2.29826081e-03
   3.44304117e+02   1.51975488e-03
   3.44304606e+02   1.41011807e-03
   3.44305094e+02   1.56435056e-03
   3.44305582e+02   6.63871469e-04
   3.44306071e+02   1.57769979e-03
   3.44306559e+02   2.53429287e-03
   3.44307047e+02   1.66426646e-03
   3.44307536e+02   1.65878003e-03
   3.44308024e+02  -8.84185429e-04
   3.44308512e+02  -3.44977528e-03
   3.44309000e+02  -4.34408337e-03
   3.44309489e+02  -2.25873105e-03
   3.44309977e+02  -2.72800517e-05
   3.44310465e+02  -7.80118280e-05
   3.44310954e+02   1.85640564e-03
   3.44311442e+02   4.56936937e-03
   3.44311930e+02   2.60301703e-03
   3.44312419e+02   1.43196306e-03
   3.44312907e+02   3.34064499e-03
   3.44313395e+02   2.21472373e-03
   3.44313884e+02  -1.73830354e-04
   3.44314372e+02  -1.56352518e-03
   3.44314860e+02  -1.46268110e-03
   3.44315348e+02  -1.84480436e-04
   3.44315837e+02   1.36153109e-03
   3.44316325e+02   3.06488853e-03
   3.44316813e+02   2.64058332e-03
   3.44317302e+02   8.93433811e-04
   3.44317790e+02  -1.39271200e-04
   3.44318278e+02  -2.81845918e-04
   3.44318767e+02  -4.93093918e-04
   3.44319255e+02  -1.47311005e-03
   3.44319743e+02  -7.83713360e-04
   3.44320232e+02  -3.56195902e-04
   3.44320720e+02  -2.93811504e-03
   3.44321208e+02  -4.07121656e-03
   3.44321696e+02  -2.28210469e-03
   3.44322185e+02  -3.26459303e-06
   3.44322673e+02   8.83715285e-04
   3.44323161e+02  -5.33303100e-05
   3.44323650e+02  -3.93122755e-05
   3.44324138e+02   4.18470649e-04
   3.44324626e+02  -1.13105914e-03
   3.44325115e+02  -1.20240264e-03
   3.44325603e+02  -1.05159567e-03
   3.44326091e+02  -1.75606273e-03
   3.44326580e+02  -3.47098510e-04
   3.44327068e+02   1.04551634e-03
   3.44327556e+02  -9.61490383e-04
   3.44328044e+02  -3.00114998e-03
   3.44328533e+02  -1.76179316e-03
   3.44329021e+02  -4.70763305e-04
   3.44329509e+02   1.29924703e-03
   3.44329998e+02   7.12391047e-04
   3.44330486e+02  -1.50387967e-03
   3.44330974e+02  -1.96209131e-03
   3.44331463e+02  -5.55550854e-04
   3.44331951e+02   3.07177682e-03
   3.44332439e+02   4.00827685e-03
   3.44332928e+02   5.17436245e-04
   3.44333416e+02  -1.54993101e-03
   3.44333904e+02   2.06930199e-04
   3.44334392e+02   1.01920217e-03
   3.44334881e+02  -9.78272059e-04
   3.44335369e+02  -1.36415754e-03
   3.44335857e+02  -1.47510043e-04
   3.44336346e+02  -2.57281965e-04
   3.44336834e+02  -1.42463786e-03
   3.44337322e+02  -2.22036790e-04
   3.44337811e+02   2.10067537e-03
   3.44338299e+02   1.32298516e-03
   3.44338787e+02   3.81180289e-04
   3.44339276e+02   1.48313015e-03
   3.44339764e+02   6.45843684e-04
   3.44340252e+02  -1.59309001e-03
   3.44340741e+02  -1.78406714e-03
   3.44341229e+02  -2.44276924e-03
   3.44341717e+02  -3.30280233e-03
   3.44342205e+02  -2.68090656e-03
   3.44342694e+02  -2.89661344e-03
   3.44343182e+02  -2.34516594e-03
   3.44343670e+02   1.28496427e-03
   3.44344159e+02   1.64044788e-03
   3.44344647e+02  -9.66473715e-04
   3.44345135e+02  -1.18188013e-03
   3.44345624e+02  -8.26284406e-04
   3.44346112e+02  -8.20394853e-05
   3.44346600e+02  -2.80534354e-04
   3.44347089e+02  -1.96330505e-03
   3.44347577e+02  -1.77632924e-03
   3.44348065e+02  -4.86904290e-04
   3.44348553e+02  -1.71679014e-03
   3.44349042e+02  -2.46428861e-03
   3.44349530e+02  -1.09186140e-03
   3.44350018e+02  -8.40329274e-04
   3.44350507e+02  -7.30239437e-04
   3.44350995e+02  -8.11656762e-04
   3.44351483e+02  -1.92257372e-04
   3.44351972e+02   1.07509247e-03
   3.44352460e+02   5.90845826e-04
   3.44352948e+02  -1.23183965e-03
   3.44353437e+02  -1.37901888e-03
   3.44353925e+02   9.96542280e-04
   3.44354413e+02   1.22119172e-03
   3.44354901e+02  -1.03004358e-03
   3.44355390e+02  -3.99166020e-03
   3.44355878e+02  -5.28434664e-03
   3.44356366e+02  -3.07684508e-03
   3.44356855e+02  -1.05974858e-03
   3.44357343e+02  -1.25980237e-03
   3.44357831e+02  -1.70902314e-03
   3.44358320e+02  -1.20236177e-03
   3.44358808e+02  -1.13879051e-03
   3.44359296e+02  -4.55900445e-04
   3.44359785e+02   1.79573940e-03
   3.44360273e+02   2.37389794e-03
   3.44360761e+02   2.15765831e-04
   3.44361249e+02  -1.63842575e-03
   3.44361738e+02  -9.47701454e-04
   3.44362226e+02   6.85667677e-04
   3.44362714e+02   1.24554581e-03
   3.44363203e+02   6.87893116e-05
   3.44363691e+02  -2.24114838e-03
   3.44364179e+02  -1.57268834e-03
   3.44364668e+02   2.92596128e-03
   3.44365156e+02   4.45268629e-03
   3.44365644e+02   2.19444581e-03
   3.44366133e+02   1.30973523e-04
   3.44366621e+02  -1.54887885e-03
   3.44367109e+02  -3.22757941e-03
   3.44367597e+02  -4.29938501e-03
   3.44368086e+02  -1.88215834e-03
   3.44368574e+02   3.62599938e-04
   3.44369062e+02   1.09722069e-03
   3.44369551e+02   1.16255495e-03
   3.44370039e+02   1.30698539e-03
   3.44370527e+02   1.63885113e-03
   3.44371016e+02   6.19216356e-04
   3.44371504e+02  -2.50898622e-04
   3.44371992e+02   1.30076497e-03
   3.44372481e+02   5.27191325e-04
   3.44372969e+02  -2.51132087e-03
   3.44373457e+02  -1.47841324e-03
   3.44373945e+02   5.79835498e-04
   3.44374434e+02   1.84348071e-04
   3.44374922e+02  -6.14042627e-04
   3.44375410e+02  -1.76733616e-03
   3.44375899e+02  -1.91277836e-03
   3.44376387e+02  -1.67131482e-03
   3.44376875e+02  -1.19854393e-03
   3.44377364e+02   6.78928773e-05
   3.44377852e+02  -3.85812164e-04
   3.44378340e+02  -1.67369936e-03
   3.44378829e+02  -4.53168061e-04
   3.44379317e+02   1.73303415e-03
   3.44379805e+02   2.32288294e-04
   3.44380294e+02  -2.77761626e-03
   3.44380782e+02  -6.56727701e-04
   3.44381270e+02   1.88484509e-03
   3.44381758e+02  -1.47925879e-04
   3.44382247e+02  -2.70310929e-03
   3.44382735e+02  -2.64942856e-03
   3.44383223e+02  -8.53003410e-04
   3.44383712e+02   9.84948711e-04
   3.44384200e+02   2.15675915e-03
   3.44384688e+02   9.26454319e-04
   3.44385177e+02  -1.62109383e-03
   3.44385665e+02  -1.79519807e-03
   3.44386153e+02   1.96353256e-04
   3.44386642e+02   8.48034630e-04
   3.44387130e+02  -6.15240715e-05
   3.44387618e+02  -4.90468577e-04
   3.44388106e+02  -9.55092604e-04
   3.44388595e+02   7.93357904e-05
   3.44389083e+02   2.08244915e-03
   3.44389571e+02   1.29100474e-04
   3.44390060e+02  -1.97835756e-03
   3.44390548e+02  -1.90346432e-03
   3.44391036e+02  -2.27016560e-03
   3.44391525e+02  -8.06724245e-04
   3.44392013e+02   2.20743939e-03
   3.44392501e+02   3.67719214e-03
   3.44392990e+02   1.87741686e-03
   3.44393478e+02   3.09209601e-04
   3.44393966e+02  -4.22148674e-04
   3.44394454e+02  -1.18220260e-03
   3.44394943e+02  -1.33666222e-03
   3.44395431e+02  -2.01424607e-03
   3.44395919e+02  -2.18719733e-03
   3.44396408e+02  -3.06280772e-03
   3.44396896e+02  -3.83139076e-03
   3.44397384e+02  -9.38464829e-04
   3.44397873e+02   3.93435266e-03
   3.44398361e+02   5.09603880e-03
   3.44398849e+02   1.40256376e-03
   3.44399338e+02  -2.34080874e-03
   3.44399826e+02  -1.96429202e-03
   3.44400314e+02   5.73326019e-04
   3.44400802e+02   2.66560935e-04
   3.44401291e+02  -1.79549132e-03
   3.44401779e+02  -2.03562458e-03
   3.44402267e+02  -1.20417145e-03
   3.44402756e+02   3.22385429e-04
   3.44403244e+02   8.36906256e-04
   3.44403732e+02   7.33176421e-04
   3.44404221e+02   1.76718878e-03
   3.44404709e+02   1.36634475e-03
   3.44405197e+02  -1.87686717e-04
   3.44405686e+02   2.15315042e-04
   3.44406174e+02   1.62281445e-03
   3.44406662e+02   1.26825226e-03
   3.44407150e+02   1.49422864e-04
   3.44407639e+02   2.54560553e-04
   3.44408127e+02  -6.61836064e-04
   3.44408615e+02  -2.63604801e-04
   3.44409104e+02   8.47557734e-04
   3.44409592e+02  -1.66788255e-03
   3.44410080e+02  -3.91086843e-03
   3.44410569e+02  -4.41092253e-03
   3.44411057e+02  -4.20647440e-03
   3.44411545e+02  -1.29616912e-03
   3.44412034e+02   5.49162447e-04
   3.44412522e+02   4.00178717e-04
   3.44413010e+02  -7.81361377e-05
   3.44413498e+02  -8.31282698e-04
   3.44413987e+02  -6.57282013e-04
   3.44414475e+02  -5.90459851e-04
   3.44414963e+02  -6.27003494e-04
   3.44415452e+02  -5.75337617e-05
   3.44415940e+02   3.42537125e-04
   3.44416428e+02  -1.80701289e-04
   3.44416917e+02  -4.72749853e-05
   3.44417405e+02  -1.99642280e-04
   3.44417893e+02  -2.96509732e-03
   3.44418382e+02  -3.94154526e-03
   3.44418870e+02  -2.08507432e-03
   3.44419358e+02  -8.92478216e-04
   3.44419847e+02  -1.46730838e-03
   3.44420335e+02  -5.30327030e-04
   3.44420823e+02   1.40663706e-05
   3.44421311e+02  -9.87838604e-04
   3.44421800e+02  -1.53812091e-03
   3.44422288e+02  -7.24287238e-04
   3.44422776e+02   2.79375614e-04
   3.44423265e+02  -2.07865713e-04
   3.44423753e+02  -8.23868555e-04
   3.44424241e+02   2.64750386e-04
   3.44424730e+02   1.47057127e-03
   3.44425218e+02  -5.49336139e-04
   3.44425706e+02  -9.74691764e-04
   3.44426195e+02  -2.23515136e-03
   3.44426683e+02  -3.18340771e-03
   3.44427171e+02   1.80619725e-04
   3.44427659e+02   2.05562962e-03
   3.44428148e+02   1.58359541e-03
   3.44428636e+02   2.14730296e-03
   3.44429124e+02   2.51705036e-03
   3.44429613e+02   2.80904374e-03
   3.44430101e+02   1.40966591e-03
   3.44430589e+02   1.74679459e-04
   3.44431078e+02   8.62300280e-04
   3.44431566e+02   8.62630375e-04
   3.44432054e+02   6.97840514e-05
   3.44432543e+02  -1.23342592e-03
   3.44433031e+02  -1.26786157e-03
   3.44433519e+02   1.22377963e-03
   3.44434007e+02   3.54497996e-03
   3.44434496e+02   3.75017314e-03
   3.44434984e+02   2.70093256e-03
   3.44435472e+02   1.24728249e-03
   3.44435961e+02  -5.21683716e-04
   3.44436449e+02   5.96386999e-05
   3.44436937e+02   3.20358039e-03
   3.44437426e+02   2.72320467e-03
   3.44437914e+02   5.96255180e-04
   3.44438402e+02   8.79100000e-04
   3.44438891e+02   1.43201195e-03
   3.44439379e+02   2.92653497e-03
   3.44439867e+02   5.46474708e-03
   3.44440355e+02   4.88313148e-03
   3.44440844e+02   1.20715669e-03
   3.44441332e+02  -1.12601985e-04
   3.44441820e+02   1.53610844e-03
   3.44442309e+02   1.51039509e-03
   3.44442797e+02  -5.50252269e-04
   3.44443285e+02  -2.27440512e-04
   3.44443774e+02   2.45789951e-03
   3.44444262e+02   3.22613819e-03
   3.44444750e+02   1.08508463e-03
   3.44445239e+02   4.18138989e-05
   3.44445727e+02  -1.92509309e-04
   3.44446215e+02   4.91950323e-06
   3.44446703e+02   1.60720805e-03
   3.44447192e+02   1.51327404e-03
   3.44447680e+02   8.29352357e-04
   3.44448168e+02   1.34824414e-03
   3.44448657e+02   1.72862085e-03
   3.44449145e+02   1.57715066e-03
   3.44449633e+02   1.20806706e-03
   3.44450122e+02   1.15680520e-03
   3.44450610e+02   1.22631481e-03
   3.44451098e+02   1.70856924e-03
   3.44451587e+02   2.21095025e-03
   3.44452075e+02   1.51632528e-03
   3.44452563e+02  -3.54163240e-05
   3.44453051e+02  -2.15729146e-04
   3.44453540e+02   4.28452011e-04
   3.44454028e+02   5.83160727e-04
   3.44454516e+02  -2.01833434e-04
   3.44455005e+02   7.49006227e-04
   3.44455493e+02   2.74985470e-03
   3.44455981e+02   1.04197173e-03
   3.44456470e+02  -1.96602382e-03
   3.44456958e+02  -1.13189977e-03
   3.44457446e+02   1.26944133e-03
   3.44457935e+02   1.97973149e-03
   3.44458423e+02   3.49776601e-05
   3.44458911e+02  -3.84453824e-03
   3.44459400e+02  -3.74235655e-03
   3.44459888e+02  -1.78923167e-03
   3.44460376e+02  -2.55623087e-03
   3.44460864e+02  -1.54687965e-03
   3.44461353e+02  -4.98886220e-04
   3.44461841e+02  -2.56706751e-03
   3.44462329e+02  -3.40670743e-03
   3.44462818e+02  -4.58812137e-04
   3.44463306e+02   2.05131108e-03
   3.44463794e+02   2.57827458e-03
   3.44464283e+02   2.89840882e-05
   3.44464771e+02  -3.80639918e-03
   3.44465259e+02  -2.85652606e-03
   3.44465748e+02  -1.18982792e-03
   3.44466236e+02  -3.79102421e-03
   3.44466724e+02  -3.31529253e-03
   3.44467212e+02   5.64925023e-04
   3.44467701e+02   3.03340348e-04
   3.44468189e+02  -2.03899993e-03
   3.44468677e+02  -1.88033015e-03
   3.44469166e+02  -1.30356895e-03
   3.44469654e+02  -7.55943649e-04
   3.44470142e+02   1.14740129e-03
   3.44470631e+02   2.41118204e-03
   3.44471119e+02   2.42283102e-03
   3.44471607e+02   1.45047775e-03
   3.44472096e+02   1.71089298e-04
   3.44472584e+02  -2.29923942e-04
   3.44473072e+02  -1.97543646e-03
   3.44473560e+02  -4.74369479e-03
   3.44474049e+02  -4.12664795e-03
   3.44474537e+02  -7.85415643e-04
   3.44475025e+02   1.38616760e-03
   3.44475514e+02   1.20994996e-03
   3.44476002e+02  -2.00934664e-04
   3.44476490e+02  -1.34343735e-03
   3.44476979e+02  -1.52077968e-03
   3.44477467e+02  -1.63248414e-03
   3.44477955e+02  -3.06561729e-03
   3.44478444e+02  -3.59658920e-03
   3.44478932e+02  -1.83092372e-03
   3.44479420e+02   2.18161331e-05
   3.44479908e+02  -1.20157514e-04
   3.44480397e+02  -1.43436552e-03
   3.44480885e+02  -1.76162319e-03
   3.44481373e+02  -1.40661607e-03
   3.44481862e+02  -1.68369990e-03
   3.44482350e+02  -1.83056213e-03
   3.44482838e+02  -1.67620729e-03
   3.44483327e+02   2.85772730e-05
   3.44483815e+02   1.77367416e-03
   3.44484303e+02   4.88756178e-03
   3.44484792e+02   4.76058619e-03
   3.44485280e+02   1.89114711e-03
   3.44485768e+02  -9.15765006e-04
   3.44486256e+02  -1.74769235e-03
   3.44486745e+02   5.52221725e-04
   3.44487233e+02   1.85275171e-03
   3.44487721e+02   3.76302341e-04
   3.44488210e+02   5.78849576e-04
   3.44488698e+02   1.89614017e-03
   3.44489186e+02   1.37234421e-03
   3.44489675e+02   5.91429271e-05
   3.44490163e+02  -7.76667730e-04
   3.44490651e+02  -3.35182587e-04
   3.44491140e+02   3.79783916e-04
   3.44491628e+02   1.28569012e-03
   3.44492116e+02   1.75228633e-03
   3.44492604e+02  -2.03794494e-04
   3.44493093e+02  -1.61443837e-03
   3.44493581e+02  -3.53834417e-04
   3.44494069e+02   1.10636931e-03
   3.44494558e+02   8.79734798e-05
   3.44495046e+02  -1.74337858e-03
   3.44495534e+02  -3.55264195e-03
   3.44496023e+02  -4.29490115e-03
   3.44496511e+02  -2.12496310e-03
   3.44496999e+02  -6.22306892e-04
   3.44497488e+02  -3.77289631e-04
   3.44497976e+02   2.69511016e-03
   3.44498464e+02   4.23015933e-03
   3.44498953e+02   6.13380340e-04
   3.44499441e+02  -2.25991360e-04
   3.44499929e+02   1.24251714e-03
   3.44500417e+02  -8.19604087e-04
   3.44500906e+02  -1.55230064e-03
   3.44501394e+02   1.80947711e-04
   3.44501882e+02   3.62291583e-04
   3.44502371e+02   9.83196776e-04
   3.44502859e+02   2.17168429e-03
   3.44503347e+02   1.17429404e-03
   3.44503836e+02  -5.90245239e-04
   3.44504324e+02  -1.27405138e-03
   3.44504812e+02   6.18854421e-04
   3.44505301e+02   3.34248878e-03
   3.44505789e+02   1.19838759e-03
   3.44506277e+02  -2.36928300e-03
   3.44506765e+02  -1.42998062e-03
   3.44507254e+02   7.75339373e-04
   3.44507742e+02   1.86299277e-03
   3.44508230e+02   1.40013406e-03
   3.44508719e+02  -1.16219569e-03
   3.44509207e+02  -2.69001070e-03
   3.44509695e+02  -3.92654212e-04
   3.44510184e+02   2.36852840e-03
   3.44510672e+02   2.35931645e-03
   3.44511160e+02   2.41067493e-03
   3.44511649e+02   2.71862489e-03
   3.44512137e+02   2.80135102e-03
   3.44512625e+02   1.88342866e-03
   3.44513113e+02  -8.60087806e-04
   3.44513602e+02  -2.51028058e-03
   3.44514090e+02  -2.34651915e-03
   3.44514578e+02  -1.64473243e-03
   3.44515067e+02  -1.06253894e-03
   3.44515555e+02  -1.55003206e-03
   3.44516043e+02  -2.76877754e-03
   3.44516532e+02  -2.86509795e-03
   3.44517020e+02  -1.42198626e-03
   3.44517508e+02   1.05583174e-04
   3.44517997e+02   4.30666114e-04
   3.44518485e+02   1.47427421e-03
   3.44518973e+02   2.16438994e-03
   3.44519461e+02   2.35619504e-04
   3.44519950e+02  -1.86768197e-03
   3.44520438e+02  -1.08881446e-03
   3.44520926e+02   8.14004336e-04
   3.44521415e+02   1.66688964e-03
   3.44521903e+02   1.51859387e-03
   3.44522391e+02   1.90889958e-04
   3.44522880e+02  -2.08590738e-03
   3.44523368e+02  -3.53419944e-03
   3.44523856e+02  -2.02333019e-03
   3.44524345e+02  -2.29008636e-03
   3.44524833e+02  -3.53025133e-03
   3.44525321e+02  -2.63680029e-03
   3.44525809e+02  -1.35634013e-03
   3.44526298e+02  -8.45391129e-04
   3.44526786e+02  -9.74509458e-04
   3.44527274e+02  -2.69387220e-03
   3.44527763e+02  -4.03441116e-03
   3.44528251e+02  -2.32378510e-03
   3.44528739e+02   1.17516413e-03
   3.44529228e+02   3.18421493e-03
   3.44529716e+02   2.41838931e-03
   3.44530204e+02   1.59295357e-03
   3.44530693e+02   9.09458264e-04
   3.44531181e+02   6.52303454e-04
   3.44531669e+02  -6.87324151e-04
   3.44532157e+02  -1.79693336e-03
   3.44532646e+02   9.09774913e-04
   3.44533134e+02   3.63684655e-03
   3.44533622e+02   3.13724764e-03
   3.44534111e+02   1.72415504e-03
   3.44534599e+02   1.60855032e-03
   3.44535087e+02   5.42559661e-04
   3.44535576e+02  -1.89457391e-03
   3.44536064e+02  -1.68940134e-03
   3.44536552e+02   3.09056777e-04
   3.44537041e+02   1.06745877e-03
   3.44537529e+02   7.14233669e-04
   3.44538017e+02   1.48831707e-04
   3.44538506e+02  -2.07595236e-04
   3.44538994e+02  -5.28814853e-04
   3.44539482e+02  -8.11197096e-04
   3.44539970e+02  -5.79621410e-04
   3.44540459e+02  -2.29732745e-04
   3.44540947e+02  -4.83423530e-04
   3.44541435e+02  -1.04507327e-03
   3.44541924e+02   1.05492618e-04
   3.44542412e+02  -4.30792643e-05
   3.44542900e+02  -1.71659526e-03
   3.44543389e+02  -2.01951084e-03
   3.44543877e+02  -2.41939095e-03
   3.44544365e+02  -1.62155589e-03
   3.44544854e+02  -4.94554522e-04
   3.44545342e+02   3.89920257e-04
   3.44545830e+02   2.88337772e-03
   3.44546318e+02   2.36440310e-03
   3.44546807e+02  -2.92218931e-04
   3.44547295e+02  -1.40314543e-04
   3.44547783e+02   1.60514971e-03
   3.44548272e+02   2.44416879e-03
   3.44548760e+02   1.93919719e-03
   3.44549248e+02   1.93456735e-03
   3.44549737e+02   2.08890904e-03
   3.44550225e+02   1.19780458e-03
   3.44550713e+02  -5.39856090e-04
   3.44551202e+02  -1.42141234e-03
   3.44551690e+02   5.16644854e-04
   3.44552178e+02   8.10276018e-04
   3.44552666e+02   5.58155996e-04
   3.44553155e+02   1.18914014e-03
   3.44553643e+02  -4.88293997e-04
   3.44554131e+02  -5.19130321e-04
   3.44554620e+02   1.45506434e-04
   3.44555108e+02   3.20699764e-04
   3.44555596e+02   7.73451698e-04
   3.44556085e+02  -3.73905699e-04
   3.44556573e+02  -2.50827940e-03
   3.44557061e+02  -2.92617129e-03
   3.44557550e+02  -1.08454737e-03
   3.44558038e+02   5.70623844e-04
   3.44558526e+02  -1.22705533e-04
   3.44559014e+02  -1.68400735e-03
   3.44559503e+02   3.70543457e-05
   3.44559991e+02   2.38620979e-03
   3.44560479e+02   1.73761463e-03
   3.44560968e+02   7.61946139e-04
   3.44561456e+02   5.45345887e-04
   3.44561944e+02  -4.45710866e-05
   3.44562433e+02  -2.49669817e-03
   3.44562921e+02  -5.80471614e-03
   3.44563409e+02  -6.11977652e-03
   3.44563898e+02  -2.93292664e-03
   3.44564386e+02   7.65088407e-05
   3.44564874e+02  -2.92571465e-04
   3.44565362e+02  -1.23616529e-03
   3.44565851e+02   5.57749823e-04
   3.44566339e+02   2.60616187e-03
   3.44566827e+02   3.39632714e-03
   3.44567316e+02   2.31495709e-03
   3.44567804e+02   4.65207821e-04
   3.44568292e+02   3.81461286e-04
   3.44568781e+02   4.34744928e-04
   3.44569269e+02   8.44322029e-04
   3.44569757e+02   7.56606576e-04
   3.44570246e+02  -1.12053030e-03
   3.44570734e+02  -2.42944487e-04
   3.44571222e+02   1.12950825e-03
   3.44571710e+02  -6.39910068e-05
   3.44572199e+02  -1.71614019e-03
   3.44572687e+02  -1.69295655e-03
   3.44573175e+02   2.57348322e-04
   3.44573664e+02   7.59063172e-04
   3.44574152e+02  -2.12665787e-03
   3.44574640e+02  -3.23366863e-03
   3.44575129e+02  -1.05025549e-03
   3.44575617e+02   5.93081757e-04
   3.44576105e+02   3.53414594e-04
   3.44576594e+02  -1.34654751e-03
   3.44577082e+02  -1.89018529e-03
   3.44577570e+02  -1.83110300e-04
   3.44578059e+02  -3.88928689e-04
   3.44578547e+02  -1.85436162e-03
   3.44579035e+02  -1.21124974e-03
   3.44579523e+02   6.08545088e-04
   3.44580012e+02   4.89249709e-04
   3.44580500e+02  -8.52720987e-04
   3.44580988e+02   5.79978150e-05
   3.44581477e+02   2.01815064e-03
   3.44581965e+02   2.71583372e-03
   3.44582453e+02   3.06438073e-03
   3.44582942e+02   3.61173763e-03
   3.44583430e+02   5.85841108e-03
   3.44583918e+02   5.80971316e-03
   3.44584407e+02   2.37422995e-03
   3.44584895e+02   5.01776871e-04
   3.44585383e+02   1.27634627e-03
   3.44585871e+02   1.21340388e-03
   3.44586360e+02  -2.11843452e-03
   3.44586848e+02  -4.71613277e-03
   3.44587336e+02  -2.80256174e-03
   3.44587825e+02   1.10406906e-03
   3.44588313e+02   3.17029259e-03
   3.44588801e+02   3.06987856e-03
   3.44589290e+02   1.88386056e-03
   3.44589778e+02   5.59469569e-04
   3.44590266e+02   3.05147812e-04
   3.44590755e+02   9.71020956e-04
   3.44591243e+02  -1.03172299e-03
   3.44591731e+02  -3.25680198e-03
   3.44592219e+02  -2.52290454e-04
   3.44592708e+02   3.94252734e-03
   3.44593196e+02   3.33476928e-03
   3.44593684e+02   5.72838355e-04
   3.44594173e+02   1.20031391e-03
   3.44594661e+02   1.58714259e-03
   3.44595149e+02  -8.28695192e-04
   3.44595638e+02  -1.52547774e-03
   3.44596126e+02   6.95577357e-04
   3.44596614e+02   2.00741692e-03
   3.44597103e+02   2.77830201e-04
   3.44597591e+02   6.09500566e-04
   3.44598079e+02   2.04088259e-03
   3.44598567e+02   2.04278724e-04
   3.44599056e+02  -2.68516247e-03
   3.44599544e+02  -3.59173003e-03
   3.44600032e+02  -2.34679691e-03
   3.44600521e+02   1.89414760e-03
   3.44601009e+02   3.80991027e-03
   3.44601497e+02   1.29314372e-03
   3.44601986e+02  -1.78143161e-03
   3.44602474e+02  -1.73417560e-03
   3.44602962e+02  -8.38375068e-04
   3.44603451e+02  -1.99443335e-03
   3.44603939e+02  -2.21285503e-03
   3.44604427e+02  -6.98053802e-04
   3.44604915e+02  -6.75025396e-04
   3.44605404e+02  -7.33364606e-04
   3.44605892e+02   5.69836469e-04
   3.44606380e+02   1.32747926e-03
   3.44606869e+02  -5.60907356e-04
   3.44607357e+02  -2.69110873e-03
   3.44607845e+02  -2.49619246e-03
   3.44608334e+02  -1.05434423e-03
   3.44608822e+02  -8.13139544e-04
   3.44609310e+02  -2.20001373e-03
   3.44609799e+02  -3.25180544e-03
   3.44610287e+02  -4.33710078e-03
   3.44610775e+02  -3.81654641e-03
   3.44611263e+02  -1.79762708e-03
   3.44611752e+02   1.56095950e-03
   3.44612240e+02   3.92645178e-03
   3.44612728e+02   2.63417116e-03
   3.44613217e+02   4.90497390e-04
   3.44613705e+02  -1.33034016e-03
   3.44614193e+02  -2.90539348e-03
   3.44614682e+02  -3.33555392e-03
   3.44615170e+02  -3.09059629e-03
   3.44615658e+02  -2.49119103e-03
   3.44616147e+02  -1.12571940e-03
   3.44616635e+02  -1.00035868e-04
   3.44617123e+02  -1.31883891e-03
   3.44617612e+02  -3.57413432e-04
   3.44618100e+02   2.61690165e-03
   3.44618588e+02   2.95825070e-03
   3.44619076e+02  -1.35547554e-04
   3.44619565e+02  -3.91490664e-03
   3.44620053e+02  -4.15786775e-03
   3.44620541e+02  -1.78196654e-03
   3.44621030e+02   3.81627702e-04
   3.44621518e+02   1.76820450e-03
   3.44622006e+02   2.09467183e-03
   3.44622495e+02   2.92470073e-03
   3.44622983e+02   3.51181137e-03
   3.44623471e+02   2.63877632e-03
   3.44623960e+02   1.52213546e-03
   3.44624448e+02   7.63529737e-04
   3.44624936e+02   1.21823978e-03
   3.44625424e+02   3.24614532e-03
   3.44625913e+02   1.35172496e-03
   3.44626401e+02  -1.88883336e-03
   3.44626889e+02  -5.52436453e-04
   3.44627378e+02   1.44277338e-03
   3.44627866e+02   2.22167419e-03
   3.44628354e+02   1.66152872e-03
   3.44628843e+02   2.51530437e-04
   3.44629331e+02   1.78443291e-03
   3.44629819e+02   4.39613033e-03
   3.44630308e+02   3.78632802e-03
   3.44630796e+02   1.91493309e-04
   3.44631284e+02  -2.97266291e-03
   3.44631772e+02  -1.96441892e-03
   3.44632261e+02  -1.75469229e-03
   3.44632749e+02  -2.94107641e-03
   3.44633237e+02  -7.75442692e-04
   3.44633726e+02   1.49376108e-03
   3.44634214e+02   2.09299545e-03
   3.44634702e+02   1.58295420e-03
   3.44635191e+02   1.36661436e-03
   3.44635679e+02   5.97880688e-04
   3.44636167e+02  -1.05841015e-03
   3.44636656e+02  -2.00159479e-06
   3.44637144e+02   1.93457585e-03
   3.44637632e+02   3.39948060e-03
   3.44638120e+02   4.33313241e-03
   3.44638609e+02   2.15774309e-03
   3.44639097e+02   4.01330995e-04
   3.44639585e+02   8.03046685e-04
   3.44640074e+02  -1.71738036e-04
   3.44640562e+02  -8.30844103e-04
   3.44641050e+02  -5.67029812e-04
   3.44641539e+02  -2.54855753e-04
   3.44642027e+02   1.35838904e-03
   3.44642515e+02   2.02683825e-03
   3.44643004e+02   1.60723284e-03
   3.44643492e+02   2.32519186e-03
   3.44643980e+02   2.08969018e-03
   3.44644468e+02   2.68332340e-04
   3.44644957e+02  -1.33800996e-03
   3.44645445e+02  -2.32785102e-03
   3.44645933e+02  -9.58076445e-04
   3.44646422e+02   1.56341156e-03
   3.44646910e+02   6.07384485e-04
   3.44647398e+02  -1.21473032e-03
   3.44647887e+02   3.54361691e-04
   3.44648375e+02   2.27549276e-03
   3.44648863e+02   1.10294728e-03
   3.44649352e+02  -8.95067526e-04
   3.44649840e+02  -1.52774504e-03
   3.44650328e+02  -8.43574409e-04
   3.44650816e+02   9.86005994e-04
   3.44651305e+02   7.73983367e-04
   3.44651793e+02  -1.95916835e-03
   3.44652281e+02  -3.49770114e-03
   3.44652770e+02  -3.06420168e-03
   3.44653258e+02  -6.96556352e-04
   3.44653746e+02   9.84846149e-04
   3.44654235e+02   3.97877098e-04
   3.44654723e+02  -2.63922877e-04
   3.44655211e+02  -2.57714390e-04
   3.44655700e+02  -8.71643540e-04
   3.44656188e+02  -6.04731831e-05
   3.44656676e+02   1.56195974e-03
   3.44657165e+02   2.61823530e-04
   3.44657653e+02  -8.44832466e-05
   3.44658141e+02   3.04850820e-03
   3.44658629e+02   3.98164429e-03
   3.44659118e+02   8.71279801e-04
   3.44659606e+02  -1.85938715e-03
   3.44660094e+02  -2.00666883e-03
   3.44660583e+02  -6.13434357e-04
   3.44661071e+02   1.58057455e-03
   3.44661559e+02   3.45526729e-03
   3.44662048e+02   5.17362170e-03
   3.44662536e+02   5.42159937e-03
   3.44663024e+02   3.41119803e-03
   3.44663513e+02   2.09492841e-03
   3.44664001e+02   9.72246751e-04
   3.44664489e+02  -4.84581979e-04
   3.44664977e+02  -1.26734655e-03
   3.44665466e+02   1.69802050e-04
   3.44665954e+02   1.70001609e-03
   3.44666442e+02  -8.96996062e-04
   3.44666931e+02  -3.05769686e-03
   3.44667419e+02  -2.42710719e-03
   3.44667907e+02  -4.12400434e-04
   3.44668396e+02   1.18853326e-03
   3.44668884e+02   1.74676650e-03
   3.44669372e+02   2.45227781e-03
   3.44669861e+02   1.92712166e-03
   3.44670349e+02   6.37167948e-04
   3.44670837e+02   8.04655778e-04
   3.44671325e+02   2.56277053e-05
   3.44671814e+02  -2.38972250e-03
   3.44672302e+02  -4.75872308e-03
   3.44672790e+02  -5.62011218e-03
   3.44673279e+02  -3.70997516e-03
   3.44673767e+02  -2.84934347e-03
   3.44674255e+02  -3.94593831e-03
   3.44674744e+02  -3.36821843e-03
   3.44675232e+02  -1.96458190e-03
   3.44675720e+02   5.15993685e-04
   3.44676209e+02   1.34619244e-03
   3.44676697e+02  -2.32348364e-04
   3.44677185e+02   7.12677574e-05
   3.44677673e+02   7.69465812e-04
   3.44678162e+02  -6.01737935e-04
   3.44678650e+02  -7.22654338e-04
   3.44679138e+02   8.76919075e-04
   3.44679627e+02   1.38919347e-03
   3.44680115e+02   9.62272810e-04
   3.44680603e+02   4.41095508e-05
   3.44681092e+02   1.25383015e-03
   3.44681580e+02   2.91896029e-03
   3.44682068e+02   1.29077828e-03
   3.44682557e+02  -8.71789292e-04
   3.44683045e+02  -9.29526868e-04
   3.44683533e+02  -5.22405084e-04
   3.44684021e+02  -1.13472634e-03
   3.44684510e+02  -9.85425431e-04
   3.44684998e+02   3.66456981e-04
   3.44685486e+02   1.20753353e-03
   3.44685975e+02   2.34089117e-03
   3.44686463e+02   1.86357216e-03
   3.44686951e+02   5.17348759e-04
   3.44687440e+02   1.51143962e-04
   3.44687928e+02  -1.32758322e-03
   3.44688416e+02  -2.20754719e-03
   3.44688905e+02  -1.76002539e-03
   3.44689393e+02  -1.96917844e-03
   3.44689881e+02  -1.16383203e-03
   3.44690369e+02  -8.41008849e-04
   3.44690858e+02  -1.61525933e-03
   3.44691346e+02  -1.53079780e-03
   3.44691834e+02  -2.04224070e-03
   3.44692323e+02   2.08825251e-04
   3.44692811e+02   4.07550996e-03
   3.44693299e+02   3.62382387e-03
   3.44693788e+02   1.45747070e-03
   3.44694276e+02   4.83340322e-04
   3.44694764e+02   2.30268561e-04
   3.44695253e+02  -2.73860089e-04
   3.44695741e+02  -5.16431523e-04
   3.44696229e+02   1.00682606e-03
   3.44696718e+02   2.06552027e-03
   3.44697206e+02   1.78065419e-03
   3.44697694e+02   8.62130313e-04
   3.44698182e+02  -9.76355979e-04
   3.44698671e+02  -1.79381657e-03
   3.44699159e+02  -1.45605998e-03
   3.44699647e+02   1.45735277e-04
   3.44700136e+02   2.69605708e-03
   3.44700624e+02   3.20630497e-03
   3.44701112e+02   2.02785619e-03
   3.44701601e+02   1.51263061e-03
   3.44702089e+02   1.67581579e-03
   3.44702577e+02   1.70597236e-03
   3.44703066e+02   1.00092567e-03
   3.44703554e+02  -2.44392751e-04
   3.44704042e+02   4.07469022e-04
   3.44704530e+02   1.20819965e-03
   3.44705019e+02   1.53189918e-04
   3.44705507e+02   9.22603824e-04
   3.44705995e+02   1.41454849e-03
   3.44706484e+02  -1.56517490e-03
   3.44706972e+02  -3.73895164e-03
   3.44707460e+02  -2.74644443e-03
   3.44707949e+02  -6.62641600e-04
   3.44708437e+02   7.29166961e-04
   3.44708925e+02   1.60985428e-03
   3.44709414e+02   1.94653089e-03
   3.44709902e+02   4.01801284e-04
   3.44710390e+02   1.41547469e-03
   3.44710878e+02   4.24051424e-03
   3.44711367e+02   3.35305184e-03
   3.44711855e+02   3.26538808e-04
   3.44712343e+02  -1.46958407e-03
   3.44712832e+02  -6.78183802e-04
   3.44713320e+02   4.23720630e-04
   3.44713808e+02   1.12921291e-03
   3.44714297e+02   5.41797082e-04
   3.44714785e+02  -5.94233279e-04
   3.44715273e+02   5.79454645e-04
   3.44715762e+02   2.91650556e-03
   3.44716250e+02   3.80645320e-03
   3.44716738e+02   2.43490073e-03
   3.44717226e+02  -4.01488622e-04
   3.44717715e+02  -2.84346961e-03
   3.44718203e+02   5.73003272e-05
   3.44718691e+02   1.39908155e-03
   3.44719180e+02  -4.01708821e-04
   3.44719668e+02  -1.48780493e-03
   3.44720156e+02  -1.07087358e-03
   3.44720645e+02  -1.68279465e-03
   3.44721133e+02  -2.34121643e-03
   3.44721621e+02  -6.00444211e-04
   3.44722110e+02   1.72478496e-03
   3.44722598e+02   1.13401096e-03
   3.44723086e+02  -2.23823916e-03
   3.44723574e+02  -1.51593832e-03
   3.44724063e+02   1.91227824e-03
   3.44724551e+02   2.97270482e-03
   3.44725039e+02   1.72969874e-03
   3.44725528e+02  -1.16305146e-03
   3.44726016e+02  -5.22715913e-04
   3.44726504e+02   2.66501214e-03
   3.44726993e+02   2.91169831e-03
   3.44727481e+02   2.23078183e-03
   3.44727969e+02   1.93634827e-03
   3.44728458e+02   2.97292974e-03
   3.44728946e+02   3.11481184e-03
   3.44729434e+02   4.30627697e-04
   3.44729922e+02  -2.18943576e-03
   3.44730411e+02  -2.63494882e-03
   3.44730899e+02  -6.05345063e-04
   3.44731387e+02   4.23164056e-05
   3.44731876e+02  -1.68949331e-03
   3.44732364e+02  -2.57830485e-03
   3.44732852e+02  -5.68667834e-04
   3.44733341e+02   2.83190864e-03
   3.44733829e+02   2.38269474e-03
   3.44734317e+02   1.22551760e-03
   3.44734806e+02   2.63469946e-03
   3.44735294e+02   2.67969631e-03
   3.44735782e+02  -8.20148925e-05
   3.44736271e+02  -1.96647318e-03
   3.44736759e+02  -8.67948809e-04
   3.44737247e+02  -9.97472162e-05
   3.44737735e+02   8.45832110e-04
   3.44738224e+02   4.79925144e-03
   3.44738712e+02   6.26439275e-03
   3.44739200e+02   3.44696012e-03
   3.44739689e+02   2.00442364e-03
   3.44740177e+02   1.57213840e-03
   3.44740665e+02  -1.41671611e-04
   3.44741154e+02  -1.54042745e-03
   3.44741642e+02  -1.93367817e-03
   3.44742130e+02  -2.81521748e-03
   3.44742619e+02  -2.39166943e-03
   3.44743107e+02  -7.05398445e-04
   3.44743595e+02  -6.78705692e-04
   3.44744083e+02  -1.32533791e-03
   3.44744572e+02  -1.34706777e-03
   3.44745060e+02  -7.85945158e-04
   3.44745548e+02   1.13236462e-03
   3.44746037e+02   2.68228236e-03
   3.44746525e+02   2.02131015e-03
   3.44747013e+02  -3.85498774e-04
   3.44747502e+02  -2.61748885e-03
   3.44747990e+02  -3.29528004e-03
   3.44748478e+02  -3.44651006e-03
   3.44748967e+02  -1.66026864e-03
   3.44749455e+02   2.19813338e-03
   3.44749943e+02   3.54601769e-03
   3.44750431e+02   1.55021437e-03
   3.44750920e+02  -2.47568329e-04
   3.44751408e+02  -4.34276939e-04
   3.44751896e+02  -1.39075960e-03
   3.44752385e+02  -2.77385605e-03
   3.44752873e+02  -1.46659324e-03
   3.44753361e+02   5.31553582e-04
   3.44753850e+02   1.08702213e-03
   3.44754338e+02   1.82867167e-03
   3.44754826e+02   1.19765149e-03
   3.44755315e+02  -8.07296092e-05
   3.44755803e+02  -4.58324765e-04
   3.44756291e+02  -6.46510220e-04
   3.44756779e+02  -7.73763226e-04
   3.44757268e+02  -2.11866014e-03
   3.44757756e+02  -1.50665606e-03
   3.44758244e+02   9.71977133e-04
   3.44758733e+02   1.45467708e-03
   3.44759221e+02   8.14019411e-04
   3.44759709e+02  -1.67523779e-03
   3.44760198e+02  -2.92776921e-03
   3.44760686e+02  -2.18215934e-03
   3.44761174e+02  -1.79585011e-03
   3.44761663e+02   4.49221625e-05
   3.44762151e+02   1.01488805e-03
   3.44762639e+02  -2.84333626e-04
   3.44763127e+02  -3.99837620e-04
   3.44763616e+02   2.24195723e-03
   3.44764104e+02   2.46249675e-03
   3.44764592e+02  -3.21412110e-04
   3.44765081e+02  -3.09098512e-04
   3.44765569e+02   1.07692333e-03
   3.44766057e+02   2.23471128e-04
   3.44766546e+02   5.44751936e-04
   3.44767034e+02   1.68811041e-03
   3.44767522e+02   2.62051675e-04
   3.44768011e+02  -3.41419043e-04
   3.44768499e+02  -1.03390383e-04
   3.44768987e+02  -1.31830433e-03
   3.44769475e+02  -2.85395817e-03
   3.44769964e+02  -4.87403339e-03
   3.44770452e+02  -5.65786101e-03
   3.44770940e+02  -3.54092359e-03
   3.44771429e+02  -3.79951525e-04
   3.44771917e+02   1.41766411e-03
   3.44772405e+02   2.11962848e-03
   3.44772894e+02   2.72050733e-03
   3.44773382e+02   1.07463135e-03
   3.44773870e+02  -1.07571355e-03
   3.44774359e+02  -2.30973339e-04
   3.44774847e+02  -9.75698640e-04
   3.44775335e+02  -2.98806559e-03
   3.44775824e+02  -2.25557201e-03
   3.44776312e+02  -3.67666536e-04
   3.44776800e+02  -8.10542260e-04
   3.44777288e+02  -1.44475012e-03
   3.44777777e+02  -3.44708539e-03
   3.44778265e+02  -1.67257048e-03
   3.44778753e+02   2.11074925e-03
   3.44779242e+02   2.16229097e-03
   3.44779730e+02   1.06040633e-03
   3.44780218e+02  -2.94533256e-05
   3.44780707e+02  -8.77597951e-04
   3.44781195e+02  -1.28092943e-04
   3.44781683e+02   1.29899685e-03
   3.44782172e+02   1.57527125e-03
   3.44782660e+02   1.79162098e-03
   3.44783148e+02   2.09186273e-03
   3.44783636e+02   2.24966486e-03
   3.44784125e+02   2.82498170e-03
   3.44784613e+02   2.16128491e-03
   3.44785101e+02  -2.05579941e-04
   3.44785590e+02  -2.78613484e-03
   3.44786078e+02  -4.08214703e-03
   3.44786566e+02  -2.52185995e-03
   3.44787055e+02  -9.83072794e-04
   3.44787543e+02  -1.10734638e-03
   3.44788031e+02   8.20960908e-04
   3.44788520e+02   2.65461183e-03
   3.44789008e+02   1.49008608e-03
   3.44789496e+02   9.15602359e-05
   3.44789984e+02  -4.96788824e-04
   3.44790473e+02   1.98181882e-03
   3.44790961e+02   3.25218053e-03
   3.44791449e+02   1.48161007e-05
   3.44791938e+02  -1.62716350e-03
   3.44792426e+02   1.47171915e-04
   3.44792914e+02   1.38288806e-03
   3.44793403e+02   5.16594562e-04
   3.44793891e+02  -3.70769965e-04
   3.44794379e+02  -1.02789316e-03
   3.44794868e+02  -8.36313237e-04
   3.44795356e+02  -7.27515668e-04
   3.44795844e+02  -8.34459846e-04
   3.44796332e+02   3.29121103e-04
   3.44796821e+02  -1.29524749e-04
   3.44797309e+02  -1.82807120e-03
   3.44797797e+02  -2.14509526e-03
   3.44798286e+02  -1.08633889e-03
   3.44798774e+02  -8.17043183e-04
   3.44799262e+02   3.61431485e-05
   3.44799751e+02   2.10892339e-03
   3.44800239e+02   1.08089880e-03
   3.44800727e+02   1.63889781e-04
   3.44801216e+02   1.72953552e-03
   3.44801704e+02   2.06352677e-03
   3.44802192e+02   1.75194989e-03
   3.44802680e+02   4.34245245e-04
   3.44803169e+02  -1.07097044e-03
   3.44803657e+02  -5.10760758e-04
   3.44804145e+02  -4.28293337e-04
   3.44804634e+02  -5.72763442e-04
   3.44805122e+02   1.12106081e-03
   3.44805610e+02   1.69130578e-03
   3.44806099e+02   6.03053777e-04
   3.44806587e+02  -8.76187813e-04
   3.44807075e+02  -1.20933552e-03
   3.44807564e+02   6.26279158e-04
   3.44808052e+02   1.39397464e-03
   3.44808540e+02   1.62362994e-03
   3.44809028e+02   1.09049585e-03
   3.44809517e+02   2.05615099e-04
   3.44810005e+02  -4.42515942e-04
   3.44810493e+02  -1.45115005e-03
   3.44810982e+02  -2.86469492e-03
   3.44811470e+02  -2.74106534e-03
   3.44811958e+02  -1.47536176e-03
   3.44812447e+02   1.37378767e-04
   3.44812935e+02  -3.64938423e-05
   3.44813423e+02  -3.48247611e-03
   3.44813912e+02  -5.41438814e-03
   3.44814400e+02  -4.62904992e-03
   3.44814888e+02  -3.45116458e-03
   3.44815377e+02  -3.22537357e-03
   3.44815865e+02  -3.41732916e-03
   3.44816353e+02  -1.39282807e-03
   3.44816841e+02   1.90798438e-03
   3.44817330e+02   1.37849606e-03
   3.44817818e+02  -8.47263669e-04
   3.44818306e+02  -1.31729012e-03
   3.44818795e+02  -3.19428538e-04
   3.44819283e+02   7.40016461e-04
   3.44819771e+02   2.31303158e-03
   3.44820260e+02   2.34892336e-03
   3.44820748e+02   8.52318131e-04
   3.44821236e+02   1.58600113e-03
   3.44821725e+02   2.46767886e-03
   3.44822213e+02   2.08942802e-03
   3.44822701e+02   2.53345864e-03
   3.44823189e+02   2.22071540e-03
   3.44823678e+02   1.55633211e-03
   3.44824166e+02   2.42604967e-03
   3.44824654e+02   2.03705998e-03
   3.44825143e+02   8.78548075e-04
   3.44825631e+02   9.09750408e-04
   3.44826119e+02  -3.44693311e-04
   3.44826608e+02  -2.53815763e-03
   3.44827096e+02  -3.78087210e-03
   3.44827584e+02  -2.82519683e-03
   3.44828073e+02  -1.76775642e-03
   3.44828561e+02  -7.05616316e-04
   3.44829049e+02   1.35681359e-03
   3.44829537e+02   8.71873286e-04
   3.44830026e+02   5.62866990e-06
   3.44830514e+02   1.40123628e-03
   3.44831002e+02   6.24241889e-04
   3.44831491e+02  -1.29251985e-03
   3.44831979e+02  -8.68899457e-04
   3.44832467e+02   1.93445303e-03
   3.44832956e+02   2.52644275e-03
   3.44833444e+02   1.25100568e-03
