frequency (GHz), flux (Jy/beam)
   3.44888470e+02   1.79851879e-04
   3.44888959e+02   1.59496500e-03
   3.44889447e+02   1.90044148e-03
   3.44889935e+02   8.22742877e-04
   3.44890423e+02  -1.41958939e-04
   3.44890912e+02  -1.25797850e-03
   3.44891400e+02  -1.63907360e-03
   3.44891888e+02  -1.68819999e-04
   3.44892377e+02   1.84705321e-04
   3.44892865e+02  -7.58646813e-04
   3.44893353e+02   1.95822140e-04
   3.44893842e+02   1.92643097e-03
   3.44894330e+02   1.65119441e-03
   3.44894818e+02   7.90999504e-04
   3.44895307e+02   6.54122035e-04
   3.44895795e+02  -6.10773859e-04
   3.44896283e+02  -1.33779761e-03
   3.44896771e+02  -8.81823507e-05
   3.44897260e+02  -5.55625069e-04
   3.44897748e+02  -3.16133653e-03
   3.44898236e+02  -4.21436504e-03
   3.44898725e+02  -3.47418338e-03
   3.44899213e+02  -2.21245131e-03
   3.44899701e+02  -1.07943453e-03
   3.44900190e+02  -1.21487991e-03
   3.44900678e+02  -1.71898969e-03
   3.44901166e+02  -9.03708627e-04
   3.44901655e+02   1.20919663e-03
   3.44902143e+02   2.39386223e-03
   3.44902631e+02   2.39766086e-03
   3.44903119e+02   3.52456630e-03
   3.44903608e+02   2.83052516e-03
   3.44904096e+02  -1.02485565e-03
   3.44904584e+02  -2.36026896e-03
   3.44905073e+02  -8.06370575e-04
   3.44905561e+02   2.94566038e-04
   3.44906049e+02   7.00356904e-04
   3.44906538e+02  -3.17145634e-04
   3.44907026e+02  -1.81940198e-03
   3.44907514e+02  -2.43842881e-03
   3.44908003e+02  -3.27935023e-03
   3.44908491e+02  -3.24084749e-03
   3.44908979e+02  -1.53994269e-03
   3.44909467e+02   2.61310401e-04
   3.44909956e+02   8.66412534e-04
   3.44910444e+02   3.69288209e-05
   3.44910932e+02  -3.21541884e-04
   3.44911421e+02  -2.81441142e-04
   3.44911909e+02  -5.77522733e-04
   3.44912397e+02   4.93381463e-04
   3.44912886e+02   1.54956407e-03
   3.44913374e+02   8.95016536e-04
   3.44913862e+02   3.36959463e-04
   3.44914351e+02   2.57697568e-04
   3.44914839e+02  -2.63377791e-04
   3.44915327e+02  -7.33142660e-04
   3.44915815e+02  -1.14027178e-03
   3.44916304e+02  -1.94005668e-03
   3.44916792e+02  -3.23288306e-03
   3.44917280e+02  -4.20272443e-03
   3.44917769e+02  -2.73844181e-03
   3.44918257e+02  -4.12236084e-04
   3.44918745e+02  -1.94311779e-05
   3.44919234e+02  -3.12600227e-04
   3.44919722e+02   2.99705804e-04
   3.44920210e+02   3.68889916e-04
   3.44920699e+02  -2.00367751e-04
   3.44921187e+02   2.83071626e-04
   3.44921675e+02   5.47796604e-04
   3.44922163e+02  -4.19466989e-04
   3.44922652e+02  -2.89093878e-04
   3.44923140e+02   5.75180457e-04
   3.44923628e+02   5.68377436e-04
   3.44924117e+02   1.63587742e-04
   3.44924605e+02   2.09358201e-04
   3.44925093e+02   6.79296558e-04
   3.44925582e+02  -7.66429075e-05
   3.44926070e+02  -3.84119339e-04
   3.44926558e+02   6.97476440e-04
   3.44927047e+02   5.30092278e-04
   3.44927535e+02   5.77421015e-05
   3.44928023e+02   7.81043316e-04
   3.44928512e+02   1.55226619e-03
   3.44929000e+02   2.09656102e-03
   3.44929488e+02   2.11631483e-03
   3.44929976e+02   6.05866662e-04
   3.44930465e+02  -1.81694597e-03
   3.44930953e+02  -2.82686879e-03
   3.44931441e+02  -7.62275711e-04
   3.44931930e+02   1.74950063e-03
   3.44932418e+02   2.62592197e-03
   3.44932906e+02   2.49672285e-03
   3.44933395e+02   1.22104830e-03
   3.44933883e+02   1.51895933e-04
   3.44934371e+02  -3.56801138e-05
   3.44934860e+02  -1.28114631e-03
   3.44935348e+02  -2.75332248e-03
   3.44935836e+02  -3.02377995e-03
   3.44936324e+02  -2.68809451e-03
   3.44936813e+02  -1.83751050e-03
   3.44937301e+02  -1.87763060e-03
   3.44937789e+02  -2.25463812e-03
   3.44938278e+02  -8.20639834e-04
   3.44938766e+02   3.44310625e-04
   3.44939254e+02  -1.77521142e-05
   3.44939743e+02  -1.05818512e-03
   3.44940231e+02  -1.54152780e-03
   3.44940719e+02  -8.85083922e-04
   3.44941208e+02  -1.01752649e-03
   3.44941696e+02  -1.63243373e-03
   3.44942184e+02  -1.89623854e-03
   3.44942672e+02  -2.21820106e-03
   3.44943161e+02  -1.44432357e-03
   3.44943649e+02  -2.68867938e-04
   3.44944137e+02  -5.85475238e-04
   3.44944626e+02  -1.02029019e-03
   3.44945114e+02  -1.05818130e-04
   3.44945602e+02  -4.39574622e-04
   3.44946091e+02  -9.92304878e-04
   3.44946579e+02   1.70045460e-04
   3.44947067e+02   8.20481728e-05
   3.44947556e+02  -1.62397570e-03
   3.44948044e+02  -1.20176503e-03
   3.44948532e+02   1.09825889e-03
   3.44949020e+02   5.80025138e-04
   3.44949509e+02  -1.91522948e-03
   3.44949997e+02  -7.80524570e-04
   3.44950485e+02   2.13847007e-03
   3.44950974e+02   2.76185106e-03
   3.44951462e+02   3.08122393e-03
   3.44951950e+02   3.09326500e-03
   3.44952439e+02   7.68227503e-04
   3.44952927e+02  -1.45539886e-03
   3.44953415e+02  -1.96987274e-03
   3.44953904e+02  -1.71461399e-03
   3.44954392e+02   2.36306601e-04
   3.44954880e+02   2.57841102e-03
   3.44955368e+02   3.07161710e-03
   3.44955857e+02   3.50101548e-03
   3.44956345e+02   4.73581161e-03
   3.44956833e+02   4.95778024e-03
   3.44957322e+02   3.16714519e-03
   3.44957810e+02   2.03508054e-04
   3.44958298e+02  -8.51398509e-04
   3.44958787e+02   6.23911095e-04
   3.44959275e+02   6.65106694e-04
   3.44959763e+02  -9.03030916e-04
   3.44960252e+02  -1.70469191e-03
   3.44960740e+02  -2.15243432e-03
   3.44961228e+02  -2.43636244e-03
   3.44961716e+02  -2.52251187e-03
   3.44962205e+02  -2.60918401e-03
   3.44962693e+02  -2.59311148e-03
   3.44963181e+02  -2.63867830e-03
   3.44963670e+02  -1.97896804e-03
   3.44964158e+02  -1.75248089e-04
   3.44964646e+02   1.27950718e-03
   3.44965135e+02   1.90747879e-03
   3.44965623e+02   1.79753720e-03
   3.44966111e+02   1.51679874e-03
   3.44966600e+02   1.86808535e-03
   3.44967088e+02   1.54531468e-03
   3.44967576e+02   3.59255791e-04
   3.44968065e+02  -3.34234828e-05
   3.44968553e+02   2.36529551e-04
   3.44969041e+02  -9.47912864e-04
   3.44969529e+02  -2.49465741e-03
   3.44970018e+02  -1.53012795e-03
   3.44970506e+02  -3.01775435e-04
   3.44970994e+02  -7.38319417e-04
   3.44971483e+02  -1.06560218e-03
   3.44971971e+02  -6.75531803e-04
   3.44972459e+02  -3.65891581e-04
   3.44972948e+02  -1.39631180e-03
   3.44973436e+02  -2.56056106e-03
   3.44973924e+02  -1.56231376e-03
   3.44974413e+02   3.45946872e-04
   3.44974901e+02   1.77976117e-03
   3.44975389e+02   1.79858471e-03
   3.44975877e+02   1.38727803e-04
   3.44976366e+02  -5.28710196e-04
   3.44976854e+02   2.91514851e-04
   3.44977342e+02   5.72698133e-04
   3.44977831e+02  -4.10835870e-04
   3.44978319e+02  -2.27552932e-03
   3.44978807e+02  -2.60980078e-03
   3.44979296e+02  -1.46673643e-03
   3.44979784e+02  -5.97295642e-04
   3.44980272e+02   1.12339854e-04
   3.44980761e+02   2.21294526e-04
   3.44981249e+02  -1.17925963e-04
   3.44981737e+02  -2.48358090e-04
   3.44982225e+02  -8.09877063e-04
   3.44982714e+02  -2.24151812e-03
   3.44983202e+02  -3.11427377e-03
   3.44983690e+02  -2.68062740e-03
   3.44984179e+02  -2.72500538e-03
   3.44984667e+02  -3.86967603e-03
   3.44985155e+02  -3.14702559e-03
   3.44985644e+02  -3.13210854e-04
   3.44986132e+02   6.11486088e-04
   3.44986620e+02  -2.98397528e-04
   3.44987109e+02  -4.14940267e-04
   3.44987597e+02  -1.28865766e-04
   3.44988085e+02  -9.50784743e-05
   3.44988573e+02  -4.72231797e-04
   3.44989062e+02  -8.97438847e-04
   3.44989550e+02  -5.39895904e-04
   3.44990038e+02   1.13241858e-05
   3.44990527e+02   5.67554787e-04
   3.44991015e+02   1.19457208e-03
   3.44991503e+02   9.50623187e-04
   3.44991992e+02   5.50289289e-04
   3.44992480e+02   1.32355280e-03
   3.44992968e+02   2.91900220e-03
   3.44993457e+02   3.58471391e-03
   3.44993945e+02   3.55049619e-03
   3.44994433e+02   4.16856399e-03
   3.44994921e+02   5.58609469e-03
   3.44995410e+02   7.50712818e-03
   3.44995898e+02   8.59370176e-03
   3.44996386e+02   8.63146968e-03
   3.44996875e+02   9.07429960e-03
   3.44997363e+02   6.19062176e-03
   3.44997851e+02   3.67199280e-03
   3.44998340e+02   1.61283684e-03
   3.44998828e+02   9.18465317e-04
   3.44999316e+02   1.49155816e-03
   3.44999805e+02   3.04684462e-03
   3.45000293e+02   3.77920805e-03
   3.45000781e+02   2.22557853e-03
   3.45001269e+02  -4.89740807e-04
   3.45001758e+02  -2.58671772e-03
   3.45002246e+02  -2.48653954e-03
   3.45002734e+02  -1.59500388e-03
   3.45003223e+02  -1.25690771e-03
   3.45003711e+02  -1.87581719e-03
   3.45004199e+02  -2.81297346e-03
   3.45004688e+02  -3.11194989e-03
   3.45005176e+02  -3.09436955e-03
   3.45005664e+02  -2.93953228e-03
   3.45006153e+02  -1.07731624e-03
   3.45006641e+02   1.08158740e-03
   3.45007129e+02   1.82243669e-03
   3.45007618e+02   1.48875196e-03
   3.45008106e+02   2.80709326e-04
   3.45008594e+02  -1.84828576e-04
   3.45009082e+02   4.65257530e-04
   3.45009571e+02   1.63347177e-05
   3.45010059e+02  -3.36256053e-04
   3.45010547e+02   1.19013386e-03
   3.45011036e+02   1.74944254e-03
   3.45011524e+02   1.59327814e-03
   3.45012012e+02   1.92957441e-03
   3.45012501e+02   1.97907980e-03
   3.45012989e+02   1.66372652e-03
   3.45013477e+02  -4.97428235e-04
   3.45013966e+02  -2.46805931e-03
   3.45014454e+02  -2.06234772e-03
   3.45014942e+02  -8.33404134e-04
   3.45015430e+02  -1.98184425e-04
   3.45015919e+02  -5.45517716e-04
   3.45016407e+02  -9.65035579e-04
   3.45016895e+02  -1.35235069e-03
   3.45017384e+02  -1.79788494e-03
   3.45017872e+02  -1.64046010e-03
   3.45018360e+02  -1.11809303e-03
   3.45018849e+02  -7.19135045e-04
   3.45019337e+02  -9.43563238e-04
   3.45019825e+02  -2.05261330e-03
   3.45020314e+02  -3.10680014e-03
   3.45020802e+02  -1.85329083e-03
   3.45021290e+02   5.69251075e-04
   3.45021778e+02   3.54293472e-04
   3.45022267e+02  -1.87819952e-03
   3.45022755e+02  -2.62836553e-03
   3.45023243e+02  -1.32508040e-03
   3.45023732e+02  -2.13611755e-04
   3.45024220e+02  -8.71380234e-06
   3.45024708e+02   1.63594232e-04
   3.45025197e+02   3.88332031e-04
   3.45025685e+02   2.65783194e-04
   3.45026173e+02   1.10802299e-04
   3.45026662e+02  -3.95275594e-04
   3.45027150e+02  -2.41223420e-03
   3.45027638e+02  -3.19228810e-03
   3.45028126e+02  -2.30111158e-03
   3.45028615e+02  -3.18679353e-03
   3.45029103e+02  -3.77842668e-03
   3.45029591e+02  -2.10245163e-03
   3.45030080e+02  -6.12603093e-04
   3.45030568e+02   4.21139295e-04
   3.45031056e+02   1.08149904e-03
   3.45031545e+02   4.94324020e-04
   3.45032033e+02  -2.32742575e-04
   3.45032521e+02  -6.81694248e-04
   3.45033010e+02  -1.45479420e-03
   3.45033498e+02  -1.59507967e-03
   3.45033986e+02  -9.55687021e-04
   3.45034474e+02  -1.06050796e-03
   3.45034963e+02  -1.22240733e-03
   3.45035451e+02   2.67026131e-04
   3.45035939e+02   2.04076082e-03
   3.45036428e+02   1.63467624e-03
   3.45036916e+02   3.05479654e-04
   3.45037404e+02  -7.92412844e-04
   3.45037893e+02  -2.52971263e-03
   3.45038381e+02  -3.08657507e-03
   3.45038869e+02  -1.36121293e-03
   3.45039358e+02  -4.08371096e-04
   3.45039846e+02  -1.05856627e-03
   3.45040334e+02   1.07166497e-05
   3.45040822e+02   2.42710323e-03
   3.45041311e+02   2.61450838e-03
   3.45041799e+02   2.06862157e-03
   3.45042287e+02   2.66709598e-03
   3.45042776e+02   4.73198574e-03
   3.45043264e+02   8.28566030e-03
   3.45043752e+02   1.37556670e-02
   3.45044241e+02   1.99603513e-02
   3.45044729e+02   2.76678391e-02
   3.45045217e+02   3.57078351e-02
   3.45045706e+02   4.22782972e-02
   3.45046194e+02   4.86152880e-02
   3.45046682e+02   5.55361360e-02
   3.45047171e+02   6.16148151e-02
   3.45047659e+02   6.63644299e-02
   3.45048147e+02   6.84898868e-02
   3.45048635e+02   6.89828694e-02
   3.45049124e+02   6.87245056e-02
   3.45049612e+02   6.70302287e-02
   3.45050100e+02   6.51834905e-02
   3.45050589e+02   6.22396283e-02
   3.45051077e+02   5.61784022e-02
   3.45051565e+02   4.83659133e-02
   3.45052054e+02   4.08947691e-02
   3.45052542e+02   3.31612639e-02
   3.45053030e+02   2.53911801e-02
   3.45053519e+02   1.99509896e-02
   3.45054007e+02   1.64699480e-02
   3.45054495e+02   1.32842967e-02
   3.45054983e+02   1.12069547e-02
   3.45055472e+02   9.77416150e-03
   3.45055960e+02   7.02346116e-03
   3.45056448e+02   5.21683181e-03
   3.45056937e+02   3.46918358e-03
   3.45057425e+02   1.49810186e-03
   3.45057913e+02   8.08036770e-04
   3.45058402e+02   1.35747017e-03
   3.45058890e+02   1.47212320e-03
   3.45059378e+02   1.13121432e-03
   3.45059867e+02   8.71816766e-04
   3.45060355e+02   1.74775592e-03
   3.45060843e+02   4.01498517e-03
   3.45061331e+02   5.22143533e-03
   3.45061820e+02   3.65677360e-03
   3.45062308e+02   1.79697631e-03
   3.45062796e+02   1.57878804e-03
   3.45063285e+02   2.50374113e-04
   3.45063773e+02  -1.88783428e-03
   3.45064261e+02  -9.70120134e-04
   3.45064750e+02   6.98334945e-04
   3.45065238e+02  -5.92987868e-04
   3.45065726e+02  -2.50458787e-03
   3.45066215e+02  -2.36137351e-03
   3.45066703e+02  -1.19911543e-04
   3.45067191e+02   1.98487379e-03
   3.45067679e+02   2.09491677e-03
   3.45068168e+02   1.80123921e-03
   3.45068656e+02   2.29917606e-03
   3.45069144e+02   3.01910099e-03
   3.45069633e+02   2.65153311e-03
   3.45070121e+02   1.02316868e-03
   3.45070609e+02  -1.25851319e-03
   3.45071098e+02  -3.79074644e-03
   3.45071586e+02  -3.81368026e-03
   3.45072074e+02  -1.44209294e-03
   3.45072563e+02  -5.99687221e-04
   3.45073051e+02  -1.54732412e-03
   3.45073539e+02  -2.53262371e-03
   3.45074027e+02  -2.46581645e-03
   3.45074516e+02  -1.39495474e-03
   3.45075004e+02  -1.39317266e-03
   3.45075492e+02  -8.07232049e-04
   3.45075981e+02   1.92079647e-03
   3.45076469e+02   3.61242029e-03
   3.45076957e+02   2.47878977e-03
   3.45077446e+02   4.21248376e-04
   3.45077934e+02   2.71239060e-05
   3.45078422e+02  -1.83902172e-04
   3.45078911e+02  -1.98160438e-03
   3.45079399e+02  -2.18828628e-03
   3.45079887e+02  -5.79047155e-05
   3.45080375e+02   1.87046675e-03
   3.45080864e+02   2.25746376e-03
   3.45081352e+02   1.10506116e-04
   3.45081840e+02  -2.53669592e-03
   3.45082329e+02  -2.55507184e-03
   3.45082817e+02  -1.51942857e-03
   3.45083305e+02  -1.56634324e-03
   3.45083794e+02  -1.45531259e-03
   3.45084282e+02   3.04448826e-04
   3.45084770e+02   1.70915737e-03
   3.45085259e+02   1.44101505e-03
   3.45085747e+02   1.63733051e-03
   3.45086235e+02   2.34283856e-03
   3.45086724e+02   8.88148730e-04
   3.45087212e+02  -2.16966821e-03
   3.45087700e+02  -3.98247410e-03
   3.45088188e+02  -3.85537068e-03
   3.45088677e+02  -2.50139111e-03
   3.45089165e+02  -5.76434541e-04
   3.45089653e+02   1.25888991e-03
   3.45090142e+02   1.18224218e-03
   3.45090630e+02  -6.35083066e-04
   3.45091118e+02  -5.08548343e-04
   3.45091607e+02   1.18881883e-03
   3.45092095e+02   1.70678226e-03
   3.45092583e+02   1.78542559e-03
   3.45093072e+02   1.62364019e-03
   3.45093560e+02   1.01409294e-03
   3.45094048e+02   1.18339737e-03
   3.45094536e+02   1.40137586e-03
   3.45095025e+02   8.28691409e-05
   3.45095513e+02  -1.02048507e-03
   3.45096001e+02   4.65755475e-05
   3.45096490e+02   5.23022667e-04
   3.45096978e+02  -5.12423983e-04
   3.45097466e+02  -6.29975926e-04
   3.45097955e+02  -2.43726274e-04
   3.45098443e+02  -7.70766346e-04
   3.45098931e+02  -3.81681690e-04
   3.45099420e+02   1.97428814e-03
   3.45099908e+02   3.59723112e-03
   3.45100396e+02   2.28678854e-03
   3.45100884e+02  -3.17936036e-04
   3.45101373e+02  -6.03011576e-05
   3.45101861e+02   1.90893945e-03
   3.45102349e+02   1.58089469e-03
   3.45102838e+02   3.65093671e-04
   3.45103326e+02   2.79476197e-04
   3.45103814e+02   1.26949884e-03
   3.45104303e+02   2.47167260e-03
   3.45104791e+02   1.86191441e-03
   3.45105279e+02  -1.65919584e-04
   3.45105768e+02  -9.47164779e-04
   3.45106256e+02  -6.47640089e-04
   3.45106744e+02  -1.02880667e-03
   3.45107232e+02  -9.63518978e-04
   3.45107721e+02  -3.49050752e-05
   3.45108209e+02   3.51465133e-04
   3.45108697e+02  -2.15750497e-05
   3.45109186e+02  -4.22910322e-04
   3.45109674e+02  -9.74782277e-04
   3.45110162e+02  -1.86295412e-03
   3.45110651e+02  -2.27968651e-03
   3.45111139e+02  -2.02284404e-03
   3.45111627e+02  -1.42764393e-03
   3.45112116e+02  -1.28606660e-03
   3.45112604e+02  -1.98061322e-03
   3.45113092e+02  -1.52593805e-03
   3.45113580e+02   9.36742639e-04
   3.45114069e+02   2.33317865e-03
   3.45114557e+02   1.04395032e-03
   3.45115045e+02  -5.61875757e-04
   3.45115534e+02  -1.09880790e-03
   3.45116022e+02  -1.29690173e-03
   3.45116510e+02  -1.40582642e-03
   3.45116999e+02  -1.11859024e-03
   3.45117487e+02  -1.12319354e-03
   3.45117975e+02  -1.53648376e-03
   3.45118464e+02  -1.15908904e-03
   3.45118952e+02  -4.05124098e-04
   3.45119440e+02  -6.79504476e-04
   3.45119928e+02  -1.49669545e-03
   3.45120417e+02  -1.52745191e-03
   3.45120905e+02  -1.36859040e-03
   3.45121393e+02  -1.34718453e-03
   3.45121882e+02  -3.56752134e-04
   3.45122370e+02   8.77405284e-04
   3.45122858e+02   1.51811796e-03
   3.45123347e+02   3.30031943e-03
   3.45123835e+02   5.52272098e-03
   3.45124323e+02   5.26705105e-03
   3.45124812e+02   2.95419735e-03
   3.45125300e+02   6.38997182e-04
   3.45125788e+02  -9.95156006e-04
   3.45126277e+02  -5.59459731e-04
   3.45126765e+02   6.92208705e-04
   3.45127253e+02  -2.84973037e-04
   3.45127741e+02  -2.36121076e-03
   3.45128230e+02  -2.94927438e-03
   3.45128718e+02  -1.60988094e-03
   3.45129206e+02   6.16013072e-04
   3.45129695e+02   1.66694785e-03
   3.45130183e+02   5.62302070e-04
   3.45130671e+02  -6.70103880e-04
   3.45131160e+02  -8.61031236e-04
   3.45131648e+02  -6.77938049e-04
   3.45132136e+02  -4.41127515e-04
   3.45132625e+02  -1.46827498e-03
   3.45133113e+02  -3.46695026e-03
   3.45133601e+02  -4.03089961e-03
   3.45134089e+02  -3.07444879e-03
   3.45134578e+02  -1.73657679e-03
   3.45135066e+02  -4.05209779e-04
   3.45135554e+02   9.20330407e-04
   3.45136043e+02   1.50827609e-03
   3.45136531e+02   1.87864923e-03
   3.45137019e+02   3.16818990e-03
   3.45137508e+02   4.68365289e-03
   3.45137996e+02   5.29171526e-03
   3.45138484e+02   4.65504266e-03
   3.45138973e+02   3.32273799e-03
   3.45139461e+02   1.70936959e-03
   3.45139949e+02   7.05135637e-04
   3.45140437e+02   1.02157320e-03
   3.45140926e+02   1.57324341e-03
   3.45141414e+02   7.89797283e-04
   3.45141902e+02  -4.13819856e-04
   3.45142391e+02  -4.23846795e-04
   3.45142879e+02  -6.58434757e-04
   3.45143367e+02  -1.18528795e-03
   3.45143856e+02   3.43102402e-05
   3.45144344e+02   2.19264510e-03
   3.45144832e+02   3.02522024e-03
   3.45145321e+02   1.31189800e-03
   3.45145809e+02  -1.53543975e-03
   3.45146297e+02  -2.00555893e-03
   3.45146785e+02   1.18725991e-04
   3.45147274e+02   2.68505164e-03
   3.45147762e+02   4.23607975e-03
   3.45148250e+02   3.52362660e-03
   3.45148739e+02   1.51559536e-03
   3.45149227e+02   3.74765077e-04
   3.45149715e+02   2.48649856e-04
   3.45150204e+02   1.92613224e-04
   3.45150692e+02   1.01687743e-04
   3.45151180e+02  -7.13108340e-04
   3.45151669e+02  -2.19039363e-03
   3.45152157e+02  -3.02826404e-03
   3.45152645e+02  -2.72081629e-03
   3.45153133e+02  -1.14989688e-03
   3.45153622e+02   7.79232068e-04
   3.45154110e+02   1.39852287e-03
   3.45154598e+02   5.56107261e-04
   3.45155087e+02  -6.96620380e-04
   3.45155575e+02  -8.30305042e-04
   3.45156063e+02   7.97780987e-04
   3.45156552e+02   1.75970863e-03
   3.45157040e+02   1.06285734e-03
   3.45157528e+02   7.45010970e-04
   3.45158017e+02   9.89551889e-04
   3.45158505e+02   1.73600530e-03
   3.45158993e+02   1.90085743e-03
   3.45159481e+02   1.75419322e-03
   3.45159970e+02   3.76478978e-03
   3.45160458e+02   4.76126466e-03
   3.45160946e+02   3.07114376e-03
   3.45161435e+02   2.71780975e-03
   3.45161923e+02   3.37364594e-03
   3.45162411e+02   2.84095248e-03
   3.45162900e+02   2.24570069e-03
   3.45163388e+02   1.75988243e-03
   3.45163876e+02   1.43290928e-03
   3.45164365e+02   1.28522911e-03
   3.45164853e+02   7.17179719e-05
   3.45165341e+02  -6.51551527e-04
   3.45165830e+02   3.35085824e-05
   3.45166318e+02   1.36880481e-04
   3.45166806e+02  -4.41485667e-04
   3.45167294e+02  -1.37685030e-03
   3.45167783e+02  -2.51035858e-03
   3.45168271e+02  -1.73404021e-03
   3.45168759e+02   6.36448851e-04
   3.45169248e+02   2.19343835e-03
   3.45169736e+02   2.88233790e-03
   3.45170224e+02   3.77271441e-03
   3.45170713e+02   2.99595599e-03
   3.45171201e+02   2.35063242e-04
   3.45171689e+02  -1.58433686e-03
   3.45172178e+02  -1.26286806e-03
   3.45172666e+02   6.51124923e-04
   3.45173154e+02   1.49102136e-03
   3.45173642e+02   4.36588569e-04
   3.45174131e+02  -2.11782302e-04
   3.45174619e+02   2.46404350e-04
   3.45175107e+02   1.42108754e-03
   3.45175596e+02   2.87133409e-03
   3.45176084e+02   3.45520815e-03
   3.45176572e+02   2.00883439e-03
   3.45177061e+02  -4.34468675e-04
   3.45177549e+02  -2.40138848e-03
   3.45178037e+02  -3.56988399e-03
   3.45178526e+02  -3.75242624e-03
   3.45179014e+02  -2.31273682e-03
   3.45179502e+02  -2.08570203e-03
   3.45179990e+02  -2.86528701e-03
   3.45180479e+02  -1.19984371e-03
   3.45180967e+02   1.24737737e-03
   3.45181455e+02   1.71677989e-03
   3.45181944e+02   9.32518451e-04
   3.45182432e+02   1.65410771e-03
   3.45182920e+02   3.76640121e-03
   3.45183409e+02   3.34066525e-03
   3.45183897e+02   2.69497541e-04
   3.45184385e+02  -1.56543928e-03
   3.45184874e+02  -7.28337385e-04
   3.45185362e+02   1.51755894e-03
   3.45185850e+02   3.08830850e-03
   3.45186338e+02   2.53294455e-03
   3.45186827e+02   1.92936786e-05
   3.45187315e+02  -2.94567295e-03
   3.45187803e+02  -3.75760836e-03
   3.45188292e+02  -8.76646372e-04
   3.45188780e+02   2.81734415e-03
   3.45189268e+02   4.26256936e-03
   3.45189757e+02   2.92909308e-03
   3.45190245e+02  -1.85646510e-04
   3.45190733e+02  -2.00175610e-03
   3.45191222e+02  -1.50023331e-03
   3.45191710e+02  -1.76878786e-03
   3.45192198e+02  -3.04463250e-03
   3.45192686e+02  -3.06427339e-03
   3.45193175e+02  -3.70057090e-03
   3.45193663e+02  -4.69861925e-03
   3.45194151e+02  -3.79013573e-03
   3.45194640e+02  -2.08548154e-03
   3.45195128e+02  -4.50726133e-04
   3.45195616e+02   4.28873987e-04
   3.45196105e+02  -6.09182985e-04
   3.45196593e+02  -1.40443770e-03
   3.45197081e+02  -2.29980418e-04
   3.45197570e+02   1.58899324e-03
   3.45198058e+02   3.08042415e-03
   3.45198546e+02   2.51343055e-03
   3.45199034e+02   9.08814953e-04
   3.45199523e+02   1.59684103e-04
   3.45200011e+02  -7.67097808e-04
   3.45200499e+02  -1.84599683e-03
   3.45200988e+02  -2.56769382e-03
   3.45201476e+02  -2.33544176e-03
   3.45201964e+02  -3.18134960e-04
   3.45202453e+02   7.43682904e-04
   3.45202941e+02  -1.62778335e-04
   3.45203429e+02  -1.04839528e-04
   3.45203918e+02   1.05468743e-03
   3.45204406e+02   1.60667126e-03
   3.45204894e+02   2.56356737e-03
   3.45205383e+02   3.18933208e-03
   3.45205871e+02   7.97150249e-04
   3.45206359e+02  -2.30455236e-03
   3.45206847e+02  -3.26218107e-03
   3.45207336e+02  -2.40261224e-03
   3.45207824e+02  -1.27913710e-03
   3.45208312e+02  -1.33723661e-03
   3.45208801e+02  -1.39571924e-03
   3.45209289e+02  -3.60382895e-04
   3.45209777e+02   3.40117462e-04
   3.45210266e+02   1.48074469e-04
   3.45210754e+02   4.24670987e-04
   3.45211242e+02   1.38222601e-03
   3.45211731e+02   1.10662810e-03
   3.45212219e+02  -1.32757099e-03
   3.45212707e+02  -4.15272545e-03
   3.45213195e+02  -5.27379010e-03
   3.45213684e+02  -4.50003054e-03
   3.45214172e+02  -3.19271442e-03
   3.45214660e+02  -1.23505818e-03
   3.45215149e+02   6.28764101e-04
   3.45215637e+02   6.68511435e-04
   3.45216125e+02  -1.34591421e-04
   3.45216614e+02  -1.66879070e-03
   3.45217102e+02  -3.20137292e-03
   3.45217590e+02  -2.27099238e-03
   3.45218079e+02  -4.81361843e-04
   3.45218567e+02  -4.28989006e-04
   3.45219055e+02  -6.11182884e-04
   3.45219543e+02   6.61065977e-04
   3.45220032e+02   1.72435225e-03
   3.45220520e+02   9.15083510e-04
   3.45221008e+02   1.85426161e-05
   3.45221497e+02   6.01207081e-04
   3.45221985e+02   9.27550020e-04
   3.45222473e+02   6.62155333e-04
   3.45222962e+02   1.01843849e-03
   3.45223450e+02   5.57014020e-04
   3.45223938e+02  -3.21293279e-04
   3.45224427e+02   5.05806005e-04
   3.45224915e+02   1.76548527e-03
   3.45225403e+02   2.57192529e-03
   3.45225891e+02   2.54578143e-03
   3.45226380e+02   7.08904874e-04
   3.45226868e+02  -4.36244663e-05
   3.45227356e+02   2.36897962e-03
   3.45227845e+02   5.14728762e-03
   3.45228333e+02   5.92457317e-03
   3.45228821e+02   5.35367103e-03
   3.45229310e+02   4.88714408e-03
   3.45229798e+02   4.98939492e-03
   3.45230286e+02   5.22551825e-03
   3.45230775e+02   6.45393971e-03
   3.45231263e+02   7.93657918e-03
   3.45231751e+02   9.32530779e-03
   3.45232239e+02   7.16727274e-03
   3.45232728e+02   4.64778254e-03
   3.45233216e+02   3.13288579e-03
   3.45233704e+02   3.39184748e-03
   3.45234193e+02   3.20574688e-03
   3.45234681e+02   1.92937651e-03
   3.45235169e+02   2.34023039e-03
   3.45235658e+02   3.22767254e-03
   3.45236146e+02   1.52235630e-03
   3.45236634e+02  -4.07712738e-04
   3.45237123e+02  -4.56586247e-04
   3.45237611e+02  -3.51932067e-05
   3.45238099e+02  -9.46078566e-04
   3.45238587e+02  -2.19179015e-03
   3.45239076e+02  -2.10980652e-03
   3.45239564e+02  -6.50133356e-04
   3.45240052e+02   3.30009352e-04
   3.45240541e+02  -4.80167393e-04
   3.45241029e+02  -2.04093754e-03
   3.45241517e+02  -3.16756242e-03
   3.45242006e+02  -3.13785509e-03
   3.45242494e+02  -1.59107824e-03
   3.45242982e+02   1.03795501e-04
   3.45243471e+02   3.89412191e-04
   3.45243959e+02  -8.01863906e-04
   3.45244447e+02  -1.77283457e-03
   3.45244936e+02  -9.04860557e-04
   3.45245424e+02  -3.27368325e-04
   3.45245912e+02  -7.94722408e-04
   3.45246400e+02  -6.73715898e-04
   3.45246889e+02  -1.26786763e-03
   3.45247377e+02  -2.28615222e-03
   3.45247865e+02  -1.88563275e-03
   3.45248354e+02  -4.01172030e-04
   3.45248842e+02   6.62365230e-04
   3.45249330e+02   1.78220609e-04
   3.45249819e+02  -6.68649620e-04
   3.45250307e+02  -1.29144185e-03
   3.45250795e+02  -1.64767529e-03
   3.45251284e+02  -2.79070140e-04
   3.45251772e+02   1.72066991e-03
   3.45252260e+02   2.04976602e-03
   3.45252748e+02   9.44372208e-04
   3.45253237e+02   2.76916830e-06
   3.45253725e+02   3.49559559e-05
   3.45254213e+02   7.23265286e-04
   3.45254702e+02   1.44679123e-03
   3.45255190e+02   1.42476533e-03
   3.45255678e+02   9.22114530e-04
   3.45256167e+02   1.19103363e-03
   3.45256655e+02   1.48979109e-03
   3.45257143e+02   1.32595759e-03
   3.45257632e+02   1.75601675e-03
   3.45258120e+02   1.80540280e-03
   3.45258608e+02   1.33349840e-03
   3.45259096e+02   1.72547728e-03
   3.45259585e+02   1.89901958e-03
   3.45260073e+02   1.62970903e-03
   3.45260561e+02   3.75913037e-03
   3.45261050e+02   7.24168355e-03
   3.45261538e+02   8.17977544e-03
   3.45262026e+02   6.20682351e-03
   3.45262515e+02   4.46335692e-03
   3.45263003e+02   4.49741166e-03
   3.45263491e+02   5.96944895e-03
   3.45263980e+02   6.62006857e-03
   3.45264468e+02   8.34658463e-03
   3.45264956e+02   8.14380031e-03
   3.45265444e+02   6.34883624e-03
   3.45265933e+02   4.55970364e-03
   3.45266421e+02   3.84668261e-03
   3.45266909e+02   4.68934188e-03
   3.45267398e+02   5.21948328e-03
   3.45267886e+02   2.86403252e-03
   3.45268374e+02   1.18406489e-04
   3.45268863e+02   3.88156652e-04
   3.45269351e+02   1.67397643e-03
   3.45269839e+02   8.11006641e-04
   3.45270328e+02   7.10144988e-04
   3.45270816e+02   3.31475679e-03
   3.45271304e+02   4.05709120e-03
   3.45271792e+02   9.71696049e-04
   3.45272281e+02  -1.67055055e-03
   3.45272769e+02  -1.95284525e-03
   3.45273257e+02  -2.42892629e-03
   3.45273746e+02  -2.19205790e-03
   3.45274234e+02  -1.91788393e-04
   3.45274722e+02   6.45177497e-04
   3.45275211e+02   8.80399486e-04
   3.45275699e+02   2.26878677e-03
   3.45276187e+02   2.35833181e-03
   3.45276676e+02   3.19019688e-04
   3.45277164e+02  -5.79330313e-04
   3.45277652e+02   9.19635000e-04
   3.45278140e+02   2.04948545e-03
   3.45278629e+02   2.15054536e-03
   3.45279117e+02   1.66730699e-03
   3.45279605e+02   8.41940055e-04
   3.45280094e+02   9.37685545e-04
   3.45280582e+02   1.59560633e-03
   3.45281070e+02   1.41665398e-03
   3.45281559e+02  -3.38979036e-04
   3.45282047e+02  -1.97979575e-03
   3.45282535e+02  -1.40985358e-03
   3.45283024e+02  -1.01966399e-03
   3.45283512e+02  -1.12975540e-03
   3.45284000e+02  -4.18966316e-04
   3.45284489e+02  -1.28648229e-04
   3.45284977e+02  -6.34543539e-04
   3.45285465e+02  -9.47882014e-04
   3.45285953e+02  -1.60976092e-03
   3.45286442e+02  -3.99883930e-03
   3.45286930e+02  -4.92101023e-03
   3.45287418e+02  -2.60468898e-03
   3.45287907e+02  -1.46587053e-03
   3.45288395e+02  -2.34473892e-03
   3.45288883e+02  -1.14287622e-03
   3.45289372e+02   1.43320765e-03
   3.45289860e+02   8.86963622e-04
   3.45290348e+02  -6.82132610e-04
   3.45290837e+02   7.97003042e-04
   3.45291325e+02   2.86922697e-03
   3.45291813e+02   3.78674385e-03
   3.45292301e+02   4.97700647e-03
   3.45292790e+02   6.11148076e-03
   3.45293278e+02   5.63386874e-03
   3.45293766e+02   3.71395098e-03
   3.45294255e+02   3.70194833e-03
   3.45294743e+02   5.24589512e-03
   3.45295231e+02   5.51553536e-03
   3.45295720e+02   5.16195502e-03
   3.45296208e+02   4.59672464e-03
   3.45296696e+02   5.51874936e-03
   3.45297185e+02   6.36639865e-03
   3.45297673e+02   5.00407722e-03
   3.45298161e+02   3.78796831e-03
   3.45298649e+02   2.73951166e-03
   3.45299138e+02   1.17386947e-03
   3.45299626e+02  -1.72863292e-04
   3.45300114e+02  -4.58966009e-04
   3.45300603e+02   1.08224631e-03
   3.45301091e+02   2.85024964e-03
   3.45301579e+02   2.07157293e-03
   3.45302068e+02  -3.56384349e-04
   3.45302556e+02  -1.22220628e-03
   3.45303044e+02  -8.44203809e-04
   3.45303533e+02  -1.49613095e-03
   3.45304021e+02  -1.87976542e-03
   3.45304509e+02  -7.08342355e-04
   3.45304997e+02   1.13275531e-03
   3.45305486e+02   1.92665937e-03
   3.45305974e+02   9.47548891e-04
   3.45306462e+02  -1.03610990e-04
   3.45306951e+02   1.54271602e-05
   3.45307439e+02   1.43929746e-03
   3.45307927e+02   1.90220412e-03
   3.45308416e+02   3.29401315e-04
   3.45308904e+02  -1.48797059e-03
   3.45309392e+02  -2.14984757e-03
   3.45309881e+02  -1.64618972e-03
   3.45310369e+02  -1.78515038e-03
   3.45310857e+02  -1.75751292e-03
   3.45311345e+02  -2.20658636e-04
   3.45311834e+02   1.09218829e-03
   3.45312322e+02   9.95783019e-04
   3.45312810e+02   4.05459607e-04
   3.45313299e+02   9.11492389e-05
   3.45313787e+02   5.23263356e-04
   3.45314275e+02   9.16760822e-04
   3.45314764e+02  -3.98864009e-04
   3.45315252e+02  -2.41591805e-03
   3.45315740e+02  -3.61841661e-03
   3.45316229e+02  -2.86874920e-03
   3.45316717e+02  -6.90952758e-04
   3.45317205e+02  -6.31063245e-04
   3.45317693e+02  -3.15984641e-03
   3.45318182e+02  -4.53734957e-03
   3.45318670e+02  -2.68700486e-03
   3.45319158e+02  -4.04558319e-04
   3.45319647e+02  -1.20609137e-03
   3.45320135e+02  -4.14106902e-03
   3.45320623e+02  -4.63654660e-03
   3.45321112e+02  -2.49730120e-03
   3.45321600e+02  -2.84977979e-03
   3.45322088e+02  -4.37124865e-03
   3.45322577e+02  -3.03215254e-03
   3.45323065e+02  -7.88375095e-04
   3.45323553e+02  -3.70670314e-04
   3.45324042e+02  -1.16326823e-03
   3.45324530e+02  -8.80499894e-04
   3.45325018e+02  -1.27054343e-04
   3.45325506e+02  -1.11489510e-03
   3.45325995e+02  -2.47957953e-03
   3.45326483e+02  -1.41448388e-03
   3.45326971e+02  -8.78939027e-05
   3.45327460e+02  -1.49447122e-03
   3.45327948e+02  -2.55901995e-03
   3.45328436e+02  -1.19255343e-03
   3.45328925e+02   5.75120910e-04
   3.45329413e+02   1.14057446e-03
   3.45329901e+02   5.56551851e-04
   3.45330390e+02   2.52954874e-06
   3.45330878e+02  -2.28247925e-04
   3.45331366e+02  -7.50244013e-04
   3.45331854e+02  -8.18166765e-04
   3.45332343e+02  -6.06824469e-04
   3.45332831e+02  -1.02303212e-03
   3.45333319e+02  -1.82966120e-03
   3.45333808e+02  -2.73195445e-03
   3.45334296e+02  -2.55062757e-03
   3.45334784e+02  -1.55923364e-03
   3.45335273e+02  -5.60934190e-04
   3.45335761e+02   3.82373430e-04
   3.45336249e+02   9.62932754e-05
   3.45336738e+02  -1.90082565e-03
   3.45337226e+02  -3.40679218e-03
   3.45337714e+02  -2.65562278e-03
   3.45338202e+02  -9.93240857e-04
   3.45338691e+02   6.32534036e-04
   3.45339179e+02   2.16771290e-03
   3.45339667e+02   2.67234002e-03
   3.45340156e+02   1.49613444e-03
   3.45340644e+02  -7.07703352e-04
   3.45341132e+02  -1.99359865e-03
   3.45341621e+02  -1.58230355e-03
   3.45342109e+02  -1.72363827e-03
   3.45342597e+02  -2.23638956e-03
   3.45343086e+02  -1.26808614e-03
   3.45343574e+02  -3.58941936e-04
   3.45344062e+02  -1.03519286e-03
   3.45344550e+02  -1.84995658e-03
   3.45345039e+02  -1.23478682e-03
   3.45345527e+02  -7.08721986e-04
   3.45346015e+02  -1.09270960e-03
   3.45346504e+02  -1.96587737e-03
   3.45346992e+02  -2.95223598e-03
   3.45347480e+02  -1.72228739e-03
   3.45347969e+02   8.53690610e-04
   3.45348457e+02   1.78718963e-03
   3.45348945e+02   7.47535902e-04
   3.45349434e+02  -6.27730042e-04
   3.45349922e+02   7.62761410e-05
   3.45350410e+02   1.46778661e-03
   3.45350898e+02   1.40039751e-03
   3.45351387e+02   2.65193550e-04
   3.45351875e+02  -8.36602703e-04
   3.45352363e+02  -5.29751997e-04
   3.45352852e+02   1.18221482e-03
   3.45353340e+02   2.16384674e-03
   3.45353828e+02   5.36106643e-04
   3.45354317e+02  -1.36400235e-03
   3.45354805e+02  -1.22339453e-03
   3.45355293e+02  -3.94396193e-04
   3.45355782e+02   5.84793219e-04
   3.45356270e+02   1.84817251e-03
   3.45356758e+02   2.32403562e-03
   3.45357246e+02   1.30830309e-03
   3.45357735e+02   9.12564108e-04
   3.45358223e+02   2.36384128e-03
   3.45358711e+02   3.83161521e-03
   3.45359200e+02   5.72571671e-03
   3.45359688e+02   8.55564047e-03
   3.45360176e+02   8.82417336e-03
   3.45360665e+02   5.48639009e-03
   3.45361153e+02   1.99750206e-03
   3.45361641e+02   1.23270287e-03
   3.45362130e+02   2.80192075e-03
   3.45362618e+02   4.10295697e-03
   3.45363106e+02   4.03873203e-03
   3.45363595e+02   3.45372781e-03
   3.45364083e+02   2.98159383e-03
   3.45364571e+02   2.09186389e-03
   3.45365059e+02   9.28930356e-04
   3.45365548e+02   6.80362922e-04
   3.45366036e+02   3.49283597e-04
   3.45366524e+02  -1.77596626e-03
   3.45367013e+02  -4.06613154e-03
   3.45367501e+02  -4.18803887e-03
   3.45367989e+02  -2.11340562e-03
   3.45368478e+02   2.86198076e-04
   3.45368966e+02   8.73921381e-05
   3.45369454e+02  -2.00090278e-03
   3.45369943e+02  -2.67065712e-03
   3.45370431e+02  -1.41671381e-03
   3.45370919e+02   3.47461522e-04
   3.45371407e+02   1.44680066e-03
   3.45371896e+02   1.17007783e-03
   3.45372384e+02  -5.46455733e-04
   3.45372872e+02  -1.99610158e-03
   3.45373361e+02  -2.55043153e-03
   3.45373849e+02  -3.02510080e-03
   3.45374337e+02  -3.08296178e-03
   3.45374826e+02  -2.67039589e-03
   3.45375314e+02  -1.94592157e-03
   3.45375802e+02  -7.20299664e-04
   3.45376291e+02   1.35982584e-04
   3.45376779e+02   4.53256915e-04
   3.45377267e+02   1.00958522e-03
   3.45377755e+02   1.15660776e-03
   3.45378244e+02   7.76424597e-04
   3.45378732e+02   1.01850973e-03
   3.45379220e+02   1.79880916e-03
   3.45379709e+02   1.42176333e-03
   3.45380197e+02  -2.37061060e-04
   3.45380685e+02  -1.06937333e-03
   3.45381174e+02  -7.55507441e-04
   3.45381662e+02  -1.06214581e-03
   3.45382150e+02  -1.26809394e-03
   3.45382639e+02  -2.57563515e-04
   3.45383127e+02  -1.47022758e-04
   3.45383615e+02  -1.25420804e-03
   3.45384103e+02  -1.67293334e-03
   3.45384592e+02  -1.40425586e-03
   3.45385080e+02  -1.56713702e-06
   3.45385568e+02   2.84350361e-03
   3.45386057e+02   5.54562965e-03
   3.45386545e+02   6.07270421e-03
   3.45387033e+02   4.68630390e-03
   3.45387522e+02   2.57217837e-03
   3.45388010e+02   4.49411105e-04
   3.45388498e+02   9.06714529e-04
   3.45388987e+02   3.32818390e-03
   3.45389475e+02   3.76602658e-03
   3.45389963e+02   3.48275714e-03
   3.45390451e+02   4.52627847e-03
   3.45390940e+02   4.44397191e-03
   3.45391428e+02   2.36499729e-03
   3.45391916e+02  -8.76939914e-04
   3.45392405e+02  -2.98208324e-03
   3.45392893e+02  -1.81601511e-03
   3.45393381e+02   1.83331809e-04
   3.45393870e+02   4.85412223e-04
   3.45394358e+02  -5.70285250e-04
   3.45394846e+02  -1.78688334e-03
   3.45395335e+02  -1.98408612e-03
   3.45395823e+02  -1.04055658e-03
   3.45396311e+02   7.16114417e-04
   3.45396799e+02   2.49003945e-03
   3.45397288e+02   3.15135974e-03
   3.45397776e+02   2.31508166e-03
   3.45398264e+02   9.75407835e-04
   3.45398753e+02   1.05883600e-03
   3.45399241e+02   1.28529361e-03
   3.45399729e+02  -1.46995459e-04
   3.45400218e+02  -6.13212294e-04
   3.45400706e+02  -4.93658765e-04
   3.45401194e+02  -2.13693967e-03
   3.45401683e+02  -3.32098710e-03
   3.45402171e+02  -2.16556434e-03
   3.45402659e+02  -8.37771862e-04
   3.45403147e+02  -1.39225600e-03
   3.45403636e+02  -1.97494123e-03
   3.45404124e+02  -1.23885646e-03
   3.45404612e+02  -2.89302319e-04
   3.45405101e+02   8.44327733e-04
   3.45405589e+02   8.29308294e-04
   3.45406077e+02  -3.93684197e-04
   3.45406566e+02  -1.66247133e-04
   3.45407054e+02   2.33266474e-04
   3.45407542e+02  -1.62175842e-04
   3.45408031e+02  -3.04710120e-04
   3.45408519e+02  -3.52347677e-04
   3.45409007e+02   7.07692292e-04
   3.45409496e+02   2.07235012e-03
   3.45409984e+02   1.76982128e-03
   3.45410472e+02   1.57270941e-03
   3.45410960e+02   2.64440151e-03
   3.45411449e+02   3.42006702e-03
   3.45411937e+02   2.60561495e-03
   3.45412425e+02   4.95835324e-04
   3.45412914e+02  -1.01416628e-03
   3.45413402e+02  -6.11467054e-04
   3.45413890e+02   8.80306179e-04
   3.45414379e+02   2.04278901e-03
   3.45414867e+02   2.58583971e-03
   3.45415355e+02   2.54266453e-03
   3.45415844e+02   1.73319993e-03
   3.45416332e+02   9.95041220e-04
   3.45416820e+02   9.40071535e-04
   3.45417308e+02   6.31214760e-04
   3.45417797e+02  -1.04064937e-03
   3.45418285e+02  -2.17263494e-03
   3.45418773e+02  -1.38652336e-03
   3.45419262e+02  -5.10387006e-04
   3.45419750e+02  -5.95019606e-04
   3.45420238e+02  -7.49728177e-04
   3.45420727e+02   6.43811247e-04
   3.45421215e+02   2.09501525e-03
   3.45421703e+02   1.23739638e-03
   3.45422192e+02  -2.25126030e-04
   3.45422680e+02   2.46736327e-05
   3.45423168e+02   1.19313062e-03
   3.45423656e+02   1.20574376e-03
   3.45424145e+02   3.74676252e-04
   3.45424633e+02  -5.12194820e-04
   3.45425121e+02  -1.66437612e-03
   3.45425610e+02  -2.59389263e-03
   3.45426098e+02  -3.23763629e-03
   3.45426586e+02  -2.19699810e-03
   3.45427075e+02   4.74905944e-04
   3.45427563e+02  -5.64327784e-05
   3.45428051e+02  -4.32883808e-03
   3.45428540e+02  -6.35028584e-03
   3.45429028e+02  -3.54409707e-03
   3.45429516e+02   2.80627311e-04
   3.45430004e+02   1.75537961e-03
   3.45430493e+02   1.20836974e-03
   3.45430981e+02   1.02382014e-03
   3.45431469e+02   1.54653413e-03
   3.45431958e+02   1.12892315e-03
   3.45432446e+02  -5.43838833e-04
   3.45432934e+02  -2.32498394e-03
   3.45433423e+02  -2.64285225e-03
   3.45433911e+02  -1.22843857e-03
   3.45434399e+02  -1.21941179e-04
   3.45434888e+02  -4.28731728e-04
   3.45435376e+02  -6.14939490e-04
   3.45435864e+02  -6.75752643e-04
   3.45436352e+02  -2.08114646e-03
   3.45436841e+02  -3.73110315e-03
   3.45437329e+02  -3.70961986e-03
   3.45437817e+02  -2.09579011e-03
   3.45438306e+02  -5.16261032e-04
   3.45438794e+02  -1.07271248e-03
   3.45439282e+02  -2.30338820e-03
   3.45439771e+02  -7.68747472e-04
   3.45440259e+02   1.20790477e-03
   3.45440747e+02   9.62047663e-04
   3.45441236e+02  -4.27308987e-04
   3.45441724e+02  -1.62955571e-03
   3.45442212e+02  -1.56484020e-03
   3.45442700e+02  -6.26828754e-04
   3.45443189e+02   2.21544688e-04
   3.45443677e+02   6.83375576e-04
   3.45444165e+02   1.61080540e-03
   3.45444654e+02   2.59949011e-03
   3.45445142e+02   1.73524872e-03
   3.45445630e+02   1.02149707e-03
   3.45446119e+02   2.28261994e-03
   3.45446607e+02   2.81304470e-03
   3.45447095e+02   1.12380157e-03
   3.45447584e+02  -1.08234526e-03
   3.45448072e+02  -1.52423594e-03
   3.45448560e+02  -9.64451465e-04
   3.45449049e+02  -8.27513868e-05
   3.45449537e+02   6.59747922e-04
   3.45450025e+02   4.74857981e-04
   3.45450513e+02   1.57578592e-03
   3.45451002e+02   2.89212493e-03
   3.45451490e+02   1.62234926e-03
   3.45451978e+02   3.26718990e-04
   3.45452467e+02   9.58809920e-04
   3.45452955e+02   1.54961064e-03
   3.45453443e+02   1.94655231e-03
   3.45453932e+02   2.79769348e-03
   3.45454420e+02   2.60824896e-03
   3.45454908e+02  -1.45256112e-04
   3.45455397e+02  -3.50055960e-03
   3.45455885e+02  -2.90025468e-03
   3.45456373e+02   2.00182549e-03
   3.45456861e+02   5.32388967e-03
   3.45457350e+02   4.11713822e-03
   3.45457838e+02   2.68463977e-03
   3.45458326e+02   3.07395007e-03
   3.45458815e+02   3.00147338e-03
   3.45459303e+02   1.87815912e-03
   3.45459791e+02   8.88485811e-04
   3.45460280e+02   1.17611839e-03
   3.45460768e+02   1.41495920e-03
   3.45461256e+02   5.37809276e-04
   3.45461745e+02   1.10639492e-03
   3.45462233e+02   1.70120818e-03
   3.45462721e+02   3.70452850e-04
   3.45463209e+02   2.28199700e-04
   3.45463698e+02   1.40416040e-03
   3.45464186e+02   2.28235964e-03
   3.45464674e+02   3.25876521e-03
   3.45465163e+02   4.05368442e-03
   3.45465651e+02   3.80517985e-03
   3.45466139e+02   3.87098733e-03
   3.45466628e+02   5.16846823e-03
   3.45467116e+02   4.36400296e-03
   3.45467604e+02   3.13821225e-03
   3.45468093e+02   4.30071075e-03
   3.45468581e+02   5.91639942e-03
   3.45469069e+02   6.72016200e-03
   3.45469557e+02   6.25197170e-03
   3.45470046e+02   3.97302350e-03
   3.45470534e+02   2.52309092e-03
   3.45471022e+02   3.82863078e-03
   3.45471511e+02   6.15938427e-03
   3.45471999e+02   9.45599657e-03
   3.45472487e+02   1.29740145e-02
   3.45472976e+02   1.58167984e-02
   3.45473464e+02   1.98406316e-02
   3.45473952e+02   2.33348981e-02
   3.45474441e+02   2.39797477e-02
   3.45474929e+02   2.47662589e-02
   3.45475417e+02   2.87835840e-02
   3.45475905e+02   3.42513435e-02
   3.45476394e+02   4.04944308e-02
   3.45476882e+02   4.84893918e-02
   3.45477370e+02   5.76586723e-02
   3.45477859e+02   6.71035722e-02
   3.45478347e+02   7.79927745e-02
   3.45478835e+02   8.90618265e-02
   3.45479324e+02   9.89842787e-02
   3.45479812e+02   1.09303519e-01
   3.45480300e+02   1.20193228e-01
   3.45480789e+02   1.29435509e-01
   3.45481277e+02   1.36764854e-01
   3.45481765e+02   1.42822549e-01
   3.45482253e+02   1.47129178e-01
   3.45482742e+02   1.50803328e-01
   3.45483230e+02   1.56907886e-01
   3.45483718e+02   1.62826389e-01
   3.45484207e+02   1.66262865e-01
   3.45484695e+02   1.69450730e-01
   3.45485183e+02   1.74113840e-01
   3.45485672e+02   1.78798914e-01
   3.45486160e+02   1.83251768e-01
   3.45486648e+02   1.89328492e-01
   3.45487137e+02   1.96383432e-01
   3.45487625e+02   2.02317566e-01
   3.45488113e+02   2.08331674e-01
   3.45488602e+02   2.17089444e-01
   3.45489090e+02   2.26860747e-01
   3.45489578e+02   2.37680674e-01
   3.45490066e+02   2.49864921e-01
   3.45490555e+02   2.60935724e-01
   3.45491043e+02   2.73468435e-01
   3.45491531e+02   2.89138854e-01
   3.45492020e+02   3.07837099e-01
   3.45492508e+02   3.27707887e-01
   3.45492996e+02   3.49478364e-01
   3.45493485e+02   3.73851299e-01
   3.45493973e+02   3.99600297e-01
   3.45494461e+02   4.26430434e-01
   3.45494950e+02   4.55294639e-01
   3.45495438e+02   4.86344546e-01
   3.45495926e+02   5.20988107e-01
   3.45496414e+02   5.59093595e-01
   3.45496903e+02   5.98578632e-01
   3.45497391e+02   6.39875114e-01
   3.45497879e+02   6.87988281e-01
   3.45498368e+02   7.40727901e-01
   3.45498856e+02   7.92459369e-01
   3.45499344e+02   8.41109335e-01
   3.45499833e+02   8.85768175e-01
   3.45500321e+02   9.26654935e-01
   3.45500809e+02   9.68043923e-01
   3.45501298e+02   1.00844312e+00
   3.45501786e+02   1.04108596e+00
   3.45502274e+02   1.06732750e+00
   3.45502762e+02   1.08461809e+00
   3.45503251e+02   1.09153461e+00
   3.45503739e+02   1.09157860e+00
   3.45504227e+02   1.08842254e+00
   3.45504716e+02   1.08833492e+00
   3.45505204e+02   1.09189367e+00
   3.45505692e+02   1.09602511e+00
   3.45506181e+02   1.09885430e+00
   3.45506669e+02   1.10192084e+00
   3.45507157e+02   1.10137606e+00
   3.45507646e+02   1.09641540e+00
   3.45508134e+02   1.09273803e+00
   3.45508622e+02   1.09517491e+00
   3.45509110e+02   1.09599066e+00
   3.45509599e+02   1.08324397e+00
   3.45510087e+02   1.05605900e+00
   3.45510575e+02   1.01562142e+00
   3.45511064e+02   9.54340100e-01
   3.45511552e+02   8.67820084e-01
   3.45512040e+02   7.61656582e-01
   3.45512529e+02   6.50175333e-01
   3.45513017e+02   5.49875915e-01
   3.45513505e+02   4.64825004e-01
   3.45513994e+02   3.91296208e-01
   3.45514482e+02   3.27907205e-01
   3.45514970e+02   2.75416523e-01
   3.45515458e+02   2.31159166e-01
   3.45515947e+02   1.93976313e-01
   3.45516435e+02   1.66672125e-01
   3.45516923e+02   1.46016032e-01
   3.45517412e+02   1.25181794e-01
   3.45517900e+02   1.05212428e-01
   3.45518388e+02   9.00913626e-02
   3.45518877e+02   7.80001581e-02
   3.45519365e+02   6.79292232e-02
   3.45519853e+02   5.96755669e-02
   3.45520342e+02   5.09860851e-02
   3.45520830e+02   4.35656831e-02
   3.45521318e+02   3.92242372e-02
   3.45521806e+02   3.64689864e-02
   3.45522295e+02   3.18734795e-02
   3.45522783e+02   2.84388177e-02
   3.45523271e+02   2.62808502e-02
   3.45523760e+02   2.12144591e-02
   3.45524248e+02   1.53648928e-02
   3.45524736e+02   1.27803935e-02
   3.45525225e+02   1.38398046e-02
   3.45525713e+02   1.41767235e-02
   3.45526201e+02   1.34098940e-02
   3.45526690e+02   1.34525280e-02
   3.45527178e+02   1.27912657e-02
   3.45527666e+02   1.05016017e-02
   3.45528155e+02   9.43922438e-03
   3.45528643e+02   9.06392653e-03
   3.45529131e+02   8.85313563e-03
   3.45529619e+02   8.15465674e-03
   3.45530108e+02   7.85901677e-03
   3.45530596e+02   6.96942629e-03
   3.45531084e+02   4.69846278e-03
   3.45531573e+02   3.64402495e-03
   3.45532061e+02   3.20935505e-03
   3.45532549e+02   2.78180582e-03
   3.45533038e+02   3.37460334e-03
   3.45533526e+02   3.00534838e-03
   3.45534014e+02   2.04620510e-03
   3.45534503e+02   2.76564411e-03
   3.45534991e+02   3.10482737e-03
   3.45535479e+02   2.14383262e-03
   3.45535967e+02   1.62239524e-03
   3.45536456e+02   1.33615395e-03
   3.45536944e+02   1.11190730e-03
   3.45537432e+02  -2.92865589e-04
   3.45537921e+02  -1.27229281e-03
   3.45538409e+02   7.68136058e-04
   3.45538897e+02   2.40828446e-03
   3.45539386e+02   1.60716847e-03
   3.45539874e+02  -3.80140962e-04
   3.45540362e+02  -1.52533664e-03
   3.45540851e+02  -1.70851091e-03
   3.45541339e+02  -1.61294208e-03
   3.45541827e+02   1.52373714e-05
   3.45542315e+02   1.22027867e-03
   3.45542804e+02   6.53139374e-04
   3.45543292e+02   2.90717580e-04
   3.45543780e+02   3.74739844e-04
   3.45544269e+02   9.08022164e-04
   3.45544757e+02   2.13420507e-03
   3.45545245e+02   2.93860328e-03
   3.45545734e+02   2.96791526e-03
   3.45546222e+02   2.60085729e-03
   3.45546710e+02   2.11325544e-03
   3.45547199e+02   1.95213966e-03
   3.45547687e+02   2.45805038e-03
   3.45548175e+02   2.62516877e-03
   3.45548663e+02   1.22277613e-03
   3.45549152e+02  -2.34890278e-04
   3.45549640e+02   7.93158470e-05
   3.45550128e+02   7.13012880e-04
   3.45550617e+02   1.04744348e-03
   3.45551105e+02   2.26576114e-03
   3.45551593e+02   2.76609301e-03
   3.45552082e+02   7.41398195e-04
   3.45552570e+02  -1.19668839e-03
   3.45553058e+02  -3.36436991e-04
   3.45553547e+02   1.05835334e-03
   3.45554035e+02   1.76112706e-04
   3.45554523e+02  -1.33416662e-03
   3.45555011e+02  -2.26597209e-03
   3.45555500e+02  -2.97892955e-03
   3.45555988e+02  -1.35774049e-03
   3.45556476e+02   9.91699868e-04
   3.45556965e+02   7.29787598e-06
   3.45557453e+02  -1.19262212e-03
   3.45557941e+02   6.85360690e-04
   3.45558430e+02   1.63161696e-03
   3.45558918e+02   4.21553850e-05
   3.45559406e+02   7.24380545e-04
   3.45559895e+02   2.80495244e-03
   3.45560383e+02   1.40502816e-03
   3.45560871e+02  -1.03768671e-03
   3.45561359e+02  -1.47137849e-03
   3.45561848e+02  -1.10662635e-03
   3.45562336e+02  -7.72697094e-05
   3.45562824e+02   1.30303821e-03
   3.45563313e+02   4.95859305e-04
   3.45563801e+02  -1.49374281e-03
   3.45564289e+02  -9.56894830e-04
   3.45564778e+02   1.23040553e-03
   3.45565266e+02   2.29007099e-03
   3.45565754e+02   2.79879617e-03
   3.45566243e+02   3.69933853e-03
   3.45566731e+02   3.53822252e-03
   3.45567219e+02   2.14392995e-03
   3.45567708e+02   1.67197385e-03
   3.45568196e+02   2.14836188e-03
   3.45568684e+02   7.93180719e-04
   3.45569172e+02  -1.75724039e-03
   3.45569661e+02  -2.34010257e-03
   3.45570149e+02  -9.14958830e-04
   3.45570637e+02   1.24243423e-04
   3.45571126e+02  -5.64682588e-04
   3.45571614e+02  -6.79672870e-04
   3.45572102e+02   4.35643422e-04
   3.45572591e+02   5.04057505e-04
   3.45573079e+02  -1.79612733e-04
   3.45573567e+02  -3.71030736e-04
   3.45574056e+02  -3.79286124e-04
   3.45574544e+02  -6.08342758e-04
   3.45575032e+02  -3.00873624e-04
   3.45575520e+02   6.73639181e-04
   3.45576009e+02   1.03978522e-03
   3.45576497e+02   1.21501705e-03
   3.45576985e+02   1.56095484e-03
   3.45577474e+02   1.31030800e-03
   3.45577962e+02   1.25618640e-03
   3.45578450e+02   1.14815228e-03
   3.45578939e+02   5.00764465e-04
   3.45579427e+02   1.02912320e-03
   3.45579915e+02   1.12871721e-03
   3.45580404e+02  -1.09100256e-04
   3.45580892e+02   9.46654018e-06
   3.45581380e+02   1.08427157e-04
   3.45581868e+02  -9.12552176e-04
   3.45582357e+02  -1.65877223e-03
   3.45582845e+02  -2.21006689e-03
   3.45583333e+02  -1.32970221e-03
   3.45583822e+02   5.63925889e-04
   3.45584310e+02   4.51332016e-04
   3.45584798e+02  -2.53964245e-04
   3.45585287e+02   9.09104187e-04
   3.45585775e+02   2.44425749e-03
   3.45586263e+02   2.30750581e-03
   3.45586752e+02   1.13535021e-03
   3.45587240e+02   7.88084464e-04
   3.45587728e+02   1.02738640e-03
   3.45588216e+02   7.27131090e-04
   3.45588705e+02  -4.16149414e-05
   3.45589193e+02  -9.17010009e-04
   3.45589681e+02  -1.13759073e-03
   3.45590170e+02  -2.12444738e-03
   3.45590658e+02  -2.67064269e-03
   3.45591146e+02  -8.07500503e-04
   3.45591635e+02   4.99859918e-04
   3.45592123e+02   7.82171905e-04
   3.45592611e+02   1.42620981e-03
   3.45593100e+02   1.92949362e-03
   3.45593588e+02   2.13352242e-03
   3.45594076e+02   1.26800663e-03
   3.45594564e+02  -3.85694759e-04
   3.45595053e+02  -7.14683731e-04
   3.45595541e+02  -3.38330778e-04
   3.45596029e+02  -4.03054000e-04
   3.45596518e+02  -1.54139509e-03
   3.45597006e+02  -3.09448456e-03
   3.45597494e+02  -2.25078361e-03
   3.45597983e+02  -1.07099838e-03
   3.45598471e+02  -1.96447922e-03
   3.45598959e+02  -2.40578200e-03
   3.45599448e+02  -7.64668221e-04
   3.45599936e+02   1.34384481e-03
   3.45600424e+02   1.71236717e-03
   3.45600912e+02   1.07082305e-03
   3.45601401e+02   7.83930824e-04
   3.45601889e+02   2.70521210e-04
   3.45602377e+02  -4.63297729e-05
   3.45602866e+02   5.39887289e-04
   3.45603354e+02   1.99846434e-03
   3.45603842e+02   2.96453480e-03
   3.45604331e+02   1.62882532e-03
   3.45604819e+02   5.90333439e-05
   3.45605307e+02  -4.76008310e-04
   3.45605796e+02  -1.31545577e-03
   3.45606284e+02  -1.99171645e-03
   3.45606772e+02  -1.23592070e-03
   3.45607261e+02   4.62638767e-04
   3.45607749e+02   1.14159263e-03
   3.45608237e+02   2.41452406e-04
   3.45608725e+02   1.51407177e-04
   3.45609214e+02   1.45294250e-03
   3.45609702e+02   1.76005973e-03
   3.45610190e+02   3.83385719e-04
   3.45610679e+02  -4.14498470e-04
   3.45611167e+02   3.89984518e-04
   3.45611655e+02   5.47056436e-04
   3.45612144e+02  -1.51447824e-03
   3.45612632e+02  -3.13005899e-03
   3.45613120e+02  -3.07995337e-03
   3.45613609e+02  -3.11243418e-03
   3.45614097e+02  -2.46793847e-03
   3.45614585e+02  -6.51261827e-04
   3.45615073e+02   9.27618006e-04
   3.45615562e+02   1.83830282e-03
   3.45616050e+02   2.16256920e-03
   3.45616538e+02   1.79093564e-03
   3.45617027e+02   5.37047570e-04
   3.45617515e+02  -9.37778095e-04
   3.45618003e+02  -7.78739282e-04
   3.45618492e+02  -2.49695615e-04
   3.45618980e+02  -6.30268652e-04
   3.45619468e+02  -8.94959783e-04
   3.45619957e+02  -1.27271132e-03
   3.45620445e+02  -6.12358795e-04
   3.45620933e+02   1.56727654e-03
   3.45621421e+02   1.15833059e-03
   3.45621910e+02  -7.66938436e-04
   3.45622398e+02  -5.10021986e-04
   3.45622886e+02  -2.66877207e-04
   3.45623375e+02  -7.91461614e-04
   3.45623863e+02  -3.49834881e-05
   3.45624351e+02   9.49770794e-04
   3.45624840e+02   3.77119868e-04
   3.45625328e+02  -3.32012743e-04
   3.45625816e+02  -1.55048037e-04
   3.45626305e+02   1.33450609e-04
   3.45626793e+02   8.21510912e-04
   3.45627281e+02   1.28897326e-03
   3.45627769e+02   5.26670134e-04
   3.45628258e+02  -1.82161166e-04
   3.45628746e+02   1.83917728e-04
   3.45629234e+02   4.27598396e-04
   3.45629723e+02  -7.20075390e-04
   3.45630211e+02  -1.50133017e-03
   3.45630699e+02  -1.34036271e-03
   3.45631188e+02  -1.43998209e-03
   3.45631676e+02  -2.17745919e-03
   3.45632164e+02  -3.01879039e-03
   3.45632653e+02  -2.15153676e-03
   3.45633141e+02  -2.05345234e-04
   3.45633629e+02   4.11870598e-04
   3.45634117e+02  -7.18198571e-05
   3.45634606e+02  -1.68140177e-04
   3.45635094e+02   1.39326975e-03
   3.45635582e+02   3.30486777e-03
   3.45636071e+02   2.68113054e-03
   3.45636559e+02   1.88436371e-03
   3.45637047e+02   2.42732419e-03
   3.45637536e+02   2.33390857e-03
   3.45638024e+02   2.58428394e-03
   3.45638512e+02   4.22956049e-03
   3.45639001e+02   6.11042138e-03
   3.45639489e+02   6.29032124e-03
   3.45639977e+02   6.28987560e-03
   3.45640465e+02   7.25156954e-03
   3.45640954e+02   7.77059328e-03
   3.45641442e+02   6.27299212e-03
   3.45641930e+02   4.63849586e-03
   3.45642419e+02   4.30058921e-03
   3.45642907e+02   4.04324709e-03
   3.45643395e+02   2.59880675e-03
   3.45643884e+02  -3.72384879e-04
   3.45644372e+02  -1.22588070e-03
   3.45644860e+02   1.05084525e-03
   3.45645349e+02   2.59126071e-03
   3.45645837e+02   2.24275864e-03
   3.45646325e+02   2.01977254e-03
   3.45646814e+02   1.14028179e-03
   3.45647302e+02  -6.31191360e-04
   3.45647790e+02  -7.40208838e-04
   3.45648278e+02   4.49611049e-04
   3.45648767e+02   1.85149640e-03
   3.45649255e+02   3.22337728e-03
   3.45649743e+02   3.48852901e-03
   3.45650232e+02   2.33479985e-03
   3.45650720e+02   2.18445761e-03
   3.45651208e+02   3.12182959e-03
   3.45651697e+02   2.42644479e-03
   3.45652185e+02   7.01721641e-04
   3.45652673e+02  -4.24415426e-04
   3.45653162e+02  -1.98842652e-04
   3.45653650e+02   9.54215007e-04
   3.45654138e+02   1.22163072e-03
   3.45654626e+02   9.99499811e-04
   3.45655115e+02   7.44591583e-04
   3.45655603e+02  -4.32987465e-04
   3.45656091e+02  -1.06647692e-03
   3.45656580e+02  -1.88358870e-04
   3.45657068e+02   6.21614745e-04
   3.45657556e+02   2.40734153e-04
   3.45658045e+02  -1.39836990e-03
   3.45658533e+02  -2.59118900e-03
   3.45659021e+02  -2.13197106e-03
   3.45659510e+02  -1.67093473e-03
   3.45659998e+02  -1.72192382e-03
   3.45660486e+02  -8.77477345e-04
   3.45660974e+02   6.86384563e-04
   3.45661463e+02   1.65135285e-03
   3.45661951e+02   1.76591752e-03
   3.45662439e+02   1.47660542e-03
   3.45662928e+02   1.05320720e-03
   3.45663416e+02   4.33366746e-04
   3.45663904e+02  -1.04951742e-03
   3.45664393e+02  -2.21235165e-03
   3.45664881e+02  -2.56464002e-03
   3.45665369e+02  -3.18381004e-03
   3.45665858e+02  -2.78599910e-03
   3.45666346e+02  -1.19044748e-03
   3.45666834e+02   5.56804414e-04
   3.45667322e+02   1.83826359e-03
   3.45667811e+02   2.15557124e-03
   3.45668299e+02   2.21178541e-03
   3.45668787e+02   1.60359242e-03
   3.45669276e+02   1.71213876e-04
   3.45669764e+02  -1.08197040e-03
   3.45670252e+02  -2.18823575e-03
   3.45670741e+02  -2.98532564e-03
   3.45671229e+02  -2.71001854e-03
   3.45671717e+02  -1.44650019e-03
   3.45672206e+02  -9.49111476e-04
   3.45672694e+02  -1.58673734e-03
   3.45673182e+02  -1.22503366e-03
   3.45673670e+02  -1.94079141e-04
   3.45674159e+02  -5.45127201e-04
   3.45674647e+02  -2.04821117e-03
   3.45675135e+02  -3.33142723e-03
   3.45675624e+02  -4.38687298e-03
   3.45676112e+02  -4.89495276e-03
   3.45676600e+02  -4.46902681e-03
   3.45677089e+02  -3.63576645e-03
   3.45677577e+02  -2.92614102e-03
   3.45678065e+02  -2.13632337e-03
   3.45678554e+02  -7.83684023e-04
   3.45679042e+02   3.64030304e-04
   3.45679530e+02  -2.57092819e-04
   3.45680018e+02  -1.30755384e-03
   3.45680507e+02  -9.05540219e-05
   3.45680995e+02   1.74977060e-03
   3.45681483e+02   1.43421034e-03
   3.45681972e+02  -7.68358368e-05
   3.45682460e+02  -6.15901488e-04
   3.45682948e+02   5.36517880e-04
   3.45683437e+02   1.48792949e-03
   3.45683925e+02  -4.62443946e-04
   3.45684413e+02  -4.03940957e-03
   3.45684902e+02  -4.41709394e-03
   3.45685390e+02  -1.14356715e-03
   3.45685878e+02   1.39797688e-03
   3.45686367e+02   9.77542019e-04
   3.45686855e+02   3.22470034e-04
   3.45687343e+02   1.07906410e-03
   3.45687831e+02   1.76430354e-03
   3.45688320e+02   1.39515719e-03
   3.45688808e+02  -1.19537515e-04
   3.45689296e+02  -1.74082362e-03
   3.45689785e+02  -1.99281331e-03
   3.45690273e+02  -8.38052889e-04
   3.45690761e+02   2.86036993e-05
   3.45691250e+02  -5.75057784e-05
   3.45691738e+02   1.44098376e-04
   3.45692226e+02   3.38158337e-04
   3.45692715e+02  -4.54783822e-06
   3.45693203e+02   1.29206865e-05
   3.45693691e+02   9.95622599e-04
   3.45694179e+02   1.34481909e-03
   3.45694668e+02   6.20302162e-04
   3.45695156e+02   8.27941229e-04
   3.45695644e+02   1.12541253e-03
   3.45696133e+02  -5.38660155e-04
   3.45696621e+02  -2.57935096e-03
   3.45697109e+02  -2.69392808e-03
   3.45697598e+02  -6.69172266e-04
   3.45698086e+02   8.83081753e-04
   3.45698574e+02  -4.52417939e-04
   3.45699063e+02  -1.46328250e-03
   3.45699551e+02  -4.08239430e-04
   3.45700039e+02   2.74487771e-04
   3.45700527e+02   2.34982421e-04
   3.45701016e+02   8.98191705e-04
   3.45701504e+02   7.06313702e-04
   3.45701992e+02  -5.55269944e-04
   3.45702481e+02   9.22815874e-04
   3.45702969e+02   3.83240473e-03
   3.45703457e+02   3.82078905e-03
   3.45703946e+02   2.24292185e-03
   3.45704434e+02   1.30409002e-03
   3.45704922e+02   1.55550567e-03
   3.45705411e+02   1.82718306e-03
   3.45705899e+02  -5.41060639e-04
   3.45706387e+02  -3.54309892e-03
   3.45706875e+02  -3.20825283e-03
   3.45707364e+02  -1.41066115e-03
   3.45707852e+02   2.21608745e-04
   3.45708340e+02   1.37997838e-03
   3.45708829e+02   1.33230153e-03
   3.45709317e+02   5.82453213e-04
   3.45709805e+02  -5.43760194e-04
   3.45710294e+02  -1.09481358e-03
   3.45710782e+02  -1.92971740e-04
   3.45711270e+02   1.14773284e-03
   3.45711759e+02   1.98962493e-03
   3.45712247e+02   1.80808234e-03
   3.45712735e+02   1.50069513e-03
   3.45713223e+02   2.58960715e-03
   3.45713712e+02   3.50981648e-03
   3.45714200e+02   2.69902567e-03
   3.45714688e+02   1.69390859e-03
   3.45715177e+02   1.17932248e-03
   3.45715665e+02  -3.18374805e-04
   3.45716153e+02  -2.66403565e-03
   3.45716642e+02  -3.47479922e-03
   3.45717130e+02  -1.51433982e-03
   3.45717618e+02   2.41323211e-03
   3.45718107e+02   4.18260647e-03
   3.45718595e+02   1.80779980e-03
   3.45719083e+02  -4.78318514e-04
   3.45719571e+02  -7.41048367e-04
   3.45720060e+02  -6.11812517e-04
   3.45720548e+02  -4.81650786e-04
   3.45721036e+02  -3.00812564e-04
   3.45721525e+02  -8.53037811e-04
   3.45722013e+02  -1.55648298e-03
   3.45722501e+02  -7.71645573e-04
   3.45722990e+02   5.77856146e-04
   3.45723478e+02   9.94222588e-04
   3.45723966e+02   9.98295378e-04
   3.45724455e+02   1.58611708e-03
   3.45724943e+02   2.90495018e-03
   3.45725431e+02   3.30658653e-03
   3.45725920e+02   2.47752713e-03
   3.45726408e+02   2.17383052e-03
   3.45726896e+02   1.50560820e-03
   3.45727384e+02  -3.19619052e-04
   3.45727873e+02  -1.05663878e-03
   3.45728361e+02  -1.08786568e-03
   3.45728849e+02  -1.72926998e-03
   3.45729338e+02  -1.77340268e-03
   3.45729826e+02  -2.12144645e-04
   3.45730314e+02   1.35455141e-03
   3.45730803e+02   1.13242946e-03
   3.45731291e+02   5.74809383e-04
   3.45731779e+02   1.39582285e-03
   3.45732268e+02   1.71545718e-03
   3.45732756e+02   1.08797802e-03
   3.45733244e+02   1.29227864e-03
   3.45733732e+02   1.86478149e-03
   3.45734221e+02   1.25813507e-03
   3.45734709e+02   5.75847342e-04
   3.45735197e+02   1.33619539e-03
   3.45735686e+02   1.73306651e-03
   3.45736174e+02   7.89322366e-04
   3.45736662e+02   4.22768382e-04
   3.45737151e+02   3.88941320e-04
   3.45737639e+02   5.40455621e-05
   3.45738127e+02   3.48616450e-04
   3.45738616e+02  -3.23163607e-04
   3.45739104e+02  -1.64639438e-03
   3.45739592e+02  -1.59974326e-03
   3.45740080e+02  -9.43248335e-04
   3.45740569e+02  -2.45792966e-04
   3.45741057e+02  -5.28940000e-04
   3.45741545e+02  -1.36344810e-03
   3.45742034e+02  -3.64643376e-04
   3.45742522e+02   7.52638443e-04
   3.45743010e+02  -1.60374882e-04
   3.45743499e+02  -5.16589906e-04
   3.45743987e+02   1.46426668e-04
   3.45744475e+02  -3.06286907e-04
   3.45744964e+02  -1.23412779e-03
   3.45745452e+02  -1.57490070e-03
   3.45745940e+02  -2.09721108e-03
   3.45746428e+02  -2.85203219e-03
   3.45746917e+02  -3.13670584e-03
   3.45747405e+02  -2.46045389e-03
   3.45747893e+02  -5.58545580e-04
   3.45748382e+02   1.54752226e-03
   3.45748870e+02   1.96859380e-03
   3.45749358e+02   1.19826687e-03
   3.45749847e+02   1.35885272e-03
   3.45750335e+02   1.94105995e-03
   3.45750823e+02   1.08418392e-03
   3.45751312e+02  -1.16722244e-04
   3.45751800e+02  -3.80225174e-05
   3.45752288e+02  -2.71967350e-04
   3.45752776e+02   2.44260038e-04
   3.45753265e+02   2.07851687e-03
   3.45753753e+02   2.15100986e-03
   3.45754241e+02   1.22924428e-03
   3.45754730e+02   1.34589721e-03
   3.45755218e+02   1.63561979e-03
   3.45755706e+02   1.25491887e-03
   3.45756195e+02   8.01095564e-04
   3.45756683e+02   8.98107421e-04
   3.45757171e+02   5.89817762e-04
   3.45757660e+02  -9.65118408e-04
   3.45758148e+02  -2.28355452e-03
   3.45758636e+02  -1.21274800e-03
   3.45759124e+02   1.38371007e-03
   3.45759613e+02   2.53087399e-03
   3.45760101e+02   8.78481078e-04
   3.45760589e+02  -1.06445455e-03
   3.45761078e+02  -1.55717848e-04
   3.45761566e+02   1.72807695e-03
   3.45762054e+02   8.65688256e-04
   3.45762543e+02  -8.55976192e-04
   3.45763031e+02  -1.19764882e-03
   3.45763519e+02  -7.67205551e-04
   3.45764008e+02   1.06870453e-03
   3.45764496e+02   2.07211287e-03
   3.45764984e+02  -4.85704804e-04
   3.45765473e+02  -4.49174922e-03
   3.45765961e+02  -4.30030143e-03
   3.45766449e+02   3.21431377e-04
   3.45766937e+02   3.36037064e-03
   3.45767426e+02   1.78377947e-03
   3.45767914e+02  -2.11481121e-04
   3.45768402e+02  -3.30145063e-04
   3.45768891e+02  -1.67589774e-03
   3.45769379e+02  -3.45511758e-03
   3.45769867e+02  -2.69258651e-03
   3.45770356e+02  -2.06728163e-03
   3.45770844e+02  -3.42700537e-03
   3.45771332e+02  -3.87750519e-03
   3.45771821e+02  -2.48525687e-03
   3.45772309e+02  -7.55186076e-04
   3.45772797e+02   1.58669951e-04
   3.45773285e+02   2.16623434e-04
   3.45773774e+02  -1.36594375e-04
   3.45774262e+02  -1.03562023e-03
   3.45774750e+02  -2.27759359e-03
   3.45775239e+02  -2.77852057e-03
   3.45775727e+02  -2.33407714e-03
   3.45776215e+02  -2.49529327e-03
   3.45776704e+02  -2.74721277e-03
   3.45777192e+02  -1.62191014e-03
   3.45777680e+02  -3.58646430e-05
   3.45778169e+02   8.53039790e-04
   3.45778657e+02   2.28698846e-04
   3.45779145e+02  -1.12226699e-03
   3.45779633e+02  -1.02280697e-03
   3.45780122e+02  -4.99870803e-04
   3.45780610e+02  -1.08771992e-03
   3.45781098e+02  -1.85997295e-03
   3.45781587e+02  -2.94824666e-03
   3.45782075e+02  -3.62854637e-03
   3.45782563e+02  -2.55601364e-03
   3.45783052e+02  -1.02694763e-03
   3.45783540e+02  -2.92846380e-04
   3.45784028e+02   4.78799251e-04
   3.45784517e+02   2.10415875e-03
   3.45785005e+02   2.76212441e-03
   3.45785493e+02   1.51044852e-03
   3.45785981e+02   2.26463220e-04
   3.45786470e+02  -1.11321290e-03
   3.45786958e+02  -2.56490451e-03
   3.45787446e+02  -2.19809939e-03
   3.45787935e+02  -1.53685431e-03
   3.45788423e+02  -1.79804745e-03
   3.45788911e+02  -9.63583298e-04
   3.45789400e+02   2.15440727e-04
   3.45789888e+02   3.23466462e-04
   3.45790376e+02  -1.93566579e-04
   3.45790865e+02  -3.32792930e-04
   3.45791353e+02  -1.33045297e-03
   3.45791841e+02  -3.54330894e-03
   3.45792329e+02  -2.37635174e-03
   3.45792818e+02   6.25563785e-04
   3.45793306e+02   3.95369891e-04
   3.45793794e+02  -6.93787762e-04
   3.45794283e+02  -1.28777209e-03
   3.45794771e+02  -2.08106730e-03
   3.45795259e+02  -9.63317754e-04
   3.45795748e+02   1.37149310e-03
   3.45796236e+02   1.73111586e-03
   3.45796724e+02   9.43621504e-04
   3.45797213e+02   1.87313277e-03
   3.45797701e+02   2.42332043e-03
   3.45798189e+02   2.79364060e-04
   3.45798677e+02  -1.83831481e-03
   3.45799166e+02  -1.73097267e-03
   3.45799654e+02  -4.81064548e-04
   3.45800142e+02   8.91489675e-04
   3.45800631e+02   1.74003781e-03
   3.45801119e+02   2.04242254e-03
   3.45801607e+02   2.82556657e-03
   3.45802096e+02   3.43371299e-03
   3.45802584e+02   3.12766945e-03
   3.45803072e+02   2.08668737e-03
   3.45803561e+02   4.09818895e-04
   3.45804049e+02   9.95951414e-05
   3.45804537e+02   1.62119488e-03
   3.45805026e+02   2.30439100e-03
   3.45805514e+02   1.15985924e-03
   3.45806002e+02   3.97524884e-04
   3.45806490e+02   4.61045594e-04
   3.45806979e+02   1.91817264e-04
   3.45807467e+02  -6.96325151e-04
   3.45807955e+02  -1.65647699e-03
   3.45808444e+02  -1.68909400e-03
   3.45808932e+02  -2.97981198e-04
   3.45809420e+02   5.69154450e-04
   3.45809909e+02   7.31442764e-04
   3.45810397e+02   7.29597174e-04
   3.45810885e+02   3.32009367e-04
   3.45811374e+02  -8.42846384e-06
   3.45811862e+02  -8.11617472e-04
   3.45812350e+02  -1.38416607e-03
   3.45812838e+02  -6.04021945e-04
   3.45813327e+02   2.45010859e-04
   3.45813815e+02   1.39611613e-04
   3.45814303e+02   6.48368674e-04
   3.45814792e+02   2.00661481e-03
   3.45815280e+02   1.73176522e-03
   3.45815768e+02  -1.26932398e-03
   3.45816257e+02  -3.51931434e-03
   3.45816745e+02  -2.34237337e-03
   3.45817233e+02  -2.74219474e-05
   3.45817722e+02   8.12478946e-04
   3.45818210e+02   9.12856012e-06
   3.45818698e+02  -1.64910487e-03
   3.45819186e+02  -2.65065278e-03
   3.45819675e+02  -1.71732961e-03
   3.45820163e+02   8.80780281e-04
   3.45820651e+02   3.65551212e-03
   3.45821140e+02   4.36235126e-03
   3.45821628e+02   3.50579130e-03
   3.45822116e+02   2.81361188e-03
   3.45822605e+02   1.27327419e-03
