frequency (GHz), flux (Jy/beam)
   3.44020461e+02  -2.20985690e-04
   3.44020949e+02   1.25630249e-04
   3.44021438e+02   3.20893509e-04
   3.44021926e+02   3.53744908e-05
   3.44022414e+02  -1.19316726e-04
   3.44022903e+02   1.54925947e-04
   3.44023391e+02   2.24507603e-04
   3.44023879e+02  -9.55353826e-05
   3.44024367e+02  -1.40754899e-04
   3.44024856e+02   4.24754653e-05
   3.44025344e+02   1.81270778e-04
   3.44025832e+02   8.03527364e-05
   3.44026321e+02   1.27780761e-04
   3.44026809e+02   6.01853186e-04
   3.44027297e+02   5.62080124e-04
   3.44027786e+02   1.33174399e-04
   3.44028274e+02  -5.99586974e-06
   3.44028762e+02  -1.80246170e-05
   3.44029251e+02   9.32272887e-05
   3.44029739e+02   1.40939257e-04
   3.44030227e+02   4.69454972e-05
   3.44030716e+02  -1.62754295e-04
   3.44031204e+02  -1.89025406e-04
   3.44031692e+02   1.42090692e-04
   3.44032181e+02   2.93716876e-04
   3.44032669e+02   3.28337977e-04
   3.44033157e+02   4.18748445e-04
   3.44033646e+02   4.09225147e-04
   3.44034134e+02   1.59609044e-04
   3.44034622e+02  -1.20250559e-04
   3.44035110e+02  -2.39133034e-04
   3.44035599e+02  -1.16567549e-04
   3.44036087e+02  -1.11341382e-04
   3.44036575e+02  -2.47467426e-04
   3.44037064e+02  -1.53779969e-04
   3.44037552e+02  -1.83290555e-04
   3.44038040e+02  -4.64099110e-04
   3.44038529e+02  -4.25967766e-04
   3.44039017e+02  -3.05232446e-04
   3.44039505e+02  -3.20472260e-04
   3.44039994e+02  -3.16775346e-04
   3.44040482e+02  -3.30174691e-04
   3.44040970e+02  -1.46365055e-04
   3.44041459e+02   1.64746249e-04
   3.44041947e+02   5.26117568e-04
   3.44042435e+02   4.44978592e-04
   3.44042924e+02   2.86424183e-04
   3.44043412e+02   5.02330076e-04
   3.44043900e+02   4.86016099e-04
   3.44044389e+02   1.51696586e-04
   3.44044877e+02  -1.54194277e-04
   3.44045365e+02  -4.48161678e-04
   3.44045853e+02  -4.34626272e-04
   3.44046342e+02   2.69525262e-05
   3.44046830e+02   3.85706284e-04
   3.44047318e+02   2.98674568e-04
   3.44047807e+02   2.74705468e-04
   3.44048295e+02   3.24978086e-04
   3.44048783e+02   1.47111816e-04
   3.44049272e+02  -1.54436057e-04
   3.44049760e+02  -4.27911611e-04
   3.44050248e+02  -4.15682443e-04
   3.44050737e+02  -1.98372814e-04
   3.44051225e+02  -1.93005981e-05
   3.44051713e+02   1.70040526e-04
   3.44052202e+02   2.02845986e-04
   3.44052690e+02  -8.21602498e-06
   3.44053178e+02  -5.77101418e-05
   3.44053667e+02   8.58068379e-05
   3.44054155e+02   1.04385937e-04
   3.44054643e+02   9.19625018e-06
   3.44055132e+02  -1.99444126e-04
   3.44055620e+02  -3.30224546e-04
   3.44056108e+02  -2.33903906e-04
   3.44056597e+02   1.18648772e-04
   3.44057085e+02   2.29488709e-04
   3.44057573e+02  -8.87240603e-05
   3.44058061e+02  -2.25682001e-04
   3.44058550e+02  -8.16209722e-05
   3.44059038e+02  -6.31596549e-06
   3.44059526e+02  -5.92827564e-05
   3.44060015e+02   1.13976574e-04
   3.44060503e+02   2.79304804e-04
   3.44060991e+02   1.77455862e-04
   3.44061480e+02   1.16311048e-05
   3.44061968e+02  -2.17125969e-04
   3.44062456e+02  -1.37700714e-04
   3.44062945e+02   2.12305968e-04
   3.44063433e+02   3.01503722e-04
   3.44063921e+02   9.35696808e-05
   3.44064410e+02  -4.62161988e-05
   3.44064898e+02   1.47142873e-06
   3.44065386e+02  -1.48223131e-04
   3.44065875e+02  -2.41542133e-04
   3.44066363e+02   1.25859166e-04
   3.44066851e+02   2.07084478e-04
   3.44067340e+02  -2.17350360e-04
   3.44067828e+02  -4.07589047e-04
   3.44068316e+02  -1.59678893e-04
   3.44068804e+02   1.88287275e-04
   3.44069293e+02   3.05808469e-04
   3.44069781e+02   2.79591652e-04
   3.44070269e+02   2.41794405e-04
   3.44070758e+02   2.40524110e-04
   3.44071246e+02   2.78592459e-04
   3.44071734e+02   1.27620107e-04
   3.44072223e+02  -1.61926626e-04
   3.44072711e+02  -2.69542303e-04
   3.44073199e+02  -2.91363656e-04
   3.44073688e+02  -3.44507076e-04
   3.44074176e+02  -3.07469367e-04
   3.44074664e+02  -1.05256986e-04
   3.44075153e+02   1.23609905e-04
   3.44075641e+02   1.96239751e-04
   3.44076129e+02  -1.59369920e-05
   3.44076618e+02  -3.20875231e-04
   3.44077106e+02  -3.84453335e-04
   3.44077594e+02  -3.88588116e-04
   3.44078083e+02  -5.22262359e-04
   3.44078571e+02  -5.10972983e-04
   3.44079059e+02  -2.56662344e-04
   3.44079548e+02  -5.43878195e-05
   3.44080036e+02   3.60499689e-05
   3.44080524e+02   1.19523422e-04
   3.44081012e+02   2.04514727e-04
   3.44081501e+02  -9.60006801e-05
   3.44081989e+02  -3.61282175e-04
   3.44082477e+02  -2.64518458e-04
   3.44082966e+02  -1.69101811e-04
   3.44083454e+02   6.64662657e-05
   3.44083942e+02   2.01162737e-04
   3.44084431e+02   1.88276739e-04
   3.44084919e+02   2.45980686e-04
   3.44085407e+02   4.61596428e-05
   3.44085896e+02  -2.65994167e-04
   3.44086384e+02  -2.90389318e-04
   3.44086872e+02  -6.51027876e-05
   3.44087361e+02  -8.16142201e-05
   3.44087849e+02  -1.66825310e-04
   3.44088337e+02   9.03323598e-05
   3.44088826e+02   1.44610138e-04
   3.44089314e+02  -8.54572063e-05
   3.44089802e+02  -1.16999436e-04
   3.44090291e+02  -2.14232514e-05
   3.44090779e+02   2.03766867e-05
   3.44091267e+02   1.97062298e-04
   3.44091755e+02   3.89393303e-04
   3.44092244e+02   2.82794615e-04
   3.44092732e+02   7.38357339e-05
   3.44093220e+02  -5.12407241e-05
   3.44093709e+02   3.02200933e-05
   3.44094197e+02   3.25668021e-04
   3.44094685e+02   3.31888848e-04
   3.44095174e+02   1.90592866e-04
   3.44095662e+02   2.55126448e-04
   3.44096150e+02   3.58194520e-04
   3.44096639e+02   4.90123814e-04
   3.44097127e+02   3.28430760e-04
   3.44097615e+02  -1.01015168e-04
   3.44098104e+02  -2.68486096e-04
   3.44098592e+02  -1.80661591e-04
   3.44099080e+02   1.68595616e-05
   3.44099569e+02   1.14424845e-04
   3.44100057e+02  -6.33102245e-05
   3.44100545e+02  -2.51873367e-04
   3.44101034e+02  -1.35280061e-04
   3.44101522e+02   3.91671456e-05
   3.44102010e+02   8.72039891e-05
   3.44102498e+02   1.34140995e-04
   3.44102987e+02  -2.87874172e-05
   3.44103475e+02  -2.73800571e-04
   3.44103963e+02  -3.23068700e-04
   3.44104452e+02  -2.12939922e-04
   3.44104940e+02  -1.18364456e-04
   3.44105428e+02  -2.36149222e-04
   3.44105917e+02  -2.10948070e-04
   3.44106405e+02   8.19701672e-05
   3.44106893e+02   2.67139898e-04
   3.44107382e+02   3.33655160e-04
   3.44107870e+02   1.37439449e-04
   3.44108358e+02  -6.34026874e-05
   3.44108847e+02   1.47440776e-04
   3.44109335e+02   3.78278084e-04
   3.44109823e+02   3.19026003e-04
   3.44110312e+02  -2.18451851e-06
   3.44110800e+02  -3.74719850e-04
   3.44111288e+02  -4.46287246e-04
   3.44111777e+02  -2.32358696e-04
   3.44112265e+02  -1.00730003e-05
   3.44112753e+02   6.43422827e-05
   3.44113242e+02   6.22752632e-05
   3.44113730e+02   3.67133071e-05
   3.44114218e+02  -9.55590731e-05
   3.44114706e+02  -2.68222182e-04
   3.44115195e+02  -8.85562476e-05
   3.44115683e+02   3.18845006e-04
   3.44116171e+02   2.88789335e-04
   3.44116660e+02   1.41235927e-04
   3.44117148e+02   2.61409732e-04
   3.44117636e+02   1.53358778e-04
   3.44118125e+02  -1.25705163e-04
   3.44118613e+02  -1.85122641e-04
   3.44119101e+02  -1.67514881e-04
   3.44119590e+02  -4.19591606e-06
   3.44120078e+02   1.98825728e-04
   3.44120566e+02   1.14255352e-04
   3.44121055e+02  -1.07552987e-04
   3.44121543e+02  -1.31114459e-04
   3.44122031e+02  -1.83335404e-04
   3.44122520e+02  -1.32690417e-04
   3.44123008e+02   2.69541255e-04
   3.44123496e+02   3.66593216e-04
   3.44123985e+02   2.76806040e-05
   3.44124473e+02  -3.02176661e-04
   3.44124961e+02  -3.17662780e-04
   3.44125449e+02  -4.42280398e-05
   3.44125938e+02   4.02879341e-05
   3.44126426e+02   5.19860296e-05
   3.44126914e+02   2.73431710e-04
   3.44127403e+02   3.86536762e-04
   3.44127891e+02   4.85194963e-04
   3.44128379e+02   4.91100829e-04
   3.44128868e+02   1.98062029e-04
   3.44129356e+02  -1.90890481e-04
   3.44129844e+02  -3.41535633e-04
   3.44130333e+02  -2.14229018e-04
   3.44130821e+02  -2.29895755e-04
   3.44131309e+02  -3.55108379e-04
   3.44131798e+02  -2.94636266e-04
   3.44132286e+02  -1.37780458e-04
   3.44132774e+02  -2.23898402e-04
   3.44133263e+02  -3.30344425e-04
   3.44133751e+02  -7.67144738e-05
   3.44134239e+02   2.14669722e-04
   3.44134728e+02   2.60077300e-04
   3.44135216e+02   1.84241871e-04
   3.44135704e+02   3.06929491e-04
   3.44136192e+02   1.49756001e-04
   3.44136681e+02  -3.61626626e-05
   3.44137169e+02  -2.62801532e-05
   3.44137657e+02  -2.24515115e-05
   3.44138146e+02  -2.08469733e-04
   3.44138634e+02  -2.43398157e-04
   3.44139122e+02   3.86670217e-05
   3.44139611e+02   2.24325209e-04
   3.44140099e+02   2.14934844e-04
   3.44140587e+02   2.20676142e-04
   3.44141076e+02   1.58482319e-04
   3.44141564e+02   9.31902978e-05
   3.44142052e+02  -1.91268573e-05
   3.44142541e+02  -1.45611120e-04
   3.44143029e+02   3.77630704e-06
   3.44143517e+02   2.61993031e-04
   3.44144006e+02   3.89005610e-04
   3.44144494e+02   3.69040994e-04
   3.44144982e+02   3.21549014e-04
   3.44145471e+02   2.53008475e-04
   3.44145959e+02   4.66082012e-04
   3.44146447e+02   6.02058019e-04
   3.44146936e+02   7.17825314e-04
   3.44147424e+02   7.20468466e-04
   3.44147912e+02   4.39185678e-04
   3.44148400e+02   3.61099490e-04
   3.44148889e+02   5.47896081e-04
   3.44149377e+02   3.17450438e-04
   3.44149865e+02   1.15100520e-04
   3.44150354e+02   3.38939397e-04
   3.44150842e+02   2.81633082e-04
   3.44151330e+02  -6.81588208e-05
   3.44151819e+02  -1.25955732e-04
   3.44152307e+02  -1.32195622e-04
   3.44152795e+02  -2.36421649e-04
   3.44153284e+02  -1.73593973e-04
   3.44153772e+02  -7.27341830e-05
   3.44154260e+02  -1.48388441e-04
   3.44154749e+02  -9.65950094e-05
   3.44155237e+02   5.32658923e-05
   3.44155725e+02   7.69520557e-05
   3.44156214e+02  -1.51176209e-05
   3.44156702e+02  -5.02005387e-05
   3.44157190e+02   1.87324680e-04
   3.44157679e+02   3.08988063e-04
   3.44158167e+02   2.73354555e-04
   3.44158655e+02   3.82809929e-04
   3.44159143e+02   3.58973222e-04
   3.44159632e+02   1.35224735e-04
   3.44160120e+02   6.43500680e-05
   3.44160608e+02   1.04033745e-04
   3.44161097e+02   1.84294186e-04
   3.44161585e+02   4.33738111e-04
   3.44162073e+02   4.59228468e-04
   3.44162562e+02   2.31353304e-04
   3.44163050e+02   3.24673747e-04
   3.44163538e+02   4.78191883e-04
   3.44164027e+02   4.20425175e-04
   3.44164515e+02   4.88773396e-04
   3.44165003e+02   2.26281802e-04
   3.44165492e+02  -2.77516607e-04
   3.44165980e+02  -3.81367834e-04
   3.44166468e+02  -2.47769174e-04
   3.44166957e+02   2.18525911e-05
   3.44167445e+02   3.11560842e-04
   3.44167933e+02   4.46071965e-04
   3.44168422e+02   3.10173986e-04
   3.44168910e+02   3.36368903e-05
   3.44169398e+02  -1.53224188e-04
   3.44169886e+02   1.15972998e-05
   3.44170375e+02   5.14011117e-05
   3.44170863e+02  -2.43755494e-04
   3.44171351e+02  -3.70655413e-04
   3.44171840e+02  -3.33772274e-04
   3.44172328e+02  -4.26620158e-04
   3.44172816e+02  -2.95068690e-04
   3.44173305e+02   1.83427837e-04
   3.44173793e+02   4.06453561e-04
   3.44174281e+02   2.65843351e-04
   3.44174770e+02   1.50513573e-04
   3.44175258e+02   1.02470345e-04
   3.44175746e+02   1.82355034e-05
   3.44176235e+02  -5.37291380e-05
   3.44176723e+02  -2.17379002e-05
   3.44177211e+02   1.14609284e-04
   3.44177700e+02   2.24670308e-04
   3.44178188e+02   1.22131765e-04
   3.44178676e+02  -9.74454160e-05
   3.44179165e+02  -1.79942392e-04
   3.44179653e+02  -2.12730782e-04
   3.44180141e+02  -1.81734227e-04
   3.44180630e+02  -1.34851594e-04
   3.44181118e+02  -1.25201273e-04
   3.44181606e+02  -1.22262019e-04
   3.44182094e+02  -1.93362081e-04
   3.44182583e+02  -1.30074104e-05
   3.44183071e+02   2.88109382e-04
   3.44183559e+02   1.62408542e-04
   3.44184048e+02  -1.00246929e-04
   3.44184536e+02  -6.42343139e-06
   3.44185024e+02   1.80694260e-04
   3.44185513e+02  -4.77164986e-06
   3.44186001e+02  -1.62693948e-04
   3.44186489e+02  -4.70986879e-06
   3.44186978e+02  -1.83763274e-04
   3.44187466e+02  -5.47391828e-04
   3.44187954e+02  -5.58002910e-04
   3.44188443e+02  -2.79789470e-04
   3.44188931e+02  -1.25276332e-04
   3.44189419e+02  -2.31529411e-04
   3.44189908e+02  -3.78630561e-04
   3.44190396e+02  -3.63265077e-04
   3.44190884e+02  -1.76617366e-04
   3.44191373e+02  -1.08137765e-05
   3.44191861e+02   1.45131955e-04
   3.44192349e+02   1.48306979e-04
   3.44192837e+02  -2.46612559e-04
   3.44193326e+02  -1.13713933e-04
   3.44193814e+02   1.15722512e-04
   3.44194302e+02  -6.48586079e-04
   3.44194791e+02  -5.55522565e-04
   3.44195279e+02  -1.23567979e-05
   3.44195767e+02   8.76391205e-05
   3.44196256e+02  -1.57640476e-04
   3.44196744e+02  -3.08650255e-04
   3.44197232e+02  -2.30792415e-04
   3.44197721e+02  -1.62963144e-04
   3.44198209e+02  -1.99558883e-04
   3.44198697e+02  -1.51226966e-04
   3.44199186e+02   1.09417624e-05
   3.44199674e+02   1.99935530e-04
   3.44200162e+02   2.85876420e-04
   3.44200651e+02   3.32892494e-04
   3.44201139e+02   1.96739304e-04
   3.44201627e+02   1.44200778e-04
   3.44202116e+02   2.46088806e-04
   3.44202604e+02   1.73992317e-04
   3.44203092e+02   1.12276910e-04
   3.44203580e+02   5.86607966e-05
   3.44204069e+02   5.84101253e-05
   3.44204557e+02  -3.96485921e-05
   3.44205045e+02  -2.55131832e-04
   3.44205534e+02  -2.47643358e-04
   3.44206022e+02  -1.85084446e-05
   3.44206510e+02   1.10260378e-04
   3.44206999e+02  -7.06755673e-05
   3.44207487e+02  -2.40593188e-04
   3.44207975e+02  -1.47926003e-05
   3.44208464e+02   2.84308364e-04
   3.44208952e+02   3.77281394e-04
   3.44209440e+02   3.85110528e-04
   3.44209929e+02   2.21288923e-04
   3.44210417e+02  -3.84912482e-06
   3.44210905e+02  -1.95120288e-06
   3.44211394e+02  -1.17238988e-05
   3.44211882e+02  -1.54127498e-04
   3.44212370e+02  -2.16116896e-04
   3.44212859e+02  -1.01699101e-04
   3.44213347e+02   1.56667047e-05
   3.44213835e+02  -3.34091383e-05
   3.44214324e+02   7.70365587e-05
   3.44214812e+02   2.44045194e-04
   3.44215300e+02   7.93219078e-05
   3.44215788e+02  -1.58174807e-04
   3.44216277e+02  -1.86956604e-04
   3.44216765e+02  -8.42994414e-05
   3.44217253e+02  -1.00182151e-04
   3.44217742e+02  -1.40503063e-04
   3.44218230e+02  -2.31577214e-05
   3.44218718e+02  -4.06714462e-05
   3.44219207e+02   6.84001643e-05
   3.44219695e+02   4.43973782e-04
   3.44220183e+02   5.24645206e-04
   3.44220672e+02   3.34014971e-04
   3.44221160e+02   1.69777879e-04
   3.44221648e+02  -1.12605834e-04
   3.44222137e+02  -2.89130607e-04
   3.44222625e+02   2.38664816e-05
   3.44223113e+02   2.72836594e-04
   3.44223602e+02   1.26922547e-04
   3.44224090e+02  -1.49771338e-04
   3.44224578e+02  -1.17736447e-04
   3.44225067e+02   1.98310634e-04
   3.44225555e+02   2.26165575e-04
   3.44226043e+02  -1.04892984e-04
   3.44226531e+02  -3.36401747e-04
   3.44227020e+02  -2.19654758e-04
   3.44227508e+02  -4.80016533e-05
   3.44227996e+02  -5.59537921e-06
   3.44228485e+02  -1.04086808e-04
   3.44228973e+02  -3.05229216e-04
   3.44229461e+02  -1.47021186e-04
   3.44229950e+02   2.52666650e-04
   3.44230438e+02   3.89215857e-04
   3.44230926e+02   3.48005444e-04
   3.44231415e+02   1.03117090e-04
   3.44231903e+02  -1.82125310e-04
   3.44232391e+02  -6.61955928e-05
   3.44232880e+02   1.74961082e-04
   3.44233368e+02   2.28136953e-04
   3.44233856e+02   1.72957662e-04
   3.44234345e+02   8.37697080e-05
   3.44234833e+02   2.35283980e-04
   3.44235321e+02   3.35528690e-04
   3.44235810e+02   1.51753076e-04
   3.44236298e+02   2.88562169e-05
   3.44236786e+02   2.43502960e-04
   3.44237275e+02   5.06252982e-04
   3.44237763e+02   4.74371511e-04
   3.44238251e+02   3.96494288e-04
   3.44238739e+02   1.66704791e-04
   3.44239228e+02   3.35518562e-05
   3.44239716e+02   1.43214769e-04
   3.44240204e+02   3.44843611e-05
   3.44240693e+02  -1.14847724e-04
   3.44241181e+02  -2.26666423e-04
   3.44241669e+02  -3.14443081e-04
   3.44242158e+02  -1.77584938e-04
   3.44242646e+02   8.44794849e-05
   3.44243134e+02   1.46267746e-04
   3.44243623e+02   2.51539110e-04
   3.44244111e+02   3.16451915e-04
   3.44244599e+02   2.32564962e-05
   3.44245088e+02  -2.08745856e-04
   3.44245576e+02  -1.80424264e-04
   3.44246064e+02  -1.37663592e-04
   3.44246553e+02  -2.62473390e-04
   3.44247041e+02  -3.88108281e-04
   3.44247529e+02  -1.18081713e-04
   3.44248018e+02   9.00688465e-05
   3.44248506e+02  -3.25322981e-05
   3.44248994e+02  -1.00048594e-04
   3.44249482e+02  -1.68235842e-04
   3.44249971e+02  -4.16397059e-04
   3.44250459e+02  -4.85470140e-04
   3.44250947e+02  -1.71464024e-04
   3.44251436e+02  -9.14743287e-05
   3.44251924e+02  -3.58462130e-04
   3.44252412e+02  -3.61198705e-04
   3.44252901e+02  -1.18391603e-04
   3.44253389e+02  -1.34549875e-04
   3.44253877e+02  -1.15738927e-04
   3.44254366e+02   5.67937059e-05
   3.44254854e+02  -7.46918377e-05
   3.44255342e+02  -1.93905318e-04
   3.44255831e+02  -5.29750941e-05
   3.44256319e+02  -1.20501763e-05
   3.44256807e+02   2.35562584e-05
   3.44257296e+02   6.36147161e-05
   3.44257784e+02  -6.97282012e-05
   3.44258272e+02  -2.17471897e-04
   3.44258761e+02  -7.91444909e-05
   3.44259249e+02   3.20665829e-04
   3.44259737e+02   4.42904915e-04
   3.44260225e+02   2.84805661e-04
   3.44260714e+02   2.36303327e-04
   3.44261202e+02   2.20668924e-04
   3.44261690e+02   1.09571520e-04
   3.44262179e+02   7.36859074e-05
   3.44262667e+02   3.74249721e-05
   3.44263155e+02  -1.11087676e-04
   3.44263644e+02  -1.84222503e-04
   3.44264132e+02  -6.68680441e-05
   3.44264620e+02   2.33475512e-04
   3.44265109e+02   4.19805001e-04
   3.44265597e+02   2.91744102e-04
   3.44266085e+02  -2.80190725e-05
   3.44266574e+02  -2.11446240e-04
   3.44267062e+02  -1.08361026e-04
   3.44267550e+02  -6.83577164e-05
   3.44268039e+02  -1.41903161e-04
   3.44268527e+02   1.46438806e-05
   3.44269015e+02   1.38565665e-04
   3.44269504e+02   3.65378328e-05
   3.44269992e+02  -1.03336839e-04
   3.44270480e+02  -5.69315525e-05
   3.44270969e+02   3.07688315e-05
   3.44271457e+02  -7.52772758e-05
   3.44271945e+02  -4.21848672e-05
   3.44272433e+02  -2.24652667e-05
   3.44272922e+02  -1.18467760e-04
   3.44273410e+02   2.00373921e-04
   3.44273898e+02   5.75820683e-04
   3.44274387e+02   2.40219815e-04
   3.44274875e+02  -3.60115315e-04
   3.44275363e+02  -2.95800390e-04
   3.44275852e+02   1.17186733e-04
   3.44276340e+02   2.08588681e-04
   3.44276828e+02   2.69789569e-04
   3.44277317e+02   5.43252914e-04
   3.44277805e+02   4.18803189e-04
   3.44278293e+02   5.75045233e-05
   3.44278782e+02  -9.88862957e-05
   3.44279270e+02  -2.25813565e-04
   3.44279758e+02  -2.20343936e-04
   3.44280247e+02  -9.64968858e-05
   3.44280735e+02  -3.92955826e-06
   3.44281223e+02  -1.08097433e-04
   3.44281712e+02  -2.58412561e-04
   3.44282200e+02  -2.01649222e-04
   3.44282688e+02  -2.54710205e-04
   3.44283176e+02  -2.58909713e-04
   3.44283665e+02  -7.87507670e-05
   3.44284153e+02  -9.83138307e-05
   3.44284641e+02  -1.72045577e-04
   3.44285130e+02   2.13353578e-05
   3.44285618e+02   2.45256640e-04
   3.44286106e+02   3.12452205e-04
   3.44286595e+02   4.15647111e-04
   3.44287083e+02   2.99946900e-04
   3.44287571e+02  -2.49596196e-04
   3.44288060e+02  -3.91056208e-04
   3.44288548e+02  -2.16276196e-04
   3.44289036e+02  -2.48551456e-04
   3.44289525e+02  -1.83222786e-04
   3.44290013e+02  -2.28237783e-04
   3.44290501e+02  -3.98768723e-04
   3.44290990e+02  -3.31725372e-04
   3.44291478e+02  -1.72575106e-04
   3.44291966e+02  -6.12885124e-05
   3.44292455e+02   2.68429485e-05
   3.44292943e+02  -4.41393240e-05
   3.44293431e+02  -5.32501581e-05
   3.44293919e+02   3.25173605e-05
   3.44294408e+02   8.63023306e-05
   3.44294896e+02   8.33595259e-05
   3.44295384e+02   1.42288727e-05
   3.44295873e+02  -7.14681955e-05
   3.44296361e+02  -1.36043163e-04
   3.44296849e+02  -1.26044964e-04
   3.44297338e+02   6.02915316e-05
   3.44297826e+02   1.84700955e-04
   3.44298314e+02   2.30108199e-04
   3.44298803e+02   3.30078707e-04
   3.44299291e+02   2.57855747e-04
   3.44299779e+02   5.66300223e-05
   3.44300268e+02   1.01284044e-04
   3.44300756e+02   3.91747308e-04
   3.44301244e+02   4.82792384e-04
   3.44301733e+02   2.74975027e-04
   3.44302221e+02   8.79745348e-05
   3.44302709e+02  -1.21788100e-04
   3.44303198e+02  -1.94475011e-04
   3.44303686e+02  -2.64300525e-05
   3.44304174e+02  -2.28167246e-05
   3.44304663e+02  -1.44177378e-04
   3.44305151e+02  -1.39143856e-04
   3.44305639e+02  -1.43743964e-04
   3.44306127e+02  -1.09259025e-04
   3.44306616e+02   2.23556672e-05
   3.44307104e+02   1.08310123e-04
   3.44307592e+02   1.11608846e-04
   3.44308081e+02   6.28262933e-05
   3.44308569e+02  -1.31217221e-05
   3.44309057e+02  -1.14836628e-04
   3.44309546e+02  -1.76039379e-04
   3.44310034e+02  -1.82021860e-04
   3.44310522e+02  -2.76455336e-04
   3.44311011e+02  -2.61786801e-04
   3.44311499e+02   2.03053321e-04
   3.44311987e+02   3.73142597e-04
   3.44312476e+02   3.25941481e-04
   3.44312964e+02   2.83126225e-04
   3.44313452e+02   2.31266327e-04
   3.44313941e+02   1.33158101e-04
   3.44314429e+02   1.41915676e-04
   3.44314917e+02   2.98172468e-04
   3.44315406e+02   1.40589196e-04
   3.44315894e+02  -2.05523276e-04
   3.44316382e+02  -1.64157755e-04
   3.44316870e+02   1.51952729e-04
   3.44317359e+02   3.73114803e-04
   3.44317847e+02   1.21291596e-04
   3.44318335e+02  -2.02695737e-04
   3.44318824e+02  -2.09094214e-04
   3.44319312e+02  -1.62500670e-04
   3.44319800e+02  -4.77366757e-06
   3.44320289e+02   4.49625950e-05
   3.44320777e+02  -5.72207427e-05
   3.44321265e+02   1.52026158e-04
   3.44321754e+02   4.84735589e-04
   3.44322242e+02   2.89789779e-04
   3.44322730e+02  -3.52407398e-04
   3.44323219e+02  -5.82545006e-04
   3.44323707e+02  -3.57757759e-04
   3.44324195e+02  -2.16425469e-04
   3.44324684e+02  -2.35488129e-04
   3.44325172e+02  -3.39790160e-04
   3.44325660e+02  -2.65975192e-04
   3.44326149e+02  -2.37341228e-04
   3.44326637e+02  -3.77594260e-04
   3.44327125e+02  -2.28995123e-04
   3.44327613e+02   1.74271758e-04
   3.44328102e+02   3.74296738e-04
   3.44328590e+02   2.35840605e-04
   3.44329078e+02  -6.17137048e-05
   3.44329567e+02  -3.53658834e-04
   3.44330055e+02  -3.88372253e-04
   3.44330543e+02  -2.93152552e-04
   3.44331032e+02  -2.19982525e-04
   3.44331520e+02  -3.73178336e-05
   3.44332008e+02   1.47131228e-04
   3.44332497e+02   2.82979745e-04
   3.44332985e+02   1.78168222e-04
   3.44333473e+02  -2.52211448e-05
   3.44333962e+02  -4.01970065e-05
   3.44334450e+02  -1.19047232e-04
   3.44334938e+02  -2.66515301e-04
   3.44335427e+02  -3.65849235e-04
   3.44335915e+02  -3.24764813e-04
   3.44336403e+02  -5.81646673e-05
   3.44336892e+02   2.92739656e-04
   3.44337380e+02   4.73904860e-04
   3.44337868e+02   3.88861721e-04
   3.44338357e+02   2.28616191e-04
   3.44338845e+02   3.19810642e-04
   3.44339333e+02   2.43864095e-04
   3.44339821e+02  -9.12952237e-05
   3.44340310e+02  -2.51750869e-04
   3.44340798e+02  -4.16558687e-05
   3.44341286e+02   1.93592059e-04
   3.44341775e+02   2.54774030e-04
   3.44342263e+02  -1.22493817e-04
   3.44342751e+02  -4.66290396e-04
   3.44343240e+02  -3.33179400e-04
   3.44343728e+02  -1.43371508e-04
   3.44344216e+02  -5.54455546e-05
   3.44344705e+02  -4.10877601e-06
   3.44345193e+02   1.55778005e-04
   3.44345681e+02   2.35145868e-04
   3.44346170e+02   1.87419806e-04
   3.44346658e+02   7.87279860e-05
   3.44347146e+02   2.41322941e-05
   3.44347635e+02  -1.07927835e-05
   3.44348123e+02  -2.93409794e-05
   3.44348611e+02   2.11412225e-05
   3.44349100e+02  -2.93971418e-04
   3.44349588e+02  -5.07826975e-04
   3.44350076e+02  -3.27614573e-04
   3.44350564e+02  -6.05451532e-05
   3.44351053e+02   2.07111298e-04
   3.44351541e+02   2.14934771e-04
   3.44352029e+02  -1.84824632e-04
   3.44352518e+02  -4.76279296e-04
   3.44353006e+02  -1.94869746e-04
   3.44353494e+02   5.37554515e-05
   3.44353983e+02  -5.52078636e-05
   3.44354471e+02  -2.61996844e-04
   3.44354959e+02  -3.04474554e-04
   3.44355448e+02  -8.47423726e-05
   3.44355936e+02  -1.39372496e-04
   3.44356424e+02  -2.90652795e-04
   3.44356913e+02  -2.09664886e-05
   3.44357401e+02   2.59324952e-05
   3.44357889e+02  -1.12553855e-04
   3.44358378e+02  -4.86518948e-05
   3.44358866e+02  -1.58850289e-05
   3.44359354e+02  -9.49613968e-05
   3.44359843e+02  -1.35096241e-04
   3.44360331e+02  -1.07553707e-04
   3.44360819e+02  -6.81012534e-05
   3.44361307e+02  -5.38754357e-05
   3.44361796e+02  -4.32378056e-06
   3.44362284e+02   1.52426292e-04
   3.44362772e+02   2.97513412e-04
   3.44363261e+02   1.70784493e-04
   3.44363749e+02  -2.60945875e-04
   3.44364237e+02  -4.70560160e-04
   3.44364726e+02  -2.51149992e-04
   3.44365214e+02  -1.37838433e-04
   3.44365702e+02  -2.91757373e-04
   3.44366191e+02  -2.87885341e-04
   3.44366679e+02  -1.00722100e-04
   3.44367167e+02  -5.14029125e-05
   3.44367656e+02  -1.38074771e-04
   3.44368144e+02  -1.76923961e-04
   3.44368632e+02  -1.43072015e-04
   3.44369121e+02  -6.79046934e-05
   3.44369609e+02  -5.96114805e-05
   3.44370097e+02   7.76500747e-05
   3.44370586e+02   8.49478165e-05
   3.44371074e+02   6.02612308e-05
   3.44371562e+02  -6.02980163e-06
   3.44372051e+02   5.47578129e-05
   3.44372539e+02   4.37227754e-05
   3.44373027e+02  -4.76049863e-05
   3.44373515e+02  -1.21747598e-05
   3.44374004e+02   5.78372237e-05
   3.44374492e+02   5.61506859e-05
   3.44374980e+02  -7.62195777e-05
   3.44375469e+02  -1.24221813e-04
   3.44375957e+02  -7.85774100e-05
   3.44376445e+02  -2.69778015e-04
   3.44376934e+02  -2.99189822e-04
   3.44377422e+02   1.86799210e-04
   3.44377910e+02   4.40326141e-04
   3.44378399e+02   9.30623719e-05
   3.44378887e+02  -6.49842332e-05
   3.44379375e+02   1.80612027e-04
   3.44379864e+02   3.51835391e-04
   3.44380352e+02   4.65850608e-04
   3.44380840e+02   2.90077587e-04
   3.44381329e+02  -1.23121266e-04
   3.44381817e+02  -4.29187145e-04
   3.44382305e+02  -5.79044165e-04
   3.44382794e+02  -2.69502372e-04
   3.44383282e+02   1.88380349e-04
   3.44383770e+02   5.89781375e-05
   3.44384258e+02  -1.87089812e-04
   3.44384747e+02  -1.99461487e-04
   3.44385235e+02  -3.16542486e-04
   3.44385723e+02  -3.55917902e-04
   3.44386212e+02  -1.78958842e-04
   3.44386700e+02  -2.79168999e-05
   3.44387188e+02  -4.35917791e-05
   3.44387677e+02  -6.08688933e-05
   3.44388165e+02   8.43616144e-05
   3.44388653e+02   1.33335425e-05
   3.44389142e+02  -1.40914504e-04
   3.44389630e+02   1.59145802e-05
   3.44390118e+02   1.12300651e-04
   3.44390607e+02   3.66750988e-04
   3.44391095e+02   3.49877810e-04
   3.44391583e+02  -1.88251342e-05
   3.44392072e+02  -1.47808432e-05
   3.44392560e+02  -5.01203103e-05
   3.44393048e+02   2.44832263e-05
   3.44393537e+02   1.15624265e-04
   3.44394025e+02   1.00128185e-04
   3.44394513e+02   1.34420246e-04
   3.44395002e+02   1.18267839e-04
   3.44395490e+02   2.43096365e-04
   3.44395978e+02   3.03537672e-04
   3.44396466e+02  -3.45238550e-05
   3.44396955e+02  -3.00911925e-04
   3.44397443e+02  -1.79105817e-04
   3.44397931e+02   2.31387821e-04
   3.44398420e+02   2.90526688e-04
   3.44398908e+02  -2.02188894e-04
   3.44399396e+02  -5.13658277e-04
   3.44399885e+02  -3.22900101e-04
   3.44400373e+02  -1.18832220e-04
   3.44400861e+02  -3.22980923e-05
   3.44401350e+02  -1.29100704e-06
   3.44401838e+02   5.33189850e-05
   3.44402326e+02  -2.85168953e-05
   3.44402815e+02  -1.46851264e-04
   3.44403303e+02   2.08294136e-04
   3.44403791e+02   6.20809034e-04
   3.44404280e+02   5.72823104e-04
   3.44404768e+02   4.01205238e-04
   3.44405256e+02   1.84398246e-04
   3.44405745e+02  -9.01603344e-05
   3.44406233e+02  -9.65161089e-05
   3.44406721e+02   5.98797815e-05
   3.44407209e+02  -6.80040321e-05
   3.44407698e+02  -2.96158571e-04
   3.44408186e+02  -1.34677059e-04
   3.44408674e+02   1.29749169e-04
   3.44409163e+02   9.03107048e-06
   3.44409651e+02   8.88156355e-05
   3.44410139e+02   4.52338223e-04
   3.44410628e+02   2.31981860e-04
   3.44411116e+02  -7.35050053e-05
   3.44411604e+02  -1.57910283e-04
   3.44412093e+02  -1.84250122e-04
   3.44412581e+02  -6.22005100e-05
   3.44413069e+02  -8.15723542e-05
   3.44413558e+02  -1.74977686e-04
   3.44414046e+02  -1.13035043e-04
   3.44414534e+02   5.97898324e-05
   3.44415023e+02   1.13337092e-05
   3.44415511e+02  -2.85817281e-04
   3.44415999e+02  -4.52959765e-04
   3.44416488e+02  -3.46000219e-04
   3.44416976e+02  -1.47089653e-04
   3.44417464e+02   2.22856379e-05
   3.44417952e+02   2.62670947e-04
   3.44418441e+02   3.29080474e-04
   3.44418929e+02   1.47780200e-04
   3.44419417e+02  -1.80264920e-04
   3.44419906e+02  -2.56935251e-04
   3.44420394e+02   6.55574549e-05
   3.44420882e+02   2.00715789e-04
   3.44421371e+02  -6.10815987e-05
   3.44421859e+02  -1.82831209e-04
   3.44422347e+02  -5.33463462e-05
   3.44422836e+02  -4.28487620e-05
   3.44423324e+02   1.21561709e-04
   3.44423812e+02   1.60064330e-04
   3.44424301e+02  -1.25492006e-04
   3.44424789e+02  -7.92944629e-05
   3.44425277e+02   6.97541909e-05
   3.44425766e+02  -8.94038167e-05
   3.44426254e+02  -2.15432330e-04
   3.44426742e+02  -1.32353467e-04
   3.44427231e+02   2.80151835e-06
   3.44427719e+02   8.62019715e-06
   3.44428207e+02   1.94600929e-04
   3.44428696e+02   2.47043383e-04
   3.44429184e+02  -1.69916093e-04
   3.44429672e+02  -1.71484891e-04
   3.44430160e+02   1.71206324e-04
   3.44430649e+02   1.03848237e-04
   3.44431137e+02  -3.71815840e-04
   3.44431625e+02  -2.85732123e-04
   3.44432114e+02  -1.63407312e-05
   3.44432602e+02  -2.28514647e-04
   3.44433090e+02  -4.02630103e-04
   3.44433579e+02  -4.05114319e-04
   3.44434067e+02  -1.71294581e-04
   3.44434555e+02   1.19024880e-05
   3.44435044e+02   2.85629199e-06
   3.44435532e+02   2.02709649e-04
   3.44436020e+02   8.58948406e-05
   3.44436509e+02  -2.89179938e-04
   3.44436997e+02  -7.99756890e-05
   3.44437485e+02   1.83875905e-04
   3.44437974e+02   7.09606829e-05
   3.44438462e+02   1.15520968e-04
   3.44438950e+02   2.84242939e-04
   3.44439439e+02   3.01996712e-04
   3.44439927e+02   3.47005436e-04
   3.44440415e+02   2.61507957e-04
   3.44440903e+02   1.62839569e-04
   3.44441392e+02   3.81235383e-04
   3.44441880e+02   1.66623548e-04
   3.44442368e+02  -3.74154566e-04
   3.44442857e+02  -5.01374248e-04
   3.44443345e+02  -2.96874176e-04
   3.44443833e+02  -5.17840053e-05
   3.44444322e+02   7.89851038e-05
   3.44444810e+02   7.81886847e-05
   3.44445298e+02   2.96062790e-05
   3.44445787e+02   2.22748804e-05
   3.44446275e+02   5.98658371e-05
   3.44446763e+02  -2.53622438e-05
   3.44447252e+02  -5.21789152e-05
   3.44447740e+02   2.77834824e-05
   3.44448228e+02   6.78735742e-05
   3.44448717e+02   1.82419957e-04
   3.44449205e+02   2.01993185e-04
   3.44449693e+02   1.49764281e-04
   3.44450182e+02   4.11581714e-05
   3.44450670e+02  -3.48266367e-05
   3.44451158e+02   2.09706450e-05
   3.44451646e+02   3.70658709e-05
   3.44452135e+02   1.05248459e-04
   3.44452623e+02   3.44215397e-04
   3.44453111e+02   4.33259527e-04
   3.44453600e+02   2.90245935e-05
   3.44454088e+02  -4.01697995e-04
   3.44454576e+02  -3.27860849e-04
   3.44455065e+02  -1.67081598e-04
   3.44455553e+02  -2.77748259e-05
   3.44456041e+02   2.56711122e-04
   3.44456530e+02   1.62870914e-04
   3.44457018e+02  -9.07123831e-05
   3.44457506e+02   3.93835289e-05
   3.44457995e+02   7.02278994e-05
   3.44458483e+02  -1.22843994e-04
   3.44458971e+02  -2.99105886e-04
   3.44459460e+02  -4.28645231e-04
   3.44459948e+02  -2.49292760e-04
   3.44460436e+02  -1.07425098e-04
   3.44460925e+02  -1.08852379e-04
   3.44461413e+02   9.12927062e-05
   3.44461901e+02  -3.52366151e-05
   3.44462390e+02  -4.12302354e-04
   3.44462878e+02  -3.44247470e-04
   3.44463366e+02  -1.14019946e-04
   3.44463854e+02  -2.28896970e-04
   3.44464343e+02  -2.82910449e-04
   3.44464831e+02  -6.08767186e-05
   3.44465319e+02   4.99597772e-05
   3.44465808e+02   3.14727185e-05
   3.44466296e+02  -9.32683906e-05
   3.44466784e+02  -1.88539154e-04
   3.44467273e+02  -2.43546339e-04
   3.44467761e+02  -1.83562559e-04
   3.44468249e+02   2.41580674e-05
   3.44468738e+02  -3.04046480e-05
   3.44469226e+02  -2.61804176e-04
   3.44469714e+02  -3.73752846e-04
   3.44470203e+02  -3.08085728e-04
   3.44470691e+02  -1.07344407e-04
   3.44471179e+02   2.97624676e-04
   3.44471668e+02   4.96227061e-04
   3.44472156e+02   9.01616149e-05
   3.44472644e+02  -1.20371034e-04
   3.44473133e+02   1.00814868e-04
   3.44473621e+02   1.03856066e-04
   3.44474109e+02  -2.38154262e-05
   3.44474597e+02   2.44468756e-05
   3.44475086e+02   1.78047376e-05
   3.44475574e+02   8.94833101e-06
   3.44476062e+02   6.79557343e-05
   3.44476551e+02   9.80300465e-05
   3.44477039e+02   2.49617820e-04
   3.44477527e+02   3.16787773e-04
   3.44478016e+02   1.09761975e-04
   3.44478504e+02   1.66840706e-04
   3.44478992e+02   2.65804440e-04
   3.44479481e+02   1.61969598e-04
   3.44479969e+02   1.01142228e-04
   3.44480457e+02   6.82542450e-05
   3.44480946e+02   1.49924541e-04
   3.44481434e+02   2.24400588e-04
   3.44481922e+02   1.08091270e-04
   3.44482411e+02  -3.12046941e-05
   3.44482899e+02  -8.66915507e-05
   3.44483387e+02   4.55791123e-05
   3.44483876e+02   2.05404867e-04
   3.44484364e+02   1.81680211e-04
   3.44484852e+02   3.25192559e-05
   3.44485340e+02  -2.78471765e-04
   3.44485829e+02  -1.75738198e-04
   3.44486317e+02   2.09946447e-04
   3.44486805e+02   2.72058474e-04
   3.44487294e+02   2.72939418e-04
   3.44487782e+02   1.93105981e-04
   3.44488270e+02  -7.16154682e-05
   3.44488759e+02  -1.09100576e-04
   3.44489247e+02  -3.12933640e-04
   3.44489735e+02  -5.49913326e-04
   3.44490224e+02  -3.81961901e-04
   3.44490712e+02  -9.31300656e-06
   3.44491200e+02   2.70187273e-04
   3.44491689e+02   3.09424009e-04
   3.44492177e+02   2.09711667e-04
   3.44492665e+02   2.00651295e-04
   3.44493154e+02   1.46905440e-04
   3.44493642e+02   1.01190544e-05
   3.44494130e+02   7.88431498e-05
   3.44494619e+02   2.51268561e-04
   3.44495107e+02   3.50778253e-04
   3.44495595e+02   3.70365451e-04
   3.44496084e+02   3.38603422e-05
   3.44496572e+02  -2.67449534e-04
   3.44497060e+02  -1.04084313e-04
   3.44497548e+02  -2.02741750e-04
   3.44498037e+02  -3.27375543e-04
   3.44498525e+02   1.03912018e-04
   3.44499013e+02   4.37146635e-04
   3.44499502e+02   3.85029154e-04
   3.44499990e+02   1.70382322e-04
   3.44500478e+02  -1.70451240e-05
   3.44500967e+02   1.01107598e-05
   3.44501455e+02   6.45891196e-05
   3.44501943e+02  -9.06103960e-05
   3.44502432e+02  -2.88301002e-04
   3.44502920e+02  -1.26260595e-04
   3.44503408e+02   4.52174390e-05
   3.44503897e+02   6.14879391e-05
   3.44504385e+02   9.13850236e-05
   3.44504873e+02  -8.37421903e-05
   3.44505362e+02  -3.26217792e-04
   3.44505850e+02  -2.50607496e-04
   3.44506338e+02  -4.94677370e-05
   3.44506827e+02   2.00165887e-04
   3.44507315e+02   4.00884863e-04
   3.44507803e+02   4.08923457e-04
   3.44508291e+02   1.53917899e-05
   3.44508780e+02  -3.91645561e-04
   3.44509268e+02  -3.69285233e-04
   3.44509756e+02  -2.52376747e-04
   3.44510245e+02  -4.25899925e-05
   3.44510733e+02   1.39838870e-04
   3.44511221e+02   5.46270621e-06
   3.44511710e+02  -1.38404663e-04
   3.44512198e+02  -1.04679224e-04
   3.44512686e+02   1.59106552e-04
   3.44513175e+02   3.09783092e-04
   3.44513663e+02  -4.43316676e-05
   3.44514151e+02  -3.36545461e-04
   3.44514640e+02  -2.61461944e-04
   3.44515128e+02  -1.79723240e-04
   3.44515616e+02  -1.79716753e-05
   3.44516105e+02   1.92963053e-04
   3.44516593e+02   1.72935164e-04
   3.44517081e+02  -7.54661669e-05
   3.44517570e+02  -1.75831185e-04
   3.44518058e+02  -1.31876033e-04
   3.44518546e+02  -1.27456980e-04
   3.44519034e+02  -5.49834040e-05
   3.44519523e+02  -6.99682323e-06
   3.44520011e+02   1.16011681e-04
   3.44520499e+02   1.77716167e-04
   3.44520988e+02   3.57527233e-06
   3.44521476e+02  -8.49108037e-05
   3.44521964e+02  -1.86861798e-04
   3.44522453e+02  -3.75400472e-04
   3.44522941e+02  -5.96146856e-04
   3.44523429e+02  -5.41204587e-04
   3.44523918e+02  -1.19949182e-04
   3.44524406e+02  -4.11493238e-05
   3.44524894e+02  -1.21557758e-04
   3.44525383e+02  -1.38756513e-04
   3.44525871e+02  -6.15804238e-05
   3.44526359e+02   1.50152147e-04
   3.44526848e+02   1.81752839e-04
   3.44527336e+02   2.16825312e-04
   3.44527824e+02   2.41258240e-04
   3.44528313e+02   2.17864421e-04
   3.44528801e+02   3.29399161e-04
   3.44529289e+02   2.07337100e-04
   3.44529778e+02  -8.93889301e-05
   3.44530266e+02  -1.16034353e-04
   3.44530754e+02   1.62718599e-04
   3.44531242e+02   3.58496327e-04
   3.44531731e+02   1.31750596e-04
   3.44532219e+02  -2.30143763e-04
   3.44532707e+02  -4.82007134e-04
   3.44533196e+02  -3.75831209e-04
   3.44533684e+02  -1.74544723e-04
   3.44534172e+02  -1.52626948e-04
   3.44534661e+02   3.85253625e-05
   3.44535149e+02   1.35736307e-04
   3.44535637e+02   4.84004086e-05
   3.44536126e+02   6.71801972e-05
   3.44536614e+02  -1.68233732e-04
   3.44537102e+02  -2.48994969e-04
   3.44537591e+02   7.62478230e-05
   3.44538079e+02   5.24439474e-06
   3.44538567e+02  -2.89424410e-04
   3.44539056e+02  -8.73747704e-05
   3.44539544e+02   1.21344368e-04
   3.44540032e+02  -2.35690284e-04
   3.44540521e+02  -5.14302927e-04
   3.44541009e+02  -3.95057839e-04
   3.44541497e+02  -3.11606709e-04
   3.44541985e+02  -1.08895365e-04
   3.44542474e+02   2.04641576e-04
   3.44542962e+02   2.43747680e-04
   3.44543450e+02   2.51459369e-06
   3.44543939e+02  -1.49239437e-04
   3.44544427e+02   6.91830382e-06
   3.44544915e+02   2.05036238e-04
   3.44545404e+02   5.38834574e-05
   3.44545892e+02   4.18764903e-05
   3.44546380e+02   9.65244908e-05
   3.44546869e+02  -9.63664643e-05
   3.44547357e+02  -8.60920773e-05
   3.44547845e+02   1.59137271e-04
   3.44548334e+02   2.25215874e-04
   3.44548822e+02   2.07798119e-04
   3.44549310e+02   3.73140356e-04
   3.44549799e+02   5.06266311e-04
   3.44550287e+02   3.24928347e-04
   3.44550775e+02   8.49358548e-05
   3.44551264e+02   4.58565592e-05
   3.44551752e+02   2.64777016e-04
   3.44552240e+02   3.33918695e-04
   3.44552729e+02   2.48808006e-04
   3.44553217e+02   2.29866899e-04
   3.44553705e+02   1.41395984e-04
   3.44554193e+02   1.13291913e-04
   3.44554682e+02   1.38333402e-04
   3.44555170e+02   6.99110533e-05
   3.44555658e+02  -6.48913701e-05
   3.44556147e+02  -1.38836520e-04
   3.44556635e+02  -1.70882558e-04
   3.44557123e+02  -1.94496897e-04
   3.44557612e+02  -1.29647931e-04
   3.44558100e+02  -1.48202802e-04
   3.44558588e+02  -2.65090115e-04
   3.44559077e+02  -2.15360502e-04
   3.44559565e+02   1.79837167e-04
   3.44560053e+02   6.29282964e-04
   3.44560542e+02   4.58845607e-04
   3.44561030e+02  -2.22311864e-05
   3.44561518e+02  -5.93560653e-05
   3.44562007e+02  -1.21354569e-05
   3.44562495e+02   5.55942170e-05
   3.44562983e+02   3.34330951e-04
   3.44563472e+02   2.19835871e-04
   3.44563960e+02  -1.06586318e-04
   3.44564448e+02   2.57901065e-05
   3.44564936e+02   1.13829199e-04
   3.44565425e+02   3.73907860e-05
   3.44565913e+02   3.80326877e-04
   3.44566401e+02   4.96888708e-04
   3.44566890e+02   1.56901937e-04
   3.44567378e+02   2.14249871e-04
   3.44567866e+02   3.23147251e-04
   3.44568355e+02   1.50841443e-04
   3.44568843e+02   2.28615386e-06
   3.44569331e+02  -1.55161993e-04
   3.44569820e+02  -3.30445939e-04
   3.44570308e+02  -3.15135054e-04
   3.44570796e+02  -2.18978894e-04
   3.44571285e+02  -2.46112235e-04
   3.44571773e+02  -2.19685200e-04
   3.44572261e+02  -3.71588794e-05
   3.44572750e+02   3.55628959e-04
   3.44573238e+02   4.09361004e-04
   3.44573726e+02   1.23472681e-04
   3.44574215e+02  -4.11137844e-05
   3.44574703e+02  -1.58571973e-04
   3.44575191e+02  -2.35794214e-05
   3.44575679e+02   1.91585437e-04
   3.44576168e+02   1.14997201e-04
   3.44576656e+02  -9.60422913e-05
   3.44577144e+02   3.14964454e-05
   3.44577633e+02   2.25880591e-04
   3.44578121e+02   1.35480019e-04
   3.44578609e+02   2.38889319e-04
   3.44579098e+02   3.58125719e-04
   3.44579586e+02   3.23643821e-04
   3.44580074e+02   2.04868062e-04
   3.44580563e+02  -5.96278442e-05
   3.44581051e+02  -4.37898620e-04
   3.44581539e+02  -5.29494311e-04
   3.44582028e+02  -1.46233142e-04
   3.44582516e+02   1.17468044e-04
   3.44583004e+02   2.11069300e-06
   3.44583493e+02  -9.64105311e-06
   3.44583981e+02   7.10503446e-05
   3.44584469e+02  -9.87525418e-05
   3.44584958e+02  -7.47148879e-05
   3.44585446e+02   1.75130612e-04
   3.44585934e+02   2.73246260e-04
   3.44586423e+02   3.16204765e-04
   3.44586911e+02   3.73048009e-04
   3.44587399e+02   2.62271496e-04
   3.44587887e+02   1.35256523e-05
   3.44588376e+02  -1.31821886e-04
   3.44588864e+02  -2.73244077e-04
   3.44589352e+02  -2.85938120e-04
   3.44589841e+02   1.99007191e-05
   3.44590329e+02   1.81397700e-04
   3.44590817e+02   2.49835924e-04
   3.44591306e+02   4.17296571e-04
   3.44591794e+02   3.56139935e-04
   3.44592282e+02   1.77728813e-04
   3.44592771e+02   3.00744632e-05
   3.44593259e+02  -5.28472992e-05
   3.44593747e+02   3.96612995e-06
   3.44594236e+02   1.49765430e-04
   3.44594724e+02   1.42604462e-04
   3.44595212e+02  -5.80660599e-05
   3.44595701e+02  -1.98121226e-04
   3.44596189e+02  -2.12038038e-04
   3.44596677e+02  -1.64353201e-04
   3.44597166e+02  -1.98495385e-04
   3.44597654e+02   5.34798091e-05
   3.44598142e+02   5.70499222e-04
   3.44598630e+02   6.58789650e-04
   3.44599119e+02   4.49522195e-04
   3.44599607e+02   2.61075184e-04
   3.44600095e+02   2.04930766e-04
   3.44600584e+02  -1.09612220e-05
   3.44601072e+02  -3.73529794e-04
   3.44601560e+02  -3.88531858e-04
   3.44602049e+02  -2.26035962e-04
   3.44602537e+02  -2.51307036e-04
   3.44603025e+02  -4.45412996e-04
   3.44603514e+02  -5.04746509e-04
   3.44604002e+02  -2.41175017e-04
   3.44604490e+02   8.38677006e-05
   3.44604979e+02   9.98190444e-05
   3.44605467e+02   1.11681591e-04
   3.44605955e+02   1.11846646e-04
   3.44606444e+02   1.08451077e-05
   3.44606932e+02  -4.96648863e-05
   3.44607420e+02  -1.98454189e-04
   3.44607909e+02  -2.83874775e-04
   3.44608397e+02  -2.51242163e-05
   3.44608885e+02   9.86296873e-05
   3.44609373e+02  -2.02745126e-04
   3.44609862e+02  -2.55171501e-04
   3.44610350e+02   1.38213363e-04
   3.44610838e+02   2.96212471e-04
   3.44611327e+02   1.49640400e-04
   3.44611815e+02   1.80496863e-05
   3.44612303e+02  -3.74564152e-05
   3.44612792e+02  -1.31694005e-05
   3.44613280e+02  -1.52020209e-06
   3.44613768e+02  -1.14080567e-05
   3.44614257e+02   2.04295720e-05
   3.44614745e+02  -7.23642152e-05
   3.44615233e+02  -4.74375447e-05
   3.44615722e+02   2.95503734e-04
   3.44616210e+02   3.87056469e-04
   3.44616698e+02   1.66670899e-04
   3.44617187e+02   1.08940832e-04
   3.44617675e+02   2.01907940e-04
   3.44618163e+02   1.82735399e-04
   3.44618652e+02  -2.82314195e-05
   3.44619140e+02  -2.30033707e-04
   3.44619628e+02  -2.76905863e-04
   3.44620117e+02  -1.18526827e-04
   3.44620605e+02   1.12635484e-04
   3.44621093e+02   1.04506958e-04
   3.44621581e+02   4.60590600e-05
   3.44622070e+02   4.08265332e-05
   3.44622558e+02   8.22469592e-05
   3.44623046e+02   2.94887082e-04
   3.44623535e+02   4.86578094e-04
   3.44624023e+02   3.85845080e-04
   3.44624511e+02   1.35262962e-04
   3.44625000e+02   1.11136098e-04
   3.44625488e+02   1.64892350e-04
   3.44625976e+02   8.97112259e-05
   3.44626465e+02   1.16622483e-04
   3.44626953e+02   3.44579516e-04
   3.44627441e+02   5.58405824e-04
   3.44627930e+02   5.18424495e-04
   3.44628418e+02   1.50324762e-04
   3.44628906e+02   5.63326648e-05
   3.44629395e+02   2.16126646e-04
   3.44629883e+02   1.37255498e-04
   3.44630371e+02  -1.42240615e-05
   3.44630860e+02  -1.20175951e-04
   3.44631348e+02  -1.03409366e-05
   3.44631836e+02   1.96173627e-04
   3.44632324e+02   2.07149118e-04
   3.44632813e+02   6.76853233e-05
   3.44633301e+02  -1.05663647e-04
   3.44633789e+02   1.50675951e-05
   3.44634278e+02   2.15354929e-04
   3.44634766e+02   3.22983506e-05
   3.44635254e+02  -2.80606793e-04
   3.44635743e+02  -1.83421944e-04
   3.44636231e+02   6.85975538e-05
   3.44636719e+02   1.62664175e-04
   3.44637208e+02  -4.37547715e-05
   3.44637696e+02  -3.25038884e-04
   3.44638184e+02  -3.13479628e-04
   3.44638673e+02   6.27109330e-06
   3.44639161e+02   3.70352529e-04
   3.44639649e+02   3.59067257e-04
   3.44640138e+02   1.31784444e-04
   3.44640626e+02  -1.43162206e-05
   3.44641114e+02  -1.48462903e-04
   3.44641603e+02  -1.35743903e-04
   3.44642091e+02   5.30694342e-06
   3.44642579e+02   1.30372980e-04
   3.44643067e+02   1.50779757e-04
   3.44643556e+02   1.29227526e-04
   3.44644044e+02   1.41295706e-04
   3.44644532e+02   3.05595040e-06
   3.44645021e+02  -1.20553508e-04
   3.44645509e+02   3.61359089e-05
   3.44645997e+02   1.04249491e-04
   3.44646486e+02   5.24557072e-05
   3.44646974e+02   9.08265938e-05
   3.44647462e+02   6.19206839e-05
   3.44647951e+02  -1.37765198e-06
   3.44648439e+02   5.69746476e-07
   3.44648927e+02   6.37874109e-05
   3.44649416e+02   4.58395334e-05
   3.44649904e+02  -1.67652775e-04
   3.44650392e+02  -3.07392300e-04
   3.44650881e+02  -1.65350561e-04
   3.44651369e+02  -1.26626503e-04
   3.44651857e+02  -7.11295652e-05
   3.44652346e+02   6.73032628e-05
   3.44652834e+02  -5.61136658e-05
   3.44653322e+02  -1.82382078e-04
   3.44653811e+02  -2.46072508e-04
   3.44654299e+02  -2.82753084e-04
   3.44654787e+02  -2.84197915e-04
   3.44655275e+02  -8.31682119e-05
   3.44655764e+02   3.19890794e-04
   3.44656252e+02   4.22138779e-04
   3.44656740e+02   2.02804193e-04
   3.44657229e+02  -3.02520493e-06
   3.44657717e+02  -3.32283671e-04
   3.44658205e+02  -3.78820230e-04
   3.44658694e+02   2.66538846e-04
   3.44659182e+02   7.07573199e-04
   3.44659670e+02   2.92528392e-04
   3.44660159e+02  -2.03555566e-04
   3.44660647e+02  -1.40746080e-04
   3.44661135e+02  -7.04906124e-05
   3.44661624e+02   9.15016717e-05
   3.44662112e+02   5.27430093e-04
   3.44662600e+02   6.23805041e-04
   3.44663089e+02   3.51769180e-04
   3.44663577e+02  -4.78327020e-05
   3.44664065e+02  -2.64864182e-04
   3.44664554e+02  -2.93347548e-05
   3.44665042e+02   1.85832978e-04
   3.44665530e+02  -4.71602216e-05
   3.44666018e+02  -3.28245602e-04
   3.44666507e+02  -3.38880520e-04
   3.44666995e+02  -3.30998068e-04
   3.44667483e+02  -3.77910503e-04
   3.44667972e+02  -4.60522977e-04
   3.44668460e+02  -4.40679694e-04
   3.44668948e+02  -1.48075836e-04
   3.44669437e+02  -1.66019527e-05
   3.44669925e+02  -1.38001153e-04
   3.44670413e+02  -1.28967047e-04
   3.44670902e+02  -5.85485468e-05
   3.44671390e+02  -1.78806382e-04
   3.44671878e+02  -4.17820294e-04
   3.44672367e+02  -3.19466111e-04
   3.44672855e+02  -1.05695151e-04
   3.44673343e+02  -1.04845458e-04
   3.44673832e+02  -1.45264057e-04
   3.44674320e+02  -5.38472486e-05
   3.44674808e+02   1.25485501e-04
   3.44675297e+02   2.19753492e-04
   3.44675785e+02   2.06140190e-04
   3.44676273e+02   1.60631796e-04
   3.44676761e+02   1.09164735e-04
   3.44677250e+02   6.15483223e-05
   3.44677738e+02   2.68628282e-05
   3.44678226e+02   9.23429179e-05
   3.44678715e+02   9.28002464e-06
   3.44679203e+02  -1.26393366e-04
   3.44679691e+02  -2.74982585e-06
   3.44680180e+02   9.45172287e-05
   3.44680668e+02  -5.03418960e-05
   3.44681156e+02  -3.09037248e-04
   3.44681645e+02  -3.15643876e-04
   3.44682133e+02  -3.49996437e-04
   3.44682621e+02  -3.19588347e-04
   3.44683110e+02   3.77045872e-05
   3.44683598e+02   2.76225357e-04
   3.44684086e+02   2.09200050e-04
   3.44684575e+02  -1.29701672e-04
   3.44685063e+02  -2.62607238e-04
   3.44685551e+02  -1.51050772e-04
   3.44686040e+02  -1.24258338e-04
   3.44686528e+02  -1.85189856e-05
   3.44687016e+02   2.40363777e-04
   3.44687505e+02   1.45340207e-04
   3.44687993e+02  -1.02164246e-04
   3.44688481e+02   1.21054494e-04
   3.44688969e+02   2.47504231e-05
   3.44689458e+02  -4.03549377e-04
   3.44689946e+02  -4.70108469e-04
   3.44690434e+02  -2.18346628e-04
   3.44690923e+02  -5.46174124e-05
   3.44691411e+02  -2.67541356e-04
   3.44691899e+02  -2.86761700e-04
   3.44692388e+02  -7.84114382e-05
   3.44692876e+02  -1.67043894e-04
   3.44693364e+02  -3.85559775e-04
   3.44693853e+02  -2.90375057e-04
   3.44694341e+02  -3.22959067e-06
   3.44694829e+02  -6.43351668e-05
   3.44695318e+02  -2.70095858e-04
   3.44695806e+02  -1.69576961e-04
   3.44696294e+02  -7.27236682e-07
   3.44696783e+02   3.54255826e-05
   3.44697271e+02   1.28668165e-04
   3.44697759e+02   1.40921911e-04
   3.44698248e+02   1.13583937e-05
   3.44698736e+02   5.44305840e-05
   3.44699224e+02  -5.13504074e-06
   3.44699712e+02  -1.05376661e-04
   3.44700201e+02   1.70780928e-04
   3.44700689e+02   4.20023338e-04
   3.44701177e+02   2.35786487e-04
   3.44701666e+02  -4.42460478e-05
   3.44702154e+02   2.27339377e-04
   3.44702642e+02   5.95624675e-04
   3.44703131e+02   3.36713478e-04
   3.44703619e+02  -8.12889630e-05
   3.44704107e+02  -1.66139114e-04
   3.44704596e+02  -1.52993107e-05
   3.44705084e+02   1.66307276e-04
   3.44705572e+02   1.86630175e-04
   3.44706061e+02  -4.64414416e-06
   3.44706549e+02  -1.96608657e-04
   3.44707037e+02  -1.95228742e-04
   3.44707526e+02  -9.54954230e-05
   3.44708014e+02  -4.35337679e-05
   3.44708502e+02  -6.51398732e-05
   3.44708991e+02  -1.66173835e-04
   3.44709479e+02  -3.58019839e-04
   3.44709967e+02  -4.47859376e-04
   3.44710456e+02  -2.03101896e-04
   3.44710944e+02   1.19050659e-04
   3.44711432e+02   7.06393912e-05
   3.44711920e+02  -2.40258116e-04
   3.44712409e+02  -3.01992608e-04
   3.44712897e+02  -8.59713400e-05
   3.44713385e+02   2.34587276e-07
   3.44713874e+02  -1.33972513e-04
   3.44714362e+02  -9.95188166e-05
   3.44714850e+02   2.15010325e-04
   3.44715339e+02   2.52729049e-04
   3.44715827e+02   7.41112126e-06
   3.44716315e+02  -1.47134415e-04
   3.44716804e+02  -1.34856062e-04
   3.44717292e+02  -2.15411143e-04
   3.44717780e+02  -3.01329390e-04
   3.44718269e+02  -5.93595105e-05
   3.44718757e+02   3.49345100e-06
   3.44719245e+02  -9.91202178e-05
   3.44719734e+02   7.88709149e-05
   3.44720222e+02   8.42843583e-05
   3.44720710e+02  -4.38325733e-05
   3.44721199e+02   7.42226621e-05
   3.44721687e+02   4.41507109e-05
   3.44722175e+02  -1.29436521e-04
   3.44722663e+02  -1.01024591e-04
   3.44723152e+02  -1.17272466e-04
   3.44723640e+02  -1.12857066e-04
   3.44724128e+02   1.40738601e-04
   3.44724617e+02   3.87847365e-04
   3.44725105e+02   2.15149325e-04
   3.44725593e+02  -5.62051246e-05
   3.44726082e+02   4.19426906e-05
   3.44726570e+02   1.74163157e-04
   3.44727058e+02   1.45827304e-04
   3.44727547e+02   2.76990595e-05
   3.44728035e+02  -7.10868699e-05
   3.44728523e+02   6.35144388e-05
   3.44729012e+02   6.78262513e-05
   3.44729500e+02  -5.71620330e-05
   3.44729988e+02  -8.96123402e-06
   3.44730477e+02   7.22888799e-05
   3.44730965e+02   1.26012135e-04
   3.44731453e+02   2.68438511e-04
   3.44731942e+02   4.73038235e-04
   3.44732430e+02   3.91569396e-04
   3.44732918e+02  -1.09094006e-04
   3.44733406e+02  -2.84987298e-04
   3.44733895e+02  -1.19410273e-04
   3.44734383e+02   5.11298094e-05
   3.44734871e+02   1.64015088e-04
   3.44735360e+02   1.73278313e-04
   3.44735848e+02   1.41879354e-04
   3.44736336e+02   4.09643253e-05
   3.44736825e+02   3.19044957e-05
   3.44737313e+02  -1.59826988e-04
   3.44737801e+02  -3.15817219e-04
   3.44738290e+02  -1.03505961e-04
   3.44738778e+02   4.05948158e-05
   3.44739266e+02  -1.82055694e-04
   3.44739755e+02  -3.71382950e-04
   3.44740243e+02  -1.44710735e-04
   3.44740731e+02  -5.03191495e-06
   3.44741220e+02  -1.25795690e-04
   3.44741708e+02  -4.03687882e-04
   3.44742196e+02  -4.07655258e-04
   3.44742685e+02   3.00688680e-05
   3.44743173e+02   2.79759697e-04
   3.44743661e+02   1.59336792e-04
   3.44744150e+02   2.73984129e-04
   3.44744638e+02   4.14689945e-04
   3.44745126e+02   5.73785292e-05
   3.44745614e+02  -1.07602187e-04
   3.44746103e+02  -7.54149369e-05
   3.44746591e+02  -1.32286325e-04
   3.44747079e+02   2.32903476e-05
   3.44747568e+02   1.15123903e-05
   3.44748056e+02   3.73189278e-06
   3.44748544e+02   1.52677821e-04
   3.44749033e+02   8.11955470e-05
   3.44749521e+02  -1.27332649e-04
   3.44750009e+02  -2.62299640e-04
   3.44750498e+02  -4.04820690e-04
   3.44750986e+02  -4.60393785e-04
   3.44751474e+02  -2.07792822e-04
   3.44751963e+02   1.10569017e-04
   3.44752451e+02   2.27881159e-04
   3.44752939e+02   3.95890180e-04
   3.44753428e+02   2.36609354e-04
   3.44753916e+02   8.11320788e-05
   3.44754404e+02   3.50858754e-04
   3.44754893e+02   3.15592886e-04
   3.44755381e+02  -3.12258744e-05
   3.44755869e+02  -8.91020591e-06
   3.44756357e+02   2.54884741e-04
   3.44756846e+02   2.19465044e-04
   3.44757334e+02   1.64997880e-04
   3.44757822e+02   3.82276048e-04
   3.44758311e+02   3.38310027e-04
   3.44758799e+02   1.72660541e-04
   3.44759287e+02   2.17495472e-04
   3.44759776e+02   2.52582016e-04
   3.44760264e+02   2.10960512e-04
   3.44760752e+02   5.24073158e-08
   3.44761241e+02  -2.07471458e-04
   3.44761729e+02   1.60040508e-04
   3.44762217e+02   5.13106759e-04
   3.44762706e+02   3.19935818e-04
   3.44763194e+02   1.95132103e-04
   3.44763682e+02   6.64123581e-05
   3.44764171e+02  -2.36494001e-04
   3.44764659e+02  -4.64932120e-04
   3.44765147e+02  -5.32346894e-04
   3.44765636e+02  -3.42762418e-04
   3.44766124e+02  -7.08286316e-05
   3.44766612e+02   8.23389128e-05
   3.44767100e+02   1.90104431e-04
   3.44767589e+02   9.91605193e-05
   3.44768077e+02  -1.21071178e-04
   3.44768565e+02  -1.80876072e-04
   3.44769054e+02  -2.09324775e-04
   3.44769542e+02  -1.56107708e-04
   3.44770030e+02   9.09159062e-05
   3.44770519e+02   1.49427011e-04
   3.44771007e+02  -7.87714671e-05
   3.44771495e+02  -1.64422105e-04
   3.44771984e+02   1.92754542e-05
   3.44772472e+02   5.94145640e-05
   3.44772960e+02  -1.61144242e-04
   3.44773449e+02  -2.47890130e-04
   3.44773937e+02  -8.47040355e-05
   3.44774425e+02   3.37334903e-04
   3.44774914e+02   5.61266264e-04
   3.44775402e+02   2.43165996e-04
   3.44775890e+02   3.79473613e-06
   3.44776379e+02   2.39861147e-05
   3.44776867e+02  -2.51088804e-05
   3.44777355e+02   8.04482479e-05
   3.44777844e+02   4.12685389e-04
   3.44778332e+02   4.02161968e-04
   3.44778820e+02   1.27606298e-04
   3.44779308e+02   7.54317225e-05
   3.44779797e+02   3.23970344e-05
   3.44780285e+02  -4.51798405e-04
   3.44780773e+02  -3.73775489e-04
   3.44781262e+02  -2.00836177e-04
   3.44781750e+02   7.95355445e-05
   3.44782238e+02   3.32558266e-04
   3.44782727e+02   2.60537141e-04
   3.44783215e+02   2.66117248e-04
   3.44783703e+02   3.59807134e-04
   3.44784192e+02   2.95447477e-04
   3.44784680e+02   8.41483234e-06
   3.44785168e+02  -2.94998317e-04
   3.44785657e+02  -2.31077793e-04
   3.44786145e+02  -7.92099454e-05
   3.44786633e+02   3.67647408e-05
   3.44787122e+02   2.14262021e-04
   3.44787610e+02   1.73605586e-04
   3.44788098e+02   2.08124344e-04
   3.44788587e+02   4.43731318e-04
   3.44789075e+02   4.38222400e-04
   3.44789563e+02   1.44625898e-04
   3.44790051e+02  -6.36150362e-05
   3.44790540e+02   5.31214646e-05
   3.44791028e+02   1.40445954e-05
   3.44791516e+02  -1.97531699e-04
   3.44792005e+02   1.96014262e-05
   3.44792493e+02   2.20579241e-04
   3.44792981e+02  -2.25385302e-05
   3.44793470e+02  -1.72305838e-04
   3.44793958e+02   1.54353460e-04
   3.44794446e+02   5.40454232e-04
   3.44794935e+02   3.69581074e-04
   3.44795423e+02   2.99746425e-05
   3.44795911e+02   2.52146529e-05
   3.44796400e+02   9.11448806e-05
   3.44796888e+02   1.06670399e-04
   3.44797376e+02   9.62936683e-05
   3.44797865e+02   1.95153974e-04
   3.44798353e+02   3.36371566e-04
   3.44798841e+02   2.18532528e-04
   3.44799330e+02   1.07223881e-04
   3.44799818e+02   1.04349521e-04
   3.44800306e+02   3.78526966e-05
   3.44800794e+02  -8.64787726e-05
   3.44801283e+02  -9.74847062e-05
   3.44801771e+02  -1.70708619e-04
   3.44802259e+02  -2.60065950e-04
   3.44802748e+02  -1.34661328e-04
   3.44803236e+02   7.05887433e-05
   3.44803724e+02   1.63856836e-04
   3.44804213e+02   8.77534694e-05
   3.44804701e+02   1.23801447e-05
   3.44805189e+02  -1.39323674e-04
   3.44805678e+02  -1.87947779e-04
   3.44806166e+02   8.46569455e-05
   3.44806654e+02   2.64745293e-04
   3.44807143e+02   1.51042201e-04
   3.44807631e+02   1.03697850e-04
   3.44808119e+02   2.86548966e-05
   3.44808608e+02  -1.11066867e-04
   3.44809096e+02  -5.83689653e-05
   3.44809584e+02   1.54004825e-04
   3.44810073e+02   7.11119792e-05
   3.44810561e+02  -3.74011543e-05
   3.44811049e+02   1.02249782e-04
   3.44811538e+02  -7.23078347e-06
   3.44812026e+02  -3.63662402e-04
   3.44812514e+02  -3.98225675e-04
   3.44813002e+02   1.26940315e-04
   3.44813491e+02   3.94455681e-04
   3.44813979e+02   1.55655689e-05
   3.44814467e+02  -2.70398305e-04
   3.44814956e+02  -2.24031784e-04
   3.44815444e+02  -1.08480184e-04
   3.44815932e+02   2.36289721e-04
   3.44816421e+02   6.21348270e-04
   3.44816909e+02   5.82748791e-04
   3.44817397e+02   2.39188710e-04
   3.44817886e+02  -3.72174691e-05
   3.44818374e+02  -1.02413105e-04
   3.44818862e+02   2.64673918e-06
   3.44819351e+02   2.23809038e-04
   3.44819839e+02   3.62464285e-04
   3.44820327e+02   2.36336899e-04
   3.44820816e+02   1.37794734e-04
   3.44821304e+02   1.88514212e-04
   3.44821792e+02   1.33153197e-04
   3.44822281e+02   4.98251538e-05
   3.44822769e+02  -8.34370512e-05
   3.44823257e+02  -2.89954216e-04
   3.44823745e+02  -3.11185839e-04
   3.44824234e+02  -5.37691158e-05
   3.44824722e+02   1.86203091e-04
   3.44825210e+02   2.52973114e-04
   3.44825699e+02   2.32925900e-04
   3.44826187e+02   1.03859122e-04
   3.44826675e+02   4.43685822e-05
   3.44827164e+02   2.08126337e-04
   3.44827652e+02   4.21501347e-04
   3.44828140e+02   3.45839391e-04
   3.44828629e+02   9.47447843e-05
   3.44829117e+02  -4.69624720e-05
   3.44829605e+02  -8.23443042e-05
   3.44830094e+02  -2.15947162e-04
   3.44830582e+02  -2.86492665e-04
   3.44831070e+02  -9.00485320e-05
   3.44831559e+02   1.50773223e-04
   3.44832047e+02   9.85213846e-05
   3.44832535e+02  -2.67864034e-05
   3.44833024e+02  -8.11475911e-05
   3.44833512e+02  -6.68387220e-05
   3.44834000e+02  -1.13538072e-05
   3.44834488e+02  -4.02718651e-05
   3.44834977e+02  -3.56393284e-05
   3.44835465e+02   7.13927147e-05
   3.44835953e+02  -3.90530658e-05
   3.44836442e+02  -3.01486143e-04
   3.44836930e+02  -2.28892866e-04
   3.44837418e+02  -9.70191832e-05
   3.44837907e+02  -2.28480683e-04
   3.44838395e+02  -4.90164311e-05
   3.44838883e+02   5.61493507e-04
   3.44839372e+02   2.79478321e-04
   3.44839860e+02   1.37131265e-05
   3.44840348e+02   2.02249648e-04
   3.44840837e+02   1.03454455e-04
   3.44841325e+02  -1.99376082e-04
   3.44841813e+02  -2.12237239e-04
   3.44842302e+02  -3.29999719e-04
   3.44842790e+02  -4.60582145e-04
   3.44843278e+02  -2.71785422e-04
   3.44843767e+02  -4.21099539e-05
   3.44844255e+02  -1.12988200e-04
   3.44844743e+02  -3.30266892e-04
   3.44845232e+02  -3.72281327e-04
   3.44845720e+02  -9.41517355e-05
   3.44846208e+02   5.91949101e-05
   3.44846696e+02  -5.65584669e-05
   3.44847185e+02  -6.94955743e-05
   3.44847673e+02  -1.40188378e-04
   3.44848161e+02  -2.69985583e-04
   3.44848650e+02  -2.22599381e-04
   3.44849138e+02  -1.15797893e-05
   3.44849626e+02   2.87192001e-04
   3.44850115e+02   2.42872178e-04
   3.44850603e+02  -1.13023023e-04
   3.44851091e+02  -2.03283169e-04
   3.44851580e+02   1.61240634e-04
   3.44852068e+02   5.38031629e-04
   3.44852556e+02   5.44422015e-04
   3.44853045e+02   1.94199994e-04
   3.44853533e+02  -7.33559355e-05
   3.44854021e+02  -2.91918026e-04
   3.44854510e+02  -2.93088931e-04
   3.44854998e+02   5.79917723e-05
   3.44855486e+02   1.11030407e-04
   3.44855975e+02  -1.59350500e-04
   3.44856463e+02  -2.01641524e-04
   3.44856951e+02   1.26847153e-04
   3.44857439e+02   3.10850883e-04
   3.44857928e+02  -8.67365161e-05
   3.44858416e+02  -2.99904350e-04
   3.44858904e+02  -1.42520410e-04
   3.44859393e+02  -7.06442079e-05
   3.44859881e+02  -2.34737490e-05
   3.44860369e+02  -7.72173662e-05
   3.44860858e+02  -2.06578348e-04
   3.44861346e+02  -1.74227942e-04
   3.44861834e+02  -2.07259436e-04
   3.44862323e+02  -4.78921836e-04
   3.44862811e+02  -5.06165496e-04
   3.44863299e+02  -2.67346739e-04
   3.44863788e+02  -2.50432116e-04
   3.44864276e+02  -2.16279877e-04
   3.44864764e+02   1.07615728e-04
   3.44865253e+02   2.83061469e-04
   3.44865741e+02   2.72566595e-05
   3.44866229e+02  -2.46101699e-04
   3.44866718e+02  -6.49682333e-05
   3.44867206e+02   9.95232913e-05
   3.44867694e+02  -1.12102367e-04
   3.44868183e+02  -3.07300535e-04
   3.44868671e+02  -2.33688930e-04
   3.44869159e+02  -2.20580478e-04
   3.44869647e+02  -3.26400797e-04
   3.44870136e+02  -7.56764202e-05
   3.44870624e+02   2.18607995e-04
   3.44871112e+02   1.94251581e-04
   3.44871601e+02   5.09128113e-05
   3.44872089e+02  -1.24215789e-04
   3.44872577e+02  -1.98835638e-04
   3.44873066e+02   1.41617020e-05
   3.44873554e+02   2.89845222e-04
   3.44874042e+02   4.21065430e-04
   3.44874531e+02   6.23453001e-04
   3.44875019e+02   6.33034506e-04
   3.44875507e+02   2.80300505e-04
   3.44875996e+02   5.91031931e-05
   3.44876484e+02   4.34194335e-05
   3.44876972e+02  -6.63347828e-06
   3.44877461e+02  -7.57961679e-05
   3.44877949e+02  -3.04040150e-05
   3.44878437e+02  -2.36563195e-04
   3.44878926e+02  -3.03706154e-04
   3.44879414e+02   8.06702956e-05
   3.44879902e+02   2.28165824e-04
   3.44880390e+02   1.53389032e-04
   3.44880879e+02   2.62477814e-04
   3.44881367e+02   5.20648202e-04
   3.44881855e+02   5.00791240e-04
   3.44882344e+02   1.51744302e-04
   3.44882832e+02  -2.10197308e-04
   3.44883320e+02  -2.39312023e-04
   3.44883809e+02   1.45572005e-04
   3.44884297e+02   2.20601141e-04
   3.44884785e+02   9.54300704e-05
   3.44885274e+02   6.60141886e-05
   3.44885762e+02  -1.26951272e-04
   3.44886250e+02  -2.20437301e-04
   3.44886739e+02  -2.43659350e-04
   3.44887227e+02  -1.81505457e-04
   3.44887715e+02  -7.91419952e-05
   3.44888204e+02  -1.69069128e-04
   3.44888692e+02  -3.26085981e-04
   3.44889180e+02  -4.87923709e-04
   3.44889669e+02  -3.56303295e-04
   3.44890157e+02  -2.54512619e-04
   3.44890645e+02  -4.51267260e-04
   3.44891133e+02  -2.98507861e-04
   3.44891622e+02  -1.40638644e-04
   3.44892110e+02  -3.54237214e-04
   3.44892598e+02  -3.15273850e-04
   3.44893087e+02  -4.58954892e-05
   3.44893575e+02   1.38057103e-05
   3.44894063e+02   1.48456525e-06
   3.44894552e+02  -7.96347449e-05
   3.44895040e+02  -7.35160429e-05
   3.44895528e+02   4.59227522e-05
   3.44896017e+02  -9.14064876e-05
   3.44896505e+02  -1.60374766e-04
   3.44896993e+02   4.95988606e-05
   3.44897482e+02   2.41078873e-04
   3.44897970e+02   1.51970002e-04
   3.44898458e+02   1.24750703e-04
   3.44898947e+02   7.81994531e-05
   3.44899435e+02  -8.83244793e-05
   3.44899923e+02   3.94603558e-05
   3.44900412e+02   1.10699257e-04
   3.44900900e+02  -4.91897190e-05
   3.44901388e+02   2.05810393e-05
   3.44901877e+02   8.32543446e-05
   3.44902365e+02  -4.30046457e-05
   3.44902853e+02  -6.69675574e-05
   3.44903341e+02  -9.96427189e-05
   3.44903830e+02  -2.68032250e-04
   3.44904318e+02  -3.76436336e-04
   3.44904806e+02  -4.38452524e-04
   3.44905295e+02  -3.30625771e-04
   3.44905783e+02  -2.96981423e-04
   3.44906271e+02  -2.86329683e-04
   3.44906760e+02  -1.29381602e-04
   3.44907248e+02  -1.07778151e-05
   3.44907736e+02   1.60489901e-04
   3.44908225e+02   4.63298813e-04
   3.44908713e+02   6.06562826e-04
   3.44909201e+02   3.87223525e-04
   3.44909690e+02   7.33676789e-05
   3.44910178e+02  -6.29147835e-05
   3.44910666e+02   1.66788959e-05
   3.44911155e+02   1.91364437e-04
   3.44911643e+02   2.12309649e-04
   3.44912131e+02   2.97506253e-04
   3.44912620e+02   3.03917594e-04
   3.44913108e+02   2.31750440e-04
   3.44913596e+02   1.93518936e-04
   3.44914084e+02  -5.87893883e-05
   3.44914573e+02  -2.81285757e-04
   3.44915061e+02  -2.42376525e-04
   3.44915549e+02  -1.84136778e-04
   3.44916038e+02  -1.60360054e-04
   3.44916526e+02  -1.85257260e-04
   3.44917014e+02  -2.10703816e-04
   3.44917503e+02  -1.40255012e-04
   3.44917991e+02  -1.55369300e-04
   3.44918479e+02  -6.50227012e-05
   3.44918968e+02   1.64492449e-04
   3.44919456e+02   1.40295291e-04
   3.44919944e+02  -1.35824675e-05
   3.44920433e+02  -3.39194055e-04
   3.44920921e+02  -6.74991519e-04
   3.44921409e+02  -5.79772866e-04
   3.44921898e+02  -3.05863854e-04
   3.44922386e+02  -1.56211929e-04
   3.44922874e+02  -1.81137570e-04
   3.44923363e+02  -3.31121439e-04
   3.44923851e+02  -2.73008947e-04
   3.44924339e+02  -6.27094705e-05
   3.44924827e+02   6.53211027e-05
   3.44925316e+02  -2.86387476e-05
   3.44925804e+02  -1.54392968e-04
   3.44926292e+02  -1.33455484e-04
   3.44926781e+02  -3.52616880e-05
   3.44927269e+02   1.17345437e-04
   3.44927757e+02   7.80298797e-05
   3.44928246e+02   2.26193988e-05
   3.44928734e+02  -1.23733087e-04
   3.44929222e+02  -2.38840163e-04
   3.44929711e+02   1.70934236e-05
   3.44930199e+02  -2.98569903e-05
   3.44930687e+02  -3.98485747e-04
   3.44931176e+02  -4.71908948e-04
   3.44931664e+02  -8.40692664e-05
   3.44932152e+02   1.30558939e-04
   3.44932641e+02  -5.84772606e-05
   3.44933129e+02  -1.60247058e-04
   3.44933617e+02   7.71443229e-05
   3.44934106e+02   2.34159190e-04
   3.44934594e+02   1.26830491e-04
   3.44935082e+02   3.73750780e-04
   3.44935571e+02   6.02762098e-04
   3.44936059e+02   3.51671741e-04
   3.44936547e+02   1.06862921e-04
   3.44937035e+02   1.14020528e-04
   3.44937524e+02   7.02268153e-05
   3.44938012e+02  -1.55830799e-04
   3.44938500e+02  -3.54520482e-04
   3.44938989e+02  -4.53278830e-04
   3.44939477e+02  -5.10406680e-04
   3.44939965e+02  -4.38550167e-04
   3.44940454e+02  -1.62102588e-04
   3.44940942e+02   1.90035600e-04
   3.44941430e+02   3.45833512e-04
   3.44941919e+02   4.82223550e-04
   3.44942407e+02   5.10437763e-04
   3.44942895e+02   1.94213659e-04
   3.44943384e+02   4.04833045e-05
   3.44943872e+02   2.08529222e-04
   3.44944360e+02   1.63649922e-04
   3.44944849e+02  -1.70146042e-04
   3.44945337e+02  -2.04001641e-04
   3.44945825e+02  -1.43369107e-04
   3.44946314e+02  -2.61877722e-04
   3.44946802e+02  -2.11864171e-04
   3.44947290e+02  -5.53105701e-06
   3.44947778e+02  -1.19102784e-04
   3.44948267e+02  -5.76334889e-04
   3.44948755e+02  -6.76515978e-04
   3.44949243e+02  -4.12536087e-04
   3.44949732e+02  -2.32636230e-04
   3.44950220e+02  -7.95133165e-05
   3.44950708e+02  -7.84939621e-05
   3.44951197e+02  -6.62697639e-05
   3.44951685e+02   1.72992921e-04
   3.44952173e+02   1.44935926e-04
   3.44952662e+02  -3.86824977e-05
   3.44953150e+02  -5.63539761e-05
   3.44953638e+02  -7.38274321e-05
   3.44954127e+02   2.08660022e-05
   3.44954615e+02   3.31777759e-04
