frequency (GHz), flux (Jy/beam)
   3.43899310e+02   1.70796190e-03
   3.43899798e+02   9.48528104e-05
   3.43900286e+02   1.13677024e-03
   3.43900774e+02   2.46944535e-03
   3.43901263e+02   5.97525155e-03
   3.43901751e+02   7.29618827e-03
   3.43902239e+02   3.68691888e-03
   3.43902728e+02   8.83007851e-06
   3.43903216e+02  -2.31582858e-03
   3.43903704e+02  -2.02940078e-03
   3.43904193e+02   1.94526452e-03
   3.43904681e+02   4.23460314e-03
   3.43905169e+02   2.02711229e-03
   3.43905658e+02  -4.21171571e-04
   3.43906146e+02  -1.00144139e-03
   3.43906634e+02  -2.25773096e-04
   3.43907122e+02   1.46950688e-03
   3.43907611e+02   9.91153764e-04
   3.43908099e+02  -1.13667944e-03
   3.43908587e+02  -2.32523656e-03
   3.43909076e+02  -2.01273710e-03
   3.43909564e+02  -2.21770885e-03
   3.43910052e+02  -1.97651144e-03
   3.43910541e+02   2.08686339e-04
   3.43911029e+02   1.25928840e-04
   3.43911517e+02  -1.74740294e-03
   3.43912006e+02  -3.39584332e-03
   3.43912494e+02  -4.48278943e-03
   3.43912982e+02  -9.55080439e-04
   3.43913470e+02   2.55964533e-03
   3.43913959e+02   1.48759817e-03
   3.43914447e+02   3.34809127e-04
   3.43914935e+02  -5.51695761e-04
   3.43915424e+02  -1.99773372e-03
   3.43915912e+02  -1.20582618e-03
   3.43916400e+02   3.97777447e-04
   3.43916889e+02   9.40888363e-04
   3.43917377e+02   7.65467936e-04
   3.43917865e+02  -1.09538363e-04
   3.43918354e+02  -4.52740205e-04
   3.43918842e+02   8.41083878e-04
   3.43919330e+02   2.27794074e-03
   3.43919818e+02   1.34144921e-03
   3.43920307e+02  -1.48230232e-03
   3.43920795e+02  -2.90173572e-04
   3.43921283e+02   1.74503808e-03
   3.43921772e+02   2.68007017e-04
   3.43922260e+02  -1.47613452e-03
   3.43922748e+02  -1.57433504e-03
   3.43923237e+02  -5.37607062e-04
   3.43923725e+02   1.94462700e-04
   3.43924213e+02   7.70211394e-04
   3.43924702e+02   2.27376330e-03
   3.43925190e+02   1.75401510e-03
   3.43925678e+02   6.94109185e-04
   3.43926166e+02  -5.37307409e-04
   3.43926655e+02  -1.44408713e-03
   3.43927143e+02  -2.69490923e-03
   3.43927631e+02  -4.48894408e-03
   3.43928120e+02  -3.85823520e-03
   3.43928608e+02  -1.80921017e-03
   3.43929096e+02  -9.01048596e-04
   3.43929585e+02  -8.32290272e-04
   3.43930073e+02  -6.08033501e-04
   3.43930561e+02   4.42175369e-04
   3.43931050e+02   1.75365503e-03
   3.43931538e+02   7.71582709e-04
   3.43932026e+02  -2.19139474e-04
   3.43932514e+02   5.92468365e-04
   3.43933003e+02  -1.86295019e-05
   3.43933491e+02  -1.48609781e-03
   3.43933979e+02  -4.30737244e-04
   3.43934468e+02   1.69591722e-03
   3.43934956e+02   8.50382261e-04
   3.43935444e+02   1.42149191e-04
   3.43935933e+02   1.24025159e-03
   3.43936421e+02   1.01793802e-03
   3.43936909e+02   2.50849516e-05
   3.43937398e+02  -3.27120943e-04
   3.43937886e+02   8.11451027e-05
   3.43938374e+02   1.55012531e-03
   3.43938863e+02   2.35564448e-03
   3.43939351e+02   1.83372677e-03
   3.43939839e+02   1.25258905e-03
   3.43940327e+02   1.72916206e-03
   3.43940816e+02   1.54363655e-03
   3.43941304e+02   3.39505437e-04
   3.43941792e+02   1.18835364e-03
   3.43942281e+02   1.99974328e-03
   3.43942769e+02  -2.30811747e-06
   3.43943257e+02  -1.10824523e-03
   3.43943746e+02  -3.61245155e-04
   3.43944234e+02   2.10891478e-04
   3.43944722e+02   6.66248961e-04
   3.43945211e+02   1.45609258e-03
   3.43945699e+02   2.18302337e-03
   3.43946187e+02   6.31409348e-04
   3.43946675e+02  -1.27738970e-03
   3.43947164e+02  -1.29851431e-03
   3.43947652e+02  -1.42553553e-03
   3.43948140e+02  -1.50992919e-03
   3.43948629e+02  -5.76505146e-04
   3.43949117e+02   6.81317877e-04
   3.43949605e+02   2.45111296e-05
   3.43950094e+02  -2.09396938e-03
   3.43950582e+02  -4.01275791e-03
   3.43951070e+02  -4.27711895e-03
   3.43951559e+02  -1.40663062e-03
   3.43952047e+02   2.05006776e-03
   3.43952535e+02   3.11880349e-03
   3.43953023e+02   3.35638924e-03
   3.43953512e+02   3.22355237e-03
   3.43954000e+02   9.89360502e-04
   3.43954488e+02  -1.86808663e-03
   3.43954977e+02  -2.52708863e-03
   3.43955465e+02  -7.78735382e-04
   3.43955953e+02   2.64717499e-04
   3.43956442e+02  -1.02695671e-03
   3.43956930e+02  -2.32446799e-03
   3.43957418e+02  -2.68937391e-03
   3.43957907e+02  -6.14209857e-04
   3.43958395e+02   1.17472711e-03
   3.43958883e+02   1.29616912e-03
   3.43959371e+02   2.28927005e-03
   3.43959860e+02   2.04048282e-03
   3.43960348e+02   5.10543236e-04
   3.43960836e+02   1.55212751e-04
   3.43961325e+02   3.23307468e-04
   3.43961813e+02  -5.78906329e-04
   3.43962301e+02  -2.83043017e-03
   3.43962790e+02  -3.55608761e-03
   3.43963278e+02  -2.65147956e-03
   3.43963766e+02  -1.67648448e-03
   3.43964255e+02  -5.76018705e-04
   3.43964743e+02  -7.31273467e-05
   3.43965231e+02  -1.74955043e-04
   3.43965719e+02  -4.33182984e-04
   3.43966208e+02  -1.11345516e-03
   3.43966696e+02  -1.36580050e-03
   3.43967184e+02   3.53199837e-04
   3.43967673e+02   2.55028950e-03
   3.43968161e+02   3.54289706e-03
   3.43968649e+02   3.13443248e-03
   3.43969138e+02   2.22032284e-03
   3.43969626e+02   5.11878578e-04
   3.43970114e+02  -5.17416804e-04
   3.43970603e+02   8.76411796e-04
   3.43971091e+02   1.74938585e-03
   3.43971579e+02   5.55485545e-04
   3.43972067e+02  -2.40076661e-05
   3.43972556e+02   2.40226917e-04
   3.43973044e+02   2.41072106e-04
   3.43973532e+02   2.81138055e-05
   3.43974021e+02   6.71319358e-05
   3.43974509e+02   1.46835530e-03
   3.43974997e+02   1.79333810e-03
   3.43975486e+02   1.71778863e-03
   3.43975974e+02   3.25325597e-03
   3.43976462e+02   3.23288329e-03
   3.43976951e+02   1.40123782e-04
   3.43977439e+02  -1.28625496e-03
   3.43977927e+02   8.51538673e-04
   3.43978416e+02   2.32154853e-03
   3.43978904e+02   2.46657711e-03
   3.43979392e+02   2.78617744e-03
   3.43979880e+02   2.46698922e-03
   3.43980369e+02   1.32029969e-03
   3.43980857e+02   9.41090635e-04
   3.43981345e+02   2.99449451e-03
   3.43981834e+02   5.18178428e-03
   3.43982322e+02   6.25732914e-03
   3.43982810e+02   8.45487881e-03
   3.43983299e+02   1.23705929e-02
   3.43983787e+02   1.50424847e-02
   3.43984275e+02   1.80119425e-02
   3.43984764e+02   2.13064179e-02
   3.43985252e+02   2.30156500e-02
   3.43985740e+02   2.31657010e-02
   3.43986228e+02   2.44302098e-02
   3.43986717e+02   2.48631090e-02
   3.43987205e+02   1.98838823e-02
   3.43987693e+02   9.53467749e-03
   3.43988182e+02   2.91143474e-03
   3.43988670e+02   1.99826644e-03
   3.43989158e+02   3.31757101e-03
   3.43989647e+02   1.12871442e-03
   3.43990135e+02  -2.91156536e-03
   3.43990623e+02  -2.65504094e-03
   3.43991112e+02  -5.27629512e-04
   3.43991600e+02   5.05699951e-04
   3.43992088e+02   2.69808131e-03
   3.43992576e+02   3.69892363e-03
   3.43993065e+02   1.25834509e-03
   3.43993553e+02  -4.99298098e-04
   3.43994041e+02   9.47621738e-05
   3.43994530e+02  -3.28193419e-04
   3.43995018e+02  -6.51567185e-04
   3.43995506e+02   3.15864425e-04
   3.43995995e+02  -2.52538593e-04
   3.43996483e+02  -1.50153437e-03
   3.43996971e+02  -1.40954286e-03
   3.43997460e+02  -1.84335207e-04
   3.43997948e+02   1.91578816e-03
   3.43998436e+02   2.01497786e-03
   3.43998924e+02   2.31747050e-03
   3.43999413e+02   2.05561821e-03
   3.43999901e+02  -2.02972488e-03
   3.44000389e+02  -4.17897804e-03
   3.44000878e+02  -2.21066899e-03
   3.44001366e+02   1.13623239e-04
   3.44001854e+02   8.91093456e-04
   3.44002343e+02  -8.09144622e-05
   3.44002831e+02  -1.15559180e-03
   3.44003319e+02  -7.82012765e-04
   3.44003808e+02   6.77612959e-04
   3.44004296e+02   2.13077711e-03
   3.44004784e+02   2.61862040e-03
   3.44005272e+02   2.67339312e-03
   3.44005761e+02   2.50892388e-03
   3.44006249e+02   1.13566441e-03
   3.44006737e+02   1.05727394e-03
   3.44007226e+02   1.50053273e-03
   3.44007714e+02   6.99175755e-04
   3.44008202e+02   1.66068005e-03
   3.44008691e+02   2.47305143e-03
   3.44009179e+02   6.13303273e-05
   3.44009667e+02  -1.08465913e-03
   3.44010156e+02   8.85220725e-05
   3.44010644e+02   9.53324372e-04
   3.44011132e+02   4.01022960e-04
   3.44011620e+02  -2.85364431e-03
   3.44012109e+02  -4.97383578e-03
   3.44012597e+02  -1.97577383e-03
   3.44013085e+02   7.26361468e-04
   3.44013574e+02   1.97973641e-04
   3.44014062e+02   5.74186211e-04
   3.44014550e+02   2.48334138e-04
   3.44015039e+02  -2.42773769e-03
   3.44015527e+02  -1.81094371e-03
   3.44016015e+02  -5.23190072e-04
   3.44016504e+02   2.01740680e-04
   3.44016992e+02   5.75994898e-04
   3.44017480e+02   5.82981505e-04
   3.44017969e+02  -7.14583948e-05
   3.44018457e+02   5.24307718e-04
   3.44018945e+02   7.62116921e-04
   3.44019433e+02  -5.67454612e-04
   3.44019922e+02  -7.50608102e-04
   3.44020410e+02   1.30745510e-04
   3.44020898e+02   1.01589668e-03
   3.44021387e+02   2.78807501e-03
   3.44021875e+02   3.34939221e-03
   3.44022363e+02   1.18079060e-03
   3.44022852e+02  -9.23989806e-04
   3.44023340e+02  -1.81053940e-04
   3.44023828e+02   2.02433532e-03
   3.44024317e+02   2.44924263e-03
   3.44024805e+02   3.81784909e-03
   3.44025293e+02   6.27680449e-03
   3.44025781e+02   4.79070004e-03
   3.44026270e+02   1.93736027e-03
   3.44026758e+02   2.53925170e-03
   3.44027246e+02   3.90804466e-03
   3.44027735e+02   2.90055294e-03
   3.44028223e+02   1.49987952e-03
   3.44028711e+02   1.86212186e-03
   3.44029200e+02   2.30550976e-03
   3.44029688e+02   4.40739794e-04
   3.44030176e+02  -7.41276657e-04
   3.44030665e+02   9.49523062e-04
   3.44031153e+02   1.52187364e-03
   3.44031641e+02   2.45003641e-04
   3.44032129e+02   5.35293948e-04
   3.44032618e+02   1.60541967e-03
   3.44033106e+02   2.68310262e-03
   3.44033594e+02   4.00244026e-03
   3.44034083e+02   3.21800052e-03
   3.44034571e+02   3.10151908e-03
   3.44035059e+02   4.55984566e-03
   3.44035548e+02   3.72859184e-03
   3.44036036e+02   7.85845274e-04
   3.44036524e+02  -1.75125417e-04
   3.44037013e+02  -7.10916502e-05
   3.44037501e+02  -8.31167388e-04
   3.44037989e+02  -4.51607571e-04
   3.44038477e+02  -7.35692040e-04
   3.44038966e+02  -1.63513760e-03
   3.44039454e+02  -4.10300563e-04
   3.44039942e+02   4.97394882e-04
   3.44040431e+02   1.01860205e-03
   3.44040919e+02   3.62158753e-03
   3.44041407e+02   4.41799127e-03
   3.44041896e+02   1.21868926e-03
   3.44042384e+02  -8.11235048e-04
   3.44042872e+02   4.68189319e-06
   3.44043361e+02   8.66608054e-04
   3.44043849e+02   8.33243481e-04
   3.44044337e+02   1.19676383e-03
   3.44044825e+02   3.88900843e-03
   3.44045314e+02   6.34233607e-03
   3.44045802e+02   3.44680692e-03
   3.44046290e+02  -1.16106839e-05
   3.44046779e+02   1.59241923e-03
   3.44047267e+02   2.41938885e-03
   3.44047755e+02  -1.96037628e-03
   3.44048244e+02  -4.68253624e-03
   3.44048732e+02  -1.51563494e-03
   3.44049220e+02   3.16109741e-03
   3.44049709e+02   4.34009638e-03
   3.44050197e+02   3.02558509e-03
   3.44050685e+02   1.63645006e-03
   3.44051173e+02   1.32766459e-03
   3.44051662e+02   2.51911441e-03
   3.44052150e+02   4.76352591e-03
   3.44052638e+02   3.96435708e-03
   3.44053127e+02   9.12492687e-04
   3.44053615e+02   9.20591236e-04
   3.44054103e+02   1.01357989e-03
   3.44054592e+02   2.45563075e-04
   3.44055080e+02   4.03932208e-04
   3.44055568e+02  -4.97623463e-04
   3.44056057e+02  -1.99631625e-03
   3.44056545e+02  -1.80776522e-03
   3.44057033e+02  -1.48686080e-03
   3.44057522e+02  -6.93024253e-04
   3.44058010e+02   7.81871087e-04
   3.44058498e+02   1.48003025e-03
   3.44058986e+02   3.06130666e-03
   3.44059475e+02   3.00257839e-03
   3.44059963e+02   1.62852462e-03
   3.44060451e+02   1.18537433e-03
   3.44060940e+02   9.84867685e-04
   3.44061428e+02   1.47122168e-03
   3.44061916e+02  -3.48152855e-04
   3.44062405e+02  -2.45086942e-03
   3.44062893e+02  -1.74217473e-03
   3.44063381e+02  -2.11288314e-03
   3.44063870e+02  -1.49062299e-03
   3.44064358e+02   1.36691192e-03
   3.44064846e+02   2.94475211e-03
   3.44065334e+02   3.31785646e-03
   3.44065823e+02   2.09743530e-03
   3.44066311e+02   3.28110473e-04
   3.44066799e+02  -4.32838540e-04
   3.44067288e+02  -3.21477972e-04
   3.44067776e+02   1.76678377e-03
   3.44068264e+02   4.01308853e-03
   3.44068753e+02   2.72903987e-03
   3.44069241e+02   1.41476293e-03
   3.44069729e+02   3.46588762e-03
   3.44070218e+02   4.51190723e-03
   3.44070706e+02   5.33844868e-04
   3.44071194e+02  -3.97979608e-03
   3.44071682e+02  -3.32599203e-03
   3.44072171e+02  -1.38940790e-03
   3.44072659e+02  -8.01322225e-04
   3.44073147e+02   3.47757363e-04
   3.44073636e+02   1.12155487e-03
   3.44074124e+02  -1.20234990e-03
   3.44074612e+02  -1.87089609e-03
   3.44075101e+02  -3.77176184e-04
   3.44075589e+02  -9.41991530e-05
   3.44076077e+02  -1.51475077e-03
   3.44076566e+02  -2.16768734e-04
   3.44077054e+02   2.17326055e-03
   3.44077542e+02   2.06837384e-03
   3.44078030e+02  -1.37398893e-04
   3.44078519e+02  -2.56884377e-03
   3.44079007e+02  -2.52736988e-03
   3.44079495e+02  -3.01167107e-04
   3.44079984e+02   2.09117518e-03
   3.44080472e+02   3.97331873e-03
   3.44080960e+02   4.29224456e-03
   3.44081449e+02   2.19769590e-03
   3.44081937e+02  -7.63241726e-04
   3.44082425e+02  -1.33769575e-03
   3.44082914e+02   2.73216167e-04
   3.44083402e+02   1.25519652e-03
   3.44083890e+02   1.73649343e-03
   3.44084378e+02   1.55628636e-03
   3.44084867e+02   1.44900885e-04
   3.44085355e+02  -2.01658718e-03
   3.44085843e+02  -2.96918885e-03
   3.44086332e+02  -1.25602575e-03
   3.44086820e+02   9.28248803e-04
   3.44087308e+02   1.55409542e-03
   3.44087797e+02   2.38831504e-03
   3.44088285e+02   2.92753591e-03
   3.44088773e+02   8.09300633e-04
   3.44089262e+02  -1.36650773e-03
   3.44089750e+02  -7.47461221e-04
   3.44090238e+02   8.97486520e-04
   3.44090726e+02   8.82861568e-05
   3.44091215e+02  -9.28215915e-04
   3.44091703e+02   1.81083553e-04
   3.44092191e+02   4.83134907e-04
   3.44092680e+02  -4.37117735e-04
   3.44093168e+02  -3.31974356e-04
   3.44093656e+02  -5.37788263e-04
   3.44094145e+02  -9.34895361e-04
   3.44094633e+02  -5.97327657e-04
   3.44095121e+02  -2.91525484e-05
   3.44095610e+02  -2.74408172e-04
   3.44096098e+02  -6.50712987e-04
   3.44096586e+02   5.07583725e-04
   3.44097075e+02   1.03364571e-03
   3.44097563e+02   3.74303141e-04
   3.44098051e+02   9.04559740e-04
   3.44098539e+02   1.93795376e-03
   3.44099028e+02   9.47641209e-04
   3.44099516e+02   6.48725927e-06
   3.44100004e+02   1.42698933e-03
   3.44100493e+02   2.50815297e-03
   3.44100981e+02   2.70803669e-03
   3.44101469e+02   3.32069700e-03
   3.44101958e+02   2.87525426e-03
   3.44102446e+02   1.12619007e-03
   3.44102934e+02  -9.34715063e-05
   3.44103423e+02  -9.08732065e-04
   3.44103911e+02  -1.04727177e-03
   3.44104399e+02  -1.01995451e-04
   3.44104887e+02   8.89191288e-04
   3.44105376e+02   9.53957933e-05
   3.44105864e+02  -1.33598642e-03
   3.44106352e+02  -6.43252512e-04
   3.44106841e+02   1.46596518e-03
   3.44107329e+02   1.34325284e-03
   3.44107817e+02  -1.81621965e-03
   3.44108306e+02  -3.40605527e-03
   3.44108794e+02  -2.34722113e-03
   3.44109282e+02  -1.85452518e-03
   3.44109771e+02  -2.35815695e-03
   3.44110259e+02  -2.11374043e-03
   3.44110747e+02  -1.56125531e-03
   3.44111235e+02  -3.95855168e-04
   3.44111724e+02   1.13989075e-03
   3.44112212e+02   8.07539094e-04
   3.44112700e+02  -6.10456278e-04
   3.44113189e+02  -1.78120553e-03
   3.44113677e+02  -2.02632882e-03
   3.44114165e+02  -1.75108155e-03
   3.44114654e+02  -1.78889453e-03
   3.44115142e+02  -1.88541284e-03
   3.44115630e+02  -1.07941416e-03
   3.44116119e+02  -6.20688603e-04
   3.44116607e+02  -1.30221120e-03
   3.44117095e+02  -1.10523123e-03
   3.44117583e+02   8.52711091e-04
   3.44118072e+02   2.42688181e-03
   3.44118560e+02   1.39163446e-03
   3.44119048e+02   8.99630424e-04
   3.44119537e+02  -4.76052606e-04
   3.44120025e+02  -2.29432993e-03
   3.44120513e+02  -1.60855032e-03
   3.44121002e+02  -1.91031408e-03
   3.44121490e+02  -2.92733335e-03
   3.44121978e+02  -1.28792704e-03
   3.44122467e+02   2.32823752e-03
   3.44122955e+02   3.45172291e-03
   3.44123443e+02   7.20180333e-06
   3.44123931e+02  -2.80749751e-03
   3.44124420e+02  -1.38339063e-03
   3.44124908e+02  -6.06607355e-05
   3.44125396e+02  -5.87938644e-04
   3.44125885e+02   8.86826547e-06
   3.44126373e+02   4.81369818e-04
   3.44126861e+02   1.23266640e-04
   3.44127350e+02   4.46663093e-04
   3.44127838e+02  -9.12755553e-04
   3.44128326e+02  -2.87632551e-03
   3.44128815e+02  -2.87521211e-03
   3.44129303e+02  -3.14729172e-03
   3.44129791e+02  -3.29119223e-03
   3.44130279e+02  -2.16516736e-03
   3.44130768e+02  -2.60576839e-03
   3.44131256e+02  -2.57401494e-03
   3.44131744e+02  -3.08207469e-04
   3.44132233e+02   2.10433197e-03
   3.44132721e+02   2.20086123e-03
   3.44133209e+02   6.11313328e-04
   3.44133698e+02   6.46585890e-04
   3.44134186e+02   8.40377586e-04
   3.44134674e+02   4.68103935e-05
   3.44135163e+02  -3.64726002e-04
   3.44135651e+02  -1.43844204e-03
   3.44136139e+02  -1.66366587e-03
   3.44136628e+02  -1.53838843e-03
   3.44137116e+02  -3.65944672e-03
   3.44137604e+02  -5.37008839e-03
   3.44138092e+02  -3.88075574e-03
   3.44138581e+02  -1.41437654e-03
   3.44139069e+02  -3.25967208e-04
   3.44139557e+02  -7.64536206e-04
   3.44140046e+02  -1.67453988e-03
   3.44140534e+02  -2.62765656e-03
   3.44141022e+02  -4.21530847e-03
   3.44141511e+02  -3.94372456e-03
   3.44141999e+02  -7.59560964e-04
   3.44142487e+02   9.29520174e-04
   3.44142976e+02   3.55225231e-04
   3.44143464e+02  -6.10550225e-04
   3.44143952e+02  -1.55034475e-03
   3.44144440e+02  -3.34703806e-03
   3.44144929e+02  -3.79040791e-03
   3.44145417e+02   1.02881750e-04
   3.44145905e+02   2.96686124e-03
   3.44146394e+02   1.46828906e-03
   3.44146882e+02  -5.18708082e-04
   3.44147370e+02  -5.88147195e-05
   3.44147859e+02   1.80065259e-03
   3.44148347e+02   2.54701171e-03
   3.44148835e+02   1.67038571e-03
   3.44149324e+02  -4.01379279e-04
   3.44149812e+02  -2.04414432e-03
   3.44150300e+02  -1.56333367e-03
   3.44150788e+02  -9.09686438e-04
   3.44151277e+02  -2.70353234e-03
   3.44151765e+02  -2.99016736e-03
   3.44152253e+02  -6.37549383e-04
   3.44152742e+02   1.15924107e-03
   3.44153230e+02   2.51613348e-03
   3.44153718e+02   2.81486567e-03
   3.44154207e+02   2.96674343e-03
   3.44154695e+02   2.70754518e-03
   3.44155183e+02  -2.53084494e-04
   3.44155672e+02  -9.25640459e-04
   3.44156160e+02   3.92312882e-04
   3.44156648e+02  -2.63455120e-04
   3.44157136e+02  -1.54207193e-03
   3.44157625e+02  -1.15730381e-03
   3.44158113e+02   1.61927659e-03
   3.44158601e+02   4.02295496e-03
   3.44159090e+02   2.81604496e-03
   3.44159578e+02  -1.01476046e-03
   3.44160066e+02  -3.82891949e-03
   3.44160555e+02  -3.58190620e-03
   3.44161043e+02  -2.24975660e-03
   3.44161531e+02  -2.96410726e-04
   3.44162020e+02   9.88505315e-04
   3.44162508e+02  -3.18132807e-04
   3.44162996e+02  -1.58280623e-03
   3.44163484e+02  -2.55542036e-05
   3.44163973e+02   1.28332630e-03
   3.44164461e+02   8.02675146e-04
   3.44164949e+02   1.13614358e-03
   3.44165438e+02   1.80644717e-03
   3.44165926e+02   1.90278189e-03
   3.44166414e+02   1.18272717e-03
   3.44166903e+02  -8.17442720e-04
   3.44167391e+02  -1.67064788e-03
   3.44167879e+02  -1.86690222e-03
   3.44168368e+02  -2.86894431e-03
   3.44168856e+02  -3.17366584e-03
   3.44169344e+02  -2.28709239e-03
   3.44169832e+02  -1.99147244e-03
   3.44170321e+02  -1.38416304e-03
   3.44170809e+02  -1.76468678e-03
   3.44171297e+02  -2.70616682e-03
   3.44171786e+02  -1.49945286e-03
   3.44172274e+02  -2.09694728e-03
   3.44172762e+02  -4.35968582e-03
   3.44173251e+02  -2.95064412e-03
   3.44173739e+02  -6.35785516e-04
   3.44174227e+02  -6.04152796e-04
   3.44174716e+02  -3.26754147e-04
   3.44175204e+02   8.60078784e-04
   3.44175692e+02   2.55876058e-03
   3.44176181e+02   3.55760846e-03
   3.44176669e+02   3.11950385e-03
   3.44177157e+02   2.19536154e-03
   3.44177645e+02   1.10235834e-03
   3.44178134e+02   1.16766535e-03
   3.44178622e+02   2.19277199e-03
   3.44179110e+02   1.86701166e-03
   3.44179599e+02   6.60711026e-04
   3.44180087e+02   1.74695771e-04
   3.44180575e+02   7.39802897e-04
   3.44181064e+02   2.73766724e-04
   3.44181552e+02  -1.56356266e-03
   3.44182040e+02   9.63252736e-04
   3.44182529e+02   4.80858376e-03
   3.44183017e+02   3.60046350e-03
   3.44183505e+02   2.57358683e-04
   3.44183993e+02  -1.50122843e-03
   3.44184482e+02  -2.14912277e-03
   3.44184970e+02  -1.76540902e-03
   3.44185458e+02  -4.31421009e-04
   3.44185947e+02   2.77265044e-05
   3.44186435e+02  -1.90791427e-04
   3.44186923e+02  -5.95977879e-04
   3.44187412e+02  -7.94183987e-04
   3.44187900e+02   5.96406520e-04
   3.44188388e+02   1.87670172e-03
   3.44188877e+02   6.14865159e-04
   3.44189365e+02  -3.61412065e-04
   3.44189853e+02  -8.33852682e-04
   3.44190341e+02  -1.35182415e-03
   3.44190830e+02  -2.49734730e-04
   3.44191318e+02  -1.15296047e-03
   3.44191806e+02  -7.60267721e-04
   3.44192295e+02  -2.20656116e-03
   3.44192783e+02  -1.55354710e-03
   3.44193271e+02   2.16502300e-03
   3.44193760e+02   2.61288136e-03
   3.44194248e+02   1.24139199e-03
   3.44194736e+02   1.26199413e-03
   3.44195225e+02  -1.27100197e-04
   3.44195713e+02  -1.10307359e-03
   3.44196201e+02  -1.37041300e-03
   3.44196689e+02  -2.80208141e-03
   3.44197178e+02  -2.44028470e-03
   3.44197666e+02  -4.98904381e-04
   3.44198154e+02   1.91492145e-04
   3.44198643e+02   8.43161484e-04
   3.44199131e+02   1.45709445e-03
   3.44199619e+02   1.29085348e-03
   3.44200108e+02  -3.94598814e-04
   3.44200596e+02  -2.78029195e-03
   3.44201084e+02  -2.45857425e-03
   3.44201573e+02   4.53728891e-04
   3.44202061e+02   5.23677852e-04
   3.44202549e+02  -1.79114903e-03
   3.44203037e+02  -1.57652562e-03
   3.44203526e+02  -4.64926969e-04
   3.44204014e+02  -2.11086543e-03
   3.44204502e+02  -3.77847231e-03
   3.44204991e+02  -1.60843402e-03
   3.44205479e+02   2.03691144e-03
   3.44205967e+02   2.90158275e-03
   3.44206456e+02   5.18377870e-04
   3.44206944e+02  -5.32327045e-04
   3.44207432e+02  -2.05037213e-04
   3.44207921e+02  -2.91673059e-04
   3.44208409e+02   7.87607336e-04
   3.44208897e+02   1.38989068e-03
   3.44209385e+02   6.33145741e-04
   3.44209874e+02  -8.54822283e-04
   3.44210362e+02  -3.01715708e-03
   3.44210850e+02  -3.68737755e-03
   3.44211339e+02  -3.50812403e-03
   3.44211827e+02  -3.70901194e-03
   3.44212315e+02  -2.38375645e-03
   3.44212804e+02  -8.90850089e-04
   3.44213292e+02   1.47485596e-04
   3.44213780e+02   1.76622544e-03
   3.44214269e+02   1.99608435e-03
   3.44214757e+02  -7.62707146e-04
   3.44215245e+02  -4.14572190e-03
   3.44215734e+02  -1.42844999e-03
   3.44216222e+02   1.68004900e-03
   3.44216710e+02  -1.55685772e-03
   3.44217198e+02  -3.81560973e-03
   3.44217687e+02  -2.65366957e-03
   3.44218175e+02  -2.27050157e-03
   3.44218663e+02  -1.01280643e-03
   3.44219152e+02   8.19996814e-04
   3.44219640e+02   3.39189428e-04
   3.44220128e+02  -1.38392881e-03
   3.44220617e+02  -3.57347098e-03
   3.44221105e+02  -3.40301916e-03
   3.44221593e+02   1.76901813e-04
   3.44222082e+02   2.21486087e-03
   3.44222570e+02   1.76001762e-04
   3.44223058e+02  -2.38356902e-03
   3.44223546e+02  -1.96560868e-03
   3.44224035e+02  -3.95474432e-04
   3.44224523e+02   1.15404092e-03
   3.44225011e+02   2.03115819e-03
   3.44225500e+02   1.39045285e-03
   3.44225988e+02   7.33023859e-04
   3.44226476e+02   6.50212387e-05
   3.44226965e+02  -8.04985291e-04
   3.44227453e+02  -1.07460131e-03
   3.44227941e+02   6.09867275e-04
   3.44228430e+02   2.04452244e-03
   3.44228918e+02   1.35957508e-03
   3.44229406e+02   1.69167283e-03
   3.44229894e+02   3.06427525e-03
   3.44230383e+02   1.90210948e-03
   3.44230871e+02  -7.36971444e-04
   3.44231359e+02  -2.14933511e-03
   3.44231848e+02  -2.80550006e-03
   3.44232336e+02  -2.99522607e-03
   3.44232824e+02  -2.14057625e-03
   3.44233313e+02   3.94724921e-04
   3.44233801e+02   2.25939741e-03
   3.44234289e+02   1.20785180e-03
   3.44234778e+02  -6.69740373e-04
   3.44235266e+02  -1.31675348e-04
   3.44235754e+02   4.50800464e-04
   3.44236242e+02  -9.75992414e-04
   3.44236731e+02  -7.52352586e-04
   3.44237219e+02  -1.21261488e-04
   3.44237707e+02  -1.28185679e-03
   3.44238196e+02  -1.49254734e-03
   3.44238684e+02   2.89168616e-04
   3.44239172e+02   6.62251434e-04
   3.44239661e+02  -4.07746993e-04
   3.44240149e+02  -8.28951015e-04
   3.44240637e+02  -4.68982384e-04
   3.44241126e+02  -4.42501187e-04
   3.44241614e+02  -1.97415403e-03
   3.44242102e+02  -3.04496521e-03
   3.44242590e+02  -2.54718564e-03
   3.44243079e+02  -1.84624623e-05
   3.44243567e+02   1.92602817e-03
   3.44244055e+02   3.71800197e-05
   3.44244544e+02  -2.01877300e-03
   3.44245032e+02  -1.95003359e-03
   3.44245520e+02   3.41082603e-04
   3.44246009e+02   2.12403969e-03
   3.44246497e+02   3.32150958e-04
   3.44246985e+02  -4.10299486e-04
   3.44247474e+02  -1.14837312e-03
   3.44247962e+02  -3.73651367e-03
   3.44248450e+02  -3.98247549e-03
   3.44248938e+02  -1.75484805e-03
   3.44249427e+02   1.60669137e-04
   3.44249915e+02   4.23466408e-04
   3.44250403e+02  -8.45752424e-04
   3.44250892e+02  -2.34063249e-03
   3.44251380e+02  -2.26716581e-03
   3.44251868e+02  -3.88685439e-04
   3.44252357e+02   4.83989890e-04
   3.44252845e+02  -1.92712294e-03
   3.44253333e+02  -1.93728576e-03
   3.44253822e+02   1.38905924e-03
   3.44254310e+02   3.54837929e-03
   3.44254798e+02   2.99712247e-03
   3.44255286e+02   3.62115912e-07
   3.44255775e+02  -2.85621616e-03
   3.44256263e+02  -2.27312488e-03
   3.44256751e+02   6.09754410e-04
   3.44257240e+02   2.25590332e-03
   3.44257728e+02   1.70892535e-03
   3.44258216e+02   1.94808876e-04
   3.44258705e+02  -8.68793504e-05
   3.44259193e+02   7.14776863e-04
   3.44259681e+02   7.56400113e-04
   3.44260170e+02   8.70914446e-05
   3.44260658e+02  -2.71615372e-05
   3.44261146e+02  -1.13512913e-03
   3.44261635e+02  -8.24970368e-04
   3.44262123e+02   2.04443443e-03
   3.44262611e+02   2.11368827e-03
   3.44263099e+02   1.62633340e-04
   3.44263588e+02  -1.64498284e-03
   3.44264076e+02  -2.44796765e-03
   3.44264564e+02  -1.42334797e-03
   3.44265053e+02   6.32979718e-05
   3.44265541e+02  -5.86690323e-04
   3.44266029e+02  -1.22148974e-03
   3.44266518e+02   1.20538636e-03
   3.44267006e+02   2.77821324e-03
   3.44267494e+02   3.02928733e-03
   3.44267983e+02   1.97042315e-03
   3.44268471e+02  -1.56954292e-03
   3.44268959e+02  -1.72079040e-03
   3.44269447e+02   1.03013578e-03
   3.44269936e+02   1.71053468e-03
   3.44270424e+02   4.91777668e-04
   3.44270912e+02  -1.41523022e-03
   3.44271401e+02  -2.07533571e-03
   3.44271889e+02  -2.15303479e-03
   3.44272377e+02  -1.72728486e-03
   3.44272866e+02  -9.57402634e-04
   3.44273354e+02  -1.07136776e-03
   3.44273842e+02  -1.60311570e-03
   3.44274331e+02  -1.39158650e-03
   3.44274819e+02  -1.33846386e-03
   3.44275307e+02  -2.77764909e-03
   3.44275795e+02  -3.15441657e-03
   3.44276284e+02  -1.38084055e-03
   3.44276772e+02   3.22553387e-04
   3.44277260e+02   5.96959842e-04
   3.44277749e+02  -1.89052316e-05
   3.44278237e+02   1.11190963e-03
   3.44278725e+02   4.43039322e-03
   3.44279214e+02   5.95314754e-03
   3.44279702e+02   2.93803588e-03
   3.44280190e+02  -5.84146823e-04
   3.44280679e+02   2.76253413e-04
   3.44281167e+02   2.36552209e-03
   3.44281655e+02   2.38124630e-03
   3.44282143e+02   6.80274621e-04
   3.44282632e+02   1.17311103e-03
   3.44283120e+02   4.34152829e-03
   3.44283608e+02   5.08225244e-03
   3.44284097e+02   2.70750676e-03
   3.44284585e+02   7.06829451e-05
   3.44285073e+02  -4.04413382e-04
   3.44285562e+02  -6.23328815e-05
   3.44286050e+02  -6.88590691e-04
   3.44286538e+02  -3.62301689e-05
   3.44287027e+02  -4.29408741e-04
   3.44287515e+02  -3.35464277e-03
   3.44288003e+02  -5.33873867e-03
   3.44288491e+02  -3.18911159e-03
   3.44288980e+02  -5.10356214e-04
   3.44289468e+02  -1.34085363e-04
   3.44289956e+02   6.67993911e-04
   3.44290445e+02   1.57456950e-03
   3.44290933e+02   5.64955000e-04
   3.44291421e+02  -3.42189072e-04
   3.44291910e+02  -2.16127373e-04
   3.44292398e+02  -6.66241278e-04
   3.44292886e+02  -6.72642607e-04
   3.44293375e+02   1.01271109e-03
   3.44293863e+02   1.91774650e-03
   3.44294351e+02   2.57701939e-03
   3.44294839e+02   2.69594672e-03
   3.44295328e+02   9.85767459e-04
   3.44295816e+02   7.99685222e-05
   3.44296304e+02   4.58980823e-04
   3.44296793e+02   5.78396372e-04
   3.44297281e+02   3.72502342e-04
   3.44297769e+02   3.37215461e-05
   3.44298258e+02  -4.13816975e-04
   3.44298746e+02  -9.50893038e-04
   3.44299234e+02  -1.77289930e-03
   3.44299723e+02  -1.71693973e-03
   3.44300211e+02  -5.76851540e-04
   3.44300699e+02  -1.09013706e-03
   3.44301188e+02  -1.60251849e-03
   3.44301676e+02   5.91268355e-04
   3.44302164e+02   3.17008211e-03
   3.44302652e+02   3.11862677e-03
   3.44303141e+02   1.38184335e-03
   3.44303629e+02   3.27348534e-04
   3.44304117e+02   7.53153581e-04
   3.44304606e+02   7.65250355e-04
   3.44305094e+02  -1.26331940e-03
   3.44305582e+02  -2.61874893e-03
   3.44306071e+02  -2.57357094e-03
   3.44306559e+02  -8.46215407e-04
   3.44307047e+02   1.20334164e-03
   3.44307536e+02   2.03652959e-03
   3.44308024e+02   1.35561661e-03
   3.44308512e+02   4.04025312e-04
   3.44309000e+02  -1.24825354e-04
   3.44309489e+02   2.26627799e-05
   3.44309977e+02   5.00435883e-04
   3.44310465e+02   1.74458802e-03
   3.44310954e+02   4.96522943e-03
   3.44311442e+02   4.02803347e-03
   3.44311930e+02  -9.59932921e-04
   3.44312419e+02  -1.79115089e-03
   3.44312907e+02  -9.79530625e-04
   3.44313395e+02  -4.76331741e-04
   3.44313884e+02   1.55243045e-03
   3.44314372e+02   1.42490712e-03
   3.44314860e+02  -1.64755023e-04
   3.44315348e+02   6.20066538e-04
   3.44315837e+02   1.36415928e-03
   3.44316325e+02   5.80926309e-04
   3.44316813e+02  -1.43893226e-03
   3.44317302e+02  -1.74886663e-03
   3.44317790e+02   5.18343004e-04
   3.44318278e+02   1.48445822e-03
   3.44318767e+02   1.36744860e-03
   3.44319255e+02  -6.47443696e-04
   3.44319743e+02  -3.03004752e-03
   3.44320232e+02  -3.01098544e-03
   3.44320720e+02  -1.27086544e-03
   3.44321208e+02   8.19270324e-04
   3.44321696e+02   1.73093053e-03
   3.44322185e+02   1.04433321e-03
   3.44322673e+02  -1.75647234e-04
   3.44323161e+02   6.14585064e-04
   3.44323650e+02   2.14202702e-03
   3.44324138e+02   2.83763534e-03
   3.44324626e+02   3.04399407e-03
   3.44325115e+02   2.24150531e-03
   3.44325603e+02   2.48490646e-03
   3.44326091e+02   3.82202258e-03
   3.44326580e+02   2.39403453e-03
   3.44327068e+02  -2.15526597e-04
   3.44327556e+02  -1.06699381e-03
   3.44328044e+02  -8.88541035e-05
   3.44328533e+02   9.36373486e-04
   3.44329021e+02   4.52948152e-04
   3.44329509e+02  -9.46414249e-04
   3.44329998e+02  -3.26791243e-03
   3.44330486e+02  -4.55618184e-03
   3.44330974e+02  -2.81156879e-03
   3.44331463e+02  -6.01954816e-04
   3.44331951e+02  -2.39521338e-04
   3.44332439e+02  -2.00673216e-03
   3.44332928e+02  -3.82855325e-03
   3.44333416e+02  -2.42058514e-03
   3.44333904e+02  -8.31840734e-04
   3.44334392e+02  -2.19322578e-03
   3.44334881e+02  -2.98321247e-03
   3.44335369e+02  -1.08103117e-03
   3.44335857e+02   1.16235751e-03
   3.44336346e+02   1.35572511e-03
   3.44336834e+02  -5.58827072e-04
   3.44337322e+02  -1.84334989e-03
   3.44337811e+02  -8.34090519e-04
   3.44338299e+02   7.44525227e-04
   3.44338787e+02   1.64805038e-03
   3.44339276e+02   9.84766404e-04
   3.44339764e+02  -4.73290536e-04
   3.44340252e+02  -9.44343687e-04
   3.44340741e+02  -4.47696482e-04
   3.44341229e+02   6.03883644e-04
   3.44341717e+02   1.72715983e-03
   3.44342205e+02   2.43703485e-03
   3.44342694e+02   2.57774559e-03
   3.44343182e+02   8.02190218e-04
   3.44343670e+02  -1.31047191e-03
   3.44344159e+02  -3.49825976e-04
   3.44344647e+02   1.76312285e-03
   3.44345135e+02   1.63859280e-03
   3.44345624e+02   1.86980687e-04
   3.44346112e+02  -2.13582721e-03
   3.44346600e+02  -3.58553533e-03
   3.44347089e+02  -2.16315500e-03
   3.44347577e+02  -5.18830202e-04
   3.44348065e+02  -8.47115356e-04
   3.44348553e+02  -1.63103815e-03
   3.44349042e+02  -1.25166378e-03
   3.44349530e+02  -1.11318361e-04
   3.44350018e+02   4.55673755e-04
   3.44350507e+02  -7.57414164e-05
   3.44350995e+02   8.65266702e-05
   3.44351483e+02   9.50001413e-04
   3.44351972e+02   1.24120328e-03
   3.44352460e+02   3.51613766e-04
   3.44352948e+02   6.00511150e-04
   3.44353437e+02   2.46554520e-03
   3.44353925e+02   2.71264254e-03
   3.44354413e+02   1.56814372e-03
   3.44354901e+02   1.14913553e-03
   3.44355390e+02   1.94969494e-03
   3.44355878e+02   3.41240573e-03
   3.44356366e+02   3.46294069e-03
   3.44356855e+02   1.98297203e-03
   3.44357343e+02   1.19378150e-03
   3.44357831e+02   1.77909888e-03
   3.44358320e+02   1.07678364e-03
   3.44358808e+02   5.60111133e-04
   3.44359296e+02   1.43508671e-03
   3.44359785e+02   1.37915497e-03
   3.44360273e+02   4.14962764e-04
   3.44360761e+02   1.02935289e-03
   3.44361249e+02   1.85489445e-03
   3.44361738e+02   3.00145301e-04
   3.44362226e+02  -1.51407218e-03
   3.44362714e+02  -1.31376262e-03
   3.44363203e+02  -1.25747290e-04
   3.44363691e+02   1.26649707e-03
   3.44364179e+02   1.13192713e-03
   3.44364668e+02  -1.23122836e-05
   3.44365156e+02   5.69374359e-04
   3.44365644e+02   1.43967755e-03
   3.44366133e+02   1.87787390e-03
   3.44366621e+02   2.74760509e-03
   3.44367109e+02   4.38935298e-04
   3.44367597e+02  -1.67392450e-03
   3.44368086e+02  -1.08806964e-03
   3.44368574e+02   1.77731132e-03
   3.44369062e+02   2.04376760e-03
   3.44369551e+02  -1.67458071e-04
   3.44370039e+02  -1.69285573e-04
   3.44370527e+02   7.41022930e-04
   3.44371016e+02   5.07003220e-04
   3.44371504e+02  -1.20693923e-03
   3.44371992e+02  -1.37986802e-03
   3.44372481e+02   6.41286490e-04
   3.44372969e+02   1.80297939e-03
   3.44373457e+02   9.98866744e-04
   3.44373945e+02  -1.38781022e-03
   3.44374434e+02  -2.33131647e-03
   3.44374922e+02  -1.09623931e-03
   3.44375410e+02   9.80844707e-05
   3.44375899e+02   9.70806170e-04
   3.44376387e+02   6.89292734e-04
   3.44376875e+02  -3.96577816e-04
   3.44377364e+02  -1.47669516e-05
   3.44377852e+02   6.18786435e-04
   3.44378340e+02   5.35864616e-04
   3.44378829e+02   7.80679111e-04
   3.44379317e+02   1.99065340e-04
   3.44379805e+02  -1.12871116e-03
   3.44380294e+02  -1.60276459e-03
   3.44380782e+02  -3.17224272e-04
   3.44381270e+02   3.15461191e-03
   3.44381758e+02   4.73003043e-03
   3.44382247e+02   3.17135057e-03
   3.44382735e+02   3.03754117e-03
   3.44383223e+02   4.05095750e-03
   3.44383712e+02   1.85998750e-03
   3.44384200e+02  -1.19869586e-03
   3.44384688e+02  -2.00244901e-03
   3.44385177e+02  -1.58983131e-03
   3.44385665e+02  -1.87600392e-03
   3.44386153e+02  -1.98386703e-03
   3.44386642e+02  -6.34224212e-04
   3.44387130e+02   3.43770458e-04
   3.44387618e+02  -1.45094482e-05
   3.44388106e+02  -4.30638815e-04
   3.44388595e+02   8.85656162e-04
   3.44389083e+02   3.46874655e-03
   3.44389571e+02   3.61352344e-03
   3.44390060e+02   1.93638960e-03
   3.44390548e+02  -9.88714164e-05
   3.44391036e+02  -2.06202641e-03
   3.44391525e+02  -2.35709990e-03
   3.44392013e+02  -9.95926443e-04
   3.44392501e+02   1.42701250e-03
   3.44392990e+02   1.85684778e-03
   3.44393478e+02   3.45590728e-04
   3.44393966e+02  -1.44216116e-03
   3.44394454e+02  -1.58484327e-03
   3.44394943e+02   1.49967812e-03
   3.44395431e+02   2.55097519e-03
   3.44395919e+02   5.77739906e-04
   3.44396408e+02  -1.38618183e-04
   3.44396896e+02   3.79732403e-04
   3.44397384e+02   1.32686750e-04
   3.44397873e+02  -5.35580213e-04
   3.44398361e+02   1.24242308e-03
   3.44398849e+02   2.81074177e-03
   3.44399338e+02   2.35606544e-03
   3.44399826e+02   1.15346152e-03
   3.44400314e+02  -2.76372011e-04
   3.44400802e+02   3.14820732e-04
   3.44401291e+02   2.04997225e-04
   3.44401779e+02  -4.93588799e-04
   3.44402267e+02   5.21050009e-04
   3.44402756e+02   8.12776154e-04
   3.44403244e+02   1.72466529e-03
   3.44403732e+02   3.24629829e-03
   3.44404221e+02   3.16437241e-03
   3.44404709e+02   2.37397873e-03
   3.44405197e+02   1.07951113e-03
   3.44405686e+02   3.82084458e-04
   3.44406174e+02  -1.18170073e-03
   3.44406662e+02  -3.74030252e-03
   3.44407150e+02  -2.02964246e-03
   3.44407639e+02   1.31103408e-03
   3.44408127e+02   1.43408054e-03
   3.44408615e+02   1.87233486e-03
   3.44409104e+02   2.89687724e-03
   3.44409592e+02   2.10854271e-03
   3.44410080e+02   5.77371509e-04
   3.44410569e+02  -3.46344204e-05
   3.44411057e+02  -6.82568294e-04
   3.44411545e+02  -1.18766783e-03
   3.44412034e+02  -1.01200631e-03
   3.44412522e+02  -2.24729604e-03
   3.44413010e+02  -4.32784064e-03
   3.44413498e+02  -4.40883823e-03
   3.44413987e+02  -2.95724743e-03
   3.44414475e+02  -1.40646612e-03
   3.44414963e+02   7.36724352e-04
   3.44415452e+02   1.35968125e-03
   3.44415940e+02  -8.44306487e-05
   3.44416428e+02  -1.85449011e-04
   3.44416917e+02  -2.58190499e-04
   3.44417405e+02  -2.14592041e-03
   3.44417893e+02  -3.04494868e-03
   3.44418382e+02  -2.48394953e-03
   3.44418870e+02  -2.40830029e-03
   3.44419358e+02  -1.84541603e-03
   3.44419847e+02  -3.60044622e-04
   3.44420335e+02  -3.83135601e-04
   3.44420823e+02  -1.23821443e-03
   3.44421311e+02  -1.05394248e-03
   3.44421800e+02  -1.26396806e-03
   3.44422288e+02  -3.99163226e-04
   3.44422776e+02   8.04502924e-04
   3.44423265e+02  -6.75040821e-04
   3.44423753e+02  -2.71407003e-03
   3.44424241e+02  -1.69518951e-03
   3.44424730e+02  -7.48161110e-05
   3.44425218e+02  -2.11337022e-03
   3.44425706e+02  -2.07436620e-03
   3.44426195e+02  -1.85800681e-03
   3.44426683e+02  -1.65165169e-03
   3.44427171e+02  -2.18690885e-03
   3.44427659e+02  -9.66222666e-04
   3.44428148e+02   1.67023367e-03
   3.44428636e+02   9.14111850e-04
   3.44429124e+02  -1.23678253e-03
   3.44429613e+02  -1.57026434e-03
   3.44430101e+02  -1.40077178e-03
   3.44430589e+02  -1.00269460e-03
   3.44431078e+02  -6.91389665e-04
   3.44431566e+02  -1.57935510e-03
   3.44432054e+02  -1.54606020e-03
   3.44432543e+02   1.16167030e-04
   3.44433031e+02   1.61813718e-04
   3.44433519e+02  -1.90948241e-03
   3.44434007e+02  -3.73403309e-03
   3.44434496e+02  -2.89599504e-03
   3.44434984e+02   2.31794256e-04
   3.44435472e+02   2.94879638e-03
   3.44435961e+02   3.47473565e-03
   3.44436449e+02   3.19640175e-03
   3.44436937e+02   3.64595233e-03
   3.44437426e+02   4.95035527e-03
   3.44437914e+02   6.02966081e-03
   3.44438402e+02   5.54461405e-03
   3.44438891e+02   3.08497157e-03
   3.44439379e+02   7.78897025e-04
   3.44439867e+02  -2.81211775e-04
   3.44440355e+02  -8.75006779e-04
   3.44440844e+02  -5.64206392e-04
   3.44441332e+02   6.81644306e-04
   3.44441820e+02   1.67509541e-03
   3.44442309e+02   4.20111348e-04
   3.44442797e+02  -1.43608474e-03
   3.44443285e+02  -1.55237806e-03
   3.44443774e+02  -2.35684309e-03
   3.44444262e+02  -2.97642522e-03
   3.44444750e+02  -1.73723511e-03
   3.44445239e+02  -5.28096221e-04
   3.44445727e+02  -3.75428615e-04
   3.44446215e+02  -1.25447486e-03
   3.44446703e+02  -2.84952461e-03
   3.44447192e+02  -2.83937040e-03
   3.44447680e+02  -3.81619233e-04
   3.44448168e+02   1.05664821e-03
   3.44448657e+02   1.21872872e-03
   3.44449145e+02   2.48518540e-03
   3.44449633e+02   3.41316150e-03
   3.44450122e+02   1.78152625e-03
   3.44450610e+02  -1.75928883e-03
   3.44451098e+02  -4.27951431e-03
   3.44451587e+02  -3.57204909e-03
   3.44452075e+02  -1.91156159e-03
   3.44452563e+02  -9.82111378e-05
   3.44453051e+02   2.73968978e-03
   3.44453540e+02   3.02401511e-03
   3.44454028e+02   6.71050861e-04
   3.44454516e+02   5.22074770e-05
   3.44455005e+02   9.47621069e-04
   3.44455493e+02   1.95235538e-03
   3.44455981e+02   1.56167476e-03
   3.44456470e+02  -1.91435669e-04
   3.44456958e+02   5.83872315e-04
   3.44457446e+02   2.96746893e-03
   3.44457935e+02   3.83005012e-03
   3.44458423e+02   2.53587821e-03
   3.44458911e+02   1.25100533e-03
   3.44459400e+02   1.64723338e-03
   3.44459888e+02   2.04379228e-03
   3.44460376e+02   2.90502515e-03
   3.44460864e+02   3.20029329e-03
   3.44461353e+02   3.06415139e-03
   3.44461841e+02   2.29918910e-03
   3.44462329e+02   4.97670444e-05
   3.44462818e+02  -5.85503818e-04
   3.44463306e+02  -9.69962421e-05
   3.44463794e+02  -4.26452956e-04
   3.44464283e+02  -6.36079640e-04
   3.44464771e+02  -1.39359466e-03
   3.44465259e+02  -2.94068898e-03
   3.44465748e+02  -3.35850683e-03
   3.44466236e+02  -1.53226440e-03
   3.44466724e+02   8.53065052e-04
   3.44467212e+02   4.88689227e-04
   3.44467701e+02  -5.94760175e-04
   3.44468189e+02  -5.13493200e-04
   3.44468677e+02   6.60071324e-04
   3.44469166e+02   2.28061271e-03
   3.44469654e+02   2.70259031e-03
   3.44470142e+02   1.50173297e-03
   3.44470631e+02   1.71487348e-03
   3.44471119e+02   2.73525179e-03
   3.44471607e+02   1.62255031e-03
   3.44472096e+02   1.21989567e-03
   3.44472584e+02   5.97998325e-04
   3.44473072e+02  -1.17548462e-03
   3.44473560e+02  -1.77649211e-03
   3.44474049e+02  -1.78622769e-03
   3.44474537e+02  -3.20146442e-03
   3.44475025e+02  -3.30591132e-03
   3.44475514e+02  -1.17383967e-03
   3.44476002e+02  -3.16732825e-04
   3.44476490e+02  -2.02398704e-04
   3.44476979e+02  -7.81522598e-04
   3.44477467e+02  -1.42458442e-03
   3.44477955e+02  -1.34893239e-03
   3.44478444e+02  -1.30409130e-03
   3.44478932e+02   1.67717953e-04
   3.44479420e+02   2.81871110e-03
   3.44479908e+02   3.25603946e-03
   3.44480397e+02   1.14135828e-03
   3.44480885e+02  -5.35862819e-05
   3.44481373e+02  -6.87285094e-04
   3.44481862e+02  -2.76991050e-04
   3.44482350e+02   2.72510224e-03
   3.44482838e+02   4.37223492e-03
   3.44483327e+02   2.65847379e-03
   3.44483815e+02   4.90692211e-04
   3.44484303e+02   2.16758781e-04
   3.44484792e+02   9.72253794e-04
   3.44485280e+02   4.50913576e-05
   3.44485768e+02  -1.71571912e-03
   3.44486256e+02  -2.19180458e-03
   3.44486745e+02  -1.76911033e-03
   3.44487233e+02  -1.73448620e-03
   3.44487721e+02  -8.01932532e-04
   3.44488210e+02   1.10305741e-03
   3.44488698e+02   8.23224836e-04
   3.44489186e+02  -9.71637259e-04
   3.44489675e+02  -2.38017133e-03
   3.44490163e+02  -3.04577802e-03
   3.44490651e+02  -2.91488157e-03
   3.44491140e+02  -7.86204007e-04
   3.44491628e+02   2.11561006e-03
   3.44492116e+02   3.53874662e-03
   3.44492604e+02   3.28174769e-03
   3.44493093e+02   2.28678249e-03
   3.44493581e+02   1.16089720e-03
   3.44494069e+02   2.98851755e-05
   3.44494558e+02   9.41745122e-04
   3.44495046e+02   2.53364327e-03
   3.44495534e+02   1.79743918e-03
   3.44496023e+02   6.43667358e-04
   3.44496511e+02   5.81797329e-04
   3.44496999e+02   4.29069478e-04
   3.44497488e+02   6.02413958e-04
   3.44497976e+02   1.41008233e-03
   3.44498464e+02   7.91262602e-04
   3.44498953e+02  -7.61065166e-04
   3.44499441e+02  -2.08908622e-03
   3.44499929e+02  -2.89146742e-03
   3.44500417e+02  -2.74653197e-03
   3.44500906e+02  -1.37642084e-03
   3.44501394e+02  -4.31746012e-04
   3.44501882e+02  -8.80400417e-04
   3.44502371e+02  -7.80474918e-04
   3.44502859e+02   5.65988630e-05
   3.44503347e+02  -1.16507705e-04
   3.44503836e+02   5.18764893e-04
   3.44504324e+02   2.63515301e-03
   3.44504812e+02   1.41729508e-03
   3.44505301e+02  -2.08303775e-03
   3.44505789e+02  -2.38312478e-03
   3.44506277e+02  -3.82006110e-04
   3.44506765e+02   1.65103492e-03
   3.44507254e+02   2.45006266e-03
   3.44507742e+02   1.99472051e-05
   3.44508230e+02  -3.83400847e-03
   3.44508719e+02  -4.18164907e-03
   3.44509207e+02  -7.03450525e-04
   3.44509695e+02   2.76455516e-03
   3.44510184e+02   2.96696695e-03
   3.44510672e+02   1.28630269e-03
   3.44511160e+02   6.29371090e-04
   3.44511649e+02   2.84274283e-04
   3.44512137e+02   4.12916008e-04
   3.44512625e+02   6.39308186e-04
   3.44513113e+02   2.25081225e-03
   3.44513602e+02   3.95230809e-03
   3.44514090e+02   9.90863889e-04
   3.44514578e+02  -3.73647828e-03
   3.44515067e+02  -3.30603123e-03
   3.44515555e+02  -7.50467996e-04
   3.44516043e+02  -5.02799172e-04
   3.44516532e+02  -1.79366150e-04
   3.44517020e+02   8.82715744e-04
   3.44517508e+02   2.57696863e-03
   3.44517997e+02   3.61139211e-03
   3.44518485e+02   3.17139179e-03
   3.44518973e+02   1.44094566e-03
   3.44519461e+02   5.63775713e-04
   3.44519950e+02   2.41577113e-03
   3.44520438e+02   2.59627984e-03
   3.44520926e+02  -1.22357358e-03
   3.44521415e+02  -3.29431938e-03
   3.44521903e+02  -1.12210098e-03
   3.44522391e+02   2.21775658e-03
   3.44522880e+02   3.26540857e-03
   3.44523368e+02   1.97978877e-03
   3.44523856e+02   1.06559566e-03
   3.44524345e+02  -1.70320302e-04
   3.44524833e+02  -2.19114032e-03
   3.44525321e+02  -3.51656787e-03
   3.44525809e+02  -3.24142026e-03
   3.44526298e+02  -1.61592430e-03
   3.44526786e+02  -7.95839820e-04
   3.44527274e+02  -1.37098925e-03
   3.44527763e+02  -7.38929433e-04
   3.44528251e+02   2.37321085e-03
   3.44528739e+02   3.71999666e-03
   3.44529228e+02   8.85929156e-04
   3.44529716e+02  -2.24880478e-03
   3.44530204e+02  -1.53333216e-03
   3.44530693e+02   7.73174455e-04
   3.44531181e+02   1.31867325e-03
   3.44531669e+02   6.30512950e-04
   3.44532157e+02  -7.00310513e-04
   3.44532646e+02  -1.28253398e-03
   3.44533134e+02   2.71237950e-04
   3.44533622e+02   5.94265701e-04
   3.44534111e+02  -1.74884393e-03
   3.44534599e+02  -3.45792715e-03
   3.44535087e+02  -3.84674687e-03
   3.44535576e+02  -4.47692629e-03
   3.44536064e+02  -3.13769840e-03
   3.44536552e+02   3.74447380e-04
   3.44537041e+02   1.28236914e-03
   3.44537529e+02   6.27145753e-04
   3.44538017e+02   3.58778809e-04
   3.44538506e+02  -6.30695897e-04
   3.44538994e+02   5.28300770e-05
   3.44539482e+02   8.51202873e-04
   3.44539970e+02   2.35560481e-04
   3.44540459e+02   1.64349366e-03
   3.44540947e+02   2.28307513e-03
   3.44541435e+02   6.56367396e-04
   3.44541924e+02   3.71187693e-04
   3.44542412e+02   1.07626559e-03
   3.44542900e+02   1.27905956e-03
   3.44543389e+02   2.40060408e-03
   3.44543877e+02   3.50744254e-03
   3.44544365e+02   1.81629078e-03
   3.44544854e+02  -4.97254368e-04
   3.44545342e+02  -5.42329042e-04
   3.44545830e+02   1.25960179e-03
   3.44546318e+02   1.28103048e-03
   3.44546807e+02  -1.35496282e-03
   3.44547295e+02  -1.88711938e-03
   3.44547783e+02   3.20037041e-04
   3.44548272e+02   9.39505291e-04
   3.44548760e+02  -7.25544596e-05
   3.44549248e+02  -1.89145678e-04
   3.44549737e+02   1.00686692e-03
   3.44550225e+02   1.15801406e-03
   3.44550713e+02  -1.18840202e-04
   3.44551202e+02  -6.82777318e-04
   3.44551690e+02  -8.53770645e-04
   3.44552178e+02  -1.25343946e-03
   3.44552666e+02  -3.78609839e-04
   3.44553155e+02  -4.64466662e-04
   3.44553643e+02  -4.98360256e-04
   3.44554131e+02   1.49022992e-04
   3.44554620e+02  -8.67594150e-04
   3.44555108e+02  -1.42511970e-03
   3.44555596e+02  -9.22000443e-04
   3.44556085e+02   1.01756875e-03
   3.44556573e+02   3.79535998e-03
   3.44557061e+02   3.17491684e-03
   3.44557550e+02   9.63427941e-04
   3.44558038e+02  -3.40042519e-04
   3.44558526e+02  -2.07068585e-03
   3.44559014e+02  -3.37442360e-03
   3.44559503e+02  -3.99668049e-03
   3.44559991e+02  -3.08705447e-03
   3.44560479e+02  -1.05160277e-03
   3.44560968e+02  -1.93232205e-04
   3.44561456e+02  -4.17286128e-06
   3.44561944e+02  -1.40676799e-04
   3.44562433e+02  -1.10620598e-03
   3.44562921e+02  -2.42388109e-03
   3.44563409e+02  -2.14555440e-03
   3.44563898e+02  -1.07861694e-03
   3.44564386e+02   7.27100414e-04
   3.44564874e+02   1.89043698e-03
   3.44565362e+02   1.33220758e-03
   3.44565851e+02   1.53719867e-03
   3.44566339e+02   9.75775067e-04
   3.44566827e+02  -7.10698718e-04
   3.44567316e+02  -1.40740001e-03
   3.44567804e+02  -1.44110073e-03
   3.44568292e+02  -6.14071265e-04
   3.44568781e+02  -1.11354901e-04
   3.44569269e+02   1.01736048e-03
   3.44569757e+02   2.93447264e-03
   3.44570246e+02   2.74866004e-03
   3.44570734e+02   2.10308284e-03
   3.44571222e+02   2.15227436e-03
   3.44571710e+02   1.90119515e-03
   3.44572199e+02   1.20313850e-03
   3.44572687e+02   8.02381488e-04
   3.44573175e+02   3.65128100e-04
   3.44573664e+02  -1.82014352e-04
   3.44574152e+02  -3.94798815e-04
   3.44574640e+02   4.77920810e-04
   3.44575129e+02   6.49425434e-04
   3.44575617e+02  -7.16526120e-05
   3.44576105e+02  -5.60086162e-04
   3.44576594e+02  -2.50801473e-04
   3.44577082e+02  -8.05400705e-05
   3.44577570e+02  -6.48337300e-04
   3.44578059e+02  -1.08848850e-03
   3.44578547e+02   6.58790086e-05
   3.44579035e+02   3.13693332e-03
   3.44579523e+02   3.38167674e-03
   3.44580012e+02   2.56945990e-04
   3.44580500e+02  -1.68954686e-03
   3.44580988e+02  -1.99096859e-03
   3.44581477e+02  -1.35165150e-03
   3.44581965e+02  -6.47443172e-04
   3.44582453e+02   4.85844532e-04
   3.44582942e+02   1.91736838e-03
   3.44583430e+02   1.48971542e-03
   3.44583918e+02  -6.43107400e-04
   3.44584407e+02  -1.76899787e-03
   3.44584895e+02  -9.43922321e-04
   3.44585383e+02  -1.95040379e-03
   3.44585871e+02  -2.78113689e-03
   3.44586360e+02  -1.48582063e-03
   3.44586848e+02  -5.75923827e-04
   3.44587336e+02  -4.11782064e-04
   3.44587825e+02   4.89339756e-04
   3.44588313e+02   1.85801042e-03
   3.44588801e+02   2.24792142e-03
   3.44589290e+02   1.70258817e-03
   3.44589778e+02   7.59649207e-04
   3.44590266e+02  -4.44730133e-04
   3.44590755e+02  -6.82233134e-04
   3.44591243e+02   1.09502820e-04
   3.44591731e+02   1.01645105e-03
   3.44592219e+02   3.71555245e-04
   3.44592708e+02  -2.66493938e-04
   3.44593196e+02  -2.00153983e-04
   3.44593684e+02  -6.81491336e-04
   3.44594173e+02  -8.22903123e-04
   3.44594661e+02  -2.44014314e-03
   3.44595149e+02  -3.83371115e-03
   3.44595638e+02  -2.28844001e-03
   3.44596126e+02   1.06536849e-04
   3.44596614e+02   1.63991947e-03
   3.44597103e+02   2.12826743e-03
   3.44597591e+02   1.83415681e-03
   3.44598079e+02   2.02126522e-03
   3.44598567e+02   2.63793883e-03
   3.44599056e+02   1.99585245e-03
   3.44599544e+02   1.10355671e-03
   3.44600032e+02   2.69730925e-03
   3.44600521e+02   3.73609969e-03
   3.44601009e+02   6.46471337e-04
   3.44601497e+02  -1.87355117e-03
   3.44601986e+02  -1.90086151e-03
   3.44602474e+02  -1.23084628e-03
   3.44602962e+02  -1.35403278e-03
   3.44603451e+02  -6.54009113e-04
   3.44603939e+02   1.48768269e-03
   3.44604427e+02   1.89356145e-03
   3.44604915e+02   9.14995326e-04
   3.44605404e+02   1.24236057e-03
   3.44605892e+02   2.29900307e-03
   3.44606380e+02   2.22225068e-03
   3.44606869e+02   2.13730661e-03
   3.44607357e+02   1.78902328e-03
   3.44607845e+02  -1.10116431e-04
   3.44608334e+02   2.36585940e-04
   3.44608822e+02   2.25363416e-03
   3.44609310e+02   3.34287970e-03
   3.44609799e+02   3.80441407e-03
   3.44610287e+02   2.35522538e-03
   3.44610775e+02   4.06037114e-04
   3.44611263e+02   5.33010461e-04
   3.44611752e+02   1.12940010e-03
   3.44612240e+02   6.31091651e-04
   3.44612728e+02  -4.89538215e-05
   3.44613217e+02   7.74789878e-05
   3.44613705e+02   6.80368452e-04
   3.44614193e+02   1.98066258e-03
   3.44614682e+02   1.82424474e-03
   3.44615170e+02   7.73676584e-05
   3.44615658e+02   9.89791588e-04
   3.44616147e+02   2.22668122e-03
   3.44616635e+02   7.60263589e-04
   3.44617123e+02  -2.08157743e-03
   3.44617612e+02  -2.35841260e-03
   3.44618100e+02   6.20308798e-04
   3.44618588e+02   1.95370289e-03
   3.44619076e+02   1.61322835e-03
   3.44619565e+02   2.04611570e-03
   3.44620053e+02   1.43641664e-03
   3.44620541e+02   5.55107428e-04
   3.44621030e+02   1.06672407e-03
   3.44621518e+02   4.09638131e-04
   3.44622006e+02   1.29180655e-04
   3.44622495e+02   7.60040188e-04
   3.44622983e+02   8.41877249e-04
   3.44623471e+02   5.28978300e-04
   3.44623960e+02  -1.01008487e-03
   3.44624448e+02   8.50335491e-05
   3.44624936e+02   1.13647990e-03
   3.44625424e+02  -2.25601741e-03
   3.44625913e+02  -4.81989561e-03
   3.44626401e+02  -1.89795101e-03
   3.44626889e+02   9.62312566e-04
   3.44627378e+02   1.05228819e-05
   3.44627866e+02  -2.21645017e-03
   3.44628354e+02  -4.13459586e-03
   3.44628843e+02  -3.77408671e-03
   3.44629331e+02  -2.40734546e-03
   3.44629819e+02  -2.57816329e-03
   3.44630308e+02  -3.00401030e-03
   3.44630796e+02  -2.55165994e-03
   3.44631284e+02  -3.50507395e-03
   3.44631772e+02  -3.77276773e-03
   3.44632261e+02  -1.70943420e-03
   3.44632749e+02  -2.13094056e-04
   3.44633237e+02   1.63445331e-03
   3.44633726e+02   3.19166644e-03
   3.44634214e+02   2.73345038e-03
   3.44634702e+02   1.32483942e-03
   3.44635191e+02  -2.27616430e-04
   3.44635679e+02   1.56377512e-03
   3.44636167e+02   4.98952717e-03
   3.44636656e+02   4.23232093e-03
   3.44637144e+02   1.20708509e-03
   3.44637632e+02   3.71904986e-04
   3.44638120e+02  -2.74709513e-04
   3.44638609e+02  -1.12327526e-03
   3.44639097e+02  -9.32808267e-04
   3.44639585e+02  -1.27415999e-03
   3.44640074e+02  -5.03404241e-04
   3.44640562e+02   8.48351687e-04
   3.44641050e+02   1.77450397e-03
   3.44641539e+02   1.98264490e-03
   3.44642027e+02   2.24587959e-04
   3.44642515e+02  -7.64930446e-04
   3.44643004e+02   5.24576986e-04
   3.44643492e+02   1.17842760e-03
   3.44643980e+02   2.75389379e-04
   3.44644468e+02   2.34713065e-04
   3.44644957e+02   1.55734969e-03
   3.44645445e+02   2.74703233e-03
   3.44645933e+02   2.22942093e-03
   3.44646422e+02   6.62797771e-04
   3.44646910e+02  -4.46339312e-04
   3.44647398e+02  -9.70288937e-04
   3.44647887e+02  -3.60678474e-04
   3.44648375e+02   1.14492286e-04
   3.44648863e+02   3.64798267e-04
   3.44649352e+02   7.75778899e-04
   3.44649840e+02   6.63950923e-04
   3.44650328e+02   6.34816242e-04
   3.44650816e+02   4.29072999e-04
   3.44651305e+02   1.06172578e-03
   3.44651793e+02   1.47061888e-03
   3.44652281e+02  -4.43307159e-04
   3.44652770e+02  -1.29033357e-03
   3.44653258e+02   1.39654172e-03
   3.44653746e+02   2.94411345e-03
   3.44654235e+02   4.77273599e-04
   3.44654723e+02  -2.53101508e-03
   3.44655211e+02  -1.95947103e-03
   3.44655700e+02   9.84444050e-04
   3.44656188e+02   1.20622385e-03
   3.44656676e+02  -2.02776166e-03
   3.44657165e+02  -3.50286043e-03
   3.44657653e+02  -5.13460313e-04
   3.44658141e+02   1.72848557e-03
   3.44658629e+02   1.43122554e-04
   3.44659118e+02  -2.11842591e-03
   3.44659606e+02  -6.79585559e-04
   3.44660094e+02   5.10285550e-04
   3.44660583e+02  -3.13827040e-04
   3.44661071e+02  -5.42363909e-04
   3.44661559e+02  -2.14217798e-04
   3.44662048e+02  -1.85109209e-04
   3.44662536e+02  -6.02589222e-04
   3.44663024e+02  -1.03324628e-03
   3.44663513e+02  -4.80084302e-04
   3.44664001e+02  -1.63888326e-03
   3.44664489e+02  -2.43884139e-03
   3.44664977e+02  -5.40628622e-04
   3.44665466e+02   5.81159948e-05
   3.44665954e+02  -9.19828832e-04
   3.44666442e+02  -1.31843099e-03
   3.44666931e+02  -1.46853781e-04
   3.44667419e+02   6.34028169e-04
   3.44667907e+02   1.52466446e-03
   3.44668396e+02   2.64624436e-03
   3.44668884e+02   1.62845943e-03
   3.44669372e+02   1.85363770e-05
   3.44669861e+02  -6.08980190e-04
   3.44670349e+02   1.47911662e-04
   3.44670837e+02   9.75761679e-04
   3.44671325e+02   8.03642790e-04
   3.44671814e+02  -1.05798288e-04
   3.44672302e+02  -4.41219716e-04
   3.44672790e+02   4.52948851e-04
   3.44673279e+02   2.71825120e-04
   3.44673767e+02  -2.74297409e-03
   3.44674255e+02  -4.68740566e-03
   3.44674744e+02  -3.73521657e-03
   3.44675232e+02  -2.71533732e-03
   3.44675720e+02  -1.63153582e-03
   3.44676209e+02  -3.38848709e-04
   3.44676697e+02  -2.21369119e-04
   3.44677185e+02  -3.53973854e-04
   3.44677673e+02   8.89381990e-05
   3.44678162e+02   4.88877064e-04
   3.44678650e+02   3.11974203e-04
   3.44679138e+02   6.97011536e-04
   3.44679627e+02   8.55727296e-04
   3.44680115e+02  -8.06160853e-04
   3.44680603e+02  -1.42270140e-03
   3.44681092e+02   3.26751964e-04
   3.44681580e+02   2.88969022e-03
   3.44682068e+02   3.35703301e-03
   3.44682557e+02   3.54145607e-03
   3.44683045e+02   3.77365598e-03
   3.44683533e+02   1.65977119e-03
   3.44684021e+02   5.26262214e-04
   3.44684510e+02   1.59578049e-03
   3.44684998e+02   1.47757062e-03
   3.44685486e+02  -7.50185165e-04
   3.44685975e+02  -1.41303055e-03
   3.44686463e+02  -1.42059568e-03
   3.44686951e+02  -2.48267269e-03
   3.44687440e+02  -2.60606990e-03
   3.44687928e+02  -1.79751287e-03
   3.44688416e+02  -1.64516689e-03
   3.44688905e+02  -1.29754806e-03
   3.44689393e+02  -2.51929159e-03
   3.44689881e+02  -4.86086961e-03
   3.44690369e+02  -4.92246775e-03
   3.44690858e+02  -3.50317382e-03
   3.44691346e+02  -1.08826987e-03
   3.44691834e+02   1.11075188e-03
   3.44692323e+02   1.17692223e-03
   3.44692811e+02   4.40689648e-04
   3.44693299e+02   6.02962566e-04
   3.44693788e+02   1.53165055e-03
   3.44694276e+02   1.42644707e-03
   3.44694764e+02   1.09359750e-03
   3.44695253e+02   1.92273024e-03
   3.44695741e+02   2.00431561e-03
   3.44696229e+02   1.17553398e-03
   3.44696718e+02   1.27342506e-03
   3.44697206e+02   2.10627052e-03
   3.44697694e+02   2.58866372e-03
   3.44698182e+02   4.35640244e-03
   3.44698671e+02   4.87480685e-03
   3.44699159e+02   2.23429129e-03
   3.44699647e+02   1.08893355e-03
   3.44700136e+02   1.79151969e-03
   3.44700624e+02   3.21584824e-03
   3.44701112e+02   4.90451884e-03
   3.44701601e+02   3.03754560e-03
   3.44702089e+02  -8.01786664e-04
   3.44702577e+02  -2.42996449e-03
   3.44703066e+02  -2.23308080e-03
   3.44703554e+02  -1.04973768e-03
   3.44704042e+02   6.01985084e-04
   3.44704530e+02   1.52118073e-03
   3.44705019e+02   1.57104654e-03
   3.44705507e+02   2.14059534e-03
   3.44705995e+02   2.90247542e-03
   3.44706484e+02   1.22960133e-03
   3.44706972e+02  -1.92645774e-03
   3.44707460e+02  -3.22429603e-03
   3.44707949e+02  -2.63803964e-03
   3.44708437e+02  -2.10987608e-04
   3.44708925e+02   1.81422255e-03
   3.44709414e+02   1.49778510e-03
   3.44709902e+02   3.88805842e-04
   3.44710390e+02  -1.88220432e-03
   3.44710878e+02  -2.01307470e-03
   3.44711367e+02   8.78150924e-04
   3.44711855e+02   2.55994080e-03
   3.44712343e+02   2.19401438e-03
   3.44712832e+02   1.61223998e-03
   3.44713320e+02  -4.49162239e-04
   3.44713808e+02  -2.50064023e-03
   3.44714297e+02  -1.40768755e-03
   3.44714785e+02  -1.77252645e-04
   3.44715273e+02   6.37793913e-04
   3.44715762e+02   7.37630689e-05
   3.44716250e+02  -7.21503049e-04
   3.44716738e+02   2.59918364e-04
   3.44717226e+02  -1.20755110e-04
   3.44717715e+02  -1.28171185e-03
   3.44718203e+02  -3.23867425e-03
   3.44718691e+02  -2.18783668e-03
   3.44719180e+02  -1.09860243e-03
   3.44719668e+02  -9.53857398e-06
   3.44720156e+02   6.81439822e-04
   3.44720645e+02   9.85106919e-04
   3.44721133e+02   7.17657094e-04
   3.44721621e+02  -2.43638831e-04
   3.44722110e+02  -1.75051123e-03
   3.44722598e+02  -2.01112847e-03
   3.44723086e+02  -1.19049579e-03
   3.44723574e+02  -1.56026089e-03
   3.44724063e+02  -7.70549814e-04
   3.44724551e+02   7.11214263e-04
   3.44725039e+02   1.38042145e-03
   3.44725528e+02   2.34894850e-03
   3.44726016e+02   1.20019028e-03
   3.44726504e+02  -1.39183411e-03
   3.44726993e+02  -6.22334715e-04
   3.44727481e+02   1.38085568e-04
   3.44727969e+02  -5.94497658e-04
   3.44728458e+02   9.99969852e-05
   3.44728946e+02   1.29779638e-03
   3.44729434e+02   3.17486608e-03
   3.44729922e+02   4.14727814e-03
   3.44730411e+02   2.99303350e-03
   3.44730899e+02   1.42634229e-03
   3.44731387e+02   2.05196600e-04
   3.44731876e+02  -1.22693402e-03
   3.44732364e+02  -1.84854376e-03
   3.44732852e+02  -1.18953618e-03
   3.44733341e+02   6.74695242e-04
   3.44733829e+02   2.13690894e-03
   3.44734317e+02   8.06267315e-04
   3.44734806e+02  -1.18939520e-03
   3.44735294e+02  -1.27578515e-03
   3.44735782e+02  -1.50720682e-03
   3.44736271e+02  -2.39495933e-03
   3.44736759e+02  -2.28892174e-03
   3.44737247e+02  -2.95758015e-03
   3.44737735e+02  -3.20594455e-03
   3.44738224e+02  -1.07735640e-03
   3.44738712e+02  -1.14900630e-03
   3.44739200e+02  -2.82451347e-03
   3.44739689e+02  -1.97800645e-03
   3.44740177e+02  -9.67448228e-04
   3.44740665e+02  -5.36062464e-04
   3.44741154e+02  -6.89431210e-04
   3.44741642e+02  -1.36296451e-03
   3.44742130e+02  -6.13744895e-04
   3.44742619e+02  -4.91603496e-05
   3.44743107e+02  -1.30317919e-03
   3.44743595e+02  -2.08564289e-03
   3.44744083e+02  -1.56275951e-03
   3.44744572e+02  -6.05951529e-04
   3.44745060e+02   6.07927388e-04
   3.44745548e+02   2.25393078e-03
   3.44746037e+02   2.66417069e-03
   3.44746525e+02   2.42667482e-03
   3.44747013e+02   1.97364390e-03
   3.44747502e+02   1.04748644e-03
   3.44747990e+02  -2.65306910e-04
   3.44748478e+02  -2.01785238e-03
   3.44748967e+02  -3.78571171e-03
   3.44749455e+02  -4.10459051e-03
   3.44749943e+02  -1.73980312e-03
   3.44750431e+02  -7.30651082e-04
   3.44750920e+02  -9.06618952e-04
   3.44751408e+02   7.98498804e-04
   3.44751896e+02   2.24286923e-03
   3.44752385e+02   1.90259493e-03
   3.44752873e+02   3.06632282e-04
   3.44753361e+02  -3.60773440e-04
   3.44753850e+02   1.08373370e-05
   3.44754338e+02  -6.37201942e-04
   3.44754826e+02  -5.05959906e-04
   3.44755315e+02   1.49176340e-04
   3.44755803e+02  -6.88048953e-04
   3.44756291e+02  -9.63967002e-04
   3.44756779e+02  -4.41455195e-04
   3.44757268e+02   4.73724038e-04
   3.44757756e+02   8.88968876e-04
   3.44758244e+02   1.33084017e-04
   3.44758733e+02   2.04599346e-03
   3.44759221e+02   4.77722893e-03
   3.44759709e+02   3.30612832e-03
   3.44760198e+02   4.36994160e-04
   3.44760686e+02  -2.92170240e-04
   3.44761174e+02   1.04490062e-03
   3.44761663e+02   2.41544610e-03
   3.44762151e+02   8.80294421e-04
   3.44762639e+02  -1.57962961e-03
   3.44763127e+02  -1.96621404e-03
   3.44763616e+02  -5.46682626e-04
   3.44764104e+02   1.11466786e-03
   3.44764592e+02   1.14057201e-03
   3.44765081e+02  -8.52361612e-04
   3.44765569e+02  -2.27874517e-03
   3.44766057e+02   1.82219417e-04
   3.44766546e+02   3.01289698e-03
   3.44767034e+02   2.74365325e-03
   3.44767522e+02   1.30371295e-03
   3.44768011e+02  -1.10147987e-03
   3.44768499e+02  -2.31878227e-03
   3.44768987e+02   1.26321822e-06
   3.44769475e+02   3.35665536e-03
   3.44769964e+02   3.77859292e-03
   3.44770452e+02   1.93571928e-03
   3.44770940e+02   6.32989220e-04
   3.44771429e+02   1.45811855e-03
   3.44771917e+02   1.86723506e-03
   3.44772405e+02  -4.64608602e-05
   3.44772894e+02  -9.12717020e-04
   3.44773382e+02   3.36240075e-04
   3.44773870e+02   1.99173298e-03
   3.44774359e+02   2.30467413e-03
   3.44774847e+02   4.18008218e-04
   3.44775335e+02  -7.28405663e-04
   3.44775824e+02   1.47719227e-03
   3.44776312e+02   4.80589550e-03
   3.44776800e+02   3.43346479e-03
   3.44777288e+02   2.22093775e-04
   3.44777777e+02  -7.57796050e-04
   3.44778265e+02   6.09717856e-04
   3.44778753e+02   1.85682729e-03
   3.44779242e+02   1.22207718e-03
   3.44779730e+02  -1.38201809e-03
   3.44780218e+02  -3.06383311e-03
   3.44780707e+02  -2.77784187e-03
   3.44781195e+02  -2.68541719e-03
   3.44781683e+02  -3.53832357e-03
   3.44782172e+02  -1.37836614e-03
   3.44782660e+02   1.93153392e-03
   3.44783148e+02   1.94877316e-03
   3.44783636e+02   3.71788861e-04
   3.44784125e+02   7.76759189e-05
   3.44784613e+02  -2.28667224e-04
   3.44785101e+02  -8.95729812e-04
   3.44785590e+02  -2.20132933e-04
   3.44786078e+02   1.03673816e-03
   3.44786566e+02   2.16697343e-03
   3.44787055e+02   2.29353015e-03
   3.44787543e+02   1.76705257e-03
   3.44788031e+02   1.67722709e-03
   3.44788520e+02   1.75769062e-04
   3.44789008e+02  -1.41306070e-03
   3.44789496e+02  -1.82545069e-03
   3.44789984e+02  -1.01230899e-03
   3.44790473e+02   3.33772536e-04
   3.44790961e+02  -1.37961330e-03
   3.44791449e+02  -4.89664683e-03
   3.44791938e+02  -5.79735450e-03
   3.44792426e+02  -3.88447521e-03
   3.44792914e+02  -6.99102238e-04
   3.44793403e+02   2.18964275e-03
   3.44793891e+02   3.10583040e-03
   3.44794379e+02   2.20115428e-04
   3.44794868e+02  -3.76530294e-03
   3.44795356e+02  -4.30796482e-03
   3.44795844e+02  -4.69401060e-03
   3.44796332e+02  -5.45511255e-03
   3.44796821e+02  -3.74897011e-03
   3.44797309e+02  -2.45205802e-03
   3.44797797e+02  -2.70404899e-03
   3.44798286e+02  -1.55121600e-03
   3.44798774e+02   7.06170744e-04
   3.44799262e+02   3.28536308e-03
   3.44799751e+02   3.67835630e-03
   3.44800239e+02   7.79068621e-04
   3.44800727e+02  -1.16678735e-03
   3.44801216e+02  -1.25619036e-03
   3.44801704e+02  -1.03859045e-03
   3.44802192e+02  -1.11852190e-03
   3.44802680e+02  -1.17348495e-03
   3.44803169e+02  -1.21104844e-04
   3.44803657e+02   1.81437982e-03
   3.44804145e+02   2.23324914e-03
   3.44804634e+02  -5.14938263e-04
   3.44805122e+02  -1.15569297e-03
   3.44805610e+02   3.26824491e-03
   3.44806099e+02   5.38929319e-03
   3.44806587e+02   3.65298381e-03
   3.44807075e+02   1.95883191e-03
   3.44807564e+02   9.89883338e-05
   3.44808052e+02  -1.95351313e-03
   3.44808540e+02  -1.87448366e-03
   3.44809028e+02  -1.02188205e-03
   3.44809517e+02  -1.96220935e-03
   3.44810005e+02  -2.06238427e-03
   3.44810493e+02  -5.38678840e-04
   3.44810982e+02  -5.28345059e-04
   3.44811470e+02  -1.88507279e-03
   3.44811958e+02   6.33080926e-05
   3.44812447e+02   2.70689558e-03
   3.44812935e+02   1.63832668e-03
   3.44813423e+02   1.08265597e-03
   3.44813912e+02   2.13097455e-03
   3.44814400e+02   9.50134592e-04
   3.44814888e+02  -9.18220103e-05
   3.44815377e+02   8.28824821e-04
   3.44815865e+02   8.53978912e-04
   3.44816353e+02   1.31252315e-03
   3.44816841e+02   4.03891364e-03
   3.44817330e+02   4.64767264e-03
   3.44817818e+02   1.23991969e-03
   3.44818306e+02  -1.26399519e-03
   3.44818795e+02   8.47936608e-04
   3.44819283e+02   3.95492883e-03
   3.44819771e+02   3.76634300e-03
   3.44820260e+02   1.41480647e-03
   3.44820748e+02  -2.23510270e-03
   3.44821236e+02  -4.79609985e-03
   3.44821725e+02  -2.88130599e-03
   3.44822213e+02  -5.09363308e-04
   3.44822701e+02   5.51894889e-04
   3.44823189e+02   1.63710956e-03
   3.44823678e+02   1.48904778e-03
   3.44824166e+02   9.34820506e-04
   3.44824654e+02  -2.44483497e-04
   3.44825143e+02  -1.46769080e-03
   3.44825631e+02  -1.60326669e-03
   3.44826119e+02  -9.15446493e-04
   3.44826608e+02  -8.88361887e-04
   3.44827096e+02  -2.73706950e-03
   3.44827584e+02  -4.04268131e-03
   3.44828073e+02  -2.66277557e-03
   3.44828561e+02   1.18574935e-04
   3.44829049e+02   9.89994965e-04
   3.44829537e+02  -7.10153108e-05
   3.44830026e+02   2.86471739e-04
   3.44830514e+02   1.44927355e-03
   3.44831002e+02   1.01344206e-03
   3.44831491e+02   1.43970014e-03
   3.44831979e+02   3.50093469e-03
   3.44832467e+02   3.41421296e-03
   3.44832956e+02   2.35538813e-03
   3.44833444e+02   1.09894027e-03
