frequency (GHz), flux (Jy/beam)
   3.43899310e+02  -2.69061129e-04
   3.43899798e+02  -7.26962098e-05
   3.43900286e+02   1.44027299e-05
   3.43900774e+02  -5.23094104e-06
   3.43901263e+02  -1.05859566e-04
   3.43901751e+02  -7.70536499e-05
   3.43902239e+02  -1.83342927e-04
   3.43902728e+02  -2.79405387e-04
   3.43903216e+02  -8.50765136e-05
   3.43903704e+02   8.78402570e-05
   3.43904193e+02   2.17524910e-04
   3.43904681e+02   1.54694528e-04
   3.43905169e+02  -1.38869014e-04
   3.43905658e+02  -1.64619982e-04
   3.43906146e+02   2.14681986e-05
   3.43906634e+02  -2.25046697e-05
   3.43907122e+02  -5.48734024e-05
   3.43907611e+02   9.04352855e-05
   3.43908099e+02  -1.75836849e-05
   3.43908587e+02  -2.58793851e-04
   3.43909076e+02  -2.79486820e-04
   3.43909564e+02  -3.34585086e-04
   3.43910052e+02  -4.76899586e-04
   3.43910541e+02  -4.17514995e-04
   3.43911029e+02  -1.86850535e-04
   3.43911517e+02   1.54821246e-04
   3.43912006e+02   5.85867267e-04
   3.43912494e+02   8.74682388e-04
   3.43912982e+02   8.75939848e-04
   3.43913470e+02   5.48682408e-04
   3.43913959e+02   9.61596015e-05
   3.43914447e+02  -2.58723594e-04
   3.43914935e+02  -5.63554757e-04
   3.43915424e+02  -6.19379920e-04
   3.43915912e+02  -2.58030341e-04
   3.43916400e+02   6.34156677e-05
   3.43916889e+02  -7.91393977e-05
   3.43917377e+02  -2.52822851e-04
   3.43917865e+02  -2.47059827e-04
   3.43918354e+02  -2.94345635e-04
   3.43918842e+02  -1.86168822e-04
   3.43919330e+02  -6.66753403e-05
   3.43919818e+02   5.19295509e-06
   3.43920307e+02   3.23963293e-04
   3.43920795e+02   4.68866667e-04
   3.43921283e+02   3.15485086e-04
   3.43921772e+02   1.16013573e-04
   3.43922260e+02  -2.46541254e-04
   3.43922748e+02  -5.11984399e-04
   3.43923237e+02  -3.82662023e-04
   3.43923725e+02  -9.31717441e-05
   3.43924213e+02   2.62093818e-04
   3.43924702e+02   5.45305782e-04
   3.43925190e+02   5.12353377e-04
   3.43925678e+02   4.33330220e-04
   3.43926166e+02   4.59878414e-04
   3.43926655e+02   2.99286912e-04
   3.43927143e+02   4.50376465e-05
   3.43927631e+02  -5.24403295e-05
   3.43928120e+02   4.83984259e-05
   3.43928608e+02   2.10964703e-04
   3.43929096e+02   2.58943764e-04
   3.43929585e+02   2.65874784e-04
   3.43930073e+02   3.07384878e-04
   3.43930561e+02   4.25730104e-04
   3.43931050e+02   5.70451724e-04
   3.43931538e+02   5.94765064e-04
   3.43932026e+02   3.50506685e-04
   3.43932514e+02  -4.47477178e-05
   3.43933003e+02  -1.50902793e-04
   3.43933491e+02  -7.22709447e-05
   3.43933979e+02  -2.26245305e-04
   3.43934468e+02  -4.01275523e-04
   3.43934956e+02  -2.61048059e-04
   3.43935444e+02  -1.38841890e-04
   3.43935933e+02  -3.79031291e-04
   3.43936421e+02  -7.09487533e-04
   3.43936909e+02  -8.05211021e-04
   3.43937398e+02  -4.99171903e-04
   3.43937886e+02   3.09470634e-05
   3.43938374e+02   1.46295235e-04
   3.43938863e+02  -1.44803125e-04
   3.43939351e+02  -2.01478484e-04
   3.43939839e+02  -1.08910222e-04
   3.43940327e+02  -6.23697706e-05
   3.43940816e+02   1.45900500e-04
   3.43941304e+02   3.11824726e-04
   3.43941792e+02   2.29010504e-04
   3.43942281e+02   5.45269504e-05
   3.43942769e+02  -5.69383847e-05
   3.43943257e+02  -1.68981678e-05
   3.43943746e+02   1.28052008e-04
   3.43944234e+02   2.45334231e-04
   3.43944722e+02   2.60361383e-04
   3.43945211e+02   2.22474409e-04
   3.43945699e+02   1.09791501e-04
   3.43946187e+02  -1.98262751e-05
   3.43946675e+02  -4.04563980e-05
   3.43947164e+02   4.96506582e-05
   3.43947652e+02   3.67023225e-04
   3.43948140e+02   5.40033798e-04
   3.43948629e+02   1.73984256e-04
   3.43949117e+02  -1.86334160e-04
   3.43949605e+02  -8.43286543e-05
   3.43950094e+02   1.76003203e-04
   3.43950582e+02   2.81710294e-04
   3.43951070e+02   3.90143425e-04
   3.43951559e+02   4.77184163e-04
   3.43952047e+02   4.14614187e-04
   3.43952535e+02   4.12396097e-04
   3.43953023e+02   2.16463683e-04
   3.43953512e+02  -3.50306771e-04
   3.43954000e+02  -6.33883756e-04
   3.43954488e+02  -3.59683210e-04
   3.43954977e+02   9.56620934e-05
   3.43955465e+02   3.41700768e-04
   3.43955953e+02   4.98356123e-04
   3.43956442e+02   5.01605507e-04
   3.43956930e+02   5.36836342e-05
   3.43957418e+02  -4.11173620e-04
   3.43957907e+02  -5.69535594e-04
   3.43958395e+02  -7.34770845e-04
   3.43958883e+02  -5.80395921e-04
   3.43959371e+02   2.54222599e-04
   3.43959860e+02   8.89637275e-04
   3.43960348e+02   8.61476350e-04
   3.43960836e+02   5.91002987e-04
   3.43961325e+02   3.91366950e-04
   3.43961813e+02   4.67223465e-04
   3.43962301e+02   4.81762603e-04
   3.43962790e+02   1.36685310e-04
   3.43963278e+02  -1.29390319e-04
   3.43963766e+02  -9.28183508e-05
   3.43964255e+02   1.77602560e-05
   3.43964743e+02   1.24418060e-04
   3.43965231e+02   2.05003089e-04
   3.43965719e+02   1.37199997e-04
   3.43966208e+02   2.98243394e-05
   3.43966696e+02   2.15844702e-05
   3.43967184e+02   5.58004795e-05
   3.43967673e+02   2.96178332e-05
   3.43968161e+02   6.09161216e-05
   3.43968649e+02   2.98389874e-04
   3.43969138e+02   1.36231640e-04
   3.43969626e+02  -3.74537864e-04
   3.43970114e+02  -2.96588725e-04
   3.43970603e+02   4.59793273e-06
   3.43971091e+02  -1.67683713e-04
   3.43971579e+02  -4.02372738e-04
   3.43972067e+02  -2.82278168e-04
   3.43972556e+02   1.68592778e-05
   3.43973044e+02   2.13868509e-04
   3.43973532e+02   2.44532945e-04
   3.43974021e+02   8.90979500e-05
   3.43974509e+02  -1.00895479e-04
   3.43974997e+02  -1.04988314e-04
   3.43975486e+02   3.97480871e-05
   3.43975974e+02   1.25251812e-04
   3.43976462e+02   1.82613585e-04
   3.43976951e+02   1.53476052e-04
   3.43977439e+02  -2.75422906e-04
   3.43977927e+02  -7.68917496e-04
   3.43978416e+02  -7.49250641e-04
   3.43978904e+02  -5.38926281e-04
   3.43979392e+02  -5.26917749e-04
   3.43979880e+02  -6.21271727e-04
   3.43980369e+02  -8.29497294e-04
   3.43980857e+02  -9.95959155e-04
   3.43981345e+02  -9.96705028e-04
   3.43981834e+02  -1.00557960e-03
   3.43982322e+02  -7.94127758e-04
   3.43982810e+02  -2.03984237e-04
   3.43983299e+02   2.85494229e-04
   3.43983787e+02   4.39629337e-04
   3.43984275e+02   3.38451500e-04
   3.43984764e+02   1.74711255e-04
   3.43985252e+02   1.17903845e-04
   3.43985740e+02  -9.68580207e-05
   3.43986228e+02  -5.17483160e-04
   3.43986717e+02  -6.56862860e-04
   3.43987205e+02  -4.06476785e-04
   3.43987693e+02  -1.85213954e-04
   3.43988182e+02  -1.16084877e-04
   3.43988670e+02  -9.31962495e-05
   3.43989158e+02  -2.31869097e-04
   3.43989647e+02  -4.21251578e-04
   3.43990135e+02  -4.35998576e-04
   3.43990623e+02  -4.01729136e-04
   3.43991112e+02  -4.13913862e-04
   3.43991600e+02  -3.82069935e-04
   3.43992088e+02  -1.54983427e-04
   3.43992576e+02   8.84091787e-05
   3.43993065e+02   1.20050237e-04
   3.43993553e+02   1.17292708e-04
   3.43994041e+02   2.73419028e-05
   3.43994530e+02  -1.03189421e-04
   3.43995018e+02  -2.21902737e-05
   3.43995506e+02   1.53178946e-04
   3.43995995e+02   3.00455635e-04
   3.43996483e+02   2.06015669e-04
   3.43996971e+02  -6.12781078e-05
   3.43997460e+02  -1.57676404e-04
   3.43997948e+02  -1.47901199e-04
   3.43998436e+02  -1.97846457e-04
   3.43998924e+02  -2.68284843e-04
   3.43999413e+02  -1.63022982e-04
   3.43999901e+02   9.71824775e-05
   3.44000389e+02   2.36000065e-04
   3.44000878e+02   4.17489995e-04
   3.44001366e+02   6.99753349e-04
   3.44001854e+02   5.34135033e-04
   3.44002343e+02  -3.24394823e-05
   3.44002831e+02  -2.91666191e-04
   3.44003319e+02   1.85640110e-05
   3.44003808e+02   4.37874114e-04
   3.44004296e+02   6.09324896e-04
   3.44004784e+02   8.63503839e-04
   3.44005272e+02   1.00851501e-03
   3.44005761e+02   6.24969776e-04
   3.44006249e+02   2.02699477e-04
   3.44006737e+02   1.01533260e-04
   3.44007226e+02   2.22007598e-04
   3.44007714e+02   4.48415260e-04
   3.44008202e+02   5.30700258e-04
   3.44008691e+02   3.59670550e-04
   3.44009179e+02   1.38789372e-04
   3.44009667e+02   9.87602834e-05
   3.44010156e+02   3.48854555e-05
   3.44010644e+02  -1.56622526e-04
   3.44011132e+02  -1.90430175e-04
   3.44011620e+02  -1.30147324e-04
   3.44012109e+02  -4.19673124e-05
   3.44012597e+02   9.09053852e-05
   3.44013085e+02  -9.07138019e-05
   3.44013574e+02  -5.03603369e-04
   3.44014062e+02  -7.84451142e-04
   3.44014550e+02  -6.69032219e-04
   3.44015039e+02  -4.21671837e-04
   3.44015527e+02  -1.21911027e-04
   3.44016015e+02   1.49695450e-04
   3.44016504e+02   3.33826902e-05
   3.44016992e+02  -3.32201191e-04
   3.44017480e+02  -3.79824225e-04
   3.44017969e+02  -3.10938049e-05
   3.44018457e+02   2.57145904e-04
   3.44018945e+02   3.95422365e-04
   3.44019433e+02   3.85268388e-04
   3.44019922e+02   1.14046619e-04
   3.44020410e+02  -2.67782976e-04
   3.44020898e+02  -3.06969567e-04
   3.44021387e+02   3.67960638e-05
   3.44021875e+02   1.95402143e-04
   3.44022363e+02   2.37161497e-04
   3.44022852e+02   5.27769909e-04
   3.44023340e+02   7.11830915e-04
   3.44023828e+02   3.92106827e-04
   3.44024317e+02  -5.49774995e-05
   3.44024805e+02  -1.27613937e-04
   3.44025293e+02   7.08539483e-06
   3.44025781e+02  -9.32291186e-06
   3.44026270e+02  -3.80073237e-04
   3.44026758e+02  -9.27578367e-04
   3.44027246e+02  -1.04309514e-03
   3.44027735e+02  -5.03898773e-04
   3.44028223e+02   1.80703049e-04
   3.44028711e+02   1.23952166e-04
   3.44029200e+02  -3.36957368e-04
   3.44029688e+02  -2.90408352e-04
   3.44030176e+02  -1.84280303e-04
   3.44030665e+02  -3.25095403e-04
   3.44031153e+02  -2.54938350e-04
   3.44031641e+02   3.89567940e-05
   3.44032129e+02   1.68375438e-04
   3.44032618e+02   3.69869958e-05
   3.44033106e+02  -1.29373031e-04
   3.44033594e+02  -9.88440370e-05
   3.44034083e+02   1.43914061e-04
   3.44034571e+02   3.61110811e-04
   3.44035059e+02   2.88814597e-04
   3.44035548e+02  -1.58611583e-04
   3.44036036e+02  -4.61613789e-04
   3.44036524e+02  -1.53815752e-04
   3.44037013e+02   3.07100883e-04
   3.44037501e+02   4.88091551e-04
   3.44037989e+02   3.41123960e-04
   3.44038477e+02  -7.15727538e-06
   3.44038966e+02  -1.46003978e-04
   3.44039454e+02   8.12581220e-06
   3.44039942e+02   7.57997041e-05
   3.44040431e+02  -1.13104834e-04
   3.44040919e+02  -2.88369512e-04
   3.44041407e+02  -2.08909623e-04
   3.44041896e+02   6.58564386e-05
   3.44042384e+02   2.45332281e-04
   3.44042872e+02   2.78715543e-05
   3.44043361e+02  -2.96501210e-04
   3.44043849e+02  -3.28393799e-04
   3.44044337e+02  -3.33606004e-04
   3.44044825e+02  -3.95123439e-04
   3.44045314e+02  -4.11058922e-04
   3.44045802e+02  -3.42429499e-04
   3.44046290e+02  -2.80704000e-04
   3.44046779e+02  -3.66550346e-04
   3.44047267e+02  -1.33867841e-04
   3.44047755e+02   4.26244398e-04
   3.44048244e+02   6.12515840e-04
   3.44048732e+02   3.87566601e-04
   3.44049220e+02   2.02892639e-04
   3.44049709e+02   1.32724410e-04
   3.44050197e+02   1.12688969e-04
   3.44050685e+02   1.96590961e-04
   3.44051173e+02   2.26084681e-04
   3.44051662e+02   2.59508728e-04
   3.44052150e+02   2.08742364e-04
   3.44052638e+02  -8.21177673e-06
   3.44053127e+02   1.21344608e-04
   3.44053615e+02   3.60327627e-04
   3.44054103e+02   7.50778418e-05
   3.44054592e+02  -3.29256349e-04
   3.44055080e+02  -3.52267380e-04
   3.44055568e+02  -2.65940122e-04
   3.44056057e+02  -3.14157194e-04
   3.44056545e+02  -3.67884641e-04
   3.44057033e+02  -4.71548206e-04
   3.44057522e+02  -5.03964082e-04
   3.44058010e+02  -2.69990764e-04
   3.44058498e+02  -1.54140973e-04
   3.44058986e+02  -4.24797152e-04
   3.44059475e+02  -6.91659516e-04
   3.44059963e+02  -5.13617939e-04
   3.44060451e+02   6.54912947e-05
   3.44060940e+02   5.23130118e-04
   3.44061428e+02   4.41858341e-04
   3.44061916e+02  -1.51233717e-05
   3.44062405e+02  -4.25640726e-04
   3.44062893e+02  -5.77938976e-04
   3.44063381e+02  -5.49045391e-04
   3.44063870e+02  -3.73216317e-04
   3.44064358e+02   4.42260898e-05
   3.44064846e+02   4.31049033e-04
   3.44065334e+02   4.67667211e-04
   3.44065823e+02   2.15968990e-04
   3.44066311e+02  -4.98765694e-05
   3.44066799e+02  -1.47467959e-04
   3.44067288e+02  -2.16159911e-04
   3.44067776e+02  -1.35511073e-04
   3.44068264e+02   1.53869652e-04
   3.44068753e+02   2.24374933e-04
   3.44069241e+02   5.53135578e-05
   3.44069729e+02  -3.75057680e-05
   3.44070218e+02  -1.33412366e-04
   3.44070706e+02  -1.87718280e-04
   3.44071194e+02  -7.39988463e-05
   3.44071682e+02  -3.03390789e-05
   3.44072171e+02  -2.23725830e-04
   3.44072659e+02  -5.60157525e-04
   3.44073147e+02  -6.88369211e-04
   3.44073636e+02  -5.09090256e-04
   3.44074124e+02  -3.18042206e-04
   3.44074612e+02  -2.80280074e-04
   3.44075101e+02  -2.96411046e-04
   3.44075589e+02   1.02740378e-05
   3.44076077e+02   4.05215775e-04
   3.44076566e+02   3.02701403e-04
   3.44077054e+02  -1.22786761e-04
   3.44077542e+02  -4.54169785e-04
   3.44078030e+02  -6.08348579e-04
   3.44078519e+02  -5.25206677e-04
   3.44079007e+02  -2.74303457e-04
   3.44079495e+02   2.76184073e-05
   3.44079984e+02   1.51657616e-04
   3.44080472e+02  -2.51669007e-05
   3.44080960e+02  -1.38778312e-04
   3.44081449e+02   8.01961578e-05
   3.44081937e+02   4.03676095e-04
   3.44082425e+02   5.33704704e-04
   3.44082914e+02   4.76301531e-04
   3.44083402e+02   3.35991121e-04
   3.44083890e+02   5.15934880e-05
   3.44084378e+02  -2.15403037e-04
   3.44084867e+02  -2.04227632e-04
   3.44085355e+02   9.25152999e-05
   3.44085843e+02   4.64800163e-04
   3.44086332e+02   5.50227589e-04
   3.44086820e+02   3.69742018e-04
   3.44087308e+02   1.91139290e-04
   3.44087797e+02   9.41024045e-05
   3.44088285e+02   8.38910855e-05
   3.44088773e+02   1.23471837e-04
   3.44089262e+02   1.63408346e-04
   3.44089750e+02   1.57705959e-04
   3.44090238e+02  -1.18315666e-05
   3.44090726e+02  -2.51917081e-04
   3.44091215e+02  -3.05173831e-04
   3.44091703e+02  -1.29996246e-04
   3.44092191e+02   1.98089911e-04
   3.44092680e+02   3.51436931e-04
   3.44093168e+02   1.34953632e-04
   3.44093656e+02  -8.84250039e-05
   3.44094145e+02  -8.37799453e-05
   3.44094633e+02  -1.37410039e-04
   3.44095121e+02  -2.95034610e-04
   3.44095610e+02  -3.57035140e-04
   3.44096098e+02  -3.85335792e-04
   3.44096586e+02  -3.16015998e-04
   3.44097075e+02  -1.85162789e-04
   3.44097563e+02  -2.67232244e-04
   3.44098051e+02  -4.15062910e-04
   3.44098539e+02  -3.33792443e-04
   3.44099028e+02  -2.52205413e-04
   3.44099516e+02  -3.03975714e-04
   3.44100004e+02  -9.80653276e-05
   3.44100493e+02   2.20011236e-04
   3.44100981e+02   6.76326963e-05
   3.44101469e+02  -2.72850972e-04
   3.44101958e+02  -2.19024951e-04
   3.44102446e+02   9.75201874e-06
   3.44102934e+02   4.68646031e-05
   3.44103423e+02  -1.93332671e-05
   3.44103911e+02  -7.80567134e-05
   3.44104399e+02  -5.20525136e-05
   3.44104887e+02   9.49279056e-05
   3.44105376e+02   1.72345666e-04
   3.44105864e+02   1.95293673e-04
   3.44106352e+02   2.73284008e-04
   3.44106841e+02   2.89558840e-04
   3.44107329e+02   2.19422000e-04
   3.44107817e+02   2.26070071e-04
   3.44108306e+02   2.78875610e-04
   3.44108794e+02   9.22361796e-05
   3.44109282e+02  -2.48384109e-04
   3.44109771e+02  -2.78560445e-04
   3.44110259e+02   4.45293699e-05
   3.44110747e+02   1.52519846e-04
   3.44111235e+02  -1.25147286e-04
   3.44111724e+02  -1.24601967e-04
   3.44112212e+02   3.03381123e-04
   3.44112700e+02   5.96019963e-04
   3.44113189e+02   4.33058478e-04
   3.44113677e+02   8.56743354e-05
   3.44114165e+02  -9.15052151e-05
   3.44114654e+02  -1.60218027e-04
   3.44115142e+02  -1.74207278e-04
   3.44115630e+02  -1.03937396e-04
   3.44116119e+02  -1.96271911e-04
   3.44116607e+02  -4.49293555e-04
   3.44117095e+02  -6.46031229e-04
   3.44117583e+02  -7.65272300e-04
   3.44118072e+02  -6.83866325e-04
   3.44118560e+02  -4.27729858e-04
   3.44119048e+02  -3.17741185e-04
   3.44119537e+02  -3.87255597e-04
   3.44120025e+02  -4.70074621e-04
   3.44120513e+02  -4.58322378e-04
   3.44121002e+02  -3.46675486e-04
   3.44121490e+02  -2.35408108e-04
   3.44121978e+02  -1.16914132e-04
   3.44122467e+02  -5.37939995e-05
   3.44122955e+02  -1.90258477e-04
   3.44123443e+02  -2.16586952e-04
   3.44123931e+02   1.35991431e-04
   3.44124420e+02   2.97305465e-04
   3.44124908e+02   3.27910789e-06
   3.44125396e+02  -1.53119341e-04
   3.44125885e+02  -1.21818150e-04
   3.44126373e+02  -4.84200500e-05
   3.44126861e+02   3.14858858e-04
   3.44127350e+02   5.75786456e-04
   3.44127838e+02   3.04722198e-04
   3.44128326e+02   1.15144670e-04
   3.44128815e+02   4.02382488e-04
   3.44129303e+02   6.12299133e-04
   3.44129791e+02   3.58983059e-04
   3.44130279e+02  -2.92809826e-04
   3.44130768e+02  -8.12107057e-04
   3.44131256e+02  -6.19462342e-04
   3.44131744e+02  -9.73295755e-05
   3.44132233e+02   1.75005189e-04
   3.44132721e+02   1.85420486e-05
   3.44133209e+02  -2.42596230e-04
   3.44133698e+02  -3.02363886e-04
   3.44134186e+02  -2.63468333e-04
   3.44134674e+02  -1.42460281e-04
   3.44135163e+02   2.14145421e-05
   3.44135651e+02  -5.49935903e-05
   3.44136139e+02  -4.08503751e-04
   3.44136628e+02  -5.29455720e-04
   3.44137116e+02  -3.96259915e-04
   3.44137604e+02  -5.33631304e-04
   3.44138092e+02  -6.74571435e-04
   3.44138581e+02  -3.45240231e-04
   3.44139069e+02  -1.47899715e-04
   3.44139557e+02  -6.45503576e-04
   3.44140046e+02  -1.15692453e-03
   3.44140534e+02  -1.09903468e-03
   3.44141022e+02  -8.51669931e-04
   3.44141511e+02  -6.27239817e-04
   3.44141999e+02  -2.51365796e-04
   3.44142487e+02   1.47371393e-04
   3.44142976e+02   3.52326228e-04
   3.44143464e+02   3.96393560e-04
   3.44143952e+02   1.76193716e-04
   3.44144440e+02  -2.38758599e-04
   3.44144929e+02  -4.80781833e-04
   3.44145417e+02  -4.21337259e-04
   3.44145905e+02  -9.95830706e-05
   3.44146394e+02   8.57361811e-05
   3.44146882e+02  -1.66649901e-04
   3.44147370e+02  -3.87406355e-04
   3.44147859e+02  -3.90712143e-04
   3.44148347e+02  -4.16943134e-04
   3.44148835e+02  -2.98370025e-04
   3.44149324e+02  -4.75467968e-05
   3.44149812e+02   1.22480633e-04
   3.44150300e+02   2.00104696e-04
   3.44150788e+02   1.40019474e-05
   3.44151277e+02  -3.58845922e-04
   3.44151765e+02  -5.00858005e-04
   3.44152253e+02  -4.78526374e-04
   3.44152742e+02  -5.60309156e-04
   3.44153230e+02  -5.73437486e-04
   3.44153718e+02  -5.20320784e-04
   3.44154207e+02  -5.57090563e-04
   3.44154695e+02  -4.63369011e-04
   3.44155183e+02  -2.71451281e-04
   3.44155672e+02  -9.19657105e-05
   3.44156160e+02   1.52600041e-04
   3.44156648e+02   2.93797813e-04
   3.44157136e+02   1.52443987e-04
   3.44157625e+02  -1.82724922e-04
   3.44158113e+02  -5.47303760e-04
   3.44158601e+02  -4.73173306e-04
   3.44159090e+02   4.22607009e-05
   3.44159578e+02   8.85688423e-05
   3.44160066e+02  -2.44288880e-04
   3.44160555e+02  -3.27490590e-04
   3.44161043e+02  -3.69414833e-04
   3.44161531e+02  -3.26359004e-04
   3.44162020e+02   8.66083792e-06
   3.44162508e+02   3.26533278e-04
   3.44162996e+02   3.50634713e-04
   3.44163484e+02   2.58469343e-04
   3.44163973e+02   1.71090185e-04
   3.44164461e+02   4.63026481e-06
   3.44164949e+02  -2.44352472e-04
   3.44165438e+02  -2.78248161e-04
   3.44165926e+02   2.99470121e-05
   3.44166414e+02   1.65678983e-04
   3.44166903e+02  -1.47470913e-04
   3.44167391e+02  -5.45161485e-04
   3.44167879e+02  -5.57715364e-04
   3.44168368e+02  -1.88627542e-04
   3.44168856e+02  -1.37012918e-04
   3.44169344e+02  -4.82885080e-04
   3.44169832e+02  -3.56091216e-04
   3.44170321e+02   1.73969500e-04
   3.44170809e+02   2.16406741e-04
   3.44171297e+02  -2.69003533e-04
   3.44171786e+02  -5.11514721e-04
   3.44172274e+02  -3.00129206e-04
   3.44172762e+02  -9.05470661e-05
   3.44173251e+02   4.91109640e-05
   3.44173739e+02   1.61648117e-04
   3.44174227e+02   1.05077772e-04
   3.44174716e+02   1.32382222e-04
   3.44175204e+02   4.02125064e-04
   3.44175692e+02   5.43375674e-04
   3.44176181e+02   3.52958072e-04
   3.44176669e+02  -5.71172859e-06
   3.44177157e+02  -2.49232515e-04
   3.44177645e+02  -1.75577457e-04
   3.44178134e+02   4.63302858e-05
   3.44178622e+02   2.90519325e-04
   3.44179110e+02   3.72215465e-04
   3.44179599e+02   1.77152178e-04
   3.44180087e+02   1.15049343e-05
   3.44180575e+02  -3.80239326e-05
   3.44181064e+02  -1.33959868e-04
   3.44181552e+02  -2.15744105e-04
   3.44182040e+02  -1.64137280e-04
   3.44182529e+02  -2.00903145e-04
   3.44183017e+02  -5.88180264e-04
   3.44183505e+02  -8.98858998e-04
   3.44183993e+02  -6.46308588e-04
   3.44184482e+02  -1.39417345e-04
   3.44184970e+02   2.11132050e-04
   3.44185458e+02   2.92205339e-04
   3.44185947e+02  -3.04592031e-05
   3.44186435e+02  -3.89422814e-04
   3.44186923e+02  -2.17793509e-04
   3.44187412e+02   1.43332858e-04
   3.44187900e+02   1.03858642e-04
   3.44188388e+02  -1.35599999e-04
   3.44188877e+02  -1.72647939e-04
   3.44189365e+02  -7.12787951e-05
   3.44189853e+02  -7.04212798e-05
   3.44190341e+02  -1.86524368e-04
   3.44190830e+02  -3.07583308e-04
   3.44191318e+02  -3.55667900e-04
   3.44191806e+02  -3.51265888e-04
   3.44192295e+02  -2.77774001e-04
   3.44192783e+02  -1.32524845e-04
   3.44193271e+02   6.83234466e-05
   3.44193760e+02   2.98119267e-04
   3.44194248e+02   4.04223218e-04
   3.44194736e+02   3.53348820e-04
   3.44195225e+02   1.65771635e-04
   3.44195713e+02  -1.41544049e-04
   3.44196201e+02  -4.34390560e-04
   3.44196689e+02  -4.39482683e-04
   3.44197178e+02   4.03656522e-05
   3.44197666e+02   5.59671898e-04
   3.44198154e+02   6.82731741e-04
   3.44198643e+02   6.35746634e-04
   3.44199131e+02   5.31152589e-04
   3.44199619e+02   5.43882372e-04
   3.44200108e+02   6.50392729e-04
   3.44200596e+02   3.15872574e-04
   3.44201084e+02  -1.97056521e-04
   3.44201573e+02  -2.62360176e-04
   3.44202061e+02  -6.58819044e-05
   3.44202549e+02   1.46434046e-04
   3.44203037e+02   3.70766385e-04
   3.44203526e+02   3.52321193e-04
   3.44204014e+02   2.20254478e-05
   3.44204502e+02  -2.58518441e-04
   3.44204991e+02  -1.61692122e-04
   3.44205479e+02   1.66570826e-04
   3.44205967e+02   3.25162051e-04
   3.44206456e+02   2.76409439e-04
   3.44206944e+02   1.73552151e-04
   3.44207432e+02   1.23293605e-04
   3.44207921e+02  -3.70686903e-05
   3.44208409e+02  -2.77480314e-04
   3.44208897e+02  -2.12257539e-04
   3.44209385e+02  -1.14728769e-04
   3.44209874e+02  -9.63966522e-05
   3.44210362e+02   2.30620921e-04
   3.44210850e+02   3.94809438e-04
   3.44211339e+02   1.14578252e-04
   3.44211827e+02  -8.65702459e-05
   3.44212315e+02  -1.16338371e-04
   3.44212804e+02  -1.15171933e-04
   3.44213292e+02  -2.28364923e-04
   3.44213780e+02  -4.25481034e-04
   3.44214269e+02  -2.81438202e-04
   3.44214757e+02  -2.56392959e-05
   3.44215245e+02  -2.59070890e-04
   3.44215734e+02  -4.81415336e-04
   3.44216222e+02  -2.20560847e-04
   3.44216710e+02  -6.48441855e-05
   3.44217198e+02  -2.22073446e-04
   3.44217687e+02  -2.72927107e-04
   3.44218175e+02  -2.31612750e-04
   3.44218663e+02  -1.17800948e-04
   3.44219152e+02   1.15423638e-04
   3.44219640e+02   1.65237259e-04
   3.44220128e+02   2.09278456e-04
   3.44220617e+02   3.62253952e-04
   3.44221105e+02   2.59197579e-04
   3.44221593e+02   6.12164149e-05
   3.44222082e+02  -6.90422894e-05
   3.44222570e+02  -2.46994750e-04
   3.44223058e+02  -4.10023669e-04
   3.44223546e+02  -3.43365420e-04
   3.44224035e+02   2.28291665e-05
   3.44224523e+02   3.44134023e-04
   3.44225011e+02   2.17301087e-04
   3.44225500e+02  -2.88905401e-04
   3.44225988e+02  -6.82884129e-04
   3.44226476e+02  -5.32529142e-04
   3.44226965e+02  -1.75547379e-04
   3.44227453e+02  -3.13395431e-05
   3.44227941e+02   1.64341996e-04
   3.44228430e+02   3.92296875e-04
   3.44228918e+02   3.21064144e-04
   3.44229406e+02  -1.24383208e-04
   3.44229894e+02  -5.43116475e-04
   3.44230383e+02  -4.09099390e-04
   3.44230871e+02  -4.69828665e-05
   3.44231359e+02  -1.09132343e-04
   3.44231848e+02  -3.61884973e-04
   3.44232336e+02  -2.89365620e-04
   3.44232824e+02  -5.38434688e-06
   3.44233313e+02   1.79383234e-04
   3.44233801e+02  -6.22382413e-06
   3.44234289e+02  -3.67541099e-04
   3.44234778e+02  -3.14052653e-04
   3.44235266e+02  -6.85099076e-05
   3.44235754e+02  -1.54998663e-04
   3.44236242e+02  -2.99037871e-04
   3.44236731e+02  -2.87840172e-04
   3.44237219e+02  -3.92549962e-04
   3.44237707e+02  -5.20003727e-04
   3.44238196e+02  -3.10176460e-04
   3.44238684e+02   5.37332890e-05
   3.44239172e+02   1.01114972e-04
   3.44239661e+02  -4.01097896e-05
   3.44240149e+02  -1.38246585e-04
   3.44240637e+02  -2.07072502e-04
   3.44241126e+02  -2.11486855e-04
   3.44241614e+02  -1.81116076e-04
   3.44242102e+02  -1.75632100e-04
   3.44242590e+02  -1.29744818e-04
   3.44243079e+02  -1.24150625e-04
   3.44243567e+02  -1.93758853e-04
   3.44244055e+02  -2.49850564e-04
   3.44244544e+02  -2.34964609e-04
   3.44245032e+02  -1.42471778e-04
   3.44245520e+02  -2.03623145e-04
   3.44246009e+02  -3.10058298e-04
   3.44246497e+02  -2.42487717e-04
   3.44246985e+02  -1.71977401e-04
   3.44247474e+02  -1.76262547e-04
   3.44247962e+02  -3.30357550e-04
   3.44248450e+02  -3.60266713e-04
   3.44248938e+02  -9.52365517e-05
   3.44249427e+02   1.25595092e-04
   3.44249915e+02   1.81445299e-04
   3.44250403e+02   3.17473401e-04
   3.44250892e+02   5.27769851e-04
   3.44251380e+02   4.07518062e-04
   3.44251868e+02   1.58890271e-05
   3.44252357e+02  -2.79881497e-04
   3.44252845e+02  -4.46148304e-04
   3.44253333e+02  -5.48596436e-04
   3.44253822e+02  -3.94227623e-04
   3.44254310e+02   1.27221632e-04
   3.44254798e+02   5.51121426e-04
   3.44255286e+02   5.62894857e-04
   3.44255775e+02   4.58302093e-04
   3.44256263e+02   3.94456845e-04
   3.44256751e+02   2.16418994e-04
   3.44257240e+02   2.07250050e-05
   3.44257728e+02   1.01746249e-04
   3.44258216e+02   4.51629428e-04
   3.44258705e+02   4.73025342e-04
   3.44259193e+02   4.24829414e-05
   3.44259681e+02  -1.12911410e-04
   3.44260170e+02   1.51110973e-04
   3.44260658e+02   1.86008459e-04
   3.44261146e+02  -7.51366097e-05
   3.44261635e+02  -1.77472553e-04
   3.44262123e+02  -1.01991835e-04
   3.44262611e+02   1.17921845e-05
   3.44263099e+02  -5.13262821e-05
   3.44263588e+02  -4.16979165e-04
   3.44264076e+02  -5.79766231e-04
   3.44264564e+02  -3.44145723e-04
   3.44265053e+02   4.66443780e-05
   3.44265541e+02   3.25995672e-04
   3.44266029e+02   1.33057125e-04
   3.44266518e+02  -1.69062521e-04
   3.44267006e+02   3.63264407e-05
   3.44267494e+02   3.84142972e-04
   3.44267983e+02   3.35646095e-04
   3.44268471e+02   1.95716042e-04
   3.44268959e+02   2.77919375e-04
   3.44269447e+02   4.55644156e-04
   3.44269936e+02   4.69582883e-04
   3.44270424e+02   2.59478024e-04
   3.44270912e+02   3.09074298e-04
   3.44271401e+02   5.60569810e-04
   3.44271889e+02   4.98435344e-04
   3.44272377e+02   3.20239546e-04
   3.44272866e+02   3.87487409e-04
   3.44273354e+02   3.02520988e-04
   3.44273842e+02  -1.68747807e-04
   3.44274331e+02  -3.29002622e-04
   3.44274819e+02  -1.12198286e-04
   3.44275307e+02   1.65657126e-04
   3.44275795e+02   4.13769973e-04
   3.44276284e+02   3.65305634e-04
   3.44276772e+02   1.80140167e-04
   3.44277260e+02   2.44818657e-04
   3.44277749e+02   4.23181307e-04
   3.44278237e+02   3.28929920e-04
   3.44278725e+02   2.06907891e-04
   3.44279214e+02   3.86964501e-04
   3.44279702e+02   5.12145401e-04
   3.44280190e+02   3.51762661e-04
   3.44280679e+02   2.59799621e-04
   3.44281167e+02   4.98058507e-04
   3.44281655e+02   6.28615788e-04
   3.44282143e+02   2.10847982e-04
   3.44282632e+02  -3.36237048e-04
   3.44283120e+02  -5.07232267e-04
   3.44283608e+02  -4.15302085e-04
   3.44284097e+02  -2.40544687e-04
   3.44284585e+02   9.25723361e-06
   3.44285073e+02   1.58160357e-04
   3.44285562e+02  -1.80351381e-05
   3.44286050e+02  -3.58708727e-04
   3.44286538e+02  -5.26306743e-04
   3.44287027e+02  -2.62325542e-04
   3.44287515e+02   3.80704674e-04
   3.44288003e+02   5.59611828e-04
   3.44288491e+02  -1.56503065e-05
   3.44288980e+02  -3.72539711e-04
   3.44289468e+02  -5.77015635e-05
   3.44289956e+02   2.35808693e-04
   3.44290445e+02   4.93354280e-04
   3.44290933e+02   9.11944197e-04
   3.44291421e+02   7.74154498e-04
   3.44291910e+02   2.82290333e-04
   3.44292398e+02   4.20247561e-05
   3.44292886e+02  -1.45692902e-04
   3.44293375e+02  -2.59516615e-04
   3.44293863e+02  -2.35157277e-04
   3.44294351e+02  -3.06514528e-04
   3.44294839e+02  -3.15591809e-04
   3.44295328e+02   1.25829305e-04
   3.44295816e+02   5.31308411e-04
   3.44296304e+02   5.02407085e-04
   3.44296793e+02   4.65695077e-04
   3.44297281e+02   5.14750718e-04
   3.44297769e+02   4.33330337e-04
   3.44298258e+02   2.84738082e-04
   3.44298746e+02   1.94906781e-04
   3.44299234e+02   4.10303561e-04
   3.44299723e+02   7.88484409e-04
   3.44300211e+02   5.71199751e-04
   3.44300699e+02   7.48534057e-06
   3.44301188e+02  -1.47316794e-04
   3.44301676e+02  -1.88228049e-04
   3.44302164e+02  -3.27581394e-04
   3.44302652e+02  -1.73768625e-04
   3.44303141e+02   1.22486788e-04
   3.44303629e+02   8.19180641e-05
   3.44304117e+02  -1.66869926e-04
   3.44304606e+02  -2.76668958e-04
   3.44305094e+02  -3.02343251e-04
   3.44305582e+02  -3.14884353e-04
   3.44306071e+02  -2.74433725e-04
   3.44306559e+02  -1.60342097e-04
   3.44307047e+02  -6.01886131e-05
   3.44307536e+02  -1.96166395e-04
   3.44308024e+02  -2.70133867e-04
   3.44308512e+02  -2.17591034e-04
   3.44309000e+02   1.79645813e-05
   3.44309489e+02   1.13061484e-04
   3.44309977e+02  -2.19613969e-04
   3.44310465e+02  -3.63192114e-04
   3.44310954e+02  -1.93325701e-04
   3.44311442e+02   5.68679934e-06
   3.44311930e+02   2.76467617e-04
   3.44312419e+02   1.92321313e-04
   3.44312907e+02  -4.76028014e-04
   3.44313395e+02  -7.46849808e-04
   3.44313884e+02  -3.35764635e-04
   3.44314372e+02  -1.36297997e-04
   3.44314860e+02  -3.63394560e-04
   3.44315348e+02  -5.40314300e-04
   3.44315837e+02  -3.42401676e-04
   3.44316325e+02   2.20180897e-04
   3.44316813e+02   6.59688842e-04
   3.44317302e+02   5.35051280e-04
   3.44317790e+02   3.53378389e-04
   3.44318278e+02   6.06522255e-04
   3.44318767e+02   8.09268327e-04
   3.44319255e+02   5.70874661e-04
   3.44319743e+02   3.26865294e-04
   3.44320232e+02   3.46686371e-04
   3.44320720e+02   3.37215577e-04
   3.44321208e+02   2.00102601e-04
   3.44321696e+02  -1.84892779e-05
   3.44322185e+02  -1.58681301e-04
   3.44322673e+02  -9.14458069e-05
   3.44323161e+02   4.15696340e-05
   3.44323650e+02   7.22933255e-05
   3.44324138e+02  -1.15326493e-05
   3.44324626e+02  -1.56384966e-04
   3.44325115e+02  -2.78869935e-04
   3.44325603e+02  -3.43662774e-04
   3.44326091e+02  -5.40684967e-04
   3.44326580e+02  -6.67571614e-04
   3.44327068e+02  -3.78420402e-04
   3.44327556e+02  -6.51322480e-05
   3.44328044e+02   3.40399201e-05
   3.44328533e+02   9.35777498e-05
   3.44329021e+02   9.80858240e-05
   3.44329509e+02   2.04865748e-04
   3.44329998e+02   3.99162614e-04
   3.44330486e+02   3.72660317e-04
   3.44330974e+02   1.63724922e-04
   3.44331463e+02   2.96128637e-05
   3.44331951e+02  -4.68463477e-05
   3.44332439e+02  -1.88765625e-04
   3.44332928e+02  -1.88424980e-04
   3.44333416e+02   4.11606670e-05
   3.44333904e+02   7.41382173e-05
   3.44334392e+02  -2.71732075e-04
   3.44334881e+02  -5.28539007e-04
   3.44335369e+02  -2.84122332e-04
   3.44335857e+02   1.00188969e-04
   3.44336346e+02   1.05104184e-04
   3.44336834e+02  -1.98659181e-05
   3.44337322e+02   1.30843146e-05
   3.44337811e+02  -9.21024766e-05
   3.44338299e+02  -3.32308962e-04
   3.44338787e+02  -3.19157145e-04
   3.44339276e+02  -1.87845813e-04
   3.44339764e+02  -2.48535100e-04
   3.44340252e+02  -2.49775476e-04
   3.44340741e+02  -9.88506581e-05
   3.44341229e+02  -8.37584157e-05
   3.44341717e+02  -1.07248292e-04
   3.44342205e+02  -1.66636877e-04
   3.44342694e+02  -3.69314832e-04
   3.44343182e+02  -3.64897511e-04
   3.44343670e+02  -1.06516025e-04
   3.44344159e+02   1.92728825e-04
   3.44344647e+02   4.47445491e-04
   3.44345135e+02   2.29009209e-04
   3.44345624e+02  -3.94114904e-04
   3.44346112e+02  -7.44372082e-04
   3.44346600e+02  -6.39958715e-04
   3.44347089e+02  -3.85143736e-04
   3.44347577e+02  -1.95361194e-04
   3.44348065e+02  -1.31711677e-05
   3.44348553e+02   1.90141131e-04
   3.44349042e+02   2.78364721e-04
   3.44349530e+02  -3.99065648e-05
   3.44350018e+02  -4.97016183e-04
   3.44350507e+02  -3.81035759e-04
   3.44350995e+02   5.04723066e-05
   3.44351483e+02   1.87206169e-04
   3.44351972e+02  -2.60029101e-05
   3.44352460e+02  -3.01458116e-04
   3.44352948e+02  -1.91961837e-04
   3.44353437e+02   3.14868848e-05
   3.44353925e+02   1.63130986e-04
   3.44354413e+02   3.88632820e-04
   3.44354901e+02   4.24028374e-04
   3.44355390e+02   1.82864271e-04
   3.44355878e+02  -1.17522992e-04
   3.44356366e+02  -2.44846422e-04
   3.44356855e+02  -1.04464612e-04
   3.44357343e+02  -7.88486141e-05
   3.44357831e+02  -2.47497752e-04
   3.44358320e+02  -3.22055217e-04
   3.44358808e+02  -3.79603240e-04
   3.44359296e+02  -4.29891981e-04
   3.44359785e+02  -5.01333503e-04
   3.44360273e+02  -6.20485342e-04
   3.44360761e+02  -4.71664389e-04
   3.44361249e+02  -1.18343909e-04
   3.44361738e+02   1.88890321e-04
   3.44362226e+02   3.46499408e-04
   3.44362714e+02   3.70999129e-04
   3.44363203e+02   4.22144512e-04
   3.44363691e+02   3.23448359e-04
   3.44364179e+02  -1.17460360e-04
   3.44364668e+02  -5.44132316e-04
   3.44365156e+02  -5.42804773e-04
   3.44365644e+02  -2.14108557e-04
   3.44366133e+02  -3.19659535e-04
   3.44366621e+02  -6.01460517e-04
   3.44367109e+02  -4.58829774e-04
   3.44367597e+02  -4.00544319e-04
   3.44368086e+02  -4.41912154e-04
   3.44368574e+02  -1.85821365e-04
   3.44369062e+02   2.28997251e-05
   3.44369551e+02  -7.81278432e-05
   3.44370039e+02  -2.07689358e-04
   3.44370527e+02  -3.67216649e-04
   3.44371016e+02  -2.53506616e-04
   3.44371504e+02   2.19311230e-04
   3.44371992e+02   4.11297777e-04
   3.44372481e+02   3.34544311e-04
   3.44372969e+02   1.13953080e-04
   3.44373457e+02  -2.45264877e-04
   3.44373945e+02  -4.54140943e-04
   3.44374434e+02  -4.73990920e-04
   3.44374922e+02  -4.88468213e-04
   3.44375410e+02  -4.75647132e-04
   3.44375899e+02  -3.17265425e-04
   3.44376387e+02   1.17933530e-04
   3.44376875e+02   5.22109913e-04
   3.44377364e+02   3.81148304e-04
   3.44377852e+02  -6.96666175e-05
   3.44378340e+02  -2.37120723e-04
   3.44378829e+02  -1.09609748e-04
   3.44379317e+02  -3.38022292e-05
   3.44379805e+02   1.35251830e-04
   3.44380294e+02   3.77936289e-04
   3.44380782e+02   4.03307233e-04
   3.44381270e+02   3.33898439e-04
   3.44381758e+02   3.14732286e-04
   3.44382247e+02   3.61157319e-04
   3.44382735e+02   3.27676942e-04
   3.44383223e+02   1.83148950e-04
   3.44383712e+02   1.00284655e-04
   3.44384200e+02   1.95585963e-04
   3.44384688e+02   3.01252468e-04
   3.44385177e+02   2.23402196e-04
   3.44385665e+02   1.12189133e-04
   3.44386153e+02  -5.60095687e-05
   3.44386642e+02  -2.22398085e-04
   3.44387130e+02  -1.71975975e-04
   3.44387618e+02  -1.15973889e-04
   3.44388106e+02  -5.15595930e-05
   3.44388595e+02   8.39246059e-05
   3.44389083e+02   7.76506276e-05
   3.44389571e+02   1.42938763e-04
   3.44390060e+02   3.86897009e-04
   3.44390548e+02   4.78383881e-04
   3.44391036e+02   2.95236998e-04
   3.44391525e+02   1.07900531e-04
   3.44392013e+02   1.52398497e-04
   3.44392501e+02   1.90320075e-04
   3.44392990e+02   1.52914348e-04
   3.44393478e+02   2.89425225e-04
   3.44393966e+02   3.25623434e-04
   3.44394454e+02  -8.61178851e-05
   3.44394943e+02  -3.15024954e-04
   3.44395431e+02  -3.82275684e-05
   3.44395919e+02   1.57093964e-04
   3.44396408e+02   1.40813398e-04
   3.44396896e+02   2.90031167e-05
   3.44397384e+02  -1.21835808e-04
   3.44397873e+02  -9.97634561e-05
   3.44398361e+02  -4.92193903e-05
   3.44398849e+02  -6.61527956e-05
   3.44399338e+02   2.01448012e-04
   3.44399826e+02   5.38233318e-04
   3.44400314e+02   3.99066950e-04
   3.44400802e+02   4.57082278e-05
   3.44401291e+02  -1.01207086e-04
   3.44401779e+02   5.95597385e-06
   3.44402267e+02   2.78180145e-04
   3.44402756e+02   2.96317507e-04
   3.44403244e+02  -4.33619498e-05
   3.44403732e+02  -3.57016659e-04
   3.44404221e+02  -4.01938276e-04
   3.44404709e+02  -7.68200916e-05
   3.44405197e+02   3.79104255e-04
   3.44405686e+02   5.93983917e-04
   3.44406174e+02   5.75534534e-04
   3.44406662e+02   4.82129079e-04
   3.44407150e+02   1.92994368e-04
   3.44407639e+02  -3.35250981e-04
   3.44408127e+02  -5.60725573e-04
   3.44408615e+02  -4.64823766e-04
   3.44409104e+02  -4.82724718e-04
   3.44409592e+02  -4.21002595e-04
   3.44410080e+02  -2.57883337e-04
   3.44410569e+02  -8.44932947e-05
   3.44411057e+02   2.07393794e-04
   3.44411545e+02   4.51190834e-04
   3.44412034e+02   6.22119987e-04
   3.44412522e+02   7.26557744e-04
   3.44413010e+02   5.90758689e-04
   3.44413498e+02   4.61593590e-04
   3.44413987e+02   5.72582358e-04
   3.44414475e+02   8.14027910e-04
   3.44414963e+02   1.00065081e-03
   3.44415452e+02   8.39233515e-04
   3.44415940e+02   2.94892467e-04
   3.44416428e+02  -2.46773881e-04
   3.44416917e+02  -3.94127535e-04
   3.44417405e+02  -2.33954153e-04
   3.44417893e+02  -2.99316125e-05
   3.44418382e+02  -6.40154713e-06
   3.44418870e+02  -2.83678091e-04
   3.44419358e+02  -4.71484411e-04
   3.44419847e+02  -3.36763827e-04
   3.44420335e+02  -8.21285284e-05
   3.44420823e+02   5.21198817e-05
   3.44421311e+02  -2.45962328e-05
   3.44421800e+02   1.99483329e-05
   3.44422288e+02   2.60684057e-04
   3.44422776e+02   1.90907071e-04
   3.44423265e+02  -4.90491111e-05
   3.44423753e+02   1.05067040e-04
   3.44424241e+02   4.17990523e-04
   3.44424730e+02   2.87986681e-04
   3.44425218e+02   6.06603680e-05
   3.44425706e+02  -9.10707677e-05
   3.44426195e+02  -2.02003095e-04
   3.44426683e+02  -6.51927621e-05
   3.44427171e+02  -1.32566303e-04
   3.44427659e+02  -3.67695815e-04
   3.44428148e+02  -3.76986980e-04
   3.44428636e+02  -6.41390448e-04
   3.44429124e+02  -1.09304662e-03
   3.44429613e+02  -9.89698456e-04
   3.44430101e+02  -4.52596054e-04
   3.44430589e+02   1.51090819e-04
   3.44431078e+02   4.64347308e-04
   3.44431566e+02   8.83493558e-05
   3.44432054e+02  -5.21595357e-04
   3.44432543e+02  -6.15079945e-04
   3.44433031e+02  -4.19784657e-04
   3.44433519e+02  -5.28730860e-04
   3.44434007e+02  -6.48298359e-04
   3.44434496e+02  -4.21266537e-04
   3.44434984e+02  -1.02063881e-04
   3.44435472e+02  -4.06104937e-06
   3.44435961e+02  -1.24648999e-04
   3.44436449e+02  -1.01506630e-04
   3.44436937e+02  -1.13587384e-05
   3.44437426e+02  -1.05314211e-04
   3.44437914e+02  -5.57359563e-05
   3.44438402e+02   2.95543432e-04
   3.44438891e+02   5.77209692e-04
   3.44439379e+02   4.19905788e-04
   3.44439867e+02   6.47077541e-05
   3.44440355e+02  -2.96113885e-05
   3.44440844e+02  -3.60247759e-06
   3.44441332e+02  -1.63612640e-04
   3.44441820e+02  -3.67598375e-04
   3.44442309e+02  -3.67893168e-04
   3.44442797e+02  -2.11602921e-04
   3.44443285e+02  -2.26039352e-04
   3.44443774e+02  -4.62074124e-04
   3.44444262e+02  -4.61686694e-04
   3.44444750e+02  -1.58280804e-04
   3.44445239e+02  -1.66762300e-04
   3.44445727e+02  -4.16056311e-04
   3.44446215e+02  -2.24120231e-04
   3.44446703e+02  -3.27341804e-05
   3.44447192e+02  -3.00497952e-04
   3.44447680e+02  -2.93500227e-04
   3.44448168e+02   2.45825911e-04
   3.44448657e+02   5.82323002e-04
   3.44449145e+02   3.66243767e-04
   3.44449633e+02   1.04691848e-04
   3.44450122e+02   1.94525099e-04
   3.44450610e+02   3.31619929e-04
   3.44451098e+02   2.09303995e-04
   3.44451587e+02  -7.26789813e-06
   3.44452075e+02  -4.72389220e-05
   3.44452563e+02   7.75688022e-05
   3.44453051e+02   1.96749505e-04
   3.44453540e+02   1.62749435e-04
   3.44454028e+02   7.36213187e-05
   3.44454516e+02   1.42911114e-04
   3.44455005e+02   2.33480037e-04
   3.44455493e+02   2.76757026e-04
   3.44455981e+02   2.78214895e-04
   3.44456470e+02  -3.98576085e-05
   3.44456958e+02  -3.49987153e-04
   3.44457446e+02  -2.60943227e-04
   3.44457935e+02  -3.23869346e-04
   3.44458423e+02  -4.42211545e-04
   3.44458911e+02  -2.94739148e-05
   3.44459400e+02   2.34714418e-04
   3.44459888e+02  -3.37803613e-05
   3.44460376e+02  -1.08201377e-04
   3.44460864e+02   7.12681140e-05
   3.44461353e+02  -2.07794037e-05
   3.44461841e+02  -1.71551976e-04
   3.44462329e+02   5.88714356e-05
   3.44462818e+02   3.36515106e-04
   3.44463306e+02   2.51850142e-04
   3.44463794e+02   2.25166150e-04
   3.44464283e+02   3.28691036e-04
   3.44464771e+02   2.32220904e-04
   3.44465259e+02   1.46271865e-04
   3.44465748e+02   1.63038319e-04
   3.44466236e+02   3.26144327e-05
   3.44466724e+02  -3.15214478e-04
   3.44467212e+02  -6.18713326e-04
   3.44467701e+02  -6.53392402e-04
   3.44468189e+02  -5.23722090e-04
   3.44468677e+02  -4.42887336e-04
   3.44469166e+02  -4.11735644e-04
   3.44469654e+02  -1.79494280e-04
   3.44470142e+02   2.82628782e-04
   3.44470631e+02   6.68895431e-04
   3.44471119e+02   5.75543323e-04
   3.44471607e+02  -5.08875928e-06
   3.44472096e+02  -4.10511100e-04
   3.44472584e+02  -2.90385884e-04
   3.44473072e+02  -5.41699555e-05
   3.44473560e+02   7.65038785e-05
   3.44474049e+02   2.03412899e-04
   3.44474537e+02   2.86218536e-04
   3.44475025e+02   3.09431693e-04
   3.44475514e+02   3.09586525e-04
   3.44476002e+02   2.62619753e-04
   3.44476490e+02   2.42668495e-04
   3.44476979e+02   1.81727810e-04
   3.44477467e+02   8.22192305e-05
   3.44477955e+02  -9.96833842e-06
   3.44478444e+02  -2.14199565e-04
   3.44478932e+02  -2.40363850e-04
   3.44479420e+02   1.61044969e-04
   3.44479908e+02   4.09518107e-04
   3.44480397e+02   1.01240345e-04
   3.44480885e+02  -2.48811266e-04
   3.44481373e+02  -2.52945931e-04
   3.44481862e+02  -3.81572954e-06
   3.44482350e+02   1.68876257e-04
   3.44482838e+02  -4.46017293e-05
   3.44483327e+02  -3.27815796e-04
   3.44483815e+02  -2.92364217e-04
   3.44484303e+02   6.75877018e-05
   3.44484792e+02   4.83202835e-04
   3.44485280e+02   3.80670885e-04
   3.44485768e+02  -4.18031996e-05
   3.44486256e+02   6.41445877e-05
   3.44486745e+02   4.85243159e-04
   3.44487233e+02   4.43315395e-04
   3.44487721e+02   3.85237545e-05
   3.44488210e+02  -1.34470058e-04
   3.44488698e+02  -3.20158470e-05
   3.44489186e+02   7.25589562e-05
   3.44489675e+02   1.18100776e-04
   3.44490163e+02   3.69046902e-05
   3.44490651e+02  -3.23263055e-04
   3.44491140e+02  -5.97505015e-04
   3.44491628e+02  -2.72737059e-04
   3.44492116e+02   9.90770131e-05
   3.44492604e+02  -6.97187352e-05
   3.44493093e+02  -3.95457988e-04
   3.44493581e+02  -4.37489594e-04
   3.44494069e+02  -1.48983003e-04
   3.44494558e+02   1.97802146e-04
   3.44495046e+02   3.60161182e-04
   3.44495534e+02   2.50674464e-04
   3.44496023e+02  -3.64858970e-05
   3.44496511e+02  -1.31737906e-04
   3.44496999e+02   2.64913751e-06
   3.44497488e+02  -9.04992266e-05
   3.44497976e+02  -4.93794447e-04
   3.44498464e+02  -5.92054916e-04
   3.44498953e+02  -2.28076606e-04
   3.44499441e+02   3.67328103e-05
   3.44499929e+02   1.39599317e-04
   3.44500417e+02   1.65260935e-04
   3.44500906e+02  -1.39128868e-04
   3.44501394e+02  -3.83518025e-04
   3.44501882e+02  -1.29303167e-04
   3.44502371e+02   1.36821502e-04
   3.44502859e+02   1.62551092e-04
   3.44503347e+02   3.97901822e-05
   3.44503836e+02  -2.80672335e-04
   3.44504324e+02  -2.81088811e-04
   3.44504812e+02   2.28261633e-04
   3.44505301e+02   3.78327502e-04
   3.44505789e+02   3.32325399e-05
   3.44506277e+02  -3.09713534e-04
   3.44506765e+02  -5.44686685e-04
   3.44507254e+02  -3.84296058e-04
   3.44507742e+02  -1.44286860e-05
   3.44508230e+02   6.94475239e-05
   3.44508719e+02  -1.86339403e-05
   3.44509207e+02  -1.80533098e-04
   3.44509695e+02  -4.35707421e-04
   3.44510184e+02  -5.64481423e-04
   3.44510672e+02  -2.84712965e-04
   3.44511160e+02   2.09193211e-04
   3.44511649e+02   4.46302642e-04
   3.44512137e+02   3.81730380e-04
   3.44512625e+02   2.33719911e-04
   3.44513113e+02   2.15293301e-04
   3.44513602e+02   3.06619040e-04
   3.44514090e+02   2.04673124e-04
   3.44514578e+02   9.17693615e-05
   3.44515067e+02   3.73220566e-04
   3.44515555e+02   5.05265431e-04
   3.44516043e+02   2.06393797e-05
   3.44516532e+02  -2.87341070e-04
   3.44517020e+02  -7.57075250e-05
   3.44517508e+02   4.61884083e-05
   3.44517997e+02  -7.18346055e-05
   3.44518485e+02  -5.99876548e-05
   3.44518973e+02   5.76291059e-05
   3.44519461e+02  -6.66706110e-05
   3.44519950e+02  -3.01172840e-04
   3.44520438e+02  -1.07272688e-04
   3.44520926e+02   5.44250594e-04
   3.44521415e+02   9.53644398e-04
   3.44521903e+02   7.75570981e-04
   3.44522391e+02   5.03334333e-04
   3.44522880e+02   4.52432374e-04
   3.44523368e+02   4.39543917e-04
   3.44523856e+02   5.12091850e-04
   3.44524345e+02   5.41270769e-04
   3.44524833e+02   3.97218595e-04
   3.44525321e+02   2.79421045e-04
   3.44525809e+02   7.02433754e-05
   3.44526298e+02  -3.02321278e-04
   3.44526786e+02  -4.57181304e-04
   3.44527274e+02  -4.62496682e-04
   3.44527763e+02  -5.09671809e-04
   3.44528251e+02  -1.71860738e-04
   3.44528739e+02   2.93896446e-04
   3.44529228e+02   3.41862411e-04
   3.44529716e+02   4.38367162e-04
   3.44530204e+02   6.12495525e-04
   3.44530693e+02   4.14369424e-04
   3.44531181e+02  -6.86589556e-05
   3.44531669e+02  -5.92213648e-04
   3.44532157e+02  -6.46240718e-04
   3.44532646e+02  -2.39256216e-04
   3.44533134e+02  -1.34170914e-04
   3.44533622e+02  -2.81234708e-04
   3.44534111e+02  -2.07842357e-04
   3.44534599e+02  -1.63095407e-04
   3.44535087e+02  -2.91091215e-04
   3.44535576e+02  -6.59486977e-05
   3.44536064e+02   4.36345406e-04
   3.44536552e+02   4.34974936e-04
   3.44537041e+02   3.38434838e-05
   3.44537529e+02  -1.37495372e-04
   3.44538017e+02  -6.66375272e-05
   3.44538506e+02  -4.88013757e-05
   3.44538994e+02  -3.02631990e-04
   3.44539482e+02  -6.05779584e-04
   3.44539970e+02  -4.42175340e-04
   3.44540459e+02   8.45872910e-06
   3.44540947e+02   1.53325236e-04
   3.44541435e+02   1.44397782e-05
   3.44541924e+02  -1.67453705e-04
   3.44542412e+02   9.23247644e-05
   3.44542900e+02   5.52043086e-04
   3.44543389e+02   4.36261587e-04
   3.44543877e+02   1.01645397e-04
   3.44544365e+02  -3.41395353e-05
   3.44544854e+02  -6.58550052e-05
   3.44545342e+02  -5.98584156e-05
   3.44545830e+02  -1.19756478e-04
   3.44546318e+02  -2.10658764e-04
   3.44546807e+02  -1.89643048e-04
   3.44547295e+02  -4.61017007e-05
   3.44547783e+02   2.56401225e-04
   3.44548272e+02   4.73670138e-04
   3.44548760e+02   2.15823660e-04
   3.44549248e+02  -7.87297831e-05
   3.44549737e+02   2.40795387e-04
   3.44550225e+02   7.18338590e-04
   3.44550713e+02   6.98330463e-04
   3.44551202e+02   4.09571861e-04
   3.44551690e+02   2.85357994e-04
   3.44552178e+02   4.42664052e-04
   3.44552666e+02   5.29595010e-04
   3.44553155e+02   2.79466738e-04
   3.44553643e+02   6.74705298e-05
   3.44554131e+02   5.34842820e-06
   3.44554620e+02  -9.51611946e-05
   3.44555108e+02  -1.01398051e-04
   3.44555596e+02   7.73862848e-05
   3.44556085e+02   3.34567274e-04
   3.44556573e+02   5.34856750e-04
   3.44557061e+02   6.86348299e-04
   3.44557550e+02   6.94247836e-04
   3.44558038e+02   4.40949894e-04
   3.44558526e+02   1.18649907e-04
   3.44559014e+02  -1.21398938e-04
   3.44559503e+02  -2.77578074e-04
   3.44559991e+02  -2.67177704e-04
   3.44560479e+02  -4.72138563e-05
   3.44560968e+02   5.51363300e-05
   3.44561456e+02  -1.66227299e-04
   3.44561944e+02  -3.63737869e-04
   3.44562433e+02  -3.23879358e-04
   3.44562921e+02  -1.21601137e-04
   3.44563409e+02   1.96587062e-04
   3.44563898e+02   4.09761065e-04
   3.44564386e+02   3.25090514e-04
   3.44564874e+02   1.29386699e-05
   3.44565362e+02  -3.37207544e-04
   3.44565851e+02  -2.40724927e-04
   3.44566339e+02   2.93291087e-04
   3.44566827e+02   4.43989906e-04
   3.44567316e+02   1.06744010e-04
   3.44567804e+02   1.97855115e-06
   3.44568292e+02   2.77576997e-04
   3.44568781e+02   4.59184026e-04
   3.44569269e+02   2.76310253e-04
   3.44569757e+02   4.97730762e-05
   3.44570246e+02  -1.88838712e-05
   3.44570734e+02  -1.64554076e-04
   3.44571222e+02  -2.06661949e-04
   3.44571710e+02  -2.69851473e-04
   3.44572199e+02  -5.80969616e-04
   3.44572687e+02  -6.35856646e-04
   3.44573175e+02  -4.11050627e-04
   3.44573664e+02  -2.19285706e-04
   3.44574152e+02   6.42755258e-05
   3.44574640e+02   1.92525185e-04
   3.44575129e+02  -1.30159269e-05
   3.44575617e+02  -1.11694033e-04
   3.44576105e+02  -2.67770141e-04
   3.44576594e+02  -5.39993634e-04
   3.44577082e+02  -4.08659980e-04
   3.44577570e+02  -7.13857080e-05
   3.44578059e+02   3.23426415e-04
   3.44578547e+02   6.88677072e-04
   3.44579035e+02   5.38373017e-04
   3.44579523e+02   2.16370696e-04
   3.44580012e+02   2.34422885e-04
   3.44580500e+02   3.44903616e-04
   3.44580988e+02   2.97355582e-04
   3.44581477e+02   2.21381095e-04
   3.44581965e+02   3.40227067e-04
   3.44582453e+02   5.81125671e-04
   3.44582942e+02   4.89359431e-04
   3.44583430e+02   5.66141125e-06
   3.44583918e+02  -3.45763052e-04
   3.44584407e+02  -2.86424591e-04
   3.44584895e+02  -1.28570216e-04
   3.44585383e+02  -1.77301525e-04
   3.44585871e+02  -1.75341367e-04
   3.44586360e+02   7.10129025e-05
   3.44586848e+02   2.99709471e-04
   3.44587336e+02   2.21098555e-04
   3.44587825e+02   1.76763834e-07
   3.44588313e+02   1.45103375e-04
   3.44588801e+02   5.55656850e-04
   3.44589290e+02   6.52569637e-04
   3.44589778e+02   2.77841580e-04
   3.44590266e+02  -1.86425314e-04
   3.44590755e+02  -2.29073965e-04
   3.44591243e+02  -4.76416972e-06
   3.44591731e+02   2.48799304e-04
   3.44592219e+02   5.45371207e-04
   3.44592708e+02   5.39442815e-04
   3.44593196e+02   2.03742835e-04
   3.44593684e+02   1.64927803e-06
   3.44594173e+02   1.37510666e-04
   3.44594661e+02   1.45133701e-04
   3.44595149e+02  -1.84708595e-04
   3.44595638e+02  -3.24340916e-04
   3.44596126e+02  -1.82403426e-04
   3.44596614e+02  -2.15765947e-04
   3.44597103e+02  -4.41325945e-04
   3.44597591e+02  -5.23934898e-04
   3.44598079e+02  -3.90767935e-04
   3.44598567e+02  -1.37722498e-04
   3.44599056e+02   1.95095010e-04
   3.44599544e+02   3.06841393e-04
   3.44600032e+02  -5.69708827e-05
   3.44600521e+02  -4.39874217e-04
   3.44601009e+02  -3.32584255e-04
   3.44601497e+02  -5.11631079e-05
   3.44601986e+02   9.50326867e-05
   3.44602474e+02   1.99029018e-05
   3.44602962e+02  -8.80806401e-05
   3.44603451e+02   1.05098065e-04
   3.44603939e+02   2.76483013e-04
   3.44604427e+02   7.24789425e-05
   3.44604915e+02  -2.50935293e-04
   3.44605404e+02  -2.63914524e-04
   3.44605892e+02   8.07671240e-05
   3.44606380e+02   2.98025290e-04
   3.44606869e+02   2.57013831e-04
   3.44607357e+02   1.02422426e-04
   3.44607845e+02  -1.35924274e-04
   3.44608334e+02  -3.22468259e-04
   3.44608822e+02  -4.11034620e-04
   3.44609310e+02  -3.94721981e-04
   3.44609799e+02  -1.51586035e-04
   3.44610287e+02   2.85534072e-04
   3.44610775e+02   6.42373983e-04
   3.44611263e+02   7.22661265e-04
   3.44611752e+02   5.97851584e-04
   3.44612240e+02   3.75048985e-04
   3.44612728e+02  -1.04856677e-04
   3.44613217e+02  -4.52743901e-04
   3.44613705e+02  -1.38200616e-04
   3.44614193e+02   2.98136234e-04
   3.44614682e+02   3.16191872e-04
   3.44615170e+02   4.00753670e-05
   3.44615658e+02  -3.44004948e-04
   3.44616147e+02  -5.58281783e-04
   3.44616635e+02  -4.20113473e-04
   3.44617123e+02  -2.74993945e-04
   3.44617612e+02  -4.09820350e-04
   3.44618100e+02  -3.94332339e-04
   3.44618588e+02   1.78578393e-05
   3.44619076e+02   3.18848615e-04
   3.44619565e+02   2.51596910e-04
   3.44620053e+02  -1.56721035e-05
   3.44620541e+02  -4.05524886e-04
   3.44621030e+02  -8.11585749e-04
   3.44621518e+02  -8.09117162e-04
   3.44622006e+02  -4.90775157e-04
   3.44622495e+02  -3.96673713e-04
   3.44622983e+02  -4.03259939e-04
   3.44623471e+02  -2.57031119e-04
   3.44623960e+02  -1.63072618e-04
   3.44624448e+02  -1.36972754e-04
   3.44624936e+02  -4.24878308e-05
   3.44625424e+02   6.19597267e-05
   3.44625913e+02   6.45741384e-05
   3.44626401e+02  -3.09054485e-05
   3.44626889e+02  -1.59528718e-04
   3.44627378e+02  -3.39348364e-04
   3.44627866e+02  -5.32921695e-04
   3.44628354e+02  -6.98535528e-04
   3.44628843e+02  -6.60298800e-04
   3.44629331e+02  -3.29327158e-04
   3.44629819e+02  -2.21031820e-04
   3.44630308e+02  -4.48621431e-04
   3.44630796e+02  -4.17189120e-04
   3.44631284e+02  -9.32758048e-05
   3.44631772e+02   1.86892139e-05
   3.44632261e+02  -1.47201252e-04
   3.44632749e+02  -1.98352558e-04
   3.44633237e+02  -1.39468961e-04
   3.44633726e+02  -1.00398771e-04
   3.44634214e+02  -2.34474510e-06
   3.44634702e+02   3.44689106e-05
   3.44635191e+02  -1.03981365e-05
   3.44635679e+02  -1.63698660e-05
   3.44636167e+02   1.26861793e-04
   3.44636656e+02   4.03962535e-04
   3.44637144e+02   3.37668840e-04
   3.44637632e+02  -1.58107796e-05
   3.44638120e+02  -3.89648358e-06
   3.44638609e+02   1.84120843e-04
   3.44639097e+02   1.23884733e-04
   3.44639585e+02   1.09785415e-05
   3.44640074e+02   4.06997742e-06
   3.44640562e+02  -7.12363981e-05
   3.44641050e+02  -1.80052972e-04
   3.44641539e+02   9.07564172e-05
   3.44642027e+02   4.13123431e-04
   3.44642515e+02   2.13311374e-04
   3.44643004e+02   1.68315091e-05
   3.44643492e+02  -7.72447747e-05
   3.44643980e+02  -4.01419529e-04
   3.44644468e+02  -4.87960264e-04
   3.44644957e+02  -1.92317370e-04
   3.44645445e+02   2.21967028e-04
   3.44645933e+02   6.08982227e-04
   3.44646422e+02   6.39334845e-04
   3.44646910e+02   2.26315198e-04
   3.44647398e+02  -1.31036650e-04
   3.44647887e+02  -1.93778556e-04
   3.44648375e+02  -2.53267877e-04
   3.44648863e+02  -3.00527783e-04
   3.44649352e+02  -2.15149077e-04
   3.44649840e+02  -3.01487271e-05
   3.44650328e+02   2.99086096e-04
   3.44650816e+02   5.26800693e-04
   3.44651305e+02   3.16568068e-04
   3.44651793e+02   1.98625730e-05
   3.44652281e+02   5.21376132e-05
   3.44652770e+02   4.20251090e-05
   3.44653258e+02  -3.71582777e-04
   3.44653746e+02  -7.98704801e-04
   3.44654235e+02  -6.00695610e-04
   3.44654723e+02  -1.07229833e-04
   3.44655211e+02  -1.81613359e-05
   3.44655700e+02  -2.72177076e-05
   3.44656188e+02   1.66462138e-04
   3.44656676e+02   2.07437843e-04
   3.44657165e+02   1.04019628e-05
   3.44657653e+02  -1.53512417e-04
   3.44658141e+02  -1.48948151e-04
   3.44658629e+02  -8.00046255e-05
   3.44659118e+02  -3.75668824e-05
   3.44659606e+02   6.50018846e-05
   3.44660094e+02   5.12069746e-05
   3.44660583e+02  -1.40742515e-04
   3.44661071e+02  -2.41502537e-04
   3.44661559e+02  -2.31742117e-04
   3.44662048e+02  -1.40167962e-04
   3.44662536e+02   3.00774496e-04
   3.44663024e+02   6.65430620e-04
   3.44663513e+02   3.25110566e-04
   3.44664001e+02   1.53326782e-05
   3.44664489e+02   2.94494472e-04
   3.44664977e+02   5.61860856e-04
   3.44665466e+02   3.11845040e-04
   3.44665954e+02  -1.68345185e-04
   3.44666442e+02  -8.18969056e-05
   3.44666931e+02   2.45841686e-04
   3.44667419e+02   1.02996011e-04
   3.44667907e+02  -9.88100655e-05
   3.44668396e+02  -1.15270581e-04
   3.44668884e+02  -1.58675073e-04
   3.44669372e+02  -3.02351633e-04
   3.44669861e+02  -4.18327516e-04
   3.44670349e+02  -2.29446261e-04
   3.44670837e+02   9.11926400e-05
   3.44671325e+02   1.78890550e-04
   3.44671814e+02   8.26895994e-05
   3.44672302e+02  -3.81029713e-05
   3.44672790e+02  -1.62278986e-04
   3.44673279e+02  -8.98342550e-05
   3.44673767e+02   2.73900339e-04
   3.44674255e+02   4.39386087e-04
   3.44674744e+02   3.48846021e-04
   3.44675232e+02   4.21994249e-04
   3.44675720e+02   5.06206008e-04
   3.44676209e+02   5.33582235e-04
   3.44676697e+02   6.77700387e-04
   3.44677185e+02   8.34803097e-04
   3.44677673e+02   6.51761831e-04
   3.44678162e+02   1.29942957e-04
   3.44678650e+02  -3.12212796e-04
   3.44679138e+02  -4.05883067e-04
   3.44679627e+02  -8.61240696e-05
   3.44680115e+02   2.43305316e-04
   3.44680603e+02   1.84052769e-04
   3.44681092e+02  -6.59291891e-06
   3.44681580e+02  -1.30586108e-04
   3.44682068e+02  -1.19072909e-04
   3.44682557e+02   1.55453439e-04
   3.44683045e+02   2.95950071e-04
   3.44683533e+02  -5.24824209e-05
   3.44684021e+02  -4.10692301e-04
   3.44684510e+02  -5.08177211e-04
   3.44684998e+02  -5.50511468e-04
   3.44685486e+02  -4.40893054e-04
   3.44685975e+02  -1.75890746e-04
   3.44686463e+02   1.05845655e-04
   3.44686951e+02   2.04665237e-04
   3.44687440e+02  -9.75582225e-05
   3.44687928e+02  -5.07436402e-04
   3.44688416e+02  -6.49201451e-04
   3.44688905e+02  -5.39934961e-04
   3.44689393e+02  -3.77734017e-04
   3.44689881e+02  -3.10395233e-04
   3.44690369e+02  -6.13866796e-05
   3.44690858e+02   3.59077065e-04
   3.44691346e+02   5.81630564e-04
   3.44691834e+02   5.82100882e-04
   3.44692323e+02   4.53426415e-04
   3.44692811e+02   2.44981289e-04
   3.44693299e+02  -3.97531330e-05
   3.44693788e+02  -3.37810692e-04
   3.44694276e+02  -5.67674579e-04
   3.44694764e+02  -5.72448072e-04
   3.44695253e+02  -2.67888419e-04
   3.44695741e+02   4.99040543e-05
   3.44696229e+02   2.04777476e-04
   3.44696718e+02   1.85557801e-04
   3.44697206e+02   6.46984263e-05
   3.44697694e+02   4.98039444e-05
   3.44698182e+02   1.03430189e-04
   3.44698671e+02   6.79357618e-05
   3.44699159e+02  -6.49697395e-05
   3.44699647e+02  -2.56264029e-04
   3.44700136e+02  -3.66992026e-04
   3.44700624e+02  -2.46812328e-04
   3.44701112e+02  -9.71990521e-05
   3.44701601e+02  -6.03939880e-05
   3.44702089e+02  -5.29338431e-05
   3.44702577e+02  -1.75976806e-04
   3.44703066e+02  -3.77774442e-04
   3.44703554e+02  -3.19709216e-04
   3.44704042e+02  -1.51122076e-05
   3.44704530e+02   2.61700363e-04
   3.44705019e+02   2.99386273e-04
   3.44705507e+02  -5.05241660e-05
   3.44705995e+02  -3.74032708e-04
   3.44706484e+02  -2.72086065e-04
   3.44706972e+02  -4.50188709e-05
   3.44707460e+02   4.63601318e-05
   3.44707949e+02   1.09022229e-04
   3.44708437e+02   1.54060544e-04
   3.44708925e+02   2.66376708e-04
   3.44709414e+02   4.38743591e-04
   3.44709902e+02   4.57526592e-04
   3.44710390e+02   3.09988303e-04
   3.44710878e+02   1.37238632e-04
   3.44711367e+02   1.79050025e-04
   3.44711855e+02   3.36031750e-04
   3.44712343e+02   1.91934145e-04
   3.44712832e+02  -9.52540213e-05
   3.44713320e+02  -6.39077771e-05
   3.44713808e+02   1.40537159e-04
   3.44714297e+02   9.00152008e-05
   3.44714785e+02  -1.22861718e-04
   3.44715273e+02  -2.78758380e-04
   3.44715762e+02  -3.06869973e-04
   3.44716250e+02  -2.51929974e-04
   3.44716738e+02  -2.78743217e-04
   3.44717226e+02  -3.35928024e-04
   3.44717715e+02  -3.36014520e-04
   3.44718203e+02  -3.16747639e-04
   3.44718691e+02  -2.35951709e-04
   3.44719180e+02  -4.17402334e-05
   3.44719668e+02  -8.40075372e-05
   3.44720156e+02  -3.66255699e-04
   3.44720645e+02  -2.78439140e-04
   3.44721133e+02   8.13050210e-05
   3.44721621e+02   3.35250777e-04
   3.44722110e+02   3.98596399e-04
   3.44722598e+02   2.83936010e-04
   3.44723086e+02   1.37738767e-04
   3.44723574e+02   8.44935494e-06
   3.44724063e+02   7.45073921e-05
   3.44724551e+02   2.09644233e-04
   3.44725039e+02   2.27925964e-04
   3.44725528e+02   1.97833477e-04
   3.44726016e+02   6.61652448e-05
   3.44726504e+02   6.14819146e-05
   3.44726993e+02   1.02020414e-04
   3.44727481e+02  -3.89488887e-05
   3.44727969e+02  -5.54705402e-05
   3.44728458e+02   1.27703112e-04
   3.44728946e+02   2.58975488e-04
   3.44729434e+02   1.17822427e-04
   3.44729922e+02  -9.57167140e-05
   3.44730411e+02  -7.86676828e-05
   3.44730899e+02   1.13722424e-04
   3.44731387e+02   3.09710071e-04
   3.44731876e+02   2.42681985e-04
   3.44732364e+02  -2.07280158e-04
   3.44732852e+02  -6.64122985e-04
   3.44733341e+02  -4.81790223e-04
   3.44733829e+02   1.93764703e-04
   3.44734317e+02   5.19066874e-04
   3.44734806e+02   4.46719612e-04
   3.44735294e+02   2.19110705e-04
   3.44735782e+02  -2.72303907e-04
   3.44736271e+02  -6.84148748e-04
   3.44736759e+02  -8.10349942e-04
   3.44737247e+02  -6.20220962e-04
   3.44737735e+02  -5.78922190e-05
   3.44738224e+02   2.77758081e-04
   3.44738712e+02   2.15736291e-04
   3.44739200e+02   1.11840454e-04
   3.44739689e+02  -1.02721911e-04
   3.44740177e+02  -2.51616584e-04
   3.44740665e+02   9.94373768e-05
   3.44741154e+02   6.15620927e-04
   3.44741642e+02   7.19679461e-04
   3.44742130e+02   5.43528120e-04
   3.44742619e+02   3.24266410e-04
   3.44743107e+02  -6.61960394e-06
   3.44743595e+02  -1.87118771e-04
   3.44744083e+02  -5.92526476e-07
   3.44744572e+02   1.58068040e-04
   3.44745060e+02  -1.00973797e-04
   3.44745548e+02  -3.51863302e-04
   3.44746037e+02  -8.92153766e-05
   3.44746525e+02   1.05962914e-04
   3.44747013e+02  -1.25185165e-04
   3.44747502e+02  -1.51463901e-04
   3.44747990e+02   1.69150735e-04
   3.44748478e+02   2.42971888e-04
   3.44748967e+02   5.03305964e-05
   3.44749455e+02   9.05789129e-05
   3.44749943e+02   2.47877470e-04
   3.44750431e+02   2.33238956e-04
   3.44750920e+02   1.79189286e-04
   3.44751408e+02   7.22125551e-05
   3.44751896e+02  -2.85978371e-04
   3.44752385e+02  -7.30608997e-04
   3.44752873e+02  -7.04311242e-04
   3.44753361e+02  -1.74220884e-04
   3.44753850e+02   1.13054790e-04
   3.44754338e+02   1.60702839e-05
   3.44754826e+02   1.14682458e-04
   3.44755315e+02   4.23483667e-04
   3.44755803e+02   5.07620571e-04
   3.44756291e+02   3.73062823e-04
   3.44756779e+02   3.43954394e-04
   3.44757268e+02   4.52068634e-04
   3.44757756e+02   4.94634500e-04
   3.44758244e+02   3.97858385e-04
   3.44758733e+02   3.56034754e-04
   3.44759221e+02   3.29019240e-04
   3.44759709e+02   2.53878010e-04
   3.44760198e+02   1.37064533e-04
   3.44760686e+02   8.53282654e-06
   3.44761174e+02   8.47669799e-05
   3.44761663e+02   6.93143520e-05
   3.44762151e+02  -6.55161202e-05
   3.44762639e+02  -2.86232662e-05
   3.44763127e+02  -2.89067219e-04
   3.44763616e+02  -6.12053322e-04
   3.44764104e+02  -4.35510039e-04
   3.44764592e+02  -3.03713052e-04
   3.44765081e+02  -3.37092410e-04
   3.44765569e+02  -3.08143026e-05
   3.44766057e+02   3.17089696e-04
   3.44766546e+02   2.99929234e-04
   3.44767034e+02   2.84271897e-04
   3.44767522e+02   4.14628215e-04
   3.44768011e+02   5.84188849e-04
   3.44768499e+02   6.56142016e-04
   3.44768987e+02   4.59021714e-04
   3.44769475e+02   3.82709433e-04
   3.44769964e+02   4.29790671e-04
   3.44770452e+02   2.20583010e-04
   3.44770940e+02  -5.80062488e-06
   3.44771429e+02  -3.96984724e-05
   3.44771917e+02  -1.43584230e-05
   3.44772405e+02  -1.11506582e-04
   3.44772894e+02  -3.22173524e-04
   3.44773382e+02  -4.11262037e-04
   3.44773870e+02  -2.81981891e-04
   3.44774359e+02  -1.45435251e-05
   3.44774847e+02   2.73330195e-04
   3.44775335e+02   6.46395725e-04
   3.44775824e+02   8.29788391e-04
   3.44776312e+02   2.54220213e-04
   3.44776800e+02  -2.37541695e-04
   3.44777288e+02  -2.77805902e-05
   3.44777777e+02   4.43546451e-04
   3.44778265e+02   6.66406529e-04
   3.44778753e+02   3.31922056e-04
   3.44779242e+02  -2.14012340e-04
   3.44779730e+02  -5.12012921e-04
   3.44780218e+02  -4.16845229e-04
   3.44780707e+02  -7.18378651e-05
   3.44781195e+02   5.49453471e-05
   3.44781683e+02  -5.16410764e-05
   3.44782172e+02   3.76248026e-05
   3.44782660e+02   1.86651727e-04
   3.44783148e+02   2.16425731e-04
   3.44783636e+02   2.95990438e-04
   3.44784125e+02   2.45620962e-04
   3.44784613e+02  -6.05962596e-05
   3.44785101e+02  -3.17454425e-04
   3.44785590e+02  -2.57989625e-04
   3.44786078e+02  -1.14164606e-04
   3.44786566e+02  -1.37227718e-04
   3.44787055e+02  -1.24949976e-04
   3.44787543e+02  -1.83424818e-05
   3.44788031e+02   1.30170729e-05
   3.44788520e+02   3.72930808e-05
   3.44789008e+02  -9.29735415e-06
   3.44789496e+02  -2.92338897e-04
   3.44789984e+02  -4.05208702e-04
   3.44790473e+02  -8.17913169e-05
   3.44790961e+02   1.14790186e-04
   3.44791449e+02  -1.93500091e-04
   3.44791938e+02  -3.92357266e-04
   3.44792426e+02  -1.09418863e-04
   3.44792914e+02   3.76730604e-05
   3.44793403e+02  -1.14250950e-04
   3.44793891e+02  -8.44602691e-05
   3.44794379e+02   1.16130999e-04
   3.44794868e+02   6.97386859e-05
   3.44795356e+02  -3.30101640e-04
   3.44795844e+02  -6.57504250e-04
   3.44796332e+02  -5.85700269e-04
   3.44796821e+02  -3.64577281e-04
   3.44797309e+02  -4.04547842e-04
   3.44797797e+02  -3.47243447e-04
   3.44798286e+02   1.23246791e-04
   3.44798774e+02   3.43574648e-04
   3.44799262e+02   9.45404900e-05
   3.44799751e+02  -2.28956342e-04
   3.44800239e+02  -4.49836254e-04
   3.44800727e+02  -5.25196781e-04
   3.44801216e+02  -4.19274176e-04
   3.44801704e+02  -1.45821425e-04
   3.44802192e+02   6.17960322e-05
   3.44802680e+02   1.48839405e-04
   3.44803169e+02   1.29677646e-04
   3.44803657e+02   4.93365915e-05
   3.44804145e+02   1.77938447e-04
   3.44804634e+02   2.59183813e-04
   3.44805122e+02  -2.79146698e-05
   3.44805610e+02  -9.54896532e-05
   3.44806099e+02   3.92274174e-04
   3.44806587e+02   8.72083241e-04
   3.44807075e+02   9.54615651e-04
   3.44807564e+02   7.56557100e-04
   3.44808052e+02   3.50660295e-04
   3.44808540e+02  -3.62618630e-05
   3.44809028e+02   8.10510319e-05
   3.44809517e+02   4.93726810e-04
   3.44810005e+02   5.18211280e-04
   3.44810493e+02   3.15950339e-04
   3.44810982e+02   2.12992003e-04
   3.44811470e+02  -2.44498282e-04
   3.44811958e+02  -8.50524521e-04
   3.44812447e+02  -8.45588336e-04
   3.44812935e+02  -5.27305237e-04
   3.44813423e+02  -4.03712358e-04
   3.44813912e+02  -3.41001985e-04
   3.44814400e+02  -1.07829343e-04
   3.44814888e+02   3.00771935e-04
   3.44815377e+02   4.67328995e-04
   3.44815865e+02   2.14186774e-04
   3.44816353e+02   7.47502509e-06
   3.44816841e+02   1.50510386e-04
   3.44817330e+02   2.96219194e-04
   3.44817818e+02   1.40945995e-04
   3.44818306e+02   1.18191332e-04
   3.44818795e+02   4.58052760e-04
   3.44819283e+02   6.29581686e-04
   3.44819771e+02   2.83220987e-04
   3.44820260e+02  -1.46765660e-05
   3.44820748e+02  -1.83568409e-05
   3.44821236e+02  -3.27340182e-04
   3.44821725e+02  -5.86848590e-04
   3.44822213e+02  -4.25083475e-04
   3.44822701e+02  -3.40733590e-04
   3.44823189e+02  -4.07394313e-04
   3.44823678e+02  -5.05415548e-04
   3.44824166e+02  -4.46979917e-04
   3.44824654e+02   4.39401492e-06
   3.44825143e+02   3.75157018e-04
   3.44825631e+02   2.95675971e-04
   3.44826119e+02   2.14897038e-04
   3.44826608e+02   1.98545953e-04
   3.44827096e+02  -6.75473348e-05
   3.44827584e+02  -3.18460196e-04
   3.44828073e+02  -2.32976367e-04
   3.44828561e+02   7.14927091e-06
   3.44829049e+02   1.82744698e-05
   3.44829537e+02  -2.44470633e-04
   3.44830026e+02  -3.01755179e-04
   3.44830514e+02  -3.75274203e-06
   3.44831002e+02   9.50371104e-05
   3.44831491e+02  -1.28179163e-04
   3.44831979e+02  -4.19524149e-04
   3.44832467e+02  -6.23034430e-04
   3.44832956e+02  -6.25607616e-04
   3.44833444e+02  -4.56623675e-04
