frequency (GHz), flux (Jy/beam)
   3.43899310e+02   3.42004729e-04
   3.43899798e+02   6.02360058e-04
   3.43900286e+02   5.56555868e-04
   3.43900774e+02   4.05616127e-04
   3.43901263e+02   1.10954774e-04
   3.43901751e+02   1.78687973e-04
   3.43902239e+02   4.43631376e-04
   3.43902728e+02   4.26699058e-04
   3.43903216e+02   6.40993472e-04
   3.43903704e+02   9.53734096e-04
   3.43904193e+02   5.15383261e-04
   3.43904681e+02  -3.86691681e-04
   3.43905169e+02  -5.15629887e-04
   3.43905658e+02   1.35622511e-04
   3.43906146e+02   3.11051437e-04
   3.43906634e+02  -3.89963359e-04
   3.43907122e+02  -8.38738168e-04
   3.43907611e+02  -5.67937037e-04
   3.43908099e+02  -2.70341639e-04
   3.43908587e+02  -1.57594593e-04
   3.43909076e+02  -2.36134161e-04
   3.43909564e+02  -4.95528395e-04
   3.43910052e+02  -5.45440475e-04
   3.43910541e+02  -4.13506175e-04
   3.43911029e+02  -2.07188496e-04
   3.43911517e+02   7.61767005e-05
   3.43912006e+02   7.69755934e-05
   3.43912494e+02  -1.54020876e-04
   3.43912982e+02  -2.87192204e-04
   3.43913470e+02  -3.68653127e-04
   3.43913959e+02  -3.37218546e-04
   3.43914447e+02  -1.52523819e-04
   3.43914935e+02  -7.25175996e-05
   3.43915424e+02  -1.66408325e-04
   3.43915912e+02  -2.33186380e-04
   3.43916400e+02   1.34035392e-04
   3.43916889e+02   3.75132367e-04
   3.43917377e+02  -5.16208675e-05
   3.43917865e+02  -3.77964403e-04
   3.43918354e+02  -3.05149530e-04
   3.43918842e+02  -1.63966484e-04
   3.43919330e+02  -2.05707343e-04
   3.43919818e+02  -3.54973046e-04
   3.43920307e+02  -3.11818614e-04
   3.43920795e+02  -5.02993462e-05
   3.43921283e+02  -7.67729653e-05
   3.43921772e+02  -3.46376124e-04
   3.43922260e+02  -5.55953411e-05
   3.43922748e+02   5.39710512e-04
   3.43923237e+02   1.69147374e-04
   3.43923725e+02  -6.67800719e-04
   3.43924213e+02  -5.87476010e-04
   3.43924702e+02  -2.46191223e-04
   3.43925190e+02  -2.77101208e-04
   3.43925678e+02  -1.14928844e-04
   3.43926166e+02   1.97959278e-04
   3.43926655e+02   1.89708502e-04
   3.43927143e+02  -2.25185140e-04
   3.43927631e+02  -3.68211651e-04
   3.43928120e+02   3.73106996e-05
   3.43928608e+02   2.72759615e-04
   3.43929096e+02   6.25536632e-05
   3.43929585e+02  -1.51026805e-04
   3.43930073e+02  -2.16425717e-04
   3.43930561e+02  -2.03021249e-04
   3.43931050e+02  -4.49855906e-05
   3.43931538e+02   4.06931154e-04
   3.43932026e+02   5.40284382e-04
   3.43932514e+02   8.71663724e-05
   3.43933003e+02  -2.62818910e-04
   3.43933491e+02  -4.62230993e-04
   3.43933979e+02  -4.45786223e-04
   3.43934468e+02  -5.20537142e-04
   3.43934956e+02  -7.80791102e-04
   3.43935444e+02  -5.32354112e-04
   3.43935933e+02  -2.21928258e-05
   3.43936421e+02   6.65081752e-05
   3.43936909e+02  -1.16104085e-04
   3.43937398e+02  -4.78453090e-04
   3.43937886e+02  -6.54400967e-04
   3.43938374e+02  -2.41359317e-04
   3.43938863e+02   5.89202864e-05
   3.43939351e+02   1.93165150e-04
   3.43939839e+02   5.13516541e-04
   3.43940327e+02   5.02580719e-04
   3.43940816e+02   1.17737458e-04
   3.43941304e+02   7.60964977e-05
   3.43941792e+02   1.79841969e-04
   3.43942281e+02  -8.10979473e-05
   3.43942769e+02  -2.04088705e-04
   3.43943257e+02  -6.26479959e-05
   3.43943746e+02   2.86199036e-04
   3.43944234e+02   2.46979762e-04
   3.43944722e+02  -3.66093329e-04
   3.43945211e+02  -4.29494801e-04
   3.43945699e+02  -7.18252049e-05
   3.43946187e+02   2.88538240e-06
   3.43946675e+02   1.63383054e-04
   3.43947164e+02   2.63014605e-04
   3.43947652e+02   9.50553149e-05
   3.43948140e+02  -5.73959624e-05
   3.43948629e+02  -1.50068126e-05
   3.43949117e+02   1.35873386e-04
   3.43949605e+02   1.89332262e-04
   3.43950094e+02  -5.46904585e-06
   3.43950582e+02   2.60632032e-06
   3.43951070e+02   2.72074452e-04
   3.43951559e+02   4.32378787e-04
   3.43952047e+02   2.87021190e-04
   3.43952535e+02  -6.64774489e-05
   3.43953023e+02   5.10735117e-05
   3.43953512e+02   4.32815898e-04
   3.43954000e+02   2.88332638e-04
   3.43954488e+02  -3.52708121e-05
   3.43954977e+02   1.16498595e-04
   3.43955465e+02   4.28131287e-04
   3.43955953e+02   3.93059017e-04
   3.43956442e+02   1.75061985e-04
   3.43956930e+02  -4.23954589e-05
   3.43957418e+02   5.97361905e-05
   3.43957907e+02   3.32998170e-04
   3.43958395e+02   4.04593447e-04
   3.43958883e+02   2.87156203e-04
   3.43959371e+02  -1.81795658e-05
   3.43959860e+02   1.64824942e-05
   3.43960348e+02   3.68793990e-04
   3.43960836e+02   5.62264177e-04
   3.43961325e+02   5.09175356e-04
   3.43961813e+02   4.70924948e-04
   3.43962301e+02   4.26281767e-04
   3.43962790e+02   1.78637114e-04
   3.43963278e+02  -3.13838304e-04
   3.43963766e+02  -7.30544794e-04
   3.43964255e+02  -5.29898389e-04
   3.43964743e+02  -1.02678894e-06
   3.43965231e+02   1.02401471e-04
   3.43965719e+02   1.05988678e-04
   3.43966208e+02   5.08124533e-04
   3.43966696e+02   6.09447772e-04
   3.43967184e+02   4.01895435e-04
   3.43967673e+02   4.19524382e-04
   3.43968161e+02   4.25100472e-04
   3.43968649e+02   5.21299778e-04
   3.43969138e+02   6.15029596e-04
   3.43969626e+02   3.01577413e-04
   3.43970114e+02  -1.77652648e-04
   3.43970603e+02  -7.47452286e-05
   3.43971091e+02   3.11695214e-04
   3.43971579e+02   1.26653802e-04
   3.43972067e+02  -7.33380803e-05
   3.43972556e+02   1.64235345e-04
   3.43973044e+02   2.90945813e-04
   3.43973532e+02   1.92056657e-04
   3.43974021e+02  -2.94871224e-05
   3.43974509e+02  -2.91617936e-04
   3.43974997e+02  -1.65998557e-04
   3.43975486e+02   3.52442643e-04
   3.43975974e+02   3.39946972e-04
   3.43976462e+02  -1.22795420e-04
   3.43976951e+02  -4.46861028e-04
   3.43977439e+02  -8.62808782e-04
   3.43977927e+02  -8.32060119e-04
   3.43978416e+02  -4.94687119e-04
   3.43978904e+02  -3.73308576e-04
   3.43979392e+02  -2.63951486e-04
   3.43979880e+02  -2.87776602e-05
   3.43980369e+02   1.10540474e-04
   3.43980857e+02  -1.84728109e-04
   3.43981345e+02  -6.47086068e-04
   3.43981834e+02  -8.17444292e-04
   3.43982322e+02  -5.51868347e-04
   3.43982810e+02  -1.61751144e-04
   3.43983299e+02   5.23242079e-06
   3.43983787e+02   1.24778759e-04
   3.43984275e+02   3.15675745e-04
   3.43984764e+02   2.09862628e-04
   3.43985252e+02   8.73080717e-05
   3.43985740e+02  -1.12182810e-04
   3.43986228e+02  -5.33431768e-04
   3.43986717e+02  -6.83809514e-04
   3.43987205e+02  -6.12991687e-04
   3.43987693e+02  -4.26692219e-04
   3.43988182e+02  -4.05163155e-04
   3.43988670e+02  -3.21775326e-04
   3.43989158e+02   1.45361511e-04
   3.43989647e+02   3.86098283e-04
   3.43990135e+02   4.05976200e-04
   3.43990623e+02   4.66676283e-04
   3.43991112e+02   2.07016536e-04
   3.43991600e+02  -2.73751095e-04
   3.43992088e+02  -4.93739964e-04
   3.43992576e+02  -3.06783040e-04
   3.43993065e+02   1.29915177e-04
   3.43993553e+02   4.49793384e-04
   3.43994041e+02   7.03945872e-04
   3.43994530e+02   7.48850813e-04
   3.43995018e+02   3.80801648e-04
   3.43995506e+02   1.32104848e-04
   3.43995995e+02   9.63394486e-05
   3.43996483e+02  -5.55190927e-05
   3.43996971e+02  -3.57633573e-04
   3.43997460e+02  -1.57827541e-04
   3.43997948e+02   7.11308734e-04
   3.43998436e+02   8.41357105e-04
   3.43998924e+02   1.05735606e-04
   3.43999413e+02  -1.66804966e-05
   3.43999901e+02   4.99485526e-04
   3.44000389e+02   7.29042105e-04
   3.44000878e+02   3.73679795e-04
   3.44001366e+02  -1.40991862e-04
   3.44001854e+02  -4.16683848e-04
   3.44002343e+02  -4.21430857e-04
   3.44002831e+02  -6.58406425e-05
   3.44003319e+02   1.91775442e-04
   3.44003808e+02   1.84306300e-05
   3.44004296e+02  -1.30280096e-04
   3.44004784e+02   2.36420979e-04
   3.44005272e+02   5.20406524e-04
   3.44005761e+02   4.79619193e-04
   3.44006249e+02   5.20229514e-04
   3.44006737e+02   1.38724994e-04
   3.44007226e+02  -2.11088234e-04
   3.44007714e+02   1.57205141e-04
   3.44008202e+02   5.50226658e-04
   3.44008691e+02   3.98797391e-04
   3.44009179e+02   3.68517824e-04
   3.44009667e+02   5.69276803e-04
   3.44010156e+02   5.65308670e-04
   3.44010644e+02   4.20881086e-04
   3.44011132e+02   2.40137175e-04
   3.44011620e+02   9.65957443e-05
   3.44012109e+02   1.99099391e-04
   3.44012597e+02   2.60718312e-04
   3.44013085e+02   8.72871242e-05
   3.44013574e+02  -2.88729407e-05
   3.44014062e+02   1.96517925e-04
   3.44014550e+02   2.82676570e-04
   3.44015039e+02  -2.02950891e-04
   3.44015527e+02  -4.75053734e-04
   3.44016015e+02  -1.93895539e-04
   3.44016504e+02   5.95611236e-05
   3.44016992e+02  -1.76299814e-04
   3.44017480e+02  -2.00353723e-04
   3.44017969e+02   1.46765480e-04
   3.44018457e+02   1.63537188e-04
   3.44018945e+02  -1.58836658e-04
   3.44019433e+02  -2.83908827e-04
   3.44019922e+02  -3.29574868e-05
   3.44020410e+02   8.26546675e-05
   3.44020898e+02  -2.58612068e-04
   3.44021387e+02  -9.29358241e-04
   3.44021875e+02  -9.86881205e-04
   3.44022363e+02  -2.98897707e-04
   3.44022852e+02   1.35967188e-04
   3.44023340e+02   2.91126926e-04
   3.44023828e+02   5.36996056e-04
   3.44024317e+02   7.38106610e-04
   3.44024805e+02   6.93598937e-04
   3.44025293e+02   2.99662235e-04
   3.44025781e+02   3.58811085e-05
   3.44026270e+02   3.27261747e-04
   3.44026758e+02   6.04091620e-04
   3.44027246e+02   4.67572070e-04
   3.44027735e+02   3.33928387e-04
   3.44028223e+02   3.88539280e-04
   3.44028711e+02   3.18293547e-04
   3.44029200e+02   3.17527156e-04
   3.44029688e+02   5.53331512e-04
   3.44030176e+02   7.06305495e-04
   3.44030665e+02   6.80491503e-04
   3.44031153e+02   5.37170738e-04
   3.44031641e+02   5.74008329e-04
   3.44032129e+02   7.85241136e-04
   3.44032618e+02   7.04926148e-04
   3.44033106e+02   4.50643012e-04
   3.44033594e+02   2.34409716e-04
   3.44034083e+02   7.07303770e-05
   3.44034571e+02   1.85266937e-04
   3.44035059e+02   1.28827276e-04
   3.44035548e+02  -1.48575826e-04
   3.44036036e+02  -3.42300191e-04
   3.44036524e+02  -3.75292846e-04
   3.44037013e+02  -2.34455467e-04
   3.44037501e+02  -1.48418534e-04
   3.44037989e+02  -1.31746507e-04
   3.44038477e+02  -6.39220816e-05
   3.44038966e+02   9.62938502e-05
   3.44039454e+02   1.88536273e-04
   3.44039942e+02   2.74970680e-05
   3.44040431e+02  -1.51027372e-04
   3.44040919e+02  -4.97979781e-05
   3.44041407e+02   2.51849095e-04
   3.44041896e+02   2.22021758e-04
   3.44042384e+02  -5.14158106e-04
   3.44042872e+02  -9.22753010e-04
   3.44043361e+02  -5.94842422e-04
   3.44043849e+02   6.39241625e-05
   3.44044337e+02   4.67472768e-04
   3.44044825e+02   3.27488175e-04
   3.44045314e+02   2.23551819e-04
   3.44045802e+02   2.11125895e-04
   3.44046290e+02   2.36053238e-04
   3.44046779e+02   3.32707539e-04
   3.44047267e+02   5.77631545e-05
   3.44047755e+02  -2.63794558e-04
   3.44048244e+02  -3.22366279e-04
   3.44048732e+02  -5.56060579e-04
   3.44049220e+02  -7.78846035e-04
   3.44049709e+02  -5.13811887e-04
   3.44050197e+02   5.54636863e-05
   3.44050685e+02   1.40974458e-04
   3.44051173e+02  -1.57237781e-04
   3.44051662e+02  -3.23044893e-04
   3.44052150e+02  -4.62702126e-04
   3.44052638e+02  -2.87418574e-04
   3.44053127e+02   3.21509026e-04
   3.44053615e+02   6.69663423e-04
   3.44054103e+02   4.17588133e-04
   3.44054592e+02  -2.68231146e-04
   3.44055080e+02  -7.41703494e-04
   3.44055568e+02  -6.39715989e-04
   3.44056057e+02  -3.60118924e-04
   3.44056545e+02  -1.14832306e-04
   3.44057033e+02  -6.47404304e-05
   3.44057522e+02   1.45175698e-04
   3.44058010e+02   1.49934538e-04
   3.44058498e+02  -4.14019305e-04
   3.44058986e+02  -6.26838999e-04
   3.44059475e+02  -2.43992792e-04
   3.44059963e+02   4.74280299e-04
   3.44060451e+02   9.48980509e-04
   3.44060940e+02   5.94852376e-04
   3.44061428e+02   3.58621066e-04
   3.44061916e+02   5.65114547e-04
   3.44062405e+02   3.45890905e-04
   3.44062893e+02   1.54406753e-05
   3.44063381e+02  -3.25745932e-04
   3.44063870e+02  -5.71429788e-04
   3.44064358e+02  -5.04509255e-04
   3.44064846e+02  -3.75746371e-04
   3.44065334e+02  -1.89954109e-04
   3.44065823e+02  -2.31686310e-04
   3.44066311e+02  -2.20232847e-04
   3.44066799e+02   9.33968695e-05
   3.44067288e+02   2.69186043e-04
   3.44067776e+02   3.60284990e-04
   3.44068264e+02   5.21833193e-04
   3.44068753e+02   4.81944677e-04
   3.44069241e+02   2.09608465e-04
   3.44069729e+02   9.92380374e-05
   3.44070218e+02  -1.29699853e-04
   3.44070706e+02  -4.68853250e-04
   3.44071194e+02  -4.14317386e-04
   3.44071682e+02  -7.97733373e-05
   3.44072171e+02   1.06641219e-05
   3.44072659e+02  -1.31782426e-05
   3.44073147e+02   2.56361061e-04
   3.44073636e+02   2.52137601e-04
   3.44074124e+02   2.73061814e-05
   3.44074612e+02  -1.15518706e-04
   3.44075101e+02  -3.53479095e-06
   3.44075589e+02   4.13503614e-04
   3.44076077e+02   2.62857502e-04
   3.44076566e+02  -5.32677630e-04
   3.44077054e+02  -4.98469744e-04
   3.44077542e+02   2.45498319e-04
   3.44078030e+02   4.54829657e-04
   3.44078519e+02   4.89320140e-04
   3.44079007e+02   6.73559320e-04
   3.44079495e+02   4.36981267e-04
   3.44079984e+02   1.94638687e-05
   3.44080472e+02  -1.38480507e-04
   3.44080960e+02  -1.33108129e-04
   3.44081449e+02  -4.66201091e-05
   3.44081937e+02   8.61001390e-05
   3.44082425e+02   6.34336902e-05
   3.44082914e+02  -8.06491807e-05
   3.44083402e+02  -6.04640154e-05
   3.44083890e+02  -9.54086645e-05
   3.44084378e+02  -2.72280478e-04
   3.44084867e+02  -6.56793243e-04
   3.44085355e+02  -8.38698528e-04
   3.44085843e+02  -5.02949988e-04
   3.44086332e+02  -1.11733505e-04
   3.44086820e+02   2.69483251e-04
   3.44087308e+02   3.69620364e-04
   3.44087797e+02   3.67747678e-04
   3.44088285e+02   4.55371366e-04
   3.44088773e+02   3.31992400e-04
   3.44089262e+02   2.62332062e-04
   3.44089750e+02  -1.49517306e-04
   3.44090238e+02  -6.70394686e-04
   3.44090726e+02  -4.86329634e-04
   3.44091215e+02  -1.15830371e-04
   3.44091703e+02  -7.87705721e-05
   3.44092191e+02   6.57320343e-05
   3.44092680e+02   1.82409029e-04
   3.44093168e+02   3.03304056e-04
   3.44093656e+02   3.78214958e-04
   3.44094145e+02   1.83037919e-04
   3.44094633e+02   1.60351861e-04
   3.44095121e+02   3.77436489e-04
   3.44095610e+02   5.62530535e-04
   3.44096098e+02   7.95867003e-04
   3.44096586e+02   7.13244837e-04
   3.44097075e+02   1.99381029e-04
   3.44097563e+02  -7.69724720e-05
   3.44098051e+02  -2.05337346e-04
   3.44098539e+02  -5.95599005e-04
   3.44099028e+02  -6.75379590e-04
   3.44099516e+02  -3.89199558e-04
   3.44100004e+02  -1.93217158e-04
   3.44100493e+02  -4.10324901e-05
   3.44100981e+02   4.11534165e-05
   3.44101469e+02  -1.62072407e-04
   3.44101958e+02  -2.75328639e-04
   3.44102446e+02   1.78073198e-04
   3.44102934e+02   5.52663987e-04
   3.44103423e+02   2.38283392e-04
   3.44103911e+02  -1.87278842e-04
   3.44104399e+02   4.39210271e-05
   3.44104887e+02   4.31545952e-04
   3.44105376e+02   3.88551416e-04
   3.44105864e+02   3.70704918e-04
   3.44106352e+02   5.38089196e-04
   3.44106841e+02   6.47834793e-04
   3.44107329e+02   4.70691681e-04
   3.44107817e+02   9.44379281e-05
   3.44108306e+02   1.32042042e-05
   3.44108794e+02   1.80098374e-04
   3.44109282e+02   3.69937588e-05
   3.44109771e+02  -2.71315337e-04
   3.44110259e+02  -3.47605557e-04
   3.44110747e+02  -3.80981597e-04
   3.44111235e+02  -3.92304733e-04
   3.44111724e+02  -2.70063960e-04
   3.44112212e+02  -1.44834907e-04
   3.44112700e+02  -5.65622088e-07
   3.44113189e+02   1.30696339e-04
   3.44113677e+02   1.57244824e-04
   3.44114165e+02   4.83890346e-07
   3.44114654e+02  -3.02613509e-04
   3.44115142e+02  -6.09569659e-04
   3.44115630e+02  -6.32034498e-04
   3.44116119e+02  -3.55748460e-04
   3.44116607e+02  -1.82425923e-04
   3.44117095e+02  -4.78555703e-05
   3.44117583e+02   2.76462000e-04
   3.44118072e+02   2.32320424e-04
   3.44118560e+02  -1.20390869e-04
   3.44119048e+02  -2.58895336e-04
   3.44119537e+02  -1.83532029e-04
   3.44120025e+02  -1.05056279e-04
   3.44120513e+02  -7.06844876e-05
   3.44121002e+02   9.98538326e-06
   3.44121490e+02   1.34667353e-04
   3.44121978e+02   1.89978076e-04
   3.44122467e+02  -1.94877619e-04
   3.44122955e+02  -5.55380888e-04
   3.44123443e+02  -1.38396354e-04
   3.44123931e+02   2.49502133e-04
   3.44124420e+02   7.66950761e-05
   3.44124908e+02  -1.38319141e-04
   3.44125396e+02  -2.03856762e-04
   3.44125885e+02  -2.32957027e-04
   3.44126373e+02  -7.75048247e-05
   3.44126861e+02   1.86951176e-04
   3.44127350e+02   2.56338331e-04
   3.44127838e+02   8.55179242e-05
   3.44128326e+02  -1.11684509e-04
   3.44128815e+02   7.84922231e-05
   3.44129303e+02   2.24129530e-04
   3.44129791e+02   1.39202326e-04
   3.44130279e+02   1.46872859e-04
   3.44130768e+02  -7.11906250e-05
   3.44131256e+02  -3.69704445e-04
   3.44131744e+02  -4.33100417e-04
   3.44132233e+02  -3.69311078e-04
   3.44132721e+02  -1.78213668e-05
   3.44133209e+02   3.52644012e-04
   3.44133698e+02   5.41827467e-04
   3.44134186e+02   3.07015842e-04
   3.44134674e+02  -2.67542404e-04
   3.44135163e+02  -4.05835366e-04
   3.44135651e+02  -1.44483260e-04
   3.44136139e+02  -1.11365633e-04
   3.44136628e+02   7.77350870e-05
   3.44137116e+02   5.74457692e-04
   3.44137604e+02   6.34753378e-04
   3.44138092e+02   2.38874083e-04
   3.44138581e+02   4.20995711e-05
   3.44139069e+02   8.92132011e-05
   3.44139557e+02  -1.89638820e-06
   3.44140046e+02  -1.44004691e-04
   3.44140534e+02  -3.26187233e-04
   3.44141022e+02  -6.54676231e-04
   3.44141511e+02  -7.60810159e-04
   3.44141999e+02  -4.59897303e-04
   3.44142487e+02  -1.39531199e-04
   3.44142976e+02  -8.47002502e-06
   3.44143464e+02   1.65269215e-04
   3.44143952e+02   8.71850934e-05
   3.44144440e+02  -8.67821509e-05
   3.44144929e+02  -2.64592876e-04
   3.44145417e+02  -5.77793282e-04
   3.44145905e+02  -5.52467711e-04
   3.44146394e+02  -1.59071758e-04
   3.44146882e+02   2.53876438e-04
   3.44147370e+02   1.98118651e-04
   3.44147859e+02  -1.64450161e-04
   3.44148347e+02  -2.52709870e-04
   3.44148835e+02  -2.19074063e-04
   3.44149324e+02  -2.81966815e-04
   3.44149812e+02  -4.03941434e-04
   3.44150300e+02  -1.98222158e-04
   3.44150788e+02   3.72741808e-04
   3.44151277e+02   8.13000137e-04
   3.44151765e+02   8.21199792e-04
   3.44152253e+02   6.21382438e-04
   3.44152742e+02   5.72569203e-04
   3.44153230e+02   2.93546706e-04
   3.44153718e+02  -1.06828636e-04
   3.44154207e+02  -2.25219774e-04
   3.44154695e+02  -2.42680020e-04
   3.44155183e+02  -3.66859194e-06
   3.44155672e+02   2.73781247e-04
   3.44156160e+02   2.00070608e-05
   3.44156648e+02  -3.37544712e-04
   3.44157136e+02  -2.10055077e-04
   3.44157625e+02   2.51202844e-04
   3.44158113e+02   3.58144986e-04
   3.44158601e+02  -1.11114517e-04
   3.44159090e+02  -5.61879016e-04
   3.44159578e+02  -6.43282488e-04
   3.44160066e+02  -4.09727509e-04
   3.44160555e+02  -1.46115068e-04
   3.44161043e+02  -1.84314151e-04
   3.44161531e+02  -4.54530207e-04
   3.44162020e+02  -5.21297217e-04
   3.44162508e+02  -1.43493147e-04
   3.44162996e+02   3.70511494e-04
   3.44163484e+02   4.71732987e-04
   3.44163973e+02   6.32362062e-05
   3.44164461e+02  -2.77802174e-04
   3.44164949e+02  -1.02125879e-04
   3.44165438e+02   1.88036502e-04
   3.44165926e+02   2.31492653e-04
   3.44166414e+02   1.07399828e-04
   3.44166903e+02  -1.26319123e-04
   3.44167391e+02  -3.76328593e-04
   3.44167879e+02  -5.32492297e-04
   3.44168368e+02  -3.64825246e-04
   3.44168856e+02  -9.87268868e-05
   3.44169344e+02  -2.62098474e-04
   3.44169832e+02  -2.74174265e-04
   3.44170321e+02   1.50781798e-05
   3.44170809e+02  -3.22543456e-05
   3.44171297e+02  -2.30631471e-04
   3.44171786e+02  -4.01534271e-05
   3.44172274e+02   2.01047820e-04
   3.44172762e+02   2.50680838e-04
   3.44173251e+02   3.33934033e-04
   3.44173739e+02   2.14058484e-04
   3.44174227e+02   4.90968159e-05
   3.44174716e+02   1.14850445e-04
   3.44175204e+02   1.82495627e-04
   3.44175692e+02   6.88732325e-05
   3.44176181e+02   1.07985041e-04
   3.44176669e+02   3.25392582e-04
   3.44177157e+02   3.04557354e-04
   3.44177645e+02   3.16644175e-04
   3.44178134e+02   4.52439504e-04
   3.44178622e+02   5.68914984e-04
   3.44179110e+02   6.39165519e-04
   3.44179599e+02   5.56269428e-04
   3.44180087e+02   1.52407374e-04
   3.44180575e+02  -4.65202873e-04
   3.44181064e+02  -6.31995208e-04
   3.44181552e+02  -9.76224837e-05
   3.44182040e+02   3.29154922e-04
   3.44182529e+02   3.58126941e-04
   3.44183017e+02   2.75340688e-04
   3.44183505e+02   2.25831594e-04
   3.44183993e+02   8.52124285e-05
   3.44184482e+02  -1.49012194e-04
   3.44184970e+02   2.94761571e-06
   3.44185458e+02  -2.65247195e-06
   3.44185947e+02  -4.23192570e-04
   3.44186435e+02  -6.35674864e-04
   3.44186923e+02  -3.62644729e-04
   3.44187412e+02   7.79477850e-05
   3.44187900e+02   2.28084027e-04
   3.44188388e+02   2.11815030e-04
   3.44188877e+02   3.33619042e-04
   3.44189365e+02   6.27515838e-04
   3.44189853e+02   7.14558526e-04
   3.44190341e+02   1.44627644e-04
   3.44190830e+02   4.03857266e-05
   3.44191318e+02   3.28456139e-04
   3.44191806e+02   3.10531323e-04
   3.44192295e+02   2.30647129e-04
   3.44192783e+02   4.70279279e-04
   3.44193271e+02   4.05135041e-04
   3.44193760e+02   2.30864298e-05
   3.44194248e+02   5.49412835e-06
   3.44194736e+02   2.39770656e-04
   3.44195225e+02   1.93913409e-04
   3.44195713e+02  -9.32684925e-05
   3.44196201e+02  -4.44598772e-05
   3.44196689e+02  -2.11097649e-05
   3.44197178e+02  -3.82359576e-04
   3.44197666e+02  -7.69075996e-04
   3.44198154e+02  -8.59459862e-04
   3.44198643e+02  -5.11444581e-04
   3.44199131e+02  -3.01033870e-05
   3.44199619e+02   2.38983877e-04
   3.44200108e+02   3.91348876e-04
   3.44200596e+02   5.49871882e-04
   3.44201084e+02   5.34207444e-04
   3.44201573e+02   3.91204929e-04
   3.44202061e+02   3.77670047e-04
   3.44202549e+02   4.15494927e-04
   3.44203037e+02   4.70041588e-04
   3.44203526e+02   3.24765191e-04
   3.44204014e+02   1.14230505e-04
   3.44204502e+02   2.64289381e-04
   3.44204991e+02   4.61262389e-04
   3.44205479e+02   7.89139478e-04
   3.44205967e+02   8.66810326e-04
   3.44206456e+02   3.39221966e-04
   3.44206944e+02  -1.07117121e-04
   3.44207432e+02  -2.69889017e-04
   3.44207921e+02  -2.04247350e-04
   3.44208409e+02  -1.05665722e-05
   3.44208897e+02   1.86769576e-05
   3.44209385e+02   1.77822312e-05
   3.44209874e+02   8.02410966e-07
   3.44210362e+02   5.18589113e-05
   3.44210850e+02   1.56825699e-04
   3.44211339e+02   2.60761852e-04
   3.44211827e+02   2.77314510e-04
   3.44212315e+02   3.67990651e-06
   3.44212804e+02  -2.01821807e-04
   3.44213292e+02  -8.53518286e-05
   3.44213780e+02   4.97326582e-05
   3.44214269e+02   2.16316876e-05
   3.44214757e+02  -1.23463935e-04
   3.44215245e+02   1.14528507e-06
   3.44215734e+02   2.86386989e-04
   3.44216222e+02   5.24022907e-04
   3.44216710e+02   6.79326826e-04
   3.44217198e+02   4.41479759e-04
   3.44217687e+02  -1.82005868e-04
   3.44218175e+02  -5.31200960e-04
   3.44218663e+02  -2.61744251e-04
   3.44219152e+02   5.63505637e-05
   3.44219640e+02   8.59676438e-05
   3.44220128e+02   4.15272574e-04
   3.44220617e+02   6.11086492e-04
   3.44221105e+02   1.99738235e-04
   3.44221593e+02  -1.62586148e-04
   3.44222082e+02  -4.27695457e-04
   3.44222570e+02  -7.28406245e-04
   3.44223058e+02  -7.63174379e-04
   3.44223546e+02  -4.11793357e-04
   3.44224035e+02  -2.75177968e-04
   3.44224523e+02  -3.80878744e-04
   3.44225011e+02  -3.68256588e-04
   3.44225500e+02  -2.56393367e-04
   3.44225988e+02  -2.27741504e-04
   3.44226476e+02  -1.94869674e-04
   3.44226965e+02   4.15356626e-05
   3.44227453e+02   2.99610401e-04
   3.44227941e+02   2.52766942e-04
   3.44228430e+02   1.15457711e-04
   3.44228918e+02   5.16296786e-05
   3.44229406e+02   1.12545349e-04
   3.44229894e+02   2.47652904e-04
   3.44230383e+02   1.48472318e-04
   3.44230871e+02  -1.13320537e-04
   3.44231359e+02  -7.93371582e-05
   3.44231848e+02   1.34365604e-04
   3.44232336e+02   8.61608860e-05
   3.44232824e+02  -2.51419755e-04
   3.44233313e+02  -4.71352105e-04
   3.44233801e+02  -8.59139836e-05
   3.44234289e+02   5.63579088e-04
   3.44234778e+02   6.62804756e-04
   3.44235266e+02   2.68125936e-04
   3.44235754e+02   6.24220193e-05
   3.44236242e+02   4.67979917e-05
   3.44236731e+02  -4.02600090e-05
   3.44237219e+02  -6.90011875e-05
   3.44237707e+02   3.86619104e-06
   3.44238196e+02   2.52774946e-04
   3.44238684e+02   3.38516576e-04
   3.44239172e+02  -1.73930617e-04
   3.44239661e+02  -4.44869511e-04
   3.44240149e+02  -3.02456028e-04
   3.44240637e+02  -1.40411401e-04
   3.44241126e+02   1.20906974e-04
   3.44241614e+02   2.18101777e-04
   3.44242102e+02   3.54970427e-04
   3.44242590e+02   2.05971228e-04
   3.44243079e+02  -1.57747272e-04
   3.44243567e+02  -3.91414251e-05
   3.44244055e+02   3.08096176e-04
   3.44244544e+02   4.00703255e-04
   3.44245032e+02   6.62211678e-05
   3.44245520e+02  -2.07806763e-04
   3.44246009e+02  -1.02745027e-04
   3.44246497e+02   1.41049968e-04
   3.44246985e+02   6.27736910e-04
   3.44247474e+02   8.57919804e-04
   3.44247962e+02   5.61373250e-04
   3.44248450e+02   3.19385639e-04
   3.44248938e+02   2.33368322e-04
   3.44249427e+02   2.73239653e-04
   3.44249915e+02   1.82148724e-04
   3.44250403e+02   2.62343703e-04
   3.44250892e+02   3.80091195e-04
   3.44251380e+02   2.84382229e-04
   3.44251868e+02   8.88577633e-05
   3.44252357e+02   8.06145981e-05
   3.44252845e+02   1.59648771e-04
   3.44253333e+02   1.31696201e-04
   3.44253822e+02   6.98059812e-05
   3.44254310e+02   1.69078165e-04
   3.44254798e+02   2.10280472e-04
   3.44255286e+02  -3.85221210e-05
   3.44255775e+02  -1.00573880e-05
   3.44256263e+02   2.30780104e-04
   3.44256751e+02   1.91636631e-04
   3.44257240e+02  -4.89041231e-05
   3.44257728e+02  -3.75098374e-04
   3.44258216e+02  -4.91526909e-04
   3.44258705e+02  -1.62815049e-04
   3.44259193e+02   2.75749888e-04
   3.44259681e+02   4.19761054e-04
   3.44260170e+02   1.03495651e-04
   3.44260658e+02  -1.73411652e-04
   3.44261146e+02  -1.80653587e-05
   3.44261635e+02   1.97866131e-04
   3.44262123e+02   5.39749861e-04
   3.44262611e+02   7.60836585e-04
   3.44263099e+02   5.14583604e-04
   3.44263588e+02   2.95835140e-04
   3.44264076e+02   3.70811351e-04
   3.44264564e+02   4.02880687e-04
   3.44265053e+02   4.23568243e-04
   3.44265541e+02   6.84347411e-04
   3.44266029e+02   6.61811209e-04
   3.44266518e+02   3.03213892e-04
   3.44267006e+02   1.41643846e-04
   3.44267494e+02  -9.32426337e-06
   3.44267983e+02  -8.88676514e-05
   3.44268471e+02  -2.11505918e-04
   3.44268959e+02  -1.57160073e-04
   3.44269447e+02   2.04040844e-04
   3.44269936e+02   2.32173887e-04
   3.44270424e+02   2.39047265e-04
   3.44270912e+02   5.28815959e-04
   3.44271401e+02   5.79039042e-04
   3.44271889e+02   1.42215242e-04
   3.44272377e+02  -8.17168111e-05
   3.44272866e+02  -5.78472936e-05
   3.44273354e+02  -1.56421331e-04
   3.44273842e+02  -1.89910745e-04
   3.44274331e+02  -3.66337801e-04
   3.44274819e+02  -2.61030218e-04
   3.44275307e+02   2.63627939e-04
   3.44275795e+02   3.44154396e-04
   3.44276284e+02   1.29998080e-04
   3.44276772e+02   1.67149192e-04
   3.44277260e+02   3.73654329e-04
   3.44277749e+02   4.26621089e-04
   3.44278237e+02   3.98192467e-04
   3.44278725e+02   2.30944916e-05
   3.44279214e+02  -2.60413683e-04
   3.44279702e+02  -9.99452895e-05
   3.44280190e+02  -3.49978450e-06
   3.44280679e+02  -6.03267108e-05
   3.44281167e+02  -6.27121844e-05
   3.44281655e+02   1.32608737e-04
   3.44282143e+02   2.65199575e-04
   3.44282632e+02   5.19309251e-05
   3.44283120e+02  -1.36278220e-04
   3.44283608e+02  -6.97156793e-05
   3.44284097e+02  -1.50433028e-04
   3.44284585e+02  -5.51624864e-04
   3.44285073e+02  -5.79785614e-04
   3.44285562e+02  -1.44697624e-04
   3.44286050e+02   1.14253686e-04
   3.44286538e+02   1.71070074e-04
   3.44287027e+02   1.40865188e-04
   3.44287515e+02   2.81109998e-04
   3.44288003e+02   5.18038229e-04
   3.44288491e+02   7.50008912e-05
   3.44288980e+02  -5.14092797e-04
   3.44289468e+02  -1.17702584e-04
   3.44289956e+02   2.29916157e-04
   3.44290445e+02  -5.89291922e-05
   3.44290933e+02  -2.51286896e-04
   3.44291421e+02  -2.76874285e-04
   3.44291910e+02  -2.63036578e-04
   3.44292398e+02  -9.78703320e-05
   3.44292886e+02   2.09842430e-04
   3.44293375e+02   3.25151603e-04
   3.44293863e+02   4.38523275e-04
   3.44294351e+02   6.88411063e-04
   3.44294839e+02   6.58274395e-04
   3.44295328e+02   3.14722216e-04
   3.44295816e+02   1.89905826e-04
   3.44296304e+02   2.98505969e-04
   3.44296793e+02   3.10150528e-04
   3.44297281e+02   9.32601142e-06
   3.44297769e+02  -4.04872204e-04
   3.44298258e+02  -2.46185315e-04
   3.44298746e+02  -4.26358856e-05
   3.44299234e+02  -1.91817409e-04
   3.44299723e+02  -2.85979215e-04
   3.44300211e+02  -2.14037485e-04
   3.44300699e+02  -1.71536041e-04
   3.44301188e+02  -1.46035425e-04
   3.44301676e+02   4.45417481e-06
   3.44302164e+02   2.19570604e-04
   3.44302652e+02   3.92104033e-04
   3.44303141e+02   3.43800639e-04
   3.44303629e+02   2.05916236e-04
   3.44304117e+02   1.52897090e-04
   3.44304606e+02   8.72264573e-05
   3.44305094e+02   2.10045022e-04
   3.44305582e+02   3.97462951e-04
   3.44306071e+02   4.73278371e-04
   3.44306559e+02   6.26410358e-04
   3.44307047e+02   7.17081421e-04
   3.44307536e+02   6.59183715e-04
   3.44308024e+02   4.22604149e-04
   3.44308512e+02   2.29718153e-05
   3.44309000e+02   2.12163432e-04
   3.44309489e+02   3.58852878e-04
   3.44309977e+02   3.77322081e-04
   3.44310465e+02   7.36154034e-04
   3.44310954e+02   8.14972853e-04
   3.44311442e+02   3.35972785e-04
   3.44311930e+02  -2.06719720e-04
   3.44312419e+02  -1.77840193e-04
   3.44312907e+02   2.61784910e-04
   3.44313395e+02   1.73141729e-04
   3.44313884e+02  -3.01067776e-04
   3.44314372e+02  -1.35021284e-04
   3.44314860e+02   2.45239469e-04
   3.44315348e+02   1.74177359e-04
   3.44315837e+02  -1.94472832e-05
   3.44316325e+02  -1.01494086e-04
   3.44316813e+02  -8.97223363e-05
   3.44317302e+02   2.41369300e-04
   3.44317790e+02   5.92735421e-04
   3.44318278e+02   4.55458154e-04
   3.44318767e+02  -1.47021847e-05
   3.44319255e+02   2.07237354e-05
   3.44319743e+02   7.42839242e-04
   3.44320232e+02   1.26054534e-03
   3.44320720e+02   1.20971678e-03
   3.44321208e+02   7.84896081e-04
   3.44321696e+02   2.31664977e-04
   3.44322185e+02   7.45737780e-05
   3.44322673e+02   3.23046377e-04
   3.44323161e+02   6.39068312e-04
   3.44323650e+02   4.51039989e-04
   3.44324138e+02  -3.61146085e-04
   3.44324626e+02  -6.20076316e-04
   3.44325115e+02  -9.77586533e-05
   3.44325603e+02   2.58582411e-04
   3.44326091e+02   3.29966337e-04
   3.44326580e+02   4.97015717e-04
   3.44327068e+02   4.28776344e-04
   3.44327556e+02  -2.00144772e-04
   3.44328044e+02  -4.91846527e-04
   3.44328533e+02  -1.82196425e-04
   3.44329021e+02   1.92854786e-04
   3.44329509e+02   5.30727266e-04
   3.44329998e+02   3.72839248e-04
   3.44330486e+02  -1.49526122e-05
   3.44330974e+02   6.28583393e-07
   3.44331463e+02  -4.48624014e-05
   3.44331951e+02  -2.76655250e-04
   3.44332439e+02  -2.99810810e-04
   3.44332928e+02  -2.78823190e-05
   3.44333416e+02   3.64516542e-04
   3.44333904e+02   4.63114149e-04
   3.44334392e+02   4.91313804e-05
   3.44334881e+02  -3.96200950e-04
   3.44335369e+02  -5.19106747e-04
   3.44335857e+02  -4.01289435e-04
   3.44336346e+02  -2.19914567e-04
   3.44336834e+02  -2.81974266e-04
   3.44337322e+02  -4.66498575e-04
   3.44337811e+02  -6.06826390e-04
   3.44338299e+02  -8.77061044e-04
   3.44338787e+02  -7.25528051e-04
   3.44339276e+02  -2.23846437e-05
   3.44339764e+02   1.45614962e-04
   3.44340252e+02  -2.36759792e-04
   3.44340741e+02   1.58937637e-05
   3.44341229e+02   1.15111790e-04
   3.44341717e+02  -3.25197034e-04
   3.44342205e+02  -5.77661092e-04
   3.44342694e+02  -5.08238794e-04
   3.44343182e+02  -1.95258923e-04
   3.44343670e+02  -9.23819898e-05
   3.44344159e+02  -3.16930673e-04
   3.44344647e+02  -1.74021377e-04
   3.44345135e+02   1.70073341e-04
   3.44345624e+02   7.80140690e-05
   3.44346112e+02  -1.44918929e-04
   3.44346600e+02   1.16539813e-04
   3.44347089e+02   5.50498138e-04
   3.44347577e+02   6.53740892e-04
   3.44348065e+02   5.68485295e-04
   3.44348553e+02   4.03772341e-04
   3.44349042e+02   2.18474030e-04
   3.44349530e+02  -5.13409977e-05
   3.44350018e+02  -1.27438660e-04
   3.44350507e+02   1.41131837e-04
   3.44350995e+02   3.84543615e-04
   3.44351483e+02   2.25568700e-04
   3.44351972e+02  -1.32293542e-06
   3.44352460e+02  -1.51049899e-04
   3.44352948e+02  -3.70804395e-04
   3.44353437e+02  -2.99679552e-04
   3.44353925e+02  -3.48135945e-04
   3.44354413e+02  -6.32157433e-04
   3.44354901e+02  -6.91280235e-04
   3.44355390e+02  -3.47800233e-04
   3.44355878e+02   1.02868762e-04
   3.44356366e+02   2.62461370e-04
   3.44356855e+02   2.90335651e-04
   3.44357343e+02   2.79313535e-04
   3.44357831e+02   1.32040499e-04
   3.44358320e+02  -5.08831399e-05
   3.44358808e+02   7.68480731e-06
   3.44359296e+02   6.15292010e-05
   3.44359785e+02  -1.24369064e-04
   3.44360273e+02  -3.30777693e-04
   3.44360761e+02  -3.58383229e-04
   3.44361249e+02  -1.84062243e-04
   3.44361738e+02  -6.22924781e-05
   3.44362226e+02   9.00346495e-05
   3.44362714e+02   2.71179480e-04
   3.44363203e+02   7.54939902e-05
   3.44363691e+02  -2.13873907e-04
   3.44364179e+02  -1.99459799e-04
   3.44364668e+02   4.80142226e-05
   3.44365156e+02   8.66640257e-05
   3.44365644e+02   9.68500462e-05
   3.44366133e+02   3.39584803e-04
   3.44366621e+02   4.84627439e-04
   3.44367109e+02   4.41126671e-04
   3.44367597e+02   9.88630345e-05
   3.44368086e+02  -7.03412079e-05
   3.44368574e+02   2.45039519e-05
   3.44369062e+02  -1.58390714e-04
   3.44369551e+02  -4.60093346e-04
   3.44370039e+02  -5.09808713e-04
   3.44370527e+02  -3.84728046e-04
   3.44371016e+02  -1.69244129e-04
   3.44371504e+02   9.69119137e-05
   3.44371992e+02   3.20985710e-04
   3.44372481e+02   4.16165334e-04
   3.44372969e+02   2.22653529e-04
   3.44373457e+02  -6.18264676e-05
   3.44373945e+02   2.18838832e-05
   3.44374434e+02   2.39905057e-04
   3.44374922e+02   1.01161488e-04
   3.44375410e+02  -1.88099613e-04
   3.44375899e+02  -2.78061081e-04
   3.44376387e+02  -3.34635988e-04
   3.44376875e+02  -3.26240493e-04
   3.44377364e+02  -3.47643683e-04
   3.44377852e+02  -5.76085295e-04
   3.44378340e+02  -4.81566531e-04
   3.44378829e+02  -1.66452955e-05
   3.44379317e+02   3.26367765e-04
   3.44379805e+02   3.50709655e-04
   3.44380294e+02   3.14222649e-04
   3.44380782e+02   4.60312149e-04
   3.44381270e+02   2.50659679e-04
   3.44381758e+02  -8.06954176e-06
   3.44382247e+02   4.37491486e-04
   3.44382735e+02   8.63789115e-04
   3.44383223e+02   6.23683853e-04
   3.44383712e+02   2.71321536e-04
   3.44384200e+02   1.53126181e-04
   3.44384688e+02   2.06086013e-04
   3.44385177e+02   2.93654593e-04
   3.44385665e+02  -2.61678324e-05
   3.44386153e+02  -3.81390535e-04
   3.44386642e+02  -1.25803082e-04
   3.44387130e+02   1.07810432e-04
   3.44387618e+02  -5.00803908e-05
   3.44388106e+02  -1.94763343e-05
   3.44388595e+02   2.06062701e-04
   3.44389083e+02   8.39798158e-05
   3.44389571e+02  -7.36662696e-05
   3.44390060e+02   1.32386369e-04
   3.44390548e+02   9.63465864e-05
   3.44391036e+02  -3.96390751e-05
   3.44391525e+02   5.01217110e-05
   3.44392013e+02   1.33205394e-04
   3.44392501e+02   6.82946193e-05
   3.44392990e+02  -1.25309278e-04
   3.44393478e+02  -9.82684196e-06
   3.44393966e+02   3.38910992e-04
   3.44394454e+02   5.08845027e-04
   3.44394943e+02   5.14997868e-04
   3.44395431e+02   5.58373926e-04
   3.44395919e+02   3.77268327e-04
   3.44396408e+02   1.83030395e-04
   3.44396896e+02   2.14068859e-04
   3.44397384e+02   4.87552861e-05
   3.44397873e+02  -2.85995222e-04
   3.44398361e+02  -1.27036517e-04
   3.44398849e+02   3.93462513e-04
   3.44399338e+02   4.88340156e-04
   3.44399826e+02   1.60450742e-04
   3.44400314e+02  -1.24005499e-04
   3.44400802e+02   3.35293771e-05
   3.44401291e+02   2.46248324e-04
   3.44401779e+02   6.44264264e-06
   3.44402267e+02  -1.07757791e-04
   3.44402756e+02   1.00158737e-04
   3.44403244e+02   1.96150024e-04
   3.44403732e+02   1.21737889e-04
   3.44404221e+02   2.25890879e-04
   3.44404709e+02   4.48455568e-04
   3.44405197e+02   2.38141118e-04
   3.44405686e+02  -1.32614077e-04
   3.44406174e+02   8.52058874e-05
   3.44406662e+02   4.54669585e-04
   3.44407150e+02   1.65163932e-04
   3.44407639e+02  -1.48549778e-04
   3.44408127e+02  -6.68474531e-05
   3.44408615e+02  -2.83270083e-06
   3.44409104e+02   8.40194916e-05
   3.44409592e+02  -5.10467871e-05
   3.44410080e+02  -3.24282912e-04
   3.44410569e+02  -1.12370959e-04
   3.44411057e+02   2.13514737e-04
   3.44411545e+02  -5.19997193e-05
   3.44412034e+02  -5.87236311e-04
   3.44412522e+02  -7.18094350e-04
   3.44413010e+02  -2.13736435e-04
   3.44413498e+02   2.27466793e-04
   3.44413987e+02   6.55280674e-05
   3.44414475e+02  -1.24113314e-04
   3.44414963e+02   3.29952600e-05
   3.44415452e+02   2.31378828e-04
   3.44415940e+02   2.49140838e-04
   3.44416428e+02   1.91582571e-04
   3.44416917e+02   7.18209230e-06
   3.44417405e+02  -2.90069001e-04
   3.44417893e+02  -3.53099080e-04
   3.44418382e+02  -3.31140764e-04
   3.44418870e+02  -4.22633719e-04
   3.44419358e+02  -5.20393543e-04
   3.44419847e+02  -4.54914174e-04
   3.44420335e+02  -2.76171078e-04
   3.44420823e+02  -1.64258978e-04
   3.44421311e+02  -8.38563792e-05
   3.44421800e+02  -8.51584446e-06
   3.44422288e+02   1.82380845e-05
   3.44422776e+02   2.36922333e-05
   3.44423265e+02   1.94954249e-04
   3.44423753e+02   3.39041319e-04
   3.44424241e+02   2.69961274e-05
   3.44424730e+02  -1.88104008e-04
   3.44425218e+02   1.66116461e-05
   3.44425706e+02  -1.28880492e-04
   3.44426195e+02  -5.95503312e-04
   3.44426683e+02  -5.11652266e-04
   3.44427171e+02  -2.73650385e-05
   3.44427659e+02   6.29448477e-05
   3.44428148e+02   1.39184660e-04
   3.44428636e+02   4.43953031e-04
   3.44429124e+02   3.76923272e-04
   3.44429613e+02  -6.50763977e-05
   3.44430101e+02  -1.10311048e-04
   3.44430589e+02  -1.40484917e-04
   3.44431078e+02  -5.37656597e-04
   3.44431566e+02  -6.66870445e-04
   3.44432054e+02  -3.19099752e-04
   3.44432543e+02  -2.57898264e-05
   3.44433031e+02  -1.87470127e-04
   3.44433519e+02  -3.37196136e-04
   3.44434007e+02  -2.95782695e-04
   3.44434496e+02   1.68020360e-05
   3.44434984e+02   4.99934773e-04
   3.44435472e+02   4.64141602e-04
   3.44435961e+02   5.32202830e-05
   3.44436449e+02  -1.85746525e-04
   3.44436937e+02  -2.05642049e-04
   3.44437426e+02  -2.46566706e-05
   3.44437914e+02   2.18672198e-04
   3.44438402e+02   1.35045630e-04
   3.44438891e+02  -9.76500887e-05
   3.44439379e+02  -2.21853115e-04
   3.44439867e+02  -8.19054767e-05
   3.44440355e+02   1.12936534e-04
   3.44440844e+02   6.43990643e-05
   3.44441332e+02  -1.00529403e-04
   3.44441820e+02  -6.89663466e-06
   3.44442309e+02   1.18330856e-04
   3.44442797e+02  -7.95103988e-05
   3.44443285e+02  -4.20976758e-05
   3.44443774e+02   1.20502054e-05
   3.44444262e+02  -2.06551733e-04
   3.44444750e+02  -1.61237112e-04
   3.44445239e+02   1.65256992e-04
   3.44445727e+02   4.35479189e-04
   3.44446215e+02   1.91654792e-04
   3.44446703e+02  -2.87965522e-04
   3.44447192e+02  -2.53129372e-04
   3.44447680e+02  -1.25121209e-04
   3.44448168e+02  -2.27675264e-04
   3.44448657e+02  -2.70506484e-04
   3.44449145e+02  -4.91171013e-05
   3.44449633e+02   1.90592589e-04
   3.44450122e+02   1.51153843e-04
   3.44450610e+02   7.01776953e-05
   3.44451098e+02  -1.19176104e-04
   3.44451587e+02  -5.82253211e-04
   3.44452075e+02  -5.76936582e-04
   3.44452563e+02  -2.48964556e-04
   3.44453051e+02  -5.70584052e-05
   3.44453540e+02   8.35141691e-05
   3.44454028e+02   7.19150421e-06
   3.44454516e+02   7.74953151e-05
   3.44455005e+02   2.33316110e-04
   3.44455493e+02   2.74697988e-04
   3.44455981e+02   5.18129731e-04
   3.44456470e+02   7.13128655e-04
   3.44456958e+02   5.72682300e-04
   3.44457446e+02   4.08120715e-04
   3.44457935e+02   6.72005233e-04
   3.44458423e+02   6.03109016e-04
   3.44458911e+02   8.54809114e-05
   3.44459400e+02  -3.00664651e-05
   3.44459888e+02   5.49912402e-05
   3.44460376e+02   4.93309599e-05
   3.44460864e+02   2.55390158e-04
   3.44461353e+02   6.16063015e-04
   3.44461841e+02   5.67278999e-04
   3.44462329e+02   9.17125872e-05
   3.44462818e+02   9.18686856e-05
   3.44463306e+02   4.25043661e-04
   3.44463794e+02   1.99827089e-04
   3.44464283e+02  -2.25647644e-04
   3.44464771e+02  -3.41632025e-04
   3.44465259e+02  -1.24757469e-04
   3.44465748e+02  -8.10866477e-05
   3.44466236e+02  -4.87514160e-04
   3.44466724e+02  -6.90104265e-04
   3.44467212e+02  -5.19381079e-04
   3.44467701e+02  -3.15130776e-04
   3.44468189e+02  -1.45853788e-04
   3.44468677e+02   8.35754763e-05
   3.44469166e+02   2.47248885e-04
   3.44469654e+02   7.39570387e-05
   3.44470142e+02  -2.01007511e-04
   3.44470631e+02  -2.52790516e-04
   3.44471119e+02  -1.51855595e-04
   3.44471607e+02   1.61556076e-04
   3.44472096e+02   4.97350993e-04
   3.44472584e+02   4.91831684e-04
   3.44473072e+02   2.87664967e-04
   3.44473560e+02   1.96425142e-04
   3.44474049e+02   4.84459160e-05
   3.44474537e+02  -1.86003745e-04
   3.44475025e+02  -1.13866430e-04
   3.44475514e+02   7.98654946e-05
   3.44476002e+02   1.07196458e-04
   3.44476490e+02  -6.13364391e-05
   3.44476979e+02  -3.14631063e-04
   3.44477467e+02  -3.42466752e-04
   3.44477955e+02  -1.75795605e-04
   3.44478444e+02  -7.85138254e-05
   3.44478932e+02   3.50054761e-05
   3.44479420e+02   3.42859712e-05
   3.44479908e+02  -3.70783557e-04
   3.44480397e+02  -7.82777555e-04
   3.44480885e+02  -7.39256036e-04
   3.44481373e+02  -3.36625671e-04
   3.44481862e+02   2.14039537e-04
   3.44482350e+02   4.22351615e-04
   3.44482838e+02   2.28950703e-05
   3.44483327e+02  -2.64657720e-04
   3.44483815e+02   7.26154540e-05
   3.44484303e+02   3.47262103e-04
   3.44484792e+02   3.54952004e-04
   3.44485280e+02   9.40581085e-05
   3.44485768e+02  -1.55335783e-05
   3.44486256e+02   1.73132546e-04
   3.44486745e+02   8.82528184e-05
   3.44487233e+02  -1.92810054e-04
   3.44487721e+02  -1.19305529e-04
   3.44488210e+02  -3.02009266e-05
   3.44488698e+02  -2.07807141e-04
   3.44489186e+02  -2.83486268e-04
   3.44489675e+02  -2.07424266e-04
   3.44490163e+02  -8.17156035e-07
   3.44490651e+02   1.81064839e-04
   3.44491140e+02   1.82615258e-04
   3.44491628e+02   2.12554572e-04
   3.44492116e+02   2.24089628e-04
   3.44492604e+02   4.38638854e-05
   3.44493093e+02  -1.20711964e-04
   3.44493581e+02   4.41160546e-06
   3.44494069e+02   4.31933295e-04
   3.44494558e+02   3.81144841e-04
   3.44495046e+02   4.42135206e-05
   3.44495534e+02   2.32679711e-04
   3.44496023e+02   2.57870473e-04
   3.44496511e+02   1.90324310e-04
   3.44496999e+02   3.43558233e-04
   3.44497488e+02   2.96577753e-04
   3.44497976e+02   2.85337534e-04
   3.44498464e+02   5.24351082e-04
   3.44498953e+02   3.27798247e-04
   3.44499441e+02  -1.93121639e-04
   3.44499929e+02  -4.47934755e-04
   3.44500417e+02  -2.79220199e-04
   3.44500906e+02  -4.02047817e-06
   3.44501394e+02  -8.34245366e-05
   3.44501882e+02  -3.20605614e-04
   3.44502371e+02  -5.13066363e-04
   3.44502859e+02  -7.18962285e-04
   3.44503347e+02  -7.48746563e-04
   3.44503836e+02  -4.34046262e-04
   3.44504324e+02   3.57290883e-05
   3.44504812e+02   5.49600700e-05
   3.44505301e+02  -2.09385456e-04
   3.44505789e+02  -3.66297172e-04
   3.44506277e+02  -6.45938562e-04
   3.44506765e+02  -6.61694387e-04
   3.44507254e+02  -3.36343568e-04
   3.44507742e+02  -1.71597392e-04
   3.44508230e+02  -2.29182275e-04
   3.44508719e+02  -2.33435683e-04
   3.44509207e+02   4.40044205e-05
   3.44509695e+02   2.98519561e-04
   3.44510184e+02   2.58266256e-04
   3.44510672e+02   2.19289956e-04
   3.44511160e+02   2.46378797e-04
   3.44511649e+02   1.10276123e-04
   3.44512137e+02   3.45877750e-04
   3.44512625e+02   5.28336095e-04
   3.44513113e+02   1.87420901e-05
   3.44513602e+02  -4.12079011e-04
   3.44514090e+02  -6.28552167e-04
   3.44514578e+02  -9.05696477e-04
   3.44515067e+02  -8.87528411e-04
   3.44515555e+02  -4.76218556e-04
   3.44516043e+02   8.18503468e-05
   3.44516532e+02   6.47032459e-04
   3.44517020e+02   7.95431668e-04
   3.44517508e+02   3.66871274e-04
   3.44517997e+02  -2.43581337e-04
   3.44518485e+02  -4.35444817e-04
   3.44518973e+02  -1.57419290e-05
   3.44519461e+02   8.49957578e-05
   3.44519950e+02  -2.38463617e-04
   3.44520438e+02  -1.97848305e-04
   3.44520926e+02  -6.00457861e-05
   3.44521415e+02  -6.02856053e-05
   3.44521903e+02   4.06859581e-05
   3.44522391e+02   3.53042706e-05
   3.44522880e+02   8.46523835e-05
   3.44523368e+02   6.23344167e-05
   3.44523856e+02  -3.54464952e-04
   3.44524345e+02  -5.48705633e-04
   3.44524833e+02  -2.12468614e-04
   3.44525321e+02   9.10003146e-05
   3.44525809e+02   1.10714871e-04
   3.44526298e+02  -1.06215637e-04
   3.44526786e+02  -2.58951855e-04
   3.44527274e+02  -3.25594483e-05
   3.44527763e+02  -1.26283514e-04
   3.44528251e+02  -2.12061539e-04
   3.44528739e+02   2.43162198e-04
   3.44529228e+02   3.69540503e-04
   3.44529716e+02   1.76486807e-04
   3.44530204e+02   6.03006956e-05
   3.44530693e+02   2.20605274e-04
   3.44531181e+02   2.19100300e-04
   3.44531669e+02  -1.80104777e-04
   3.44532157e+02  -1.85896119e-04
   3.44532646e+02   4.93156294e-05
   3.44533134e+02  -6.86070853e-05
   3.44533622e+02  -2.59709341e-04
   3.44534111e+02  -2.48554541e-04
   3.44534599e+02  -1.49319283e-04
   3.44535087e+02  -1.03472834e-04
   3.44535576e+02   2.20951508e-04
   3.44536064e+02   6.36145764e-04
   3.44536552e+02   6.51335984e-04
   3.44537041e+02   5.48081880e-04
   3.44537529e+02   3.39153892e-04
   3.44538017e+02   3.68422443e-05
   3.44538506e+02  -1.15602910e-04
   3.44538994e+02   2.47926491e-05
   3.44539482e+02   3.56403500e-04
   3.44539970e+02   2.27372715e-04
   3.44540459e+02  -1.21299665e-04
   3.44540947e+02  -1.00967911e-04
   3.44541435e+02   2.80974455e-05
   3.44541924e+02   1.22804297e-04
   3.44542412e+02   1.66231432e-04
   3.44542900e+02  -1.09250665e-04
   3.44543389e+02  -4.71055828e-04
   3.44543877e+02  -5.92517608e-04
   3.44544365e+02  -2.96514278e-04
   3.44544854e+02   2.19697482e-04
   3.44545342e+02   3.74451251e-04
   3.44545830e+02   7.33299967e-05
   3.44546318e+02  -1.42127203e-04
   3.44546807e+02  -1.27299165e-04
   3.44547295e+02  -2.01477233e-04
   3.44547783e+02  -2.42464812e-04
   3.44548272e+02  -4.91328819e-06
   3.44548760e+02   1.47387327e-04
   3.44549248e+02   9.73028946e-05
   3.44549737e+02   1.27240361e-04
   3.44550225e+02  -6.46604531e-05
   3.44550713e+02  -4.13190661e-04
   3.44551202e+02  -4.05528583e-04
   3.44551690e+02  -3.00156535e-05
   3.44552178e+02   1.55090427e-04
   3.44552666e+02   1.16795927e-04
   3.44553155e+02   5.64740985e-05
   3.44553643e+02  -1.98039983e-04
   3.44554131e+02  -4.07848711e-04
   3.44554620e+02   7.97545727e-06
   3.44555108e+02   4.11231973e-04
   3.44555596e+02   8.22688235e-05
   3.44556085e+02  -8.52965313e-05
   3.44556573e+02   2.54112674e-04
   3.44557061e+02   4.94528911e-04
   3.44557550e+02   2.67470110e-04
   3.44558038e+02  -2.95834063e-04
   3.44558526e+02  -4.68583778e-04
   3.44559014e+02   2.46241725e-05
   3.44559503e+02   3.58136022e-04
   3.44559991e+02   3.60547529e-05
   3.44560479e+02  -1.64309589e-04
   3.44560968e+02   9.04372500e-05
   3.44561456e+02   2.86672410e-04
   3.44561944e+02   3.52696894e-04
   3.44562433e+02   3.15357174e-04
   3.44562921e+02  -8.70312033e-06
   3.44563409e+02  -1.29104941e-04
   3.44563898e+02  -1.62817189e-04
   3.44564386e+02  -5.47256204e-04
   3.44564874e+02  -2.07132514e-04
   3.44565362e+02   5.25725074e-04
   3.44565851e+02   3.76470969e-04
   3.44566339e+02  -4.35476068e-05
   3.44566827e+02  -1.79805778e-04
   3.44567316e+02  -4.25702397e-04
   3.44567804e+02  -6.51773065e-04
   3.44568292e+02  -4.18146548e-04
   3.44568781e+02  -1.71862936e-04
   3.44569269e+02  -2.91606673e-04
   3.44569757e+02  -5.10038168e-04
   3.44570246e+02  -5.69817785e-04
   3.44570734e+02  -5.33484621e-04
   3.44571222e+02  -4.87485086e-04
   3.44571710e+02  -2.17295412e-04
   3.44572199e+02   1.69295919e-04
   3.44572687e+02   2.22179107e-04
   3.44573175e+02   1.01955637e-04
   3.44573664e+02   1.81715601e-04
   3.44574152e+02   3.06133152e-04
   3.44574640e+02   3.08854709e-04
   3.44575129e+02   5.29890764e-04
   3.44575617e+02   7.12304492e-04
   3.44576105e+02   4.49360756e-04
   3.44576594e+02   1.77398266e-04
   3.44577082e+02   7.28697996e-05
   3.44577570e+02   2.89360542e-05
   3.44578059e+02   4.97190340e-04
   3.44578547e+02   1.08758849e-03
   3.44579035e+02   8.46912328e-04
   3.44579523e+02   4.72859771e-04
   3.44580012e+02   5.52951358e-04
   3.44580500e+02   6.37442106e-04
   3.44580988e+02   4.74790635e-04
   3.44581477e+02   3.16496764e-04
   3.44581965e+02   2.81774323e-04
   3.44582453e+02   1.12046919e-05
   3.44582942e+02  -4.78157803e-04
   3.44583430e+02  -6.84092520e-04
   3.44583918e+02  -4.44827485e-04
   3.44584407e+02  -4.93707485e-05
   3.44584895e+02   2.01681440e-04
   3.44585383e+02  -1.56343340e-05
   3.44585871e+02  -4.04777296e-04
   3.44586360e+02  -3.68761423e-04
   3.44586848e+02  -2.41195812e-05
   3.44587336e+02   2.08741258e-04
   3.44587825e+02   1.54980182e-04
   3.44588313e+02  -1.29670370e-04
   3.44588801e+02  -1.98694950e-04
   3.44589290e+02   1.39748692e-04
   3.44589778e+02   1.09098828e-05
   3.44590266e+02  -2.46197073e-04
   3.44590755e+02   3.54912809e-05
   3.44591243e+02  -1.21733683e-04
   3.44591731e+02  -5.22146351e-04
   3.44592219e+02  -2.01444433e-04
   3.44592708e+02   3.48625996e-04
   3.44593196e+02   1.84958670e-04
   3.44593684e+02  -2.20797534e-04
   3.44594173e+02  -2.26644377e-04
   3.44594661e+02  -2.77696498e-04
   3.44595149e+02  -9.10950112e-05
   3.44595638e+02   5.76854160e-04
   3.44596126e+02   6.77638629e-04
   3.44596614e+02   2.89535936e-04
   3.44597103e+02   1.12590445e-04
   3.44597591e+02   2.09900478e-04
   3.44598079e+02   3.93684022e-04
   3.44598567e+02   3.57802986e-04
   3.44599056e+02   6.72924944e-05
   3.44599544e+02  -1.08444379e-04
   3.44600032e+02  -3.49123700e-04
   3.44600521e+02  -1.54771507e-04
   3.44601009e+02  -2.41072645e-04
   3.44601497e+02  -1.10667104e-04
   3.44601986e+02  -5.03205702e-05
   3.44602474e+02  -3.88691085e-04
   3.44602962e+02  -5.52490121e-04
   3.44603451e+02  -2.35255444e-04
   3.44603939e+02  -1.53269692e-04
   3.44604427e+02  -1.11558518e-04
   3.44604915e+02   2.10015962e-04
   3.44605404e+02   2.17162320e-04
   3.44605892e+02  -1.89505590e-04
   3.44606380e+02  -3.69156565e-04
   3.44606869e+02  -8.41039800e-05
   3.44607357e+02  -6.38098936e-05
   3.44607845e+02  -2.33410363e-04
   3.44608334e+02  -8.76600679e-05
   3.44608822e+02   7.32005628e-06
   3.44609310e+02   4.14955357e-05
   3.44609799e+02   1.05296451e-04
   3.44610287e+02   1.37003124e-04
   3.44610775e+02   1.48082341e-04
   3.44611263e+02  -2.67236078e-06
   3.44611752e+02  -4.10258071e-05
   3.44612240e+02  -6.86824424e-05
   3.44612728e+02  -7.01768076e-05
   3.44613217e+02  -7.15394781e-05
   3.44613705e+02  -4.05077153e-04
   3.44614193e+02  -6.50353439e-04
   3.44614682e+02  -3.73738410e-04
   3.44615170e+02  -2.00741153e-04
   3.44615658e+02  -4.77848225e-04
   3.44616147e+02  -6.26042602e-04
   3.44616635e+02  -3.96036252e-04
   3.44617123e+02  -1.53498593e-04
   3.44617612e+02  -8.99668976e-06
   3.44618100e+02   2.04401702e-04
   3.44618588e+02   4.31706023e-04
   3.44619076e+02   5.19126654e-04
   3.44619565e+02   5.60453045e-04
   3.44620053e+02   6.48446090e-04
   3.44620541e+02   3.79881210e-04
   3.44621030e+02  -1.34982343e-04
   3.44621518e+02  -2.87775620e-04
   3.44622006e+02  -6.06349422e-05
   3.44622495e+02   3.46714602e-04
   3.44622983e+02   5.21199836e-04
   3.44623471e+02   4.09838976e-04
   3.44623960e+02   3.24472843e-04
   3.44624448e+02   3.77555756e-04
   3.44624936e+02   8.73005483e-05
   3.44625424e+02  -3.81761434e-04
   3.44625913e+02  -2.74998543e-04
   3.44626401e+02  -1.56803308e-05
   3.44626889e+02   1.07580272e-05
   3.44627378e+02   1.80658724e-04
   3.44627866e+02   4.75821471e-05
   3.44628354e+02  -2.56316474e-04
   3.44628843e+02  -4.47768834e-05
   3.44629331e+02   3.15220386e-04
   3.44629819e+02   1.70121290e-04
   3.44630308e+02  -1.73484630e-04
   3.44630796e+02  -3.24293622e-04
   3.44631284e+02  -2.20407310e-04
   3.44631772e+02   2.27902910e-05
   3.44632261e+02   1.50667984e-04
   3.44632749e+02   1.30943095e-04
   3.44633237e+02   2.90036493e-04
   3.44633726e+02   5.08323079e-04
   3.44634214e+02   4.67767415e-04
   3.44634702e+02   3.52996722e-04
   3.44635191e+02   4.04830731e-04
   3.44635679e+02   4.71206469e-04
   3.44636167e+02   2.80238339e-04
   3.44636656e+02   2.30179212e-04
   3.44637144e+02   2.42735594e-04
   3.44637632e+02  -2.51940131e-04
   3.44638120e+02  -5.25775773e-04
   3.44638609e+02  -7.42396514e-05
   3.44639097e+02   2.82706926e-04
   3.44639585e+02   4.18232958e-06
   3.44640074e+02  -2.63691589e-04
   3.44640562e+02   3.32995369e-05
   3.44641050e+02   3.16924474e-04
   3.44641539e+02   2.36723703e-04
   3.44642027e+02   1.41061391e-04
   3.44642515e+02   2.92999830e-05
   3.44643004e+02  -2.72669786e-05
   3.44643492e+02  -4.70408122e-05
   3.44643980e+02  -3.25955451e-04
   3.44644468e+02  -6.04172819e-04
   3.44644957e+02  -6.42180908e-04
   3.44645445e+02  -6.06300251e-04
   3.44645933e+02  -5.19849360e-04
   3.44646422e+02  -3.88264132e-04
   3.44646910e+02  -1.86994468e-04
   3.44647398e+02  -5.95052734e-05
   3.44647887e+02  -1.09893757e-04
   3.44648375e+02  -1.64219688e-04
   3.44648863e+02  -1.88918530e-05
   3.44649352e+02   2.56677304e-04
   3.44649840e+02   2.09167702e-04
   3.44650328e+02  -1.43687445e-04
   3.44650816e+02  -7.14734997e-05
   3.44651305e+02  -1.03208491e-04
   3.44651793e+02  -5.54176106e-04
   3.44652281e+02  -5.53393329e-04
   3.44652770e+02  -2.48280179e-04
   3.44653258e+02  -1.86339254e-04
   3.44653746e+02  -4.61897762e-05
   3.44654235e+02  -1.51410304e-05
   3.44654723e+02  -4.39968455e-04
   3.44655211e+02  -6.84207829e-04
   3.44655700e+02  -3.24401568e-04
   3.44656188e+02   6.75604679e-05
   3.44656676e+02   5.19958812e-05
   3.44657165e+02  -5.10006175e-05
   3.44657653e+02  -4.51864216e-05
   3.44658141e+02  -1.91448518e-04
   3.44658629e+02  -4.23147954e-04
   3.44659118e+02  -4.28913714e-04
   3.44659606e+02  -7.02682592e-04
   3.44660094e+02  -7.93752377e-04
   3.44660583e+02  -5.67636569e-04
   3.44661071e+02   2.42717288e-05
   3.44661559e+02   2.77557090e-04
   3.44662048e+02  -8.13349398e-05
   3.44662536e+02  -3.91399575e-04
   3.44663024e+02  -4.01696016e-04
   3.44663513e+02  -1.15392118e-04
   3.44664001e+02  -1.52524066e-04
   3.44664489e+02  -6.45023480e-04
   3.44664977e+02  -7.35845359e-04
   3.44665466e+02  -3.92867136e-04
   3.44665954e+02  -2.04371172e-04
   3.44666442e+02  -2.87738978e-04
   3.44666931e+02  -3.27428192e-04
   3.44667419e+02  -2.48754397e-04
   3.44667907e+02  -2.75258877e-04
   3.44668396e+02   4.78610445e-06
   3.44668884e+02   3.43852531e-04
   3.44669372e+02   2.10884653e-04
   3.44669861e+02  -2.96983071e-05
   3.44670349e+02  -1.06883694e-04
   3.44670837e+02  -6.60946898e-05
   3.44671325e+02  -1.09355831e-04
   3.44671814e+02  -2.50327867e-04
   3.44672302e+02  -5.27607699e-05
   3.44672790e+02   2.13038729e-04
   3.44673279e+02   1.23294056e-04
   3.44673767e+02  -7.43201890e-05
   3.44674255e+02  -1.85813609e-04
   3.44674744e+02  -2.98921877e-05
   3.44675232e+02   2.76192906e-04
   3.44675720e+02   1.86355712e-04
   3.44676209e+02  -1.51294909e-04
   3.44676697e+02  -3.21172876e-04
   3.44677185e+02  -4.75681765e-04
   3.44677673e+02  -5.87990042e-04
   3.44678162e+02  -3.98580829e-04
   3.44678650e+02  -1.37993411e-04
   3.44679138e+02   1.29913577e-04
   3.44679627e+02   2.67785101e-04
   3.44680115e+02   5.39173743e-05
   3.44680603e+02  -3.25147586e-04
   3.44681092e+02  -5.39755390e-04
   3.44681580e+02  -2.81154877e-04
   3.44682068e+02  -7.26355720e-05
   3.44682557e+02  -2.93053570e-04
   3.44683045e+02  -3.13662196e-04
   3.44683533e+02   7.63925254e-06
   3.44684021e+02   9.98821924e-05
   3.44684510e+02  -1.18770513e-04
   3.44684998e+02  -1.43163299e-04
   3.44685486e+02   2.95995385e-04
   3.44685975e+02   4.94523440e-04
   3.44686463e+02   1.17377262e-04
   3.44686951e+02  -1.12588874e-04
   3.44687440e+02  -1.11033267e-04
   3.44687928e+02  -2.90886121e-04
   3.44688416e+02  -3.33449803e-04
   3.44688905e+02  -3.22987144e-05
   3.44689393e+02   2.83276895e-04
   3.44689881e+02   1.54832698e-04
   3.44690369e+02  -9.10311282e-05
   3.44690858e+02  -1.68835162e-04
   3.44691346e+02  -2.58254120e-04
   3.44691834e+02  -6.90625966e-05
   3.44692323e+02   2.22354283e-04
   3.44692811e+02   2.04044176e-04
   3.44693299e+02   1.77752838e-04
   3.44693788e+02   2.18102476e-04
   3.44694276e+02   1.60621887e-04
   3.44694764e+02   8.31638827e-05
   3.44695253e+02  -2.61732239e-05
   3.44695741e+02  -1.51552071e-04
   3.44696229e+02  -1.85348705e-04
   3.44696718e+02  -3.06980481e-04
   3.44697206e+02  -3.86563333e-04
   3.44697694e+02  -8.63352252e-05
   3.44698182e+02   2.87304516e-04
   3.44698671e+02   5.62164700e-04
   3.44699159e+02   5.11874328e-04
   3.44699647e+02   6.89305671e-05
   3.44700136e+02  -5.06340584e-05
   3.44700624e+02   2.34395502e-05
   3.44701112e+02  -1.21082185e-05
   3.44701601e+02   4.79379669e-05
   3.44702089e+02  -6.43184321e-05
   3.44702577e+02  -2.25400931e-04
   3.44703066e+02  -1.89713654e-04
   3.44703554e+02  -6.42991363e-05
   3.44704042e+02   4.64224613e-05
   3.44704530e+02  -1.98657272e-05
   3.44705019e+02  -1.00497760e-04
   3.44705507e+02  -1.15936993e-04
   3.44705995e+02  -1.35576949e-04
   3.44706484e+02  -3.18401653e-05
   3.44706972e+02   2.61465117e-04
   3.44707460e+02   2.89289892e-04
   3.44707949e+02  -1.14479473e-04
   3.44708437e+02  -3.73956194e-04
   3.44708925e+02  -2.12817322e-04
   3.44709414e+02   3.84606246e-05
   3.44709902e+02  -6.45000546e-05
   3.44710390e+02  -3.24792025e-04
   3.44710878e+02  -3.88947810e-04
   3.44711367e+02  -2.92257086e-04
   3.44711855e+02  -2.74297461e-04
   3.44712343e+02  -3.03092733e-04
   3.44712832e+02  -2.43890434e-04
   3.44713320e+02  -1.28770844e-04
   3.44713808e+02  -2.54372484e-04
   3.44714297e+02  -4.51021071e-04
   3.44714785e+02  -2.86208058e-04
   3.44715273e+02  -1.33490044e-04
   3.44715762e+02   9.56517251e-05
   3.44716250e+02   2.73042038e-04
   3.44716738e+02   1.58277078e-04
   3.44717226e+02   1.46955615e-04
   3.44717715e+02   1.41446639e-04
   3.44718203e+02  -1.26122395e-04
   3.44718691e+02  -1.03347615e-04
   3.44719180e+02   1.09957247e-04
   3.44719668e+02   2.23929947e-05
   3.44720156e+02  -3.01237233e-05
   3.44720645e+02  -1.29537133e-04
   3.44721133e+02  -3.69687070e-04
   3.44721621e+02  -7.88511607e-05
   3.44722110e+02   5.03735151e-04
   3.44722598e+02   7.82369229e-04
   3.44723086e+02   7.02194986e-04
   3.44723574e+02   2.82334571e-04
   3.44724063e+02  -3.73182047e-05
   3.44724551e+02  -1.50839624e-05
   3.44725039e+02  -8.21120339e-05
   3.44725528e+02  -2.08613637e-04
   3.44726016e+02  -1.21391517e-04
   3.44726504e+02  -2.29002791e-04
   3.44726993e+02  -5.89685340e-04
   3.44727481e+02  -6.04271772e-04
   3.44727969e+02  -5.85375587e-04
   3.44728458e+02  -6.83604449e-04
   3.44728946e+02  -3.53510521e-04
   3.44729434e+02  -8.60071304e-05
   3.44729922e+02  -1.68264480e-04
   3.44730411e+02  -9.84657163e-05
   3.44730899e+02  -2.00986524e-05
   3.44731387e+02  -7.93069466e-06
   3.44731876e+02   1.54767098e-04
   3.44732364e+02   2.37166576e-04
   3.44732852e+02   5.72991121e-05
   3.44733341e+02  -1.20764307e-04
   3.44733829e+02  -2.79898988e-04
   3.44734317e+02  -2.37931905e-04
   3.44734806e+02   1.13247959e-04
   3.44735294e+02   4.48479783e-04
   3.44735782e+02   7.30552245e-04
   3.44736271e+02   7.68313359e-04
   3.44736759e+02   2.13546955e-04
   3.44737247e+02  -2.67905329e-04
   3.44737735e+02  -1.13947834e-04
   3.44738224e+02   1.06406122e-04
   3.44738712e+02   2.41265559e-04
   3.44739200e+02   2.72749923e-04
   3.44739689e+02   2.43690927e-04
   3.44740177e+02   8.21578869e-05
   3.44740665e+02  -1.73833512e-04
   3.44741154e+02  -2.19036243e-04
   3.44741642e+02  -1.99086586e-04
   3.44742130e+02   4.53452003e-06
   3.44742619e+02   3.13962169e-04
   3.44743107e+02   2.77456711e-04
   3.44743595e+02   2.37206477e-04
   3.44744083e+02   1.90529623e-04
   3.44744572e+02  -2.67965916e-05
   3.44745060e+02   1.43398893e-05
   3.44745548e+02   8.32341684e-05
   3.44746037e+02  -1.29232532e-04
   3.44746525e+02  -9.86073574e-05
   3.44747013e+02   2.13103194e-04
   3.44747502e+02   5.53407881e-04
   3.44747990e+02   4.61645890e-04
   3.44748478e+02  -1.37115858e-04
   3.44748967e+02  -5.73748839e-04
   3.44749455e+02  -4.31035965e-04
   3.44749943e+02  -1.15083436e-04
   3.44750431e+02   1.34521513e-04
   3.44750920e+02   4.38575167e-04
   3.44751408e+02   4.58275405e-04
   3.44751896e+02   2.16509914e-04
   3.44752385e+02  -6.83665421e-05
   3.44752873e+02  -2.57203093e-04
   3.44753361e+02  -1.84053089e-04
   3.44753850e+02   9.45478969e-05
   3.44754338e+02   1.60549171e-04
   3.44754826e+02   5.70375632e-05
   3.44755315e+02   2.43664501e-04
   3.44755803e+02   5.78015635e-04
   3.44756291e+02   7.20140059e-04
   3.44756779e+02   4.24743950e-04
   3.44757268e+02   1.77314578e-04
   3.44757756e+02   2.41233080e-04
   3.44758244e+02   2.69385229e-04
   3.44758733e+02   3.01126856e-04
   3.44759221e+02   3.44958738e-04
   3.44759709e+02   2.97243241e-04
   3.44760198e+02   6.06559624e-05
   3.44760686e+02  -1.14625880e-04
   3.44761174e+02   1.11958043e-05
   3.44761663e+02   3.93002047e-05
   3.44762151e+02  -6.68885041e-05
   3.44762639e+02   1.81676660e-04
   3.44763127e+02   4.02147707e-04
   3.44763616e+02   1.30946675e-04
   3.44764104e+02  -1.80802977e-04
   3.44764592e+02  -8.42103909e-05
   3.44765081e+02   3.08977906e-04
   3.44765569e+02   4.23405960e-04
   3.44766057e+02   1.22868048e-04
   3.44766546e+02  -5.56713167e-06
   3.44767034e+02   1.39329379e-04
   3.44767522e+02   2.37308341e-04
   3.44768011e+02   2.84407550e-04
   3.44768499e+02   4.38813207e-04
   3.44768987e+02   3.32814030e-04
   3.44769475e+02  -8.27983094e-05
   3.44769964e+02  -1.14257884e-04
   3.44770452e+02   7.26387152e-05
   3.44770940e+02  -3.25311557e-05
   3.44771429e+02  -2.12280975e-05
   3.44771917e+02   4.63415163e-05
   3.44772405e+02   4.32251472e-05
   3.44772894e+02  -9.06246933e-05
   3.44773382e+02   4.55597547e-05
   3.44773870e+02   4.41132608e-04
   3.44774359e+02   9.55619180e-05
   3.44774847e+02  -2.24299656e-04
   3.44775335e+02  -2.34299558e-04
   3.44775824e+02  -2.80589185e-04
   3.44776312e+02   1.32636642e-05
   3.44776800e+02  -8.58169878e-05
   3.44777288e+02  -3.41018284e-04
   3.44777777e+02  -3.62949591e-04
   3.44778265e+02  -4.16540104e-04
   3.44778753e+02  -3.65121639e-04
   3.44779242e+02  -2.97633174e-04
   3.44779730e+02  -5.29174635e-04
   3.44780218e+02  -5.45481395e-04
   3.44780707e+02  -2.35494314e-04
   3.44781195e+02  -3.13187302e-05
   3.44781683e+02   1.82241594e-04
   3.44782172e+02   5.01406088e-04
   3.44782660e+02   3.33503267e-04
   3.44783148e+02  -1.91112995e-04
   3.44783636e+02  -2.60063563e-04
   3.44784125e+02   2.69468233e-04
   3.44784613e+02   4.33854118e-04
   3.44785101e+02   1.77497641e-04
   3.44785590e+02   1.59506730e-04
   3.44786078e+02   2.31287355e-04
   3.44786566e+02   2.43505536e-04
   3.44787055e+02   2.81750166e-04
   3.44787543e+02   1.09448760e-04
   3.44788031e+02  -2.82916211e-04
   3.44788520e+02  -2.05605480e-04
   3.44789008e+02   7.65339719e-05
   3.44789496e+02   9.19039085e-05
   3.44789984e+02  -1.39018710e-04
   3.44790473e+02  -2.26063377e-04
   3.44790961e+02  -7.63102362e-05
   3.44791449e+02   2.08727652e-05
   3.44791938e+02   1.60376767e-05
   3.44792426e+02  -1.93498956e-04
   3.44792914e+02  -3.92091082e-04
   3.44793403e+02  -1.55812217e-04
   3.44793891e+02   5.80970082e-05
   3.44794379e+02  -9.68737659e-05
   3.44794868e+02  -3.27584159e-04
   3.44795356e+02  -2.33909042e-04
   3.44795844e+02   2.57153646e-04
   3.44796332e+02   5.96208207e-04
   3.44796821e+02   1.42563236e-04
   3.44797309e+02  -7.03133817e-04
   3.44797797e+02  -9.64930980e-04
   3.44798286e+02  -7.36436516e-04
   3.44798774e+02  -3.80745420e-04
   3.44799262e+02   1.12812113e-05
   3.44799751e+02   1.98954775e-04
   3.44800239e+02   4.90773664e-06
   3.44800727e+02  -2.89441901e-04
   3.44801216e+02  -3.01563414e-04
   3.44801704e+02  -3.20443971e-04
   3.44802192e+02  -3.58732650e-04
   3.44802680e+02  -4.26102517e-04
   3.44803169e+02  -5.61631168e-04
   3.44803657e+02  -3.97559255e-04
   3.44804145e+02  -2.59289955e-04
   3.44804634e+02  -2.16017637e-04
   3.44805122e+02   1.33212861e-05
   3.44805610e+02   3.60828562e-05
   3.44806099e+02  -1.09546934e-04
   3.44806587e+02  -2.64236762e-04
   3.44807075e+02  -2.88922631e-04
   3.44807564e+02  -2.79793021e-04
   3.44808052e+02  -4.62043157e-04
   3.44808540e+02  -7.00914999e-04
   3.44809028e+02  -6.73016941e-04
   3.44809517e+02  -5.15119231e-04
   3.44810005e+02  -5.40466164e-04
   3.44810493e+02  -5.82905079e-04
   3.44810982e+02  -3.08321178e-04
   3.44811470e+02   1.84963312e-04
   3.44811958e+02   6.08889211e-04
   3.44812447e+02   6.04312459e-04
   3.44812935e+02   2.51733058e-04
   3.44813423e+02  -1.29948196e-04
   3.44813912e+02  -1.20024823e-04
   3.44814400e+02   1.90239254e-04
   3.44814888e+02   2.74092599e-04
   3.44815377e+02   2.53910021e-05
   3.44815865e+02  -3.19604937e-04
   3.44816353e+02  -5.35032887e-04
   3.44816841e+02  -6.11481373e-04
   3.44817330e+02  -4.14064009e-04
   3.44817818e+02  -8.63904643e-05
   3.44818306e+02  -1.67203572e-04
   3.44818795e+02  -5.56926825e-04
   3.44819283e+02  -7.27811828e-04
   3.44819771e+02  -4.44590289e-04
   3.44820260e+02   1.13736569e-04
   3.44820748e+02   3.77887511e-04
   3.44821236e+02   1.97810645e-04
   3.44821725e+02  -2.48353422e-06
   3.44822213e+02   1.20130162e-05
   3.44822701e+02   1.72703178e-04
   3.44823189e+02   3.01411288e-04
   3.44823678e+02   3.36019148e-04
   3.44824166e+02   2.50835816e-04
   3.44824654e+02  -1.09486573e-04
   3.44825143e+02  -1.81298034e-04
   3.44825631e+02   2.89576186e-04
   3.44826119e+02   2.99324951e-04
   3.44826608e+02  -1.47874205e-04
   3.44827096e+02  -2.25539741e-04
   3.44827584e+02  -1.04107377e-04
   3.44828073e+02   9.74981522e-05
   3.44828561e+02   4.79914219e-04
   3.44829049e+02   5.94438985e-04
   3.44829537e+02   3.49458220e-04
   3.44830026e+02   1.52264038e-04
   3.44830514e+02   2.48245080e-04
   3.44831002e+02   3.12271033e-04
   3.44831491e+02   3.57111676e-05
   3.44831979e+02  -1.97130285e-04
   3.44832467e+02  -4.24747734e-04
   3.44832956e+02  -7.35611713e-04
   3.44833444e+02  -5.68063173e-04
