frequency (GHz), flux (Jy/beam)
   3.44888470e+02   3.36443802e-04
   3.44888959e+02   3.67935980e-04
   3.44889447e+02   4.96692555e-05
   3.44889935e+02   1.09481887e-04
   3.44890423e+02   3.40433879e-04
   3.44890912e+02   2.32997583e-04
   3.44891400e+02  -1.28492338e-05
   3.44891888e+02   1.14752056e-05
   3.44892377e+02   3.71628354e-04
   3.44892865e+02   4.46419552e-04
   3.44893353e+02   1.73434921e-04
   3.44893842e+02  -8.53589445e-05
   3.44894330e+02  -4.10736066e-05
   3.44894818e+02  -1.00129975e-04
   3.44895307e+02  -4.81571944e-04
   3.44895795e+02  -3.17347818e-04
   3.44896283e+02   7.76739980e-05
   3.44896771e+02   1.10320922e-04
   3.44897260e+02   3.33099277e-04
   3.44897748e+02   3.18598206e-04
   3.44898236e+02  -5.13158957e-05
   3.44898725e+02  -1.23228994e-04
   3.44899213e+02  -1.87720012e-04
   3.44899701e+02  -3.21808475e-04
   3.44900190e+02  -4.47690050e-04
   3.44900678e+02  -5.36247739e-04
   3.44901166e+02  -2.22598741e-04
   3.44901655e+02   2.02675597e-04
   3.44902143e+02   3.10455129e-04
   3.44902631e+02   3.02007771e-04
   3.44903119e+02   3.06616857e-04
   3.44903608e+02   4.37057548e-04
   3.44904096e+02   4.17054602e-04
   3.44904584e+02  -9.73956194e-05
   3.44905073e+02  -5.93795849e-04
   3.44905561e+02  -6.65569620e-04
   3.44906049e+02  -1.81258656e-04
   3.44906538e+02   4.32962523e-04
   3.44907026e+02   5.99538093e-04
   3.44907514e+02   2.66608724e-04
   3.44908003e+02   1.31330453e-04
   3.44908491e+02   2.93933088e-04
   3.44908979e+02   2.51567515e-04
   3.44909467e+02  -3.39232647e-05
   3.44909956e+02  -2.50090350e-04
   3.44910444e+02   4.08758460e-05
   3.44910932e+02   4.89152502e-04
   3.44911421e+02   5.68382500e-04
   3.44911909e+02   4.69457736e-04
   3.44912397e+02   2.86884053e-04
   3.44912886e+02   1.49733562e-04
   3.44913374e+02  -1.05018546e-04
   3.44913862e+02  -6.76817552e-04
   3.44914351e+02  -1.06131437e-03
   3.44914839e+02  -9.17818979e-04
   3.44915327e+02  -5.05558273e-04
   3.44915815e+02  -9.57612792e-05
   3.44916304e+02   2.30968275e-04
   3.44916792e+02   3.57203215e-04
   3.44917280e+02   1.63646182e-04
   3.44917769e+02   1.97169953e-04
   3.44918257e+02   3.53086798e-04
   3.44918745e+02   2.04827200e-04
   3.44919234e+02  -3.83987535e-05
   3.44919722e+02  -1.44872000e-04
   3.44920210e+02  -8.73477838e-05
   3.44920699e+02   1.98197551e-04
   3.44921187e+02   6.33663498e-04
   3.44921675e+02   8.23261624e-04
   3.44922163e+02   4.80419752e-04
   3.44922652e+02   2.99691746e-05
   3.44923140e+02   5.46336814e-05
   3.44923628e+02   3.18577368e-04
   3.44924117e+02   2.20078291e-04
   3.44924605e+02  -2.89624411e-04
   3.44925093e+02  -4.58989176e-04
   3.44925582e+02  -1.53538596e-04
   3.44926070e+02   1.37923766e-04
   3.44926558e+02   2.77965853e-04
   3.44927047e+02   5.70232987e-05
   3.44927535e+02  -3.60421516e-04
   3.44928023e+02  -3.88661050e-04
   3.44928512e+02   9.19280410e-07
   3.44929000e+02   3.45309876e-04
   3.44929488e+02   4.45601443e-04
   3.44929976e+02   2.84094072e-04
   3.44930465e+02   1.60641630e-05
   3.44930953e+02   1.74494016e-05
   3.44931441e+02   1.10879970e-04
   3.44931930e+02   8.41061774e-05
   3.44932418e+02  -1.01020094e-04
   3.44932906e+02  -2.95492297e-04
   3.44933395e+02  -7.29110034e-05
   3.44933883e+02   1.52814449e-04
   3.44934371e+02  -1.03714432e-04
   3.44934860e+02  -4.71946056e-04
   3.44935348e+02  -5.39478497e-04
   3.44935836e+02  -5.49271645e-04
   3.44936324e+02  -6.72911527e-04
   3.44936813e+02  -8.86099704e-04
   3.44937301e+02  -7.23379722e-04
   3.44937789e+02  -9.96127783e-05
   3.44938278e+02   2.27567420e-04
   3.44938766e+02   2.58473476e-04
   3.44939254e+02   3.27917893e-04
   3.44939743e+02   2.77340645e-04
   3.44940231e+02   1.52370209e-04
   3.44940719e+02   1.15634954e-04
   3.44941208e+02  -2.61180139e-05
   3.44941696e+02  -1.18887758e-04
   3.44942184e+02   2.08604091e-04
   3.44942672e+02   9.68412278e-05
   3.44943161e+02  -5.26461052e-04
   3.44943649e+02  -5.72689518e-04
   3.44944137e+02  -3.11292184e-04
   3.44944626e+02  -2.38887704e-04
   3.44945114e+02  -2.81968329e-04
   3.44945602e+02  -3.09736322e-04
   3.44946091e+02  -1.71568245e-04
   3.44946579e+02   3.91612339e-05
   3.44947067e+02  -7.71627892e-05
   3.44947556e+02  -3.42420040e-04
   3.44948044e+02  -2.17452689e-04
   3.44948532e+02   1.06735526e-04
   3.44949020e+02   2.75356346e-04
   3.44949509e+02   1.32720263e-04
   3.44949997e+02  -2.58941254e-05
   3.44950485e+02  -2.37633882e-04
   3.44950974e+02  -4.04371880e-04
   3.44951462e+02  -2.65134266e-04
   3.44951950e+02  -9.45599968e-05
   3.44952439e+02   2.93639041e-05
   3.44952927e+02   2.99368345e-04
   3.44953415e+02   3.11761192e-04
   3.44953904e+02   1.55481379e-04
   3.44954392e+02   3.92405811e-04
   3.44954880e+02   8.33040103e-05
   3.44955368e+02  -5.26892429e-04
   3.44955857e+02  -1.10260698e-04
   3.44956345e+02   3.90469882e-04
   3.44956833e+02   1.23471254e-04
   3.44957322e+02  -2.62730842e-04
   3.44957810e+02  -1.82046642e-04
   3.44958298e+02   4.42459313e-05
   3.44958787e+02   3.04446090e-04
   3.44959275e+02   4.50499356e-04
   3.44959763e+02   3.95774659e-05
   3.44960252e+02  -2.19080321e-04
   3.44960740e+02  -1.84799181e-04
   3.44961228e+02  -2.62071466e-04
   3.44961716e+02  -3.86425236e-05
   3.44962205e+02   1.54336609e-04
   3.44962693e+02  -2.59470049e-04
   3.44963181e+02  -5.33139159e-04
   3.44963670e+02  -3.29453615e-04
   3.44964158e+02  -1.07673412e-04
   3.44964646e+02  -3.06579197e-04
   3.44965135e+02  -4.07135754e-04
   3.44965623e+02   9.85505176e-05
   3.44966111e+02   3.31541582e-04
   3.44966600e+02  -1.60056647e-04
   3.44967088e+02  -5.26637945e-04
   3.44967576e+02  -4.31851426e-04
   3.44968065e+02  -1.45507249e-04
   3.44968553e+02   8.79033905e-05
   3.44969041e+02   2.75982689e-04
   3.44969529e+02   2.36200591e-04
   3.44970018e+02  -1.76800138e-04
   3.44970506e+02  -3.16177786e-04
   3.44970994e+02  -2.27500801e-04
   3.44971483e+02  -4.45296959e-04
   3.44971971e+02  -6.58040284e-04
   3.44972459e+02  -5.02135663e-04
   3.44972948e+02  -2.06047931e-04
   3.44973436e+02  -1.22955054e-04
   3.44973924e+02  -9.13812110e-05
   3.44974413e+02  -1.25483406e-04
   3.44974901e+02  -1.20379016e-04
   3.44975389e+02   4.47650891e-05
   3.44975877e+02   1.24983941e-04
   3.44976366e+02   3.78039287e-04
   3.44976854e+02   5.92428551e-04
   3.44977342e+02   4.27242368e-04
   3.44977831e+02   3.02604341e-04
   3.44978319e+02   9.27022702e-05
   3.44978807e+02  -3.22731095e-04
   3.44979296e+02  -5.28008793e-04
   3.44979784e+02  -4.27503895e-04
   3.44980272e+02  -2.30870355e-04
   3.44980761e+02  -1.15913092e-04
   3.44981249e+02  -1.42138044e-04
   3.44981737e+02   5.61322449e-05
   3.44982225e+02   3.70361347e-04
   3.44982714e+02   1.85368001e-04
   3.44983202e+02  -1.97704605e-04
   3.44983690e+02  -2.69417622e-04
   3.44984179e+02   9.92026544e-05
   3.44984667e+02   3.61930084e-04
   3.44985155e+02  -6.23600718e-05
   3.44985644e+02  -4.84789925e-04
   3.44986132e+02  -4.82206116e-04
   3.44986620e+02  -5.77692466e-04
   3.44987109e+02  -4.82706178e-04
   3.44987597e+02  -7.38463932e-05
   3.44988085e+02   1.29552049e-04
   3.44988573e+02   2.70180433e-04
   3.44989062e+02   5.38629480e-04
   3.44989550e+02   4.88141057e-04
   3.44990038e+02   9.59426397e-05
   3.44990527e+02  -1.27193227e-04
   3.44991015e+02  -6.07648726e-05
   3.44991503e+02  -3.39342223e-04
   3.44991992e+02  -7.25839811e-04
   3.44992480e+02  -6.28327602e-04
   3.44992968e+02  -7.17413612e-04
   3.44993457e+02  -8.56293249e-04
   3.44993945e+02  -5.56426356e-04
   3.44994433e+02  -2.61341658e-04
   3.44994921e+02  -1.21735902e-04
   3.44995410e+02   8.83343746e-05
   3.44995898e+02   3.01829074e-04
   3.44996386e+02   4.36946197e-04
   3.44996875e+02   4.39009280e-04
   3.44997363e+02   6.83701728e-05
   3.44997851e+02  -3.79412348e-04
   3.44998340e+02  -1.56585244e-04
   3.44998828e+02   3.08727031e-04
   3.44999316e+02   2.91295000e-04
   3.44999805e+02  -5.19453279e-05
   3.45000293e+02  -2.61274341e-04
   3.45000781e+02  -4.40966134e-04
   3.45001269e+02  -3.83994775e-04
   3.45001758e+02  -2.75556649e-05
   3.45002246e+02  -2.19370158e-05
   3.45002734e+02  -2.81666114e-04
   3.45003223e+02  -3.18609964e-04
   3.45003711e+02  -3.51457333e-04
   3.45004199e+02  -1.14511757e-04
   3.45004688e+02   1.04412633e-04
   3.45005176e+02   1.93956788e-04
   3.45005664e+02   4.59577452e-04
   3.45006153e+02   3.94970150e-04
   3.45006641e+02  -3.40105820e-04
   3.45007129e+02  -6.29930699e-04
   3.45007618e+02  -2.30928621e-04
   3.45008106e+02   1.98703550e-04
   3.45008594e+02   3.15091514e-04
   3.45009082e+02   3.40596976e-04
   3.45009571e+02   3.28584283e-04
   3.45010059e+02  -1.15216033e-04
   3.45010547e+02  -6.64702617e-04
   3.45011036e+02  -7.00610690e-04
   3.45011524e+02  -2.10289480e-04
   3.45012012e+02   5.90704731e-05
   3.45012501e+02  -2.09303820e-04
   3.45012989e+02  -2.55294726e-04
   3.45013477e+02  -3.71355884e-04
   3.45013966e+02  -4.91248327e-04
   3.45014454e+02  -1.38428353e-04
   3.45014942e+02  -7.57845846e-05
   3.45015430e+02  -5.00283022e-06
   3.45015919e+02   2.77563668e-04
   3.45016407e+02   2.73558981e-04
   3.45016895e+02   2.49957229e-04
   3.45017384e+02   1.23517195e-04
   3.45017872e+02  -2.64108443e-04
   3.45018360e+02  -2.17724344e-04
   3.45018849e+02   7.16689392e-05
   3.45019337e+02  -1.57458009e-04
   3.45019825e+02  -5.88108087e-04
   3.45020314e+02  -4.79600247e-04
   3.45020802e+02   8.92104363e-05
   3.45021290e+02   2.98267754e-04
   3.45021778e+02   3.10975156e-04
   3.45022267e+02   4.75774868e-04
   3.45022755e+02   2.82980240e-04
   3.45023243e+02  -5.46329247e-05
   3.45023732e+02   1.36401286e-04
   3.45024220e+02   2.77127052e-04
   3.45024708e+02   7.09879387e-05
   3.45025197e+02   8.37247208e-05
   3.45025685e+02   2.74250080e-04
   3.45026173e+02   3.11975542e-04
   3.45026662e+02   2.14393527e-04
   3.45027150e+02   7.53240311e-05
   3.45027638e+02   1.64286121e-06
   3.45028126e+02   1.07866035e-04
   3.45028615e+02   1.93721236e-04
   3.45029103e+02   3.82202881e-04
   3.45029591e+02   5.73187950e-04
   3.45030080e+02   3.82173108e-04
   3.45030568e+02   1.82550921e-05
   3.45031056e+02   1.89850016e-05
   3.45031545e+02   6.57461642e-05
   3.45032033e+02  -2.04329146e-04
   3.45032521e+02  -3.15579760e-04
   3.45033010e+02   1.79832568e-04
   3.45033498e+02   4.99530870e-04
   3.45033986e+02   1.70362036e-04
   3.45034474e+02  -2.85165970e-05
   3.45034963e+02   9.63077837e-05
   3.45035451e+02  -1.62514079e-05
   3.45035939e+02  -9.00721934e-05
   3.45036428e+02   1.17187294e-04
   3.45036916e+02   2.98739295e-04
   3.45037404e+02   1.06422944e-04
   3.45037893e+02  -3.18712177e-04
   3.45038381e+02  -3.66569147e-04
   3.45038869e+02  -2.27934026e-04
   3.45039358e+02  -2.60692352e-04
   3.45039846e+02  -1.32459507e-04
   3.45040334e+02   3.10338728e-05
   3.45040822e+02   2.74452294e-04
   3.45041311e+02   4.70545230e-04
   3.45041799e+02   2.75308150e-04
   3.45042287e+02  -9.04143308e-05
   3.45042776e+02  -4.53622983e-04
   3.45043264e+02  -5.80980151e-04
   3.45043752e+02  -6.01727981e-04
   3.45044241e+02  -4.39492433e-04
   3.45044729e+02  -1.30441374e-04
   3.45045217e+02  -7.28280938e-05
   3.45045706e+02  -1.01652011e-04
   3.45046194e+02  -1.01421174e-04
   3.45046682e+02  -2.20039045e-04
   3.45047171e+02  -3.33528966e-04
   3.45047659e+02  -2.89454183e-04
   3.45048147e+02  -8.30360877e-05
   3.45048635e+02  -3.91242684e-05
   3.45049124e+02  -2.82583729e-04
   3.45049612e+02  -2.45621137e-04
   3.45050100e+02   6.21175859e-05
   3.45050589e+02   1.52020220e-04
   3.45051077e+02  -1.49587513e-05
   3.45051565e+02  -2.32360078e-04
   3.45052054e+02  -2.23171184e-04
   3.45052542e+02   2.24949719e-04
   3.45053030e+02   4.57565358e-04
   3.45053519e+02   1.23673366e-04
   3.45054007e+02   1.82567543e-04
   3.45054495e+02   2.87010858e-04
   3.45054983e+02  -9.29157759e-05
   3.45055472e+02  -1.39629585e-04
   3.45055960e+02   1.79820723e-04
   3.45056448e+02   3.04935849e-04
   3.45056937e+02   1.76037443e-04
   3.45057425e+02   1.23559716e-04
   3.45057913e+02   1.63950506e-04
   3.45058402e+02   1.35506954e-04
   3.45058890e+02  -7.84368531e-05
   3.45059378e+02  -4.13580594e-04
   3.45059867e+02  -4.84657648e-04
   3.45060355e+02  -2.14691157e-04
   3.45060843e+02   3.19038772e-05
   3.45061331e+02   1.90280989e-04
   3.45061820e+02   2.46982469e-04
   3.45062308e+02   9.83987138e-06
   3.45062796e+02  -1.59902686e-06
   3.45063285e+02   4.52781940e-04
   3.45063773e+02   6.39953592e-04
   3.45064261e+02   6.18185950e-05
   3.45064750e+02  -4.00086574e-04
   3.45065238e+02  -1.05969120e-04
   3.45065726e+02   2.00733848e-04
   3.45066215e+02   1.61505115e-04
   3.45066703e+02   4.70332379e-05
   3.45067191e+02   1.90475621e-04
   3.45067679e+02   4.77931026e-04
   3.45068168e+02   3.09018680e-04
   3.45068656e+02  -2.19281530e-04
   3.45069144e+02  -4.33490204e-04
   3.45069633e+02  -3.34214157e-04
   3.45070121e+02  -1.28426778e-04
   3.45070609e+02   2.59561086e-04
   3.45071098e+02   4.25202423e-04
   3.45071586e+02   3.08526323e-05
   3.45072074e+02  -6.75709744e-05
   3.45072563e+02   3.37270118e-04
   3.45073051e+02   3.48670641e-04
   3.45073539e+02   1.30519969e-04
   3.45074027e+02   2.17408218e-04
   3.45074516e+02   2.73025449e-04
   3.45075004e+02   3.35857883e-04
   3.45075492e+02   3.70421301e-04
   3.45075981e+02   1.67523176e-04
   3.45076469e+02   2.46755139e-04
   3.45076957e+02   2.94577825e-04
   3.45077446e+02  -2.01556366e-04
   3.45077934e+02  -3.37283796e-04
   3.45078422e+02  -2.48196502e-05
   3.45078911e+02  -3.52312418e-05
   3.45079399e+02  -5.56641271e-06
   3.45079887e+02   2.77609797e-04
   3.45080375e+02   3.50019080e-04
   3.45080864e+02   2.27479162e-04
   3.45081352e+02   2.17971625e-04
   3.45081840e+02   2.62677553e-04
   3.45082329e+02   7.20011622e-06
   3.45082817e+02  -4.15981427e-04
   3.45083305e+02  -4.20748402e-04
   3.45083794e+02  -1.06221247e-04
   3.45084282e+02   4.53093293e-04
   3.45084770e+02   8.51613178e-04
   3.45085259e+02   4.74801491e-04
   3.45085747e+02   8.25099924e-05
   3.45086235e+02   1.62875891e-04
   3.45086724e+02   2.41641363e-04
   3.45087212e+02   3.20452033e-04
   3.45087700e+02   9.37356890e-05
   3.45088188e+02  -2.43126982e-04
   3.45088677e+02   7.28976302e-05
   3.45089165e+02   4.65061283e-04
   3.45089653e+02   3.93774157e-04
   3.45090142e+02   4.59537812e-04
   3.45090630e+02   7.72314554e-04
   3.45091118e+02   7.46722857e-04
   3.45091607e+02   4.55113972e-04
   3.45092095e+02   4.79639304e-04
   3.45092583e+02   5.32399281e-04
   3.45093072e+02   2.06872544e-04
   3.45093560e+02   7.02357429e-05
   3.45094048e+02   1.37837458e-04
   3.45094536e+02  -1.20396573e-04
   3.45095025e+02  -1.25762395e-04
   3.45095513e+02   3.26518901e-04
   3.45096001e+02   3.46136134e-04
   3.45096490e+02   1.16741918e-04
   3.45096978e+02   2.27762357e-04
   3.45097466e+02   2.81850487e-04
   3.45097955e+02   2.31206315e-04
   3.45098443e+02   1.94145498e-04
   3.45098931e+02  -3.18260951e-04
   3.45099420e+02  -5.94967802e-04
   3.45099908e+02  -3.40675033e-05
   3.45100396e+02   2.20481903e-04
   3.45100884e+02   3.94203271e-05
   3.45101373e+02  -1.41999320e-04
   3.45101861e+02  -4.05771243e-05
   3.45102349e+02   8.96007332e-05
   3.45102838e+02  -2.82990572e-04
   3.45103326e+02  -4.71695908e-04
   3.45103814e+02  -2.58114713e-04
   3.45104303e+02  -1.15736424e-04
   3.45104791e+02   9.56063668e-05
   3.45105279e+02   3.31078132e-04
   3.45105768e+02   2.89305841e-04
   3.45106256e+02   6.84652405e-05
   3.45106744e+02  -3.17692793e-05
   3.45107232e+02  -4.57473107e-05
   3.45107721e+02   3.64666289e-06
   3.45108209e+02   2.73471349e-04
   3.45108697e+02   4.49598476e-04
   3.45109186e+02   5.87624032e-04
   3.45109674e+02   7.55139685e-04
   3.45110162e+02   4.68766142e-04
   3.45110651e+02  -1.75029039e-04
   3.45111139e+02  -5.76864462e-04
   3.45111627e+02  -4.10361186e-04
   3.45112116e+02  -2.31887934e-05
   3.45112604e+02   1.24231674e-05
   3.45113092e+02  -2.26717428e-04
   3.45113580e+02  -4.22776975e-05
   3.45114069e+02   6.01825013e-04
   3.45114557e+02   7.19059550e-04
   3.45115045e+02   3.04756686e-04
   3.45115534e+02  -2.44041657e-05
   3.45116022e+02  -2.38236898e-04
   3.45116510e+02  -2.48362601e-04
   3.45116999e+02  -2.24120275e-04
   3.45117487e+02  -1.51083208e-04
   3.45117975e+02   2.18644738e-04
   3.45118464e+02   1.57290691e-04
   3.45118952e+02  -4.20802098e-04
   3.45119440e+02  -5.74527832e-04
   3.45119928e+02  -5.07057470e-04
   3.45120417e+02  -2.46454147e-04
   3.45120905e+02   1.44623322e-04
   3.45121393e+02   8.43655362e-05
   3.45121882e+02   1.65067904e-05
   3.45122370e+02   1.38679316e-04
   3.45122858e+02   3.00428481e-04
   3.45123347e+02   3.40448023e-04
   3.45123835e+02   1.59212417e-04
   3.45124323e+02  -1.57456336e-04
   3.45124812e+02  -4.71304433e-04
   3.45125300e+02  -6.09949464e-04
   3.45125788e+02  -4.67838574e-04
   3.45126277e+02  -3.19798564e-04
   3.45126765e+02  -4.36651520e-04
   3.45127253e+02  -3.25855450e-04
   3.45127741e+02   6.10293282e-05
   3.45128230e+02   5.74927581e-05
   3.45128718e+02  -4.61616146e-04
   3.45129206e+02  -6.63157844e-04
   3.45129695e+02  -5.41831192e-04
   3.45130183e+02  -6.80192839e-04
   3.45130671e+02  -3.90744710e-04
   3.45131160e+02   4.63226956e-04
   3.45131648e+02   8.41816189e-04
   3.45132136e+02   3.73695162e-04
   3.45132625e+02  -1.87692232e-04
   3.45133113e+02  -3.16746329e-04
   3.45133601e+02  -3.32145341e-04
   3.45134089e+02  -3.37690697e-04
   3.45134578e+02  -2.38694396e-04
   3.45135066e+02  -3.22534295e-04
   3.45135554e+02  -2.39039742e-04
   3.45136043e+02  -5.71108794e-05
   3.45136531e+02  -9.29078960e-05
   3.45137019e+02   1.60112220e-04
   3.45137508e+02   3.38945654e-04
   3.45137996e+02  -3.35889781e-05
   3.45138484e+02  -1.41489407e-04
   3.45138973e+02   1.89390761e-04
   3.45139461e+02   2.01999210e-04
   3.45139949e+02  -2.65709059e-05
   3.45140437e+02  -1.26907558e-04
   3.45140926e+02  -2.04805634e-04
   3.45141414e+02  -2.33501676e-04
   3.45141902e+02  -2.50728132e-04
   3.45142391e+02  -4.08436754e-04
   3.45142879e+02  -3.32903466e-04
   3.45143367e+02  -2.87410832e-04
   3.45143856e+02  -3.73700517e-04
   3.45144344e+02  -1.05113410e-04
   3.45144832e+02   4.24464146e-04
   3.45145321e+02   5.65259426e-04
   3.45145809e+02   1.52124456e-04
   3.45146297e+02  -1.76831207e-04
   3.45146785e+02  -3.45549633e-04
   3.45147274e+02  -4.68801183e-04
   3.45147762e+02  -7.23292120e-04
   3.45148250e+02  -6.63863844e-04
   3.45148739e+02   8.24356903e-05
   3.45149227e+02   5.83379238e-04
   3.45149715e+02   7.35287904e-04
   3.45150204e+02   6.27044472e-04
   3.45150692e+02   3.25278506e-06
   3.45151180e+02  -4.72555810e-04
   3.45151669e+02  -1.29019449e-04
   3.45152157e+02   2.24006260e-04
   3.45152645e+02  -7.49503015e-05
   3.45153133e+02  -2.07563629e-04
   3.45153622e+02   4.90373568e-05
   3.45154110e+02  -6.59976740e-06
   3.45154598e+02  -2.34811028e-04
   3.45155087e+02  -3.12197080e-04
   3.45155575e+02  -2.18274872e-04
   3.45156063e+02   1.09816625e-04
   3.45156552e+02   2.98462110e-04
   3.45157040e+02   2.86232273e-04
   3.45157528e+02   2.10438768e-04
   3.45158017e+02   1.19062106e-05
   3.45158505e+02  -2.51923862e-04
   3.45158993e+02  -3.18379258e-04
   3.45159481e+02  -8.06834869e-05
   3.45159970e+02   2.80588516e-04
   3.45160458e+02   5.18001616e-04
   3.45160946e+02   2.05467179e-04
   3.45161435e+02  -1.76458168e-04
   3.45161923e+02   1.71808249e-04
   3.45162411e+02   2.85689865e-04
   3.45162900e+02  -2.40556372e-04
   3.45163388e+02  -5.50700643e-04
   3.45163876e+02  -3.23020126e-04
   3.45164365e+02   1.50872984e-05
   3.45164853e+02   1.38117597e-04
   3.45165341e+02   2.76024221e-04
   3.45165830e+02   1.37306561e-04
   3.45166318e+02   1.93157193e-05
   3.45166806e+02   3.77035962e-04
   3.45167294e+02   3.23271146e-04
   3.45167783e+02  -1.08745429e-04
   3.45168271e+02  -6.70913068e-05
   3.45168759e+02   7.00344099e-05
   3.45169248e+02   4.28933163e-05
   3.45169736e+02  -2.02258457e-06
   3.45170224e+02  -2.53417995e-04
   3.45170713e+02  -4.20379365e-04
   3.45171201e+02  -2.83342961e-04
   3.45171689e+02  -2.50224286e-04
   3.45172178e+02  -3.54751945e-04
   3.45172666e+02  -9.13683180e-05
   3.45173154e+02   4.25807491e-04
   3.45173642e+02   5.35846630e-04
   3.45174131e+02   1.68508908e-04
   3.45174619e+02  -1.89432118e-04
   3.45175107e+02  -1.75755573e-04
   3.45175596e+02  -5.92055512e-05
   3.45176084e+02  -1.18504264e-04
   3.45176572e+02  -2.18488043e-04
   3.45177061e+02  -1.23940146e-04
   3.45177549e+02   2.54430284e-04
   3.45178037e+02   5.60783898e-04
   3.45178526e+02   4.51869622e-04
   3.45179014e+02   2.02625059e-04
   3.45179502e+02   7.13426271e-05
   3.45179990e+02  -6.98059239e-06
   3.45180479e+02  -8.81718643e-06
   3.45180967e+02   9.46515356e-05
   3.45181455e+02  -1.95791901e-04
   3.45181944e+02  -2.36688837e-04
   3.45182432e+02  -6.36479235e-05
   3.45182920e+02   8.24669914e-05
   3.45183409e+02   1.98521884e-04
   3.45183897e+02   2.56084604e-04
   3.45184385e+02   2.83245841e-04
   3.45184874e+02   1.57139308e-04
   3.45185362e+02  -1.55998074e-04
   3.45185850e+02  -6.63151557e-04
   3.45186338e+02  -9.95261013e-04
   3.45186827e+02  -8.78061168e-04
   3.45187315e+02  -4.73662920e-04
   3.45187803e+02   4.65969497e-05
   3.45188292e+02   1.97546469e-04
   3.45188780e+02  -7.21209581e-05
   3.45189268e+02  -3.45108012e-04
   3.45189757e+02  -3.73486662e-04
   3.45190245e+02  -1.24278842e-04
   3.45190733e+02  -1.42908655e-04
   3.45191222e+02  -4.33532405e-04
   3.45191710e+02  -6.15784884e-05
   3.45192198e+02   1.58000243e-04
   3.45192686e+02  -5.24978852e-04
   3.45193175e+02  -8.42095062e-04
   3.45193663e+02  -3.51159804e-04
   3.45194151e+02   2.57969543e-04
   3.45194640e+02   4.75712965e-04
   3.45195128e+02   2.64786824e-04
   3.45195616e+02   6.71519374e-05
   3.45196105e+02  -7.92074279e-05
   3.45196593e+02  -1.46825638e-04
   3.45197081e+02   1.17599069e-04
   3.45197570e+02   1.94368331e-04
   3.45198058e+02  -1.66865182e-04
   3.45198546e+02  -5.66344650e-04
   3.45199034e+02  -7.42408563e-04
   3.45199523e+02  -5.07723948e-04
   3.45200011e+02  -1.34777016e-04
   3.45200499e+02  -2.11609034e-07
   3.45200988e+02   1.05945119e-05
   3.45201476e+02   1.96927605e-04
   3.45201964e+02   4.04328719e-04
   3.45202453e+02   4.73059743e-04
   3.45202941e+02   2.83207453e-04
   3.45203429e+02  -7.75849403e-05
   3.45203918e+02  -1.47916624e-04
   3.45204406e+02   1.66489233e-04
   3.45204894e+02   4.81941446e-04
   3.45205383e+02   4.56080859e-04
   3.45205871e+02   1.99721500e-04
   3.45206359e+02   9.28552072e-06
   3.45206847e+02  -1.19941942e-04
   3.45207336e+02  -2.38993907e-05
   3.45207824e+02   1.37637078e-04
   3.45208312e+02   3.92426700e-05
   3.45208801e+02  -1.12194153e-04
   3.45209289e+02  -1.03418213e-04
   3.45209777e+02   1.88186314e-05
   3.45210266e+02  -1.68715473e-04
   3.45210754e+02  -4.54553112e-04
   3.45211242e+02  -1.60927579e-04
   3.45211731e+02   4.42574063e-04
   3.45212219e+02   5.42442256e-04
   3.45212707e+02   1.98684691e-04
   3.45213195e+02  -2.05160337e-04
   3.45213684e+02  -4.33601148e-04
   3.45214172e+02  -6.38456258e-04
   3.45214660e+02  -7.53371103e-04
   3.45215149e+02  -3.80829122e-04
   3.45215637e+02   1.40360571e-04
   3.45216125e+02  -4.80424897e-05
   3.45216614e+02  -4.54635621e-04
   3.45217102e+02  -1.32285233e-04
   3.45217590e+02   2.02123949e-04
   3.45218079e+02  -6.83368926e-05
   3.45218567e+02   9.44507119e-05
   3.45219055e+02   4.05296159e-04
   3.45219543e+02   1.73590306e-04
   3.45220032e+02  -1.35932045e-04
   3.45220520e+02  -2.55355029e-04
   3.45221008e+02  -6.16244797e-05
   3.45221497e+02   2.32559032e-04
   3.45221985e+02   2.58023414e-04
   3.45222473e+02   1.18912707e-04
   3.45222962e+02  -1.05486852e-05
   3.45223450e+02  -1.70379702e-04
   3.45223938e+02  -3.47900961e-04
   3.45224427e+02  -3.49894777e-04
   3.45224915e+02  -7.42983393e-05
   3.45225403e+02   2.59914959e-04
   3.45225891e+02   3.03198816e-04
   3.45226380e+02   2.10397513e-04
   3.45226868e+02   1.33886992e-04
   3.45227356e+02   3.86467545e-05
   3.45227845e+02  -4.38542611e-06
   3.45228333e+02   2.12147803e-04
   3.45228821e+02   4.35335358e-04
   3.45229310e+02   8.24498493e-05
   3.45229798e+02  -5.87063492e-04
   3.45230286e+02  -7.11011700e-04
   3.45230775e+02  -2.16546556e-04
   3.45231263e+02   1.12970803e-04
   3.45231751e+02  -1.39985917e-04
   3.45232239e+02  -4.43443598e-04
   3.45232728e+02  -3.81406891e-04
   3.45233216e+02  -1.44757811e-04
   3.45233704e+02  -1.09994602e-04
   3.45234193e+02  -2.67598167e-04
   3.45234681e+02  -2.81120447e-04
   3.45235169e+02  -1.86550344e-04
   3.45235658e+02   1.13654409e-04
   3.45236146e+02   6.01573847e-04
   3.45236634e+02   8.38727225e-04
   3.45237123e+02   6.56551390e-04
   3.45237611e+02   2.26060889e-04
   3.45238099e+02  -1.79971175e-04
   3.45238587e+02  -3.85723833e-04
   3.45239076e+02  -5.40916575e-04
   3.45239564e+02  -6.21595071e-04
   3.45240052e+02  -8.68174306e-04
   3.45240541e+02  -1.35196373e-03
   3.45241029e+02  -1.38630287e-03
   3.45241517e+02  -8.48200114e-04
   3.45242006e+02  -8.87567148e-05
   3.45242494e+02   5.30169404e-04
   3.45242982e+02   5.20775793e-04
   3.45243471e+02   2.19668233e-04
   3.45243959e+02   1.39998752e-04
   3.45244447e+02  -2.86847012e-06
   3.45244936e+02  -4.99880465e-04
   3.45245424e+02  -6.96649193e-04
   3.45245912e+02  -3.63629049e-04
   3.45246400e+02   1.24998842e-04
   3.45246889e+02   4.93119645e-04
   3.45247377e+02   6.13680924e-04
   3.45247865e+02   4.37917159e-04
   3.45248354e+02   6.11416108e-05
   3.45248842e+02  -1.50045380e-04
   3.45249330e+02  -1.16919080e-04
   3.45249819e+02  -9.22467661e-05
   3.45250307e+02   3.61887010e-06
   3.45250795e+02   2.35421132e-04
   3.45251284e+02   3.87565407e-04
   3.45251772e+02   1.23898266e-04
   3.45252260e+02   1.06312022e-04
   3.45252748e+02   4.92829422e-04
   3.45253237e+02   5.66469389e-04
   3.45253725e+02   4.87398327e-04
   3.45254213e+02   3.21030268e-04
   3.45254702e+02  -2.99168678e-05
   3.45255190e+02  -1.46203631e-04
   3.45255678e+02  -1.08647968e-04
   3.45256167e+02  -4.18838346e-04
   3.45256655e+02  -4.08671651e-04
   3.45257143e+02   7.44561403e-05
   3.45257632e+02   3.41708888e-04
   3.45258120e+02   2.93492951e-04
   3.45258608e+02   2.00164111e-04
   3.45259096e+02   1.36442541e-04
   3.45259585e+02   4.16371513e-05
   3.45260073e+02  -1.41442681e-04
   3.45260561e+02  -1.69037681e-04
   3.45261050e+02   1.50020016e-04
   3.45261538e+02   4.86688339e-04
   3.45262026e+02   3.87829874e-04
   3.45262515e+02   1.53839082e-05
   3.45263003e+02  -2.25891607e-04
   3.45263491e+02  -5.18461165e-04
   3.45263980e+02  -5.00793569e-04
   3.45264468e+02  -2.23614130e-04
   3.45264956e+02  -4.09587723e-04
   3.45265444e+02  -5.51823527e-04
   3.45265933e+02  -1.98182039e-04
   3.45266421e+02   9.03070395e-05
   3.45266909e+02  -1.12965936e-04
   3.45267398e+02  -2.76905979e-04
   3.45267886e+02   8.51626901e-05
   3.45268374e+02   9.32061012e-05
   3.45268863e+02  -1.64364363e-04
   3.45269351e+02  -3.18177335e-04
   3.45269839e+02  -6.32227864e-04
   3.45270328e+02  -7.57071306e-04
   3.45270816e+02  -3.85118910e-04
   3.45271304e+02   2.15873923e-04
   3.45271792e+02   3.50275397e-04
   3.45272281e+02   3.42086496e-05
   3.45272769e+02   9.96585222e-05
   3.45273257e+02   4.15916962e-04
   3.45273746e+02   2.01747098e-04
   3.45274234e+02  -1.77974303e-04
   3.45274722e+02  -1.56220758e-05
   3.45275211e+02   4.50629421e-04
   3.45275699e+02   6.09840441e-04
   3.45276187e+02   6.88316999e-04
   3.45276676e+02   9.02574568e-04
   3.45277164e+02   8.16401385e-04
   3.45277652e+02   3.32501484e-04
   3.45278140e+02  -1.03400722e-04
   3.45278629e+02  -1.29989858e-04
   3.45279117e+02  -7.22809136e-06
   3.45279605e+02   1.93710439e-05
   3.45280094e+02   4.60035866e-04
   3.45280582e+02   8.27923068e-04
   3.45281070e+02   5.33065409e-04
   3.45281559e+02   8.01342831e-05
   3.45282047e+02  -1.67571532e-04
   3.45282535e+02  -1.20280762e-04
   3.45283024e+02  -4.01924044e-05
   3.45283512e+02   8.44104870e-05
   3.45284000e+02   9.28619702e-05
   3.45284489e+02  -1.39734286e-04
   3.45284977e+02   4.39022806e-05
   3.45285465e+02   2.33146886e-04
   3.45285953e+02  -3.31849151e-04
   3.45286442e+02  -6.36081793e-04
   3.45286930e+02  -1.63009288e-04
   3.45287418e+02  -5.31831683e-05
   3.45287907e+02  -1.99956761e-04
   3.45288395e+02   2.29358884e-05
   3.45288883e+02   4.82356380e-04
   3.45289372e+02   7.63662974e-04
   3.45289860e+02   7.22450728e-04
   3.45290348e+02   4.38961899e-04
   3.45290837e+02   1.88837017e-04
   3.45291325e+02   3.08999734e-04
   3.45291813e+02   4.08528344e-04
   3.45292301e+02   3.20274994e-04
   3.45292790e+02   1.73501016e-04
   3.45293278e+02  -2.00600771e-04
   3.45293766e+02  -2.60615750e-04
   3.45294255e+02  -7.42879420e-05
   3.45294743e+02  -1.15528579e-04
   3.45295231e+02  -9.98802279e-05
   3.45295720e+02   2.67252879e-04
   3.45296208e+02   5.58726722e-04
   3.45296696e+02   2.67992524e-04
   3.45297185e+02  -1.48102590e-05
   3.45297673e+02   1.23932521e-04
   3.45298161e+02  -3.50945658e-04
   3.45298649e+02  -7.97440473e-04
   3.45299138e+02  -7.54050328e-04
   3.45299626e+02  -6.09096140e-04
   3.45300114e+02  -3.01195367e-04
   3.45300603e+02  -5.97665385e-05
   3.45301091e+02  -3.64611740e-04
   3.45301579e+02  -6.50388945e-04
   3.45302068e+02  -3.92980612e-04
   3.45302556e+02   1.78188347e-04
   3.45303044e+02   4.72092914e-04
   3.45303533e+02   2.28537741e-04
   3.45304021e+02  -1.56995913e-04
   3.45304509e+02  -4.44341917e-04
   3.45304997e+02  -3.34625132e-04
   3.45305486e+02  -2.09435064e-04
   3.45305974e+02  -2.74020014e-04
   3.45306462e+02  -1.08070250e-04
   3.45306951e+02   6.97158757e-05
   3.45307439e+02   1.98815178e-04
   3.45307927e+02   1.60280848e-04
   3.45308416e+02  -2.10490995e-04
   3.45308904e+02  -3.65862448e-04
   3.45309392e+02   1.39348704e-04
   3.45309881e+02   6.64476480e-04
   3.45310369e+02   2.68656528e-04
   3.45310857e+02  -2.04864220e-04
   3.45311345e+02   1.10617606e-04
   3.45311834e+02   4.69290913e-04
   3.45312322e+02   4.02518985e-04
   3.45312810e+02   9.64397404e-05
   3.45313299e+02  -1.80458374e-04
   3.45313787e+02  -3.58345482e-04
   3.45314275e+02  -4.70845145e-04
   3.45314764e+02  -2.86332157e-04
   3.45315252e+02   7.86745295e-05
   3.45315740e+02   9.39976599e-06
   3.45316229e+02  -3.68574576e-04
   3.45316717e+02  -5.10464655e-04
   3.45317205e+02  -3.82061873e-04
   3.45317693e+02  -6.71184607e-05
   3.45318182e+02   3.04527290e-04
   3.45318670e+02   5.36608975e-04
   3.45319158e+02   3.73383722e-04
   3.45319647e+02   2.28801473e-05
   3.45320135e+02  -1.40636490e-04
   3.45320623e+02  -2.65218725e-04
   3.45321112e+02  -1.45165584e-04
   3.45321600e+02  -2.98939922e-05
   3.45322088e+02  -2.58442858e-04
   3.45322577e+02  -1.49407264e-04
   3.45323065e+02  -5.83138572e-05
   3.45323553e+02  -6.98288612e-04
   3.45324042e+02  -1.03480346e-03
   3.45324530e+02  -5.25361043e-04
   3.45325018e+02  -3.39519511e-06
   3.45325506e+02   1.20566699e-04
   3.45325995e+02   1.33412672e-04
   3.45326483e+02   2.95733596e-04
   3.45326971e+02   1.15828036e-04
   3.45327460e+02  -2.05088189e-04
   3.45327948e+02  -8.43246162e-05
   3.45328436e+02   6.36565164e-05
   3.45328925e+02   2.51245037e-05
   3.45329413e+02  -1.29221604e-04
   3.45329901e+02  -1.72610075e-04
   3.45330390e+02   2.07015575e-04
   3.45330878e+02   5.45786170e-04
   3.45331366e+02   4.29252221e-04
   3.45331854e+02   9.12709074e-05
   3.45332343e+02  -1.36110597e-04
   3.45332831e+02  -3.65631640e-05
   3.45333319e+02   2.79081869e-04
   3.45333808e+02   8.12915678e-05
   3.45334296e+02  -6.16312027e-05
   3.45334784e+02   3.83972598e-04
   3.45335273e+02   3.38619720e-04
   3.45335761e+02  -1.93990156e-04
   3.45336249e+02  -3.83627368e-04
   3.45336738e+02  -2.28007135e-04
   3.45337226e+02   6.30870127e-05
   3.45337714e+02   2.16024986e-04
   3.45338202e+02   1.53789108e-04
   3.45338691e+02   1.29090167e-05
   3.45339179e+02  -6.26154942e-05
   3.45339667e+02  -2.93887861e-04
   3.45340156e+02  -5.64776477e-04
   3.45340644e+02  -3.13435914e-04
   3.45341132e+02  -5.07068071e-05
   3.45341621e+02  -3.01728069e-05
   3.45342109e+02   5.80737396e-05
   3.45342597e+02   6.02610125e-05
   3.45343086e+02  -2.00906769e-07
   3.45343574e+02   1.18369562e-05
   3.45344062e+02   2.48593224e-05
   3.45344550e+02   8.95053017e-05
   3.45345039e+02   3.49698763e-04
   3.45345527e+02   4.41721786e-04
   3.45346015e+02   8.64969115e-05
   3.45346504e+02  -1.15962117e-04
   3.45346992e+02  -1.79080307e-04
   3.45347480e+02  -4.01466212e-04
   3.45347969e+02  -3.29531875e-04
   3.45348457e+02  -1.19920674e-04
   3.45348945e+02  -7.99069458e-05
   3.45349434e+02   1.14514994e-04
   3.45349922e+02   4.14261449e-04
   3.45350410e+02   3.46522866e-04
   3.45350898e+02  -4.64453205e-06
   3.45351387e+02  -1.87599930e-04
   3.45351875e+02  -2.02082054e-04
   3.45352363e+02  -4.40754638e-06
   3.45352852e+02   1.23186110e-04
   3.45353340e+02  -2.23606374e-04
   3.45353828e+02  -4.68119455e-04
   3.45354317e+02  -1.85822239e-04
   3.45354805e+02   7.01537647e-05
   3.45355293e+02   1.66551661e-04
   3.45355782e+02   4.82900912e-04
   3.45356270e+02   4.32704313e-04
   3.45356758e+02   3.34641809e-04
   3.45357246e+02   5.07540390e-05
   3.45357735e+02  -6.62792154e-05
   3.45358223e+02   1.27668900e-04
   3.45358711e+02   1.47443090e-04
   3.45359200e+02   9.76682059e-05
   3.45359688e+02   6.52830277e-05
   3.45360176e+02  -5.61013803e-05
   3.45360665e+02   7.90568956e-05
   3.45361153e+02   5.11549180e-04
   3.45361641e+02   4.79453476e-04
   3.45362130e+02   4.75918350e-05
   3.45362618e+02  -2.62416172e-04
   3.45363106e+02  -1.95006738e-04
   3.45363595e+02   1.86753314e-04
   3.45364083e+02   3.37205944e-04
   3.45364571e+02   1.53833593e-04
   3.45365059e+02  -8.19614361e-05
   3.45365548e+02  -2.33992600e-04
   3.45366036e+02  -7.88914476e-05
   3.45366524e+02   3.40576617e-06
   3.45367013e+02   6.68401626e-05
   3.45367501e+02   1.47103929e-04
   3.45367989e+02   9.37663863e-05
   3.45368478e+02  -5.95761994e-05
   3.45368966e+02  -1.34503192e-04
   3.45369454e+02   2.32983875e-05
   3.45369943e+02   8.90844240e-05
   3.45370431e+02   2.72038997e-05
   3.45370919e+02  -1.92021937e-04
   3.45371407e+02  -5.66841860e-04
   3.45371896e+02  -8.19997047e-04
   3.45372384e+02  -5.68582327e-04
   3.45372872e+02   1.39585463e-04
   3.45373361e+02   4.73209308e-04
   3.45373849e+02   2.23587325e-04
   3.45374337e+02  -1.51419532e-04
   3.45374826e+02  -2.24445525e-04
   3.45375314e+02   2.75483995e-04
   3.45375802e+02   4.82180767e-04
   3.45376291e+02  -1.55270915e-04
   3.45376779e+02  -5.64724789e-04
   3.45377267e+02  -3.83118895e-04
   3.45377755e+02  -1.54714508e-04
   3.45378244e+02   2.99068815e-05
   3.45378732e+02   5.48029748e-05
   3.45379220e+02  -5.73757607e-05
   3.45379709e+02  -1.17730713e-04
   3.45380197e+02   3.83722181e-05
   3.45380685e+02   1.67002290e-04
   3.45381174e+02  -2.82500318e-04
   3.45381662e+02  -7.60707422e-04
   3.45382150e+02  -6.68305671e-04
   3.45382639e+02  -3.10571661e-04
   3.45383127e+02  -1.92700943e-04
   3.45383615e+02  -2.26043951e-04
   3.45384103e+02  -5.21158618e-05
   3.45384592e+02   4.33589332e-04
   3.45385080e+02   8.15330714e-04
   3.45385568e+02   5.13896171e-04
   3.45386057e+02  -2.27643086e-05
   3.45386545e+02  -2.46142619e-04
   3.45387033e+02  -5.27346507e-04
   3.45387522e+02  -4.87151410e-04
   3.45388010e+02   6.14102419e-06
   3.45388498e+02   2.76224862e-04
   3.45388987e+02   2.49495497e-04
   3.45389475e+02   2.02983472e-04
   3.45389963e+02   1.79505252e-04
   3.45390451e+02   2.86174734e-04
   3.45390940e+02   3.60475213e-04
   3.45391428e+02   3.64555075e-04
   3.45391916e+02   4.35944850e-04
   3.45392405e+02   4.04295308e-04
   3.45392893e+02   1.03645194e-04
   3.45393381e+02  -1.71008614e-05
   3.45393870e+02  -2.70116489e-05
   3.45394358e+02  -1.68658444e-04
   3.45394846e+02  -1.03642116e-04
   3.45395335e+02  -9.42937331e-05
   3.45395823e+02  -2.11527062e-04
   3.45396311e+02  -3.25919420e-04
   3.45396799e+02  -5.32769191e-04
   3.45397288e+02  -5.92298456e-04
   3.45397776e+02  -2.37332191e-04
   3.45398264e+02   2.10819024e-04
   3.45398753e+02   2.95220438e-04
   3.45399241e+02   6.69984947e-05
   3.45399729e+02  -9.16926583e-05
   3.45400218e+02   2.63208407e-04
   3.45400706e+02   5.23319701e-04
   3.45401194e+02   5.42976311e-04
   3.45401683e+02   6.04897330e-04
   3.45402171e+02   2.65910785e-04
   3.45402659e+02   1.06998094e-04
   3.45403147e+02   2.48085213e-04
   3.45403636e+02   2.85251037e-04
   3.45404124e+02   4.41774639e-04
   3.45404612e+02   4.66873375e-04
   3.45405101e+02   3.65719257e-04
   3.45405589e+02   5.22164220e-04
   3.45406077e+02   4.54694644e-04
   3.45406566e+02   7.35263893e-05
   3.45407054e+02  -2.63225025e-04
   3.45407542e+02  -5.25498821e-04
   3.45408031e+02  -5.55975887e-04
   3.45408519e+02  -2.73581372e-06
   3.45409007e+02   6.50700938e-04
   3.45409496e+02   6.61227095e-04
   3.45409984e+02   5.62396133e-04
   3.45410472e+02   5.41482004e-04
   3.45410960e+02   2.29076599e-04
   3.45411449e+02  -1.07269640e-04
   3.45411937e+02  -1.77172013e-04
   3.45412425e+02  -5.02797848e-05
   3.45412914e+02   8.85136178e-05
   3.45413402e+02   1.43327779e-04
   3.45413890e+02  -7.42790508e-05
   3.45414379e+02  -4.33276000e-04
   3.45414867e+02  -2.93398858e-04
   3.45415355e+02   1.50221182e-04
   3.45415844e+02   3.40339087e-04
   3.45416332e+02   3.42480671e-05
   3.45416820e+02  -1.23143793e-04
   3.45417308e+02  -5.01121467e-05
   3.45417797e+02  -1.31374763e-04
   3.45418285e+02  -2.50674377e-04
   3.45418773e+02  -2.17653855e-04
   3.45419262e+02  -1.61902484e-04
   3.45419750e+02  -1.37561481e-04
   3.45420238e+02  -1.66837199e-04
   3.45420727e+02  -2.64602480e-04
   3.45421215e+02  -3.29004222e-04
   3.45421703e+02  -4.19869612e-04
   3.45422192e+02  -4.15189948e-04
   3.45422680e+02  -9.18971855e-05
   3.45423168e+02   4.06638836e-04
   3.45423656e+02   5.24081988e-04
   3.45424145e+02   3.51115887e-04
   3.45424633e+02   3.84766201e-04
   3.45425121e+02   2.71547906e-04
   3.45425610e+02  -2.92109999e-05
   3.45426098e+02  -1.74778092e-04
   3.45426586e+02   7.41492522e-06
   3.45427075e+02   4.49356885e-04
   3.45427563e+02   6.78821874e-04
   3.45428051e+02   6.17223675e-04
   3.45428540e+02   5.14512707e-04
   3.45429028e+02   2.87308329e-04
   3.45429516e+02  -1.28606043e-04
   3.45430004e+02  -1.42458957e-04
   3.45430493e+02   2.20563321e-04
   3.45430981e+02   1.09459588e-05
   3.45431469e+02  -3.41858453e-04
   3.45431958e+02  -2.13974970e-04
   3.45432446e+02  -5.24639690e-05
   3.45432934e+02   3.33345160e-05
   3.45433423e+02  -3.23610839e-05
   3.45433911e+02  -2.29294790e-04
   3.45434399e+02  -2.61453242e-04
   3.45434888e+02  -5.31366459e-05
   3.45435376e+02   1.74339468e-04
   3.45435864e+02   1.81692827e-04
   3.45436352e+02  -5.07201548e-05
   3.45436841e+02  -1.68487517e-04
   3.45437329e+02  -2.70278135e-04
   3.45437817e+02  -6.34324446e-04
   3.45438306e+02  -8.47753836e-04
   3.45438794e+02  -6.55942422e-04
   3.45439282e+02  -4.17689909e-04
   3.45439771e+02  -4.01227298e-04
   3.45440259e+02  -4.63278004e-04
   3.45440747e+02  -2.75539613e-04
   3.45441236e+02  -3.80187012e-05
   3.45441724e+02   2.18479818e-05
   3.45442212e+02  -6.97005016e-05
   3.45442700e+02  -2.87780451e-04
   3.45443189e+02  -2.58642889e-04
   3.45443677e+02  -4.72499141e-06
   3.45444165e+02   8.27994008e-05
   3.45444654e+02   6.63720057e-05
   3.45445142e+02  -1.24879225e-04
   3.45445630e+02  -2.02516632e-04
   3.45446119e+02   1.23236096e-04
   3.45446607e+02   3.63171479e-04
   3.45447095e+02   3.11739306e-04
   3.45447584e+02   9.95636219e-06
   3.45448072e+02  -2.70187884e-04
   3.45448560e+02  -1.80337782e-04
   3.45449049e+02  -2.61248242e-05
   3.45449537e+02   1.09730689e-04
   3.45450025e+02   3.56234988e-04
   3.45450513e+02   2.15686188e-04
   3.45451002e+02  -9.06370697e-05
   3.45451490e+02   8.53380334e-05
   3.45451978e+02   3.77332530e-04
   3.45452467e+02   1.99271832e-04
   3.45452955e+02  -1.25439023e-04
   3.45453443e+02   1.73622011e-05
   3.45453932e+02   3.89119494e-04
   3.45454420e+02   3.91306588e-04
   3.45454908e+02   1.70690313e-04
   3.45455397e+02   3.89973255e-04
   3.45455885e+02   5.51543431e-04
   3.45456373e+02   2.26007760e-04
   3.45456861e+02   6.19308048e-05
   3.45457350e+02   3.03244800e-04
   3.45457838e+02   6.90375222e-04
   3.45458326e+02   9.86660481e-04
   3.45458815e+02   1.14414352e-03
   3.45459303e+02   8.45617382e-04
   3.45459791e+02   6.24801731e-04
   3.45460280e+02   7.72570260e-04
   3.45460768e+02   1.04218442e-03
   3.45461256e+02   6.96378353e-04
   3.45461745e+02  -4.29196836e-04
   3.45462233e+02  -8.73397395e-04
   3.45462721e+02  -3.54188145e-04
   3.45463209e+02   5.96409896e-04
   3.45463698e+02   2.49741203e-03
   3.45464186e+02   6.92353118e-03
   3.45464674e+02   9.45160072e-03
   3.45465163e+02   1.16543481e-02
   3.45465651e+02   1.92628503e-02
   3.45466139e+02   2.99364701e-02
   3.45466628e+02   3.90812382e-02
   3.45467116e+02   5.29080518e-02
   3.45467604e+02   6.29616901e-02
   3.45468093e+02   8.52624327e-02
   3.45468581e+02   8.47157091e-02
   3.45469069e+02   7.87136778e-02
   3.45469557e+02   7.25008547e-02
   3.45470046e+02   5.71177304e-02
   3.45470534e+02   3.93544137e-02
   3.45471022e+02   2.52500065e-02
   3.45471511e+02   1.71874054e-02
   3.45471999e+02   1.16702877e-02
   3.45472487e+02   9.71509237e-03
   3.45472976e+02   7.72363460e-03
   3.45473464e+02   3.27681773e-03
   3.45473952e+02   1.63023248e-02
   3.45474441e+02   1.23837106e-02
   3.45474929e+02   1.63948238e-02
   3.45475417e+02   6.87604211e-03
   3.45475905e+02   3.25130182e-03
   3.45476394e+02   2.73087621e-03
   3.45476882e+02   2.49223481e-03
   3.45477370e+02   1.64525176e-03
   3.45477859e+02   9.46793298e-04
   3.45478347e+02   1.03225256e-03
   3.45478835e+02   1.17524480e-03
   3.45479324e+02   7.18293129e-04
   3.45479812e+02   6.18623162e-04
   3.45480300e+02   8.96139478e-04
   3.45480789e+02   6.31253759e-04
   3.45481277e+02   2.52885628e-04
   3.45481765e+02   3.24755354e-04
   3.45482253e+02   2.42788956e-04
   3.45482742e+02   3.47082459e-05
   3.45483230e+02   7.78183676e-05
   3.45483718e+02   1.40522869e-04
   3.45484207e+02   1.79209892e-04
   3.45484695e+02  -9.80424520e-05
   3.45485183e+02  -6.58576668e-04
   3.45485672e+02  -8.72705597e-04
   3.45486160e+02  -6.25716813e-04
   3.45486648e+02  -1.10242850e-04
   3.45487137e+02   1.74986315e-04
   3.45487625e+02   4.19762306e-04
   3.45488113e+02   7.43551704e-04
   3.45488602e+02   8.79630039e-04
   3.45489090e+02   8.78748600e-04
   3.45489578e+02   5.80428401e-04
   3.45490066e+02   1.56378621e-04
   3.45490555e+02   1.28133601e-04
   3.45491043e+02   3.26278270e-04
   3.45491531e+02   1.76804358e-04
   3.45492020e+02   7.35664071e-05
   3.45492508e+02   2.99411593e-04
   3.45492996e+02   2.57485575e-04
   3.45493485e+02   1.40072341e-04
   3.45493973e+02   1.91522369e-04
   3.45494461e+02   3.39904036e-05
   3.45494950e+02  -3.15271580e-04
   3.45495438e+02  -4.35552589e-04
   3.45495926e+02  -8.27570966e-06
   3.45496414e+02   2.17236826e-04
   3.45496903e+02  -9.58043747e-05
   3.45497391e+02  -2.61981273e-04
   3.45497879e+02  -7.20752269e-06
   3.45498368e+02   3.45862878e-04
   3.45498856e+02   3.94042087e-04
   3.45499344e+02   1.80139177e-04
   3.45499833e+02   1.54080626e-04
   3.45500321e+02   1.70613057e-04
   3.45500809e+02  -5.91122007e-05
   3.45501298e+02  -3.90766480e-04
   3.45501786e+02  -2.49953096e-04
   3.45502274e+02   2.51541118e-04
   3.45502762e+02   3.25694244e-04
   3.45503251e+02   1.70892861e-04
   3.45503739e+02   2.12305618e-04
   3.45504227e+02   2.82956898e-04
   3.45504716e+02   2.80934939e-04
   3.45505204e+02   2.78406980e-04
   3.45505692e+02   2.29405356e-04
   3.45506181e+02   1.77428330e-04
   3.45506669e+02   1.03758517e-04
   3.45507157e+02  -7.05577040e-05
   3.45507646e+02  -1.35391208e-04
   3.45508134e+02  -1.09736902e-04
   3.45508622e+02  -1.84914941e-04
   3.45509110e+02  -2.46487471e-04
   3.45509599e+02  -3.02508211e-04
   3.45510087e+02  -2.13771331e-04
   3.45510575e+02  -6.82135505e-05
   3.45511064e+02  -2.56564497e-04
   3.45511552e+02  -4.98896756e-04
   3.45512040e+02  -2.25886368e-04
   3.45512529e+02   3.61611659e-04
   3.45513017e+02   8.31602141e-04
   3.45513505e+02   8.06168187e-04
   3.45513994e+02   4.51168336e-04
   3.45514482e+02   3.18620121e-04
   3.45514970e+02   2.58456770e-04
   3.45515458e+02   5.71700257e-05
   3.45515947e+02  -6.42483938e-05
   3.45516435e+02   9.30156675e-05
   3.45516923e+02   4.24724305e-04
   3.45517412e+02   2.33936124e-04
   3.45517900e+02  -2.95981939e-04
   3.45518388e+02  -1.93169224e-04
   3.45518877e+02   1.95009678e-04
   3.45519365e+02   4.37343726e-04
   3.45519853e+02   4.61473013e-04
   3.45520342e+02   3.26514622e-04
   3.45520830e+02   3.36618803e-04
   3.45521318e+02   1.77442140e-04
   3.45521806e+02  -8.35094324e-05
   3.45522295e+02   7.80011105e-05
   3.45522783e+02  -2.34869594e-06
   3.45523271e+02  -3.02668865e-04
   3.45523760e+02  -1.97103829e-04
   3.45524248e+02   3.94252893e-05
   3.45524736e+02   8.08841578e-05
   3.45525225e+02   7.12076944e-05
   3.45525713e+02   2.38947192e-04
   3.45526201e+02   2.06984041e-04
   3.45526690e+02   2.33774736e-05
   3.45527178e+02   1.13050148e-04
   3.45527666e+02   3.42605781e-04
   3.45528155e+02   5.36337611e-04
   3.45528643e+02   3.56033095e-04
   3.45529131e+02   8.39416243e-05
   3.45529619e+02   9.75843941e-05
   3.45530108e+02   4.84439952e-05
   3.45530596e+02   1.57733064e-06
   3.45531084e+02   7.40009127e-05
   3.45531573e+02  -1.08205983e-04
   3.45532061e+02  -1.54703041e-04
   3.45532549e+02  -5.39314206e-05
   3.45533038e+02  -5.83222936e-05
   3.45533526e+02  -1.87765050e-04
   3.45534014e+02  -3.25372384e-04
   3.45534503e+02  -4.82698117e-04
   3.45534991e+02  -4.00419085e-04
   3.45535479e+02  -1.05711028e-04
   3.45535967e+02  -1.07427222e-04
   3.45536456e+02  -3.18566366e-04
   3.45536944e+02  -2.68219039e-04
   3.45537432e+02  -4.30050277e-05
   3.45537921e+02   3.59150290e-05
   3.45538409e+02  -3.36469748e-05
   3.45538897e+02  -1.52092020e-04
   3.45539386e+02  -3.33384698e-04
   3.45539874e+02  -1.88445556e-04
   3.45540362e+02   1.20084900e-04
   3.45540851e+02   1.29380569e-04
   3.45541339e+02   1.09126777e-04
   3.45541827e+02   2.19963229e-04
   3.45542315e+02   2.50789686e-04
   3.45542804e+02   5.06415890e-05
   3.45543292e+02  -2.86327675e-04
   3.45543780e+02  -4.07113548e-04
   3.45544269e+02  -1.95477231e-04
   3.45544757e+02  -4.09089589e-05
   3.45545245e+02  -1.61067597e-04
   3.45545734e+02  -5.90316136e-04
   3.45546222e+02  -8.82280990e-04
   3.45546710e+02  -7.35307171e-04
   3.45547199e+02  -5.72271529e-04
   3.45547687e+02  -4.14093432e-04
   3.45548175e+02  -3.31731426e-05
   3.45548663e+02   3.38925660e-04
   3.45549152e+02   4.54741996e-04
   3.45549640e+02   3.70035152e-04
   3.45550128e+02   2.19699374e-04
   3.45550617e+02   2.42898197e-04
   3.45551105e+02   3.83110397e-04
   3.45551593e+02   2.44052906e-04
   3.45552082e+02   1.99789356e-04
   3.45552570e+02   1.66882804e-04
   3.45553058e+02   2.90718453e-05
   3.45553547e+02   2.20128859e-04
   3.45554035e+02   6.29916685e-05
   3.45554523e+02  -4.51423926e-04
   3.45555011e+02  -6.49206107e-04
   3.45555500e+02  -8.51187448e-04
   3.45555988e+02  -9.84694692e-04
   3.45556476e+02  -6.40752958e-04
   3.45556965e+02  -3.62118153e-04
   3.45557453e+02  -2.45890260e-04
   3.45557941e+02   3.95802863e-06
   3.45558430e+02   3.84967207e-05
   3.45558918e+02  -1.13933420e-04
   3.45559406e+02  -2.78476626e-04
   3.45559895e+02  -5.58117928e-04
   3.45560383e+02  -8.60636006e-04
   3.45560871e+02  -8.40665947e-04
   3.45561359e+02  -4.16771130e-04
   3.45561848e+02   6.96293937e-05
   3.45562336e+02   2.12176048e-04
   3.45562824e+02   5.20963731e-05
   3.45563313e+02  -1.71648746e-04
   3.45563801e+02  -3.65827618e-05
   3.45564289e+02   3.34761076e-04
   3.45564778e+02   3.12009564e-04
   3.45565266e+02   1.22808706e-04
   3.45565754e+02   2.06212426e-04
   3.45566243e+02   3.22697684e-04
   3.45566731e+02  -2.34878142e-04
   3.45567219e+02  -7.91549683e-04
   3.45567708e+02  -5.07397461e-04
   3.45568196e+02  -1.44214835e-04
   3.45568684e+02  -1.46831488e-04
   3.45569172e+02  -1.71948413e-04
   3.45569661e+02  -3.61721141e-05
   3.45570149e+02   1.63104305e-05
   3.45570637e+02   7.60688181e-06
   3.45571126e+02   4.62030839e-05
   3.45571614e+02   1.73118227e-04
   3.45572102e+02   3.60319915e-04
   3.45572591e+02   2.21214505e-04
   3.45573079e+02  -3.07908049e-04
   3.45573567e+02  -7.55056739e-04
   3.45574056e+02  -5.54644794e-04
   3.45574544e+02   7.83495634e-05
   3.45575032e+02   4.67377278e-04
   3.45575520e+02   4.24443657e-04
   3.45576009e+02   1.57709903e-04
   3.45576497e+02  -9.02026732e-05
   3.45576985e+02  -1.04423620e-04
   3.45577474e+02  -1.48460793e-04
   3.45577962e+02  -4.80472110e-04
   3.45578450e+02  -4.35160793e-04
   3.45578939e+02   1.06880929e-04
   3.45579427e+02   5.79929096e-04
   3.45579915e+02   8.18068860e-04
   3.45580404e+02   7.62190728e-04
   3.45580892e+02   6.28012232e-04
   3.45581380e+02   6.76274591e-04
   3.45581868e+02   4.32382250e-04
   3.45582357e+02  -2.00517861e-05
   3.45582845e+02  -1.51278640e-04
   3.45583333e+02  -2.59454653e-04
   3.45583822e+02  -2.74884020e-04
   3.45584310e+02   2.66988121e-04
   3.45584798e+02   7.44177669e-04
   3.45585287e+02   6.64265535e-04
   3.45585775e+02   2.79922562e-04
   3.45586263e+02   1.48056395e-04
   3.45586752e+02   2.86241877e-04
   3.45587240e+02   1.19032498e-04
   3.45587728e+02  -6.57090350e-05
   3.45588216e+02  -1.82148433e-04
   3.45588705e+02  -3.30771989e-04
   3.45589193e+02  -7.90995473e-05
   3.45589681e+02   1.02290738e-04
   3.45590170e+02  -1.07907610e-04
   3.45590658e+02   4.29478459e-05
   3.45591146e+02   3.40065017e-04
   3.45591635e+02   3.94111295e-04
   3.45592123e+02   2.21364622e-04
   3.45592611e+02   1.59150266e-04
   3.45593100e+02   1.07418658e-04
   3.45593588e+02  -1.05892750e-05
   3.45594076e+02  -8.90397350e-05
   3.45594564e+02   5.83832589e-05
   3.45595053e+02   4.74215165e-04
   3.45595541e+02   4.28383879e-04
   3.45596029e+02   1.30364942e-05
   3.45596518e+02   1.37421730e-05
   3.45597006e+02   1.63068311e-04
   3.45597494e+02  -7.15930728e-05
   3.45597983e+02  -5.57001214e-04
   3.45598471e+02  -7.82198331e-04
   3.45598959e+02  -4.01730736e-04
   3.45599448e+02   1.22967438e-04
   3.45599936e+02  -9.14502743e-05
   3.45600424e+02  -4.70803614e-04
   3.45600912e+02  -3.24424938e-04
   3.45601401e+02   1.15295683e-04
   3.45601889e+02   4.48331091e-04
   3.45602377e+02   6.22234773e-04
   3.45602866e+02   5.38350781e-04
   3.45603354e+02   1.49748361e-04
   3.45603842e+02  -4.99228554e-05
   3.45604331e+02   1.22653291e-04
   3.45604819e+02   1.02298538e-04
   3.45605307e+02  -2.01847812e-04
   3.45605796e+02  -3.76316661e-04
   3.45606284e+02  -5.78817388e-04
   3.45606772e+02  -5.12309489e-04
   3.45607261e+02   2.88299561e-05
   3.45607749e+02   4.48147359e-04
   3.45608237e+02   3.50742630e-04
   3.45608725e+02   2.84609181e-04
   3.45609214e+02   6.01059175e-04
   3.45609702e+02   5.39319881e-04
   3.45610190e+02   1.62547643e-04
   3.45610679e+02   1.25664781e-04
   3.45611167e+02   1.41295095e-04
   3.45611655e+02   5.61691159e-05
   3.45612144e+02   2.64537903e-05
   3.45612632e+02  -1.05112405e-04
   3.45613120e+02  -1.31885259e-04
   3.45613609e+02   1.37566007e-04
   3.45614097e+02   3.82911647e-04
   3.45614585e+02   2.54789164e-04
   3.45615073e+02   4.31896115e-06
   3.45615562e+02  -6.22051302e-05
   3.45616050e+02  -5.19370951e-05
   3.45616538e+02  -2.02987826e-06
   3.45617027e+02  -3.46820634e-05
   3.45617515e+02   6.21717918e-05
   3.45618003e+02   1.99434551e-04
   3.45618492e+02   2.52301584e-06
   3.45618980e+02  -2.79400938e-05
   3.45619468e+02  -8.23786249e-05
   3.45619957e+02  -1.91193321e-04
   3.45620445e+02   2.09298101e-04
   3.45620933e+02   6.04286266e-04
   3.45621421e+02   3.86337721e-04
   3.45621910e+02  -3.01562286e-05
   3.45622398e+02  -1.13817667e-04
   3.45622886e+02   5.53231439e-05
   3.45623375e+02   4.10159206e-04
   3.45623863e+02   8.67191236e-04
   3.45624351e+02   8.52795318e-04
   3.45624840e+02   3.65690066e-04
   3.45625328e+02  -1.23101374e-04
   3.45625816e+02  -2.61911016e-04
   3.45626305e+02  -3.05539907e-05
   3.45626793e+02   1.49780579e-04
   3.45627281e+02  -2.06887387e-04
   3.45627769e+02  -6.91155903e-04
   3.45628258e+02  -4.76823247e-04
   3.45628746e+02  -1.10683868e-04
   3.45629234e+02  -1.19316013e-04
   3.45629723e+02   7.85272714e-05
   3.45630211e+02   4.07356711e-04
   3.45630699e+02   4.11696092e-04
   3.45631188e+02   1.18884564e-04
   3.45631676e+02  -5.53175305e-05
   3.45632164e+02   9.14719130e-05
   3.45632653e+02   2.67368217e-04
   3.45633141e+02   2.44913390e-04
   3.45633629e+02   5.01251954e-04
   3.45634117e+02   8.23009585e-04
   3.45634606e+02   5.91852993e-04
   3.45635094e+02  -1.39260374e-06
   3.45635582e+02  -3.75724921e-04
   3.45636071e+02  -3.16800491e-04
   3.45636559e+02  -2.46509007e-04
   3.45637047e+02  -3.91319118e-05
   3.45637536e+02   2.28628618e-04
   3.45638024e+02   1.35447204e-04
   3.45638512e+02  -8.86421458e-06
   3.45639001e+02  -1.56540318e-05
   3.45639489e+02  -3.35157129e-05
   3.45639977e+02  -1.40027478e-05
   3.45640465e+02  -3.83957522e-05
   3.45640954e+02  -1.03954240e-04
   3.45641442e+02  -2.02108655e-04
   3.45641930e+02  -3.69392947e-04
   3.45642419e+02  -3.61096114e-04
   3.45642907e+02  -2.27677680e-04
   3.45643395e+02  -1.87061582e-04
   3.45643884e+02  -8.77180937e-05
   3.45644372e+02   9.45569700e-05
   3.45644860e+02   2.47116142e-04
   3.45645349e+02   2.08379803e-04
   3.45645837e+02  -3.90913519e-05
   3.45646325e+02  -1.82919903e-04
   3.45646814e+02  -1.90205785e-04
   3.45647302e+02  -2.88489478e-04
   3.45647790e+02  -3.59702448e-04
   3.45648278e+02  -3.84117593e-04
   3.45648767e+02  -1.16030598e-04
   3.45649255e+02   1.18021715e-04
   3.45649743e+02   3.97899537e-04
   3.45650232e+02   3.68577457e-04
   3.45650720e+02   3.68273701e-04
   3.45651208e+02   3.84581508e-04
   3.45651697e+02  -7.76547677e-06
   3.45652185e+02  -6.31632474e-06
   3.45652673e+02   1.53051180e-04
   3.45653162e+02  -1.22707541e-04
   3.45653650e+02  -1.61255419e-04
   3.45654138e+02  -1.06792686e-04
   3.45654626e+02  -1.48575753e-04
   3.45655115e+02   6.95150520e-05
   3.45655603e+02   4.19336675e-06
   3.45656091e+02  -3.41640844e-04
   3.45656580e+02  -2.96881743e-04
   3.45657068e+02   7.99318004e-05
   3.45657556e+02   4.27231222e-04
   3.45658045e+02   3.59700003e-04
   3.45658533e+02   2.65281356e-04
   3.45659021e+02   2.27122990e-04
   3.45659510e+02  -5.49815513e-06
   3.45659998e+02  -8.35582905e-05
   3.45660486e+02   1.14082672e-04
   3.45660974e+02   2.15360007e-04
   3.45661463e+02  -1.10003675e-05
   3.45661951e+02  -2.65916460e-04
   3.45662439e+02  -4.19411925e-04
   3.45662928e+02  -5.94448880e-04
   3.45663416e+02  -4.28818457e-04
   3.45663904e+02   1.05289240e-04
   3.45664393e+02   3.95251234e-04
   3.45664881e+02   2.67455529e-04
   3.45665369e+02   3.63651052e-05
   3.45665858e+02  -2.43843169e-04
   3.45666346e+02  -4.43670782e-04
   3.45666834e+02  -1.20471101e-04
   3.45667322e+02   4.30247717e-04
   3.45667811e+02   7.02956750e-04
   3.45668299e+02   5.49642195e-04
   3.45668787e+02   2.94516707e-04
   3.45669276e+02   6.06060021e-05
   3.45669764e+02  -3.24929337e-04
   3.45670252e+02  -4.51277941e-04
   3.45670741e+02  -1.34418460e-05
   3.45671229e+02   3.23738554e-04
   3.45671717e+02   9.36101060e-05
   3.45672206e+02  -3.22429783e-04
   3.45672694e+02  -4.77816095e-04
   3.45673182e+02   6.67012955e-06
   3.45673670e+02   5.63873211e-04
   3.45674159e+02   5.31569007e-04
   3.45674647e+02   1.83465772e-06
   3.45675135e+02  -5.41943999e-04
   3.45675624e+02  -5.72042423e-04
   3.45676112e+02  -2.41014874e-04
   3.45676600e+02   2.23951101e-05
   3.45677089e+02  -1.99769147e-06
   3.45677577e+02  -5.14955900e-04
   3.45678065e+02  -8.55032587e-04
   3.45678554e+02  -6.44778425e-04
   3.45679042e+02  -2.94181285e-04
   3.45679530e+02  -7.09572996e-05
   3.45680018e+02  -1.57947521e-04
   3.45680507e+02  -3.60746461e-04
   3.45680995e+02  -1.38732037e-04
   3.45681483e+02   2.11466293e-04
   3.45681972e+02  -4.18671079e-05
   3.45682460e+02  -2.74361082e-04
   3.45682948e+02   9.28885311e-06
   3.45683437e+02   1.38420888e-04
   3.45683925e+02   1.43660669e-04
   3.45684413e+02   1.58910640e-04
   3.45684902e+02  -1.53358182e-04
   3.45685390e+02  -6.04225032e-04
   3.45685878e+02  -6.39404636e-04
   3.45686367e+02  -3.10354750e-04
   3.45686855e+02   2.59202585e-04
   3.45687343e+02   5.83258574e-04
   3.45687831e+02   2.35025160e-04
   3.45688320e+02  -3.65498418e-04
   3.45688808e+02  -4.21552453e-04
   3.45689296e+02   1.67178121e-04
   3.45689785e+02   6.95860595e-04
   3.45690273e+02   5.97951759e-04
   3.45690761e+02   2.01459799e-04
   3.45691250e+02   1.11331450e-04
   3.45691738e+02   1.74875808e-04
   3.45692226e+02   5.27780248e-05
   3.45692715e+02  -1.25070816e-04
   3.45693203e+02  -3.30573675e-04
   3.45693691e+02  -2.06594967e-04
   3.45694179e+02   1.39320749e-04
   3.45694668e+02   1.23795398e-04
   3.45695156e+02  -2.43934235e-04
   3.45695644e+02  -5.81083645e-04
   3.45696133e+02  -4.43234108e-04
   3.45696621e+02  -1.31600493e-04
   3.45697109e+02   1.10054549e-04
   3.45697598e+02   4.11984365e-04
   3.45698086e+02   2.31582759e-04
   3.45698574e+02  -1.04857390e-04
   3.45699063e+02  -1.97976449e-04
   3.45699551e+02  -1.70964660e-04
   3.45700039e+02   1.30197577e-05
   3.45700527e+02  -1.69293678e-04
   3.45701016e+02  -5.31798170e-04
   3.45701504e+02  -3.80377285e-04
   3.45701992e+02  -2.37574219e-04
   3.45702481e+02  -4.96161287e-04
   3.45702969e+02  -5.34654246e-04
   3.45703457e+02  -2.96146609e-04
   3.45703946e+02  -9.55655414e-05
   3.45704434e+02   1.66564510e-04
   3.45704922e+02   2.01957591e-04
   3.45705411e+02   1.33708323e-04
   3.45705899e+02   4.67657490e-04
   3.45706387e+02   6.87419320e-04
   3.45706875e+02   4.59828589e-04
   3.45707364e+02   6.03088192e-05
   3.45707852e+02   2.13755211e-05
   3.45708340e+02   9.77933742e-05
   3.45708829e+02   8.60609580e-05
   3.45709317e+02  -2.41729085e-05
   3.45709805e+02  -7.45643483e-05
   3.45710294e+02  -2.08086611e-04
   3.45710782e+02  -2.48292577e-04
   3.45711270e+02  -5.11104627e-05
   3.45711759e+02  -3.52560455e-05
   3.45712247e+02  -1.54481924e-04
   3.45712735e+02   1.68508325e-06
   3.45713223e+02   3.59059050e-04
   3.45713712e+02   4.47065831e-04
   3.45714200e+02   2.44500581e-04
   3.45714688e+02   1.54624635e-04
   3.45715177e+02   1.94001477e-04
   3.45715665e+02   3.04400630e-04
   3.45716153e+02   5.10434504e-04
   3.45716642e+02   3.70822032e-04
   3.45717130e+02  -5.69231561e-05
   3.45717618e+02  -1.90629900e-04
   3.45718107e+02   1.16035786e-04
   3.45718595e+02   5.22395829e-04
   3.45719083e+02   7.32479151e-04
   3.45719571e+02   7.21662247e-04
   3.45720060e+02   6.07547641e-04
   3.45720548e+02   3.41312814e-04
   3.45721036e+02  -9.19552258e-05
   3.45721525e+02  -4.28821077e-04
   3.45722013e+02  -5.70456206e-04
   3.45722501e+02  -4.94836655e-04
   3.45722990e+02  -1.57191724e-04
   3.45723478e+02   8.40834400e-06
   3.45723966e+02  -1.34712463e-04
   3.45724455e+02   1.83745986e-04
   3.45724943e+02   5.59803797e-04
   3.45725431e+02   2.51652411e-04
   3.45725920e+02  -9.45299325e-05
   3.45726408e+02   2.82798774e-05
   3.45726896e+02   3.89366360e-05
   3.45727384e+02  -1.20181307e-04
   3.45727873e+02  -1.72604356e-04
   3.45728361e+02  -4.08445194e-04
   3.45728849e+02  -4.53369110e-04
   3.45729338e+02   6.45560067e-05
   3.45729826e+02   4.64190991e-04
   3.45730314e+02   3.66600056e-04
   3.45730803e+02   2.52097379e-04
   3.45731291e+02   3.68090667e-04
   3.45731779e+02   1.88580612e-04
   3.45732268e+02  -2.27812227e-04
   3.45732756e+02  -3.79652221e-04
   3.45733244e+02  -9.50365575e-05
   3.45733732e+02   1.66402853e-04
   3.45734221e+02   8.50640354e-05
   3.45734709e+02  -5.23043418e-05
   3.45735197e+02   1.23955033e-04
   3.45735686e+02   3.74720345e-04
   3.45736174e+02   2.92731624e-04
   3.45736662e+02  -1.27030944e-05
   3.45737151e+02  -2.85068789e-04
   3.45737639e+02  -2.94925558e-04
   3.45738127e+02  -2.78791791e-04
   3.45738616e+02  -2.91969336e-04
   3.45739104e+02   2.12497127e-07
   3.45739592e+02   2.94069207e-04
   3.45740080e+02   9.74190261e-05
   3.45740569e+02  -2.19027585e-04
   3.45741057e+02  -3.75304662e-04
   3.45741545e+02  -6.16859063e-04
   3.45742034e+02  -7.63061282e-04
   3.45742522e+02  -6.79615187e-04
   3.45743010e+02  -4.24126076e-04
   3.45743499e+02   5.21104485e-05
   3.45743987e+02   3.21858301e-04
   3.45744475e+02   1.25703111e-04
   3.45744964e+02   2.34114428e-04
   3.45745452e+02   4.60244803e-04
   3.45745940e+02  -1.00309684e-04
   3.45746428e+02  -7.02205230e-04
   3.45746917e+02  -7.32012093e-04
   3.45747405e+02  -5.78627747e-04
   3.45747893e+02  -3.71421076e-04
   3.45748382e+02  -1.62652199e-04
   3.45748870e+02   1.66467958e-04
   3.45749358e+02   5.44472947e-04
   3.45749847e+02   4.31708904e-04
   3.45750335e+02   1.02440041e-04
   3.45750823e+02   3.44531509e-05
   3.45751312e+02   3.63670661e-05
   3.45751800e+02   4.24693790e-05
   3.45752288e+02   4.47906859e-05
   3.45752776e+02  -1.25336606e-04
   3.45753265e+02  -2.97698338e-04
   3.45753753e+02  -3.46383255e-04
   3.45754241e+02  -2.45784147e-04
   3.45754730e+02   6.92965186e-05
   3.45755218e+02   3.41964769e-04
   3.45755706e+02   4.61535819e-04
   3.45756195e+02   6.50834292e-04
   3.45756683e+02   5.79122163e-04
   3.45757171e+02   3.18022539e-05
   3.45757660e+02  -4.03274345e-04
   3.45758148e+02  -3.95415351e-04
   3.45758636e+02  -2.02823881e-04
   3.45759124e+02  -3.20444145e-04
   3.45759613e+02  -4.47570579e-04
   3.45760101e+02  -1.61827964e-04
   3.45760589e+02   4.70246705e-05
   3.45761078e+02   2.42077789e-04
   3.45761566e+02   5.12886327e-04
   3.45762054e+02   4.42423247e-04
   3.45762543e+02   1.80238407e-04
   3.45763031e+02  -1.80244533e-05
   3.45763519e+02  -2.75495113e-04
   3.45764008e+02  -4.43706522e-04
   3.45764496e+02  -6.51320559e-04
   3.45764984e+02  -7.93413026e-04
   3.45765473e+02  -5.06579294e-04
   3.45765961e+02   1.89146056e-04
   3.45766449e+02   2.99599982e-04
   3.45766937e+02  -6.31591320e-05
   3.45767426e+02  -3.03871697e-04
   3.45767914e+02  -6.97005380e-05
   3.45768402e+02   2.31543709e-05
   3.45768891e+02  -9.08205475e-05
   3.45769379e+02   1.46434802e-04
   3.45769867e+02   1.69906532e-04
   3.45770356e+02  -1.67915539e-04
   3.45770844e+02  -2.38351626e-04
   3.45771332e+02  -2.08595666e-04
   3.45771821e+02  -2.63308611e-04
   3.45772309e+02   5.43338274e-06
   3.45772797e+02   5.13085106e-04
   3.45773285e+02   5.92113705e-04
   3.45773774e+02   1.93507542e-04
   3.45774262e+02  -1.66827100e-04
   3.45774750e+02  -3.41473729e-04
   3.45775239e+02  -4.47062688e-04
   3.45775727e+02  -2.98081577e-04
   3.45776215e+02   2.27498924e-04
   3.45776704e+02   5.87147020e-04
   3.45777192e+02   3.17191210e-04
   3.45777680e+02  -4.27192535e-05
   3.45778169e+02  -4.19806856e-05
   3.45778657e+02   8.93872275e-05
   3.45779145e+02  -1.36213976e-05
   3.45779633e+02  -3.41101462e-04
   3.45780122e+02  -4.48588660e-04
   3.45780610e+02  -1.77012102e-04
   3.45781098e+02   1.25472106e-05
   3.45781587e+02   1.48688254e-04
   3.45782075e+02   4.41562443e-04
   3.45782563e+02   6.49604539e-04
   3.45783052e+02   5.54311846e-04
   3.45783540e+02   2.51831836e-04
   3.45784028e+02  -5.56363448e-05
   3.45784517e+02  -1.58367155e-04
   3.45785005e+02  -6.60609221e-05
   3.45785493e+02  -1.38948917e-06
   3.45785981e+02  -2.14587621e-04
   3.45786470e+02  -4.22444078e-04
   3.45786958e+02  -1.22095706e-04
   3.45787446e+02   1.02485246e-04
   3.45787935e+02  -2.10933344e-04
   3.45788423e+02  -4.15651826e-04
   3.45788911e+02  -2.88150713e-05
   3.45789400e+02   3.90493457e-04
   3.45789888e+02   5.90949669e-04
   3.45790376e+02   4.87835932e-04
   3.45790865e+02   5.74961232e-05
   3.45791353e+02  -2.40881738e-04
   3.45791841e+02  -1.60711526e-04
   3.45792329e+02   2.32337523e-04
   3.45792818e+02   4.20645258e-04
   3.45793306e+02   1.80408795e-04
   3.45793794e+02  -5.82792600e-05
   3.45794283e+02  -9.74952563e-05
   3.45794771e+02   2.70830569e-05
   3.45795259e+02   1.63609715e-04
   3.45795748e+02   1.74492132e-04
   3.45796236e+02   1.89686587e-04
   3.45796724e+02   2.69768265e-04
   3.45797213e+02   1.42537203e-04
   3.45797701e+02   1.62546217e-04
   3.45798189e+02   5.18023327e-04
   3.45798677e+02   5.08282450e-04
   3.45799166e+02  -4.39602663e-05
   3.45799654e+02  -2.85879301e-04
   3.45800142e+02  -1.96796420e-04
   3.45800631e+02  -2.96965329e-04
   3.45801119e+02  -1.51341565e-05
   3.45801607e+02   5.68949501e-04
   3.45802096e+02   5.59338892e-04
   3.45802584e+02   1.75930618e-04
   3.45803072e+02  -1.23964928e-04
   3.45803561e+02  -3.68520094e-04
   3.45804049e+02  -4.09342407e-04
   3.45804537e+02  -4.44582198e-04
   3.45805026e+02  -5.39851491e-04
   3.45805514e+02  -4.56041802e-04
   3.45806002e+02  -1.38081348e-04
   3.45806490e+02  -1.41093433e-05
   3.45806979e+02  -1.86973717e-04
   3.45807467e+02  -4.71531785e-05
   3.45807955e+02   2.27942510e-04
   3.45808444e+02   2.21772396e-04
   3.45808932e+02   1.76758098e-04
   3.45809420e+02   5.59103100e-05
   3.45809909e+02  -2.37419110e-04
   3.45810397e+02  -5.39808942e-04
   3.45810885e+02  -5.57495165e-04
   3.45811374e+02  -2.49553763e-04
   3.45811862e+02   2.05086471e-05
   3.45812350e+02   1.09920788e-04
   3.45812838e+02   6.82199825e-05
   3.45813327e+02  -1.86329926e-05
   3.45813815e+02  -1.49465995e-04
   3.45814303e+02  -3.42573767e-05
   3.45814792e+02   2.23396099e-04
   3.45815280e+02   2.33358558e-04
   3.45815768e+02   1.20286270e-04
   3.45816257e+02  -1.10607682e-04
   3.45816745e+02  -3.07123846e-04
   3.45817233e+02  -2.87980714e-04
   3.45817722e+02  -5.33333223e-05
   3.45818210e+02   5.04066957e-05
   3.45818698e+02  -5.30177531e-05
   3.45819186e+02  -1.80700110e-04
   3.45819675e+02  -3.51307390e-04
   3.45820163e+02  -2.93120189e-04
   3.45820651e+02  -1.63023098e-04
   3.45821140e+02  -1.95164335e-04
   3.45821628e+02   1.60867385e-05
   3.45822116e+02   2.73544632e-04
   3.45822605e+02   2.79861306e-05
