frequency (GHz), flux (Jy/beam)
   3.43899310e+02  -9.95318755e-04
   3.43899798e+02  -3.51788476e-03
   3.43900286e+02  -1.41063670e-03
   3.43900774e+02   1.38079689e-03
   3.43901263e+02   6.09972281e-04
   3.43901751e+02  -2.30019400e-03
   3.43902239e+02  -3.45205585e-03
   3.43902728e+02  -2.52808002e-03
   3.43903216e+02  -4.32609377e-04
   3.43903704e+02   1.74651807e-03
   3.43904193e+02   9.80459852e-04
   3.43904681e+02  -1.91349431e-03
   3.43905169e+02  -2.00370303e-03
   3.43905658e+02   3.01735097e-04
   3.43906146e+02   1.49977708e-03
   3.43906634e+02   1.28080265e-03
   3.43907122e+02   1.32348610e-03
   3.43907611e+02   1.36389944e-03
   3.43908099e+02  -2.14259853e-05
   3.43908587e+02  -7.09210872e-04
   3.43909076e+02   1.47169048e-03
   3.43909564e+02   2.33542942e-03
   3.43910052e+02   6.03529334e-04
   3.43910541e+02   1.18565361e-03
   3.43911029e+02   3.33240675e-03
   3.43911517e+02   4.34844196e-03
   3.43912006e+02   2.09965208e-03
   3.43912494e+02  -1.91867654e-03
   3.43912982e+02  -2.56317551e-03
   3.43913470e+02  -1.87551230e-03
   3.43913959e+02  -1.84280123e-03
   3.43914447e+02  -8.72833771e-05
   3.43914935e+02   2.40339967e-03
   3.43915424e+02   2.54651951e-03
   3.43915912e+02  -1.60457144e-04
   3.43916400e+02  -1.98378693e-03
   3.43916889e+02  -1.38465618e-03
   3.43917377e+02  -9.71896050e-04
   3.43917865e+02  -1.61875854e-03
   3.43918354e+02  -2.03832774e-03
   3.43918842e+02  -1.11653085e-03
   3.43919330e+02   1.34408521e-03
   3.43919818e+02   3.07564996e-03
   3.43920307e+02   2.25216825e-03
   3.43920795e+02   6.56261283e-04
   3.43921283e+02   4.22433455e-04
   3.43921772e+02   1.56713140e-04
   3.43922260e+02  -1.39276288e-03
   3.43922748e+02  -8.61717039e-04
   3.43923237e+02   1.16958353e-03
   3.43923725e+02  -1.22427315e-04
   3.43924213e+02  -2.04232149e-03
   3.43924702e+02  -7.09408429e-04
   3.43925190e+02   9.14703123e-04
   3.43925678e+02   1.02116133e-03
   3.43926166e+02   1.54950819e-03
   3.43926655e+02   2.64757057e-03
   3.43927143e+02   3.52992909e-03
   3.43927631e+02   2.95834336e-03
   3.43928120e+02   4.99082904e-04
   3.43928608e+02  -7.21370743e-04
   3.43929096e+02   1.21300179e-03
   3.43929585e+02   3.26436572e-03
   3.43930073e+02   2.19722395e-03
   3.43930561e+02  -5.41081652e-04
   3.43931050e+02  -1.18874351e-03
   3.43931538e+02  -3.72905837e-04
   3.43932026e+02  -4.96126537e-04
   3.43932514e+02  -7.41533819e-04
   3.43933003e+02  -1.12635018e-04
   3.43933491e+02   3.50862421e-04
   3.43933979e+02  -9.43709048e-04
   3.43934468e+02  -2.39433348e-03
   3.43934956e+02  -8.75157421e-04
   3.43935444e+02   2.73033674e-03
   3.43935933e+02   4.12505539e-03
   3.43936421e+02   1.98916788e-03
   3.43936909e+02   2.81664368e-04
   3.43937398e+02   1.14206108e-03
   3.43937886e+02   1.68265298e-03
   3.43938374e+02   2.70470948e-04
   3.43938863e+02  -2.47636723e-04
   3.43939351e+02   8.74600431e-04
   3.43939839e+02   1.26291334e-03
   3.43940327e+02   3.97492782e-04
   3.43940816e+02  -1.91606043e-04
   3.43941304e+02   2.62641755e-04
   3.43941792e+02   8.66987335e-04
   3.43942281e+02   7.05725513e-04
   3.43942769e+02   2.30833961e-04
   3.43943257e+02  -6.19566272e-05
   3.43943746e+02  -4.99041809e-04
   3.43944234e+02  -6.67880173e-04
   3.43944722e+02  -1.86530542e-05
   3.43945211e+02  -7.76419911e-05
   3.43945699e+02  -1.84264453e-03
   3.43946187e+02  -2.84153293e-03
   3.43946675e+02  -2.33893679e-03
   3.43947164e+02  -1.89900817e-03
   3.43947652e+02  -1.48149277e-03
   3.43948140e+02  -1.15014159e-03
   3.43948629e+02  -1.60646136e-03
   3.43949117e+02  -1.71923765e-03
   3.43949605e+02  -6.76474941e-04
   3.43950094e+02   8.24761228e-04
   3.43950582e+02   1.61108293e-03
   3.43951070e+02   5.49911347e-04
   3.43951559e+02  -9.04174580e-04
   3.43952047e+02  -6.93166803e-04
   3.43952535e+02   3.11130629e-04
   3.43953023e+02   3.90218658e-04
   3.43953512e+02   2.78433654e-05
   3.43954000e+02   4.81890980e-04
   3.43954488e+02   6.91560679e-04
   3.43954977e+02   1.34960422e-03
   3.43955465e+02   2.44188705e-03
   3.43955953e+02   1.37558789e-03
   3.43956442e+02   1.62647484e-04
   3.43956930e+02  -2.91911652e-04
   3.43957418e+02  -7.44424295e-04
   3.43957907e+02  -1.56444951e-03
   3.43958395e+02  -1.42072944e-03
   3.43958883e+02   3.27420683e-04
   3.43959371e+02   1.03272416e-03
   3.43959860e+02   1.50498387e-03
   3.43960348e+02   2.83859600e-03
   3.43960836e+02   1.87276024e-03
   3.43961325e+02  -1.46939210e-03
   3.43961813e+02  -3.01059126e-03
   3.43962301e+02  -1.43354060e-03
   3.43962790e+02   8.69069307e-04
   3.43963278e+02   1.11888209e-03
   3.43963766e+02  -1.37706858e-03
   3.43964255e+02  -3.73788620e-03
   3.43964743e+02  -2.97725876e-03
   3.43965231e+02  -1.37201545e-03
   3.43965719e+02  -9.06942762e-04
   3.43966208e+02  -1.80943869e-03
   3.43966696e+02  -2.74576340e-03
   3.43967184e+02  -2.58862204e-03
   3.43967673e+02  -3.34754004e-03
   3.43968161e+02  -2.92165135e-03
   3.43968649e+02   5.65238704e-04
   3.43969138e+02   1.72382954e-03
   3.43969626e+02  -5.21571608e-04
   3.43970114e+02  -1.92140357e-03
   3.43970603e+02  -2.28173984e-03
   3.43971091e+02  -1.86896860e-03
   3.43971579e+02  -3.00870190e-04
   3.43972067e+02   7.39450043e-04
   3.43972556e+02   7.17542134e-04
   3.43973044e+02   3.26816837e-04
   3.43973532e+02   1.00250752e-03
   3.43974021e+02   3.43561103e-03
   3.43974509e+02   5.12225227e-03
   3.43974997e+02   4.48598387e-03
   3.43975486e+02   2.84001743e-03
   3.43975974e+02   8.49557633e-04
   3.43976462e+02   2.06009936e-04
   3.43976951e+02   1.31433015e-03
   3.43977439e+02   2.08104448e-03
   3.43977927e+02   2.38554645e-03
   3.43978416e+02   2.03614030e-03
   3.43978904e+02  -2.99876468e-04
   3.43979392e+02  -2.91870581e-03
   3.43979880e+02  -4.42308281e-03
   3.43980369e+02  -4.86255623e-03
   3.43980857e+02  -3.37461871e-03
   3.43981345e+02  -2.41023037e-04
   3.43981834e+02   2.42958544e-03
   3.43982322e+02   3.26272752e-03
   3.43982810e+02   2.08201353e-03
   3.43983299e+02   2.79641881e-05
   3.43983787e+02  -2.09945603e-03
   3.43984275e+02  -2.96195294e-03
   3.43984764e+02  -1.80881738e-03
   3.43985252e+02   8.75471043e-04
   3.43985740e+02   2.34705047e-03
   3.43986228e+02   5.76681283e-04
   3.43986717e+02  -8.37726402e-04
   3.43987205e+02  -3.76446929e-04
   3.43987693e+02   4.19395219e-04
   3.43988182e+02   8.47184157e-04
   3.43988670e+02   8.96484533e-04
   3.43989158e+02   1.05594390e-03
   3.43989647e+02   7.26523940e-05
   3.43990135e+02  -6.64215593e-04
   3.43990623e+02   5.88826333e-06
   3.43991112e+02   2.80446198e-04
   3.43991600e+02   1.19461166e-03
   3.43992088e+02   2.76481570e-03
   3.43992576e+02   2.60716979e-03
   3.43993065e+02   1.67527248e-03
   3.43993553e+02   2.19449797e-03
   3.43994041e+02   2.79868348e-03
   3.43994530e+02   1.65711623e-03
   3.43995018e+02  -2.71238387e-04
   3.43995506e+02   3.61669954e-04
   3.43995995e+02   3.20604956e-03
   3.43996483e+02   2.64855940e-03
   3.43996971e+02  -2.43252987e-04
   3.43997460e+02   5.16377506e-04
   3.43997948e+02   3.38972895e-03
   3.43998436e+02   4.22670739e-03
   3.43998924e+02   3.46930628e-03
   3.43999413e+02   2.71394686e-03
   3.43999901e+02   2.53849197e-03
   3.44000389e+02   2.42988928e-03
   3.44000878e+02   2.32866500e-03
   3.44001366e+02   2.81329453e-03
   3.44001854e+02   3.04321223e-03
   3.44002343e+02   2.02222983e-03
   3.44002831e+02  -4.69505794e-05
   3.44003319e+02  -2.34094076e-03
   3.44003808e+02  -2.56359018e-03
   3.44004296e+02  -1.54469744e-03
   3.44004784e+02  -1.47293566e-03
   3.44005272e+02   2.28846566e-05
   3.44005761e+02   2.34483648e-03
   3.44006249e+02   2.76158005e-03
   3.44006737e+02   2.11382681e-03
   3.44007226e+02   1.17638218e-03
   3.44007714e+02   2.95069680e-04
   3.44008202e+02   3.37345758e-04
   3.44008691e+02   3.62286926e-04
   3.44009179e+02  -1.95029221e-04
   3.44009667e+02  -7.03706231e-04
   3.44010156e+02  -5.35391679e-04
   3.44010644e+02   4.57425165e-04
   3.44011132e+02   1.20159541e-03
   3.44011620e+02   1.33155321e-03
   3.44012109e+02   5.81637549e-04
   3.44012597e+02   3.16823309e-04
   3.44013085e+02   1.06846716e-03
   3.44013574e+02   1.54868525e-03
   3.44014062e+02   2.67055165e-03
   3.44014550e+02   1.69279892e-03
   3.44015039e+02  -6.55795331e-04
   3.44015527e+02  -2.49156519e-03
   3.44016015e+02  -2.72473926e-03
   3.44016504e+02  -2.13112845e-03
   3.44016992e+02  -1.40617706e-03
   3.44017480e+02  -3.71961651e-04
   3.44017969e+02   1.06790604e-03
   3.44018457e+02   2.68099643e-03
   3.44018945e+02   3.50099150e-03
   3.44019433e+02   2.28538760e-03
   3.44019922e+02  -7.47768267e-04
   3.44020410e+02  -2.73660943e-03
   3.44020898e+02  -1.47607096e-03
   3.44021387e+02  -1.65609174e-06
   3.44021875e+02  -4.03947750e-04
   3.44022363e+02  -1.22904626e-03
   3.44022852e+02  -5.20767178e-04
   3.44023340e+02   9.23862332e-04
   3.44023828e+02   1.15040096e-03
   3.44024317e+02   8.22110800e-04
   3.44024805e+02   1.13242026e-03
   3.44025293e+02   1.14158797e-03
   3.44025781e+02   1.74188556e-03
   3.44026270e+02   2.50461791e-03
   3.44026758e+02   1.33525883e-03
   3.44027246e+02   5.85110567e-04
   3.44027735e+02   1.61889975e-03
   3.44028223e+02   1.57621328e-03
   3.44028711e+02   1.10543985e-03
   3.44029200e+02   2.56608846e-03
   3.44029688e+02   4.74282214e-03
   3.44030176e+02   5.15611423e-03
   3.44030665e+02   4.96406714e-03
   3.44031153e+02   5.55307325e-03
   3.44031641e+02   3.78201110e-03
   3.44032129e+02   4.89385624e-04
   3.44032618e+02   2.82237830e-04
   3.44033106e+02   9.61658137e-04
   3.44033594e+02  -3.75535019e-05
   3.44034083e+02  -1.02967286e-04
   3.44034571e+02  -9.68499007e-05
   3.44035059e+02  -2.77045474e-04
   3.44035548e+02   1.41149946e-03
   3.44036036e+02   2.03637965e-03
   3.44036524e+02  -1.90033839e-04
   3.44037013e+02  -2.14892067e-03
   3.44037501e+02  -1.51860924e-03
   3.44037989e+02  -7.73716602e-05
   3.44038477e+02  -9.26106659e-05
   3.44038966e+02  -3.99024895e-04
   3.44039454e+02   4.08813416e-04
   3.44039942e+02   1.78546505e-03
   3.44040431e+02   2.83610262e-03
   3.44040919e+02   3.18477838e-03
   3.44041407e+02   3.31758661e-03
   3.44041896e+02   2.33940501e-03
   3.44042384e+02   7.01116864e-04
   3.44042872e+02   2.42978742e-04
   3.44043361e+02  -6.44126965e-04
   3.44043849e+02  -2.41558673e-03
   3.44044337e+02  -1.76407676e-03
   3.44044825e+02   1.16617279e-03
   3.44045314e+02   3.30709759e-03
   3.44045802e+02   3.56863067e-03
   3.44046290e+02   2.58721574e-03
   3.44046779e+02   1.51734357e-03
   3.44047267e+02   4.02550650e-04
   3.44047755e+02  -1.13602879e-03
   3.44048244e+02  -2.02236138e-03
   3.44048732e+02  -1.20055908e-03
   3.44049220e+02  -9.68249748e-04
   3.44049709e+02  -2.88629741e-03
   3.44050197e+02  -3.05186654e-03
   3.44050685e+02  -6.96568983e-04
   3.44051173e+02  -3.34464974e-04
   3.44051662e+02  -1.61223183e-03
   3.44052150e+02  -9.71769856e-04
   3.44052638e+02   3.72582377e-04
   3.44053127e+02   1.22396508e-03
   3.44053615e+02   1.55065325e-03
   3.44054103e+02   3.32369236e-04
   3.44054592e+02  -6.58480509e-04
   3.44055080e+02  -4.76408546e-04
   3.44055568e+02  -1.55056047e-03
   3.44056057e+02  -2.94841640e-03
   3.44056545e+02  -2.04674318e-03
   3.44057033e+02  -8.99271574e-04
   3.44057522e+02  -1.52838288e-03
   3.44058010e+02  -1.88710890e-03
   3.44058498e+02  -1.03025173e-03
   3.44058986e+02   1.48576539e-04
   3.44059475e+02   1.14531280e-03
   3.44059963e+02   2.14763801e-03
   3.44060451e+02   3.13005690e-03
   3.44060940e+02   3.56262736e-03
   3.44061428e+02   2.99311383e-03
   3.44061916e+02  -1.63933568e-04
   3.44062405e+02  -3.60383233e-03
   3.44062893e+02  -4.38568182e-03
   3.44063381e+02  -4.19249665e-03
   3.44063870e+02  -3.28412605e-03
   3.44064358e+02  -1.01517432e-03
   3.44064846e+02   1.12797343e-03
   3.44065334e+02   1.38761988e-03
   3.44065823e+02  -1.76872112e-04
   3.44066311e+02  -5.28652221e-04
   3.44066799e+02   1.70187792e-03
   3.44067288e+02   3.55690462e-03
   3.44067776e+02   2.81886710e-03
   3.44068264e+02  -3.73878902e-05
   3.44068753e+02  -2.82258028e-03
   3.44069241e+02  -3.73617560e-03
   3.44069729e+02  -2.22144113e-03
   3.44070218e+02   7.13529822e-04
   3.44070706e+02   1.69755169e-03
   3.44071194e+02   8.65835289e-04
   3.44071682e+02   3.05957510e-04
   3.44072171e+02   5.18382818e-04
   3.44072659e+02   2.23430316e-03
   3.44073147e+02   2.82096979e-03
   3.44073636e+02   2.67868838e-03
   3.44074124e+02   2.77679018e-03
   3.44074612e+02   1.89002778e-03
   3.44075101e+02  -1.83323747e-04
   3.44075589e+02  -2.42151669e-03
   3.44076077e+02  -2.11116485e-03
   3.44076566e+02  -2.04214215e-04
   3.44077054e+02   3.55882366e-04
   3.44077542e+02  -3.51712544e-04
   3.44078030e+02  -8.44545139e-04
   3.44078519e+02  -3.63880186e-04
   3.44079007e+02   3.59319674e-04
   3.44079495e+02   1.12109887e-03
   3.44079984e+02   1.99481007e-03
   3.44080472e+02   2.42070504e-03
   3.44080960e+02   2.19951151e-03
   3.44081449e+02   9.84396087e-04
   3.44081937e+02  -1.63851143e-03
   3.44082425e+02  -3.47885280e-03
   3.44082914e+02  -1.90607412e-03
   3.44083402e+02   7.82374700e-04
   3.44083890e+02   6.23370404e-04
   3.44084378e+02  -7.00866221e-04
   3.44084867e+02  -5.39910106e-04
   3.44085355e+02  -2.29298621e-05
   3.44085843e+02  -1.42643787e-03
   3.44086332e+02  -2.91726808e-03
   3.44086820e+02  -2.04603886e-03
   3.44087308e+02  -5.65822120e-04
   3.44087797e+02   7.33026245e-04
   3.44088285e+02   1.70930673e-03
   3.44088773e+02   1.39119616e-03
   3.44089262e+02   3.01372056e-04
   3.44089750e+02  -1.72958506e-04
   3.44090238e+02   2.93198216e-04
   3.44090726e+02  -8.54978935e-05
   3.44091215e+02  -2.09114584e-03
   3.44091703e+02  -3.10715334e-03
   3.44092191e+02  -1.52152008e-03
   3.44092680e+02  -1.40965421e-04
   3.44093168e+02  -7.72008556e-04
   3.44093656e+02  -1.74459245e-03
   3.44094145e+02  -1.84462534e-03
   3.44094633e+02  -1.58820231e-03
   3.44095121e+02  -1.33155030e-03
   3.44095610e+02  -8.21760797e-04
   3.44096098e+02  -9.59911442e-04
   3.44096586e+02  -2.22696061e-03
   3.44097075e+02  -2.60592112e-03
   3.44097563e+02  -1.42909994e-03
   3.44098051e+02  -4.33668873e-04
   3.44098539e+02  -3.16836231e-04
   3.44099028e+02  -1.51060274e-04
   3.44099516e+02  -3.31863092e-04
   3.44100004e+02  -1.20843353e-03
   3.44100493e+02  -1.47467223e-03
   3.44100981e+02  -2.00786558e-03
   3.44101469e+02  -2.36256747e-03
   3.44101958e+02  -7.20992612e-05
   3.44102446e+02   1.83359790e-03
   3.44102934e+02   4.57906979e-04
   3.44103423e+02  -8.44615570e-04
   3.44103911e+02   6.50025322e-04
   3.44104399e+02   2.77366769e-03
   3.44104887e+02   2.36116839e-03
   3.44105376e+02   2.91962526e-04
   3.44105864e+02  -9.71547619e-04
   3.44106352e+02  -8.82717199e-04
   3.44106841e+02  -6.66060951e-04
   3.44107329e+02  -1.74392495e-04
   3.44107817e+02   1.09252543e-03
   3.44108306e+02   1.97563833e-03
   3.44108794e+02   2.69038277e-03
   3.44109282e+02   2.59746588e-03
   3.44109771e+02   1.50216301e-03
   3.44110259e+02   1.19185273e-03
   3.44110747e+02   1.52243243e-03
   3.44111235e+02   1.18854351e-03
   3.44111724e+02  -2.55337422e-04
   3.44112212e+02  -1.55882188e-03
   3.44112700e+02  -1.49911735e-03
   3.44113189e+02  -3.32689320e-04
   3.44113677e+02   1.19132630e-03
   3.44114165e+02   1.37197436e-03
   3.44114654e+02  -5.81733009e-04
   3.44115142e+02  -2.21756985e-03
   3.44115630e+02  -1.20661943e-03
   3.44116119e+02   1.18663779e-03
   3.44116607e+02   2.16164882e-03
   3.44117095e+02   6.02750049e-04
   3.44117583e+02  -1.45587861e-03
   3.44118072e+02  -2.35456787e-03
   3.44118560e+02  -2.30915006e-03
   3.44119048e+02  -1.57081697e-03
   3.44119537e+02  -1.27929822e-03
   3.44120025e+02  -1.39343308e-03
   3.44120513e+02  -2.80362408e-04
   3.44121002e+02   1.46297889e-03
   3.44121490e+02   2.01102369e-03
   3.44121978e+02   3.03587585e-04
   3.44122467e+02  -1.79969124e-03
   3.44122955e+02  -2.02776748e-03
   3.44123443e+02  -2.00055260e-03
   3.44123931e+02  -3.35847610e-03
   3.44124420e+02  -3.74489906e-03
   3.44124908e+02  -2.13405164e-03
   3.44125396e+02   1.18814110e-04
   3.44125885e+02   1.34702853e-03
   3.44126373e+02   2.04211031e-03
   3.44126861e+02   2.98732356e-03
   3.44127350e+02   2.20120233e-03
   3.44127838e+02   3.60173464e-04
   3.44128326e+02   6.02571527e-04
   3.44128815e+02   1.43457530e-03
   3.44129303e+02   1.81273463e-05
   3.44129791e+02  -2.05061864e-03
   3.44130279e+02  -2.78679980e-03
   3.44130768e+02  -2.64297100e-03
   3.44131256e+02  -1.60680991e-03
   3.44131744e+02   3.46331537e-04
   3.44132233e+02   2.50172662e-03
   3.44132721e+02   2.36705015e-03
   3.44133209e+02  -7.32763961e-04
   3.44133698e+02  -1.95428496e-03
   3.44134186e+02  -2.90131517e-04
   3.44134674e+02  -8.77602452e-06
   3.44135163e+02  -3.52165982e-04
   3.44135651e+02  -2.17033754e-04
   3.44136139e+02  -1.62743172e-03
   3.44136628e+02  -3.23040062e-03
   3.44137116e+02  -2.52838782e-03
   3.44137604e+02   1.37671857e-04
   3.44138092e+02   1.56774407e-03
   3.44138581e+02   5.51739940e-04
   3.44139069e+02   1.62364726e-04
   3.44139557e+02   6.33582706e-04
   3.44140046e+02   7.49766885e-04
   3.44140534e+02   6.23337051e-04
   3.44141022e+02  -7.74685002e-04
   3.44141511e+02  -2.17581470e-03
   3.44141999e+02  -1.44142087e-03
   3.44142487e+02  -4.57850605e-04
   3.44142976e+02  -1.34645414e-03
   3.44143464e+02  -2.51212926e-03
   3.44143952e+02  -2.15197890e-03
   3.44144440e+02  -1.90835807e-03
   3.44144929e+02  -2.41526216e-03
   3.44145417e+02  -1.33915106e-03
   3.44145905e+02   1.34580873e-03
   3.44146394e+02   3.35938414e-03
   3.44146882e+02   3.44552356e-03
   3.44147370e+02   1.22124550e-03
   3.44147859e+02  -1.16563123e-03
   3.44148347e+02  -1.52200891e-03
   3.44148835e+02   2.47982360e-04
   3.44149324e+02   2.61883228e-03
   3.44149812e+02   2.96784355e-03
   3.44150300e+02   1.23598881e-03
   3.44150788e+02   2.44095048e-04
   3.44151277e+02   5.47325762e-05
   3.44151765e+02   2.02005147e-04
   3.44152253e+02   1.48928096e-03
   3.44152742e+02   2.34726956e-03
   3.44153230e+02   1.28166913e-03
   3.44153718e+02   2.26922944e-04
   3.44154207e+02   1.02018111e-03
   3.44154695e+02   1.72737183e-03
   3.44155183e+02   1.89734017e-03
   3.44155672e+02   1.90875016e-03
   3.44156160e+02   1.57633889e-03
   3.44156648e+02   1.68504496e-03
   3.44157136e+02   1.47389527e-03
   3.44157625e+02   6.41749706e-04
   3.44158113e+02  -1.16128102e-03
   3.44158601e+02  -1.97100732e-03
   3.44159090e+02   1.98707450e-04
   3.44159578e+02   8.67743103e-04
   3.44160066e+02  -2.03130418e-03
   3.44160555e+02  -3.07526113e-03
   3.44161043e+02  -3.84810875e-04
   3.44161531e+02   1.02811458e-03
   3.44162020e+02  -5.65612747e-04
   3.44162508e+02  -1.43298262e-03
   3.44162996e+02  -1.03024533e-03
   3.44163484e+02  -1.21655536e-03
   3.44163973e+02  -1.13590388e-03
   3.44164461e+02  -1.60924625e-03
   3.44164949e+02  -1.51881052e-03
   3.44165438e+02   1.00280857e-03
   3.44165926e+02   2.43290048e-03
   3.44166414e+02   5.34295803e-04
   3.44166903e+02  -1.96016300e-03
   3.44167391e+02  -1.66740594e-03
   3.44167879e+02   7.51830463e-04
   3.44168368e+02   2.10410496e-03
   3.44168856e+02   1.01164682e-03
   3.44169344e+02  -2.04870848e-05
   3.44169832e+02   1.29404561e-05
   3.44170321e+02  -5.49869437e-04
   3.44170809e+02  -1.64251763e-03
   3.44171297e+02  -1.69701024e-03
   3.44171786e+02  -3.66448017e-04
   3.44172274e+02   2.65020673e-04
   3.44172762e+02  -7.48507213e-04
   3.44173251e+02  -1.29574991e-03
   3.44173739e+02  -2.00617150e-03
   3.44174227e+02  -2.75863917e-03
   3.44174716e+02  -1.12566736e-03
   3.44175204e+02  -1.41712328e-04
   3.44175692e+02  -1.80568139e-03
   3.44176181e+02  -2.14897236e-03
   3.44176669e+02  -1.59271073e-03
   3.44177157e+02  -3.22633190e-03
   3.44177645e+02  -4.03789943e-03
   3.44178134e+02  -1.07286894e-03
   3.44178622e+02   1.70730439e-03
   3.44179110e+02   1.08491478e-03
   3.44179599e+02  -4.56200389e-04
   3.44180087e+02  -2.77789641e-05
   3.44180575e+02   1.34581351e-03
   3.44181064e+02   1.02252536e-03
   3.44181552e+02  -6.69863293e-05
   3.44182040e+02  -4.64961602e-04
   3.44182529e+02  -7.52984430e-04
   3.44183017e+02  -1.22933695e-03
   3.44183505e+02  -1.91654137e-03
   3.44183993e+02  -1.12942257e-03
   3.44184482e+02   7.52515567e-04
   3.44184970e+02   3.79169913e-04
   3.44185458e+02  -2.00346904e-03
   3.44185947e+02  -2.15406599e-03
   3.44186435e+02   4.89854196e-04
   3.44186923e+02   2.23193690e-03
   3.44187412e+02   3.29214218e-03
   3.44187900e+02   3.94188939e-03
   3.44188388e+02   1.81940768e-03
   3.44188877e+02  -9.15906799e-04
   3.44189365e+02  -1.71156635e-03
   3.44189853e+02  -6.30783150e-04
   3.44190341e+02   1.07132830e-03
   3.44190830e+02   1.07278861e-03
   3.44191318e+02   2.58679880e-04
   3.44191806e+02   9.65841638e-04
   3.44192295e+02   1.66399754e-03
   3.44192783e+02   1.62013937e-04
   3.44193271e+02  -9.80747747e-04
   3.44193760e+02  -6.80964149e-04
   3.44194248e+02   3.60557078e-06
   3.44194736e+02   1.10950333e-03
   3.44195225e+02   9.61737009e-04
   3.44195713e+02  -2.64554255e-04
   3.44196201e+02  -8.05835822e-04
   3.44196689e+02  -6.90415094e-04
   3.44197178e+02  -1.62939803e-04
   3.44197666e+02  -5.32292252e-05
   3.44198154e+02  -1.04635826e-03
   3.44198643e+02  -2.66776956e-03
   3.44199131e+02  -3.33614717e-03
   3.44199619e+02  -2.78787268e-03
   3.44200108e+02  -2.72041606e-03
   3.44200596e+02  -3.13988980e-03
   3.44201084e+02  -2.78630690e-03
   3.44201573e+02  -2.48319074e-03
   3.44202061e+02  -2.12183036e-03
   3.44202549e+02  -3.64724372e-04
   3.44203037e+02   2.59032735e-04
   3.44203526e+02  -6.31164527e-04
   3.44204014e+02   2.12855288e-04
   3.44204502e+02   1.94743916e-03
   3.44204991e+02   1.69551244e-03
   3.44205479e+02   5.04858850e-04
   3.44205967e+02  -4.05854880e-05
   3.44206456e+02   6.83663937e-04
   3.44206944e+02   1.35075510e-03
   3.44207432e+02   4.91402810e-04
   3.44207921e+02  -3.89242923e-04
   3.44208409e+02  -1.02545752e-03
   3.44208897e+02  -1.16470980e-03
   3.44209385e+02  -6.25680899e-04
   3.44209874e+02  -4.03645798e-04
   3.44210362e+02  -3.39011633e-04
   3.44210850e+02  -5.03671996e-04
   3.44211339e+02  -5.72315883e-04
   3.44211827e+02  -3.48203641e-04
   3.44212315e+02  -9.16357443e-04
   3.44212804e+02  -1.09703594e-03
   3.44213292e+02   4.93366715e-05
   3.44213780e+02   5.67472307e-04
   3.44214269e+02   1.31085122e-04
   3.44214757e+02  -2.05909746e-04
   3.44215245e+02  -6.04673580e-04
   3.44215734e+02  -2.90076039e-03
   3.44216222e+02  -4.42351494e-03
   3.44216710e+02  -1.83741248e-03
   3.44217198e+02   7.98078952e-04
   3.44217687e+02  -6.96917996e-05
   3.44218175e+02  -9.95445764e-04
   3.44218663e+02   1.39424068e-04
   3.44219152e+02   1.59294892e-03
   3.44219640e+02   1.77057646e-03
   3.44220128e+02   1.59417468e-04
   3.44220617e+02  -6.05963171e-04
   3.44221105e+02   8.46116687e-04
   3.44221593e+02   1.51463470e-03
   3.44222082e+02   1.71214517e-03
   3.44222570e+02   2.37616105e-03
   3.44223058e+02   2.17689271e-03
   3.44223546e+02   1.35651301e-03
   3.44224035e+02   5.82602865e-04
   3.44224523e+02   1.13061396e-04
   3.44225011e+02  -9.94801871e-04
   3.44225500e+02  -2.66262889e-03
   3.44225988e+02  -2.61031860e-03
   3.44226476e+02  -4.83440759e-04
   3.44226965e+02   7.99156085e-04
   3.44227453e+02   4.26689774e-04
   3.44227941e+02   1.49220490e-04
   3.44228430e+02   3.43282882e-04
   3.44228918e+02   5.44110546e-04
   3.44229406e+02   7.10678753e-04
   3.44229894e+02   2.13513616e-04
   3.44230383e+02  -1.22403167e-03
   3.44230871e+02  -2.24331790e-03
   3.44231359e+02  -1.70956831e-03
   3.44231848e+02  -8.38909822e-04
   3.44232336e+02  -1.17109378e-03
   3.44232824e+02  -1.59004331e-03
   3.44233313e+02  -1.07767922e-03
   3.44233801e+02   1.45450642e-04
   3.44234289e+02   1.38991408e-03
   3.44234778e+02   2.23540748e-03
   3.44235266e+02   1.59359525e-03
   3.44235754e+02   9.36680080e-05
   3.44236242e+02   2.97159713e-04
   3.44236731e+02   1.99650344e-03
   3.44237219e+02   1.97029114e-03
   3.44237707e+02   3.06728965e-04
   3.44238196e+02   8.41159490e-05
   3.44238684e+02   2.73631274e-04
   3.44239172e+02  -1.07419840e-03
   3.44239661e+02  -1.14150043e-03
   3.44240149e+02   5.64621761e-04
   3.44240637e+02   1.20279274e-03
   3.44241126e+02   6.40528378e-05
   3.44241614e+02  -1.40634555e-04
   3.44242102e+02   1.81947148e-03
   3.44242590e+02   3.53545183e-03
   3.44243079e+02   4.11397126e-03
   3.44243567e+02   4.59897891e-03
   3.44244055e+02   3.76311154e-03
   3.44244544e+02   9.76522570e-04
   3.44245032e+02  -5.33119368e-04
   3.44245520e+02   7.29394727e-04
   3.44246009e+02   1.08444144e-03
   3.44246497e+02  -2.06508164e-04
   3.44246985e+02  -4.41222190e-04
   3.44247474e+02   1.40115837e-04
   3.44247962e+02   1.16672236e-05
   3.44248450e+02   8.97940190e-04
   3.44248938e+02   4.17746650e-03
   3.44249427e+02   3.81797482e-03
   3.44249915e+02   2.11631483e-03
   3.44250403e+02   2.73478567e-03
   3.44250892e+02   2.80728214e-03
   3.44251380e+02   2.06639199e-03
   3.44251868e+02   2.29516579e-03
   3.44252357e+02   3.14556994e-03
   3.44252845e+02   3.13360197e-03
   3.44253333e+02   2.54380261e-03
   3.44253822e+02   2.31425674e-03
   3.44254310e+02   1.21715700e-03
   3.44254798e+02   1.58852752e-04
   3.44255286e+02  -6.16304460e-05
   3.44255775e+02   5.77255269e-04
   3.44256263e+02   1.15793862e-03
   3.44256751e+02   6.32150506e-04
   3.44257240e+02  -1.88386330e-04
   3.44257728e+02  -3.74586438e-04
   3.44258216e+02   9.97374183e-04
   3.44258705e+02   8.65421025e-04
   3.44259193e+02  -2.87907734e-03
   3.44259681e+02  -5.06956503e-03
   3.44260170e+02  -2.89105298e-03
   3.44260658e+02   1.77924187e-04
   3.44261146e+02   1.23811152e-03
   3.44261635e+02   1.01106626e-03
   3.44262123e+02   8.43193033e-04
   3.44262611e+02   4.02933365e-04
   3.44263099e+02  -6.20136052e-05
   3.44263588e+02   8.08117562e-04
   3.44264076e+02   1.75976811e-03
   3.44264564e+02   7.57571426e-04
   3.44265053e+02  -5.60961955e-04
   3.44265541e+02   2.18082478e-05
   3.44266029e+02   1.10274286e-03
   3.44266518e+02   1.50509318e-03
   3.44267006e+02  -2.85011745e-04
   3.44267494e+02  -2.95375311e-03
   3.44267983e+02  -2.57583777e-03
   3.44268471e+02  -7.29737629e-04
   3.44268959e+02  -4.13757982e-04
   3.44269447e+02  -8.41820671e-04
   3.44269936e+02  -2.86790484e-04
   3.44270424e+02   2.02200003e-03
   3.44270912e+02   3.89615516e-03
   3.44271401e+02   3.45106330e-03
   3.44271889e+02   1.38594082e-03
   3.44272377e+02  -5.30880992e-04
   3.44272866e+02  -9.70417343e-04
   3.44273354e+02  -8.01859365e-04
   3.44273842e+02  -5.58626722e-04
   3.44274331e+02  -1.40298231e-04
   3.44274819e+02   3.72264534e-04
   3.44275307e+02   3.04436951e-04
   3.44275795e+02  -6.93475187e-04
   3.44276284e+02  -1.31433830e-03
   3.44276772e+02  -2.54595769e-04
   3.44277260e+02   1.72858988e-03
   3.44277749e+02   2.68139550e-03
   3.44278237e+02   2.19344744e-03
   3.44278725e+02   1.55639986e-03
   3.44279214e+02   1.59377977e-03
   3.44279702e+02   1.59317558e-03
   3.44280190e+02   3.99426994e-04
   3.44280679e+02  -6.93180307e-04
   3.44281167e+02  -1.03321776e-03
   3.44281655e+02  -9.78283817e-04
   3.44282143e+02  -7.53755914e-04
   3.44282632e+02  -1.04518072e-03
   3.44283120e+02  -8.65820213e-04
   3.44283608e+02  -1.02840399e-03
   3.44284097e+02  -2.21701665e-03
   3.44284585e+02  -2.08108197e-03
   3.44285073e+02  -3.38044716e-04
   3.44285562e+02   4.92841646e-04
   3.44286050e+02   4.72012325e-04
   3.44286538e+02   1.73784560e-03
   3.44287027e+02   2.62344652e-03
   3.44287515e+02   1.44767878e-03
   3.44288003e+02   3.12691787e-04
   3.44288491e+02   1.22478220e-03
   3.44288980e+02   3.26185999e-03
   3.44289468e+02   3.69716971e-03
   3.44289956e+02   2.96699512e-03
   3.44290445e+02   2.68632756e-03
   3.44290933e+02   1.65830995e-03
   3.44291421e+02  -3.57183657e-04
   3.44291910e+02  -1.72792783e-03
   3.44292398e+02  -1.95466541e-03
   3.44292886e+02  -2.16472591e-03
   3.44293375e+02  -2.72232923e-03
   3.44293863e+02  -2.68005976e-03
   3.44294351e+02  -1.08378124e-03
   3.44294839e+02   1.49067026e-03
   3.44295328e+02   2.86918832e-03
   3.44295816e+02   2.21771118e-03
   3.44296304e+02   5.80774795e-04
   3.44296793e+02  -1.03680370e-03
   3.44297281e+02  -7.69409642e-04
   3.44297769e+02   1.37652014e-03
   3.44298258e+02   3.48759070e-03
   3.44298746e+02   5.34447609e-03
   3.44299234e+02   5.20064402e-03
   3.44299723e+02   2.87815044e-03
   3.44300211e+02   1.13457546e-03
   3.44300699e+02   5.05183882e-04
   3.44301188e+02  -3.53210897e-04
   3.44301676e+02  -1.83251989e-03
   3.44302164e+02  -2.54139863e-03
   3.44302652e+02  -8.31489451e-04
   3.44303141e+02   3.92921851e-04
   3.44303629e+02  -1.18391961e-03
   3.44304117e+02  -2.20592786e-03
   3.44304606e+02  -2.95119360e-04
   3.44305094e+02   6.69692585e-04
   3.44305582e+02  -9.30734037e-04
   3.44306071e+02  -1.69041997e-03
   3.44306559e+02  -6.76593336e-04
   3.44307047e+02   8.46906565e-04
   3.44307536e+02   4.72386659e-04
   3.44308024e+02  -7.67320220e-04
   3.44308512e+02  -2.55640247e-03
   3.44309000e+02  -3.44565953e-03
   3.44309489e+02  -2.59879581e-03
   3.44309977e+02  -1.52292347e-03
   3.44310465e+02   3.49736132e-04
   3.44310954e+02   2.23997212e-03
   3.44311442e+02   2.96442327e-03
   3.44311930e+02   2.95274239e-03
   3.44312419e+02   3.55759938e-03
   3.44312907e+02   4.56800871e-03
   3.44313395e+02   2.83237942e-03
   3.44313884e+02  -3.42667598e-04
   3.44314372e+02  -1.53687678e-03
   3.44314860e+02  -1.61619985e-03
   3.44315348e+02  -1.47043820e-03
   3.44315837e+02  -6.98423595e-04
   3.44316325e+02  -5.74095815e-04
   3.44316813e+02  -1.40521012e-03
   3.44317302e+02  -1.49133103e-03
   3.44317790e+02  -7.67597812e-04
   3.44318278e+02  -1.15169317e-03
   3.44318767e+02  -2.57721054e-03
   3.44319255e+02  -2.68319971e-03
   3.44319743e+02  -6.54952659e-04
   3.44320232e+02   1.18970033e-03
   3.44320720e+02   1.06516806e-03
   3.44321208e+02   1.59570400e-03
   3.44321696e+02   2.40439991e-03
   3.44322185e+02   3.54103482e-04
   3.44322673e+02  -1.68653356e-03
   3.44323161e+02  -1.44489648e-04
   3.44323650e+02   2.08847784e-03
   3.44324138e+02   1.13768852e-03
   3.44324626e+02  -4.42341639e-04
   3.44325115e+02  -3.70921392e-04
   3.44325603e+02  -5.71231009e-04
   3.44326091e+02   4.19383505e-05
   3.44326580e+02   1.80936640e-03
   3.44327068e+02   3.31345527e-03
   3.44327556e+02   3.72940954e-03
   3.44328044e+02   1.65548688e-03
   3.44328533e+02  -8.52799334e-04
   3.44329021e+02  -1.32305280e-03
   3.44329509e+02  -7.55445450e-04
   3.44329998e+02   1.28364074e-03
   3.44330486e+02   2.97407294e-03
   3.44330974e+02   1.92225212e-03
   3.44331463e+02   7.90799095e-04
   3.44331951e+02   1.16336171e-03
   3.44332439e+02   1.85448199e-03
   3.44332928e+02   2.00159429e-03
   3.44333416e+02   1.23531930e-03
   3.44333904e+02   8.59859574e-04
   3.44334392e+02   1.20005966e-03
   3.44334881e+02   1.20126351e-03
   3.44335369e+02   4.66487341e-04
   3.44335857e+02   6.45935097e-06
   3.44336346e+02   8.63099820e-04
   3.44336834e+02   1.20086491e-03
   3.44337322e+02  -4.61212301e-04
   3.44337811e+02  -2.14055646e-03
   3.44338299e+02  -2.70323502e-03
   3.44338787e+02  -2.02635024e-03
   3.44339276e+02  -1.23477273e-03
   3.44339764e+02  -1.85524579e-03
   3.44340252e+02  -1.88228569e-03
   3.44340741e+02   1.39981988e-04
   3.44341229e+02   1.55629031e-03
   3.44341717e+02   6.58575096e-04
   3.44342205e+02  -7.80954608e-04
   3.44342694e+02  -1.84757472e-03
   3.44343182e+02  -2.68988125e-03
   3.44343670e+02  -1.59013958e-03
   3.44344159e+02   1.76691473e-03
   3.44344647e+02   4.24401788e-03
   3.44345135e+02   4.02718270e-03
   3.44345624e+02   2.22351053e-03
   3.44346112e+02   7.32253364e-04
   3.44346600e+02   4.09413391e-04
   3.44347089e+02   1.01435580e-03
   3.44347577e+02   9.14792938e-04
   3.44348065e+02  -8.37348169e-04
   3.44348553e+02  -3.24124773e-03
   3.44349042e+02  -4.20265272e-03
   3.44349530e+02  -2.57814187e-03
   3.44350018e+02  -3.17200407e-04
   3.44350507e+02  -9.31606774e-05
   3.44350995e+02  -1.30897667e-03
   3.44351483e+02  -1.41264009e-03
   3.44351972e+02  -2.27954588e-04
   3.44352460e+02  -5.28888122e-05
   3.44352948e+02  -3.33313365e-04
   3.44353437e+02   1.68599800e-04
   3.44353925e+02  -5.00304392e-04
   3.44354413e+02  -1.40439998e-03
   3.44354901e+02  -1.23619242e-03
   3.44355390e+02  -3.30507144e-04
   3.44355878e+02   1.07835932e-03
   3.44356366e+02   1.91066635e-03
   3.44356855e+02   9.72679758e-04
   3.44357343e+02  -8.31985089e-04
   3.44357831e+02  -2.04080599e-03
   3.44358320e+02  -2.05244077e-03
   3.44358808e+02  -9.51649272e-04
   3.44359296e+02   1.41347642e-03
   3.44359785e+02   4.82481346e-03
   3.44360273e+02   6.42085169e-03
   3.44360761e+02   4.13265685e-03
   3.44361249e+02   9.05043562e-04
   3.44361738e+02  -1.81406031e-05
   3.44362226e+02  -5.95678808e-04
   3.44362714e+02  -1.51419046e-03
   3.44363203e+02  -1.42227812e-03
   3.44363691e+02  -1.96985737e-03
   3.44364179e+02  -3.20946705e-03
   3.44364668e+02  -3.17939348e-03
   3.44365156e+02  -1.10247478e-04
   3.44365644e+02   3.34157492e-03
   3.44366133e+02   2.50192895e-03
   3.44366621e+02  -2.27244062e-04
   3.44367109e+02  -2.38146470e-03
   3.44367597e+02  -1.13660307e-03
   3.44368086e+02   2.62300065e-03
   3.44368574e+02   3.56939877e-03
   3.44369062e+02   1.62514811e-03
   3.44369551e+02  -6.22667547e-04
   3.44370039e+02  -2.31329841e-03
   3.44370527e+02  -3.05861398e-03
   3.44371016e+02  -1.85082480e-03
   3.44371504e+02   6.98980220e-05
   3.44371992e+02  -1.78694609e-04
   3.44372481e+02  -1.84630230e-03
   3.44372969e+02  -1.70437584e-03
   3.44373457e+02  -2.10785365e-04
   3.44373945e+02   3.53320385e-04
   3.44374434e+02  -8.60419896e-05
   3.44374922e+02  -6.30088267e-04
   3.44375410e+02  -9.89783905e-04
   3.44375899e+02  -9.81343910e-04
   3.44376387e+02  -9.01330437e-04
   3.44376875e+02  -1.63276109e-03
   3.44377364e+02  -3.16370488e-03
   3.44377852e+02  -4.42782370e-03
   3.44378340e+02  -3.55423638e-03
   3.44378829e+02  -1.54619291e-03
   3.44379317e+02  -1.11206074e-03
   3.44379805e+02  -2.08106055e-03
   3.44380294e+02  -3.52454744e-03
   3.44380782e+02  -5.39568393e-03
   3.44381270e+02  -5.74586727e-03
   3.44381758e+02  -3.88620072e-03
   3.44382247e+02  -2.02423753e-03
   3.44382735e+02  -7.11454370e-04
   3.44383223e+02  -5.91392920e-04
   3.44383712e+02  -1.18589168e-03
   3.44384200e+02  -3.05444381e-04
   3.44384688e+02   1.66519883e-03
   3.44385177e+02   2.64395354e-03
   3.44385665e+02   1.92063954e-03
   3.44386153e+02   4.92525869e-05
   3.44386642e+02  -9.64441511e-04
   3.44387130e+02  -1.10719888e-03
   3.44387618e+02  -1.33792672e-03
   3.44388106e+02  -7.93946325e-04
   3.44388595e+02  -2.56357191e-04
   3.44389083e+02  -2.48473196e-04
   3.44389571e+02  -9.91343055e-04
   3.44390060e+02  -1.92863541e-03
   3.44390548e+02  -4.46151505e-04
   3.44391036e+02   1.53699855e-03
   3.44391525e+02   1.73821044e-03
   3.44392013e+02   1.95055513e-03
   3.44392501e+02   1.55238225e-03
   3.44392990e+02   3.58014877e-05
   3.44393478e+02  -4.89309197e-04
   3.44393966e+02  -2.15159700e-04
   3.44394454e+02  -7.90135877e-04
   3.44394943e+02  -1.44161517e-03
   3.44395431e+02  -5.83091634e-04
   3.44395919e+02   7.23339966e-04
   3.44396408e+02   2.53530056e-03
   3.44396896e+02   3.84466862e-03
   3.44397384e+02   2.81597464e-03
   3.44397873e+02   2.46347487e-03
   3.44398361e+02   3.15659354e-03
   3.44398849e+02   9.52282222e-04
   3.44399338e+02  -2.35272222e-03
   3.44399826e+02  -3.01264506e-03
   3.44400314e+02  -2.88548740e-03
   3.44400802e+02  -1.84010970e-03
   3.44401291e+02   2.23836349e-03
   3.44401779e+02   3.95672163e-03
   3.44402267e+02  -1.83220473e-04
   3.44402756e+02  -4.43887012e-03
   3.44403244e+02  -3.90106323e-03
   3.44403732e+02  -1.20027538e-03
   3.44404221e+02  -9.25481028e-04
   3.44404709e+02  -1.78779324e-03
   3.44405197e+02  -8.38150911e-04
   3.44405686e+02   8.03792442e-04
   3.44406174e+02   1.74218148e-03
   3.44406662e+02   5.79982065e-04
   3.44407150e+02  -2.28891848e-03
   3.44407639e+02  -3.63400439e-03
   3.44408127e+02  -1.70887716e-03
   3.44408615e+02   6.76196651e-04
   3.44409104e+02   6.90469693e-04
   3.44409592e+02  -3.00151994e-04
   3.44410080e+02  -8.23061913e-04
   3.44410569e+02  -6.28706417e-04
   3.44411057e+02   1.26417959e-04
   3.44411545e+02  -8.63992667e-04
   3.44412034e+02  -3.00935702e-03
   3.44412522e+02  -2.94884155e-03
   3.44413010e+02  -9.97257812e-05
   3.44413498e+02   3.43236164e-03
   3.44413987e+02   4.60490491e-03
   3.44414475e+02   1.71484181e-03
   3.44414963e+02  -1.88476627e-03
   3.44415452e+02  -1.93006755e-03
   3.44415940e+02   3.09960451e-04
   3.44416428e+02   1.46601361e-03
   3.44416917e+02   1.00825331e-03
   3.44417405e+02  -1.47964689e-04
   3.44417893e+02  -7.62852433e-04
   3.44418382e+02   2.59195658e-04
   3.44418870e+02   1.35419203e-03
   3.44419358e+02   7.31249049e-04
   3.44419847e+02  -1.60446405e-04
   3.44420335e+02  -3.30663970e-05
   3.44420823e+02  -8.22343573e-04
   3.44421311e+02  -1.17370044e-03
   3.44421800e+02   8.34448496e-04
   3.44422288e+02   1.98744959e-03
   3.44422776e+02   1.64686458e-03
   3.44423265e+02   1.38194242e-03
   3.44423753e+02   1.05060276e-03
   3.44424241e+02   5.09073958e-04
   3.44424730e+02  -1.27883424e-04
   3.44425218e+02  -1.41343102e-03
   3.44425706e+02  -1.44768239e-03
   3.44426195e+02  -1.15874282e-03
   3.44426683e+02  -1.48238055e-03
   3.44427171e+02  -1.59280642e-03
   3.44427659e+02  -2.14382843e-03
   3.44428148e+02  -2.43306858e-03
   3.44428636e+02  -1.37105607e-03
   3.44429124e+02  -3.69591260e-04
   3.44429613e+02  -3.62115767e-04
   3.44430101e+02   5.30944148e-04
   3.44430589e+02   1.69138785e-03
   3.44431078e+02   4.41286305e-04
   3.44431566e+02  -1.01387431e-03
   3.44432054e+02  -1.42556604e-03
   3.44432543e+02  -3.00797052e-03
   3.44433031e+02  -3.02181323e-03
   3.44433519e+02  -7.75547465e-04
   3.44434007e+02  -1.10151261e-04
   3.44434496e+02  -7.00015575e-04
   3.44434984e+02  -1.37272570e-03
   3.44435472e+02  -1.52235723e-03
   3.44435961e+02  -2.39464483e-04
   3.44436449e+02   6.77345612e-04
   3.44436937e+02  -6.49064954e-04
   3.44437426e+02  -2.78916257e-03
   3.44437914e+02  -2.72540678e-03
   3.44438402e+02  -1.12121436e-03
   3.44438891e+02  -1.06586074e-03
   3.44439379e+02  -2.21142615e-03
   3.44439867e+02  -1.84955285e-03
   3.44440355e+02  -1.71044283e-03
   3.44440844e+02  -2.49957759e-03
   3.44441332e+02  -1.51831482e-03
   3.44441820e+02   9.27452056e-05
   3.44442309e+02   1.05510699e-03
   3.44442797e+02   2.56845797e-03
   3.44443285e+02   3.23020876e-03
   3.44443774e+02   2.30420427e-03
   3.44444262e+02   7.22629658e-04
   3.44444750e+02  -1.10100245e-03
   3.44445239e+02  -2.83057173e-03
   3.44445727e+02  -3.44221410e-03
   3.44446215e+02  -2.73283757e-03
   3.44446703e+02  -1.34353060e-03
   3.44447192e+02   4.43922152e-04
   3.44447680e+02   1.40421838e-03
   3.44448168e+02   2.31569656e-03
   3.44448657e+02   3.66201415e-03
   3.44449145e+02   4.10306966e-03
   3.44449633e+02   3.07591981e-03
   3.44450122e+02   1.26074161e-03
   3.44450610e+02  -1.29143969e-04
   3.44451098e+02  -9.14897901e-05
   3.44451587e+02   1.26207317e-03
   3.44452075e+02   1.81448762e-03
   3.44452563e+02   9.48062632e-04
   3.44453051e+02   2.10659404e-04
   3.44453540e+02  -6.18096092e-04
   3.44454028e+02  -6.83758815e-04
   3.44454516e+02   9.19963524e-04
   3.44455005e+02   1.38062728e-03
   3.44455493e+02  -1.32122950e-03
   3.44455981e+02  -3.08545912e-03
   3.44456470e+02  -6.89064967e-04
   3.44456958e+02   1.05335924e-03
   3.44457446e+02  -9.06964706e-04
   3.44457935e+02  -2.44082720e-03
   3.44458423e+02  -8.30973077e-05
   3.44458911e+02   2.31775828e-03
   3.44459400e+02   9.74935538e-04
   3.44459888e+02  -1.26253557e-03
   3.44460376e+02  -1.18712964e-03
   3.44460864e+02  -1.12370013e-04
   3.44461353e+02  -3.91162088e-04
   3.44461841e+02  -5.72510180e-04
   3.44462329e+02  -7.39298353e-04
   3.44462818e+02  -2.89480970e-03
   3.44463306e+02  -4.39664628e-03
   3.44463794e+02  -2.03096401e-03
   3.44464283e+02   4.02798789e-04
   3.44464771e+02  -5.28314675e-04
   3.44465259e+02  -1.27810286e-03
   3.44465748e+02  -2.07351724e-04
   3.44466236e+02   1.15514682e-04
   3.44466724e+02  -2.03822763e-03
   3.44467212e+02  -3.80712328e-03
   3.44467701e+02  -2.92312913e-03
   3.44468189e+02  -1.55050121e-03
   3.44468677e+02  -1.41740995e-04
   3.44469166e+02   1.58551976e-03
   3.44469654e+02   1.28762773e-03
   3.44470142e+02  -4.55742440e-04
   3.44470631e+02  -1.05053047e-03
   3.44471119e+02  -2.94675818e-04
   3.44471607e+02   2.56755138e-05
   3.44472096e+02  -5.80619904e-04
   3.44472584e+02   5.89975039e-04
   3.44473072e+02   2.27333093e-03
   3.44473560e+02   1.02322700e-03
   3.44474049e+02  -7.54789566e-04
   3.44474537e+02  -7.63345626e-04
   3.44475025e+02  -8.14011029e-04
   3.44475514e+02  -1.48283574e-03
   3.44476002e+02  -1.58807868e-03
   3.44476490e+02  -7.53659755e-04
   3.44476979e+02  -1.88189180e-04
   3.44477467e+02  -7.34149420e-04
   3.44477955e+02  -1.06337364e-03
   3.44478444e+02  -1.43521702e-05
   3.44478932e+02   9.06949048e-04
   3.44479420e+02  -7.89058249e-05
   3.44479908e+02  -2.08515092e-03
   3.44480397e+02  -2.83958018e-03
   3.44480885e+02  -2.32713507e-03
   3.44481373e+02  -1.31270068e-03
   3.44481862e+02  -7.13528891e-04
   3.44482350e+02  -7.19103031e-04
   3.44482838e+02   5.03651157e-04
   3.44483327e+02   3.41039291e-03
   3.44483815e+02   3.11431149e-03
   3.44484303e+02   1.46597231e-04
   3.44484792e+02  -6.46330125e-04
   3.44485280e+02   2.48399592e-04
   3.44485768e+02  -4.81514580e-05
   3.44486256e+02   1.96579553e-04
   3.44486745e+02   2.10789102e-03
   3.44487233e+02   2.18746951e-03
   3.44487721e+02  -3.58242105e-04
   3.44488210e+02  -1.87165989e-03
   3.44488698e+02  -1.86503597e-03
   3.44489186e+02  -1.67536817e-03
   3.44489675e+02  -2.20003398e-03
   3.44490163e+02  -3.43558169e-03
   3.44490651e+02  -4.25287709e-03
   3.44491140e+02  -4.55938093e-03
   3.44491628e+02  -2.43427791e-03
   3.44492116e+02   1.14301126e-03
   3.44492604e+02   2.24141986e-03
   3.44493093e+02   1.71560619e-03
   3.44493581e+02   1.26294990e-03
   3.44494069e+02   1.04759727e-03
   3.44494558e+02  -4.44095407e-04
   3.44495046e+02  -3.35045950e-03
   3.44495534e+02  -3.28747858e-03
   3.44496023e+02  -6.17812679e-04
   3.44496511e+02   8.87846109e-04
   3.44496999e+02   2.10040202e-03
   3.44497488e+02   3.47387558e-03
   3.44497976e+02   2.28877016e-03
   3.44498464e+02  -1.86862206e-04
   3.44498953e+02   1.03950500e-04
   3.44499441e+02   1.03664107e-03
   3.44499929e+02   6.70148220e-05
   3.44500417e+02  -1.61472382e-03
   3.44500906e+02  -2.46651052e-03
   3.44501394e+02  -2.24791281e-03
   3.44501882e+02  -1.89282373e-03
   3.44502371e+02  -1.78988569e-03
   3.44502859e+02  -1.91773335e-03
   3.44503347e+02  -1.55442243e-03
   3.44503836e+02  -2.33438288e-04
   3.44504324e+02   8.80685227e-04
   3.44504812e+02   1.22854754e-03
   3.44505301e+02   6.16699283e-04
   3.44505789e+02   1.41197699e-03
   3.44506277e+02   3.85905290e-03
   3.44506765e+02   3.42309824e-03
   3.44507254e+02   4.43498982e-04
   3.44507742e+02   1.28847634e-04
   3.44508230e+02   1.85842253e-03
   3.44508719e+02   2.28527561e-03
   3.44509207e+02   1.93787762e-03
   3.44509695e+02   2.13917741e-03
   3.44510184e+02   2.73551675e-03
   3.44510672e+02   2.31152913e-03
   3.44511160e+02   1.47951650e-03
   3.44511649e+02   1.32916518e-03
   3.44512137e+02   1.20528834e-03
   3.44512625e+02   1.37405121e-03
   3.44513113e+02   1.41484290e-03
   3.44513602e+02   4.98394133e-04
   3.44514090e+02  -3.34690703e-04
   3.44514578e+02  -7.09686370e-04
   3.44515067e+02  -5.18581597e-04
   3.44515555e+02   3.55583528e-04
   3.44516043e+02   4.41454788e-04
   3.44516532e+02   6.22861204e-04
   3.44517020e+02   9.39872523e-04
   3.44517508e+02   1.25980325e-04
   3.44517997e+02  -5.97726495e-04
   3.44518485e+02  -1.25553529e-03
   3.44518973e+02  -2.46656663e-03
   3.44519461e+02  -2.53304746e-03
   3.44519950e+02  -1.08266412e-03
   3.44520438e+02   4.59028699e-04
   3.44520926e+02   1.44380587e-03
   3.44521415e+02   3.77949560e-04
   3.44521903e+02  -2.08358769e-03
   3.44522391e+02  -2.82732747e-03
   3.44522880e+02  -7.54229201e-04
   3.44523368e+02   1.60683831e-03
   3.44523856e+02   1.42802019e-03
   3.44524345e+02   1.64802550e-04
   3.44524833e+02  -1.40648684e-04
   3.44525321e+02   4.72010928e-04
   3.44525809e+02   1.71008741e-03
   3.44526298e+02   1.85667956e-03
   3.44526786e+02   1.21482764e-03
   3.44527274e+02   1.88808423e-03
   3.44527763e+02   1.49646751e-03
   3.44528251e+02  -5.44302864e-04
   3.44528739e+02  -1.01958553e-03
   3.44529228e+02  -2.46513373e-04
   3.44529716e+02  -3.52431671e-04
   3.44530204e+02  -8.89361661e-04
   3.44530693e+02  -1.76950265e-03
   3.44531181e+02  -2.53452151e-03
   3.44531669e+02  -1.90762652e-03
   3.44532157e+02  -8.56297906e-04
   3.44532646e+02   1.09004020e-03
   3.44533134e+02   3.94456740e-03
   3.44533622e+02   4.13936004e-03
   3.44534111e+02   2.18147598e-03
   3.44534599e+02   1.94974162e-03
   3.44535087e+02   2.45755026e-03
   3.44535576e+02   2.52781599e-03
   3.44536064e+02   3.70631856e-03
   3.44536552e+02   3.14277760e-03
   3.44537041e+02  -8.54079612e-04
   3.44537529e+02  -3.61159793e-03
   3.44538017e+02  -3.90452030e-03
   3.44538506e+02  -3.43231834e-03
   3.44538994e+02  -1.66418788e-03
   3.44539482e+02  -3.73005110e-04
   3.44539970e+02  -1.30249886e-03
   3.44540459e+02  -1.63394236e-03
   3.44540947e+02   4.05665080e-04
   3.44541435e+02   2.44612107e-03
   3.44541924e+02   2.04481278e-03
   3.44542412e+02  -3.88066168e-04
   3.44542900e+02  -2.79266061e-03
   3.44543389e+02  -2.79212813e-03
   3.44543877e+02  -5.22728718e-04
   3.44544365e+02   9.99943470e-04
   3.44544854e+02   5.26410935e-04
   3.44545342e+02  -1.01364660e-03
   3.44545830e+02  -1.73950882e-03
   3.44546318e+02   4.95206332e-04
   3.44546807e+02   2.92180246e-03
   3.44547295e+02   1.61444803e-03
   3.44547783e+02  -1.28314970e-03
   3.44548272e+02  -1.51860435e-03
   3.44548760e+02   1.03974587e-03
   3.44549248e+02   3.31049855e-03
   3.44549737e+02   3.45127704e-03
   3.44550225e+02   1.82547327e-03
   3.44550713e+02   3.00953048e-04
   3.44551202e+02   3.38182028e-04
   3.44551690e+02   2.03030169e-04
   3.44552178e+02  -7.76944566e-04
   3.44552666e+02  -1.00009434e-03
   3.44553155e+02  -5.42348484e-04
   3.44553643e+02   2.78920197e-04
   3.44554131e+02   1.68864266e-03
   3.44554620e+02   2.45635258e-03
   3.44555108e+02   2.37519480e-03
   3.44555596e+02   1.58177840e-03
   3.44556085e+02   1.89212791e-04
   3.44556573e+02  -6.68579421e-04
   3.44557061e+02  -1.89690059e-03
   3.44557550e+02  -3.11193825e-03
   3.44558038e+02  -2.59100622e-03
   3.44558526e+02  -1.83747534e-03
   3.44559014e+02  -2.38323375e-03
   3.44559503e+02  -2.80876481e-03
   3.44559991e+02  -2.34353868e-03
   3.44560479e+02  -1.56761066e-03
   3.44560968e+02  -1.04741147e-03
   3.44561456e+02  -3.98105738e-04
   3.44561944e+02   7.62428797e-04
   3.44562433e+02   1.67089305e-03
   3.44562921e+02   2.12269812e-03
   3.44563409e+02   2.72670528e-03
   3.44563898e+02   2.56327144e-03
   3.44564386e+02   9.36210155e-04
   3.44564874e+02   7.99589106e-05
   3.44565362e+02   1.39558618e-03
   3.44565851e+02   2.74043321e-03
   3.44566339e+02   2.29718210e-03
   3.44566827e+02   1.62918528e-03
   3.44567316e+02   2.02744314e-03
   3.44567804e+02   1.67423929e-03
   3.44568292e+02   4.86458652e-04
   3.44568781e+02   9.10646864e-04
   3.44569269e+02   2.21799430e-03
   3.44569757e+02   2.15911563e-03
   3.44570246e+02   4.07516636e-04
   3.44570734e+02  -1.03913993e-03
   3.44571222e+02  -1.05358637e-03
   3.44571710e+02  -4.24408427e-05
   3.44572199e+02   1.59532367e-03
   3.44572687e+02   1.68122642e-03
   3.44573175e+02  -2.34220042e-05
   3.44573664e+02  -8.07092816e-04
   3.44574152e+02  -6.68381181e-05
   3.44574640e+02   1.11404550e-03
   3.44575129e+02   1.52137259e-03
   3.44575617e+02  -7.79660186e-05
   3.44576105e+02  -2.24427343e-03
   3.44576594e+02  -2.10843608e-03
   3.44577082e+02   1.53860979e-04
   3.44577570e+02   2.13656831e-03
   3.44578059e+02   2.04381859e-03
   3.44578547e+02   1.68769562e-03
   3.44579035e+02   1.71446230e-03
   3.44579523e+02   5.33145212e-04
   3.44580012e+02  -1.49115536e-03
   3.44580500e+02  -2.81530339e-03
   3.44580988e+02  -2.45153019e-03
   3.44581477e+02  -1.12152100e-03
   3.44581965e+02  -9.91709530e-04
   3.44582453e+02  -4.96606517e-04
   3.44582942e+02   1.45991705e-03
   3.44583430e+02   2.05438444e-03
   3.44583918e+02   1.20986381e-03
   3.44584407e+02  -4.29418898e-04
   3.44584895e+02  -1.37725985e-03
   3.44585383e+02   4.13627349e-05
   3.44585871e+02   8.54123733e-04
   3.44586360e+02   3.35952645e-04
   3.44586848e+02  -1.10116758e-04
   3.44587336e+02  -4.63077042e-04
   3.44587825e+02   3.27181151e-05
   3.44588313e+02   4.76088782e-04
   3.44588801e+02  -1.43650570e-04
   3.44589290e+02  -3.43567808e-04
   3.44589778e+02   4.15985269e-04
   3.44590266e+02   1.11082313e-03
   3.44590755e+02   8.05255317e-04
   3.44591243e+02  -3.55895463e-04
   3.44591731e+02  -6.62120350e-04
   3.44592219e+02   1.13053084e-03
   3.44592708e+02   3.71776428e-03
   3.44593196e+02   3.71878152e-03
   3.44593684e+02   1.31190463e-03
   3.44594173e+02  -3.63586936e-04
   3.44594661e+02  -1.03749509e-03
   3.44595149e+02  -1.16485718e-03
   3.44595638e+02  -8.78655410e-04
   3.44596126e+02  -7.69188686e-04
   3.44596614e+02  -5.22018119e-04
   3.44597103e+02  -5.26500808e-04
   3.44597591e+02  -4.29075269e-04
   3.44598079e+02   1.28853368e-03
   3.44598567e+02   2.47295154e-03
   3.44599056e+02   1.33108639e-03
   3.44599544e+02  -1.33315058e-04
   3.44600032e+02   1.11105801e-04
   3.44600521e+02   7.93605926e-04
   3.44601009e+02   5.80910419e-04
   3.44601497e+02   1.19058404e-03
   3.44601986e+02   2.12103431e-03
   3.44602474e+02   1.37819757e-03
   3.44602962e+02   3.35977849e-04
   3.44603451e+02   4.39899362e-04
   3.44603939e+02   1.03025872e-03
   3.44604427e+02   2.05721264e-03
   3.44604915e+02   4.03751759e-03
   3.44605404e+02   4.89378534e-03
   3.44605892e+02   4.61959746e-03
   3.44606380e+02   3.70485056e-03
   3.44606869e+02  -1.59179646e-04
   3.44607357e+02  -4.45495872e-03
   3.44607845e+02  -4.77702636e-03
   3.44608334e+02  -3.02860863e-03
   3.44608822e+02  -2.15034606e-03
   3.44609310e+02  -2.73734820e-03
   3.44609799e+02  -4.47360659e-03
   3.44610287e+02  -5.61618060e-03
   3.44610775e+02  -4.13242402e-03
   3.44611263e+02  -1.69067853e-03
   3.44611752e+02  -1.12960301e-03
   3.44612240e+02  -1.39056914e-03
   3.44612728e+02  -1.39522483e-03
   3.44613217e+02  -1.89777464e-04
   3.44613705e+02   1.96310552e-03
   3.44614193e+02   2.39453814e-03
   3.44614682e+02   1.35628402e-03
   3.44615170e+02   7.44088204e-04
   3.44615658e+02   5.86051261e-04
   3.44616147e+02   5.51633188e-04
   3.44616635e+02  -8.66740535e-04
   3.44617123e+02  -2.96122720e-03
   3.44617612e+02  -2.50736438e-03
   3.44618100e+02   1.59380477e-04
   3.44618588e+02   2.98451073e-03
   3.44619076e+02   3.93747259e-03
   3.44619565e+02   3.13135446e-03
   3.44620053e+02   3.73136206e-03
   3.44620541e+02   5.39082428e-03
   3.44621030e+02   5.44652343e-03
   3.44621518e+02   4.23274143e-03
   3.44622006e+02   3.41312750e-03
   3.44622495e+02   2.43344530e-03
   3.44622983e+02   1.11728010e-03
   3.44623471e+02  -2.67778581e-04
   3.44623960e+02  -8.86927824e-04
   3.44624448e+02   9.98797826e-04
   3.44624936e+02   2.94192135e-03
   3.44625424e+02   1.70266954e-03
   3.44625913e+02   1.02784914e-04
   3.44626401e+02   1.16998458e-03
   3.44626889e+02   2.88496260e-03
   3.44627378e+02   3.53040476e-03
   3.44627866e+02   3.09700333e-03
   3.44628354e+02   2.62535224e-03
   3.44628843e+02   3.04782321e-03
   3.44629331e+02   2.47864681e-03
   3.44629819e+02   2.22575211e-04
   3.44630308e+02  -1.11514865e-03
   3.44630796e+02  -7.74370041e-04
   3.44631284e+02  -9.49445122e-04
   3.44631772e+02  -1.01459469e-03
   3.44632261e+02   2.62227783e-04
   3.44632749e+02   7.61228206e-04
   3.44633237e+02  -7.31604348e-04
   3.44633726e+02  -1.81686180e-03
   3.44634214e+02  -1.17912411e-03
   3.44634702e+02  -7.19557982e-04
   3.44635191e+02  -1.06137129e-03
   3.44635679e+02  -1.00485806e-03
   3.44636167e+02  -1.51482050e-03
   3.44636656e+02  -2.24708091e-03
   3.44637144e+02  -1.74022268e-03
   3.44637632e+02  -4.01240628e-04
   3.44638120e+02   5.37661137e-04
   3.44638609e+02  -6.84448751e-04
   3.44639097e+02  -1.23668229e-03
   3.44639585e+02   1.53192901e-03
   3.44640074e+02   4.54601180e-03
   3.44640562e+02   5.18155284e-03
   3.44641050e+02   3.46759008e-03
   3.44641539e+02   1.41633151e-03
   3.44642027e+02   7.24557496e-04
   3.44642515e+02   9.04251705e-04
   3.44643004e+02   1.37548440e-03
   3.44643492e+02   1.69020437e-03
   3.44643980e+02   1.23154197e-03
   3.44644468e+02  -4.74470056e-04
   3.44644957e+02  -2.23705592e-03
   3.44645445e+02  -2.25612009e-03
   3.44645933e+02  -7.79879163e-04
   3.44646422e+02   8.71100696e-04
   3.44646910e+02   1.47942710e-03
   3.44647398e+02   1.03900325e-03
   3.44647887e+02   1.23758381e-03
   3.44648375e+02   1.71580992e-03
   3.44648863e+02   6.34068274e-04
   3.44649352e+02   4.00343197e-05
   3.44649840e+02   1.21754594e-03
   3.44650328e+02   1.21972430e-03
   3.44650816e+02   4.36195347e-04
   3.44651305e+02   5.83060319e-04
   3.44651793e+02   7.63540156e-04
   3.44652281e+02  -8.15136533e-04
   3.44652770e+02  -3.55197978e-03
   3.44653258e+02  -3.61983455e-03
   3.44653746e+02   1.73435492e-05
   3.44654235e+02   3.11754853e-03
   3.44654723e+02   2.85666180e-03
   3.44655211e+02   1.29739929e-03
   3.44655700e+02   1.08296727e-03
   3.44656188e+02   4.90004662e-04
   3.44656676e+02  -2.79572047e-03
   3.44657165e+02  -3.75970523e-03
   3.44657653e+02  -4.73290158e-04
   3.44658141e+02   1.90917857e-03
   3.44658629e+02   8.95062927e-04
   3.44659118e+02   9.60186662e-05
   3.44659606e+02   7.83540192e-04
   3.44660094e+02   1.73672370e-03
   3.44660583e+02   2.78134132e-03
   3.44661071e+02   2.63615651e-03
   3.44661559e+02   3.43818625e-04
   3.44662048e+02  -1.67703244e-03
   3.44662536e+02  -1.60416984e-03
   3.44663024e+02  -1.08296366e-03
   3.44663513e+02  -1.55582081e-03
   3.44664001e+02  -2.49343249e-03
   3.44664489e+02  -1.82583288e-03
   3.44664977e+02  -4.74221568e-04
   3.44665466e+02  -8.57433013e-04
   3.44665954e+02  -1.29581743e-03
   3.44666442e+02  -5.67065319e-04
   3.44666931e+02   5.05851116e-04
   3.44667419e+02   2.01586843e-03
   3.44667907e+02   3.14458646e-03
   3.44668396e+02   1.36018777e-03
   3.44668884e+02  -1.99216953e-03
   3.44669372e+02  -2.66232458e-03
   3.44669861e+02  -1.45302387e-03
   3.44670349e+02  -7.94794003e-04
   3.44670837e+02  -1.28931564e-03
   3.44671325e+02  -2.07539625e-03
   3.44671814e+02  -1.58036896e-03
   3.44672302e+02   4.84617834e-04
   3.44672790e+02   1.49950781e-03
   3.44673279e+02   1.17863633e-03
   3.44673767e+02   1.79602846e-03
   3.44674255e+02   1.72584970e-03
   3.44674744e+02   1.94271575e-04
   3.44675232e+02  -8.59962718e-04
   3.44675720e+02  -4.78408707e-04
   3.44676209e+02   9.19273880e-04
   3.44676697e+02   1.64896634e-03
   3.44677185e+02   1.33427081e-03
   3.44677673e+02   9.55372292e-04
   3.44678162e+02  -2.83898116e-05
   3.44678650e+02  -8.24920484e-04
   3.44679138e+02  -4.05632250e-04
   3.44679627e+02  -5.63287293e-04
   3.44680115e+02  -1.36860611e-03
   3.44680603e+02   1.70847907e-05
   3.44681092e+02   2.27554771e-03
   3.44681580e+02   2.50421977e-03
   3.44682068e+02   2.55374750e-03
   3.44682557e+02   3.19138309e-03
   3.44683045e+02   3.46585433e-03
   3.44683533e+02   3.03564663e-03
   3.44684021e+02   3.20003397e-04
   3.44684510e+02  -1.72786613e-03
   3.44684998e+02  -3.54071031e-04
   3.44685486e+02   1.51006179e-03
   3.44685975e+02   1.50277209e-03
   3.44686463e+02   1.13652158e-03
   3.44686951e+02   1.00481638e-03
   3.44687440e+02  -3.45467270e-04
   3.44687928e+02  -1.76913419e-03
   3.44688416e+02  -1.30474893e-03
   3.44688905e+02  -1.53668923e-04
   3.44689393e+02   1.36177847e-03
   3.44689881e+02   2.36104545e-03
   3.44690369e+02   8.69550218e-04
   3.44690858e+02  -1.58960419e-03
   3.44691346e+02  -2.29174923e-03
   3.44691834e+02  -1.62413961e-03
   3.44692323e+02  -7.20502750e-04
   3.44692811e+02  -4.72848333e-04
   3.44693299e+02  -2.09838196e-04
   3.44693788e+02   7.04695471e-04
   3.44694276e+02   1.67323009e-03
   3.44694764e+02   3.17324419e-03
   3.44695253e+02   3.18586477e-03
   3.44695741e+02   3.83663806e-04
   3.44696229e+02  -1.89291616e-03
   3.44696718e+02  -1.85010291e-03
   3.44697206e+02  -1.26225257e-03
   3.44697694e+02  -2.12532337e-04
   3.44698182e+02   1.90147571e-03
   3.44698671e+02   3.55232554e-03
   3.44699159e+02   2.85000610e-03
   3.44699647e+02   1.61947694e-03
   3.44700136e+02   2.10109353e-03
   3.44700624e+02   2.83182599e-03
   3.44701112e+02   3.33592435e-03
   3.44701601e+02   2.62890733e-03
   3.44702089e+02   5.01830713e-04
   3.44702577e+02  -7.45472440e-04
   3.44703066e+02  -5.39805682e-04
   3.44703554e+02   4.53108572e-04
   3.44704042e+02   4.39618481e-04
   3.44704530e+02  -7.52539723e-04
   3.44705019e+02  -1.20290264e-03
   3.44705507e+02  -9.73748858e-04
   3.44705995e+02  -9.56442207e-04
   3.44706484e+02  -7.49325322e-04
   3.44706972e+02   2.83813351e-05
   3.44707460e+02   8.26065298e-05
   3.44707949e+02   1.22403784e-04
   3.44708437e+02   8.28712888e-04
   3.44708925e+02   5.58450993e-04
   3.44709414e+02  -1.20819407e-03
   3.44709902e+02  -2.22356198e-03
   3.44710390e+02  -5.49651857e-04
   3.44710878e+02   3.16588278e-03
   3.44711367e+02   4.78424598e-03
   3.44711855e+02   2.08272808e-03
   3.44712343e+02  -9.55989002e-04
   3.44712832e+02  -1.23354886e-03
   3.44713320e+02   1.07881555e-03
   3.44713808e+02   2.86998088e-03
   3.44714297e+02   8.57763342e-04
   3.44714785e+02  -2.30125617e-03
   3.44715273e+02  -3.04749515e-03
   3.44715762e+02  -1.58844178e-03
   3.44716250e+02  -3.78394267e-04
   3.44716738e+02  -4.74496977e-04
   3.44717226e+02  -6.47478504e-04
   3.44717715e+02   7.00564196e-05
   3.44718203e+02   5.30132093e-04
   3.44718691e+02   1.32954225e-03
   3.44719180e+02   3.13308300e-03
   3.44719668e+02   4.47694398e-03
   3.44720156e+02   3.54853785e-03
   3.44720645e+02   7.48314313e-04
   3.44721133e+02  -2.24400987e-03
   3.44721621e+02  -3.30889830e-03
   3.44722110e+02  -2.13405723e-03
   3.44722598e+02   1.95306071e-04
   3.44723086e+02   2.76266318e-03
   3.44723574e+02   3.45196994e-03
   3.44724063e+02   2.07744562e-03
   3.44724551e+02   6.02567685e-04
   3.44725039e+02  -1.95259257e-04
   3.44725528e+02   3.94907729e-05
   3.44726016e+02   9.07296926e-05
   3.44726504e+02  -1.59347593e-03
   3.44726993e+02  -7.27202569e-04
   3.44727481e+02   3.12080234e-03
   3.44727969e+02   3.80142778e-03
   3.44728458e+02   1.22606265e-03
   3.44728946e+02  -1.13744754e-04
   3.44729434e+02   9.95640759e-04
   3.44729922e+02   2.02676002e-03
   3.44730411e+02   1.18060131e-03
   3.44730899e+02   3.24149121e-04
   3.44731387e+02   3.45617300e-04
   3.44731876e+02   3.20999738e-04
   3.44732364e+02   9.20722436e-04
   3.44732852e+02   1.29420112e-03
   3.44733341e+02   6.36437035e-05
   3.44733829e+02  -1.46691618e-03
   3.44734317e+02  -2.02998682e-03
   3.44734806e+02  -1.96615327e-03
   3.44735294e+02  -1.12646748e-03
   3.44735782e+02  -2.59964378e-04
   3.44736271e+02  -6.06249436e-04
   3.44736759e+02  -8.09356396e-04
   3.44737247e+02   4.29162639e-04
   3.44737735e+02   1.04904997e-04
   3.44738224e+02  -2.11484963e-03
   3.44738712e+02  -1.47481123e-03
   3.44739200e+02   1.52952434e-03
   3.44739689e+02   2.68670591e-03
   3.44740177e+02   1.98183628e-03
   3.44740665e+02   1.75376947e-03
   3.44741154e+02   2.02438282e-03
   3.44741642e+02   2.67042359e-03
   3.44742130e+02   2.30723503e-03
   3.44742619e+02   1.07403190e-04
   3.44743107e+02  -1.24214822e-03
   3.44743595e+02  -8.70607153e-04
   3.44744083e+02   2.43839546e-04
   3.44744572e+02  -1.40331002e-04
   3.44745060e+02  -1.61189924e-03
   3.44745548e+02  -1.18052214e-03
   3.44746037e+02  -2.86141672e-04
   3.44746525e+02  -3.07258713e-04
   3.44747013e+02  -5.42249763e-04
   3.44747502e+02  -8.06395314e-04
   3.44747990e+02  -7.62446376e-04
   3.44748478e+02   4.48484905e-04
   3.44748967e+02   2.16367492e-03
   3.44749455e+02   1.65154377e-03
   3.44749943e+02  -4.67019941e-04
   3.44750431e+02  -2.75262806e-04
   3.44750920e+02   1.04511518e-03
   3.44751408e+02   2.94627593e-04
   3.44751896e+02  -1.63780432e-03
   3.44752385e+02  -3.42386658e-03
   3.44752873e+02  -4.78112651e-03
   3.44753361e+02  -4.62632254e-03
   3.44753850e+02  -3.03921499e-03
   3.44754338e+02  -1.03326212e-03
   3.44754826e+02   8.40377179e-05
   3.44755315e+02  -9.59420504e-05
   3.44755803e+02  -6.17279729e-04
   3.44756291e+02  -5.59806300e-04
   3.44756779e+02   4.69977647e-04
   3.44757268e+02   1.68177718e-03
   3.44757756e+02   2.05833069e-03
   3.44758244e+02   1.61338097e-03
   3.44758733e+02   6.45924069e-04
   3.44759221e+02  -4.15806891e-04
   3.44759709e+02  -1.98873994e-03
   3.44760198e+02  -2.81480723e-03
   3.44760686e+02  -1.52147061e-03
   3.44761174e+02  -6.01021748e-04
   3.44761663e+02  -1.50846574e-03
   3.44762151e+02  -1.97501783e-03
   3.44762639e+02  -1.47772662e-03
   3.44763127e+02  -1.62931276e-03
   3.44763616e+02  -2.01029447e-03
   3.44764104e+02  -2.08884664e-03
   3.44764592e+02  -9.70776367e-04
   3.44765081e+02   9.55902447e-04
   3.44765569e+02   1.19523797e-03
   3.44766057e+02   8.86285852e-04
   3.44766546e+02   7.18013849e-04
   3.44767034e+02  -7.27998384e-04
   3.44767522e+02  -2.09824322e-03
   3.44768011e+02  -2.05372320e-03
   3.44768499e+02  -2.18982622e-03
   3.44768987e+02  -2.38242932e-03
   3.44769475e+02  -1.90396351e-03
   3.44769964e+02  -1.20227213e-03
   3.44770452e+02  -1.67790931e-04
   3.44770940e+02  -8.52018886e-04
   3.44771429e+02  -2.24556518e-03
   3.44771917e+02  -1.05438544e-03
   3.44772405e+02   1.27508980e-03
   3.44772894e+02   2.06687604e-03
   3.44773382e+02   3.48059577e-04
   3.44773870e+02  -1.05188123e-03
   3.44774359e+02   2.26513599e-04
   3.44774847e+02   1.88378850e-03
   3.44775335e+02   2.22313055e-03
   3.44775824e+02   1.42370746e-03
   3.44776312e+02   3.35875113e-04
   3.44776800e+02  -4.90478997e-04
   3.44777288e+02  -1.99472625e-03
   3.44777777e+02  -2.83526280e-03
   3.44778265e+02  -1.86192838e-03
   3.44778753e+02  -4.38756630e-04
   3.44779242e+02   1.14518007e-04
   3.44779730e+02  -3.19686922e-04
   3.44780218e+02  -5.19855414e-04
   3.44780707e+02  -6.57310302e-04
   3.44781195e+02  -2.39924435e-03
   3.44781683e+02  -3.39682889e-03
   3.44782172e+02  -1.47188781e-03
   3.44782660e+02   2.00322174e-04
   3.44783148e+02  -6.35057571e-04
   3.44783636e+02  -6.81632373e-04
   3.44784125e+02   1.23368821e-03
   3.44784613e+02   7.57712871e-04
   3.44785101e+02  -9.57462995e-04
   3.44785590e+02  -6.29782560e-04
   3.44786078e+02  -3.20520077e-04
   3.44786566e+02  -5.96198544e-04
   3.44787055e+02  -1.39341655e-03
   3.44787543e+02  -1.86296855e-03
   3.44788031e+02  -8.44382914e-04
   3.44788520e+02  -1.61495089e-04
   3.44789008e+02   1.94907756e-04
   3.44789496e+02   9.88595420e-04
   3.44789984e+02   1.28498266e-03
   3.44790473e+02   9.55808384e-04
   3.44790961e+02   1.01230654e-03
   3.44791449e+02   1.37958117e-03
   3.44791938e+02   1.36059348e-03
   3.44792426e+02   4.55422618e-04
   3.44792914e+02   2.74867102e-06
   3.44793403e+02   6.69524306e-04
   3.44793891e+02   2.87239556e-04
   3.44794379e+02  -1.26975030e-03
   3.44794868e+02  -3.67706479e-03
   3.44795356e+02  -4.76415874e-03
   3.44795844e+02  -2.29802472e-03
   3.44796332e+02   7.62948708e-04
   3.44796821e+02   1.12304371e-03
   3.44797309e+02  -2.25765907e-05
   3.44797797e+02   1.67287697e-04
   3.44798286e+02   4.77417983e-04
   3.44798774e+02  -4.45554149e-04
   3.44799262e+02  -9.04154265e-04
   3.44799751e+02  -4.25395468e-04
   3.44800239e+02  -3.81753052e-04
   3.44800727e+02  -4.43889643e-04
   3.44801216e+02   2.30163732e-05
   3.44801704e+02  -3.73603107e-04
   3.44802192e+02  -1.57619163e-03
   3.44802680e+02  -7.65107048e-04
   3.44803169e+02   9.92093352e-04
   3.44803657e+02   9.73675109e-04
   3.44804145e+02  -3.11557233e-04
   3.44804634e+02  -2.06711725e-03
   3.44805122e+02  -2.59878044e-03
   3.44805610e+02  -9.27624409e-04
   3.44806099e+02   1.27220852e-03
   3.44806587e+02   1.80396496e-03
   3.44807075e+02   4.72138228e-04
   3.44807564e+02  -3.53209733e-04
   3.44808052e+02   1.16039766e-04
   3.44808540e+02  -2.26971402e-04
   3.44809028e+02  -1.01203460e-03
   3.44809517e+02  -2.44016745e-04
   3.44810005e+02  -9.08574123e-07
   3.44810493e+02  -1.64413487e-03
   3.44810982e+02  -3.68941436e-03
   3.44811470e+02  -3.81100015e-03
   3.44811958e+02  -1.67042774e-03
   3.44812447e+02   1.73941531e-04
   3.44812935e+02  -1.20106553e-04
   3.44813423e+02  -1.47205999e-03
   3.44813912e+02  -1.93409272e-03
   3.44814400e+02  -1.40982436e-03
   3.44814888e+02  -2.77659041e-04
   3.44815377e+02   5.91099146e-04
   3.44815865e+02  -2.21117196e-04
   3.44816353e+02  -1.18279154e-03
   3.44816841e+02  -5.69670228e-04
   3.44817330e+02   2.39358211e-04
   3.44817818e+02   1.05608976e-03
   3.44818306e+02   2.04671500e-03
   3.44818795e+02   1.15285814e-03
   3.44819283e+02  -1.40125956e-03
   3.44819771e+02  -2.43498455e-03
   3.44820260e+02  -9.52208415e-04
   3.44820748e+02   1.13138731e-03
   3.44821236e+02   3.10727890e-04
   3.44821725e+02  -1.83887046e-03
   3.44822213e+02  -1.13815302e-03
   3.44822701e+02   6.21184066e-04
   3.44823189e+02   1.34924438e-03
   3.44823678e+02   1.23109005e-03
   3.44824166e+02  -2.19453796e-04
   3.44824654e+02  -2.20221700e-05
   3.44825143e+02   2.97383685e-03
   3.44825631e+02   4.75383643e-03
   3.44826119e+02   4.27482883e-03
   3.44826608e+02   2.44514574e-03
   3.44827096e+02  -4.36466740e-04
   3.44827584e+02  -2.17853952e-03
   3.44828073e+02  -1.95435667e-03
   3.44828561e+02  -1.43199158e-03
   3.44829049e+02  -1.06409634e-03
   3.44829537e+02  -6.83087099e-04
   3.44830026e+02   1.26424566e-04
   3.44830514e+02   5.61913010e-04
   3.44831002e+02  -1.33177184e-03
   3.44831491e+02  -3.17987823e-03
   3.44831979e+02  -7.09712913e-04
   3.44832467e+02   2.00501364e-03
   3.44832956e+02   8.39866407e-05
   3.44833444e+02  -1.56243716e-03
