frequency (GHz), flux (Jy/beam)
   3.45010009e+02   5.37968765e-04
   3.45010497e+02  -1.77681810e-04
   3.45010985e+02  -3.47177091e-04
   3.45011474e+02   6.61629019e-04
   3.45011962e+02  -1.32795729e-04
   3.45012450e+02  -7.55393761e-04
   3.45012939e+02  -4.88389342e-04
   3.45013427e+02  -1.58020812e-05
   3.45013915e+02   5.87848015e-04
   3.45014403e+02  -3.92349495e-04
   3.45014892e+02  -4.45865095e-04
   3.45015380e+02   8.97223537e-04
   3.45015868e+02   7.80674978e-04
   3.45016357e+02  -3.52604722e-04
   3.45016845e+02  -8.99702776e-04
   3.45017333e+02  -7.17457500e-04
   3.45017822e+02  -6.87848253e-04
   3.45018310e+02  -1.52130064e-03
   3.45018798e+02  -2.96892063e-03
   3.45019287e+02  -2.30543409e-03
   3.45019775e+02  -4.44394478e-04
   3.45020263e+02  -9.10872710e-04
   3.45020752e+02  -1.02619722e-03
   3.45021240e+02   7.54306617e-04
   3.45021728e+02   1.58001599e-03
   3.45022217e+02   2.26100907e-03
   3.45022705e+02   3.08507192e-03
   3.45023193e+02   6.16617443e-04
   3.45023682e+02  -1.45710621e-03
   3.45024170e+02   9.19485348e-04
   3.45024658e+02   2.38418649e-03
   3.45025147e+02   2.61372275e-04
   3.45025635e+02  -9.88928601e-04
   3.45026123e+02   5.43044473e-04
   3.45026611e+02   1.12654106e-03
   3.45027100e+02   2.56298899e-05
   3.45027588e+02  -9.63122526e-04
   3.45028076e+02  -1.06289168e-03
   3.45028565e+02  -9.21212137e-04
   3.45029053e+02  -1.38737098e-03
   3.45029541e+02  -1.98941515e-03
   3.45030030e+02  -8.64348724e-04
   3.45030518e+02   3.52020958e-04
   3.45031006e+02   6.08692426e-06
   3.45031495e+02  -3.91314708e-04
   3.45031983e+02  -8.31814890e-04
   3.45032471e+02  -1.71347859e-03
   3.45032960e+02  -2.35283002e-03
   3.45033448e+02  -1.96737633e-03
   3.45033936e+02  -1.10314030e-03
   3.45034425e+02  -9.75224189e-04
   3.45034913e+02  -1.46343175e-03
   3.45035401e+02  -9.02915024e-04
   3.45035890e+02   6.17373793e-04
   3.45036378e+02   6.56566350e-04
   3.45036866e+02   2.32622027e-04
   3.45037354e+02   4.84023825e-04
   3.45037843e+02  -5.20104950e-04
   3.45038331e+02  -1.42820564e-03
   3.45038819e+02   1.04534774e-04
   3.45039308e+02   7.60499155e-04
   3.45039796e+02  -8.59673775e-04
   3.45040284e+02  -1.72243838e-03
   3.45040773e+02  -1.24801579e-03
   3.45041261e+02  -1.55872747e-03
   3.45041749e+02  -2.42828112e-03
   3.45042238e+02  -2.83529912e-03
   3.45042726e+02  -3.27631994e-03
   3.45043214e+02  -1.64769497e-03
   3.45043703e+02   9.37897246e-04
   3.45044191e+02   1.03192928e-03
   3.45044679e+02   4.79259033e-04
   3.45045168e+02   1.09128468e-03
   3.45045656e+02   4.51126456e-04
   3.45046144e+02  -1.04907551e-03
   3.45046633e+02  -1.37601967e-03
   3.45047121e+02  -6.92357367e-04
   3.45047609e+02   1.08735876e-05
   3.45048097e+02  -1.07588043e-04
   3.45048586e+02   6.09225885e-04
   3.45049074e+02   1.58153358e-03
   3.45049562e+02   4.74733097e-04
   3.45050051e+02  -7.88426551e-04
   3.45050539e+02  -3.79387144e-04
   3.45051027e+02   2.38997904e-06
   3.45051516e+02  -9.72739886e-04
   3.45052004e+02  -1.88295427e-03
   3.45052492e+02  -1.80285808e-03
   3.45052981e+02  -1.63005301e-04
   3.45053469e+02   2.09976430e-03
   3.45053957e+02   2.22324743e-03
   3.45054446e+02   1.97108206e-03
   3.45054934e+02   3.07971612e-03
   3.45055422e+02   2.86678947e-03
   3.45055911e+02   1.91409013e-03
   3.45056399e+02   1.19834230e-03
   3.45056887e+02   8.94693541e-04
   3.45057376e+02   7.02641206e-04
   3.45057864e+02   8.41159956e-04
   3.45058352e+02   6.92435890e-04
   3.45058841e+02   4.20904602e-04
   3.45059329e+02   1.39230560e-03
   3.45059817e+02   2.03407393e-03
   3.45060305e+02   7.73178181e-04
   3.45060794e+02  -1.35497795e-03
   3.45061282e+02  -1.20396586e-03
   3.45061770e+02   6.88344415e-04
   3.45062259e+02   1.02268450e-03
   3.45062747e+02  -5.85190028e-05
   3.45063235e+02  -1.36414089e-03
   3.45063724e+02  -1.97020965e-03
   3.45064212e+02  -1.30409235e-03
   3.45064700e+02  -9.15778728e-05
   3.45065189e+02   6.48218906e-04
   3.45065677e+02   9.15903191e-04
   3.45066165e+02   1.15976168e-03
   3.45066654e+02   1.45413727e-03
   3.45067142e+02   6.52246585e-04
   3.45067630e+02  -6.95909621e-05
   3.45068119e+02  -1.11815683e-03
   3.45068607e+02  -9.32535040e-04
   3.45069095e+02  -1.56947906e-04
   3.45069584e+02  -1.18310336e-05
   3.45070072e+02  -5.78463136e-04
   3.45070560e+02  -9.46487475e-04
   3.45071048e+02   1.11487527e-04
   3.45071537e+02   1.38286978e-03
   3.45072025e+02   1.68731960e-03
   3.45072513e+02   6.43368345e-04
   3.45073002e+02  -5.25414711e-04
   3.45073490e+02  -1.68035695e-04
   3.45073978e+02  -2.48976372e-04
   3.45074467e+02  -7.55415007e-04
   3.45074955e+02  -3.51581519e-04
   3.45075443e+02   6.06676738e-04
   3.45075932e+02   1.83952623e-03
   3.45076420e+02   1.50650449e-03
   3.45076908e+02   3.82389262e-04
   3.45077397e+02   8.63343594e-04
   3.45077885e+02   1.10703055e-03
   3.45078373e+02  -1.36538467e-04
   3.45078862e+02  -1.60526179e-04
   3.45079350e+02   6.07868540e-04
   3.45079838e+02  -5.29766723e-04
   3.45080327e+02  -7.17712450e-04
   3.45080815e+02   6.00497122e-04
   3.45081303e+02   5.50560944e-05
   3.45081791e+02  -1.22983591e-03
   3.45082280e+02  -7.98359979e-04
   3.45082768e+02   1.75097259e-03
   3.45083256e+02   1.64829136e-03
   3.45083745e+02  -1.28970167e-03
   3.45084233e+02  -2.48806574e-03
   3.45084721e+02  -2.04507960e-03
   3.45085210e+02  -1.85294426e-03
   3.45085698e+02  -1.51789642e-03
   3.45086186e+02  -4.55553527e-04
   3.45086675e+02   1.18419863e-04
   3.45087163e+02  -5.36979933e-04
   3.45087651e+02   1.64636527e-04
   3.45088140e+02   2.46594171e-03
   3.45088628e+02   1.96585804e-03
   3.45089116e+02  -3.07756243e-04
   3.45089605e+02  -5.23128256e-04
   3.45090093e+02   5.46954652e-05
   3.45090581e+02   5.02443523e-04
   3.45091070e+02   1.71278967e-04
   3.45091558e+02   4.24613303e-04
   3.45092046e+02   1.70953700e-03
   3.45092535e+02   1.84763945e-03
   3.45093023e+02   5.99934137e-04
   3.45093511e+02  -1.98603870e-04
   3.45093999e+02   2.98711202e-05
   3.45094488e+02   2.17058434e-04
   3.45094976e+02   3.91131034e-04
   3.45095464e+02   6.64315769e-04
   3.45095953e+02  -1.20319593e-04
   3.45096441e+02   1.42051707e-04
   3.45096929e+02   3.43853433e-04
   3.45097418e+02  -5.78144798e-04
   3.45097906e+02  -2.93424178e-04
   3.45098394e+02  -4.47009748e-04
   3.45098883e+02  -9.55325202e-04
   3.45099371e+02  -2.77293235e-04
   3.45099859e+02  -8.46117400e-05
   3.45100348e+02  -2.61488254e-04
   3.45100836e+02  -1.27507476e-04
   3.45101324e+02   1.14196748e-03
   3.45101813e+02   2.48734397e-03
   3.45102301e+02   7.25859136e-04
   3.45102789e+02  -7.99211557e-04
   3.45103278e+02   8.80559499e-04
   3.45103766e+02   1.82047719e-03
   3.45104254e+02   1.80638081e-03
   3.45104742e+02   2.23076390e-03
   3.45105231e+02   1.52231532e-03
   3.45105719e+02   1.88065496e-05
   3.45106207e+02  -7.71582767e-04
   3.45106696e+02  -4.38187504e-04
   3.45107184e+02   1.82776683e-04
   3.45107672e+02   6.46409811e-04
   3.45108161e+02   3.88881250e-04
   3.45108649e+02  -7.08946725e-04
   3.45109137e+02  -1.66736031e-03
   3.45109626e+02  -2.29060440e-03
   3.45110114e+02  -7.82989606e-04
   3.45110602e+02   7.36179878e-04
   3.45111091e+02   3.59947124e-04
   3.45111579e+02   1.12836785e-03
   3.45112067e+02   2.52368068e-03
   3.45112556e+02   2.04167841e-03
   3.45113044e+02   1.97693636e-03
   3.45113532e+02   1.51287136e-03
   3.45114021e+02  -1.26828963e-04
   3.45114509e+02  -2.09800992e-03
   3.45114997e+02  -2.80258921e-03
   3.45115485e+02  -2.89781019e-03
   3.45115974e+02  -2.55434774e-03
   3.45116462e+02  -1.72958313e-03
   3.45116950e+02  -5.09376812e-04
   3.45117439e+02   8.90621683e-04
   3.45117927e+02   1.72865414e-03
   3.45118415e+02   1.65425753e-03
   3.45118904e+02   2.40091281e-03
   3.45119392e+02   4.01483569e-03
   3.45119880e+02   4.57887584e-03
   3.45120369e+02   2.77071469e-03
   3.45120857e+02   1.85154018e-03
   3.45121345e+02   2.76124291e-03
   3.45121834e+02   1.72909221e-03
   3.45122322e+02   3.76333366e-04
   3.45122810e+02   1.47663435e-04
   3.45123299e+02  -7.24540965e-04
   3.45123787e+02  -1.37829292e-03
   3.45124275e+02  -9.12001473e-04
   3.45124764e+02  -3.98735807e-04
   3.45125252e+02  -1.23627513e-04
   3.45125740e+02  -5.80402440e-04
   3.45126229e+02  -1.04779971e-03
   3.45126717e+02   5.31590602e-04
   3.45127205e+02   2.06962763e-03
   3.45127693e+02   6.71200512e-04
   3.45128182e+02  -1.26350543e-03
   3.45128670e+02  -1.67176628e-03
   3.45129158e+02  -3.10365431e-04
   3.45129647e+02  -1.47262675e-04
   3.45130135e+02  -6.02270011e-04
   3.45130623e+02   4.41065378e-04
   3.45131112e+02   2.87956791e-04
   3.45131600e+02  -1.73238397e-03
   3.45132088e+02  -2.32866080e-03
   3.45132577e+02  -1.26625772e-03
   3.45133065e+02  -1.13059563e-04
   3.45133553e+02   3.16123420e-04
   3.45134042e+02   2.83334230e-04
   3.45134530e+02   4.68337676e-04
   3.45135018e+02  -2.94290454e-04
   3.45135507e+02  -1.35472696e-03
   3.45135995e+02  -1.35979976e-03
   3.45136483e+02  -7.88741687e-04
   3.45136972e+02  -1.02795172e-03
   3.45137460e+02  -1.96317933e-03
   3.45137948e+02  -1.40924507e-03
   3.45138436e+02   2.84468697e-04
   3.45138925e+02   6.82395243e-04
   3.45139413e+02  -9.71398840e-04
   3.45139901e+02  -2.67702667e-03
   3.45140390e+02  -2.05053831e-03
   3.45140878e+02  -8.48812866e-04
   3.45141366e+02  -6.84971863e-04
   3.45141855e+02  -6.65005064e-04
   3.45142343e+02  -8.12476093e-04
   3.45142831e+02  -4.84409946e-04
   3.45143320e+02  -3.74207186e-04
   3.45143808e+02  -3.98682634e-04
   3.45144296e+02   4.04146558e-04
   3.45144785e+02   6.39205915e-04
   3.45145273e+02  -6.08155853e-04
   3.45145761e+02  -4.74841159e-04
   3.45146250e+02   1.17848790e-03
   3.45146738e+02   1.29847822e-03
   3.45147226e+02  -4.59830393e-04
   3.45147715e+02  -2.88763270e-03
   3.45148203e+02  -3.33734974e-03
   3.45148691e+02  -3.84916639e-04
   3.45149179e+02   1.88762008e-03
   3.45149668e+02   1.99695816e-03
   3.45150156e+02   8.92954587e-04
   3.45150644e+02  -8.47115531e-04
   3.45151133e+02  -3.38414538e-04
   3.45151621e+02   3.16903082e-04
   3.45152109e+02  -9.94143542e-04
   3.45152598e+02  -6.57824916e-04
   3.45153086e+02   6.93768729e-04
   3.45153574e+02  -6.77436707e-04
   3.45154063e+02  -1.64610741e-03
   3.45154551e+02  -5.48026001e-04
   3.45155039e+02  -8.89736228e-04
   3.45155528e+02  -9.29507485e-04
   3.45156016e+02   6.33103889e-04
   3.45156504e+02   1.40779500e-03
   3.45156993e+02   1.12260261e-03
   3.45157481e+02   1.62100641e-03
   3.45157969e+02   1.17333094e-03
   3.45158458e+02  -1.36281957e-03
   3.45158946e+02  -1.95489009e-03
   3.45159434e+02  -6.24373555e-04
   3.45159923e+02   4.39735799e-04
   3.45160411e+02   8.09399062e-04
   3.45160899e+02  -3.58217716e-04
   3.45161387e+02  -6.25431887e-04
   3.45161876e+02  -2.77979823e-04
   3.45162364e+02  -2.03830732e-05
   3.45162852e+02   7.17444636e-04
   3.45163341e+02   2.57767388e-04
   3.45163829e+02  -3.33592616e-04
   3.45164317e+02  -8.01288814e-04
   3.45164806e+02  -1.58938128e-04
   3.45165294e+02   2.64258985e-03
   3.45165782e+02   3.57837207e-03
   3.45166271e+02   3.48095666e-03
   3.45166759e+02   3.33021930e-03
   3.45167247e+02   1.54020474e-03
   3.45167736e+02  -6.00117084e-04
   3.45168224e+02  -1.00707018e-03
   3.45168712e+02  -2.50644400e-04
   3.45169201e+02  -2.11797218e-04
   3.45169689e+02  -5.45209798e-04
   3.45170177e+02  -1.55287574e-03
   3.45170666e+02  -5.53104153e-04
   3.45171154e+02   8.82148161e-04
   3.45171642e+02  -3.67553002e-04
   3.45172130e+02  -1.60619325e-03
   3.45172619e+02  -8.18292610e-04
   3.45173107e+02  -4.76680318e-04
   3.45173595e+02  -7.79257796e-04
   3.45174084e+02  -1.40142837e-03
   3.45174572e+02  -6.55729964e-04
   3.45175060e+02   1.17653899e-03
   3.45175549e+02   4.62745811e-04
   3.45176037e+02  -7.19543372e-04
   3.45176525e+02   2.19619949e-04
   3.45177014e+02   2.10777624e-03
   3.45177502e+02   2.79225572e-03
   3.45177990e+02   2.04206794e-03
   3.45178479e+02   1.98088773e-03
   3.45178967e+02   1.11318496e-03
   3.45179455e+02  -1.21990521e-03
   3.45179944e+02  -1.17643469e-03
   3.45180432e+02   1.71395834e-03
   3.45180920e+02   2.52403528e-03
   3.45181409e+02   1.74902860e-04
   3.45181897e+02  -1.96562451e-03
   3.45182385e+02  -1.84581755e-03
   3.45182874e+02  -8.90352472e-04
   3.45183362e+02  -6.07612834e-04
   3.45183850e+02  -6.90776622e-04
   3.45184338e+02  -8.04693438e-04
   3.45184827e+02  -1.13763637e-03
   3.45185315e+02  -8.26133648e-04
   3.45185803e+02   2.87771429e-04
   3.45186292e+02  -5.20963047e-04
   3.45186780e+02  -2.07356643e-03
   3.45187268e+02  -2.78292364e-03
   3.45187757e+02  -2.41505424e-03
   3.45188245e+02  -5.44162576e-05
   3.45188733e+02   2.06259778e-03
   3.45189222e+02   1.86694111e-03
   3.45189710e+02   1.17747241e-03
   3.45190198e+02   3.39183694e-04
   3.45190687e+02   3.88799323e-04
   3.45191175e+02   1.53414067e-03
   3.45191663e+02   6.67078537e-04
   3.45192152e+02  -1.29037118e-03
   3.45192640e+02  -1.90374616e-03
   3.45193128e+02  -1.93718669e-03
   3.45193617e+02  -2.59368168e-03
   3.45194105e+02  -3.26913525e-03
   3.45194593e+02  -1.21598353e-03
   3.45195081e+02   1.77554018e-03
   3.45195570e+02   2.33778637e-03
   3.45196058e+02   2.97457795e-04
   3.45196546e+02  -1.02926604e-03
   3.45197035e+02  -6.85420382e-05
   3.45197523e+02   2.63144873e-04
   3.45198011e+02  -3.01740714e-04
   3.45198500e+02   3.36841098e-04
   3.45198988e+02   1.09094032e-03
   3.45199476e+02   1.37836940e-03
   3.45199965e+02   4.87098412e-04
   3.45200453e+02  -1.13716791e-03
   3.45200941e+02  -6.88811240e-04
   3.45201430e+02  -3.06509522e-04
   3.45201918e+02  -1.16716675e-03
   3.45202406e+02  -8.21318012e-04
   3.45202895e+02   4.00808523e-04
   3.45203383e+02   1.04507711e-03
   3.45203871e+02   9.52086761e-04
   3.45204360e+02   7.83910567e-04
   3.45204848e+02   3.07408074e-04
   3.45205336e+02   6.51472365e-04
   3.45205824e+02   9.99938464e-04
   3.45206313e+02   1.34535556e-04
   3.45206801e+02  -1.08762365e-03
   3.45207289e+02  -1.11519336e-03
   3.45207778e+02   3.12901597e-04
   3.45208266e+02   7.56511174e-04
   3.45208754e+02  -5.78976236e-04
   3.45209243e+02  -2.41476507e-03
   3.45209731e+02  -2.05714093e-03
   3.45210219e+02  -4.90280567e-04
   3.45210708e+02  -4.48253879e-04
   3.45211196e+02  -5.70737117e-04
   3.45211684e+02  -1.11911053e-04
   3.45212173e+02   2.85218674e-04
   3.45212661e+02  -1.09352921e-04
   3.45213149e+02  -1.10740389e-03
   3.45213638e+02  -7.83455849e-04
   3.45214126e+02   3.61875391e-05
   3.45214614e+02  -1.18076790e-03
   3.45215103e+02  -1.71321875e-03
   3.45215591e+02  -6.05053559e-04
   3.45216079e+02  -8.83280009e-04
   3.45216568e+02  -2.01314152e-03
   3.45217056e+02  -1.81036594e-03
   3.45217544e+02  -5.00083668e-04
   3.45218032e+02   6.78704935e-04
   3.45218521e+02   2.10769102e-03
   3.45219009e+02   3.07130115e-03
   3.45219497e+02   1.59504183e-03
   3.45219986e+02   1.95871064e-04
   3.45220474e+02   3.27661022e-04
   3.45220962e+02  -1.07921532e-03
   3.45221451e+02  -1.95841002e-03
   3.45221939e+02   1.90614173e-05
   3.45222427e+02   5.99462946e-04
   3.45222916e+02  -6.00441766e-04
   3.45223404e+02  -7.58165494e-04
   3.45223892e+02  -9.31083268e-05
   3.45224381e+02  -1.11170863e-04
   3.45224869e+02   3.35826597e-04
   3.45225357e+02   1.41970650e-03
   3.45225846e+02   1.78062054e-03
   3.45226334e+02   1.05902029e-03
   3.45226822e+02  -1.06625655e-03
   3.45227311e+02  -1.80854951e-03
   3.45227799e+02   9.97475217e-05
   3.45228287e+02   1.11042673e-03
   3.45228775e+02  -5.15096981e-05
   3.45229264e+02   1.83922719e-04
   3.45229752e+02   7.44003570e-04
   3.45230240e+02  -1.83547396e-04
   3.45230729e+02  -3.07406241e-04
   3.45231217e+02   4.68957878e-04
   3.45231705e+02   1.46731548e-03
   3.45232194e+02   2.00476358e-03
   3.45232682e+02   2.45966925e-03
   3.45233170e+02   2.75609782e-03
   3.45233659e+02   1.08432851e-03
   3.45234147e+02  -4.21753619e-04
   3.45234635e+02  -6.21427782e-04
   3.45235124e+02  -9.50781221e-04
   3.45235612e+02  -1.71925232e-04
   3.45236100e+02   7.63434800e-04
   3.45236589e+02  -7.71575375e-04
   3.45237077e+02  -1.83760701e-03
   3.45237565e+02  -1.01785545e-05
   3.45238054e+02   3.28089547e-04
   3.45238542e+02   4.07046464e-05
   3.45239030e+02   9.62191494e-04
   3.45239518e+02   8.05043092e-04
   3.45240007e+02   4.31610562e-04
   3.45240495e+02   4.87463869e-04
   3.45240983e+02   1.01009267e-03
   3.45241472e+02   1.54126808e-03
   3.45241960e+02   8.32968974e-04
   3.45242448e+02   2.65720475e-04
   3.45242937e+02   9.77644115e-04
   3.45243425e+02   1.78295639e-04
   3.45243913e+02  -2.90867552e-04
   3.45244402e+02  -2.25153868e-04
   3.45244890e+02  -4.15794406e-04
   3.45245378e+02  -6.32699346e-04
   3.45245867e+02  -1.00361509e-03
   3.45246355e+02  -1.77367486e-03
   3.45246843e+02  -1.22652168e-03
   3.45247332e+02  -5.58195228e-04
   3.45247820e+02  -6.83141232e-04
   3.45248308e+02   4.11656423e-04
   3.45248797e+02   1.35299691e-03
   3.45249285e+02   1.47140375e-03
   3.45249773e+02   9.39552789e-04
   3.45250262e+02   3.33460157e-05
   3.45250750e+02  -8.54019192e-04
   3.45251238e+02  -1.48284086e-03
   3.45251726e+02  -3.41601117e-04
   3.45252215e+02   4.87232202e-04
   3.45252703e+02  -5.86098875e-04
   3.45253191e+02  -1.77589443e-03
   3.45253680e+02  -1.20389811e-03
   3.45254168e+02   2.86967814e-04
   3.45254656e+02   1.03579066e-03
   3.45255145e+02   9.96472547e-04
   3.45255633e+02   1.44678762e-03
   3.45256121e+02   1.06825575e-03
   3.45256610e+02  -1.20069447e-03
   3.45257098e+02  -7.43297976e-04
   3.45257586e+02   1.08924112e-03
   3.45258075e+02  -3.62281949e-04
   3.45258563e+02  -1.95954856e-03
   3.45259051e+02  -1.54567766e-03
   3.45259540e+02  -7.64586963e-04
   3.45260028e+02  -6.54818199e-04
   3.45260516e+02   2.90399785e-05
   3.45261005e+02   1.43273862e-03
   3.45261493e+02   1.74319895e-03
   3.45261981e+02   1.22944603e-03
   3.45262469e+02  -3.82600847e-04
   3.45262958e+02  -1.76610297e-03
   3.45263446e+02  -1.19705789e-03
   3.45263934e+02   5.87527429e-05
   3.45264423e+02  -5.40534151e-04
   3.45264911e+02  -2.70139216e-03
   3.45265399e+02  -2.97197839e-03
   3.45265888e+02  -2.03196891e-03
   3.45266376e+02  -9.39158606e-04
   3.45266864e+02  -4.28634492e-04
   3.45267353e+02  -1.23623526e-03
   3.45267841e+02  -2.25696262e-04
   3.45268329e+02   9.28643974e-04
   3.45268818e+02  -6.78535958e-04
   3.45269306e+02  -1.55088957e-03
   3.45269794e+02  -1.28923520e-03
   3.45270283e+02  -6.64926658e-04
   3.45270771e+02   8.67169932e-04
   3.45271259e+02   9.28833673e-04
   3.45271748e+02  -7.12331443e-04
   3.45272236e+02  -1.01740554e-03
   3.45272724e+02  -9.37046076e-04
   3.45273212e+02  -9.35900491e-04
   3.45273701e+02  -5.87769027e-04
   3.45274189e+02  -2.02784128e-03
   3.45274677e+02  -3.22919898e-03
   3.45275166e+02  -2.03161221e-03
   3.45275654e+02  -1.32056244e-03
   3.45276142e+02  -3.59599013e-04
   3.45276631e+02   1.88509352e-03
   3.45277119e+02   1.68488419e-03
   3.45277607e+02   3.86133295e-04
   3.45278096e+02   5.20589936e-04
   3.45278584e+02   1.04021258e-03
   3.45279072e+02   5.89017582e-04
   3.45279561e+02  -3.99673532e-04
   3.45280049e+02  -3.19676619e-04
   3.45280537e+02   5.41963323e-04
   3.45281026e+02   1.08919747e-03
   3.45281514e+02   3.93534836e-04
   3.45282002e+02   4.08351421e-04
   3.45282491e+02   1.33441680e-03
   3.45282979e+02   5.08017838e-04
   3.45283467e+02  -4.77585563e-04
   3.45283956e+02   1.07562786e-03
   3.45284444e+02   2.09853007e-03
   3.45284932e+02   1.00277609e-03
   3.45285420e+02  -1.40677017e-04
   3.45285909e+02  -7.22523895e-04
   3.45286397e+02  -2.05537700e-03
   3.45286885e+02  -2.10704212e-03
   3.45287374e+02  -1.28862285e-03
   3.45287862e+02  -8.55798891e-04
   3.45288350e+02  -4.25897219e-04
   3.45288839e+02  -8.65900831e-04
   3.45289327e+02  -5.30714053e-04
   3.45289815e+02   1.82731391e-03
   3.45290304e+02   2.03302875e-03
   3.45290792e+02   7.01439043e-04
   3.45291280e+02   1.66048948e-03
   3.45291769e+02   2.17869924e-03
   3.45292257e+02   4.47036844e-04
   3.45292745e+02  -1.02687231e-03
   3.45293234e+02  -1.55464653e-03
   3.45293722e+02  -1.30207441e-03
   3.45294210e+02  -2.32723993e-04
   3.45294699e+02   5.56756626e-04
   3.45295187e+02   7.41447031e-04
   3.45295675e+02   7.97711196e-04
   3.45296163e+02   9.85030551e-04
   3.45296652e+02   6.85259874e-04
   3.45297140e+02   1.26707557e-04
   3.45297628e+02  -2.96520011e-04
   3.45298117e+02  -1.40041392e-03
   3.45298605e+02  -2.38966360e-03
   3.45299093e+02  -1.06352754e-03
   3.45299582e+02   7.87626777e-06
   3.45300070e+02  -3.30727868e-04
   3.45300558e+02  -4.21301957e-05
   3.45301047e+02   1.22466090e-03
   3.45301535e+02   1.08480349e-03
   3.45302023e+02   6.28661131e-04
   3.45302512e+02   4.39374970e-04
   3.45303000e+02   2.01239658e-04
   3.45303488e+02   5.64069604e-04
   3.45303977e+02   9.16381076e-04
   3.45304465e+02  -9.60953941e-04
   3.45304953e+02  -1.90883165e-03
   3.45305442e+02  -1.22627092e-03
   3.45305930e+02  -6.03439577e-04
   3.45306418e+02   6.23495784e-04
   3.45306906e+02   1.60355179e-03
   3.45307395e+02   8.21405207e-04
   3.45307883e+02  -5.86783572e-04
   3.45308371e+02  -1.88405986e-03
   3.45308860e+02  -2.96373619e-03
   3.45309348e+02  -3.03288479e-03
   3.45309836e+02  -1.51246320e-03
   3.45310325e+02   8.44260794e-04
   3.45310813e+02   1.59363507e-03
   3.45311301e+02   1.16846932e-03
   3.45311790e+02   1.57901470e-03
   3.45312278e+02   1.38957915e-03
   3.45312766e+02  -1.19193144e-04
   3.45313255e+02  -1.02082943e-03
   3.45313743e+02   4.04358492e-04
   3.45314231e+02   1.15620182e-03
   3.45314720e+02  -3.91628928e-05
   3.45315208e+02   2.52964965e-04
   3.45315696e+02   3.15162615e-04
   3.45316185e+02  -1.00234651e-03
   3.45316673e+02  -1.78017619e-03
   3.45317161e+02  -1.65022491e-03
   3.45317650e+02  -8.87042726e-04
   3.45318138e+02  -5.87666931e-04
   3.45318626e+02  -7.75116147e-04
   3.45319114e+02  -2.93922814e-04
   3.45319603e+02   1.60318799e-04
   3.45320091e+02   4.60559822e-04
   3.45320579e+02   7.38303002e-04
   3.45321068e+02  -4.84156073e-04
   3.45321556e+02  -1.12951198e-03
   3.45322044e+02  -1.91005838e-05
   3.45322533e+02   1.66517415e-03
   3.45323021e+02   2.94194813e-03
   3.45323509e+02   2.80580367e-03
   3.45323998e+02   1.64078886e-03
   3.45324486e+02  -7.19802105e-04
   3.45324974e+02  -1.74663158e-03
   3.45325463e+02  -4.25998333e-05
   3.45325951e+02   5.72286022e-04
   3.45326439e+02   2.56882660e-04
   3.45326928e+02  -4.98125213e-04
   3.45327416e+02  -4.68259619e-04
   3.45327904e+02   4.24387581e-05
   3.45328393e+02  -7.08932930e-04
   3.45328881e+02  -8.10308789e-04
   3.45329369e+02  -6.62760925e-04
   3.45329857e+02  -1.47303683e-03
   3.45330346e+02  -1.97819085e-03
   3.45330834e+02  -1.69354444e-03
   3.45331322e+02  -1.20559952e-03
   3.45331811e+02  -9.75778210e-04
   3.45332299e+02  -1.78948190e-04
   3.45332787e+02   4.89080441e-04
   3.45333276e+02  -4.92697698e-04
   3.45333764e+02  -2.26535159e-03
   3.45334252e+02  -2.68194126e-03
   3.45334741e+02  -8.90928612e-04
   3.45335229e+02  -2.85747083e-04
   3.45335717e+02  -1.50919461e-03
   3.45336206e+02  -1.43419812e-03
   3.45336694e+02  -8.11327074e-04
   3.45337182e+02  -1.47778052e-03
   3.45337671e+02  -2.57065613e-03
   3.45338159e+02  -1.15331332e-03
   3.45338647e+02   3.93702037e-04
   3.45339136e+02   1.72291111e-04
   3.45339624e+02   1.08653482e-03
   3.45340112e+02   1.55023986e-03
   3.45340601e+02   5.31485537e-04
   3.45341089e+02   2.77047831e-04
   3.45341577e+02   1.57661992e-03
   3.45342065e+02   1.42948993e-03
   3.45342554e+02  -8.18231259e-04
   3.45343042e+02  -3.07304459e-03
   3.45343530e+02  -3.27118998e-03
   3.45344019e+02  -1.06438808e-03
   3.45344507e+02   9.00376181e-04
   3.45344995e+02   1.41218782e-03
   3.45345484e+02   1.68933568e-03
   3.45345972e+02   5.70367789e-04
   3.45346460e+02  -2.13816922e-04
   3.45346949e+02   6.19220489e-04
   3.45347437e+02   3.62164137e-04
   3.45347925e+02  -7.74039538e-04
   3.45348414e+02  -1.48482819e-03
   3.45348902e+02  -2.48632068e-03
   3.45349390e+02  -3.09638656e-03
   3.45349879e+02  -2.24402524e-03
   3.45350367e+02  -1.46031962e-03
   3.45350855e+02  -1.89395749e-03
   3.45351344e+02  -1.64855039e-03
   3.45351832e+02  -1.44518359e-04
   3.45352320e+02   5.78709820e-04
   3.45352808e+02   9.56304648e-05
   3.45353297e+02   2.07608973e-04
   3.45353785e+02   3.17710888e-04
   3.45354273e+02  -9.02039756e-05
   3.45354762e+02   1.30751578e-04
   3.45355250e+02   7.46787817e-04
   3.45355738e+02   6.39702019e-04
   3.45356227e+02  -3.93886003e-05
   3.45356715e+02  -7.02621532e-04
   3.45357203e+02  -4.89683262e-05
   3.45357692e+02   1.25441886e-03
   3.45358180e+02   1.38105277e-03
   3.45358668e+02   1.85497571e-04
   3.45359157e+02  -1.47174345e-03
   3.45359645e+02  -2.27559707e-03
   3.45360133e+02   4.11028333e-04
   3.45360622e+02   1.42471469e-03
   3.45361110e+02  -3.26771376e-04
   3.45361598e+02  -1.39553368e-03
   3.45362087e+02  -8.48021999e-04
   3.45362575e+02  -3.51676776e-04
   3.45363063e+02  -7.27707538e-06
   3.45363551e+02   5.57442290e-05
   3.45364040e+02  -2.47133430e-04
   3.45364528e+02   6.68622597e-05
   3.45365016e+02   4.84833581e-04
   3.45365505e+02   4.33569774e-04
   3.45365993e+02   1.00777065e-03
   3.45366481e+02   2.13300926e-03
   3.45366970e+02   2.45919451e-03
   3.45367458e+02   4.34719259e-04
   3.45367946e+02  -8.96688551e-04
   3.45368435e+02  -1.07561739e-03
   3.45368923e+02  -1.75834598e-03
   3.45369411e+02  -6.32985611e-04
   3.45369900e+02   1.37578952e-03
   3.45370388e+02   1.94117543e-03
   3.45370876e+02   2.97234533e-03
   3.45371365e+02   3.30017996e-03
   3.45371853e+02   1.66213477e-03
   3.45372341e+02  -5.28042903e-04
   3.45372830e+02  -1.44028070e-03
   3.45373318e+02   5.38333610e-04
   3.45373806e+02   2.19908846e-03
   3.45374295e+02   1.66018342e-03
   3.45374783e+02   5.74907695e-04
   3.45375271e+02   7.94583524e-04
   3.45375759e+02   1.24413299e-03
   3.45376248e+02   2.41412228e-04
   3.45376736e+02  -7.97026674e-04
   3.45377224e+02  -1.00586039e-03
   3.45377713e+02  -1.10643916e-03
   3.45378201e+02  -2.02205731e-03
   3.45378689e+02  -2.64921761e-03
   3.45379178e+02  -2.42843549e-03
   3.45379666e+02  -2.26674951e-03
   3.45380154e+02  -2.04379391e-03
   3.45380643e+02  -8.68640374e-04
   3.45381131e+02  -2.56772109e-05
   3.45381619e+02  -1.33498409e-03
   3.45382108e+02  -1.77809026e-03
   3.45382596e+02  -5.82560176e-07
   3.45383084e+02   1.24630320e-03
   3.45383573e+02   1.32543349e-03
   3.45384061e+02   1.06922071e-03
   3.45384549e+02   5.66457922e-04
   3.45385038e+02  -4.39467345e-04
   3.45385526e+02  -1.96941150e-03
   3.45386014e+02  -2.06789421e-03
   3.45386502e+02  -6.20951119e-04
   3.45386991e+02   5.92670054e-04
   3.45387479e+02   1.05196494e-03
   3.45387967e+02   1.82046613e-03
   3.45388456e+02   2.25530937e-03
   3.45388944e+02   1.72661804e-03
   3.45389432e+02   1.51655928e-03
   3.45389921e+02   9.85667342e-04
   3.45390409e+02  -4.89077822e-04
   3.45390897e+02  -2.03257520e-03
   3.45391386e+02  -1.91979413e-03
   3.45391874e+02   1.58901545e-04
   3.45392362e+02   3.22449981e-04
   3.45392851e+02  -7.04152393e-04
   3.45393339e+02  -4.89559839e-04
   3.45393827e+02  -8.35860556e-04
   3.45394316e+02  -1.58561557e-03
   3.45394804e+02  -6.86779502e-04
   3.45395292e+02   5.94852841e-04
   3.45395781e+02   1.98261114e-05
   3.45396269e+02  -8.36012536e-04
   3.45396757e+02   6.86641433e-04
   3.45397245e+02   2.82187597e-03
   3.45397734e+02   1.68662670e-03
   3.45398222e+02  -5.61547233e-04
   3.45398710e+02  -9.61725076e-04
   3.45399199e+02  -2.67267285e-04
   3.45399687e+02   5.92289958e-04
   3.45400175e+02   9.75126517e-04
   3.45400664e+02   7.20354612e-04
   3.45401152e+02   6.26103312e-04
   3.45401640e+02   3.28672439e-04
   3.45402129e+02  -2.33121273e-06
   3.45402617e+02  -5.02743467e-04
   3.45403105e+02  -1.39000255e-03
   3.45403594e+02  -1.69752445e-03
   3.45404082e+02  -1.74512947e-03
   3.45404570e+02  -1.87625701e-03
   3.45405059e+02  -3.92908813e-04
   3.45405547e+02   1.17345585e-03
   3.45406035e+02   6.45673834e-04
   3.45406524e+02  -1.50649677e-04
   3.45407012e+02   7.31903827e-04
   3.45407500e+02   1.65258325e-03
   3.45407989e+02   1.74856035e-03
   3.45408477e+02   1.13508466e-03
   3.45408965e+02  -1.29694745e-04
   3.45409453e+02  -6.96130737e-04
   3.45409942e+02  -4.64003679e-04
   3.45410430e+02  -3.21231724e-04
   3.45410918e+02  -5.46374475e-04
   3.45411407e+02  -1.00106001e-03
   3.45411895e+02   1.37866984e-04
   3.45412383e+02   1.98139832e-03
   3.45412872e+02   2.49659503e-03
   3.45413360e+02   1.25356868e-03
   3.45413848e+02  -4.69837105e-04
   3.45414337e+02  -7.07776286e-04
   3.45414825e+02   5.56252708e-05
   3.45415313e+02   1.18018521e-04
   3.45415802e+02  -2.86872128e-05
   3.45416290e+02  -5.07894147e-04
   3.45416778e+02  -1.71094632e-03
   3.45417267e+02  -9.49471316e-04
   3.45417755e+02   5.59597102e-04
   3.45418243e+02   1.36635464e-03
   3.45418732e+02  -1.11454329e-03
   3.45419220e+02  -2.43958621e-03
   3.45419708e+02  -1.43390917e-03
   3.45420196e+02  -4.52168810e-04
   3.45420685e+02  -1.93312444e-04
   3.45421173e+02   5.76600796e-05
   3.45421661e+02   9.32737385e-05
   3.45422150e+02   4.89674349e-05
   3.45422638e+02  -1.63186662e-04
   3.45423126e+02   5.58823405e-04
   3.45423615e+02   9.26111767e-04
   3.45424103e+02  -4.88394231e-04
   3.45424591e+02  -1.47891603e-03
   3.45425080e+02  -9.18428588e-04
   3.45425568e+02  -9.35684249e-04
   3.45426056e+02  -2.15309905e-03
   3.45426545e+02  -2.23610410e-03
   3.45427033e+02  -2.96622835e-04
   3.45427521e+02   6.35976612e-04
   3.45428010e+02  -2.39069806e-04
   3.45428498e+02   1.00863632e-04
   3.45428986e+02   1.27462891e-03
   3.45429475e+02   1.40957779e-03
   3.45429963e+02   1.89768756e-03
   3.45430451e+02   2.10204232e-03
   3.45430939e+02   1.49929861e-03
   3.45431428e+02   7.31903419e-04
   3.45431916e+02  -1.70698841e-04
   3.45432404e+02  -3.90549918e-04
   3.45432893e+02  -2.82394438e-04
   3.45433381e+02  -3.52535397e-04
   3.45433869e+02  -1.09702065e-04
   3.45434358e+02   3.58860474e-04
   3.45434846e+02   7.87889934e-04
   3.45435334e+02   6.25263492e-05
   3.45435823e+02  -3.42964137e-04
   3.45436311e+02   1.29040016e-03
   3.45436799e+02   1.90136605e-03
   3.45437288e+02   5.91039425e-04
   3.45437776e+02  -2.36588094e-04
   3.45438264e+02  -2.90778262e-04
   3.45438753e+02   3.20155174e-04
   3.45439241e+02   6.54788819e-05
   3.45439729e+02  -1.16910425e-03
   3.45440218e+02  -1.30219536e-03
   3.45440706e+02   5.02769777e-04
   3.45441194e+02   2.11364822e-03
   3.45441683e+02   2.86576757e-03
   3.45442171e+02   2.83897901e-03
   3.45442659e+02  -1.11894733e-04
   3.45443147e+02  -1.75812992e-03
   3.45443636e+02   6.70699737e-05
   3.45444124e+02   1.22052582e-03
   3.45444612e+02   6.29901770e-04
   3.45445101e+02  -7.99119880e-04
   3.45445589e+02  -4.74011904e-04
   3.45446077e+02   5.73796511e-04
   3.45446566e+02   7.44966965e-05
   3.45447054e+02  -1.37765147e-03
   3.45447542e+02  -1.78973947e-03
   3.45448031e+02   7.09804663e-05
   3.45448519e+02   1.67489797e-03
   3.45449007e+02   1.24593952e-03
   3.45449496e+02  -4.75799578e-04
   3.45449984e+02  -1.47968566e-03
   3.45450472e+02  -6.83476450e-04
   3.45450961e+02   1.13610737e-03
   3.45451449e+02   2.52710353e-03
   3.45451937e+02   2.82154186e-03
   3.45452426e+02   1.58664677e-03
   3.45452914e+02   6.81647041e-04
   3.45453402e+02   1.69823295e-03
   3.45453890e+02   2.08721054e-03
   3.45454379e+02  -2.00110459e-04
   3.45454867e+02  -1.24580273e-03
   3.45455355e+02   3.36217840e-04
   3.45455844e+02   6.41979976e-04
   3.45456332e+02   1.46328442e-04
   3.45456820e+02   7.34159956e-04
   3.45457309e+02   8.67908937e-04
   3.45457797e+02  -2.69660504e-05
   3.45458285e+02  -4.99800022e-04
   3.45458774e+02  -1.83515123e-03
   3.45459262e+02  -3.86518962e-03
   3.45459750e+02  -3.15889204e-03
   3.45460239e+02  -1.50553626e-03
   3.45460727e+02  -1.33417279e-03
   3.45461215e+02  -1.14157284e-03
   3.45461704e+02  -1.27590960e-03
   3.45462192e+02  -1.59473764e-03
   3.45462680e+02  -9.96427771e-05
   3.45463169e+02   3.03445035e-04
   3.45463657e+02   2.08876983e-04
   3.45464145e+02   8.64335161e-04
   3.45464633e+02  -2.83942762e-04
   3.45465122e+02  -1.55501813e-03
   3.45465610e+02  -1.62667909e-03
   3.45466098e+02  -1.31053908e-03
   3.45466587e+02  -1.44410995e-03
   3.45467075e+02  -1.73832825e-03
   3.45467563e+02  -1.06582232e-03
   3.45468052e+02  -3.27721704e-04
   3.45468540e+02   1.38362302e-04
   3.45469028e+02   6.32587355e-04
   3.45469517e+02   8.58049374e-04
   3.45470005e+02   1.22942380e-03
   3.45470493e+02   1.49165292e-03
   3.45470982e+02   6.77681353e-04
   3.45471470e+02   3.55553726e-04
   3.45471958e+02   9.79991630e-04
   3.45472447e+02   2.55006074e-04
   3.45472935e+02  -6.57604833e-04
   3.45473423e+02  -2.01354473e-04
   3.45473912e+02   4.12853638e-04
   3.45474400e+02   1.46190205e-03
   3.45474888e+02   1.47712685e-03
   3.45475377e+02   6.37996010e-04
   3.45475865e+02   5.12217695e-04
   3.45476353e+02   7.28160318e-04
   3.45476841e+02   6.71580259e-04
   3.45477330e+02   1.05564040e-03
   3.45477818e+02   1.05150184e-03
   3.45478306e+02   1.50691438e-03
   3.45478795e+02   1.04683661e-03
   3.45479283e+02   2.26195072e-04
   3.45479771e+02   8.09223973e-04
   3.45480260e+02   2.30249343e-03
   3.45480748e+02   2.63832463e-03
   3.45481236e+02   1.75854948e-03
   3.45481725e+02   4.95651329e-04
   3.45482213e+02   2.39132001e-04
   3.45482701e+02   6.05047157e-04
   3.45483190e+02   5.59030101e-04
   3.45483678e+02   1.12973526e-03
   3.45484166e+02   2.47543654e-03
   3.45484655e+02   2.60928879e-03
   3.45485143e+02   1.48509722e-03
   3.45485631e+02   9.08531831e-04
   3.45486120e+02   7.40799995e-04
   3.45486608e+02  -9.56630320e-05
   3.45487096e+02   3.21102008e-04
   3.45487584e+02   2.17305496e-03
   3.45488073e+02   2.56940094e-03
   3.45488561e+02   7.80285685e-04
   3.45489049e+02  -3.47638765e-04
   3.45489538e+02  -4.28826374e-04
   3.45490026e+02   7.20407115e-05
   3.45490514e+02  -3.33716220e-04
   3.45491003e+02  -7.88708159e-04
   3.45491491e+02  -2.83400412e-04
   3.45491979e+02  -2.99632462e-04
   3.45492468e+02   1.29600259e-04
   3.45492956e+02   1.43177895e-04
   3.45493444e+02  -6.97655603e-04
   3.45493933e+02  -1.02235063e-03
   3.45494421e+02  -4.47419821e-04
   3.45494909e+02   4.69294580e-04
   3.45495398e+02  -2.28749181e-04
   3.45495886e+02  -8.76190024e-04
   3.45496374e+02   2.00189301e-04
   3.45496863e+02  -2.80327135e-04
   3.45497351e+02  -1.04830845e-03
   3.45497839e+02  -1.16764929e-03
   3.45498328e+02  -1.78190775e-03
   3.45498816e+02  -1.23676308e-03
   3.45499304e+02  -5.29841171e-04
   3.45499792e+02  -8.88593495e-04
   3.45500281e+02  -3.70374590e-04
   3.45500769e+02  -2.18366244e-04
   3.45501257e+02  -1.00703188e-03
   3.45501746e+02  -6.42960804e-05
   3.45502234e+02   7.92127175e-05
   3.45502722e+02  -6.73685572e-04
   3.45503211e+02  -1.00205201e-04
   3.45503699e+02  -1.90362436e-04
   3.45504187e+02  -2.06176005e-03
   3.45504676e+02  -3.06676910e-03
   3.45505164e+02  -9.91845736e-04
   3.45505652e+02   9.37211036e-04
   3.45506141e+02   9.60850157e-04
   3.45506629e+02   6.87094813e-04
   3.45507117e+02  -8.59594511e-05
   3.45507606e+02  -1.02653110e-03
   3.45508094e+02  -1.43148354e-03
   3.45508582e+02  -1.88957667e-03
   3.45509071e+02  -7.12095702e-04
   3.45509559e+02   8.42170382e-04
   3.45510047e+02   1.37875299e-03
   3.45510535e+02   2.16891128e-03
   3.45511024e+02   2.26465869e-03
   3.45511512e+02   1.54768757e-03
   3.45512000e+02   1.88708000e-04
   3.45512489e+02  -8.84350506e-04
   3.45512977e+02  -1.08097843e-03
   3.45513465e+02  -1.51188904e-03
   3.45513954e+02  -7.39211042e-04
   3.45514442e+02   3.00595973e-04
   3.45514930e+02  -1.33952009e-04
   3.45515419e+02   2.56795232e-04
   3.45515907e+02   9.54188698e-04
   3.45516395e+02  -4.63767674e-06
   3.45516884e+02   3.52295057e-04
   3.45517372e+02   3.88845685e-04
   3.45517860e+02  -1.05811981e-03
   3.45518349e+02  -8.19277659e-04
   3.45518837e+02  -1.13480259e-04
   3.45519325e+02  -6.39244507e-04
   3.45519814e+02  -1.14274211e-03
   3.45520302e+02  -2.17285749e-04
   3.45520790e+02   1.08677929e-03
   3.45521278e+02  -2.07117686e-04
   3.45521767e+02  -1.22901658e-03
   3.45522255e+02   7.62511263e-05
   3.45522743e+02  -1.66088299e-04
   3.45523232e+02  -8.81332613e-04
   3.45523720e+02  -1.20637247e-04
   3.45524208e+02   6.01937354e-04
   3.45524697e+02   5.34215302e-04
   3.45525185e+02   9.47776880e-06
   3.45525673e+02  -3.58454941e-04
   3.45526162e+02   5.48630545e-04
   3.45526650e+02   8.46945215e-04
   3.45527138e+02   1.39096053e-04
   3.45527627e+02   1.18060771e-03
   3.45528115e+02   1.77484879e-03
   3.45528603e+02   2.39591565e-04
   3.45529092e+02  -4.49821819e-04
   3.45529580e+02  -7.42969627e-04
   3.45530068e+02  -3.73068266e-04
   3.45530557e+02   1.36333099e-03
   3.45531045e+02   1.58378936e-03
   3.45531533e+02  -2.27345925e-04
   3.45532022e+02  -1.43855228e-03
   3.45532510e+02  -2.49864580e-03
   3.45532998e+02  -2.55437987e-03
   3.45533486e+02  -1.23231648e-03
   3.45533975e+02  -5.53223595e-04
   3.45534463e+02  -5.75340702e-04
   3.45534951e+02  -1.07293332e-03
   3.45535440e+02  -5.52881276e-04
   3.45535928e+02   3.29491413e-05
   3.45536416e+02  -8.63034686e-04
   3.45536905e+02  -1.31372130e-04
   3.45537393e+02   8.16146610e-04
   3.45537881e+02   5.38532331e-04
   3.45538370e+02   6.06823247e-04
   3.45538858e+02   5.76440885e-04
   3.45539346e+02  -8.28953052e-04
   3.45539835e+02  -2.11126916e-03
   3.45540323e+02  -2.74709077e-03
   3.45540811e+02  -2.17274204e-03
   3.45541300e+02  -5.11415768e-04
   3.45541788e+02   5.24748117e-04
   3.45542276e+02   2.49488367e-04
   3.45542765e+02  -4.08423191e-04
   3.45543253e+02  -5.54716331e-04
   3.45543741e+02   3.62326566e-04
   3.45544229e+02   1.01794139e-03
   3.45544718e+02  -3.01998138e-04
   3.45545206e+02  -1.84801093e-03
   3.45545694e+02  -1.80227042e-03
   3.45546183e+02  -9.42548621e-04
   3.45546671e+02  -5.60443965e-04
   3.45547159e+02  -7.86057324e-04
   3.45547648e+02  -9.05258988e-04
   3.45548136e+02  -3.79441917e-04
   3.45548624e+02   2.41543617e-04
   3.45549113e+02   8.62879562e-04
   3.45549601e+02   1.43709057e-03
   3.45550089e+02   1.41881616e-03
   3.45550578e+02   6.23269647e-04
   3.45551066e+02  -4.24577913e-04
   3.45551554e+02   5.73899772e-04
   3.45552043e+02   2.07241811e-03
   3.45552531e+02   2.27568834e-03
   3.45553019e+02   1.28475251e-03
   3.45553508e+02   5.10410930e-04
   3.45553996e+02   1.04671679e-04
   3.45554484e+02   4.53841669e-04
   3.45554972e+02   1.86787033e-03
   3.45555461e+02   1.47278083e-03
   3.45555949e+02  -6.31582807e-05
   3.45556437e+02  -1.20293035e-03
   3.45556926e+02  -2.37790588e-03
   3.45557414e+02  -1.14581245e-03
   3.45557902e+02   9.22918203e-04
   3.45558391e+02   7.37873706e-05
   3.45558879e+02  -7.89360609e-04
   3.45559367e+02  -1.38387200e-04
   3.45559856e+02   1.11175621e-04
   3.45560344e+02   4.21726872e-04
   3.45560832e+02   7.88081728e-04
   3.45561321e+02   1.24724931e-03
   3.45561809e+02   8.44216382e-04
   3.45562297e+02  -2.87705516e-05
   3.45562786e+02   1.24769076e-03
   3.45563274e+02   2.50262558e-03
   3.45563762e+02   1.36866211e-03
   3.45564251e+02   5.85907255e-04
   3.45564739e+02   1.04416721e-03
   3.45565227e+02   2.26537185e-03
   3.45565716e+02   2.14542029e-03
   3.45566204e+02   1.02767034e-03
   3.45566692e+02   1.33271061e-03
   3.45567180e+02   2.78518931e-03
   3.45567669e+02   3.83909536e-03
   3.45568157e+02   4.71236091e-03
   3.45568645e+02   6.45642867e-03
   3.45569134e+02   1.05103916e-02
   3.45569622e+02   1.41241103e-02
   3.45570110e+02   1.83261838e-02
   3.45570599e+02   2.85919569e-02
   3.45571087e+02   4.62617278e-02
   3.45571575e+02   7.18135834e-02
   3.45572064e+02   1.10196233e-01
   3.45572552e+02   1.63753882e-01
   3.45573040e+02   2.26105273e-01
   3.45573529e+02   2.89638281e-01
   3.45574017e+02   3.51669699e-01
   3.45574505e+02   4.07821953e-01
   3.45574994e+02   4.29837853e-01
   3.45575482e+02   4.14992005e-01
   3.45575970e+02   4.13040310e-01
   3.45576459e+02   4.54547286e-01
   3.45576947e+02   5.29467642e-01
   3.45577435e+02   6.05230629e-01
   3.45577923e+02   6.40023649e-01
   3.45578412e+02   6.18260026e-01
   3.45578900e+02   5.29655099e-01
   3.45579388e+02   4.05584693e-01
   3.45579877e+02   2.83487141e-01
   3.45580365e+02   1.88847229e-01
   3.45580853e+02   1.20144233e-01
   3.45581342e+02   7.46610686e-02
   3.45581830e+02   4.68281060e-02
   3.45582318e+02   3.08389850e-02
   3.45582807e+02   2.19569709e-02
   3.45583295e+02   1.63060799e-02
   3.45583783e+02   1.16239060e-02
   3.45584272e+02   8.09220318e-03
   3.45584760e+02   5.89913782e-03
   3.45585248e+02   3.58559610e-03
   3.45585737e+02   1.92269147e-03
   3.45586225e+02   1.88115158e-03
   3.45586713e+02   2.44050426e-03
   3.45587202e+02   3.19976569e-03
   3.45587690e+02   3.21647688e-03
   3.45588178e+02   2.39854702e-03
   3.45588666e+02   2.04629893e-03
   3.45589155e+02   1.59464858e-03
   3.45589643e+02   8.36867839e-04
   3.45590131e+02   1.01444905e-03
   3.45590620e+02   9.87836509e-04
   3.45591108e+02  -9.50137473e-05
   3.45591596e+02  -1.14553201e-03
   3.45592085e+02  -1.56997936e-03
   3.45592573e+02  -5.30630990e-04
   3.45593061e+02   7.06942636e-04
   3.45593550e+02   1.54254798e-04
   3.45594038e+02   3.77562574e-05
   3.45594526e+02   7.65740289e-04
   3.45595015e+02   9.96726681e-04
   3.45595503e+02   1.60292268e-03
   3.45595991e+02   2.21295492e-03
   3.45596480e+02   1.76093669e-03
   3.45596968e+02   1.10321678e-03
   3.45597456e+02   5.21766488e-04
   3.45597945e+02   3.38845421e-04
   3.45598433e+02  -8.00391990e-06
   3.45598921e+02  -6.94436836e-04
   3.45599410e+02  -1.19705836e-03
   3.45599898e+02  -5.40175533e-04
   3.45600386e+02   8.45203816e-04
   3.45600874e+02   3.05126712e-04
   3.45601363e+02  -2.47097632e-04
   3.45601851e+02   1.38855539e-03
   3.45602339e+02   1.01229362e-03
   3.45602828e+02  -1.18267963e-04
   3.45603316e+02   6.13006123e-04
   3.45603804e+02   3.84726620e-04
   3.45604293e+02   4.61685959e-05
   3.45604781e+02  -1.87934813e-04
   3.45605269e+02  -5.18504472e-04
   3.45605758e+02   1.89822167e-04
   3.45606246e+02   2.85771064e-04
   3.45606734e+02  -5.46594267e-04
   3.45607223e+02  -1.74013025e-03
   3.45607711e+02  -1.74424879e-03
   3.45608199e+02  -4.90447637e-05
   3.45608688e+02   2.06119745e-04
   3.45609176e+02  -7.83859519e-04
   3.45609664e+02  -1.10189861e-03
   3.45610153e+02  -7.41150754e-04
   3.45610641e+02   2.01561008e-04
   3.45611129e+02   2.11924722e-04
   3.45611617e+02  -5.54620521e-04
   3.45612106e+02  -4.30852931e-04
   3.45612594e+02  -9.38997255e-05
   3.45613082e+02  -2.43742950e-04
   3.45613571e+02  -2.24843519e-04
   3.45614059e+02   3.13352532e-04
   3.45614547e+02   5.31338213e-04
   3.45615036e+02  -5.51453792e-04
   3.45615524e+02  -1.13172212e-03
   3.45616012e+02  -1.61495933e-03
   3.45616501e+02  -1.74265145e-03
   3.45616989e+02  -4.19729797e-04
   3.45617477e+02  -1.57163260e-04
   3.45617966e+02  -7.84242948e-05
   3.45618454e+02   9.31291841e-04
   3.45618942e+02   1.66878081e-03
   3.45619431e+02   1.57526974e-03
   3.45619919e+02   9.98513889e-04
   3.45620407e+02   3.81432328e-04
   3.45620896e+02  -1.48284467e-04
   3.45621384e+02  -1.04874594e-03
   3.45621872e+02  -7.26227998e-04
   3.45622360e+02   4.69145103e-04
   3.45622849e+02   1.67029887e-03
   3.45623337e+02   2.27053789e-03
   3.45623825e+02   7.66142213e-04
   3.45624314e+02  -6.25576358e-04
   3.45624802e+02  -9.40871832e-04
   3.45625290e+02  -9.40686587e-05
   3.45625779e+02   6.45787397e-04
   3.45626267e+02   4.36434319e-04
   3.45626755e+02   5.05953030e-05
   3.45627244e+02   1.29205990e-04
   3.45627732e+02   4.98476205e-04
   3.45628220e+02   2.27256824e-05
   3.45628709e+02  -1.11988455e-03
   3.45629197e+02  -1.35034160e-03
   3.45629685e+02  -4.26069717e-04
   3.45630174e+02   5.36902699e-05
   3.45630662e+02  -1.12466230e-04
   3.45631150e+02  -4.58691560e-04
   3.45631639e+02  -8.71425436e-04
   3.45632127e+02  -1.10281690e-03
   3.45632615e+02  -4.84364195e-04
   3.45633104e+02  -1.95114389e-05
   3.45633592e+02  -2.05280921e-05
   3.45634080e+02   2.63094669e-04
   3.45634568e+02   8.68336938e-05
   3.45635057e+02   1.11829047e-03
   3.45635545e+02   1.79215067e-03
   3.45636033e+02   8.24723800e-04
   3.45636522e+02  -1.48946056e-04
   3.45637010e+02  -6.60274818e-04
   3.45637498e+02  -9.91514069e-04
   3.45637987e+02  -9.62578168e-04
   3.45638475e+02  -3.01533175e-04
   3.45638963e+02   1.80283925e-04
   3.45639452e+02  -9.82709578e-04
   3.45639940e+02  -1.28387916e-03
   3.45640428e+02   1.36206902e-04
   3.45640917e+02   1.25528558e-03
   3.45641405e+02   2.62899324e-03
   3.45641893e+02   2.42597843e-03
   3.45642382e+02   8.36599211e-04
   3.45642870e+02   6.04127243e-04
   3.45643358e+02   6.36714278e-04
   3.45643847e+02   8.29506607e-05
   3.45644335e+02   5.73797515e-05
   3.45644823e+02   2.91497854e-04
   3.45645311e+02   5.66300703e-04
   3.45645800e+02  -6.43683597e-06
   3.45646288e+02  -1.20681187e-03
   3.45646776e+02  -9.38513607e-04
   3.45647265e+02   6.53409574e-04
   3.45647753e+02   1.70023588e-03
   3.45648241e+02   9.78647382e-04
   3.45648730e+02   2.51573481e-04
   3.45649218e+02   2.93564051e-04
   3.45649706e+02   2.53588572e-04
   3.45650195e+02   7.57963644e-05
   3.45650683e+02   7.56084220e-04
   3.45651171e+02   1.41152111e-03
   3.45651660e+02   5.47334319e-04
   3.45652148e+02  -1.16048264e-03
   3.45652636e+02  -1.27625302e-03
   3.45653125e+02   1.44053041e-03
   3.45653613e+02   7.54230306e-04
   3.45654101e+02  -1.02988801e-04
   3.45654590e+02  -1.89203143e-04
   3.45655078e+02  -1.21693767e-03
   3.45655566e+02  -3.12290061e-03
   3.45656055e+02  -2.01079645e-03
   3.45656543e+02   7.85928627e-04
   3.45657031e+02   6.60381804e-04
   3.45657519e+02   1.54047171e-04
   3.45658008e+02   1.11657404e-03
   3.45658496e+02   1.41652999e-03
   3.45658984e+02   1.58330018e-03
   3.45659473e+02   1.91217905e-03
   3.45659961e+02   1.85464404e-03
   3.45660449e+02   1.70010689e-03
   3.45660938e+02   1.75387529e-03
   3.45661426e+02   1.70662289e-03
   3.45661914e+02   3.85488704e-04
   3.45662403e+02  -9.99135082e-04
   3.45662891e+02  -1.00903003e-03
   3.45663379e+02  -2.19854977e-04
   3.45663868e+02  -8.59922584e-05
   3.45664356e+02  -7.45915517e-04
   3.45664844e+02  -2.54169619e-03
   3.45665333e+02  -3.47877434e-03
   3.45665821e+02  -1.13179081e-03
   3.45666309e+02   5.89625910e-04
   3.45666798e+02   5.01336646e-04
   3.45667286e+02   5.36325213e-04
   3.45667774e+02  -2.66054703e-04
   3.45668262e+02  -4.52830573e-05
   3.45668751e+02   1.04263157e-03
   3.45669239e+02   1.45348744e-03
   3.45669727e+02   1.28506147e-03
   3.45670216e+02   5.26297190e-05
   3.45670704e+02  -5.75621321e-04
   3.45671192e+02   9.44200496e-04
   3.45671681e+02   8.20842513e-04
   3.45672169e+02  -4.94913023e-04
   3.45672657e+02  -7.22131168e-04
   3.45673146e+02  -1.28154911e-03
   3.45673634e+02  -8.04161537e-04
   3.45674122e+02   2.15202384e-03
   3.45674611e+02   2.98914895e-03
   3.45675099e+02   1.59350548e-05
   3.45675587e+02  -2.11650925e-03
   3.45676076e+02  -1.98435620e-03
   3.45676564e+02  -9.63720668e-04
   3.45677052e+02  -5.68489544e-04
   3.45677541e+02  -1.07884209e-03
   3.45678029e+02  -8.53827863e-04
   3.45678517e+02  -4.35922208e-04
   3.45679005e+02   2.90767435e-04
   3.45679494e+02   1.36936794e-03
   3.45679982e+02   1.75528589e-03
   3.45680470e+02   1.38301658e-03
   3.45680959e+02   1.10574314e-04
   3.45681447e+02  -5.98833372e-04
   3.45681935e+02   6.11459778e-04
   3.45682424e+02   1.21121574e-03
   3.45682912e+02   7.16043505e-05
   3.45683400e+02  -5.24704170e-04
   3.45683889e+02  -5.84503905e-05
   3.45684377e+02   8.40029737e-04
   3.45684865e+02   8.77202139e-04
   3.45685354e+02   2.93999852e-04
   3.45685842e+02   8.99997831e-04
   3.45686330e+02   2.00859946e-03
   3.45686819e+02   1.94167555e-03
   3.45687307e+02   2.06132280e-03
   3.45687795e+02   2.25163274e-03
   3.45688284e+02   5.41857153e-04
   3.45688772e+02  -8.21210619e-04
   3.45689260e+02  -9.61797836e-04
   3.45689749e+02  -1.60449173e-03
   3.45690237e+02  -2.47633201e-03
   3.45690725e+02  -1.73887878e-03
   3.45691213e+02   2.61897949e-04
   3.45691702e+02  -1.11023975e-04
   3.45692190e+02  -1.52586319e-03
   3.45692678e+02  -7.22391298e-04
   3.45693167e+02   1.81193274e-04
   3.45693655e+02  -1.43591489e-03
   3.45694143e+02  -2.47374363e-03
   3.45694632e+02  -1.56484533e-03
   3.45695120e+02  -9.04485409e-04
   3.45695608e+02  -2.75691040e-04
   3.45696097e+02   7.20127195e-04
   3.45696585e+02   1.66975614e-03
   3.45697073e+02   1.84929220e-03
   3.45697562e+02   9.61374084e-04
   3.45698050e+02   8.72376550e-04
   3.45698538e+02   7.54106382e-04
   3.45699027e+02  -2.74707330e-04
   3.45699515e+02  -6.47098408e-04
   3.45700003e+02  -1.20859838e-03
   3.45700492e+02  -1.96788507e-03
   3.45700980e+02  -1.73244649e-03
   3.45701468e+02  -3.75766627e-04
   3.45701956e+02   8.92315642e-04
   3.45702445e+02  -7.60975818e-05
   3.45702933e+02  -1.70343427e-03
   3.45703421e+02  -1.08356797e-03
   3.45703910e+02   8.73765675e-05
   3.45704398e+02  -1.19608559e-03
   3.45704886e+02  -2.63923639e-03
   3.45705375e+02  -2.23631342e-03
   3.45705863e+02  -1.23284641e-03
   3.45706351e+02  -2.07824662e-04
   3.45706840e+02   2.63063790e-04
   3.45707328e+02  -1.85709941e-05
   3.45707816e+02   9.53027629e-04
   3.45708305e+02   3.31860129e-03
   3.45708793e+02   3.18883522e-03
   3.45709281e+02   9.26144130e-04
   3.45709770e+02  -3.23879678e-04
   3.45710258e+02  -1.33480318e-03
   3.45710746e+02  -2.37477757e-03
   3.45711235e+02  -1.91045995e-03
   3.45711723e+02  -1.64435513e-03
   3.45712211e+02  -9.83311911e-04
   3.45712699e+02  -2.29427547e-04
   3.45713188e+02  -5.18551096e-04
   3.45713676e+02   4.37989773e-04
   3.45714164e+02   1.39694114e-03
   3.45714653e+02   1.72713376e-03
   3.45715141e+02   1.34809129e-03
   3.45715629e+02  -6.03414665e-04
   3.45716118e+02  -3.10186530e-03
   3.45716606e+02  -3.38717224e-03
   3.45717094e+02  -2.07879138e-03
   3.45717583e+02  -1.13786513e-03
   3.45718071e+02  -5.04607277e-04
   3.45718559e+02  -9.36663200e-05
   3.45719048e+02  -1.92903695e-04
   3.45719536e+02  -2.71784287e-04
   3.45720024e+02   4.67318576e-04
   3.45720513e+02  -1.21538578e-04
   3.45721001e+02  -1.32231438e-03
   3.45721489e+02   5.47670526e-04
   3.45721978e+02   1.81429647e-03
   3.45722466e+02   4.04359307e-04
   3.45722954e+02  -4.50883497e-04
   3.45723443e+02  -5.43785573e-04
   3.45723931e+02  -4.57534275e-04
   3.45724419e+02  -1.37525331e-05
   3.45724907e+02   5.02560521e-04
   3.45725396e+02   9.34154843e-04
   3.45725884e+02   1.11499638e-03
   3.45726372e+02   1.10651273e-03
   3.45726861e+02  -4.77969734e-04
   3.45727349e+02  -2.04377342e-03
   3.45727837e+02  -5.48015756e-04
   3.45728326e+02   1.41722453e-03
   3.45728814e+02   1.42343470e-03
   3.45729302e+02   1.08402665e-03
   3.45729791e+02   4.77733469e-04
   3.45730279e+02  -2.38505338e-04
   3.45730767e+02   6.01319131e-04
   3.45731256e+02   2.20783707e-03
   3.45731744e+02   2.45155767e-03
   3.45732232e+02   1.40454236e-03
   3.45732721e+02   1.09339412e-03
   3.45733209e+02   1.14772865e-03
   3.45733697e+02   6.72154492e-05
   3.45734186e+02  -2.28954432e-05
   3.45734674e+02   1.15587190e-03
   3.45735162e+02   1.66101218e-03
   3.45735650e+02   1.74217857e-03
   3.45736139e+02   1.17485528e-03
   3.45736627e+02   7.78748363e-04
   3.45737115e+02   5.79714251e-04
   3.45737604e+02   5.64994582e-04
   3.45738092e+02  -2.21701121e-04
   3.45738580e+02  -1.57154934e-03
   3.45739069e+02  -1.64484291e-03
   3.45739557e+02  -7.32035725e-04
   3.45740045e+02  -1.04062876e-03
   3.45740534e+02  -9.01825260e-04
   3.45741022e+02  -1.03211054e-03
   3.45741510e+02  -1.16151373e-03
   3.45741999e+02  -6.10195159e-04
   3.45742487e+02  -1.13143702e-03
   3.45742975e+02  -1.31007365e-03
   3.45743464e+02  -5.03418793e-04
   3.45743952e+02  -9.95574170e-04
   3.45744440e+02  -6.85073261e-04
   3.45744929e+02   1.96677705e-04
   3.45745417e+02  -3.46963148e-04
   3.45745905e+02  -3.85022373e-04
   3.45746393e+02   8.65907350e-04
   3.45746882e+02   1.18208595e-03
   3.45747370e+02   1.08575542e-03
   3.45747858e+02   6.29046001e-04
   3.45748347e+02  -2.75201401e-05
   3.45748835e+02   3.82383514e-05
   3.45749323e+02   2.86516937e-04
   3.45749812e+02  -6.96752759e-05
   3.45750300e+02  -9.36409517e-04
   3.45750788e+02  -8.24680610e-04
   3.45751277e+02  -2.93820282e-04
   3.45751765e+02   4.00877150e-04
   3.45752253e+02   1.00420462e-03
   3.45752742e+02   7.50624167e-04
   3.45753230e+02   1.10726920e-03
   3.45753718e+02   6.90266897e-04
   3.45754207e+02  -4.02743375e-04
   3.45754695e+02  -2.34886815e-04
   3.45755183e+02   2.18963993e-04
   3.45755672e+02  -5.52363927e-04
   3.45756160e+02  -1.91671879e-03
   3.45756648e+02  -1.29493186e-03
   3.45757137e+02   4.29937703e-04
   3.45757625e+02   7.85763143e-04
   3.45758113e+02   1.56179405e-04
   3.45758601e+02   2.89380168e-05
   3.45759090e+02  -3.96264775e-04
   3.45759578e+02  -9.34670097e-04
   3.45760066e+02  -7.76538043e-04
   3.45760555e+02  -9.52583141e-05
   3.45761043e+02   2.76201725e-04
   3.45761531e+02   8.99979204e-04
   3.45762020e+02   1.21824723e-03
   3.45762508e+02   2.55160005e-04
   3.45762996e+02  -3.52375617e-04
   3.45763485e+02   5.00411435e-04
   3.45763973e+02   4.50790394e-04
   3.45764461e+02  -1.12656795e-03
   3.45764950e+02  -2.24510999e-03
   3.45765438e+02  -2.65201880e-03
   3.45765926e+02  -3.24729015e-03
   3.45766415e+02  -2.30019144e-03
   3.45766903e+02  -1.10916898e-03
   3.45767391e+02  -5.67248615e-04
   3.45767880e+02   7.94283405e-04
   3.45768368e+02   9.69411456e-04
   3.45768856e+02  -1.06838590e-03
   3.45769344e+02  -2.42543500e-03
   3.45769833e+02  -1.61760917e-03
   3.45770321e+02   1.57337054e-04
   3.45770809e+02   7.01601617e-04
   3.45771298e+02   1.34634809e-03
   3.45771786e+02   6.49756112e-04
   3.45772274e+02  -2.69141838e-05
   3.45772763e+02  -1.96479770e-04
   3.45773251e+02  -5.57500578e-04
   3.45773739e+02  -1.35664304e-04
   3.45774228e+02   5.60174056e-04
   3.45774716e+02  -9.91339039e-05
   3.45775204e+02  -9.71492496e-04
   3.45775693e+02  -9.77578107e-04
   3.45776181e+02  -4.78592643e-04
   3.45776669e+02  -3.66359054e-05
   3.45777158e+02  -2.71093304e-04
   3.45777646e+02  -5.23555616e-04
   3.45778134e+02  -5.36263047e-04
   3.45778623e+02  -1.95194341e-04
   3.45779111e+02   3.07154056e-04
   3.45779599e+02   2.59022316e-04
   3.45780087e+02   2.76311883e-04
   3.45780576e+02  -4.01061232e-04
   3.45781064e+02  -8.08042998e-04
   3.45781552e+02  -5.03732590e-04
   3.45782041e+02  -5.81767177e-04
   3.45782529e+02  -9.02135391e-04
   3.45783017e+02  -1.32047560e-03
   3.45783506e+02  -2.62895715e-03
   3.45783994e+02  -3.93835409e-03
   3.45784482e+02  -2.85709160e-03
   3.45784971e+02  -1.28169893e-03
   3.45785459e+02  -1.70921569e-03
   3.45785947e+02  -2.79701455e-03
   3.45786436e+02  -2.14388268e-03
   3.45786924e+02  -2.22655537e-04
   3.45787412e+02   9.72052629e-04
   3.45787901e+02   8.79383646e-04
   3.45788389e+02  -3.78060649e-04
   3.45788877e+02  -1.08271383e-03
   3.45789366e+02  -5.94990797e-06
   3.45789854e+02   9.00550047e-04
   3.45790342e+02   5.51965495e-04
   3.45790831e+02  -3.93897353e-04
   3.45791319e+02  -1.82065275e-03
   3.45791807e+02  -1.72942341e-03
   3.45792295e+02  -1.39074854e-03
   3.45792784e+02  -2.77127721e-03
   3.45793272e+02  -2.96365167e-03
   3.45793760e+02  -9.97145078e-04
   3.45794249e+02   9.04474524e-04
   3.45794737e+02   1.06640754e-03
   3.45795225e+02   2.81098241e-04
   3.45795714e+02   4.18115465e-04
   3.45796202e+02   5.25352807e-05
   3.45796690e+02  -3.55046650e-04
   3.45797179e+02   3.47248220e-04
   3.45797667e+02   9.62000559e-05
   3.45798155e+02  -7.31275475e-04
   3.45798644e+02  -1.01025763e-03
   3.45799132e+02  -8.52015801e-05
   3.45799620e+02   8.62222048e-04
   3.45800109e+02   1.04789145e-03
   3.45800597e+02   4.70913277e-04
   3.45801085e+02   1.60305266e-04
   3.45801574e+02   1.43596937e-03
   3.45802062e+02   1.94533402e-03
   3.45802550e+02   1.79029640e-03
   3.45803038e+02   1.75317586e-03
   3.45803527e+02  -2.88045121e-04
   3.45804015e+02  -9.96755669e-04
   3.45804503e+02   1.03087595e-03
   3.45804992e+02   9.66617139e-04
   3.45805480e+02  -2.89167743e-04
   3.45805968e+02  -2.38458320e-04
   3.45806457e+02  -5.04237141e-05
   3.45806945e+02  -1.13028516e-04
   3.45807433e+02  -4.65038349e-04
   3.45807922e+02  -6.32310053e-04
   3.45808410e+02  -9.66952415e-04
   3.45808898e+02  -8.26224044e-04
   3.45809387e+02  -1.66227896e-04
   3.45809875e+02  -9.37786535e-05
   3.45810363e+02  -5.74037433e-04
   3.45810852e+02   4.51314991e-04
   3.45811340e+02   1.77378475e-03
   3.45811828e+02   8.41458328e-04
   3.45812317e+02   5.13008272e-04
   3.45812805e+02  -2.11524894e-04
   3.45813293e+02  -1.39246089e-03
   3.45813781e+02   1.13724469e-04
   3.45814270e+02   2.41331360e-03
   3.45814758e+02   1.80017657e-03
   3.45815246e+02  -4.54867579e-04
   3.45815735e+02   6.65586631e-05
   3.45816223e+02   2.00835476e-03
   3.45816711e+02   1.54258998e-03
   3.45817200e+02  -5.86397946e-04
   3.45817688e+02  -1.39183470e-03
   3.45818176e+02  -6.43857406e-04
   3.45818665e+02   1.11541223e-04
   3.45819153e+02   4.52214794e-04
   3.45819641e+02   8.74943100e-04
   3.45820130e+02   2.32964652e-04
   3.45820618e+02  -1.04337535e-03
   3.45821106e+02  -1.74173689e-03
   3.45821595e+02  -1.50713278e-03
   3.45822083e+02   4.78760281e-04
   3.45822571e+02   1.61927938e-03
   3.45823060e+02   1.68694532e-03
   3.45823548e+02   2.25647818e-03
   3.45824036e+02   2.05914839e-03
   3.45824525e+02   2.07864866e-03
   3.45825013e+02   1.73440576e-03
   3.45825501e+02   1.46025140e-03
   3.45825989e+02   5.06494602e-04
   3.45826478e+02  -9.18994367e-04
   3.45826966e+02  -1.04660261e-03
   3.45827454e+02  -8.57787905e-04
   3.45827943e+02  -1.07685430e-03
   3.45828431e+02  -1.54401595e-03
   3.45828919e+02  -1.38567225e-03
   3.45829408e+02  -8.26950782e-05
   3.45829896e+02   2.21337905e-04
   3.45830384e+02  -8.97789490e-04
   3.45830873e+02  -1.38675538e-03
   3.45831361e+02   2.72402394e-04
   3.45831849e+02   1.37886114e-03
   3.45832338e+02   5.73927711e-04
   3.45832826e+02   4.23684280e-04
   3.45833314e+02   1.02007575e-03
   3.45833803e+02   1.08355295e-03
   3.45834291e+02   4.29707899e-04
   3.45834779e+02  -3.13816447e-04
   3.45835268e+02  -5.30688500e-04
   3.45835756e+02   6.48537127e-04
   3.45836244e+02   1.49879896e-03
   3.45836732e+02   1.21280864e-04
   3.45837221e+02  -6.61076978e-04
   3.45837709e+02   2.02927098e-04
   3.45838197e+02   1.50023797e-03
   3.45838686e+02   2.08460633e-03
   3.45839174e+02   1.23950175e-03
   3.45839662e+02   8.44148220e-04
   3.45840151e+02   6.61358470e-04
   3.45840639e+02  -3.64082545e-04
   3.45841127e+02  -1.22278370e-03
   3.45841616e+02  -6.45515465e-05
   3.45842104e+02   1.54106598e-03
   3.45842592e+02   6.14080636e-04
   3.45843081e+02  -4.26273939e-04
   3.45843569e+02   3.01631866e-04
   3.45844057e+02   4.60132520e-04
   3.45844546e+02  -3.43262684e-04
   3.45845034e+02  -1.09966926e-03
   3.45845522e+02  -1.38879591e-03
   3.45846011e+02  -2.24041461e-04
   3.45846499e+02   5.06571203e-04
   3.45846987e+02   5.92558412e-04
   3.45847476e+02   1.29479077e-03
   3.45847964e+02   1.40353211e-03
   3.45848452e+02   1.74468034e-03
   3.45848940e+02   1.27746339e-03
   3.45849429e+02  -3.77446064e-04
   3.45849917e+02  -1.79683592e-03
   3.45850405e+02  -2.64167343e-03
   3.45850894e+02  -2.82064639e-03
   3.45851382e+02  -1.93712115e-03
   3.45851870e+02  -6.66423002e-04
   3.45852359e+02  -1.20478799e-04
   3.45852847e+02  -8.79530780e-05
   3.45853335e+02  -2.59271241e-04
   3.45853824e+02  -4.99766262e-04
   3.45854312e+02   8.45515402e-04
   3.45854800e+02   1.66468439e-03
   3.45855289e+02   1.35752640e-03
   3.45855777e+02   7.23932462e-04
   3.45856265e+02  -1.87137135e-04
   3.45856754e+02  -5.98728293e-05
   3.45857242e+02   3.44209635e-04
   3.45857730e+02   9.78139462e-04
   3.45858219e+02   1.17248425e-03
   3.45858707e+02   9.40323516e-04
   3.45859195e+02   2.29526707e-03
   3.45859683e+02   1.54327729e-03
   3.45860172e+02  -1.21055089e-03
   3.45860660e+02  -5.55323786e-04
   3.45861148e+02   9.57341341e-04
   3.45861637e+02   7.61011208e-04
   3.45862125e+02   8.53564765e-04
   3.45862613e+02   3.95570183e-04
   3.45863102e+02   7.05337268e-04
   3.45863590e+02   2.30790442e-03
   3.45864078e+02   1.76415232e-03
   3.45864567e+02   8.26660253e-04
   3.45865055e+02   7.62638112e-04
   3.45865543e+02  -6.17451791e-04
   3.45866032e+02  -1.02883193e-03
   3.45866520e+02   2.03623626e-04
   3.45867008e+02   1.49047963e-04
   3.45867497e+02   6.01768203e-04
   3.45867985e+02   6.87597552e-04
   3.45868473e+02  -7.75861961e-04
   3.45868962e+02  -6.44576561e-04
   3.45869450e+02   1.39457954e-03
   3.45869938e+02   1.50202308e-03
   3.45870426e+02  -2.07781952e-04
   3.45870915e+02  -5.54022612e-04
   3.45871403e+02   4.35704889e-04
   3.45871891e+02   2.41483896e-04
   3.45872380e+02  -7.39286072e-04
   3.45872868e+02  -9.48773639e-04
   3.45873356e+02  -8.00104172e-04
   3.45873845e+02  -7.02470483e-04
   3.45874333e+02  -1.23201043e-03
   3.45874821e+02  -1.79506990e-03
   3.45875310e+02  -1.75987754e-03
   3.45875798e+02  -8.61927227e-04
   3.45876286e+02   6.04097149e-04
   3.45876775e+02  -3.63905110e-06
   3.45877263e+02  -1.65569165e-03
   3.45877751e+02  -6.34849945e-04
   3.45878240e+02   1.30502181e-03
   3.45878728e+02   1.36941753e-03
   3.45879216e+02   1.13348034e-03
   3.45879705e+02   1.94671634e-03
   3.45880193e+02   2.38611223e-03
   3.45880681e+02   2.04528146e-03
   3.45881170e+02   2.25131004e-03
   3.45881658e+02   1.61280192e-03
   3.45882146e+02  -1.55324946e-04
   3.45882634e+02  -9.82820755e-04
   3.45883123e+02  -6.72067516e-04
   3.45883611e+02   1.63333607e-05
   3.45884099e+02   6.83698745e-04
   3.45884588e+02   6.92391128e-04
   3.45885076e+02   3.91125621e-04
   3.45885564e+02   6.95254363e-04
   3.45886053e+02   8.83277622e-04
   3.45886541e+02   4.98653913e-04
   3.45887029e+02   2.35718297e-04
   3.45887518e+02   3.76373733e-04
   3.45888006e+02  -9.83465463e-04
   3.45888494e+02  -2.53590732e-03
   3.45888983e+02  -1.63055770e-03
   3.45889471e+02   4.81511743e-05
   3.45889959e+02   7.77459281e-05
   3.45890448e+02   1.19781107e-04
   3.45890936e+02   7.01050798e-04
   3.45891424e+02   9.53551644e-05
   3.45891913e+02  -4.05410450e-04
   3.45892401e+02  -1.62557815e-04
   3.45892889e+02  -1.95332119e-04
   3.45893377e+02   7.06522551e-05
   3.45893866e+02   1.12174987e-03
   3.45894354e+02   1.80135632e-03
   3.45894842e+02   8.36119987e-04
   3.45895331e+02  -4.44078672e-04
   3.45895819e+02   1.09598019e-04
   3.45896307e+02   2.15070322e-03
   3.45896796e+02   1.31009228e-03
   3.45897284e+02  -1.04346208e-03
   3.45897772e+02  -1.15951756e-03
   3.45898261e+02  -2.81534099e-04
   3.45898749e+02   4.16349998e-04
   3.45899237e+02  -6.61158236e-04
   3.45899726e+02  -1.38690567e-03
   3.45900214e+02  -4.85427765e-04
   3.45900702e+02   1.20497250e-03
   3.45901191e+02   1.95656018e-03
   3.45901679e+02   8.09657737e-04
   3.45902167e+02  -2.12329964e-04
   3.45902656e+02  -1.34872587e-03
   3.45903144e+02  -2.05591554e-03
   3.45903632e+02  -1.62705278e-03
   3.45904120e+02  -5.54550963e-04
   3.45904609e+02   1.16512342e-03
   3.45905097e+02   1.09077583e-03
   3.45905585e+02   5.89597563e-04
   3.45906074e+02   7.26979983e-04
   3.45906562e+02   5.63663954e-04
   3.45907050e+02   5.01224364e-04
   3.45907539e+02  -3.38523852e-04
   3.45908027e+02  -8.64421832e-04
   3.45908515e+02  -4.81580646e-04
   3.45909004e+02  -6.08741320e-05
   3.45909492e+02   6.51419279e-04
   3.45909980e+02  -1.63827121e-04
   3.45910469e+02  -1.97504694e-03
   3.45910957e+02  -7.34287780e-04
   3.45911445e+02   1.45026378e-03
   3.45911934e+02   1.01512787e-03
   3.45912422e+02   1.08049880e-03
   3.45912910e+02   5.91214863e-04
   3.45913399e+02  -1.73120387e-03
   3.45913887e+02  -1.69935054e-03
   3.45914375e+02  -7.13978719e-04
   3.45914864e+02  -1.04778633e-03
   3.45915352e+02  -9.06243338e-04
   3.45915840e+02  -4.43659403e-04
   3.45916328e+02  -8.06926342e-04
   3.45916817e+02  -1.07820204e-03
   3.45917305e+02  -7.95699423e-04
   3.45917793e+02  -3.96363030e-04
   3.45918282e+02   6.34721146e-05
   3.45918770e+02  -3.41129606e-04
   3.45919258e+02  -1.54619629e-03
   3.45919747e+02  -1.06892444e-03
   3.45920235e+02   1.05152093e-03
   3.45920723e+02   1.58113951e-03
   3.45921212e+02   2.73878595e-05
   3.45921700e+02  -5.84814523e-04
   3.45922188e+02   1.03939958e-04
   3.45922677e+02   2.34580220e-04
   3.45923165e+02  -1.29527718e-04
   3.45923653e+02   4.40018688e-04
   3.45924142e+02   6.64928928e-04
   3.45924630e+02  -5.80404521e-05
   3.45925118e+02  -2.13273845e-04
   3.45925607e+02   3.57662677e-04
   3.45926095e+02   5.40306675e-04
   3.45926583e+02   2.50186364e-04
   3.45927071e+02  -4.76272922e-04
   3.45927560e+02  -8.51164630e-04
   3.45928048e+02  -1.46220234e-04
   3.45928536e+02   2.57826207e-04
   3.45929025e+02   4.79079463e-04
   3.45929513e+02   1.39879214e-03
   3.45930001e+02   1.70145056e-03
   3.45930490e+02   6.02770946e-04
   3.45930978e+02  -2.36530832e-04
   3.45931466e+02   3.64976295e-04
   3.45931955e+02   1.02506783e-04
   3.45932443e+02  -2.49131757e-04
   3.45932931e+02   5.06519049e-04
   3.45933420e+02   1.03181310e-03
   3.45933908e+02   1.29138725e-03
   3.45934396e+02   1.04171177e-03
   3.45934885e+02  -1.42930221e-04
   3.45935373e+02  -1.67143857e-03
   3.45935861e+02  -2.04303162e-03
   3.45936350e+02  -9.87627776e-04
   3.45936838e+02   3.40571336e-04
   3.45937326e+02   9.21239145e-04
   3.45937814e+02   8.67601600e-04
   3.45938303e+02   2.73082405e-05
   3.45938791e+02  -1.09346712e-03
   3.45939279e+02  -1.62798341e-03
   3.45939768e+02  -2.16793641e-03
   3.45940256e+02  -2.45687715e-03
   3.45940744e+02  -1.39190885e-03
   3.45941233e+02  -8.07147590e-04
   3.45941721e+02  -1.71889982e-03
   3.45942209e+02  -3.75601143e-04
   3.45942698e+02   2.79188645e-03
   3.45943186e+02   1.66811410e-03
   3.45943674e+02  -1.82341482e-03
   3.45944163e+02  -3.11320741e-03
