frequency (GHz), flux (Jy/beam)
   3.43899310e+02  -3.77795630e-04
   3.43899798e+02  -2.69629327e-05
   3.43900286e+02   5.27008997e-05
   3.43900774e+02  -2.11059247e-04
   3.43901263e+02   4.47744469e-06
   3.43901751e+02   5.37462474e-04
   3.43902239e+02   4.34616319e-04
   3.43902728e+02   8.26806572e-05
   3.43903216e+02   3.03691544e-04
   3.43903704e+02   6.17833342e-04
   3.43904193e+02   3.14510515e-04
   3.43904681e+02  -1.84446471e-04
   3.43905169e+02   3.70797825e-05
   3.43905658e+02   6.67625281e-04
   3.43906146e+02   6.77449338e-04
   3.43906634e+02   6.79059449e-05
   3.43907122e+02  -3.39588412e-04
   3.43907611e+02  -2.04668890e-04
   3.43908099e+02  -7.56342342e-05
   3.43908587e+02  -1.49708303e-05
   3.43909076e+02   2.53676699e-04
   3.43909564e+02   4.16355120e-04
   3.43910052e+02   2.55124527e-04
   3.43910541e+02   1.92343869e-05
   3.43911029e+02  -3.25061323e-04
   3.43911517e+02  -5.28107455e-04
   3.43912006e+02  -5.87003655e-04
   3.43912494e+02  -7.43996468e-04
   3.43912982e+02  -8.51477846e-04
   3.43913470e+02  -8.65357404e-04
   3.43913959e+02  -5.53379941e-04
   3.43914447e+02  -3.16386897e-04
   3.43914935e+02  -4.74549888e-04
   3.43915424e+02  -4.82318748e-04
   3.43915912e+02  -1.48469699e-04
   3.43916400e+02   1.50134641e-04
   3.43916889e+02   3.42564075e-04
   3.43917377e+02   1.81769923e-04
   3.43917865e+02   2.93707872e-05
   3.43918354e+02   1.50474545e-04
   3.43918842e+02   4.02483238e-05
   3.43919330e+02  -3.76829645e-04
   3.43919818e+02  -7.78109650e-04
   3.43920307e+02  -8.25518335e-04
   3.43920795e+02  -5.30915218e-04
   3.43921283e+02  -4.30418557e-04
   3.43921772e+02  -5.19234862e-04
   3.43922260e+02  -2.63574038e-04
   3.43922748e+02   2.12832529e-04
   3.43923237e+02   3.42419953e-04
   3.43923725e+02   2.52223137e-04
   3.43924213e+02   3.62317602e-04
   3.43924702e+02   6.75512478e-04
   3.43925190e+02   8.86540744e-04
   3.43925678e+02   7.63792894e-04
   3.43926166e+02   5.33013197e-04
   3.43926655e+02   2.41344533e-04
   3.43927143e+02   3.23897766e-05
   3.43927631e+02  -6.27749978e-05
   3.43928120e+02  -1.78306305e-04
   3.43928608e+02  -4.70762898e-04
   3.43929096e+02  -6.53463707e-04
   3.43929585e+02  -2.38017295e-04
   3.43930073e+02   6.38474085e-05
   3.43930561e+02  -4.15155300e-05
   3.43931050e+02   8.20324785e-05
   3.43931538e+02   1.80845600e-04
   3.43932026e+02  -1.80792122e-05
   3.43932514e+02  -2.23984011e-04
   3.43933003e+02  -2.39898669e-04
   3.43933491e+02  -1.70140163e-04
   3.43933979e+02  -1.32386544e-04
   3.43934468e+02  -1.80068164e-04
   3.43934956e+02  -2.92655284e-04
   3.43935444e+02  -2.76104140e-04
   3.43935933e+02  -1.32227316e-04
   3.43936421e+02   1.47572573e-04
   3.43936909e+02   5.30161546e-04
   3.43937398e+02   5.75144193e-04
   3.43937886e+02   3.91708018e-04
   3.43938374e+02   2.58547079e-04
   3.43938863e+02   1.96790323e-04
   3.43939351e+02   2.60601024e-04
   3.43939839e+02   1.12555565e-04
   3.43940327e+02   2.93531684e-06
   3.43940816e+02   2.63844238e-04
   3.43941304e+02   1.58849376e-04
   3.43941792e+02  -2.80556531e-04
   3.43942281e+02  -2.86890077e-04
   3.43942769e+02  -4.40345793e-05
   3.43943257e+02   6.28169801e-05
   3.43943746e+02   1.14159731e-04
   3.43944234e+02  -4.87190482e-05
   3.43944722e+02  -3.03401990e-04
   3.43945211e+02  -5.27107390e-04
   3.43945699e+02  -6.63789629e-04
   3.43946187e+02  -2.61487119e-04
   3.43946675e+02   4.18717944e-04
   3.43947164e+02   4.70702216e-04
   3.43947652e+02   2.54218059e-04
   3.43948140e+02   3.27637244e-04
   3.43948629e+02   3.09279480e-04
   3.43949117e+02   8.34115781e-05
   3.43949605e+02  -1.93718064e-04
   3.43950094e+02  -4.36220987e-04
   3.43950582e+02  -3.71093367e-04
   3.43951070e+02  -1.56560171e-04
   3.43951559e+02   1.09662782e-04
   3.43952047e+02   3.24063498e-04
   3.43952535e+02   1.76513786e-04
   3.43953023e+02  -1.77298061e-04
   3.43953512e+02  -2.53778999e-04
   3.43954000e+02  -3.61478087e-05
   3.43954488e+02   1.75142035e-04
   3.43954977e+02   3.56645964e-04
   3.43955465e+02   3.07780429e-04
   3.43955953e+02  -9.41161052e-05
   3.43956442e+02  -1.27650303e-04
   3.43956930e+02   2.93536177e-05
   3.43957418e+02  -7.57012749e-05
   3.43957907e+02   2.73328060e-05
   3.43958395e+02   4.83975484e-04
   3.43958883e+02   5.17864479e-04
   3.43959371e+02   3.24100693e-05
   3.43959860e+02  -1.58870258e-04
   3.43960348e+02   1.52021879e-04
   3.43960836e+02   4.81846364e-04
   3.43961325e+02   3.82634724e-04
   3.43961813e+02  -2.87009043e-05
   3.43962301e+02  -1.58382929e-04
   3.43962790e+02  -4.06675736e-06
   3.43963278e+02   2.76992887e-05
   3.43963766e+02  -1.27784369e-04
   3.43964255e+02  -2.22962786e-04
   3.43964743e+02  -7.35521171e-05
   3.43965231e+02   1.46158040e-04
   3.43965719e+02   1.17608004e-04
   3.43966208e+02   1.68894636e-04
   3.43966696e+02   4.88896621e-04
   3.43967184e+02   5.47772390e-04
   3.43967673e+02   3.54222575e-04
   3.43968161e+02   2.86297203e-04
   3.43968649e+02   1.04261962e-04
   3.43969138e+02  -2.87289695e-05
   3.43969626e+02   3.35265104e-05
   3.43970114e+02  -5.96244572e-05
   3.43970603e+02   4.17472038e-05
   3.43971091e+02   3.57767130e-04
   3.43971579e+02   3.71965580e-04
   3.43972067e+02   3.47076450e-04
   3.43972556e+02   2.90083583e-04
   3.43973044e+02  -1.72125438e-04
   3.43973532e+02  -6.46146189e-04
   3.43974021e+02  -5.29712939e-04
   3.43974509e+02   6.82607788e-05
   3.43974997e+02   4.79015493e-04
   3.43975486e+02   4.87749377e-04
   3.43975974e+02   2.61081965e-04
   3.43976462e+02   1.07033884e-04
   3.43976951e+02   2.04375028e-04
   3.43977439e+02   1.90816834e-04
   3.43977927e+02   1.47404178e-04
   3.43978416e+02   2.68021249e-04
   3.43978904e+02   2.62958725e-04
   3.43979392e+02  -5.98729130e-05
   3.43979880e+02  -5.19234571e-04
   3.43980369e+02  -6.76042459e-04
   3.43980857e+02  -4.42715042e-04
   3.43981345e+02  -2.72861536e-04
   3.43981834e+02  -2.38664157e-04
   3.43982322e+02  -1.85095618e-04
   3.43982810e+02  -4.37641538e-05
   3.43983299e+02  -2.95690097e-05
   3.43983787e+02  -2.83255009e-04
   3.43984275e+02  -2.38281646e-04
   3.43984764e+02   1.78116112e-04
   3.43985252e+02   6.47904701e-04
   3.43985740e+02   6.84414408e-04
   3.43986228e+02   2.14143933e-04
   3.43986717e+02  -9.66614971e-05
   3.43987205e+02  -1.84341130e-04
   3.43987693e+02  -2.30261809e-04
   3.43988182e+02  -1.20957295e-04
   3.43988670e+02  -1.63565380e-06
   3.43989158e+02   6.89822627e-05
   3.43989647e+02   2.11665872e-04
   3.43990135e+02   2.07696095e-04
   3.43990623e+02   7.26905346e-05
   3.43991112e+02   6.01729407e-05
   3.43991600e+02   1.29532171e-04
   3.43992088e+02  -1.25133818e-06
   3.43992576e+02  -1.82486634e-04
   3.43993065e+02  -4.40348485e-05
   3.43993553e+02   1.58693816e-04
   3.43994041e+02   2.58366665e-04
   3.43994530e+02   3.18332342e-04
   3.43995018e+02  -9.10829549e-05
   3.43995506e+02  -5.90519689e-04
   3.43995995e+02  -5.09654463e-04
   3.43996483e+02  -4.33194829e-04
   3.43996971e+02  -3.82826285e-04
   3.43997460e+02  -1.52723020e-04
   3.43997948e+02  -1.15754439e-04
   3.43998436e+02  -2.18293662e-05
   3.43998924e+02   2.23493509e-04
   3.43999413e+02   1.20467121e-04
   3.43999901e+02  -1.86707926e-04
   3.44000389e+02  -1.33212030e-04
   3.44000878e+02   2.94334604e-04
   3.44001366e+02   6.32068783e-04
   3.44001854e+02   6.78182289e-04
   3.44002343e+02   2.76443112e-04
   3.44002831e+02  -3.27520771e-04
   3.44003319e+02  -1.77719077e-04
   3.44003808e+02   2.43322065e-04
   3.44004296e+02   7.67327874e-05
   3.44004784e+02  -1.92755397e-04
   3.44005272e+02  -2.07461097e-04
   3.44005761e+02  -1.11437155e-04
   3.44006249e+02   5.93692930e-05
   3.44006737e+02   3.44981643e-04
   3.44007226e+02   3.61533574e-04
   3.44007714e+02  -2.10242681e-04
   3.44008202e+02  -6.36991696e-04
   3.44008691e+02  -3.95431591e-04
   3.44009179e+02   1.60769836e-04
   3.44009667e+02   3.45630629e-04
   3.44010156e+02   2.72191101e-04
   3.44010644e+02   2.89880874e-04
   3.44011132e+02   8.24786111e-05
   3.44011620e+02   5.29052386e-06
   3.44012109e+02   8.48580457e-05
   3.44012597e+02  -1.37299270e-04
   3.44013085e+02  -1.99516726e-04
   3.44013574e+02  -9.67661326e-05
   3.44014062e+02  -5.10711048e-04
   3.44014550e+02  -4.05668543e-04
   3.44015039e+02   2.69333068e-05
   3.44015527e+02   3.93590337e-04
   3.44016015e+02   6.66203734e-04
   3.44016504e+02   5.60917950e-04
   3.44016992e+02   1.78184680e-04
   3.44017480e+02   4.28563709e-07
   3.44017969e+02  -2.78993120e-05
   3.44018457e+02   1.86126214e-04
   3.44018945e+02   4.20822762e-04
   3.44019433e+02  -4.54187611e-05
   3.44019922e+02  -5.38042397e-04
   3.44020410e+02  -5.18048182e-04
   3.44020898e+02  -6.76243624e-04
   3.44021387e+02  -6.81899895e-04
   3.44021875e+02  -1.17703348e-04
   3.44022363e+02   1.83069671e-04
   3.44022852e+02   2.04962402e-04
   3.44023340e+02   3.47625348e-04
   3.44023828e+02   1.04630773e-04
   3.44024317e+02  -7.87868630e-05
   3.44024805e+02   2.22603430e-05
   3.44025293e+02   1.13877533e-04
   3.44025781e+02   2.10147278e-04
   3.44026270e+02   1.30164262e-04
   3.44026758e+02  -7.20347671e-05
   3.44027246e+02  -1.16615724e-04
   3.44027735e+02   1.13735434e-04
   3.44028223e+02   1.64494064e-04
   3.44028711e+02  -1.24332175e-04
   3.44029200e+02  -1.89014201e-04
   3.44029688e+02  -3.28120659e-05
   3.44030176e+02   1.02747923e-04
   3.44030665e+02   1.78775823e-04
   3.44031153e+02   4.52392233e-05
   3.44031641e+02  -2.99923500e-04
   3.44032129e+02  -3.52180825e-04
   3.44032618e+02   1.53471832e-04
   3.44033106e+02   4.90804028e-04
   3.44033594e+02   3.29478498e-04
   3.44034083e+02   1.51642715e-04
   3.44034571e+02   3.02622444e-04
   3.44035059e+02   3.58363584e-04
   3.44035548e+02   1.56202776e-04
   3.44036036e+02   1.80037809e-04
   3.44036524e+02   2.67351512e-04
   3.44037013e+02   3.41462466e-04
   3.44037501e+02   3.89582157e-04
   3.44037989e+02   2.72182806e-04
   3.44038477e+02  -1.26964742e-05
   3.44038966e+02  -9.65141517e-05
   3.44039454e+02   2.05099393e-04
   3.44039942e+02   4.37957118e-04
   3.44040431e+02   6.24252483e-04
   3.44040919e+02   8.62115936e-04
   3.44041407e+02   1.03910430e-03
   3.44041896e+02   7.85485725e-04
   3.44042384e+02   1.63899764e-04
   3.44042872e+02  -3.88685075e-05
   3.44043361e+02  -4.47254570e-05
   3.44043849e+02  -5.65537375e-05
   3.44044337e+02   2.45603005e-04
   3.44044825e+02   6.02470071e-04
   3.44045314e+02   7.97359215e-04
   3.44045802e+02   7.12892739e-04
   3.44046290e+02   3.49516748e-04
   3.44046779e+02   9.19131635e-05
   3.44047267e+02   1.59884192e-04
   3.44047755e+02   3.64462248e-05
   3.44048244e+02  -1.74305329e-04
   3.44048732e+02   5.93887344e-05
   3.44049220e+02   2.17267443e-04
   3.44049709e+02   3.77442993e-05
   3.44050197e+02  -1.90150546e-04
   3.44050685e+02  -3.40724539e-04
   3.44051173e+02  -3.72182840e-04
   3.44051662e+02  -2.63264577e-04
   3.44052150e+02  -1.38343501e-04
   3.44052638e+02  -7.15030110e-05
   3.44053127e+02  -4.61191557e-05
   3.44053615e+02  -2.06053766e-04
   3.44054103e+02  -3.04523885e-04
   3.44054592e+02   2.75273178e-05
   3.44055080e+02   4.32977104e-04
   3.44055568e+02   5.10842365e-04
   3.44056057e+02   5.37992921e-04
   3.44056545e+02   5.85984031e-04
   3.44057033e+02   4.40305565e-04
   3.44057522e+02   1.89584796e-04
   3.44058010e+02   1.30627732e-05
   3.44058498e+02   1.14216426e-04
   3.44058986e+02   6.83127000e-05
   3.44059475e+02  -1.76055823e-04
   3.44059963e+02  -5.94922458e-05
   3.44060451e+02   8.06539610e-05
   3.44060940e+02  -2.76615028e-04
   3.44061428e+02  -7.15287519e-04
   3.44061916e+02  -5.86142647e-04
   3.44062405e+02  -4.99287926e-05
   3.44062893e+02   3.03194305e-04
   3.44063381e+02   3.18740582e-04
   3.44063870e+02   1.31437206e-04
   3.44064358e+02  -3.58431978e-04
   3.44064846e+02  -8.97475169e-04
   3.44065334e+02  -8.00670765e-04
   3.44065823e+02  -3.50987684e-04
   3.44066311e+02  -9.99508920e-05
   3.44066799e+02  -1.42557517e-04
   3.44067288e+02  -4.00513149e-04
   3.44067776e+02  -5.10926009e-04
   3.44068264e+02  -4.62947413e-04
   3.44068753e+02  -3.25189903e-04
   3.44069241e+02  -1.48158055e-04
   3.44069729e+02  -2.90631782e-04
   3.44070218e+02  -5.18507673e-04
   3.44070706e+02  -2.91953475e-04
   3.44071194e+02   1.36285424e-04
   3.44071682e+02   1.13622409e-04
   3.44072171e+02  -6.58758727e-05
   3.44072659e+02  -6.82098980e-05
   3.44073147e+02   2.13173655e-04
   3.44073636e+02   4.58370283e-04
   3.44074124e+02   5.83087851e-04
   3.44074612e+02   5.04960539e-04
   3.44075101e+02   1.96326466e-04
   3.44075589e+02   4.69333681e-05
   3.44076077e+02  -9.61717305e-05
   3.44076566e+02  -3.70756985e-04
   3.44077054e+02  -5.13221021e-04
   3.44077542e+02  -5.11475722e-04
   3.44078030e+02  -4.19003336e-04
   3.44078519e+02  -3.50747032e-05
   3.44079007e+02   3.51312512e-04
   3.44079495e+02   3.84872226e-04
   3.44079984e+02   3.52037721e-04
   3.44080472e+02   1.04270257e-04
   3.44080960e+02  -2.40572641e-04
   3.44081449e+02  -3.92051443e-04
   3.44081937e+02  -4.23998543e-04
   3.44082425e+02  -2.03352014e-04
   3.44082914e+02  -1.90317907e-04
   3.44083402e+02  -3.84296640e-04
   3.44083890e+02  -2.80687353e-04
   3.44084378e+02  -1.47323881e-04
   3.44084867e+02  -5.13588311e-05
   3.44085355e+02  -7.45091165e-05
   3.44085843e+02  -1.22801124e-04
   3.44086332e+02   7.51680054e-05
   3.44086820e+02  -1.77816128e-05
   3.44087308e+02  -2.69665034e-04
   3.44087797e+02  -3.18476610e-04
   3.44088285e+02  -2.85584480e-04
   3.44088773e+02  -1.17319338e-04
   3.44089262e+02   1.16722214e-04
   3.44089750e+02   2.46158888e-04
   3.44090238e+02   1.34897316e-04
   3.44090726e+02   5.93649856e-05
   3.44091215e+02  -3.87491173e-06
   3.44091703e+02  -2.68259959e-04
   3.44092191e+02  -2.00451235e-04
   3.44092680e+02   7.27327570e-05
   3.44093168e+02   1.17203337e-04
   3.44093656e+02   1.08810978e-04
   3.44094145e+02   1.98114634e-04
   3.44094633e+02   2.08377023e-04
   3.44095121e+02  -1.54415044e-04
   3.44095610e+02  -5.57502732e-04
   3.44096098e+02  -6.04544068e-04
   3.44096586e+02  -4.07219137e-04
   3.44097075e+02  -5.17311681e-04
   3.44097563e+02  -6.73331961e-04
   3.44098051e+02  -1.02637183e-04
   3.44098539e+02   3.52655072e-04
   3.44099028e+02   1.63533361e-04
   3.44099516e+02  -8.81239393e-05
   3.44100004e+02  -3.32038995e-04
   3.44100493e+02  -6.08060451e-04
   3.44100981e+02  -6.27717411e-04
   3.44101469e+02  -4.10383946e-04
   3.44101958e+02  -1.96613415e-04
   3.44102446e+02   5.11981989e-06
   3.44102934e+02   2.83061439e-04
   3.44103423e+02   2.67750642e-04
   3.44103911e+02  -2.78246334e-05
   3.44104399e+02  -1.48466730e-04
   3.44104887e+02  -2.81478224e-05
   3.44105376e+02   8.60779619e-05
   3.44105864e+02   5.10467835e-05
   3.44106352e+02   2.33476734e-04
   3.44106841e+02   4.79531154e-04
   3.44107329e+02   4.42960620e-04
   3.44107817e+02   2.86417606e-04
   3.44108306e+02   1.53882022e-04
   3.44108794e+02   1.22462588e-04
   3.44109282e+02   3.62078456e-04
   3.44109771e+02   5.77273371e-04
   3.44110259e+02   4.46258229e-04
   3.44110747e+02   3.53968062e-04
   3.44111235e+02   2.72726262e-04
   3.44111724e+02  -8.10116326e-05
   3.44112212e+02  -3.58708086e-04
   3.44112700e+02  -1.18656375e-04
   3.44113189e+02   3.86475003e-04
   3.44113677e+02   4.81441355e-04
   3.44114165e+02   2.09632228e-04
   3.44114654e+02   3.09862262e-05
   3.44115142e+02  -2.44263992e-05
   3.44115630e+02  -1.13364556e-04
   3.44116119e+02  -4.62437947e-06
   3.44116607e+02   3.32258387e-05
   3.44117095e+02  -2.37486180e-04
   3.44117583e+02  -3.74369352e-04
   3.44118072e+02  -1.89235259e-04
   3.44118560e+02  -1.33001449e-04
   3.44119048e+02  -3.14226374e-04
   3.44119537e+02  -5.40758425e-04
   3.44120025e+02  -4.88809193e-04
   3.44120513e+02  -1.01836202e-04
   3.44121002e+02  -1.11214695e-05
   3.44121490e+02  -1.92783584e-04
   3.44121978e+02  -2.26143122e-04
   3.44122467e+02  -3.94157396e-05
   3.44122955e+02   1.26997373e-04
   3.44123443e+02   1.64587284e-04
   3.44123931e+02  -4.51617852e-05
   3.44124420e+02  -1.61288306e-04
   3.44124908e+02   4.96315879e-05
   3.44125396e+02   1.92861826e-05
   3.44125885e+02  -1.68864295e-04
   3.44126373e+02  -2.02773066e-04
   3.44126861e+02  -2.48761004e-04
   3.44127350e+02  -2.88857758e-04
   3.44127838e+02  -4.03715938e-04
   3.44128326e+02  -4.76356101e-04
   3.44128815e+02  -2.25125579e-04
   3.44129303e+02   3.85041167e-05
   3.44129791e+02   5.03944975e-05
   3.44130279e+02   8.91148884e-05
   3.44130768e+02   7.30481916e-05
   3.44131256e+02  -5.37472079e-04
   3.44131744e+02  -7.25732301e-04
   3.44132233e+02  -5.32142585e-04
   3.44132721e+02  -5.53405494e-04
   3.44133209e+02  -8.51772144e-04
   3.44133698e+02  -1.04900112e-03
   3.44134186e+02  -7.74395477e-04
   3.44134674e+02  -2.80159788e-04
   3.44135163e+02   1.25700230e-04
   3.44135651e+02   2.56060710e-04
   3.44136139e+02   1.42985809e-05
   3.44136628e+02  -3.00403510e-04
   3.44137116e+02  -3.80238867e-04
   3.44137604e+02  -2.43782575e-04
   3.44138092e+02  -8.20808273e-05
   3.44138581e+02   1.15818235e-04
   3.44139069e+02   2.10464234e-04
   3.44139557e+02  -7.96756794e-05
   3.44140046e+02  -4.23270714e-04
   3.44140534e+02  -6.39890553e-04
   3.44141022e+02  -6.00003172e-04
   3.44141511e+02  -4.31512221e-04
   3.44141999e+02  -4.02430480e-04
   3.44142487e+02  -3.33092612e-04
   3.44142976e+02  -2.82627036e-04
   3.44143464e+02  -4.35419322e-04
   3.44143952e+02  -3.60784354e-04
   3.44144440e+02  -1.82467207e-04
   3.44144929e+02  -4.56674432e-04
   3.44145417e+02  -6.34661701e-04
   3.44145905e+02  -2.39312809e-04
   3.44146394e+02   2.12261904e-04
   3.44146882e+02   3.08423478e-04
   3.44147370e+02   9.57563971e-05
   3.44147859e+02  -6.73091781e-05
   3.44148347e+02  -9.07258727e-05
   3.44148835e+02  -1.85111552e-04
   3.44149324e+02  -1.82152537e-04
   3.44149812e+02  -3.46759116e-05
   3.44150300e+02  -2.27912642e-05
   3.44150788e+02  -1.20603429e-04
   3.44151277e+02   8.08469922e-05
   3.44151765e+02   2.64918781e-04
   3.44152253e+02   8.55906692e-05
   3.44152742e+02  -5.73794096e-05
   3.44153230e+02  -2.99915293e-04
   3.44153718e+02  -5.99451771e-04
   3.44154207e+02  -2.66630785e-04
   3.44154695e+02   3.26073059e-04
   3.44155183e+02   2.44898169e-04
   3.44155672e+02  -5.57376825e-06
   3.44156160e+02  -2.44509811e-05
   3.44156648e+02  -2.11626015e-04
   3.44157136e+02  -1.93668617e-04
   3.44157625e+02   1.98994661e-04
   3.44158113e+02   3.90121131e-04
   3.44158601e+02   2.26695542e-04
   3.44159090e+02   3.10381765e-05
   3.44159578e+02   5.69091135e-05
   3.44160066e+02   2.08518744e-04
   3.44160555e+02   3.49624112e-04
   3.44161043e+02   2.31205602e-04
   3.44161531e+02  -1.10390836e-04
   3.44162020e+02  -3.30489245e-04
   3.44162508e+02  -3.99228797e-04
   3.44162996e+02  -3.74286989e-04
   3.44163484e+02  -3.14617850e-04
   3.44163973e+02  -1.30130706e-04
   3.44164461e+02  -3.47992536e-05
   3.44164949e+02  -2.65903422e-04
   3.44165438e+02  -3.32058640e-04
   3.44165926e+02  -4.08634478e-05
   3.44166414e+02   2.58066546e-04
   3.44166903e+02   4.32284724e-04
   3.44167391e+02   3.58823105e-04
   3.44167879e+02   2.14815755e-05
   3.44168368e+02  -1.34739224e-04
   3.44168856e+02   6.48948117e-05
   3.44169344e+02   3.19294573e-04
   3.44169832e+02   3.11298500e-04
   3.44170321e+02   2.13272942e-04
   3.44170809e+02   1.73690234e-04
   3.44171297e+02   6.83851613e-05
   3.44171786e+02   1.06658023e-04
   3.44172274e+02   4.25206963e-04
   3.44172762e+02   5.53487975e-04
   3.44173251e+02   1.47316357e-04
   3.44173739e+02  -3.52188421e-04
   3.44174227e+02  -4.61245130e-04
   3.44174716e+02  -2.33703424e-04
   3.44175204e+02  -7.87694298e-05
   3.44175692e+02  -3.06019239e-04
   3.44176181e+02  -5.30167483e-04
   3.44176669e+02  -4.86206671e-04
   3.44177157e+02  -5.13323699e-04
   3.44177645e+02  -3.36707657e-04
   3.44178134e+02   9.11551251e-06
   3.44178622e+02   8.61871231e-05
   3.44179110e+02  -1.75674446e-04
   3.44179599e+02  -5.13860490e-04
   3.44180087e+02  -4.95088927e-04
   3.44180575e+02  -1.64875979e-04
   3.44181064e+02  -1.43819852e-04
   3.44181552e+02  -2.14176223e-04
   3.44182040e+02  -6.38458077e-05
   3.44182529e+02  -1.91229774e-04
   3.44183017e+02  -6.20979932e-04
   3.44183505e+02  -7.00513716e-04
   3.44183993e+02  -4.27746098e-04
   3.44184482e+02  -5.82834124e-04
   3.44184970e+02  -5.61780878e-04
   3.44185458e+02   8.77088823e-05
   3.44185947e+02   2.39714209e-04
   3.44186435e+02  -2.20227957e-05
   3.44186923e+02   2.95401871e-04
   3.44187412e+02   5.38651308e-04
   3.44187900e+02   2.62912181e-05
   3.44188388e+02  -5.34332765e-04
   3.44188877e+02  -5.39117493e-04
   3.44189365e+02  -4.52919543e-04
   3.44189853e+02  -3.78417317e-04
   3.44190341e+02  -7.92705323e-05
   3.44190830e+02   7.87047538e-05
   3.44191318e+02  -7.22324621e-05
   3.44191806e+02  -2.60186294e-04
   3.44192295e+02  -3.37292615e-04
   3.44192783e+02  -2.96785176e-04
   3.44193271e+02  -2.49385717e-04
   3.44193760e+02  -2.59697281e-05
   3.44194248e+02   2.72905105e-04
   3.44194736e+02   2.19075213e-04
   3.44195225e+02   9.56846197e-05
   3.44195713e+02   2.74525228e-04
   3.44196201e+02   2.24649892e-04
   3.44196689e+02  -1.45762839e-04
   3.44197178e+02   3.75709351e-06
   3.44197666e+02   6.63024082e-04
   3.44198154e+02   9.79657518e-04
   3.44198643e+02   7.14447058e-04
   3.44199131e+02   1.39892058e-04
   3.44199619e+02  -2.08314814e-04
   3.44200108e+02  -6.95412455e-05
   3.44200596e+02   1.64384386e-04
   3.44201084e+02   1.19685836e-04
   3.44201573e+02  -1.65257428e-04
   3.44202061e+02  -3.47115827e-04
   3.44202549e+02  -2.94457859e-04
   3.44203037e+02  -2.93785823e-04
   3.44203526e+02  -1.60261538e-04
   3.44204014e+02   4.12255713e-06
   3.44204502e+02  -3.04977439e-04
   3.44204991e+02  -6.71795337e-04
   3.44205479e+02  -5.15215506e-04
   3.44205967e+02  -1.49876316e-04
   3.44206456e+02   1.30270491e-04
   3.44206944e+02   2.13772393e-04
   3.44207432e+02   2.14175365e-04
   3.44207921e+02   4.67503356e-04
   3.44208409e+02   5.04831783e-04
   3.44208897e+02   1.87990576e-04
   3.44209385e+02  -4.98682675e-05
   3.44209874e+02  -2.73645914e-04
   3.44210362e+02  -1.22216748e-04
   3.44210850e+02   4.74897388e-04
   3.44211339e+02   6.16767153e-04
   3.44211827e+02   3.16915306e-04
   3.44212315e+02   6.59978032e-05
   3.44212804e+02   1.79790630e-04
   3.44213292e+02   5.54113125e-04
   3.44213780e+02   6.68166555e-04
   3.44214269e+02   5.33830025e-04
   3.44214757e+02   3.55642202e-04
   3.44215245e+02  -1.66590646e-04
   3.44215734e+02  -6.87777938e-04
   3.44216222e+02  -6.58767181e-04
   3.44216710e+02  -4.04176972e-04
   3.44217198e+02  -2.12262021e-04
   3.44217687e+02  -3.38048267e-04
   3.44218175e+02  -4.58553433e-04
   3.44218663e+02  -1.54733047e-04
   3.44219152e+02   7.50398394e-05
   3.44219640e+02  -1.78999879e-04
   3.44220128e+02  -4.21316101e-04
   3.44220617e+02  -4.16704366e-04
   3.44221105e+02  -4.03454673e-04
   3.44221593e+02  -2.79797387e-04
   3.44222082e+02  -2.91946257e-04
   3.44222570e+02  -5.53993799e-04
   3.44223058e+02  -6.02767570e-04
   3.44223546e+02  -4.40627366e-04
   3.44224035e+02  -3.69124376e-04
   3.44224523e+02  -2.56269850e-04
   3.44225011e+02  -5.44579689e-06
   3.44225500e+02   3.03911773e-04
   3.44225988e+02   4.34866699e-04
   3.44226476e+02   8.35990868e-05
   3.44226965e+02  -2.59264314e-04
   3.44227453e+02  -2.26514021e-04
   3.44227941e+02  -1.78673479e-04
   3.44228430e+02  -1.37282128e-04
   3.44228918e+02  -3.90772242e-04
   3.44229406e+02  -7.84477277e-04
   3.44229894e+02  -7.97776214e-04
   3.44230383e+02  -4.69961204e-04
   3.44230871e+02  -2.16353510e-04
   3.44231359e+02  -2.65974173e-04
   3.44231848e+02  -3.56027915e-04
   3.44232336e+02  -2.73838523e-04
   3.44232824e+02   4.25739236e-05
   3.44233313e+02   2.39904155e-04
   3.44233801e+02   2.23590629e-04
   3.44234289e+02   2.28080811e-04
   3.44234778e+02   5.45889561e-05
   3.44235266e+02  -4.13865171e-04
   3.44235754e+02  -5.55289327e-04
   3.44236242e+02  -4.14210401e-04
   3.44236731e+02  -4.88685211e-04
   3.44237219e+02  -5.07861783e-04
   3.44237707e+02  -4.70051687e-04
   3.44238196e+02  -3.55229335e-04
   3.44238684e+02  -1.67549064e-04
   3.44239172e+02  -9.35141870e-05
   3.44239661e+02  -2.09028040e-05
   3.44240149e+02   1.58844166e-04
   3.44240637e+02   5.13234758e-04
   3.44241126e+02   7.03401049e-04
   3.44241614e+02   7.33263150e-04
   3.44242102e+02   7.67726975e-04
   3.44242590e+02   3.92679329e-04
   3.44243079e+02   5.78318213e-05
   3.44243567e+02  -5.55544102e-05
   3.44244055e+02  -3.90270085e-04
   3.44244544e+02  -4.55399771e-04
   3.44245032e+02   1.31634479e-05
   3.44245520e+02   2.95540231e-04
   3.44246009e+02  -2.60377001e-05
   3.44246497e+02  -3.98929202e-04
   3.44246985e+02  -2.83712841e-04
   3.44247474e+02  -3.91177782e-05
   3.44247962e+02   3.00632437e-05
   3.44248450e+02  -1.07035106e-04
   3.44248938e+02  -1.25735649e-04
   3.44249427e+02   8.35484752e-05
   3.44249915e+02   4.23484395e-04
   3.44250403e+02   4.00216959e-04
   3.44250892e+02  -2.24396252e-04
   3.44251380e+02  -7.54248700e-04
   3.44251868e+02  -7.25492835e-04
   3.44252357e+02  -4.02640260e-04
   3.44252845e+02  -1.34014495e-04
   3.44253333e+02  -3.52477982e-05
   3.44253822e+02  -9.27983710e-05
   3.44254310e+02  -1.15677954e-04
   3.44254798e+02   2.94248093e-06
   3.44255286e+02   8.61888038e-05
   3.44255775e+02   1.02567567e-04
   3.44256263e+02   1.45116326e-04
   3.44256751e+02   3.34630138e-04
   3.44257240e+02   4.94947948e-04
   3.44257728e+02   5.04291209e-04
   3.44258216e+02   3.83341714e-04
   3.44258705e+02   2.50806217e-04
   3.44259193e+02   1.55993359e-04
   3.44259681e+02  -2.51977937e-04
   3.44260170e+02  -6.48267101e-04
   3.44260658e+02  -1.97157060e-04
   3.44261146e+02   5.84979891e-04
   3.44261635e+02   6.54584263e-04
   3.44262123e+02   1.41863711e-04
   3.44262611e+02  -2.35576867e-04
   3.44263099e+02  -2.89884192e-04
   3.44263588e+02  -1.56119888e-04
   3.44264076e+02  -1.07677770e-04
   3.44264564e+02  -1.35912371e-04
   3.44265053e+02  -1.44593969e-05
   3.44265541e+02  -5.50215991e-05
   3.44266029e+02  -1.05529391e-04
   3.44266518e+02   2.59146211e-04
   3.44267006e+02   6.41283637e-04
   3.44267494e+02   7.88456819e-04
   3.44267983e+02   7.65299716e-04
   3.44268471e+02   5.18600165e-04
   3.44268959e+02   2.64252536e-04
   3.44269447e+02   3.44906992e-04
   3.44269936e+02   4.80058399e-04
   3.44270424e+02   3.29493603e-04
   3.44270912e+02   1.47658313e-04
   3.44271401e+02  -9.67268716e-06
   3.44271889e+02  -1.12480477e-04
   3.44272377e+02  -1.95711458e-04
   3.44272866e+02  -4.26598039e-04
   3.44273354e+02  -2.83247471e-04
   3.44273842e+02   2.89948832e-04
   3.44274331e+02   3.61213461e-04
   3.44274819e+02   5.34266292e-07
   3.44275307e+02   7.07909066e-06
   3.44275795e+02   1.36161427e-04
   3.44276284e+02   4.14681454e-05
   3.44276772e+02  -2.21766153e-04
   3.44277260e+02  -3.08140618e-04
   3.44277749e+02   1.15355026e-04
   3.44278237e+02   3.21105530e-04
   3.44278725e+02   2.86370574e-04
   3.44279214e+02   4.46391321e-04
   3.44279702e+02   1.98315072e-04
   3.44280190e+02  -1.72480184e-04
   3.44280679e+02  -1.62911165e-04
   3.44281167e+02  -2.31381582e-05
   3.44281655e+02   1.96579262e-04
   3.44282143e+02   1.96808425e-04
   3.44282632e+02  -1.97900779e-04
   3.44283120e+02  -3.60622304e-04
   3.44283608e+02  -2.72797370e-05
   3.44284097e+02   2.57282110e-04
   3.44284585e+02   8.48497657e-05
   3.44285073e+02  -4.63046126e-05
   3.44285562e+02   1.64665136e-04
   3.44286050e+02   1.09033004e-04
   3.44286538e+02  -4.30660584e-04
   3.44287027e+02  -8.34715087e-04
   3.44287515e+02  -8.45420058e-04
   3.44288003e+02  -8.52310797e-04
   3.44288491e+02  -1.03428133e-03
   3.44288980e+02  -8.69738054e-04
   3.44289468e+02  -3.66519758e-04
   3.44289956e+02  -2.76824809e-04
   3.44290445e+02  -3.98368400e-04
   3.44290933e+02  -2.39139612e-04
   3.44291421e+02  -1.26015409e-04
   3.44291910e+02  -7.70748884e-05
   3.44292398e+02   2.82650377e-04
   3.44292886e+02   5.70467382e-04
   3.44293375e+02   2.47085962e-04
   3.44293863e+02  -4.01193043e-04
   3.44294351e+02  -5.46642521e-04
   3.44294839e+02  -8.44113674e-05
   3.44295328e+02   1.78159637e-04
   3.44295816e+02   2.30384121e-05
   3.44296304e+02  -2.99018066e-05
   3.44296793e+02   3.67462999e-05
   3.44297281e+02   2.37570595e-04
   3.44297769e+02   3.84069717e-04
   3.44298258e+02   3.27543705e-04
   3.44298746e+02   4.08863765e-04
   3.44299234e+02   4.60571609e-04
   3.44299723e+02   1.37519863e-04
   3.44300211e+02  -1.96006382e-04
   3.44300699e+02  -3.24549765e-05
   3.44301188e+02   3.31933290e-04
   3.44301676e+02   5.86758601e-04
   3.44302164e+02   4.70452273e-04
   3.44302652e+02   1.95037312e-04
   3.44303141e+02   2.78456748e-04
   3.44303629e+02   1.43495025e-04
   3.44304117e+02  -1.64746569e-04
   3.44304606e+02   2.06939494e-05
   3.44305094e+02   1.74026529e-04
   3.44305582e+02   1.64878948e-05
   3.44306071e+02   1.11964298e-04
   3.44306559e+02   5.10673213e-04
   3.44307047e+02   5.61748282e-04
   3.44307536e+02   3.23645421e-04
   3.44308024e+02   7.30747488e-05
   3.44308512e+02  -1.62784432e-04
   3.44309000e+02  -2.16277709e-04
   3.44309489e+02  -8.93784527e-05
   3.44309977e+02   2.65034440e-04
   3.44310465e+02   1.94120948e-04
   3.44310954e+02  -3.07841750e-04
   3.44311442e+02  -2.96862738e-04
   3.44311930e+02   1.91987972e-04
   3.44312419e+02   5.48004464e-04
   3.44312907e+02   3.03923007e-04
   3.44313395e+02  -9.99387776e-05
   3.44313884e+02  -1.98378009e-04
   3.44314372e+02  -3.04951885e-04
   3.44314860e+02  -3.37864156e-04
   3.44315348e+02  -6.66684864e-05
   3.44315837e+02   8.27589174e-05
   3.44316325e+02  -1.44608406e-04
   3.44316813e+02  -1.88727237e-04
   3.44317302e+02  -9.57628072e-05
   3.44317790e+02  -2.70246615e-04
   3.44318278e+02  -3.50566494e-04
   3.44318767e+02  -1.15384755e-04
   3.44319255e+02   1.39247408e-04
   3.44319743e+02   2.45833828e-04
   3.44320232e+02   1.67215432e-04
   3.44320720e+02   6.15344543e-05
   3.44321208e+02   4.97728688e-05
   3.44321696e+02  -9.55226496e-05
   3.44322185e+02  -4.40515461e-04
   3.44322673e+02  -6.27183821e-04
   3.44323161e+02  -4.07822663e-04
   3.44323650e+02   5.76139319e-05
   3.44324138e+02   1.91073952e-04
   3.44324626e+02   6.36889527e-05
   3.44325115e+02  -1.80771065e-04
   3.44325603e+02  -2.99902167e-04
   3.44326091e+02  -2.07506455e-04
   3.44326580e+02  -1.43352285e-04
   3.44327068e+02   1.35238122e-04
   3.44327556e+02   2.69021868e-04
   3.44328044e+02  -1.33847745e-04
   3.44328533e+02  -2.35597618e-04
   3.44329021e+02   1.26451778e-04
   3.44329509e+02   2.23301817e-04
   3.44329998e+02   3.41251143e-05
   3.44330486e+02   8.44474926e-05
   3.44330974e+02  -1.36733661e-06
   3.44331463e+02  -4.36585455e-04
   3.44331951e+02  -4.58320370e-04
   3.44332439e+02  -1.50096355e-04
   3.44332928e+02  -1.19240081e-04
   3.44333416e+02  -3.38756625e-04
   3.44333904e+02  -2.45105533e-04
   3.44334392e+02   1.47852523e-04
   3.44334881e+02   2.31686674e-04
   3.44335369e+02   1.14039089e-04
   3.44335857e+02   2.68709351e-04
   3.44336346e+02   4.67643578e-04
   3.44336834e+02   3.64317792e-04
   3.44337322e+02   2.90228694e-04
   3.44337811e+02   2.60259578e-04
   3.44338299e+02   3.87692344e-05
   3.44338787e+02   5.89781575e-06
   3.44339276e+02   5.64729198e-05
   3.44339764e+02  -1.63779667e-04
   3.44340252e+02  -3.86506086e-04
   3.44340741e+02  -3.85121792e-04
   3.44341229e+02  -4.48932231e-04
   3.44341717e+02  -4.72511805e-04
   3.44342205e+02  -1.39355703e-04
   3.44342694e+02   8.68180814e-06
   3.44343182e+02  -1.88897844e-04
   3.44343670e+02  -2.20399481e-04
   3.44344159e+02  -4.45875834e-04
   3.44344647e+02  -8.52459867e-04
   3.44345135e+02  -8.73990124e-04
   3.44345624e+02  -5.78791543e-04
   3.44346112e+02  -1.67085731e-04
   3.44346600e+02   1.82653850e-04
   3.44347089e+02   2.24989897e-04
   3.44347577e+02   1.57181974e-04
   3.44348065e+02   2.58193148e-04
   3.44348553e+02   3.81026737e-04
   3.44349042e+02   5.00927796e-04
   3.44349530e+02   2.91807664e-04
   3.44350018e+02  -1.63867313e-04
   3.44350507e+02  -2.42374823e-04
   3.44350995e+02  -5.45474577e-05
   3.44351483e+02   7.09815358e-05
   3.44351972e+02  -1.86236321e-05
   3.44352460e+02  -1.81991025e-04
   3.44352948e+02  -1.38168733e-04
   3.44353437e+02  -1.20502140e-04
   3.44353925e+02  -2.69685785e-04
   3.44354413e+02  -2.62918387e-04
   3.44354901e+02  -1.12481583e-04
   3.44355390e+02  -1.17655574e-04
   3.44355878e+02  -2.39882967e-04
   3.44356366e+02  -1.31577035e-04
   3.44356855e+02   5.45624353e-05
   3.44357343e+02   1.13933376e-04
   3.44357831e+02   1.43728583e-04
   3.44358320e+02   8.58456624e-05
   3.44358808e+02  -3.85246021e-05
   3.44359296e+02  -1.39027950e-04
   3.44359785e+02  -1.69312741e-04
   3.44360273e+02  -1.66207901e-05
   3.44360761e+02   1.62048396e-04
   3.44361249e+02   2.04992393e-05
   3.44361738e+02  -1.54659661e-04
   3.44362226e+02  -9.04377594e-05
   3.44362714e+02  -1.14952163e-04
   3.44363203e+02  -1.33094582e-04
   3.44363691e+02   1.67781527e-05
   3.44364179e+02   1.65987978e-04
   3.44364668e+02   1.88939361e-04
   3.44365156e+02   2.59604476e-05
   3.44365644e+02  -5.19650966e-05
   3.44366133e+02   5.97883627e-06
   3.44366621e+02  -6.47103952e-05
   3.44367109e+02  -1.21115998e-04
   3.44367597e+02  -4.10595858e-05
   3.44368086e+02   1.38132978e-04
   3.44368574e+02   1.97183690e-04
   3.44369062e+02  -8.39601053e-05
   3.44369551e+02  -5.28743200e-04
   3.44370039e+02  -7.78304122e-04
   3.44370527e+02  -6.82201295e-04
   3.44371016e+02  -2.41234331e-04
   3.44371504e+02   1.50059466e-04
   3.44371992e+02   6.84688057e-05
   3.44372481e+02  -2.37452768e-04
   3.44372969e+02  -8.74829420e-05
   3.44373457e+02   3.45402077e-04
   3.44373945e+02   4.87699028e-04
   3.44374434e+02   4.30877146e-04
   3.44374922e+02   1.96195819e-04
   3.44375410e+02  -5.16578148e-05
   3.44375899e+02  -1.98497855e-05
   3.44376387e+02  -2.59922490e-05
   3.44376875e+02   9.81686753e-06
   3.44377364e+02   1.14225943e-04
   3.44377852e+02  -1.31519162e-04
   3.44378340e+02  -4.18550480e-04
   3.44378829e+02  -4.88506746e-04
   3.44379317e+02  -5.72748890e-04
   3.44379805e+02  -4.81610274e-04
   3.44380294e+02  -1.08700297e-04
   3.44380782e+02   2.72227597e-04
   3.44381270e+02   5.49918099e-04
   3.44381758e+02   5.36531734e-04
   3.44382247e+02   1.49509200e-04
   3.44382735e+02  -4.65050573e-04
   3.44383223e+02  -6.59780286e-04
   3.44383712e+02  -2.70832505e-04
   3.44384200e+02   1.57596132e-05
   3.44384688e+02   1.69605446e-05
   3.44385177e+02   4.67974787e-05
   3.44385665e+02   1.52433204e-04
   3.44386153e+02   1.60386553e-04
   3.44386642e+02   2.75636357e-05
   3.44387130e+02  -1.91022235e-04
   3.44387618e+02  -3.39606864e-04
   3.44388106e+02  -2.44661554e-04
   3.44388595e+02   1.28566811e-04
   3.44389083e+02   3.19579121e-04
   3.44389571e+02   8.09690682e-05
   3.44390060e+02   1.24318685e-04
   3.44390548e+02   4.16852738e-04
   3.44391036e+02   3.41393607e-04
   3.44391525e+02   2.78092717e-04
   3.44392013e+02   4.34304355e-04
   3.44392501e+02   4.04940394e-04
   3.44392990e+02   9.09489318e-05
   3.44393478e+02  -2.02242809e-04
   3.44393966e+02  -1.31712077e-04
   3.44394454e+02   1.83955810e-04
   3.44394943e+02   3.90987552e-04
   3.44395431e+02   3.63842817e-04
   3.44395919e+02   1.56560767e-04
   3.44396408e+02  -2.90962726e-05
   3.44396896e+02   4.76218338e-05
   3.44397384e+02   2.21157781e-04
   3.44397873e+02   1.97944319e-04
   3.44398361e+02   5.03687661e-05
   3.44398849e+02   1.38338917e-04
   3.44399338e+02   1.45820493e-04
   3.44399826e+02  -5.48508724e-05
   3.44400314e+02  -9.46048749e-05
   3.44400802e+02  -1.67509235e-04
   3.44401291e+02  -3.90410743e-04
   3.44401779e+02  -5.06559154e-04
   3.44402267e+02  -5.55346429e-04
   3.44402756e+02  -2.52882281e-04
   3.44403244e+02   1.13542192e-04
   3.44403732e+02   6.09200943e-05
   3.44404221e+02  -1.25312599e-05
   3.44404709e+02  -1.04892788e-04
   3.44405197e+02  -3.43261694e-04
   3.44405686e+02  -4.61891177e-04
   3.44406174e+02  -2.16671513e-04
   3.44406662e+02   1.55383517e-04
   3.44407150e+02   3.60040735e-06
   3.44407639e+02  -2.12536470e-04
   3.44408127e+02   6.59377065e-06
   3.44408615e+02   1.80596078e-04
   3.44409104e+02  -8.46948751e-05
   3.44409592e+02  -4.85661119e-04
   3.44410080e+02  -3.90847126e-04
   3.44410569e+02  -4.34014873e-05
   3.44411057e+02  -3.05528438e-08
   3.44411545e+02  -1.16567739e-04
   3.44412034e+02  -1.98221460e-05
   3.44412522e+02   2.30554742e-05
   3.44413010e+02  -1.56847353e-04
   3.44413498e+02   1.04080988e-04
   3.44413987e+02   3.74438008e-04
   3.44414475e+02   1.58423529e-04
   3.44414963e+02  -1.12207141e-04
   3.44415452e+02  -2.69831537e-04
   3.44415940e+02  -1.71133113e-04
   3.44416428e+02   1.39045631e-04
   3.44416917e+02   5.75794897e-04
   3.44417405e+02   8.45390081e-04
   3.44417893e+02   7.75194552e-04
   3.44418382e+02   5.65188180e-04
   3.44418870e+02   1.01535770e-04
   3.44419358e+02  -1.22692654e-04
   3.44419847e+02   7.33659108e-05
   3.44420335e+02   1.05260136e-04
   3.44420823e+02   1.28674888e-04
   3.44421311e+02   5.20581787e-04
   3.44421800e+02   5.33392711e-04
   3.44422288e+02  -7.10457025e-05
   3.44422776e+02  -2.08932688e-04
   3.44423265e+02   1.96580339e-04
   3.44423753e+02   3.96434654e-04
   3.44424241e+02  -1.15170224e-04
   3.44424730e+02  -2.47055286e-05
   3.44425218e+02   3.97383934e-04
   3.44425706e+02   3.65672342e-04
   3.44426195e+02   1.17882897e-04
   3.44426683e+02  -9.44379863e-05
   3.44427171e+02  -4.16107563e-04
   3.44427659e+02  -5.86699927e-04
   3.44428148e+02  -2.96659535e-04
   3.44428636e+02  -5.11106446e-05
   3.44429124e+02  -4.43350764e-05
   3.44429613e+02  -5.85692651e-05
   3.44430101e+02   1.37351555e-04
   3.44430589e+02   3.95828916e-04
   3.44431078e+02   2.99968233e-04
   3.44431566e+02   3.01896362e-05
   3.44432054e+02   1.14364484e-04
   3.44432543e+02   4.13622271e-04
   3.44433031e+02   4.15046903e-04
   3.44433519e+02   1.37478361e-04
   3.44434007e+02  -1.32841873e-04
   3.44434496e+02  -3.07688926e-04
   3.44434984e+02  -2.26011165e-04
   3.44435472e+02   1.23914113e-04
   3.44435961e+02   4.21355333e-04
   3.44436449e+02   3.61799728e-04
   3.44436937e+02   2.49547942e-04
   3.44437426e+02   3.95161798e-04
   3.44437914e+02   6.91013352e-04
   3.44438402e+02   8.19892099e-04
   3.44438891e+02   6.86560466e-04
   3.44439379e+02   5.19696856e-04
   3.44439867e+02   2.91902252e-04
   3.44440355e+02   2.58129949e-05
   3.44440844e+02  -7.16594104e-06
   3.44441332e+02   1.17564814e-04
   3.44441820e+02   8.94741679e-05
   3.44442309e+02  -3.07272967e-05
   3.44442797e+02  -2.09404359e-04
   3.44443285e+02  -2.78411084e-04
   3.44443774e+02   1.30236833e-04
   3.44444262e+02   3.59830039e-04
   3.44444750e+02  -9.46443761e-05
   3.44445239e+02  -4.20044642e-04
   3.44445727e+02  -1.97404734e-04
   3.44446215e+02   4.89524609e-05
   3.44446703e+02   4.54262517e-05
   3.44447192e+02   5.49727447e-05
   3.44447680e+02  -4.21716977e-05
   3.44448168e+02  -2.54342856e-04
   3.44448657e+02  -1.07784348e-04
   3.44449145e+02   1.28407264e-04
   3.44449633e+02   8.68868156e-05
   3.44450122e+02  -3.60685459e-04
   3.44450610e+02  -6.65797619e-04
   3.44451098e+02  -5.23933268e-04
   3.44451587e+02  -3.44713073e-04
   3.44452075e+02  -4.00796212e-04
   3.44452563e+02  -6.93482987e-04
   3.44453051e+02  -5.90209151e-04
   3.44453540e+02  -2.71386001e-04
   3.44454028e+02  -2.78917345e-04
   3.44454516e+02  -3.59234982e-04
   3.44455005e+02  -3.65441141e-04
   3.44455493e+02  -3.43635096e-04
   3.44455981e+02  -4.67255857e-04
   3.44456470e+02  -5.26116812e-04
   3.44456958e+02  -2.35855536e-04
   3.44457446e+02  -7.56474547e-05
   3.44457935e+02  -2.12980100e-04
   3.44458423e+02  -1.74815839e-04
   3.44458911e+02  -3.64407424e-05
   3.44459400e+02   5.90010313e-05
   3.44459888e+02   3.07239156e-04
   3.44460376e+02   3.79971636e-04
   3.44460864e+02   3.79342702e-04
   3.44461353e+02   5.24312898e-04
   3.44461841e+02   3.83369799e-04
   3.44462329e+02   8.37385887e-05
   3.44462818e+02  -2.27182300e-05
   3.44463306e+02   6.81543752e-05
   3.44463794e+02   1.22811281e-04
   3.44464283e+02   3.49999027e-05
   3.44464771e+02   2.85362097e-04
   3.44465259e+02   6.65238069e-04
   3.44465748e+02   5.83704386e-04
   3.44466236e+02   4.45796468e-04
   3.44466724e+02   6.40225131e-04
   3.44467212e+02   8.10688594e-04
   3.44467701e+02   6.70184963e-04
   3.44468189e+02   3.16978956e-04
   3.44468677e+02   5.78878316e-05
   3.44469166e+02   2.10905273e-05
   3.44469654e+02   2.81251123e-04
   3.44470142e+02   4.66236583e-04
   3.44470631e+02   1.88782942e-04
   3.44471119e+02  -2.12917133e-04
   3.44471607e+02  -2.98843894e-04
   3.44472096e+02   5.50739132e-05
   3.44472584e+02   3.10339034e-04
   3.44473072e+02   1.55671281e-04
   3.44473560e+02  -9.81218036e-05
   3.44474049e+02  -3.17525031e-04
   3.44474537e+02  -3.37333418e-04
   3.44475025e+02  -8.89941584e-05
   3.44475514e+02  -1.54309782e-06
   3.44476002e+02  -1.05668725e-04
   3.44476490e+02  -8.05052478e-05
   3.44476979e+02  -2.83769041e-04
   3.44477467e+02  -7.40382064e-04
   3.44477955e+02  -5.76746708e-04
   3.44478444e+02  -1.58652347e-05
   3.44478932e+02   4.54503970e-05
   3.44479420e+02  -4.58284194e-04
   3.44479908e+02  -7.56885565e-04
   3.44480397e+02  -2.59801163e-04
   3.44480885e+02   2.17520661e-04
   3.44481373e+02   1.15525392e-04
   3.44481862e+02  -1.10914661e-05
   3.44482350e+02   1.47240935e-04
   3.44482838e+02   1.27290186e-04
   3.44483327e+02  -1.93492539e-04
   3.44483815e+02  -5.51347621e-04
   3.44484303e+02  -6.18470891e-04
   3.44484792e+02  -2.79023836e-04
   3.44485280e+02   1.36410294e-04
   3.44485768e+02   5.36179432e-05
   3.44486256e+02  -1.22433659e-04
   3.44486745e+02   2.56167204e-05
   3.44487233e+02   1.37966883e-04
   3.44487721e+02   2.19058595e-04
   3.44488210e+02   9.75694857e-05
   3.44488698e+02  -3.13405704e-04
   3.44489186e+02  -4.75360517e-04
   3.44489675e+02  -4.90744889e-04
   3.44490163e+02  -3.48792877e-04
   3.44490651e+02   1.83404118e-04
   3.44491140e+02   4.94516396e-04
   3.44491628e+02   3.19685234e-04
   3.44492116e+02   6.90371453e-05
   3.44492604e+02  -1.34766000e-04
   3.44493093e+02  -9.52525806e-05
   3.44493581e+02   2.56272062e-04
   3.44494069e+02   5.17605746e-04
   3.44494558e+02   4.67174716e-04
   3.44495046e+02   1.74345420e-04
   3.44495534e+02  -2.04286480e-04
   3.44496023e+02  -1.80018149e-04
   3.44496511e+02  -1.29408625e-04
   3.44496999e+02  -3.32960801e-04
   3.44497488e+02  -6.07961301e-05
   3.44497976e+02   1.72869040e-04
   3.44498464e+02  -2.25604876e-04
   3.44498953e+02  -6.66079752e-04
   3.44499441e+02  -6.22572436e-04
   3.44499929e+02  -1.21784418e-04
   3.44500417e+02   3.43091669e-04
   3.44500906e+02   4.25982173e-04
   3.44501394e+02   2.40171692e-04
   3.44501882e+02  -5.92830511e-05
   3.44502371e+02  -3.61100741e-04
   3.44502859e+02  -6.09625771e-04
   3.44503347e+02  -6.11113210e-04
   3.44503836e+02  -4.06314502e-04
   3.44504324e+02  -2.50491023e-04
   3.44504812e+02  -2.75363476e-04
   3.44505301e+02  -4.27129766e-04
   3.44505789e+02  -4.03638493e-04
   3.44506277e+02  -2.37677341e-05
   3.44506765e+02   3.87899083e-04
   3.44507254e+02   6.68873836e-04
   3.44507742e+02   6.36567129e-04
   3.44508230e+02   2.98310159e-04
   3.44508719e+02   2.10495651e-04
   3.44509207e+02   3.07623064e-04
   3.44509695e+02   1.85828016e-04
   3.44510184e+02   1.76709626e-04
   3.44510672e+02   3.65874876e-04
   3.44511160e+02   3.51152732e-04
   3.44511649e+02   1.66102647e-04
   3.44512137e+02  -1.03949649e-04
   3.44512625e+02  -5.20639529e-04
   3.44513113e+02  -5.97574341e-04
   3.44513602e+02  -7.62328273e-05
   3.44514090e+02   1.32958216e-04
   3.44514578e+02  -1.98697424e-04
   3.44515067e+02  -3.15800396e-04
   3.44515555e+02  -1.11436435e-04
   3.44516043e+02   8.83994944e-05
   3.44516532e+02   2.23328956e-04
   3.44517020e+02   3.30256356e-04
   3.44517508e+02   2.41068148e-04
   3.44517997e+02   5.77562678e-05
   3.44518485e+02   4.52922504e-05
   3.44518973e+02   3.17106693e-04
   3.44519461e+02   5.52807644e-04
   3.44519950e+02   4.00658784e-04
   3.44520438e+02   9.11757670e-05
   3.44520926e+02  -3.42372114e-05
   3.44521415e+02  -1.37090756e-05
   3.44521903e+02   6.85644336e-05
   3.44522391e+02   1.02554513e-04
   3.44522880e+02   7.37704031e-05
   3.44523368e+02  -8.64221056e-06
   3.44523856e+02   4.72341126e-05
   3.44524345e+02   1.77381386e-04
   3.44524833e+02   1.92762745e-04
   3.44525321e+02   3.28958995e-04
   3.44525809e+02   4.38663061e-04
   3.44526298e+02   1.61422940e-04
   3.44526786e+02  -1.55195798e-04
   3.44527274e+02  -3.14143603e-04
   3.44527763e+02  -4.19567339e-04
   3.44528251e+02  -5.08969766e-04
   3.44528739e+02  -3.07064154e-04
   3.44529228e+02   2.73895246e-04
   3.44529716e+02   2.67506606e-04
   3.44530204e+02  -3.41860752e-04
   3.44530693e+02  -4.67179023e-04
   3.44531181e+02   9.85433508e-05
   3.44531669e+02   2.84293026e-04
   3.44532157e+02  -6.40185535e-05
   3.44532646e+02  -3.59268219e-04
   3.44533134e+02  -2.94217258e-04
   3.44533622e+02   1.30237866e-04
   3.44534111e+02   2.15457185e-04
   3.44534599e+02  -9.63037310e-05
   3.44535087e+02  -1.91967465e-05
   3.44535576e+02   4.53588495e-04
   3.44536064e+02   7.34954549e-04
   3.44536552e+02   4.95659770e-04
   3.44537041e+02   9.47077060e-05
   3.44537529e+02   9.48239467e-05
   3.44538017e+02   1.17476957e-04
   3.44538506e+02  -2.32133025e-04
   3.44538994e+02  -4.94441832e-04
   3.44539482e+02  -1.28871208e-04
   3.44539970e+02   3.57651268e-04
   3.44540459e+02   2.58393993e-04
   3.44540947e+02  -5.26072145e-05
   3.44541435e+02  -3.16583406e-04
   3.44541924e+02  -5.60129352e-04
   3.44542412e+02  -5.77656727e-04
   3.44542900e+02  -3.63357511e-04
   3.44543389e+02  -1.77022666e-04
   3.44543877e+02  -1.60393101e-04
   3.44544365e+02  -2.33563012e-04
   3.44544854e+02  -2.49193457e-04
   3.44545342e+02  -1.63912206e-04
   3.44545830e+02  -1.07937172e-04
   3.44546318e+02  -3.07805283e-04
   3.44546807e+02  -2.96386366e-04
   3.44547295e+02   1.01908023e-04
   3.44547783e+02   2.33061350e-04
   3.44548272e+02  -1.65765250e-05
   3.44548760e+02  -2.37224478e-04
   3.44549248e+02  -2.04340264e-04
   3.44549737e+02  -6.65177358e-05
   3.44550225e+02  -8.09025460e-06
   3.44550713e+02   9.93431786e-06
   3.44551202e+02   1.25230566e-04
   3.44551690e+02   2.73570622e-04
   3.44552178e+02   2.80627311e-04
   3.44552666e+02   1.91881452e-04
   3.44553155e+02   1.94314453e-05
   3.44553643e+02  -3.77881806e-04
   3.44554131e+02  -3.38126876e-04
   3.44554620e+02   2.95796955e-04
   3.44555108e+02   4.50237130e-04
   3.44555596e+02   1.73512002e-04
   3.44556085e+02   7.99341869e-05
   3.44556573e+02  -1.47154460e-05
   3.44557061e+02  -2.39348927e-04
   3.44557550e+02  -3.18132777e-04
   3.44558038e+02  -7.91684797e-05
   3.44558526e+02   6.60852311e-05
   3.44559014e+02  -5.51302692e-05
   3.44559503e+02  -5.50960940e-05
   3.44559991e+02  -2.49214907e-04
   3.44560479e+02  -4.99635120e-04
   3.44560968e+02  -2.28099045e-04
   3.44561456e+02   1.78897812e-04
   3.44561944e+02   2.53784936e-04
   3.44562433e+02   2.29234010e-05
   3.44562921e+02  -1.04552739e-04
   3.44563409e+02  -2.45044241e-04
   3.44563898e+02  -2.93498219e-04
   3.44564386e+02   2.75293110e-06
   3.44564874e+02  -9.40620448e-05
   3.44565362e+02  -4.13099304e-04
   3.44565851e+02  -2.89599440e-04
   3.44566339e+02  -4.73804357e-06
   3.44566827e+02   1.48559440e-04
   3.44567316e+02   3.41524486e-04
   3.44567804e+02   5.03471645e-04
   3.44568292e+02   4.74163593e-04
   3.44568781e+02   4.90737963e-04
   3.44569269e+02   6.70707261e-04
   3.44569757e+02   4.84152377e-04
   3.44570246e+02   1.70674888e-04
   3.44570734e+02   1.95946064e-04
   3.44571222e+02   3.96271120e-04
   3.44571710e+02   4.64527780e-04
   3.44572199e+02   2.31345315e-04
   3.44572687e+02   1.40197299e-04
   3.44573175e+02   2.37404194e-04
   3.44573664e+02   1.61331613e-04
   3.44574152e+02   6.93037000e-05
   3.44574640e+02   4.04651155e-06
   3.44575129e+02  -1.67651247e-04
   3.44575617e+02  -1.76704561e-04
   3.44576105e+02  -7.90387348e-05
   3.44576594e+02   3.88503795e-05
   3.44577082e+02   1.36444432e-04
   3.44577570e+02   1.23012273e-04
   3.44578059e+02   3.98396405e-05
   3.44578547e+02  -1.95638786e-04
   3.44579035e+02  -3.28421331e-04
   3.44579523e+02  -1.59558025e-04
   3.44580012e+02   1.40793258e-04
   3.44580500e+02   3.78656754e-04
   3.44580988e+02   4.90990351e-04
   3.44581477e+02   3.71004950e-04
   3.44581965e+02  -7.26474391e-05
   3.44582453e+02  -2.71960249e-04
   3.44582942e+02  -1.52184775e-05
   3.44583430e+02   4.65504636e-05
   3.44583918e+02  -1.12813330e-04
   3.44584407e+02  -1.61839649e-04
   3.44584895e+02  -1.97800546e-04
   3.44585383e+02  -1.59117524e-04
   3.44585871e+02  -1.18118980e-04
   3.44586360e+02  -1.75928930e-04
   3.44586848e+02  -1.44611753e-04
   3.44587336e+02  -2.93804449e-04
   3.44587825e+02  -4.77768335e-04
   3.44588313e+02  -3.16357211e-04
   3.44588801e+02  -1.06855950e-05
   3.44589290e+02   2.49542703e-04
   3.44589778e+02   5.61794848e-04
   3.44590266e+02   6.78595854e-04
   3.44590755e+02   5.45001705e-04
   3.44591243e+02   1.95488348e-04
   3.44591731e+02  -3.49367096e-04
   3.44592219e+02  -5.27600234e-04
   3.44592708e+02  -1.79645227e-04
   3.44593196e+02   1.42123783e-04
   3.44593684e+02   1.89081897e-04
   3.44594173e+02   1.13902410e-04
   3.44594661e+02   1.07133368e-04
   3.44595149e+02   2.04332828e-04
   3.44595638e+02   3.30509472e-04
   3.44596126e+02   4.66277619e-04
   3.44596614e+02   2.54613842e-04
   3.44597103e+02  -3.58399484e-05
   3.44597591e+02   3.86881475e-05
   3.44598079e+02   2.10514176e-04
   3.44598567e+02   2.41769405e-04
   3.44599056e+02   6.58313365e-05
   3.44599544e+02  -1.66867554e-04
   3.44600032e+02  -5.01575123e-04
   3.44600521e+02  -6.78373442e-04
   3.44601009e+02  -2.66013347e-04
   3.44601497e+02   1.06177911e-04
   3.44601986e+02   4.54811452e-05
   3.44602474e+02  -4.60190276e-05
   3.44602962e+02   2.13039002e-05
   3.44603451e+02   1.35978305e-04
   3.44603939e+02   1.79883122e-04
   3.44604427e+02   2.59161170e-04
   3.44604915e+02   3.97983997e-04
   3.44605404e+02   1.95598186e-04
   3.44605892e+02  -2.13150270e-05
   3.44606380e+02   1.10362571e-05
   3.44606869e+02  -1.56908267e-04
   3.44607357e+02  -3.97353899e-04
   3.44607845e+02  -4.50117630e-04
   3.44608334e+02  -3.55508964e-04
   3.44608822e+02  -2.10212049e-04
   3.44609310e+02  -2.85233051e-04
   3.44609799e+02  -5.13240171e-04
   3.44610287e+02  -5.62040834e-04
   3.44610775e+02  -4.18462412e-04
   3.44611263e+02  -3.54208576e-04
   3.44611752e+02  -2.53590988e-04
   3.44612240e+02   5.54934513e-06
   3.44612728e+02   3.00682528e-04
   3.44613217e+02   4.16490191e-04
   3.44613705e+02   3.25190660e-04
   3.44614193e+02   3.02040076e-04
   3.44614682e+02   2.06158176e-04
   3.44615170e+02   1.09822242e-04
   3.44615658e+02   3.07695649e-04
   3.44616147e+02   5.00955328e-04
   3.44616635e+02   3.76955839e-04
   3.44617123e+02   7.92419596e-05
   3.44617612e+02  -3.80544516e-05
   3.44618100e+02  -7.49086976e-05
   3.44618588e+02  -6.02180407e-05
   3.44619076e+02   7.75750686e-06
   3.44619565e+02   1.45060912e-04
   3.44620053e+02   2.53476814e-04
   3.44620541e+02   2.61602981e-04
   3.44621030e+02   3.92115267e-04
   3.44621518e+02   2.29560013e-04
   3.44622006e+02  -6.85479390e-05
   3.44622495e+02  -6.10775032e-06
   3.44622983e+02  -9.82549827e-05
   3.44623471e+02  -2.31434649e-04
   3.44623960e+02  -2.74806225e-05
   3.44624448e+02   3.24716471e-04
   3.44624936e+02   4.07951185e-04
   3.44625424e+02   1.33242880e-04
   3.44625913e+02  -1.05154824e-04
   3.44626401e+02  -2.18714107e-04
   3.44626889e+02  -2.71316851e-04
   3.44627378e+02  -2.22266564e-04
   3.44627866e+02  -3.72698087e-05
   3.44628354e+02   2.62525398e-04
   3.44628843e+02   5.56452025e-04
   3.44629331e+02   5.58098021e-04
   3.44629819e+02  -5.15808679e-05
   3.44630308e+02  -8.37373489e-04
   3.44630796e+02  -7.75188091e-04
   3.44631284e+02  -2.30306134e-04
   3.44631772e+02   4.77241410e-05
   3.44632261e+02   1.44521662e-04
   3.44632749e+02  -8.82862296e-05
   3.44633237e+02  -3.80782585e-04
   3.44633726e+02  -2.58772692e-04
   3.44634214e+02  -1.65233971e-04
   3.44634702e+02  -3.09919298e-04
   3.44635191e+02  -4.95422457e-04
   3.44635679e+02  -4.90214501e-04
   3.44636167e+02  -1.50109729e-04
   3.44636656e+02   2.22027273e-04
   3.44637144e+02   5.35508210e-04
   3.44637632e+02   8.43836518e-04
   3.44638120e+02   8.34371254e-04
   3.44638609e+02   6.65289583e-04
   3.44639097e+02   6.13630051e-04
   3.44639585e+02   7.18978816e-04
   3.44640074e+02   6.40915066e-04
   3.44640562e+02   3.74117575e-04
   3.44641050e+02   3.01159336e-04
   3.44641539e+02   1.62475597e-04
   3.44642027e+02  -5.35294130e-05
   3.44642515e+02  -5.81746935e-05
   3.44643004e+02   3.24799657e-05
   3.44643492e+02   1.78360729e-04
   3.44643980e+02   2.08804762e-04
   3.44644468e+02  -7.97976918e-06
   3.44644957e+02  -2.57969688e-04
   3.44645445e+02  -2.21553448e-04
   3.44645933e+02  -1.50768625e-04
   3.44646422e+02  -3.62514140e-04
   3.44646910e+02  -3.89526278e-04
   3.44647398e+02   1.34238857e-04
   3.44647887e+02   5.99151419e-04
   3.44648375e+02   4.83869691e-04
   3.44648863e+02   4.47028026e-04
   3.44649352e+02   5.72149351e-04
   3.44649840e+02   3.03292647e-04
   3.44650328e+02  -2.61180739e-05
   3.44650816e+02   1.16350020e-04
   3.44651305e+02   4.16398572e-04
   3.44651793e+02   2.94725003e-04
   3.44652281e+02  -1.55641799e-04
   3.44652770e+02  -3.39307851e-04
   3.44653258e+02  -1.18291617e-04
   3.44653746e+02   1.29969107e-04
   3.44654235e+02   4.41651762e-04
   3.44654723e+02   5.46572730e-04
   3.44655211e+02   1.19478216e-04
   3.44655700e+02  -3.55876196e-04
   3.44656188e+02  -6.10912626e-04
   3.44656676e+02  -5.61255787e-04
   3.44657165e+02  -8.15955354e-05
   3.44657653e+02   1.12995971e-04
   3.44658141e+02  -2.41174886e-04
   3.44658629e+02  -2.03424439e-04
   3.44659118e+02  -2.26185526e-04
   3.44659606e+02  -5.89374802e-04
   3.44660094e+02  -5.37354150e-04
   3.44660583e+02   2.39155997e-06
   3.44661071e+02   3.10573727e-04
   3.44661559e+02   7.46851902e-06
   3.44662048e+02  -2.76626961e-04
   3.44662536e+02  -8.17815890e-05
   3.44663024e+02   3.10442003e-04
   3.44663513e+02   6.98755612e-04
   3.44664001e+02   9.10764793e-04
   3.44664489e+02   6.54755218e-04
   3.44664977e+02   1.81407886e-04
   3.44665466e+02  -1.49942091e-04
   3.44665954e+02  -2.34961801e-04
   3.44666442e+02   3.94661640e-07
   3.44666931e+02   2.17817389e-04
   3.44667419e+02  -1.28995453e-04
   3.44667907e+02  -4.89317696e-04
   3.44668396e+02  -2.34062609e-04
   3.44668884e+02   1.93814321e-05
   3.44669372e+02   4.11782603e-05
   3.44669861e+02   1.61912831e-04
   3.44670349e+02   1.41245080e-04
   3.44670837e+02   4.59784933e-05
   3.44671325e+02   7.36812071e-05
   3.44671814e+02   1.55701782e-04
   3.44672302e+02   5.92450495e-04
   3.44672790e+02   8.97325866e-04
   3.44673279e+02   3.79197445e-04
   3.44673767e+02  -1.06625135e-04
   3.44674255e+02   9.35811913e-05
   3.44674744e+02   3.97390337e-04
   3.44675232e+02   4.20854427e-04
   3.44675720e+02   2.50911980e-04
   3.44676209e+02   1.01270707e-05
   3.44676697e+02  -1.81627067e-04
   3.44677185e+02  -8.86440321e-05
   3.44677673e+02   2.13119420e-04
   3.44678162e+02   3.39921011e-04
   3.44678650e+02   4.33205103e-04
   3.44679138e+02   5.07559918e-04
   3.44679627e+02   5.67365380e-04
   3.44680115e+02   6.14419114e-04
   3.44680603e+02   2.42534516e-04
   3.44681092e+02  -1.34259884e-04
   3.44681580e+02  -1.18650627e-04
   3.44682068e+02  -1.62765224e-04
   3.44682557e+02  -1.89076047e-04
   3.44683045e+02   3.49543225e-05
   3.44683533e+02   8.20612240e-06
   3.44684021e+02  -1.30654211e-04
   3.44684510e+02  -3.76609250e-06
   3.44684998e+02   4.03632330e-05
   3.44685486e+02  -6.96768839e-05
   3.44685975e+02   7.28235989e-07
   3.44686463e+02   2.10271886e-04
   3.44686951e+02   2.27708268e-04
   3.44687440e+02   2.28148972e-04
   3.44687928e+02   4.56848829e-06
   3.44688416e+02  -4.08581574e-04
   3.44688905e+02  -3.83650069e-04
   3.44689393e+02  -1.87302736e-04
   3.44689881e+02  -2.34963503e-04
   3.44690369e+02  -1.89575570e-04
   3.44690858e+02  -6.55592230e-05
   3.44691346e+02  -1.23015940e-04
   3.44691834e+02  -1.03407809e-04
   3.44692323e+02   5.33137463e-05
   3.44692811e+02   2.78843567e-04
   3.44693299e+02   3.77515331e-04
   3.44693788e+02   2.55191291e-04
   3.44694276e+02   4.23569290e-04
   3.44694764e+02   7.44694495e-04
   3.44695253e+02   7.12943438e-04
   3.44695741e+02   1.88687161e-04
   3.44696229e+02  -5.37139713e-04
   3.44696718e+02  -5.85614529e-04
   3.44697206e+02  -3.90343630e-05
   3.44697694e+02   3.88641522e-04
   3.44698182e+02   3.91083857e-04
   3.44698671e+02   1.90097999e-04
   3.44699159e+02   4.41265001e-05
   3.44699647e+02  -8.92325188e-05
   3.44700136e+02  -5.63843932e-05
   3.44700624e+02   1.23995065e-04
   3.44701112e+02   3.32356343e-04
   3.44701601e+02   5.17730834e-04
   3.44702089e+02   3.58582212e-04
   3.44702577e+02   6.29855058e-05
   3.44703066e+02   8.01042770e-05
   3.44703554e+02   8.93288670e-05
   3.44704042e+02  -8.88869690e-05
   3.44704530e+02  -1.89394923e-04
   3.44705019e+02  -1.91351268e-04
   3.44705507e+02  -1.20441000e-04
   3.44705995e+02   1.66806894e-05
   3.44706484e+02   1.15979812e-04
   3.44706972e+02   1.17138174e-04
   3.44707460e+02   1.02971775e-04
   3.44707949e+02   1.21846519e-04
   3.44708437e+02   1.41708239e-04
   3.44708925e+02   7.22831828e-05
   3.44709414e+02   1.78862956e-05
   3.44709902e+02  -1.06611878e-04
   3.44710390e+02  -5.01009235e-05
   3.44710878e+02   3.18275474e-04
   3.44711367e+02   3.51161550e-04
   3.44711855e+02   1.39071199e-04
   3.44712343e+02   1.48212290e-04
   3.44712832e+02   9.14857519e-05
   3.44713320e+02  -3.01292675e-05
   3.44713808e+02  -6.43319572e-06
   3.44714297e+02  -5.89581896e-06
   3.44714785e+02  -3.16900696e-05
   3.44715273e+02  -2.72729158e-05
   3.44715762e+02   1.07498279e-04
   3.44716250e+02   2.61195732e-04
   3.44716738e+02   2.04614087e-04
   3.44717226e+02   4.88496080e-05
   3.44717715e+02  -5.57799613e-05
   3.44718203e+02   1.25607403e-05
   3.44718691e+02   5.60295666e-05
   3.44719180e+02  -7.49954852e-05
   3.44719668e+02  -1.77346392e-05
   3.44720156e+02   3.33834381e-04
   3.44720645e+02   3.46631539e-04
   3.44721133e+02   1.00029647e-04
   3.44721621e+02   8.41998117e-05
   3.44722110e+02   4.27602390e-05
   3.44722598e+02  -1.61798031e-04
   3.44723086e+02   2.51547535e-05
   3.44723574e+02   5.36256644e-04
   3.44724063e+02   6.37244957e-04
   3.44724551e+02   4.14106617e-04
   3.44725039e+02   2.93255434e-04
   3.44725528e+02   7.37514274e-05
   3.44726016e+02  -3.30384268e-04
   3.44726504e+02  -4.53883025e-04
   3.44726993e+02  -7.60302210e-05
   3.44727481e+02   3.18226288e-04
   3.44727969e+02   3.41654493e-04
   3.44728458e+02   3.17182799e-04
   3.44728946e+02   5.31845872e-05
   3.44729434e+02  -4.03706450e-04
   3.44729922e+02  -3.28560476e-04
   3.44730411e+02   1.94627777e-04
   3.44730899e+02   3.60952370e-04
   3.44731387e+02   1.92833046e-04
   3.44731876e+02   5.80342057e-05
   3.44732364e+02  -1.08946078e-04
   3.44732852e+02  -8.13945444e-05
   3.44733341e+02   1.51184286e-04
   3.44733829e+02   2.03725256e-04
   3.44734317e+02   2.76722858e-04
   3.44734806e+02   4.23224876e-04
   3.44735294e+02   5.67471761e-05
   3.44735782e+02  -5.62430359e-04
   3.44736271e+02  -6.04366302e-04
   3.44736759e+02  -3.37651378e-04
   3.44737247e+02  -2.78719148e-04
   3.44737735e+02  -1.22399040e-04
   3.44738224e+02   1.84677046e-04
   3.44738712e+02   2.78256455e-04
   3.44739200e+02   1.24540311e-04
   3.44739689e+02   3.94572016e-05
   3.44740177e+02   6.07041402e-05
   3.44740665e+02  -1.41697456e-04
   3.44741154e+02  -5.55438630e-04
   3.44741642e+02  -8.91657139e-04
   3.44742130e+02  -7.99944857e-04
   3.44742619e+02  -4.49604297e-04
   3.44743107e+02  -3.28360213e-04
   3.44743595e+02  -1.93048516e-04
   3.44744083e+02   9.94008515e-05
   3.44744572e+02   2.98700412e-04
   3.44745060e+02   4.45373065e-04
   3.44745548e+02   5.26218850e-04
   3.44746037e+02   4.05419531e-04
   3.44746525e+02   2.46387266e-04
   3.44747013e+02   1.13576498e-04
   3.44747502e+02  -1.64215744e-05
   3.44747990e+02  -1.46097664e-04
   3.44748478e+02  -1.61634889e-04
   3.44748967e+02  -1.07552340e-04
   3.44749455e+02  -4.00728604e-05
   3.44749943e+02   2.93216406e-04
   3.44750431e+02   4.11998655e-04
   3.44750920e+02   2.40055506e-05
   3.44751408e+02  -2.46872485e-04
   3.44751896e+02  -2.55452382e-04
   3.44752385e+02  -7.79095062e-05
   3.44752873e+02   7.45088764e-05
   3.44753361e+02   1.04759412e-04
   3.44753850e+02   2.65794079e-04
   3.44754338e+02   4.02270845e-04
   3.44754826e+02   1.73762121e-04
   3.44755315e+02   3.83064702e-07
   3.44755803e+02  -9.78846128e-06
   3.44756291e+02  -4.23907877e-05
   3.44756779e+02  -3.92386391e-05
   3.44757268e+02  -5.58388238e-05
   3.44757756e+02  -2.50446115e-04
   3.44758244e+02  -4.97444475e-04
   3.44758733e+02  -4.79855807e-04
   3.44759221e+02  -2.65345996e-04
   3.44759709e+02  -2.57098087e-04
   3.44760198e+02  -4.67218546e-04
   3.44760686e+02  -4.36434086e-04
   3.44761174e+02  -3.03004868e-04
   3.44761663e+02  -3.91013746e-04
   3.44762151e+02  -2.12934639e-04
   3.44762639e+02   2.22995033e-04
   3.44763127e+02   1.51257787e-04
   3.44763616e+02  -2.57897365e-04
   3.44764104e+02  -3.19881743e-04
   3.44764592e+02  -1.72395463e-04
   3.44765081e+02  -1.66061480e-04
   3.44765569e+02  -7.34325076e-05
   3.44766057e+02   4.72430620e-05
   3.44766546e+02  -2.20690290e-05
   3.44767034e+02  -9.03313048e-05
   3.44767522e+02  -2.96126469e-04
   3.44768011e+02  -7.21711782e-04
   3.44768499e+02  -6.52791583e-04
   3.44768987e+02  -2.48158845e-04
   3.44769475e+02  -2.48760654e-04
   3.44769964e+02  -1.81323951e-04
   3.44770452e+02   8.39379572e-05
   3.44770940e+02   3.24394496e-04
   3.44771429e+02   5.34963154e-04
   3.44771917e+02   4.47805069e-04
   3.44772405e+02   2.50887620e-04
   3.44772894e+02   4.41330892e-04
   3.44773382e+02   7.70290557e-04
   3.44773870e+02   4.06272127e-04
   3.44774359e+02  -1.55170317e-04
   3.44774847e+02  -1.19995580e-04
   3.44775335e+02   1.62805067e-04
   3.44775824e+02   4.85537777e-04
   3.44776312e+02   5.22745075e-04
   3.44776800e+02   1.00188961e-04
   3.44777288e+02  -2.07782388e-04
   3.44777777e+02  -2.64577131e-04
   3.44778265e+02  -3.36581841e-04
   3.44778753e+02   1.43611505e-05
   3.44779242e+02   6.84308878e-04
   3.44779730e+02   7.70717859e-04
   3.44780218e+02   2.33427549e-04
   3.44780707e+02  -1.81306546e-04
   3.44781195e+02  -2.33817031e-04
   3.44781683e+02  -8.41441069e-05
   3.44782172e+02  -3.76255448e-05
   3.44782660e+02  -6.04324232e-05
   3.44783148e+02   4.29759348e-05
   3.44783636e+02   2.06224344e-04
   3.44784125e+02   2.25202501e-04
   3.44784613e+02   4.12871450e-05
   3.44785101e+02  -2.42101290e-04
   3.44785590e+02  -4.17063828e-04
   3.44786078e+02  -2.02723051e-04
   3.44786566e+02  -4.25864710e-05
   3.44787055e+02  -3.04764573e-04
   3.44787543e+02  -4.60004754e-04
   3.44788031e+02  -1.74311441e-04
   3.44788520e+02   1.19550765e-04
   3.44789008e+02  -1.03275357e-04
   3.44789496e+02  -6.13353448e-04
   3.44789984e+02  -8.45328614e-04
   3.44790473e+02  -6.89168810e-04
   3.44790961e+02  -2.25139403e-04
   3.44791449e+02   2.21631417e-04
   3.44791938e+02   3.83371604e-04
   3.44792426e+02   4.06829466e-04
   3.44792914e+02   3.00075597e-04
   3.44793403e+02  -7.52626438e-05
   3.44793891e+02  -4.28574509e-04
   3.44794379e+02  -4.87293000e-04
   3.44794868e+02  -2.14248823e-04
   3.44795356e+02   1.27059931e-04
   3.44795844e+02   2.92849407e-04
   3.44796332e+02   3.91455280e-04
   3.44796821e+02   4.13415546e-04
   3.44797309e+02   2.64323957e-04
   3.44797797e+02   2.39226156e-05
   3.44798286e+02  -1.45682628e-04
   3.44798774e+02  -1.89090555e-04
   3.44799262e+02  -1.94881330e-04
   3.44799751e+02  -1.51774730e-04
   3.44800239e+02   1.24213475e-04
   3.44800727e+02   3.04449350e-04
   3.44801216e+02   1.70055205e-06
   3.44801704e+02  -4.42573422e-04
   3.44802192e+02  -5.49142365e-04
   3.44802680e+02  -2.39340996e-04
   3.44803169e+02   2.30763399e-04
   3.44803657e+02   3.48909554e-04
   3.44804145e+02   1.98748778e-04
   3.44804634e+02   1.65368328e-04
   3.44805122e+02   2.61392299e-04
   3.44805610e+02   2.79803091e-04
   3.44806099e+02   1.56442518e-04
   3.44806587e+02  -1.24349346e-04
   3.44807075e+02  -2.85138318e-04
   3.44807564e+02  -1.34871443e-04
   3.44808052e+02   2.34749372e-04
   3.44808540e+02   5.54878497e-04
   3.44809028e+02   5.59758453e-04
   3.44809517e+02   2.87165749e-04
   3.44810005e+02   5.84189838e-05
   3.44810493e+02  -5.68496762e-05
   3.44810982e+02  -2.19162015e-04
   3.44811470e+02  -4.87028738e-04
   3.44811958e+02  -5.32769423e-04
   3.44812447e+02  -1.27530191e-04
   3.44812935e+02   2.18400994e-04
   3.44813423e+02   2.66866205e-04
   3.44813912e+02   1.71657521e-04
   3.44814400e+02   1.20076998e-04
   3.44814888e+02   1.53024186e-04
   3.44815377e+02  -1.01279174e-05
   3.44815865e+02  -3.06638452e-04
   3.44816353e+02  -5.94684621e-04
   3.44816841e+02  -6.80162688e-04
   3.44817330e+02  -4.48676874e-04
   3.44817818e+02  -3.42174491e-04
   3.44818306e+02  -2.88924202e-04
   3.44818795e+02  -1.00137746e-04
   3.44819283e+02  -1.54235258e-05
   3.44819771e+02  -3.70340276e-05
   3.44820260e+02  -2.20232942e-05
   3.44820748e+02  -8.45008326e-05
   3.44821236e+02  -1.53171030e-04
   3.44821725e+02  -2.05697317e-04
   3.44822213e+02  -2.50109966e-04
   3.44822701e+02  -5.01664399e-05
   3.44823189e+02   6.61683371e-05
   3.44823678e+02  -1.02055426e-04
   3.44824166e+02   1.72412183e-04
   3.44824654e+02   6.92331058e-04
   3.44825143e+02   6.48854650e-04
   3.44825631e+02   2.45443400e-04
   3.44826119e+02  -1.20889730e-04
   3.44826608e+02  -1.13730821e-04
   3.44827096e+02  -8.89368530e-05
   3.44827584e+02  -3.45993292e-04
   3.44828073e+02  -3.87137843e-04
   3.44828561e+02  -2.13675303e-04
   3.44829049e+02   4.04849343e-05
   3.44829537e+02   3.71233065e-04
   3.44830026e+02   2.70238292e-04
   3.44830514e+02  -1.30605011e-04
   3.44831002e+02  -4.30323300e-04
   3.44831491e+02  -7.27687147e-04
   3.44831979e+02  -7.28480576e-04
   3.44832467e+02  -3.29636357e-04
   3.44832956e+02   4.62768594e-06
   3.44833444e+02   2.28550853e-05
